COM4 1 6
0
[2735 2865 2715 2945 2735 2865 2950 2850] [3300 2920 3195 3085 3090 2995 3040 3155]
[2870 2910 2775 2990 2810 3050 2840 2755] [3075 3150 3220 3070 3065 3190 3135 3025]
[2840 2960 2955 2825 2820 2825 2725 2790] [3105 3295 3195 3160 3085 2895 3055 3135]
[3040 2865 2845 2695 2910 2905 2855 2790] [2940 3090 3305 3375 3145 3105 3085 2980]
[3175 2870 2895 2560 2860 2830 2985 2915] [3150 3320 3200 3030 3095 3155 3090 3200]
[2735 2820 3010 3090 2705 2900 2905 2890] [3255 3200 3295 3225 3240 3195 3100 2880]
[2900 2865 2900 2925 2900 3050 2975 2685] [3240 3330 3395 3290 3195 3310 3110 3110]
[2950 2900 3090 2850 2610 3030 2990 3015] [3270 3305 3310 3215 3435 3070 3345 3215]
COM6 0 7
0
[2660 2895 2710 2910 2950 2805 2735 2860] [3300 2920 3195 3085 3090 2995 3040 3155]
[3135 3075 2740 2985 3000 2825 2905 2935] [3075 3150 3220 3070 3065 3190 3135 3025]
[2865 2945 2995 2930 2725 2995 2825 2760] [3105 3295 3195 3160 3085 2895 3055 3135]
[2770 2945 2950 2920 3010 2840 2785 2860] [2940 3090 3305 3375 3145 3105 3085 2980]
[2820 2800 3025 2880 2840 2890 2940 3185] [3150 3320 3200 3030 3095 3155 3090 3200]
[2895 2900 3035 2965 2810 2850 3045 2795] [3255 3200 3295 3225 3240 3195 3100 2880]
[3105 3340 2945 3045 2925 2925 2760 2730] [3240 3330 3395 3290 3195 3310 3110 3110]
[3100 3075 3270 2840 2835 3040 2900 2715] [3270 3305 3310 3215 3435 3070 3345 3215]
COM4 1 8
0
[2660 2895 2710 2910 2950 2805 2735 2860] [3175 3175 3040 3070 2930 3150 3020 2995]
[3135 3075 2740 2985 3000 2825 2905 2935] [2995 3170 3235 2950 2895 3095 3070 2965]
[2865 2945 2995 2930 2725 2995 2825 2760] [2930 2950 3070 3030 3075 3085 3035 2750]
[2770 2945 2950 2920 3010 2840 2785 2860] [3025 3025 3160 3100 3190 3030 2995 2775]
[2820 2800 3025 2880 2840 2890 2940 3185] [3115 2995 3025 2920 3165 3075 3050 2710]
[2895 2900 3035 2965 2810 2850 3045 2795] [3145 3275 3275 3090 3155 3275 3060 2595]
[3105 3340 2945 3045 2925 2925 2760 2730] [3240 3050 3250 3070 3345 3105 3150 2835]
[3100 3075 3270 2840 2835 3040 2900 2715] [3120 3010 3245 3240 3125 3270 2945 2520]
COM6 0 9
0
[2915 2690 2695 2885 2770 2725 2830 2665] [3175 3175 3040 3070 2930 3150 3020 2995]
[2720 2980 2715 2735 2705 2755 2815 2690] [2995 3170 3235 2950 2895 3095 3070 2965]
[2820 2725 2890 2860 2895 2755 2700 2705] [2930 2950 3070 3030 3075 3085 3035 2750]
[2880 2825 2925 2770 2915 2925 2810 2750] [3025 3025 3160 3100 3190 3030 2995 2775]
[2825 2595 2910 2860 2945 2705 2920 2950] [3115 2995 3025 2920 3165 3075 3050 2710]
[3135 2935 2980 2705 2735 2780 2855 2715] [3145 3275 3275 3090 3155 3275 3060 2595]
[2920 3020 3130 2985 2835 3120 2905 2710] [3240 3050 3250 3070 3345 3105 3150 2835]
[2960 3045 2860 3045 2830 2940 3010 2715] [3120 3010 3245 3240 3125 3270 2945 2520]
COM4 1 10
0
[2915 2690 2695 2885 2770 2725 2830 2665] [2855 3030 3125 3155 3170 3065 2995 2980]
[2720 2980 2715 2735 2705 2755 2815 2690] [3105 3150 3255 3095 2980 3190 3125 2925]
[2820 2725 2890 2860 2895 2755 2700 2705] [3205 3255 3355 3030 3370 3075 2995 2935]
[2880 2825 2925 2770 2915 2925 2810 2750] [3355 3175 3240 3135 3175 3055 3050 2470]
[2825 2595 2910 2860 2945 2705 2920 2950] [3065 3500 3190 3080 3230 3155 2810 2590]
[3135 2935 2980 2705 2735 2780 2855 2715] [3400 3265 3055 3160 3140 3045 2625 2325]
[2920 3020 3130 2985 2835 3120 2905 2710] [3200 3385 3150 3125 3215 3110 2560 2450]
[2960 3045 2860 3045 2830 2940 3010 2715] [3305 3420 3510 3315 3060 2890 2565 2525]
COM6 0 11
0
[2720 2865 2915 2880 2765 2745 2915 3105] [2855 3030 3125 3155 3170 3065 2995 2980]
[2805 2895 2790 2965 2980 2950 2910 2985] [3105 3150 3255 3095 2980 3190 3125 2925]
[2765 2905 2955 2920 2960 2845 2865 2940] [3205 3255 3355 3030 3370 3075 2995 2935]
[3030 2930 3025 2815 2995 2985 2925 2900] [3355 3175 3240 3135 3175 3055 3050 2470]
[3155 2995 3235 2985 3105 2990 3105 3200] [3065 3500 3190 3080 3230 3155 2810 2590]
[2670 3095 3300 3085 3000 2915 3040 2810] [3400 3265 3055 3160 3140 3045 2625 2325]
[2745 2860 2980 3245 3120 3065 2995 2905] [3200 3385 3150 3125 3215 3110 2560 2450]
[2830 2900 2955 2965 3175 2955 3105 2910] [3305 3420 3510 3315 3060 2890 2565 2525]
COM4 1 12
0
[2720 2865 2915 2880 2765 2745 2915 3105] [2900 3070 3240 3130 3050 2920 3155 3080]
[2805 2895 2790 2965 2980 2950 2910 2985] [2960 3065 3120 3020 2995 3125 3025 2740]
[2765 2905 2955 2920 2960 2845 2865 2940] [3060 3215 3300 3075 3115 3185 2825 2395]
[3030 2930 3025 2815 2995 2985 2925 2900] [3075 3040 3180 3245 3120 2810 2580 2285]
[3155 2995 3235 2985 3105 2990 3105 3200] [2975 3375 3410 2995 2925 2570 2470 2170]
[2670 3095 3300 3085 3000 2915 3040 2810] [3360 3125 3140 3205 2815 2440 2250 2175]
[2745 2860 2980 3245 3120 3065 2995 2905] [3310 3420 3485 3215 3000 2580 2245 2155]
[2830 2900 2955 2965 3175 2955 3105 2910] [3405 3095 3355 3485 2700 2560 2415 1850]
COM6 0 13
0
[3080 2905 2640 2830 2940 2795 2850 2770] [2900 3070 3240 3130 3050 2920 3155 3080]
[3000 3060 2710 2985 2920 2870 2895 2745] [2960 3065 3120 3020 2995 3125 3025 2740]
[2990 2860 3000 2870 2810 2840 2855 3015] [3060 3215 3300 3075 3115 3185 2825 2395]
[2990 2840 3240 3090 3120 2925 2935 2860] [3075 3040 3180 3245 3120 2810 2580 2285]
[3090 2805 2895 2880 3105 2970 2995 2805] [2975 3375 3410 2995 2925 2570 2470 2170]
[3060 3260 3015 3070 2915 2900 3135 2865] [3360 3125 3140 3205 2815 2440 2250 2175]
[3375 3085 3130 3245 2850 3285 2780 3090] [3310 3420 3485 3215 3000 2580 2245 2155]
[2895 3025 2950 3080 3210 2935 3020 3040] [3405 3095 3355 3485 2700 2560 2415 1850]
COM4 1 14
0
[3080 2905 2640 2830 2940 2795 2850 2770] [3285 3035 3245 3230 3230 2825 2450 2420]
[3000 3060 2710 2985 2920 2870 2895 2745] [2870 3210 3120 3100 2980 2875 2520 2360]
[2990 2860 3000 2870 2810 2840 2855 3015] [3090 3105 3190 2955 2995 2565 2365 2375]
[2990 2840 3240 3090 3120 2925 2935 2860] [2950 3350 3130 3030 2725 2470 2280 2145]
[3090 2805 2895 2880 3105 2970 2995 2805] [3115 3140 3275 2940 2650 2435 2365 2195]
[3060 3260 3015 3070 2915 2900 3135 2865] [2895 3170 2955 2770 2695 2210 2310 2315]
[3375 3085 3130 3245 2850 3285 2780 3090] [3095 3250 3070 2945 2455 2280 2060 1970]
[2895 3025 2950 3080 3210 2935 3020 3040] [3075 3100 3140 3125 2715 2195 2230 1915]
COM6 0 15
0
[2810 2665 2800 2720 2790 2790 2930 2780] [3285 3035 3245 3230 3230 2825 2450 2420]
[2945 2710 2850 2855 2830 2925 2780 2795] [2870 3210 3120 3100 2980 2875 2520 2360]
[2790 2965 2975 2840 2860 2760 2770 2700] [3090 3105 3190 2955 2995 2565 2365 2375]
[2825 2850 2980 2920 2880 2870 2805 2720] [2950 3350 3130 3030 2725 2470 2280 2145]
[3120 2640 2725 2860 2995 2805 3160 3045] [3115 3140 3275 2940 2650 2435 2365 2195]
[3000 3100 2995 2915 2745 2965 2785 2755] [2895 3170 2955 2770 2695 2210 2310 2315]
[3095 2750 2925 3005 2890 2950 2670 2680] [3095 3250 3070 2945 2455 2280 2060 1970]
[2810 2815 2830 2895 2920 2780 2950 2785] [3075 3100 3140 3125 2715 2195 2230 1915]
COM4 1 16
0
[2810 2665 2800 2720 2790 2790 2930 2780] [3010 3120 2985 2820 2540 2385 2545 2790]
[2945 2710 2850 2855 2830 2925 2780 2795] [3230 3125 3105 2840 2330 2370 2375 2470]
[2790 2965 2975 2840 2860 2760 2770 2700] [2980 3330 3075 2870 2440 2345 2450 2515]
[2825 2850 2980 2920 2880 2870 2805 2720] [2965 2820 3160 2910 2530 2325 2340 2320]
[3120 2640 2725 2860 2995 2805 3160 3045] [3120 3195 3070 2600 2335 2135 2350 2325]
[3000 3100 2995 2915 2745 2965 2785 2755] [2965 3105 3155 2660 2410 2165 2025 2150]
[3095 2750 2925 3005 2890 2950 2670 2680] [3130 3325 3320 2710 2480 2305 2170 2050]
[2810 2815 2830 2895 2920 2780 2950 2785] [3065 3050 3170 2800 2350 2145 1855 1920]
COM6 0 17
0
[2610 3105 2950 2885 2900 2785 2940 2755] [3010 3120 2985 2820 2540 2385 2545 2790]
[2895 3000 2760 2950 2870 2905 2850 2645] [3230 3125 3105 2840 2330 2370 2375 2470]
[2840 2805 2990 2815 2885 2870 2775 2960] [2980 3330 3075 2870 2440 2345 2450 2515]
[2875 2635 3095 2780 3005 2895 2885 3110] [2965 2820 3160 2910 2530 2325 2340 2320]
[2815 2920 2860 2915 3105 2980 3125 2960] [3120 3195 3070 2600 2335 2135 2350 2325]
[3085 2935 3035 2735 2840 2965 2975 2720] [2965 3105 3155 2660 2410 2165 2025 2150]
[2830 2925 3000 2800 3215 2850 2820 2905] [3130 3325 3320 2710 2480 2305 2170 2050]
[3040 2900 2845 2895 3125 2955 3025 2900] [3065 3050 3170 2800 2350 2145 1855 1920]
COM4 1 18
0
[2610 3105 2950 2885 2900 2785 2940 2755] [2890 3200 2800 2250 2520 2350 2810 2685]
[2895 3000 2760 2950 2870 2905 2850 2645] [3145 3035 2925 2420 2370 2570 2620 2665]
[2840 2805 2990 2815 2885 2870 2775 2960] [3100 3295 2895 2385 2365 2260 2805 2370]
[2875 2635 3095 2780 3005 2895 2885 3110] [2930 3075 3095 2415 2345 2370 2360 2285]
[2815 2920 2860 2915 3105 2980 3125 2960] [3070 3050 3195 2415 2345 2205 2220 2135]
[3085 2935 3035 2735 2840 2965 2975 2720] [2800 3235 2990 2430 2180 1960 2055 2000]
[2830 2925 3000 2800 3215 2850 2820 2905] [3360 3340 3045 2540 2035 1780 1805 1940]
[3040 2900 2845 2895 3125 2955 3025 2900] [3170 3265 3175 2710 2335 1925 1755 1745]
COM6 0 19
0
[2990 2720 2605 2705 2875 2590 2935 2790] [2890 3200 2800 2250 2520 2350 2810 2685]
[3050 2885 2745 2800 2890 3005 2965 2865] [3145 3035 2925 2420 2370 2570 2620 2665]
[2910 2865 2955 2850 2825 2810 2825 2735] [3100 3295 2895 2385 2365 2260 2805 2370]
[2785 2635 3245 2895 3015 2935 2925 2935] [2930 3075 3095 2415 2345 2370 2360 2285]
[2825 2660 2890 2965 3155 2950 2965 2880] [3070 3050 3195 2415 2345 2205 2220 2135]
[3000 2685 3095 2950 2985 2945 2945 2845] [2800 3235 2990 2430 2180 1960 2055 2000]
[2910 3040 3130 2985 3090 2865 2925 2875] [3360 3340 3045 2540 2035 1780 1805 1940]
[3055 3170 2775 2865 2850 2955 3320 2905] [3170 3265 3175 2710 2335 1925 1755 1745]
COM4 1 20
0
[2990 2720 2605 2705 2875 2590 2935 2790] [3080 3035 2565 2335 2545 2835 2945 2510]
[3050 2885 2745 2800 2890 3005 2965 2865] [3085 2715 2630 2385 2465 2870 2605 2380]
[2910 2865 2955 2850 2825 2810 2825 2735] [3075 3215 2620 2470 2400 2520 2470 2345]
[2785 2635 3245 2895 3015 2935 2925 2935] [3180 2950 2745 2380 2330 2345 2330 2065]
[2825 2660 2890 2965 3155 2950 2965 2880] [3100 2945 2690 2305 2150 2295 2250 2080]
[3000 2685 3095 2950 2985 2945 2945 2845] [2975 3020 2645 2445 2175 2065 2040 2045]
[2910 3040 3130 2985 3090 2865 2925 2875] [3040 3040 2755 2305 2085 1980 2100 2295]
[3055 3170 2775 2865 2850 2955 3320 2905] [3155 3080 2720 2570 2250 1860 1900 2140]
COM6 0 21
0
[2940 2870 2985 2820 2795 2725 2860 2765] [3080 3035 2565 2335 2545 2835 2945 2510]
[3165 2970 2690 2975 2870 2790 2920 2780] [3085 2715 2630 2385 2465 2870 2605 2380]
[2700 2750 2890 2885 2905 2850 2735 3015] [3075 3215 2620 2470 2400 2520 2470 2345]
[3100 2795 2910 2880 2990 2820 2850 2565] [3180 2950 2745 2380 2330 2345 2330 2065]
[2885 2855 3025 2885 2895 2830 2935 3030] [3100 2945 2690 2305 2150 2295 2250 2080]
[2870 2775 2925 2870 2840 2935 2890 2720] [2975 3020 2645 2445 2175 2065 2040 2045]
[2905 2975 3005 3000 2715 2955 2925 3135] [3040 3040 2755 2305 2085 1980 2100 2295]
[3110 2765 2950 2810 2950 2690 2775 2880] [3155 3080 2720 2570 2250 1860 1900 2140]
COM4 1 22
0
[2940 2870 2985 2820 2795 2725 2860 2765] [2940 2635 2525 2570 2695 2840 2670 2495]
[3165 2970 2690 2975 2870 2790 2920 2780] [2850 2835 2490 2415 2550 2820 2475 2195]
[2700 2750 2890 2885 2905 2850 2735 3015] [3090 2770 2415 2445 2505 2505 2325 2150]
[3100 2795 2910 2880 2990 2820 2850 2565] [3285 2930 2465 2335 2405 2295 2185 2200]
[2885 2855 3025 2885 2895 2830 2935 3030] [3225 2670 2505 2085 2210 2070 2135 2355]
[2870 2775 2925 2870 2840 2935 2890 2720] [3210 2655 2335 2430 1915 2055 1995 2375]
[2905 2975 3005 3000 2715 2955 2925 3135] [3040 2630 2630 1950 2005 1870 2190 2550]
[3110 2765 2950 2810 2950 2690 2775 2880] [3050 2670 2500 2195 1825 1860 2240 2760]
COM6 0 23
0
[2850 3090 2765 2765 2825 2785 3045 2830] [2940 2635 2525 2570 2695 2840 2670 2495]
[2910 2905 2810 3130 2920 2885 2850 2850] [2850 2835 2490 2415 2550 2820 2475 2195]
[2810 2960 3110 2815 2820 2945 2915 3050] [3090 2770 2415 2445 2505 2505 2325 2150]
[3125 2825 2825 2910 3010 3020 2885 2885] [3285 2930 2465 2335 2405 2295 2185 2200]
[3095 2975 3025 2910 3005 3040 3225 2970] [3225 2670 2505 2085 2210 2070 2135 2355]
[3215 3035 3275 2965 2985 2965 3250 2735] [3210 2655 2335 2430 1915 2055 1995 2375]
[2995 2950 3000 2920 3060 3120 2850 2805] [3040 2630 2630 1950 2005 1870 2190 2550]
[3155 2895 2950 2895 2950 2895 3025 3095] [3050 2670 2500 2195 1825 1860 2240 2760]
COM4 1 24
0
[2850 3090 2765 2765 2825 2785 3045 2830] [2890 2200 2330 2360 2550 2695 2325 2180]
[2910 2905 2810 3130 2920 2885 2850 2850] [2945 2515 2390 2370 2430 2530 2230 2240]
[2810 2960 3110 2815 2820 2945 2915 3050] [2750 2635 2380 2210 2225 2335 1970 2085]
[3125 2825 2825 2910 3010 3020 2885 2885] [2795 2615 2245 1855 1985 2000 2110 2365]
[3095 2975 3025 2910 3005 3040 3225 2970] [2735 2255 2150 1845 1835 1820 2275 2570]
[3215 3035 3275 2965 2985 2965 3250 2735] [2870 2455 1985 1970 1705 1915 2515 2800]
[2995 2950 3000 2920 3060 3120 2850 2805] [2765 2425 2010 1985 2195 2215 2615 3445]
[3155 2895 2950 2895 2950 2895 3025 3095] [2810 2365 2075 1875 2035 2225 2760 3140]
COM6 0 25
0
[2620 2805 2635 2905 2895 2775 2880 2595] [2890 2200 2330 2360 2550 2695 2325 2180]
[3015 2970 2870 2825 2920 2925 2915 2870] [2945 2515 2390 2370 2430 2530 2230 2240]
[2645 3035 2800 2840 2935 2755 2820 2950] [2750 2635 2380 2210 2225 2335 1970 2085]
[2960 2940 3005 2725 3015 2945 2775 2845] [2795 2615 2245 1855 1985 2000 2110 2365]
[3070 2935 2810 2910 2960 2780 3055 2975] [2735 2255 2150 1845 1835 1820 2275 2570]
[2905 2965 3115 2715 2750 2650 2940 2950] [2870 2455 1985 1970 1705 1915 2515 2800]
[3005 3120 2725 2920 2555 2925 2830 2825] [2765 2425 2010 1985 2195 2215 2615 3445]
[2895 2890 2920 2965 2895 2835 2885 2760] [2810 2365 2075 1875 2035 2225 2760 3140]
COM4 1 26
0
[2620 2805 2635 2905 2895 2775 2880 2595] [2900 2540 2530 2375 2450 2375 2280 2320]
[3015 2970 2870 2825 2920 2925 2915 2870] [2850 2460 2290 2190 2145 2110 2215 2360]
[2645 3035 2800 2840 2935 2755 2820 2950] [2980 2435 2155 2025 2035 2165 2345 2505]
[2960 2940 3005 2725 3015 2945 2775 2845] [2810 2370 1975 2045 2035 2135 2430 2625]
[3070 2935 2810 2910 2960 2780 3055 2975] [2785 2260 1985 1790 2035 2395 2695 3035]
[2905 2965 3115 2715 2750 2650 2940 2950] [2660 2260 2025 2025 2245 2620 3040 3200]
[3005 3120 2725 2920 2555 2925 2830 2825] [2560 2275 1980 2105 2305 2945 3055 3325]
[2895 2890 2920 2965 2895 2835 2885 2760] [2480 2105 2015 2320 2620 3150 3205 3280]
COM6 0 27
0
[2770 2745 2800 2665 2970 2690 2835 2610] [2900 2540 2530 2375 2450 2375 2280 2320]
[3000 2885 2920 2755 2840 2705 2965 2910] [2850 2460 2290 2190 2145 2110 2215 2360]
[2725 2845 2935 2705 2900 2825 2870 2905] [2980 2435 2155 2025 2035 2165 2345 2505]
[2945 3100 2790 2855 2805 2910 2870 2965] [2810 2370 1975 2045 2035 2135 2430 2625]
[2820 3045 3115 2820 3015 2880 3100 2795] [2785 2260 1985 1790 2035 2395 2695 3035]
[2695 2910 3035 3040 2955 2960 3020 2805] [2660 2260 2025 2025 2245 2620 3040 3200]
[2775 2935 2770 2835 2790 2875 2815 2835] [2560 2275 1980 2105 2305 2945 3055 3325]
[2950 3055 3060 3035 2765 2940 3245 2905] [2480 2105 2015 2320 2620 3150 3205 3280]
COM4 1 28
0
[2770 2745 2800 2665 2970 2690 2835 2610] [2745 2485 2280 2205 2185 2225 2365 2705]
[3000 2885 2920 2755 2840 2705 2965 2910] [2850 2385 2270 2025 2005 2340 2490 2745]
[2725 2845 2935 2705 2900 2825 2870 2905] [2945 2255 1890 1905 2155 2270 2520 2950]
[2945 3100 2790 2855 2805 2910 2870 2965] [2540 2240 1885 2080 2240 2495 2920 3155]
[2820 3045 3115 2820 3015 2880 3100 2795] [2320 2005 2145 2200 2480 2795 3045 3190]
[2695 2910 3035 3040 2955 2960 3020 2805] [2195 1980 1980 2320 2805 2940 3105 3120]
[2775 2935 2770 2835 2790 2875 2815 2835] [1955 1905 1935 2530 2950 2995 3140 3050]
[2950 3055 3060 3035 2765 2940 3245 2905] [2210 1845 2220 2700 3030 3115 3065 3050]
COM6 0 29
0
[2735 2955 2785 2935 2855 2730 2860 2885] [2745 2485 2280 2205 2185 2225 2365 2705]
[3040 2880 2630 2775 2755 2810 2920 2695] [2850 2385 2270 2025 2005 2340 2490 2745]
[2610 2940 2675 2840 2860 2890 2835 2770] [2945 2255 1890 1905 2155 2270 2520 2950]
[2930 3155 3135 2885 2950 2960 2840 2965] [2540 2240 1885 2080 2240 2495 2920 3155]
[2940 2755 2985 2830 2875 2805 3000 2730] [2320 2005 2145 2200 2480 2795 3045 3190]
[2835 2765 3025 3025 2800 2910 3045 2805] [2195 1980 1980 2320 2805 2940 3105 3120]
[3140 2770 2945 3120 2850 3040 2975 2640] [1955 1905 1935 2530 2950 2995 3140 3050]
[3070 2890 2825 2845 2950 2905 2985 2860] [2210 1845 2220 2700 3030 3115 3065 3050]
COM4 1 30
0
[2735 2955 2785 2935 2855 2730 2860 2885] [2740 2325 1995 1970 2425 2550 2785 3075]
[3040 2880 2630 2775 2755 2810 2920 2695] [2610 2240 1835 2055 2220 2640 2970 2890]
[2610 2940 2675 2840 2860 2890 2835 2770] [2460 2240 2060 2130 2585 3035 3140 3015]
[2930 3155 3135 2885 2950 2960 2840 2965] [2160 2020 1980 2320 2775 2905 3105 3000]
[2940 2755 2985 2830 2875 2805 3000 2730] [2075 2150 2110 2470 2940 3125 3205 3055]
[2835 2765 3025 3025 2800 2910 3045 2805] [1650 1865 2450 2750 2815 3185 3085 3310]
[3140 2770 2945 3120 2850 3040 2975 2640] [1700 2085 2400 2705 3000 3105 3105 3070]
[3070 2890 2825 2845 2950 2905 2985 2860] [1745 1930 2310 2800 2985 3085 3210 2995]
COM6 0 31
0
[2525 2620 2655 2935 2810 2610 2860 2830] [2740 2325 1995 1970 2425 2550 2785 3075]
[2970 3075 2785 2755 2880 2910 3035 2850] [2610 2240 1835 2055 2220 2640 2970 2890]
[2730 2890 2840 2935 2900 2680 2735 2810] [2460 2240 2060 2130 2585 3035 3140 3015]
[2505 2960 2780 2950 2740 2715 2830 2735] [2160 2020 1980 2320 2775 2905 3105 3000]
[3200 2885 2825 2875 2915 2820 2875 3105] [2075 2150 2110 2470 2940 3125 3205 3055]
[2825 3005 2970 3080 2675 2915 3045 2790] [1650 1865 2450 2750 2815 3185 3085 3310]
[2865 2925 2690 3075 2770 2845 2895 2575] [1700 2085 2400 2705 3000 3105 3105 3070]
[3040 2750 2925 2915 3110 2860 3005 2655] [1745 1930 2310 2800 2985 3085 3210 2995]
COM4 1 32
0
[2525 2620 2655 2935 2810 2610 2860 2830] [2245 2005 2190 2400 3100 2915 3055 3060]
[2970 3075 2785 2755 2880 2910 3035 2850] [2185 1780 2070 2505 2635 3035 3115 2960]
[2730 2890 2840 2935 2900 2680 2735 2810] [2080 2000 2235 2615 2965 3280 3130 2925]
[2505 2960 2780 2950 2740 2715 2830 2735] [2025 2025 2320 2640 2930 3080 3105 2960]
[3200 2885 2825 2875 2915 2820 2875 3105] [1725 1995 2320 2755 2970 2940 3395 3085]
[2825 3005 2970 3080 2675 2915 3045 2790] [1785 2245 2515 2770 2950 3155 3165 3160]
[2865 2925 2690 3075 2770 2845 2895 2575] [1830 2250 2610 2880 3000 3225 2995 2965]
[3040 2750 2925 2915 3110 2860 3005 2655] [1805 2020 2575 3105 3150 3075 3020 3325]
COM6 0 33
0
[2890 2810 2735 2970 2725 2820 2950 2930] [2245 2005 2190 2400 3100 2915 3055 3060]
[2970 3225 3020 2725 2795 2900 2900 2855] [2185 1780 2070 2505 2635 3035 3115 2960]
[2895 2870 2995 2795 2800 2920 2855 2810] [2080 2000 2235 2615 2965 3280 3130 2925]
[2900 2880 2925 2825 2925 2880 2935 2860] [2025 2025 2320 2640 2930 3080 3105 2960]
[3020 2995 3220 2970 3110 2770 3050 2780] [1725 1995 2320 2755 2970 2940 3395 3085]
[2810 2835 3270 3025 2990 2965 2885 2420] [1785 2245 2515 2770 2950 3155 3165 3160]
[3165 2970 2790 2865 2900 2775 2835 2545] [1830 2250 2610 2880 3000 3225 2995 2965]
[2735 3085 3340 2700 2950 2925 3125 2500] [1805 2020 2575 3105 3150 3075 3020 3325]
COM4 1 34
0
[2890 2810 2735 2970 2725 2820 2950 2930] [1855 2140 2375 2605 3125 3075 3115 3200]
[2970 3225 3020 2725 2795 2900 2900 2855] [1930 2030 2350 2490 2900 3130 2865 3050]
[2895 2870 2995 2795 2800 2920 2855 2810] [1885 2060 2325 2580 3075 3175 3030 2990]
[2900 2880 2925 2825 2925 2880 2935 2860] [1820 2300 2390 2830 2980 3050 3135 3100]
[3020 2995 3220 2970 3110 2770 3050 2780] [1835 2380 2655 2790 3290 3035 3085 3045]
[2810 2835 3270 3025 2990 2965 2885 2420] [1880 2115 2560 2965 3045 3195 3210 3140]
[3165 2970 2790 2865 2900 2775 2835 2545] [1805 2445 2975 2950 3155 3140 3370 3345]
[2735 3085 3340 2700 2950 2925 3125 2500] [1905 2175 2660 3080 3105 2790 3210 3280]
COM6 0 35
0
[3020 2810 2920 2930 2745 2770 2820 2400] [1855 2140 2375 2605 3125 3075 3115 3200]
[3005 2810 2915 2980 3000 2950 2730 2515] [1930 2030 2350 2490 2900 3130 2865 3050]
[2710 2865 3005 2845 2850 2840 2730 2465] [1885 2060 2325 2580 3075 3175 3030 2990]
[2850 2720 2775 2745 2895 2770 2770 2405] [1820 2300 2390 2830 2980 3050 3135 3100]
[2665 2585 3025 2670 3010 2730 2735 2495] [1835 2380 2655 2790 3290 3035 3085 3045]
[2750 2895 2995 2825 2810 2940 2785 2390] [1880 2115 2560 2965 3045 3195 3210 3140]
[2830 2865 2810 2790 2875 2675 2700 2195] [1805 2445 2975 2950 3155 3140 3370 3345]
[2960 2985 2700 2915 2950 2965 3110 1940] [1905 2175 2660 3080 3105 2790 3210 3280]
COM4 1 36
0
[3020 2810 2920 2930 2745 2770 2820 2400] [2220 2255 2485 2695 3210 3175 3040 3000]
[3005 2810 2915 2980 3000 2950 2730 2515] [2040 2220 2580 2710 2965 3230 2985 3150]
[2710 2865 3005 2845 2850 2840 2730 2465] [1925 2175 2670 2835 3125 3065 3010 3045]
[2850 2720 2775 2745 2895 2770 2770 2405] [1920 2495 2680 2855 2975 3030 3020 2935]
[2665 2585 3025 2670 3010 2730 2735 2495] [1930 2245 2560 2795 3135 2840 3325 3080]
[2750 2895 2995 2825 2810 2940 2785 2390] [1930 2335 2750 3065 2970 3090 3330 2905]
[2830 2865 2810 2790 2875 2675 2700 2195] [2040 2385 2755 3025 3130 3045 3170 3520]
[2960 2985 2700 2915 2950 2965 3110 1940] [2065 2590 2940 3240 3175 3315 3240 3145]
COM6 0 37
0
[2895 2675 2965 2760 2935 2715 2535 2100] [2220 2255 2485 2695 3210 3175 3040 3000]
[2840 2925 2880 2895 2745 2885 2670 2280] [2040 2220 2580 2710 2965 3230 2985 3150]
[2815 2855 2995 2865 2905 2800 2780 2325] [1925 2175 2670 2835 3125 3065 3010 3045]
[3100 2965 2900 2870 2965 2820 2820 2335] [1920 2495 2680 2855 2975 3030 3020 2935]
[3020 2960 3225 2885 2785 2895 2805 2450] [1930 2245 2560 2795 3135 2840 3325 3080]
[2695 2755 2985 2965 2675 3075 2560 2295] [1930 2335 2750 3065 2970 3090 3330 2905]
[2985 3005 2995 3050 2990 2720 2470 2050] [2040 2385 2755 3025 3130 3045 3170 3520]
[3185 2895 3205 2840 3080 2800 2590 1925] [2065 2590 2940 3240 3175 3315 3240 3145]
COM4 1 38
0
[2895 2675 2965 2760 2935 2715 2535 2100] [2035 2225 2510 2815 3160 2955 3095 3175]
[2840 2925 2880 2895 2745 2885 2670 2280] [2340 1995 2615 2835 3060 3180 3085 3120]
[2815 2855 2995 2865 2905 2800 2780 2325] [2220 2320 2560 2750 3110 2975 3035 3040]
[3100 2965 2900 2870 2965 2820 2820 2335] [2030 2415 2730 2970 3090 3155 3050 2920]
[3020 2960 3225 2885 2785 2895 2805 2450] [2045 2355 3005 2845 3115 2945 3085 2895]
[2695 2755 2985 2965 2675 3075 2560 2295] [2105 2695 2975 3250 3140 3095 3125 3105]
[2985 3005 2995 3050 2990 2720 2470 2050] [2280 2940 3010 3315 3135 3130 3060 3170]
[3185 2895 3205 2840 3080 2800 2590 1925] [2255 2965 2965 3295 3165 2935 3255 3230]
COM6 0 39
0
[2915 2575 2715 2705 2685 2870 2440 2055] [2035 2225 2510 2815 3160 2955 3095 3175]
[2895 3000 2800 2885 2805 2820 2660 2360] [2340 1995 2615 2835 3060 3180 3085 3120]
[2610 3055 2940 2920 2820 2825 2710 2310] [2220 2320 2560 2750 3110 2975 3035 3040]
[2810 2815 2935 2715 2865 2820 2520 2295] [2030 2415 2730 2970 3090 3155 3050 2920]
[3140 2825 2990 2775 3080 2890 2825 2225] [2045 2355 3005 2845 3115 2945 3085 2895]
[2735 3010 2680 2755 2840 2870 2395 1760] [2105 2695 2975 3250 3140 3095 3125 3105]
[2895 2860 2780 2885 3015 2955 2320 1725] [2280 2940 3010 3315 3135 3130 3060 3170]
[2950 2870 2835 2895 2675 2750 2290 1575] [2255 2965 2965 3295 3165 2935 3255 3230]
COM4 1 40
0
[2915 2575 2715 2705 2685 2870 2440 2055] [2145 2170 2680 2835 3220 3065 2970 3190]
[2895 3000 2800 2885 2805 2820 2660 2360] [2160 2260 2740 2960 2725 3150 3035 3215]
[2610 3055 2940 2920 2820 2825 2710 2310] [2145 2435 2940 2950 3165 3055 3040 3125]
[2810 2815 2935 2715 2865 2820 2520 2295] [2270 2675 2805 3100 2970 3085 2990 3120]
[3140 2825 2990 2775 3080 2890 2825 2225] [2250 2685 3230 3110 3105 3000 3100 3065]
[2735 3010 2680 2755 2840 2870 2395 1760] [2395 2755 3025 3295 3135 3285 3230 3380]
[2895 2860 2780 2885 3015 2955 2320 1725] [2540 3120 2950 3150 3155 3235 2930 3335]
[2950 2870 2835 2895 2675 2750 2290 1575] [2515 2900 3085 3280 3165 3010 3225 3270]
COM6 0 41
0
[2815 2630 2770 2690 2640 2705 2485 1995] [2145 2170 2680 2835 3220 3065 2970 3190]
[2945 3095 2945 2775 2890 2825 2525 2055] [2160 2260 2740 2960 2725 3150 3035 3215]
[2910 2650 3005 2740 2780 2745 2515 2190] [2145 2435 2940 2950 3165 3055 3040 3125]
[2840 2795 2945 2945 3015 2955 2500 1940] [2270 2675 2805 3100 2970 3085 2990 3120]
[2945 2950 2775 2785 2925 2775 2475 1875] [2250 2685 3230 3110 3105 3000 3100 3065]
[2845 3280 2900 2870 2840 2655 2340 1725] [2395 2755 3025 3295 3135 3285 3230 3380]
[3005 2770 2945 3065 2750 2685 2140 1765] [2540 3120 2950 3150 3155 3235 2930 3335]
[2960 2875 2805 2795 2785 2695 1960 1715] [2515 2900 3085 3280 3165 3010 3225 3270]
COM4 1 42
0
[2815 2630 2770 2690 2640 2705 2485 1995] [2145 2390 2725 2990 3215 2865 3200 3065]
[2945 3095 2945 2775 2890 2825 2525 2055] [2170 2350 2815 3230 3125 3065 2995 3115]
[2910 2650 3005 2740 2780 2745 2515 2190] [2240 2535 2925 2960 3225 3125 2975 3090]
[2840 2795 2945 2945 3015 2955 2500 1940] [2590 2700 3330 3100 3115 3255 3245 3145]
[2945 2950 2775 2785 2925 2775 2475 1875] [2620 3050 3115 3135 3030 3175 3090 3185]
[2845 3280 2900 2870 2840 2655 2340 1725] [2640 2975 3210 3115 3025 3315 3145 3260]
[3005 2770 2945 3065 2750 2685 2140 1765] [2970 3040 3280 3195 3190 3105 3505 3495]
[2960 2875 2805 2795 2785 2695 1960 1715] [2810 3170 3315 3420 3100 3210 3200 3180]
COM6 0 43
0
[2875 2940 2860 2950 2780 2750 2420 1975] [2145 2390 2725 2990 3215 2865 3200 3065]
[2970 2820 2945 2990 2800 2755 2450 2030] [2170 2350 2815 3230 3125 3065 2995 3115]
[2875 2860 3095 2910 2825 2850 2435 2020] [2240 2535 2925 2960 3225 3125 2975 3090]
[2905 2865 2980 2770 2935 2685 2270 1655] [2590 2700 3330 3100 3115 3255 3245 3145]
[2945 2910 3205 2985 2790 2450 2310 1725] [2620 3050 3115 3135 3030 3175 3090 3185]
[3000 2800 2875 2950 2620 2465 1855 1520] [2640 2975 3210 3115 3025 3315 3145 3260]
[2895 3045 2855 3065 2495 2155 1635 1475] [2970 3040 3280 3195 3190 3105 3505 3495]
[2815 2675 2935 2620 2120 2105 1620 1505] [2810 3170 3315 3420 3100 3210 3200 3180]
COM4 1 44
0
[2875 2940 2860 2950 2780 2750 2420 1975] [2290 2575 3205 3155 3175 3060 3345 3155]
[2970 2820 2945 2990 2800 2755 2450 2030] [2495 2900 3130 3160 2915 3160 2990 2960]
[2875 2860 3095 2910 2825 2850 2435 2020] [2665 3195 3200 3025 3155 3075 3300 3055]
[2905 2865 2980 2770 2935 2685 2270 1655] [3100 3210 3095 3120 3170 3160 3170 2940]
[2945 2910 3205 2985 2790 2450 2310 1725] [2795 3370 3125 2870 3165 3100 3180 3120]
[3000 2800 2875 2950 2620 2465 1855 1520] [2720 3100 3110 3185 3105 3220 3280 3320]
[2895 3045 2855 3065 2495 2155 1635 1475] [3000 3090 3385 3205 3220 3185 3120 3205]
[2815 2675 2935 2620 2120 2105 1620 1505] [3370 3110 3305 3445 3100 3350 3045 3230]
COM6 0 45
0
[2685 2695 2715 2890 2650 2620 2390 1895] [2290 2575 3205 3155 3175 3060 3345 3155]
[2840 2960 2900 2730 2740 2685 2260 1740] [2495 2900 3130 3160 2915 3160 2990 2960]
[2800 2965 2830 2625 2565 2445 2130 1665] [2665 3195 3200 3025 3155 3075 3300 3055]
[2925 2965 2925 2685 2425 2300 1905 1535] [3100 3210 3095 3120 3170 3160 3170 2940]
[2905 2880 2805 2410 2215 2010 1760 1625] [2795 3370 3125 2870 3165 3100 3180 3120]
[2820 3025 2635 2115 1935 1745 1565 1560] [2720 3100 3110 3185 3105 3220 3280 3320]
[3195 3010 2380 2375 1760 1635 1510 1530] [3000 3090 3385 3205 3220 3185 3120 3205]
[2755 2735 2565 2125 1835 1630 1615 1435] [3370 3110 3305 3445 3100 3350 3045 3230]
COM4 1 46
0
[2685 2695 2715 2890 2650 2620 2390 1895] [2745 2750 3170 3145 3220 3285 2910 3025]
[2840 2960 2900 2730 2740 2685 2260 1740] [2800 3045 3130 2960 3005 3005 2960 2940]
[2800 2965 2830 2625 2565 2445 2130 1665] [2785 3060 3275 3110 3040 3060 2980 2935]
[2925 2965 2925 2685 2425 2300 1905 1535] [3030 3055 3040 3025 3150 3025 2955 3025]
[2905 2880 2805 2410 2215 2010 1760 1625] [2960 3250 3060 2760 2975 3160 3125 3265]
[2820 3025 2635 2115 1935 1745 1565 1560] [2965 3165 3125 3445 3175 3390 3160 3165]
[3195 3010 2380 2375 1760 1635 1510 1530] [3230 3115 3185 3075 3245 3180 3115 3180]
[2755 2735 2565 2125 1835 1630 1615 1435] [3310 3235 3120 3265 3385 3250 3160 3325]
COM6 0 47
0
[2800 2585 2840 2680 2810 2575 2240 1680] [2745 2750 3170 3145 3220 3285 2910 3025]
[2745 2950 2865 2860 2575 2365 1815 1585] [2800 3045 3130 2960 3005 3005 2960 2940]
[2855 2900 3090 2635 2365 1950 1685 1605] [2785 3060 3275 3110 3040 3060 2980 2935]
[2745 2795 2665 2405 2140 2070 1645 1500] [3030 3055 3040 3025 3150 3025 2955 3025]
[3065 2720 2495 2115 2125 1770 1865 1620] [2960 3250 3060 2760 2975 3160 3125 3265]
[2750 2790 2240 2230 1670 2040 1690 1505] [2965 3165 3125 3445 3175 3390 3160 3165]
[3200 2430 2225 1725 1590 1900 1780 1575] [3230 3115 3185 3075 3245 3180 3115 3180]
[2800 2520 2015 2005 1735 1770 1705 1620] [3310 3235 3120 3265 3385 3250 3160 3325]
COM4 1 48
0
[2800 2585 2840 2680 2810 2575 2240 1680] [2670 3185 3245 3015 3045 3070 3125 2995]
[2745 2950 2865 2860 2575 2365 1815 1585] [3185 3250 3320 2985 3115 3195 3100 3205]
[2855 2900 3090 2635 2365 1950 1685 1605] [3045 3080 3075 3060 3140 3025 3240 3160]
[2745 2795 2665 2405 2140 2070 1645 1500] [3225 3090 3160 3090 3060 3200 3100 3035]
[3065 2720 2495 2115 2125 1770 1865 1620] [2800 3100 3190 2950 2995 3030 3310 3200]
[2750 2790 2240 2230 1670 2040 1690 1505] [3080 3130 3135 3145 3000 3095 3310 2810]
[3200 2430 2225 1725 1590 1900 1780 1575] [3195 3110 3135 3260 3275 3255 3115 3205]
[2800 2520 2015 2005 1735 1770 1705 1620] [3130 3265 3190 3070 3265 3130 3095 3455]
COM6 0 49
0
[2820 2705 2710 2675 2100 1740 1670 1615] [2670 3185 3245 3015 3045 3070 3125 2995]
[2900 2970 2660 2220 2045 1885 1780 1570] [3185 3250 3320 2985 3115 3195 3100 3205]
[2895 2785 2620 2170 2020 1945 1755 1625] [3045 3080 3075 3060 3140 3025 3240 3160]
[2715 2725 2400 2050 2060 2045 1920 1795] [3225 3090 3160 3090 3060 3200 3100 3035]
[2715 2470 2175 1880 2175 1715 1975 1730] [2800 3100 3190 2950 2995 3030 3310 3200]
[2480 2275 2100 1870 2225 2000 1955 1490] [3080 3130 3135 3145 3000 3095 3310 2810]
[2425 2075 1980 1660 2065 1865 1575 1465] [3195 3110 3135 3260 3275 3255 3115 3205]
[2490 2030 1760 1675 1615 1645 1725 1415] [3130 3265 3190 3070 3265 3130 3095 3455]
COM4 1 50
0
[2820 2705 2710 2675 2100 1740 1670 1615] [3010 2955 3280 2940 2955 3170 3020 3230]
[2900 2970 2660 2220 2045 1885 1780 1570] [2865 3045 3225 3145 3010 3230 3085 3075]
[2895 2785 2620 2170 2020 1945 1755 1625] [2940 3015 3145 2960 3130 3050 3035 2950]
[2715 2725 2400 2050 2060 2045 1920 1795] [3135 3195 3060 3165 3100 3110 3140 3185]
[2715 2470 2175 1880 2175 1715 1975 1730] [2965 3075 3140 3105 3045 3160 3270 2960]
[2480 2275 2100 1870 2225 2000 1955 1490] [2905 3215 3210 3250 3075 3105 3140 3060]
[2425 2075 1980 1660 2065 1865 1575 1465] [3350 3110 3105 3130 3210 3030 3145 3380]
[2490 2030 1760 1675 1615 1645 1725 1415] [3235 3295 3350 3355 3170 3245 3215 3350]
COM6 0 51
0
[2655 2365 2190 1920 2095 2310 2305 1735] [3010 2955 3280 2940 2955 3170 3020 3230]
[2650 2535 2050 2000 2270 2500 2230 1905] [2865 3045 3225 3145 3010 3230 3085 3075]
[2625 2270 1850 1995 2275 2570 2245 2005] [2940 3015 3145 2960 3130 3050 3035 2950]
[2840 2275 2125 2125 2310 2495 2095 1750] [3135 3195 3060 3165 3100 3110 3140 3185]
[2625 2170 1995 1785 2480 2405 2055 1675] [2965 3075 3140 3105 3045 3160 3270 2960]
[2215 1900 1850 2060 2155 2245 1755 1520] [2905 3215 3210 3250 3075 3105 3140 3060]
[2095 1970 1580 2000 2110 2125 1350 1575] [3350 3110 3105 3130 3210 3030 3145 3380]
[2610 1685 1875 1585 1895 1825 1565 1515] [3235 3295 3350 3355 3170 3245 3215 3350]
COM4 1 52
0
[2655 2365 2190 1920 2095 2310 2305 1735] [2930 3245 3165 3110 3265 3090 3095 3175]
[2650 2535 2050 2000 2270 2500 2230 1905] [3100 3145 3325 3265 3025 3125 3125 3075]
[2625 2270 1850 1995 2275 2570 2245 2005] [3350 3240 3145 3100 3210 3270 3035 3015]
[2840 2275 2125 2125 2310 2495 2095 1750] [3100 2995 3235 3170 3155 3005 3180 3180]
[2625 2170 1995 1785 2480 2405 2055 1675] [3000 3095 3185 3145 3090 3045 3230 3115]
[2215 1900 1850 2060 2155 2245 1755 1520] [3075 3060 3210 3345 3215 3210 3300 3050]
[2095 1970 1580 2000 2110 2125 1350 1575] [3315 3205 3330 3065 2950 3130 3305 3235]
[2610 1685 1875 1585 1895 1825 1565 1515] [3150 3095 3125 3310 3290 3050 3245 3295]
COM6 0 53
0
[2265 1735 2025 2440 2670 2525 2240 1850] [2930 3245 3165 3110 3265 3090 3095 3175]
[2150 1925 2000 2515 2635 2580 2110 1845] [3100 3145 3325 3265 3025 3125 3125 3075]
[2240 1910 2010 2515 2770 2685 2255 1960] [3350 3240 3145 3100 3210 3270 3035 3015]
[2295 1925 2065 2370 2575 2400 1980 1675] [3100 2995 3235 3170 3155 3005 3180 3180]
[2370 1820 2000 2145 2455 2185 1830 1745] [3000 3095 3185 3145 3090 3045 3230 3115]
[1955 1705 1920 2135 2325 1975 1700 1455] [3075 3060 3210 3345 3215 3210 3300 3050]
[2195 1720 1700 2110 2210 1585 1580 1570] [3315 3205 3330 3065 2950 3130 3305 3235]
[2160 1775 1610 1775 1705 1750 1640 1690] [3150 3095 3125 3310 3290 3050 3245 3295]
COM4 1 54
0
[2265 1735 2025 2440 2670 2525 2240 1850] [3030 3195 3130 3070 3095 3225 3045 3175]
[2150 1925 2000 2515 2635 2580 2110 1845] [3145 3085 3215 3060 3090 3245 3070 2995]
[2240 1910 2010 2515 2770 2685 2255 1960] [2970 3110 3140 3080 3175 3125 3040 3045]
[2295 1925 2065 2370 2575 2400 1980 1675] [2960 3210 3235 3260 3005 3000 3130 3115]
[2370 1820 2000 2145 2455 2185 1830 1745] [3285 2865 3190 3045 3345 3140 3035 3110]
[1955 1705 1920 2135 2325 1975 1700 1455] [3050 3330 3210 3110 3070 3280 3350 2985]
[2195 1720 1700 2110 2210 1585 1580 1570] [3350 3295 3475 3175 3240 3145 3080 3415]
[2160 1775 1610 1775 1705 1750 1640 1690] [3430 3435 3310 3315 3230 3275 3055 3085]
COM6 0 55
0
[1820 2135 2325 2595 2645 2415 2135 1905] [3030 3195 3130 3070 3095 3225 3045 3175]
[1920 2075 2325 2880 2715 2350 1890 1950] [3145 3085 3215 3060 3090 3245 3070 2995]
[1715 1820 2235 2680 2635 2455 1910 1995] [2970 3110 3140 3080 3175 3125 3040 3045]
[1855 2040 2185 2470 2585 2230 1920 1855] [2960 3210 3235 3260 3005 3000 3130 3115]
[1890 1665 2080 2405 2520 1980 1850 1810] [3285 2865 3190 3045 3345 3140 3035 3110]
[2095 1660 1945 2055 2080 1925 1720 1815] [3050 3330 3210 3110 3070 3280 3350 2985]
[2175 1800 1900 1950 1905 1690 1575 1970] [3350 3295 3475 3175 3240 3145 3080 3415]
[2235 1820 1770 1580 1835 1560 1720 2190] [3430 3435 3310 3315 3230 3275 3055 3085]
COM4 1 56
0
[1820 2135 2325 2595 2645 2415 2135 1905] [3230 3110 2985 3260 3215 3090 3075 3225]
[1920 2075 2325 2880 2715 2350 1890 1950] [3170 3130 3255 2940 3090 3155 3070 3005]
[1715 1820 2235 2680 2635 2455 1910 1995] [3355 3150 3165 3160 3145 3205 3080 2945]
[1855 2040 2185 2470 2585 2230 1920 1855] [2970 2740 3250 3235 2810 3160 3090 3010]
[1890 1665 2080 2405 2520 1980 1850 1810] [3090 3145 3210 3030 3280 3035 3280 3045]
[2095 1660 1945 2055 2080 1925 1720 1815] [3270 3135 3340 3200 3015 2950 3290 2955]
[2175 1800 1900 1950 1905 1690 1575 1970] [3235 3200 3285 3235 3200 3370 3140 3435]
[2235 1820 1770 1580 1835 1560 1720 2190] [3125 3185 3320 3265 3400 3255 3180 3315]
COM6 0 57
0
[1755 2025 2655 3050 2710 2205 2160 1795] [3230 3110 2985 3260 3215 3090 3075 3225]
[1900 2230 2435 2855 2620 2245 1840 1885] [3170 3130 3255 2940 3090 3155 3070 3005]
[1825 1960 2655 2685 2575 2210 1865 1805] [3355 3150 3165 3160 3145 3205 3080 2945]
[1735 2095 2450 2495 2330 1980 1755 1700] [2970 2740 3250 3235 2810 3160 3090 3010]
[1905 1935 2250 2425 2145 1590 1785 2010] [3090 3145 3210 3030 3280 3035 3280 3045]
[1660 1890 2320 2285 1905 1635 1770 2045] [3270 3135 3340 3200 3015 2950 3290 2955]
[1540 1965 2070 2250 1595 1500 1675 2305] [3235 3200 3285 3235 3200 3370 3140 3435]
[2000 1690 1900 1785 1675 1710 1875 2375] [3125 3185 3320 3265 3400 3255 3180 3315]
COM4 1 58
0
[1755 2025 2655 3050 2710 2205 2160 1795] [3030 3305 3085 3130 3275 3100 3075 3150]
[1900 2230 2435 2855 2620 2245 1840 1885] [3175 3025 3190 3085 3040 3045 3075 2915]
[1825 1960 2655 2685 2575 2210 1865 1805] [2770 3010 3160 3120 3010 2900 3065 3125]
[1735 2095 2450 2495 2330 1980 1755 1700] [2970 3000 3220 3020 3100 2885 3205 3180]
[1905 1935 2250 2425 2145 1590 1785 2010] [3115 3460 3135 3100 3205 3145 3215 3195]
[1660 1890 2320 2285 1905 1635 1770 2045] [3115 2895 2955 3195 3100 3265 3100 3225]
[1540 1965 2070 2250 1595 1500 1675 2305] [3055 3250 3200 3065 3245 2950 3235 3290]
[2000 1690 1900 1785 1675 1710 1875 2375] [3165 3005 3140 3325 3520 3265 3395 3305]
COM6 0 59
0
[1870 2450 2945 2890 2445 2000 1780 1905] [3030 3305 3085 3130 3275 3100 3075 3150]
[1980 2440 2665 2960 2515 2090 1750 1925] [3175 3025 3190 3085 3040 3045 3075 2915]
[1655 2270 2735 2600 2180 2095 1730 2060] [2770 3010 3160 3120 3010 2900 3065 3125]
[1860 2275 2785 2455 2175 1725 1785 1895] [2970 3000 3220 3020 3100 2885 3205 3180]
[1730 2135 2665 2325 2030 1715 1760 2225] [3115 3460 3135 3100 3205 3145 3215 3195]
[1715 2370 2210 2065 1625 1675 2090 2360] [3115 2895 2955 3195 3100 3265 3100 3225]
[1580 1870 2185 1905 1520 1545 2165 2685] [3055 3250 3200 3065 3245 2950 3235 3290]
[1765 1685 1805 1595 1510 1805 2060 2750] [3165 3005 3140 3325 3520 3265 3395 3305]
COM4 1 60
0
[1870 2450 2945 2890 2445 2000 1780 1905] [3185 3215 3050 3075 3365 2965 3025 3230]
[1980 2440 2665 2960 2515 2090 1750 1925] [3410 3010 3000 3150 3255 3130 3115 2995]
[1655 2270 2735 2600 2180 2095 1730 2060] [3175 3035 3160 3050 3245 3135 3225 3075]
[1860 2275 2785 2455 2175 1725 1785 1895] [3240 3390 3340 3225 3105 2945 2995 3055]
[1730 2135 2665 2325 2030 1715 1760 2225] [3150 3275 3180 3060 2980 2945 3130 3215]
[1715 2370 2210 2065 1625 1675 2090 2360] [3245 3090 3435 3205 3320 3200 3230 3330]
[1580 1870 2185 1905 1520 1545 2165 2685] [3200 3320 3305 2875 3040 3265 3050 3135]
[1765 1685 1805 1595 1510 1805 2060 2750] [3135 3265 3095 2900 3380 3395 3040 3680]
COM6 0 61
0
[2045 2530 2945 2855 2390 2070 1730 1835] [3185 3215 3050 3075 3365 2965 3025 3230]
[2160 2510 2630 2580 2105 1775 1675 1845] [3410 3010 3000 3150 3255 3130 3115 2995]
[1905 2345 2840 2275 1775 1660 1785 1995] [3175 3035 3160 3050 3245 3135 3225 3075]
[1950 2410 2605 2075 1825 1740 1690 2310] [3240 3390 3340 3225 3105 2945 2995 3055]
[1970 2325 2180 2020 1645 1565 2345 2620] [3150 3275 3180 3060 2980 2945 3130 3215]
[1880 2010 1870 1685 1555 1840 2265 2645] [3245 3090 3435 3205 3320 3200 3230 3330]
[1550 1790 1985 1510 1645 1975 2395 2595] [3200 3320 3305 2875 3040 3265 3050 3135]
[1690 1525 1545 1465 1615 2215 2690 3240] [3135 3265 3095 2900 3380 3395 3040 3680]
COM4 1 62
0
[2045 2530 2945 2855 2390 2070 1730 1835] [3090 3035 3190 2925 3230 3095 2920 3175]
[2160 2510 2630 2580 2105 1775 1675 1845] [3045 3045 3150 3065 3110 3110 3125 3110]
[1905 2345 2840 2275 1775 1660 1785 1995] [3020 3265 3170 2900 3285 3150 3130 2930]
[1950 2410 2605 2075 1825 1740 1690 2310] [3170 2940 3135 3185 3095 3160 3055 3035]
[1970 2325 2180 2020 1645 1565 2345 2620] [3055 3125 3355 2940 3115 3105 3210 3120]
[1880 2010 1870 1685 1555 1840 2265 2645] [3265 3180 3120 3105 3085 3170 3015 3120]
[1550 1790 1985 1510 1645 1975 2395 2595] [3010 3240 3275 3225 2995 3320 3325 3380]
[1690 1525 1545 1465 1615 2215 2690 3240] [3535 3295 3195 2875 3420 2925 3335 3325]
COM6 0 63
0
[2250 2670 2725 2390 2120 1795 1815 2150] [3090 3035 3190 2925 3230 3095 2920 3175]
[2055 2770 2615 2240 1885 1700 1840 2240] [3045 3045 3150 3065 3110 3110 3125 3110]
[1780 2295 2285 1945 1750 1685 1885 2490] [3020 3265 3170 2900 3285 3150 3130 2930]
[2210 2205 1935 1620 1650 1860 2235 2695] [3170 2940 3135 3185 3095 3160 3055 3035]
[1880 2060 1645 1555 1740 1960 2610 2710] [3055 3125 3355 2940 3115 3105 3210 3120]
[1545 1655 1660 1565 1705 2450 2795 2760] [3265 3180 3120 3105 3085 3170 3015 3120]
[1390 1325 1700 1780 2240 2620 2890 2700] [3010 3240 3275 3225 2995 3320 3325 3380]
[1520 1525 1555 1905 2270 2890 2915 3010] [3535 3295 3195 2875 3420 2925 3335 3325]
COM4 1 64
0
[2250 2670 2725 2390 2120 1795 1815 2150] [3255 3255 3180 3055 3315 3160 3005 3150]
[2055 2770 2615 2240 1885 1700 1840 2240] [3325 3150 3195 3230 3060 3200 3195 2995]
[1780 2295 2285 1945 1750 1685 1885 2490] [3220 3165 3080 3030 3195 3110 3070 2970]
[2210 2205 1935 1620 1650 1860 2235 2695] [3450 3185 3260 3120 3350 3215 3255 3210]
[1880 2060 1645 1555 1740 1960 2610 2710] [3300 3260 3225 3040 2950 3000 3310 3240]
[1545 1655 1660 1565 1705 2450 2795 2760] [3220 3180 3265 3250 3195 3340 3320 3565]
[1390 1325 1700 1780 2240 2620 2890 2700] [3180 3395 3265 3260 3305 3095 3340 3125]
[1520 1525 1555 1905 2270 2890 2915 3010] [3135 3380 3165 3450 2950 3485 3455 3420]
COM6 0 65
0
[2310 2465 2375 2005 1820 1765 2140 2605] [3255 3255 3180 3055 3315 3160 3005 3150]
[2365 2425 1990 1805 1905 1980 2370 2655] [3325 3150 3195 3230 3060 3200 3195 2995]
[1965 2005 1760 1635 1750 2310 2580 2890] [3220 3165 3080 3030 3195 3110 3070 2970]
[1590 1615 1605 1685 1940 2435 2880 2945] [3450 3185 3260 3120 3350 3215 3255 3210]
[1475 1495 1685 1555 2310 2650 2950 3045] [3300 3260 3225 3040 2950 3000 3310 3240]
[1390 1475 1820 1975 2470 2780 2890 2870] [3220 3180 3265 3250 3195 3340 3320 3565]
[1370 1500 1925 2705 2920 2875 2805 3025] [3180 3395 3265 3260 3305 3095 3340 3125]
[1450 1555 2050 2770 2945 2955 3025 2805] [3135 3380 3165 3450 2950 3485 3455 3420]