COM4 1 6
0
[2560 2310 2355 2320 2635 2665 3105 2875] [3075 3155 3135 2995 3225 3200 3020 3190]
[2510 2480 2325 2525 2905 2950 2860 2925] [2960 3035 3095 2930 2950 2970 3080 3125]
[2230 2355 2415 2420 2730 2920 2935 2895] [3145 3150 3105 3060 3085 3075 3170 2875]
[2335 2095 2375 2460 2825 2930 2795 2810] [3105 3010 3240 3100 3035 2985 3070 2995]
[2170 2070 2350 2485 2790 2915 3195 2930] [2970 3115 3165 3175 3130 2970 3185 3235]
[2095 2335 2245 2370 2735 2955 3015 3170] [2915 2915 3050 3270 3205 3250 3190 3135]
[1675 1855 1925 2380 2545 3115 2820 2935] [3250 3395 3095 2945 2970 3125 2985 3210]
[1950 1880 2165 2365 2785 2875 3040 2905] [3300 3235 3250 3385 3035 3110 3090 3080]
COM6 0 7
0
[2210 2220 2190 2140 2380 2600 2755 2590] [3075 3155 3135 2995 3225 3200 3020 3190]
[1915 2155 1920 2240 2405 2590 2615 2560] [2960 3035 3095 2930 2950 2970 3080 3125]
[1805 1910 1935 2035 2370 2630 2605 2620] [3145 3150 3105 3060 3085 3075 3170 2875]
[1685 1710 1860 1980 2420 2755 2690 2515] [3105 3010 3240 3100 3035 2985 3070 2995]
[1885 1665 1820 2055 2385 2580 2780 2695] [2970 3115 3165 3175 3130 2970 3185 3235]
[1705 1565 1865 2025 2185 2530 2675 2580] [2915 2915 3050 3270 3205 3250 3190 3135]
[1855 1755 1525 2100 2130 2480 2705 2645] [3250 3395 3095 2945 2970 3125 2985 3210]
[1795 1690 1585 1935 2140 2510 2905 2820] [3300 3235 3250 3385 3035 3110 3090 3080]
COM4 1 8
0
[2210 2220 2190 2140 2380 2600 2755 2590] [3250 3245 3285 3150 3295 3135 3145 3200]
[1915 2155 1920 2240 2405 2590 2615 2560] [3085 3340 3410 3240 3185 3225 3205 3060]
[1805 1910 1935 2035 2370 2630 2605 2620] [3460 3295 3355 3275 3245 3305 3155 3185]
[1685 1710 1860 1980 2420 2755 2690 2515] [3150 3155 3440 3310 3060 3265 3245 3200]
[1885 1665 1820 2055 2385 2580 2780 2695] [3310 3445 3265 3060 3200 3230 3275 3175]
[1705 1565 1865 2025 2185 2530 2675 2580] [3065 3415 3290 3300 3210 3400 3305 3335]
[1855 1755 1525 2100 2130 2480 2705 2645] [3340 3455 3365 3180 3170 3215 3360 3315]
[1795 1690 1585 1935 2140 2510 2905 2820] [3355 3260 3345 3390 3335 3250 3380 3265]
COM6 0 9
0
[2045 2060 2275 2360 2610 2880 3015 3175] [3250 3245 3285 3150 3295 3135 3145 3200]
[2155 2025 2240 2270 2565 2980 3125 3175] [3085 3340 3410 3240 3185 3225 3205 3060]
[1900 1855 2075 2290 2575 2930 3115 3095] [3460 3295 3355 3275 3245 3305 3155 3185]
[2175 1865 2030 2320 2625 3055 3140 3370] [3150 3155 3440 3310 3060 3265 3245 3200]
[2235 2050 2120 2135 2550 2710 3235 3265] [3310 3445 3265 3060 3200 3230 3275 3175]
[2505 1995 2065 2105 2475 3020 3110 3160] [3065 3415 3290 3300 3210 3400 3305 3335]
[2620 2135 1895 2040 2140 2700 2815 3125] [3340 3455 3365 3180 3170 3215 3360 3315]
[2370 2395 1955 2020 2225 2810 3300 3370] [3355 3260 3345 3390 3335 3250 3380 3265]
COM4 1 10
0
[2045 2060 2275 2360 2610 2880 3015 3175] [2855 3160 3300 3160 3090 2985 2845 3130]
[2155 2025 2240 2270 2565 2980 3125 3175] [3050 3145 3255 3140 2970 3160 3100 2940]
[1900 1855 2075 2290 2575 2930 3115 3095] [3190 3075 3265 2935 3085 3110 2980 2970]
[2175 1865 2030 2320 2625 3055 3140 3370] [2910 3340 3210 3150 3040 3090 3110 2955]
[2235 2050 2120 2135 2550 2710 3235 3265] [3155 2950 3230 3025 3125 3070 3215 3200]
[2505 1995 2065 2105 2475 3020 3110 3160] [3045 3000 3225 2985 3165 3090 3205 3430]
[2620 2135 1895 2040 2140 2700 2815 3125] [3335 3260 3165 3065 3160 3095 3205 3170]
[2370 2395 1955 2020 2225 2810 3300 3370] [3090 3145 3255 3170 3145 3090 3310 3320]
COM6 0 11
0
[1835 1680 1855 2010 2325 2625 2720 2635] [2855 3160 3300 3160 3090 2985 2845 3130]
[1855 1700 1825 2080 2380 2605 2570 2640] [3050 3145 3255 3140 2970 3160 3100 2940]
[1955 1835 1770 1825 2325 2620 2710 2715] [3190 3075 3265 2935 3085 3110 2980 2970]
[2125 1870 1875 1810 2160 2470 2855 2620] [2910 3340 3210 3150 3040 3090 3110 2955]
[2490 1965 2005 1740 2035 2080 2605 2605] [3155 2950 3230 3025 3125 3070 3215 3200]
[2685 2340 2115 1725 1680 1985 2330 2570] [3045 3000 3225 2985 3165 3090 3205 3430]
[2855 2605 2115 1765 1465 1780 2210 2445] [3335 3260 3165 3065 3160 3095 3205 3170]
[2995 2475 2360 1700 1695 1945 2340 2545] [3090 3145 3255 3170 3145 3090 3310 3320]
COM4 1 12
0
[1835 1680 1855 2010 2325 2625 2720 2635] [3470 3405 3415 3325 3645 3215 3100 3305]
[1855 1700 1825 2080 2380 2605 2570 2640] [3290 3455 3485 3285 3185 3275 3145 3315]
[1955 1835 1770 1825 2325 2620 2710 2715] [3505 3380 3395 3400 3360 3140 3140 3135]
[2125 1870 1875 1810 2160 2470 2855 2620] [3320 3435 3370 3375 3345 3215 3285 3170]
[2490 1965 2005 1740 2035 2080 2605 2605] [3210 3295 3410 3150 3195 3155 3370 3230]
[2685 2340 2115 1725 1680 1985 2330 2570] [3345 3485 3405 3265 3355 3295 3325 3055]
[2855 2605 2115 1765 1465 1780 2210 2445] [3450 3315 3505 3305 3385 3200 3290 3390]
[2995 2475 2360 1700 1695 1945 2340 2545] [3180 3310 3255 3505 3275 3280 3305 3475]
COM6 0 13
0
[1825 1705 1715 1790 2340 2645 2775 2845] [3470 3405 3415 3325 3645 3215 3100 3305]
[2160 1965 1685 1970 2225 2545 2845 2780] [3290 3455 3485 3285 3185 3275 3145 3315]
[2490 1935 2050 1825 2175 2510 2710 2630] [3505 3380 3395 3400 3360 3140 3140 3135]
[2575 2415 1895 1900 1980 2195 2590 2690] [3320 3435 3370 3375 3345 3215 3285 3170]
[2910 2595 2295 1805 1905 1885 2365 2790] [3210 3295 3410 3150 3195 3155 3370 3230]
[2885 2640 2490 1960 1645 1905 2155 2335] [3345 3485 3405 3265 3355 3295 3325 3055]
[3010 2640 2350 2040 1645 1645 1700 2475] [3450 3315 3505 3305 3385 3200 3290 3390]
[2850 2715 2335 1760 1635 1605 1925 2170] [3180 3310 3255 3505 3275 3280 3305 3475]
COM4 1 14
0
[1825 1705 1715 1790 2340 2645 2775 2845] [2930 2925 2900 2905 2965 2835 2850 3100]
[2160 1965 1685 1970 2225 2545 2845 2780] [2830 2970 3030 2910 2825 2995 3050 2965]
[2490 1935 2050 1825 2175 2510 2710 2630] [3040 2965 2860 2835 3010 2840 2870 3170]
[2575 2415 1895 1900 1980 2195 2590 2690] [3220 2905 2910 3035 2890 2925 3010 2945]
[2910 2595 2295 1805 1905 1885 2365 2790] [3055 3015 3150 2670 2785 2960 2965 2980]
[2885 2640 2490 1960 1645 1905 2155 2335] [3040 2985 2970 3065 2910 2800 2855 3095]
[3010 2640 2350 2040 1645 1645 1700 2475] [3280 3185 3095 2940 3150 3035 2890 2860]
[2850 2715 2335 1760 1635 1605 1925 2170] [3220 3215 3195 3185 3230 3285 3205 3215]
COM6 0 15
0
[2640 2540 1920 1770 1920 2110 2615 2580] [2930 2925 2900 2905 2965 2835 2850 3100]
[2805 2510 1940 1660 1910 2045 2435 2515] [2830 2970 3030 2910 2825 2995 3050 2965]
[2745 2525 2315 1700 1765 2020 2255 2680] [3040 2965 2860 2835 3010 2840 2870 3170]
[2720 2480 2250 1870 1775 1875 2100 2280] [3220 2905 2910 3035 2890 2925 3010 2945]
[2900 2720 2235 2050 1650 1665 1855 2025] [3055 3015 3150 2670 2785 2960 2965 2980]
[3055 2630 2415 1935 1485 1545 1560 1610] [3040 2985 2970 3065 2910 2800 2855 3095]
[2995 2650 2370 1935 1675 1460 1430 1830] [3280 3185 3095 2940 3150 3035 2890 2860]
[2730 2775 2475 2130 1560 1505 1580 1760] [3220 3215 3195 3185 3230 3285 3205 3215]
COM4 1 16
0
[2640 2540 1920 1770 1920 2110 2615 2580] [3120 3310 3425 3020 3085 3100 3040 3240]
[2805 2510 1940 1660 1910 2045 2435 2515] [3275 3220 3235 3070 3100 3145 3035 3055]
[2745 2525 2315 1700 1765 2020 2255 2680] [3140 3210 3285 3075 3280 3095 3190 3090]
[2720 2480 2250 1870 1775 1875 2100 2280] [3145 3150 3265 3020 3205 3310 2990 3145]
[2900 2720 2235 2050 1650 1665 1855 2025] [3245 3115 3255 2925 2975 3145 3130 3195]
[3055 2630 2415 1935 1485 1545 1560 1610] [3050 3200 3045 3495 3075 3270 3100 3025]
[2995 2650 2370 1935 1675 1460 1430 1830] [3365 3355 3200 3030 3130 3190 3155 3320]
[2730 2775 2475 2130 1560 1505 1580 1760] [3225 3300 3190 3265 3480 3005 3170 3450]
COM6 0 17
0
[2850 2330 2195 1750 1705 1425 1655 1820] [3120 3310 3425 3020 3085 3100 3040 3240]
[2785 2530 2100 1985 1705 1590 1625 1805] [3275 3220 3235 3070 3100 3145 3035 3055]
[2670 2375 2070 1955 1515 1440 1650 1940] [3140 3210 3285 3075 3280 3095 3190 3090]
[2650 2925 2475 1925 1685 1455 1650 1860] [3145 3150 3265 3020 3205 3310 2990 3145]
[2975 2525 2120 2010 1680 1395 1645 1660] [3245 3115 3255 2925 2975 3145 3130 3195]
[2985 2705 2415 2300 1645 1530 1460 1440] [3050 3200 3045 3495 3075 3270 3100 3025]
[2760 2955 2270 2105 1825 1425 1515 1595] [3365 3355 3200 3030 3130 3190 3155 3320]
[3035 2885 2500 2220 1720 1535 1535 1650] [3225 3300 3190 3265 3480 3005 3170 3450]
COM4 1 18
0
[2850 2330 2195 1750 1705 1425 1655 1820] [3205 3045 3085 3075 3040 2940 3085 3135]
[2785 2530 2100 1985 1705 1590 1625 1805] [2925 3055 3325 3025 3135 3170 3010 3035]
[2670 2375 2070 1955 1515 1440 1650 1940] [3050 3050 3165 3000 3270 2845 3045 2865]
[2650 2925 2475 1925 1685 1455 1650 1860] [3255 2930 3100 3250 3105 3245 3025 3060]
[2975 2525 2120 2010 1680 1395 1645 1660] [3225 3175 3070 2955 2980 3245 3290 3195]
[2985 2705 2415 2300 1645 1530 1460 1440] [3130 3225 3085 3185 3165 3365 3200 3270]
[2760 2955 2270 2105 1825 1425 1515 1595] [3320 3305 3200 3115 3000 3170 3190 3390]
[3035 2885 2500 2220 1720 1535 1535 1650] [3260 3330 3425 3275 3175 3240 3205 3315]
COM6 0 19
0
[2735 2390 2285 2080 1975 2010 1980 1935] [3205 3045 3085 3075 3040 2940 3085 3135]
[3035 2620 2360 2045 2115 1960 1800 1705] [2925 3055 3325 3025 3135 3170 3010 3035]
[2670 2765 2445 2185 1940 1775 1715 1760] [3050 3050 3165 3000 3270 2845 3045 2865]
[2860 2755 2495 2275 2030 1735 1655 1785] [3255 2930 3100 3250 3105 3245 3025 3060]
[2840 2870 2365 2325 2045 1705 1795 1720] [3225 3175 3070 2955 2980 3245 3290 3195]
[2715 2845 2555 2510 2055 1765 1750 1605] [3130 3225 3085 3185 3165 3365 3200 3270]
[2905 2935 2485 2235 1955 1575 1580 1590] [3320 3305 3200 3115 3000 3170 3190 3390]
[2780 2800 2775 2345 1965 1765 1535 1605] [3260 3330 3425 3275 3175 3240 3205 3315]
COM4 1 20
0
[2735 2390 2285 2080 1975 2010 1980 1935] [3095 3145 3365 3430 3420 3260 3340 3305]
[3035 2620 2360 2045 2115 1960 1800 1705] [3235 3150 3375 3345 3340 3210 3220 3210]
[2670 2765 2445 2185 1940 1775 1715 1760] [3045 3175 3335 3170 3325 3280 3295 3125]
[2860 2755 2495 2275 2030 1735 1655 1785] [3380 3375 3460 3335 3265 3170 3235 3275]
[2840 2870 2365 2325 2045 1705 1795 1720] [3205 3310 3155 3145 3360 3165 3350 3355]
[2715 2845 2555 2510 2055 1765 1750 1605] [3130 3425 3090 3530 3335 3370 3440 3260]
[2905 2935 2485 2235 1955 1575 1580 1590] [3225 3165 3320 3465 3205 3240 3215 3435]
[2780 2800 2775 2345 1965 1765 1535 1605] [3310 3470 3340 3400 3405 3310 3510 3270]
COM6 0 21
0
[2855 2540 2305 2175 2210 2090 2035 1830] [3095 3145 3365 3430 3420 3260 3340 3305]
[2925 2855 2420 2395 2165 2180 2090 1970] [3235 3150 3375 3345 3340 3210 3220 3210]
[2795 3045 2555 2340 2235 2055 1920 1920] [3045 3175 3335 3170 3325 3280 3295 3125]
[3130 2870 2600 2370 2225 1880 1765 1760] [3380 3375 3460 3335 3265 3170 3235 3275]
[3025 3085 2720 2420 2335 1865 1735 1860] [3205 3310 3155 3145 3360 3165 3350 3355]
[2850 2875 2980 2620 2200 2000 1690 1805] [3130 3425 3090 3530 3335 3370 3440 3260]
[2975 3235 2815 2590 2290 1935 1430 1725] [3225 3165 3320 3465 3205 3240 3215 3435]
[2965 3105 2870 2600 2555 2175 1715 1525] [3310 3470 3340 3400 3405 3310 3510 3270]
COM4 1 22
0
[2855 2540 2305 2175 2210 2090 2035 1830] [3000 3020 2970 2990 2965 3005 3175 3155]
[2925 2855 2420 2395 2165 2180 2090 1970] [3120 3015 3240 3060 2955 3195 3070 3120]
[2795 3045 2555 2340 2235 2055 1920 1920] [3105 3185 3035 3025 3170 2950 2965 3020]
[3130 2870 2600 2370 2225 1880 1765 1760] [3080 3030 3260 3005 3075 3130 3085 3025]
[3025 3085 2720 2420 2335 1865 1735 1860] [2965 3015 3280 3150 3120 2975 3195 3165]
[2850 2875 2980 2620 2200 2000 1690 1805] [3000 3315 3270 3320 3140 3320 3145 3095]
[2975 3235 2815 2590 2290 1935 1430 1725] [3085 3170 3225 3260 3095 3130 2910 3050]
[2965 3105 2870 2600 2555 2175 1715 1525] [3185 2975 3390 3335 3425 3055 3260 3085]
COM6 0 23
0
[3015 2620 2515 2300 2035 2015 1955 1700] [3000 3020 2970 2990 2965 3005 3175 3155]
[2880 3090 2480 2240 2125 2060 1750 1680] [3120 3015 3240 3060 2955 3195 3070 3120]
[2730 2910 2800 2335 2080 1855 1695 1630] [3105 3185 3035 3025 3170 2950 2965 3020]
[2965 2725 2950 2710 2275 1940 1640 1560] [3080 3030 3260 3005 3075 3130 3085 3025]
[2835 2955 2950 2740 2560 2175 1880 1530] [2965 3015 3280 3150 3120 2975 3195 3165]
[2835 3210 2995 2940 2525 2340 1975 1490] [3000 3315 3270 3320 3140 3320 3145 3095]
[2575 2950 2735 2920 2825 2370 1695 1515] [3085 3170 3225 3260 3095 3130 2910 3050]
[2845 2905 3005 2845 2830 2140 2080 1440] [3185 2975 3390 3335 3425 3055 3260 3085]
COM4 1 24
0
[3015 2620 2515 2300 2035 2015 1955 1700] [3070 3090 3105 2935 3045 3025 3120 3045]
[2880 3090 2480 2240 2125 2060 1750 1680] [3195 3090 3160 3045 2830 3135 3095 3085]
[2730 2910 2800 2335 2080 1855 1695 1630] [2845 3030 3140 3170 3010 3095 3090 3080]
[2965 2725 2950 2710 2275 1940 1640 1560] [2840 3125 3100 3205 3035 3040 3100 3070]
[2835 2955 2950 2740 2560 2175 1880 1530] [2990 2905 2970 3060 2970 3105 3085 3100]
[2835 3210 2995 2940 2525 2340 1975 1490] [2580 3195 3210 3105 3085 3020 3125 3145]
[2575 2950 2735 2920 2825 2370 1695 1515] [2695 2960 3170 3030 3155 3195 3030 3105]
[2845 2905 3005 2845 2830 2140 2080 1440] [2790 2990 3120 3420 3210 3170 3320 3365]
COM6 0 25
0
[2810 2665 2580 2515 2300 2125 1960 1745] [3070 3090 3105 2935 3045 3025 3120 3045]
[2990 2815 2760 2735 2340 2235 1880 1825] [3195 3090 3160 3045 2830 3135 3095 3085]
[2990 2870 2900 2610 2390 2325 1840 1740] [2845 3030 3140 3170 3010 3095 3090 3080]
[3050 2965 2845 2845 2685 2345 2005 1650] [2840 3125 3100 3205 3035 3040 3100 3070]
[2910 2915 3070 2790 2905 2495 2180 1865] [2990 2905 2970 3060 2970 3105 3085 3100]
[2910 2985 2850 3035 3045 2745 2345 1730] [2580 3195 3210 3105 3085 3020 3125 3145]
[3000 2910 2670 2850 2950 2720 2200 1805] [2695 2960 3170 3030 3155 3195 3030 3105]
[3285 2955 3025 2805 3035 2675 2355 1880] [2790 2990 3120 3420 3210 3170 3320 3365]
COM4 1 26
0
[2810 2665 2580 2515 2300 2125 1960 1745] [3070 2930 3170 3225 3015 3165 3155 3185]
[2990 2815 2760 2735 2340 2235 1880 1825] [2765 3015 3265 3235 3095 3280 3175 3030]
[2990 2870 2900 2610 2390 2325 1840 1740] [2580 3205 3150 3040 3215 3140 3055 3105]
[3050 2965 2845 2845 2685 2345 2005 1650] [2420 2765 3295 3180 3050 3105 3130 3080]
[2910 2915 3070 2790 2905 2495 2180 1865] [2320 2825 2830 2955 3140 3140 3210 3195]
[2910 2985 2850 3035 3045 2745 2345 1730] [2325 2575 2755 3270 3185 3300 3405 3390]
[3000 2910 2670 2850 2950 2720 2200 1805] [2240 2615 2935 3230 3130 3305 3100 3190]
[3285 2955 3025 2805 3035 2675 2355 1880] [2135 2665 3025 3165 3185 3040 3010 3275]
COM6 0 27
0
[2590 2810 2635 2640 2370 2015 1815 1545] [3070 2930 3170 3225 3015 3165 3155 3185]
[2715 2900 2670 2965 2600 2350 2040 1565] [2765 3015 3265 3235 3095 3280 3175 3030]
[2800 3000 2970 2925 2730 2505 1865 1785] [2580 3205 3150 3040 3215 3140 3055 3105]
[2760 2870 2930 2745 2810 2675 2145 1915] [2420 2765 3295 3180 3050 3105 3130 3080]
[3020 2925 2990 2895 2925 2620 2380 1980] [2320 2825 2830 2955 3140 3140 3210 3195]
[2955 2860 3120 2835 2830 2615 2320 1780] [2325 2575 2755 3270 3185 3300 3405 3390]
[3020 2690 2755 2910 2890 2850 2220 1690] [2240 2615 2935 3230 3130 3305 3100 3190]
[3045 2880 2750 2820 2965 2840 2485 1975] [2135 2665 3025 3165 3185 3040 3010 3275]
COM4 1 28
0
[2590 2810 2635 2640 2370 2015 1815 1545] [2945 3080 3070 3105 3290 3210 3125 3065]
[2715 2900 2670 2965 2600 2350 2040 1565] [2545 2780 3125 3095 3235 3305 3130 3195]
[2800 3000 2970 2925 2730 2505 1865 1785] [2440 2815 3010 3145 3220 3150 3335 3055]
[2760 2870 2930 2745 2810 2675 2145 1915] [2415 2830 2970 3010 3045 3240 3235 3080]
[3020 2925 2990 2895 2925 2620 2380 1980] [2230 2590 2715 2745 3120 3105 3335 3045]
[2955 2860 3120 2835 2830 2615 2320 1780] [2280 2180 2560 2990 3045 3255 3260 3465]
[3020 2690 2755 2910 2890 2850 2220 1690] [2230 2525 2535 2835 3200 3225 3345 3400]
[3045 2880 2750 2820 2965 2840 2485 1975] [2295 2370 2760 2890 3070 3225 3390 3335]
COM6 0 29
0
[2780 2650 2640 2775 2825 2570 2115 1560] [2945 3080 3070 3105 3290 3210 3125 3065]
[3040 3010 2810 2855 2740 2680 2165 1855] [2545 2780 3125 3095 3235 3305 3130 3195]
[2890 2885 2825 2710 2750 2740 2290 1730] [2440 2815 3010 3145 3220 3150 3335 3055]
[2825 2960 2980 2910 2945 2780 2310 1895] [2415 2830 2970 3010 3045 3240 3235 3080]
[3230 3015 3010 2875 2870 2650 2550 1815] [2230 2590 2715 2745 3120 3105 3335 3045]
[2825 2875 2850 3050 2805 2895 2505 1995] [2280 2180 2560 2990 3045 3255 3260 3465]
[2820 2935 2885 3005 2975 2975 2395 2025] [2230 2525 2535 2835 3200 3225 3345 3400]
[3040 2865 2880 2975 3000 3045 2750 2150] [2295 2370 2760 2890 3070 3225 3390 3335]
COM4 1 30
0
[2780 2650 2640 2775 2825 2570 2115 1560] [2510 2795 3130 3130 3100 3090 3060 3165]
[3040 3010 2810 2855 2740 2680 2165 1855] [2185 2460 3095 3085 3165 3250 3025 3115]
[2890 2885 2825 2710 2750 2740 2290 1730] [2290 2420 2715 2920 3265 3045 3185 3100]
[2825 2960 2980 2910 2945 2780 2310 1895] [2275 2585 2585 2830 3100 3155 3045 3025]
[3230 3015 3010 2875 2870 2650 2550 1815] [2140 2455 2505 2560 2780 2995 3250 3145]
[2825 2875 2850 3050 2805 2895 2505 1995] [2260 2380 2300 2620 2895 3295 3200 3270]
[2820 2935 2885 3005 2975 2975 2395 2025] [2210 2325 2345 2465 2705 3205 3175 3245]
[3040 2865 2880 2975 3000 3045 2750 2150] [2115 2350 2245 2705 3145 3130 3055 3035]
COM6 0 31
0
[2635 2590 2825 2660 2845 2620 2400 1980] [2510 2795 3130 3130 3100 3090 3060 3165]
[2805 2950 2875 2950 2815 2590 2525 2130] [2185 2460 3095 3085 3165 3250 3025 3115]
[2740 2775 2905 2835 2685 2755 2420 2065] [2290 2420 2715 2920 3265 3045 3185 3100]
[2995 3045 2935 2880 3005 2835 2420 1885] [2275 2585 2585 2830 3100 3155 3045 3025]
[3170 2645 2935 2740 2760 2830 2550 2080] [2140 2455 2505 2560 2780 2995 3250 3145]
[2680 2845 3115 2920 2800 2950 2550 1895] [2260 2380 2300 2620 2895 3295 3200 3270]
[3095 2850 2915 2910 2810 2790 2625 2100] [2210 2325 2345 2465 2705 3205 3175 3245]
[3030 2685 2790 2705 3020 2815 2635 2030] [2115 2350 2245 2705 3145 3130 3055 3035]
COM4 1 32
0
[2635 2590 2825 2660 2845 2620 2400 1980] [2165 2335 2585 2840 2995 2935 3105 2980]
[2805 2950 2875 2950 2815 2590 2525 2130] [2195 2045 2455 2765 2955 3045 2945 2815]
[2740 2775 2905 2835 2685 2755 2420 2065] [2160 2160 2470 2650 3105 2995 3070 3155]
[2995 3045 2935 2880 3005 2835 2420 1885] [2295 2480 2295 2540 2830 2995 3030 3045]
[3170 2645 2935 2740 2760 2830 2550 2080] [1880 2160 2080 2360 2800 2865 3225 3140]
[2680 2845 3115 2920 2800 2950 2550 1895] [1785 2070 2160 2330 2510 2955 3110 2750]
[3095 2850 2915 2910 2810 2790 2625 2100] [1770 2165 2100 2210 2745 3240 3065 3115]
[3030 2685 2790 2705 3020 2815 2635 2030] [1825 1825 2210 2420 2700 3125 3235 2990]
COM6 0 33
0
[2870 2540 2805 2830 2650 2565 2375 1920] [2165 2335 2585 2840 2995 2935 3105 2980]
[2760 2795 2700 2820 2895 2695 2480 1995] [2195 2045 2455 2765 2955 3045 2945 2815]
[2730 2615 2845 2860 2720 2870 2470 2060] [2160 2160 2470 2650 3105 2995 3070 3155]
[2805 2680 2775 2910 2825 2810 2380 2115] [2295 2480 2295 2540 2830 2995 3030 3045]
[2795 2615 2995 2865 2905 2850 2510 1970] [1880 2160 2080 2360 2800 2865 3225 3140]
[2770 2855 2625 2740 2840 2865 2615 2210] [1785 2070 2160 2330 2510 2955 3110 2750]
[2840 2725 2670 2990 2650 2955 2580 2135] [1770 2165 2100 2210 2745 3240 3065 3115]
[2840 2875 2635 2765 2555 2980 2825 2320] [1825 1825 2210 2420 2700 3125 3235 2990]
COM4 1 34
0
[2870 2540 2805 2830 2650 2565 2375 1920] [2855 2800 2460 2680 2865 3060 2915 3175]
[2760 2795 2700 2820 2895 2695 2480 1995] [2865 2600 2360 2550 2785 3100 3095 3030]
[2730 2615 2845 2860 2720 2870 2470 2060] [2585 2560 2435 2535 2990 2935 3225 2950]
[2805 2680 2775 2910 2825 2810 2380 2115] [2405 2495 2380 2455 2800 3045 3095 2905]
[2795 2615 2995 2865 2905 2850 2510 1970] [2245 2105 2385 2380 2715 3135 3210 3260]
[2770 2855 2625 2740 2840 2865 2615 2210] [2210 2285 2370 2510 2605 3100 3140 3210]
[2840 2725 2670 2990 2650 2955 2580 2135] [2085 2250 2355 2430 2835 3040 3135 3290]
[2840 2875 2635 2765 2555 2980 2825 2320] [2035 2185 2245 2715 2710 3140 3425 3260]
COM6 0 35
0
[2770 2545 2620 2905 2750 2700 2610 2050] [2855 2800 2460 2680 2865 3060 2915 3175]
[2945 2875 2515 2685 2840 2985 2550 2175] [2865 2600 2360 2550 2785 3100 3095 3030]
[2650 2895 3025 2960 2935 2775 2560 2220] [2585 2560 2435 2535 2990 2935 3225 2950]
[2740 2850 2870 2880 2975 2975 2755 2195] [2405 2495 2380 2455 2800 3045 3095 2905]
[2715 2900 2935 2755 2980 2820 2725 2330] [2245 2105 2385 2380 2715 3135 3210 3260]
[2920 2740 2765 2820 2785 3050 3130 2345] [2210 2285 2370 2510 2605 3100 3140 3210]
[2650 2770 2650 2835 2940 2940 2870 2560] [2085 2250 2355 2430 2835 3040 3135 3290]
[2975 2835 2960 2975 2945 2955 3080 2740] [2035 2185 2245 2715 2710 3140 3425 3260]
COM4 1 36
0
[2770 2545 2620 2905 2750 2700 2610 2050] [2425 2580 2690 2350 2585 2705 2855 2935]
[2945 2875 2515 2685 2840 2985 2550 2175] [2450 2685 2610 2315 2565 2835 2965 3105]
[2650 2895 3025 2960 2935 2775 2560 2220] [2305 2720 2505 2315 2590 2840 3025 3035]
[2740 2850 2870 2880 2975 2975 2755 2195] [2275 2605 2340 2345 2605 2890 3100 3000]
[2715 2900 2935 2755 2980 2820 2725 2330] [1900 2060 2080 2245 2600 2945 3145 3110]
[2920 2740 2765 2820 2785 3050 3130 2345] [1965 1865 2240 2260 2505 2965 3165 3280]
[2650 2770 2650 2835 2940 2940 2870 2560] [1805 2145 2290 2405 2630 3130 3110 3150]
[2975 2835 2960 2975 2945 2955 3080 2740] [1930 1845 2165 2545 2990 3080 3000 3155]
COM6 0 37
0
[2735 2830 2680 2815 2805 2675 2700 2320] [2425 2580 2690 2350 2585 2705 2855 2935]
[2670 2975 2715 3060 2815 2845 2805 2310] [2450 2685 2610 2315 2565 2835 2965 3105]
[2570 2915 2830 2815 2840 2915 2730 2390] [2305 2720 2505 2315 2590 2840 3025 3035]
[2935 2820 3045 2950 2800 2910 2725 2525] [2275 2605 2340 2345 2605 2890 3100 3000]
[2800 2970 3105 2900 2915 2730 3040 2540] [1900 2060 2080 2245 2600 2945 3145 3110]
[2895 2900 2910 3040 2755 3200 2940 2535] [1965 1865 2240 2260 2505 2965 3165 3280]
[2605 2800 2860 2875 2710 2660 2850 3130] [1805 2145 2290 2405 2630 3130 3110 3150]
[3040 2925 2735 2790 2760 2780 3020 2970] [1930 1845 2165 2545 2990 3080 3000 3155]
COM4 1 38
0
[2735 2830 2680 2815 2805 2675 2700 2320] [2270 2415 2570 2345 2305 2560 2910 3060]
[2670 2975 2715 3060 2815 2845 2805 2310] [2050 2520 2525 2345 2160 2515 2975 2985]
[2570 2915 2830 2815 2840 2915 2730 2390] [2085 2420 2350 2260 2365 2840 2980 2965]
[2935 2820 3045 2950 2800 2910 2725 2525] [1880 2380 2370 2245 2350 2745 3140 2900]
[2800 2970 3105 2900 2915 2730 3040 2540] [1820 1985 2130 2190 2360 2715 3015 3305]
[2895 2900 2910 3040 2755 3200 2940 2535] [1760 1835 1915 2120 2200 2715 3220 3150]
[2605 2800 2860 2875 2710 2660 2850 3130] [1900 1965 2005 1990 2345 2800 3085 3240]
[3040 2925 2735 2790 2760 2780 3020 2970] [1800 1885 1965 2220 2195 2515 3005 3135]
COM6 0 39
0
[2825 2805 3070 2880 2970 2895 3045 2595] [2270 2415 2570 2345 2305 2560 2910 3060]
[3025 3015 2915 3025 3005 2930 2895 2865] [2050 2520 2525 2345 2160 2515 2975 2985]
[2870 3050 3025 2935 2970 2890 2900 2835] [2085 2420 2350 2260 2365 2840 2980 2965]
[3105 3045 2930 2895 2940 3105 3030 2690] [1880 2380 2370 2245 2350 2745 3140 2900]
[3040 2995 3215 3035 2860 2935 2905 2875] [1820 1985 2130 2190 2360 2715 3015 3305]
[3015 3105 3235 3050 2985 2840 3130 2955] [1760 1835 1915 2120 2200 2715 3220 3150]
[2970 3160 3095 3105 3230 2815 3145 3150] [1900 1965 2005 1990 2345 2800 3085 3240]
[3195 3125 2995 3225 3180 3025 2815 2820] [1800 1885 1965 2220 2195 2515 3005 3135]
COM4 1 40
0
[2825 2805 3070 2880 2970 2895 3045 2595] [1975 2440 2880 2410 2430 2295 2555 2980]
[3025 3015 2915 3025 3005 2930 2895 2865] [1725 2220 2445 2345 2170 2535 2835 3005]
[2870 3050 3025 2935 2970 2890 2900 2835] [1925 2150 2345 2195 2320 2440 2945 3025]
[3105 3045 2930 2895 2940 3105 3030 2690] [1965 1785 2080 2060 2165 2370 2855 2945]
[3040 2995 3215 3035 2860 2935 2905 2875] [1885 1900 2060 1885 2000 2425 2730 3180]
[3015 3105 3235 3050 2985 2840 3130 2955] [1955 1835 1870 1860 2045 2415 3085 3065]
[2970 3160 3095 3105 3230 2815 3145 3150] [2275 1920 1875 1745 2065 2545 2905 3290]
[3195 3125 2995 3225 3180 3025 2815 2820] [2440 1930 1950 1785 2170 2580 3160 3080]
COM6 0 41
0
[3135 2970 3070 2740 2765 2865 3000 2740] [1975 2440 2880 2410 2430 2295 2555 2980]
[3070 3090 2915 2990 2935 2920 2995 3005] [1725 2220 2445 2345 2170 2535 2835 3005]
[2990 3115 2970 2960 2990 2965 3005 2845] [1925 2150 2345 2195 2320 2440 2945 3025]
[2890 3030 3110 3085 3000 3175 2940 2865] [1965 1785 2080 2060 2165 2370 2855 2945]
[3040 3085 3115 3015 3100 3115 2920 2910] [1885 1900 2060 1885 2000 2425 2730 3180]
[2960 3055 2940 3135 2910 3275 3000 2940] [1955 1835 1870 1860 2045 2415 3085 3065]
[3070 3120 2915 3000 3070 2885 2880 3015] [2275 1920 1875 1745 2065 2545 2905 3290]
[2875 2985 2880 3145 3230 3040 3075 2990] [2440 1930 1950 1785 2170 2580 3160 3080]
COM4 1 42
0
[3135 2970 3070 2740 2765 2865 3000 2740] [1820 2130 2490 2465 2410 2425 2640 3005]
[3070 3090 2915 2990 2935 2920 2995 3005] [1845 1965 2200 2340 2225 2445 2735 2925]
[2990 3115 2970 2960 2990 2965 3005 2845] [2020 2010 1980 1925 2320 2355 2770 2935]
[2890 3030 3110 3085 3000 3175 2940 2865] [2385 1910 2000 1835 1930 2265 2740 2965]
[3040 3085 3115 3015 3100 3115 2920 2910] [2585 2095 1980 1645 1825 2305 2585 3100]
[2960 3055 2940 3135 2910 3275 3000 2940] [2705 2220 2025 1855 1785 2330 2755 3090]
[3070 3120 2915 3000 3070 2885 2880 3015] [2725 2500 2220 1670 1695 2140 2635 3275]
[2875 2985 2880 3145 3230 3040 3075 2990] [3040 2350 2000 1935 1765 2200 2700 2915]
COM6 0 43
0
[2925 3040 3070 3175 3005 2850 3165 2965] [1820 2130 2490 2465 2410 2425 2640 3005]
[3065 3050 2900 3035 2995 2985 3050 2950] [1845 1965 2200 2340 2225 2445 2735 2925]
[3075 3050 3175 2930 2950 2920 3015 3000] [2020 2010 1980 1925 2320 2355 2770 2935]
[3130 3110 3235 3000 3090 3025 2900 3005] [2385 1910 2000 1835 1930 2265 2740 2965]
[3125 2975 3200 3035 3215 2850 3055 3100] [2585 2095 1980 1645 1825 2305 2585 3100]
[3145 3125 3120 3170 3080 3050 3020 3135] [2705 2220 2025 1855 1785 2330 2755 3090]
[3095 2950 2980 3115 2985 2845 3080 3205] [2725 2500 2220 1670 1695 2140 2635 3275]
[3185 2985 3215 3060 3220 3125 3335 2995] [3040 2350 2000 1935 1765 2200 2700 2915]
COM4 1 44
0
[2925 3040 3070 3175 3005 2850 3165 2965] [2165 2045 2250 2235 2360 2445 2610 2895]
[3065 3050 2900 3035 2995 2985 3050 2950] [2245 1945 2140 2055 2040 2445 2600 2780]
[3075 3050 3175 2930 2950 2920 3015 3000] [2560 2045 1915 1810 2005 2190 2670 2835]
[3130 3110 3235 3000 3090 3025 2900 3005] [2740 2270 2115 1895 1790 1940 2530 2710]
[3125 2975 3200 3035 3215 2850 3055 3100] [3105 2635 2310 1880 1800 1915 2380 2815]
[3145 3125 3120 3170 3080 3050 3020 3135] [2670 2915 2510 2120 1830 2000 2280 2840]
[3095 2950 2980 3115 2985 2845 3080 3205] [3090 3115 3035 2270 1935 1865 2170 2960]
[3185 2985 3215 3060 3220 3125 3335 2995] [3145 3060 2680 2555 2055 1825 2215 2670]
COM6 0 45
0
[2795 2685 3070 2740 2955 2880 2915 2850] [2165 2045 2250 2235 2360 2445 2610 2895]
[3095 3025 2935 2995 2870 2970 2965 2895] [2245 1945 2140 2055 2040 2445 2600 2780]
[2730 3160 3045 3030 2915 2990 2775 3035] [2560 2045 1915 1810 2005 2190 2670 2835]
[3220 2880 2955 2880 3065 2925 2985 2840] [2740 2270 2115 1895 1790 1940 2530 2710]
[3000 3040 3075 2895 3025 2915 3155 3050] [3105 2635 2310 1880 1800 1915 2380 2815]
[3005 3065 2935 3040 3045 2940 3115 3050] [2670 2915 2510 2120 1830 2000 2280 2840]
[2885 3030 2940 2970 3130 3000 2875 3025] [3090 3115 3035 2270 1935 1865 2170 2960]
[2960 2920 2970 2935 2865 3005 3015 2980] [3145 3060 2680 2555 2055 1825 2215 2670]
COM4 1 46
0
[2795 2685 3070 2740 2955 2880 2915 2850] [2390 2030 2025 2125 2125 2340 2560 2740]
[3095 3025 2935 2995 2870 2970 2965 2895] [2700 2095 2175 1825 1950 2255 2580 2665]
[2730 3160 3045 3030 2915 2990 2775 3035] [2870 2555 2170 1955 1815 2030 2370 2825]
[3220 2880 2955 2880 3065 2925 2985 2840] [3005 2830 2315 1940 1730 1820 2155 2575]
[3000 3040 3075 2895 3025 2915 3155 3050] [3010 3100 2660 2215 1885 1715 1960 2470]
[3005 3065 2935 3040 3045 2940 3115 3050] [2805 3150 2875 2585 2025 1830 1995 2245]
[2885 3030 2940 2970 3130 3000 2875 3025] [3140 3305 3300 2515 2100 1865 1855 2305]
[2960 2920 2970 2935 2865 3005 3015 2980] [3055 3345 3115 2975 2245 2000 1885 2295]
COM6 0 47
0
[2570 2440 2835 2635 2740 2680 2705 2800] [2390 2030 2025 2125 2125 2340 2560 2740]
[2840 2720 2705 2735 2665 2685 2705 2700] [2700 2095 2175 1825 1950 2255 2580 2665]
[2630 2560 2900 2495 2590 2665 2710 2685] [2870 2555 2170 1955 1815 2030 2370 2825]
[2645 2770 2860 2735 2690 2740 2670 2595] [3005 2830 2315 1940 1730 1820 2155 2575]
[2700 2650 2720 2690 2760 2730 2720 2740] [3010 3100 2660 2215 1885 1715 1960 2470]
[2750 2560 2680 2755 2585 2650 2760 2595] [2805 3150 2875 2585 2025 1830 1995 2245]
[3015 2715 2845 2595 2640 2525 2440 2870] [3140 3305 3300 2515 2100 1865 1855 2305]
[2705 2830 2785 2545 2710 2490 2945 2955] [3055 3345 3115 2975 2245 2000 1885 2295]
COM4 1 48
0
[2570 2440 2835 2635 2740 2680 2705 2800] [3260 2795 2520 1985 1955 1965 2510 3035]
[2840 2720 2705 2735 2665 2685 2705 2700] [2850 3110 2790 2230 1790 1995 2395 2695]
[2630 2560 2900 2495 2590 2665 2710 2685] [3470 3315 2955 2400 2050 1935 2285 2675]
[2645 2770 2860 2735 2690 2740 2670 2595] [3205 3170 3135 2525 2135 1955 1980 2365]
[2700 2650 2720 2690 2760 2730 2720 2740] [3140 3325 3275 2570 2435 2050 1995 2210]
[2750 2560 2680 2755 2585 2650 2760 2595] [3145 3175 3075 3190 2365 2045 1925 2180]
[3015 2715 2845 2595 2640 2525 2440 2870] [3335 3320 3190 2850 2505 2155 1845 2140]
[2705 2830 2785 2545 2710 2490 2945 2955] [3335 3120 3405 3150 2595 2090 1860 2110]
COM6 0 49
0
[2720 2525 2570 2660 2675 2650 2695 2580] [3260 2795 2520 1985 1955 1965 2510 3035]
[2550 2775 2775 2910 2900 2845 2495 2510] [2850 3110 2790 2230 1790 1995 2395 2695]
[2585 2695 2620 2620 2785 2630 2650 2665] [3470 3315 2955 2400 2050 1935 2285 2675]
[2775 2645 2690 2580 2805 2715 2715 2615] [3205 3170 3135 2525 2135 1955 1980 2365]
[2770 2600 2695 2810 2715 2510 2795 2670] [3140 3325 3275 2570 2435 2050 1995 2210]
[2770 2690 2580 2705 2870 2755 2605 2540] [3145 3175 3075 3190 2365 2045 1925 2180]
[2710 2755 2745 2705 2670 2865 2625 2575] [3335 3320 3190 2850 2505 2155 1845 2140]
[2835 2820 2735 2855 2870 2530 2525 2450] [3335 3120 3405 3150 2595 2090 1860 2110]
COM4 1 50
0
[2720 2525 2570 2660 2675 2650 2695 2580] [3390 3405 3145 2840 2350 2010 2140 2470]
[2550 2775 2775 2910 2900 2845 2495 2510] [2965 3400 3240 2790 2405 2045 2100 2315]
[2585 2695 2620 2620 2785 2630 2650 2665] [3140 3010 3300 2925 2560 1995 1910 2115]
[2775 2645 2690 2580 2805 2715 2715 2615] [3310 3000 3250 2925 2555 1940 1880 2090]
[2770 2600 2695 2810 2715 2510 2795 2670] [3335 3185 3125 2850 2650 2105 1965 2000]
[2770 2690 2580 2705 2870 2755 2605 2540] [3330 3380 3410 3050 2650 2200 1890 1800]
[2710 2755 2745 2705 2670 2865 2625 2575] [2890 3310 3195 3150 2570 2310 1955 1935]
[2835 2820 2735 2855 2870 2530 2525 2450] [3320 3225 3335 3235 2670 2390 1990 1870]
COM6 0 51
0
[3040 3010 2985 2970 3120 2960 3110 3100] [3390 3405 3145 2840 2350 2010 2140 2470]
[3155 3045 3180 3075 3070 3035 2975 3060] [2965 3400 3240 2790 2405 2045 2100 2315]
[2990 3210 3150 3110 3140 3020 3015 3125] [3140 3010 3300 2925 2560 1995 1910 2115]
[2960 3100 3245 3135 3090 3080 3170 3240] [3310 3000 3250 2925 2555 1940 1880 2090]
[3325 3050 3405 3190 3110 3145 3325 3230] [3335 3185 3125 2850 2650 2105 1965 2000]
[3020 3085 3175 3050 2925 3320 3005 3040] [3330 3380 3410 3050 2650 2200 1890 1800]
[3090 3300 3085 3375 3100 3050 3075 2965] [2890 3310 3195 3150 2570 2310 1955 1935]
[3180 2925 3195 3390 3035 3210 3400 3530] [3320 3225 3335 3235 2670 2390 1990 1870]
COM4 1 52
0
[3040 3010 2985 2970 3120 2960 3110 3100] [3085 2980 3200 2975 2565 2210 1785 1880]
[3155 3045 3180 3075 3070 3035 2975 3060] [3065 3225 3130 2945 2590 2185 1685 1645]
[2990 3210 3150 3110 3140 3020 3015 3125] [3130 3240 3170 2805 2540 2270 1815 1635]
[2960 3100 3245 3135 3090 3080 3170 3240] [3210 3355 3080 2985 2640 2210 1735 1725]
[3325 3050 3405 3190 3110 3145 3325 3230] [3205 3140 3175 2690 2670 2315 1905 1830]
[3020 3085 3175 3050 2925 3320 3005 3040] [3065 3135 3065 3035 2685 2300 1955 1905]
[3090 3300 3085 3375 3100 3050 3075 2965] [3110 3500 3375 3170 2830 2310 2065 1905]
[3180 2925 3195 3390 3035 3210 3400 3530] [3210 3530 3070 3120 2850 2355 2030 1960]
COM6 0 53
0
[2685 2685 2515 2845 2710 2635 2765 2555] [3085 2980 3200 2975 2565 2210 1785 1880]
[2915 2820 2635 2690 2870 2700 2595 2730] [3065 3225 3130 2945 2590 2185 1685 1645]
[2640 2820 2695 2710 2650 2775 2705 2575] [3130 3240 3170 2805 2540 2270 1815 1635]
[2740 2640 2760 2605 2745 2875 2630 2580] [3210 3355 3080 2985 2640 2210 1735 1725]
[2645 2560 2905 2645 2840 2915 2695 2725] [3205 3140 3175 2690 2670 2315 1905 1830]
[2365 2775 2695 2860 2680 2795 2570 2710] [3065 3135 3065 3035 2685 2300 1955 1905]
[2560 2825 2605 2405 2830 2885 2885 2595] [3110 3500 3375 3170 2830 2310 2065 1905]
[2830 2805 2695 2740 3030 2840 2870 2690] [3210 3530 3070 3120 2850 2355 2030 1960]
COM4 1 54
0
[2685 2685 2515 2845 2710 2635 2765 2555] [2940 3035 3170 2840 2535 2280 2360 2095]
[2915 2820 2635 2690 2870 2700 2595 2730] [2960 3110 3180 2915 2730 2315 2265 1995]
[2640 2820 2695 2710 2650 2775 2705 2575] [3050 3110 2995 2955 2630 2465 2125 1700]
[2740 2640 2760 2605 2745 2875 2630 2580] [3135 3120 3205 3065 2830 2330 2030 1800]
[2645 2560 2905 2645 2840 2915 2695 2725] [3100 3270 3300 3040 2765 2425 2150 1895]
[2365 2775 2695 2860 2680 2795 2570 2710] [3080 3370 3075 3090 2885 2595 2170 1955]
[2560 2825 2605 2405 2830 2885 2885 2595] [3205 3090 3315 3170 3100 2600 2235 1955]
[2830 2805 2695 2740 3030 2840 2870 2690] [3295 3350 2975 3380 3080 2580 2295 1920]
COM6 0 55
0
[2650 2895 3005 2980 2765 2745 3040 2710] [2940 3035 3170 2840 2535 2280 2360 2095]
[2825 2880 2695 2985 2840 2905 2770 2975] [2960 3110 3180 2915 2730 2315 2265 1995]
[2605 3045 2940 2895 2840 2920 2900 3040] [3050 3110 2995 2955 2630 2465 2125 1700]
[2730 2885 2835 2735 3005 2840 2985 2855] [3135 3120 3205 3065 2830 2330 2030 1800]
[2840 3000 2915 2790 2945 2940 3010 3200] [3100 3270 3300 3040 2765 2425 2150 1895]
[3075 2880 3115 3235 2920 2875 3095 2920] [3080 3370 3075 3090 2885 2595 2170 1955]
[2935 2950 2995 2960 2990 3205 2760 2890] [3205 3090 3315 3170 3100 2600 2235 1955]
[3120 2975 2925 2855 3170 3040 3110 2875] [3295 3350 2975 3380 3080 2580 2295 1920]
COM4 1 56
0
[2650 2895 3005 2980 2765 2745 3040 2710] [3080 2975 3045 2845 2710 2325 2290 2170]
[2825 2880 2695 2985 2840 2905 2770 2975] [3120 3090 3165 3025 2810 2505 2180 1880]
[2605 3045 2940 2895 2840 2920 2900 3040] [3085 3280 3245 2905 2935 2280 2335 1895]
[2730 2885 2835 2735 3005 2840 2985 2855] [3290 3175 3240 3105 2900 2520 2120 1835]
[2840 3000 2915 2790 2945 2940 3010 3200] [3165 3180 3195 2940 3195 2915 2455 2100]
[3075 2880 3115 3235 2920 2875 3095 2920] [3090 3145 3120 3210 3040 3070 2450 2120]
[2935 2950 2995 2960 2990 3205 2760 2890] [3400 3385 3090 3295 3125 3140 2520 2155]
[3120 2975 2925 2855 3170 3040 3110 2875] [3350 3100 3375 3135 3125 2800 2610 2150]
COM6 0 57
0
[2890 2915 2890 3045 3060 2875 3095 2915] [3080 2975 3045 2845 2710 2325 2290 2170]
[3005 2900 2965 3160 2965 2955 2895 3010] [3120 3090 3165 3025 2810 2505 2180 1880]
[2895 3125 3050 2875 2980 3005 2905 3040] [3085 3280 3245 2905 2935 2280 2335 1895]
[3110 3120 3030 2985 3095 2935 3060 2980] [3290 3175 3240 3105 2900 2520 2120 1835]
[3005 3125 3215 3135 3095 3060 3145 3230] [3165 3180 3195 2940 3195 2915 2455 2100]
[3040 3040 3065 2955 2920 3220 3265 2945] [3090 3145 3120 3210 3040 3070 2450 2120]
[2925 3115 2980 3110 2975 3020 2985 3280] [3400 3385 3090 3295 3125 3140 2520 2155]
[3330 3105 3210 3205 3200 3125 2970 3140] [3350 3100 3375 3135 3125 2800 2610 2150]
COM4 1 58
0
[2890 2915 2890 3045 3060 2875 3095 2915] [3255 3115 3130 3035 3120 2530 2420 2360]
[3005 2900 2965 3160 2965 2955 2895 3010] [3115 3135 3130 2970 2955 2725 2350 2240]
[2895 3125 3050 2875 2980 3005 2905 3040] [3090 3120 3160 2945 3090 2840 2435 2225]
[3110 3120 3030 2985 3095 2935 3060 2980] [3180 3150 3135 3210 3005 2950 2740 2155]
[3005 3125 3215 3135 3095 3060 3145 3230] [3090 2900 3255 3060 3095 2910 2865 2600]
[3040 3040 3065 2955 2920 3220 3265 2945] [3095 3100 3335 3160 3050 3185 2940 2575]
[2925 3115 2980 3110 2975 3020 2985 3280] [3225 3100 3235 3080 3010 3135 2885 2750]
[3330 3105 3210 3205 3200 3125 2970 3140] [2965 3205 3100 3175 3035 3245 3045 2680]
COM6 0 59
0
[2855 2760 3005 2825 2920 2905 2960 3020] [3255 3115 3130 3035 3120 2530 2420 2360]
[3080 2975 2850 2910 2955 2985 2925 2955] [3115 3135 3130 2970 2955 2725 2350 2240]
[2910 2965 3060 2930 3035 2995 2855 2915] [3090 3120 3160 2945 3090 2840 2435 2225]
[3070 2930 3235 2865 3085 2910 2990 2830] [3180 3150 3135 3210 3005 2950 2740 2155]
[2915 2990 3200 2945 2990 2980 3080 3020] [3090 2900 3255 3060 3095 2910 2865 2600]
[3025 2985 3015 3025 2880 2845 3055 2725] [3095 3100 3335 3160 3050 3185 2940 2575]
[3025 3090 2815 3070 3010 2995 2795 3310] [3225 3100 3235 3080 3010 3135 2885 2750]
[3205 2875 2995 2990 2995 2875 2965 2900] [2965 3205 3100 3175 3035 3245 3045 2680]
COM4 1 60
0
[2855 2760 3005 2825 2920 2905 2960 3020] [3115 3210 3275 2960 3090 2830 2525 2255]
[3080 2975 2850 2910 2955 2985 2925 2955] [3070 3045 3120 3100 2995 3155 2610 2355]
[2910 2965 3060 2930 3035 2995 2855 2915] [2990 3085 3120 3055 3155 3060 2755 2435]
[3070 2930 3235 2865 3085 2910 2990 2830] [3115 3005 3265 3035 3015 3010 3000 2680]
[2915 2990 3200 2945 2990 2980 3080 3020] [3215 3210 3240 3090 3190 3040 3035 2970]
[3025 2985 3015 3025 2880 2845 3055 2725] [2985 3090 2905 3170 2900 3090 3260 3205]
[3025 3090 2815 3070 3010 2995 2795 3310] [3145 3445 3150 3305 3050 3140 3080 2900]
[3205 2875 2995 2990 2995 2875 2965 2900] [3120 2895 2970 3140 3220 3160 3125 3070]
COM6 0 61
0
[2990 2995 3070 2885 2920 2995 2985 2920] [3115 3210 3275 2960 3090 2830 2525 2255]
[2895 3005 2960 3160 2800 2950 2875 2840] [3070 3045 3120 3100 2995 3155 2610 2355]
[2990 2965 2975 2945 3005 2955 3010 2865] [2990 3085 3120 3055 3155 3060 2755 2435]
[2780 2965 3110 3040 2975 3055 3010 2880] [3115 3005 3265 3035 3015 3010 3000 2680]
[3160 2940 2770 2920 2840 2980 2910 3050] [3215 3210 3240 3090 3190 3040 3035 2970]
[2825 2945 3045 3050 2925 3110 3060 2800] [2985 3090 2905 3170 2900 3090 3260 3205]
[2925 3085 3045 3195 2970 2835 3140 3085] [3145 3445 3150 3305 3050 3140 3080 2900]
[3140 2915 3185 3030 2970 2945 3070 2995] [3120 2895 2970 3140 3220 3160 3125 3070]
COM4 1 62
0
[2990 2995 3070 2885 2920 2995 2985 2920] [3290 3090 3180 3205 3275 3105 2835 2615]
[2895 3005 2960 3160 2800 2950 2875 2840] [3270 3340 3160 3095 3095 3035 3175 2740]
[2990 2965 2975 2945 3005 2955 3010 2865] [3050 3090 2990 3150 3255 3120 3045 2940]
[2780 2965 3110 3040 2975 3055 3010 2880] [3300 3045 3250 3140 2910 3050 3095 2800]
[3160 2940 2770 2920 2840 2980 2910 3050] [3240 3170 3245 2925 3245 3290 3445 3125]
[2825 2945 3045 3050 2925 3110 3060 2800] [3015 3280 3065 3165 3175 3120 3190 3200]
[2925 3085 3045 3195 2970 2835 3140 3085] [3245 3400 3390 3245 3130 3285 3050 3265]
[3140 2915 3185 3030 2970 2945 3070 2995] [3520 3355 3325 3385 3455 3275 3220 3015]
COM6 0 63
0
[3055 2615 3000 2870 2815 2820 3045 2845] [3290 3090 3180 3205 3275 3105 2835 2615]
[3040 3090 2900 3135 2925 3000 2875 3045] [3270 3340 3160 3095 3095 3035 3175 2740]
[2895 3035 3050 2850 3000 2980 2995 2895] [3050 3090 2990 3150 3255 3120 3045 2940]
[2925 2850 3100 3045 2990 3010 2950 2795] [3300 3045 3250 3140 2910 3050 3095 2800]
[3020 3070 3115 2890 3065 2980 3170 2965] [3240 3170 3245 2925 3245 3290 3445 3125]
[2910 3125 3225 3050 2915 3005 2975 2930] [3015 3280 3065 3165 3175 3120 3190 3200]
[2935 3055 3020 2965 2910 2960 2815 2915] [3245 3400 3390 3245 3130 3285 3050 3265]
[3170 3145 3205 3070 2925 2970 3005 2735] [3520 3355 3325 3385 3455 3275 3220 3015]
COM4 1 64
0
[3055 2615 3000 2870 2815 2820 3045 2845] [3325 3210 3410 3405 3350 3095 3205 3000]
[3040 3090 2900 3135 2925 3000 2875 3045] [3475 3285 3350 3195 3385 3340 3210 3115]
[2895 3035 3050 2850 3000 2980 2995 2895] [3520 3515 3215 3350 3425 3095 3285 3005]
[2925 2850 3100 3045 2990 3010 2950 2795] [3390 3405 3460 3310 3145 3245 3260 2995]
[3020 3070 3115 2890 3065 2980 3170 2965] [3280 3450 3435 3250 3325 3280 3310 3115]
[2910 3125 3225 3050 2915 3005 2975 2930] [3440 3480 3325 3245 3205 3205 3215 3310]
[2935 3055 3020 2965 2910 2960 2815 2915] [3230 3430 3395 3320 3230 3265 3280 3385]
[3170 3145 3205 3070 2925 2970 3005 2735] [3285 3080 3495 3410 3345 3200 3360 3405]
COM6 0 65
0
[2915 2905 3150 3175 2895 2905 3105 3200] [3325 3210 3410 3405 3350 3095 3205 3000]
[3435 3145 3030 3180 2945 3000 3075 3030] [3475 3285 3350 3195 3385 3340 3210 3115]
[3215 3135 3100 2895 2990 2925 3110 3185] [3520 3515 3215 3350 3425 3095 3285 3005]
[3130 3045 3110 3030 3080 3090 3060 3195] [3390 3405 3460 3310 3145 3245 3260 2995]
[3160 3140 3305 3050 3200 3140 3205 3110] [3280 3450 3435 3250 3325 3280 3310 3115]
[3345 3100 3175 3190 2905 3110 3205 2965] [3440 3480 3325 3245 3205 3205 3215 3310]
[3050 3165 3085 3165 3100 3200 3240 3105] [3230 3430 3395 3320 3230 3265 3280 3385]
[3030 3130 3040 3165 3140 3105 3370 3335] [3285 3080 3495 3410 3345 3200 3360 3405]