COM4 1 6
3
[2550 2830 2640 2720 2740 2800 2760 2670] [2155 2535 2935 3280 3370 2985 3155 3140]
[2940 2920 2905 2855 2900 2935 2810 2570] [2135 2385 2615 3135 3005 3235 3020 3045]
[2715 2895 2955 2765 2965 2840 2870 2610] [1960 2535 2845 3010 3130 2785 3280 3175]
[2790 2810 2950 2830 2910 2980 2870 2700] [1915 2250 2755 3085 3105 3105 2940 3200]
[2930 2725 2965 2915 2995 2885 2960 2860] [1800 2305 2645 2865 3275 3230 3250 3140]
[3050 2950 3110 2925 2990 2955 2925 2860] [1800 2040 2710 3095 3045 3200 3060 3125]
[2865 2915 3155 3185 2975 2855 2825 2845] [1940 2030 2350 2805 3230 3040 3060 3235]
[2840 2965 2675 3085 3050 3235 3020 2845] [2175 2020 2510 3130 2950 3485 3100 3025]
COM6 0 7
3
[2680 2725 2670 2850 2985 2815 2835 2550] [2155 2535 2935 3280 3370 2985 3155 3140]
[2945 2995 2850 2885 2840 2700 2840 2785] [2135 2385 2615 3135 3005 3235 3020 3045]
[2855 3070 2850 3070 3000 3000 2840 2600] [1960 2535 2845 3010 3130 2785 3280 3175]
[2875 2850 3020 2725 2940 2920 2865 2880] [1915 2250 2755 3085 3105 3105 2940 3200]
[2725 3050 2960 2970 3165 2775 2940 3150] [1800 2305 2645 2865 3275 3230 3250 3140]
[2750 2860 3015 2900 2815 3025 2925 2740] [1800 2040 2710 3095 3045 3200 3060 3125]
[3085 3075 2975 2910 2865 2680 2760 3020] [1940 2030 2350 2805 3230 3040 3060 3235]
[2890 2815 2850 2905 2935 3055 2730 2575] [2175 2020 2510 3130 2950 3485 3100 3025]
COM4 1 8
3
[2680 2725 2670 2850 2985 2815 2835 2550] [2055 2575 2650 3155 3220 3265 3185 3255]
[2945 2995 2850 2885 2840 2700 2840 2785] [1970 2510 2915 3115 3130 3270 3180 3125]
[2855 3070 2850 3070 3000 3000 2840 2600] [1855 2515 2880 3160 3130 3230 3330 3110]
[2875 2850 3020 2725 2940 2920 2865 2880] [1835 2305 2670 3090 3135 3145 3230 3210]
[2725 3050 2960 2970 3165 2775 2940 3150] [1770 2250 2520 2770 3240 3035 3145 3170]
[2750 2860 3015 2900 2815 3025 2925 2740] [2025 2025 2575 2935 2895 3215 3180 3215]
[3085 3075 2975 2910 2865 2680 2760 3020] [1975 2185 2470 3010 3165 3135 3210 3350]
[2890 2815 2850 2905 2935 3055 2730 2575] [1880 2035 2400 3265 3090 3260 3335 3145]
COM6 0 9
3
[2620 2815 2880 2740 2735 2705 2935 2490] [2055 2575 2650 3155 3220 3265 3185 3255]
[2890 2830 2820 2880 2870 2840 2905 2680] [1970 2510 2915 3115 3130 3270 3180 3125]
[2665 2945 2845 2800 2820 2815 2750 2670] [1855 2515 2880 3160 3130 3230 3330 3110]
[2815 2840 3070 2910 3000 2805 2875 2670] [1835 2305 2670 3090 3135 3145 3230 3210]
[2910 2905 2990 2895 3120 2810 3035 2930] [1770 2250 2520 2770 3240 3035 3145 3170]
[2810 2695 3010 2935 2745 2950 3110 2755] [2025 2025 2575 2935 2895 3215 3180 3215]
[2885 2805 2980 2895 2905 2950 2885 2880] [1975 2185 2470 3010 3165 3135 3210 3350]
[2730 2880 2940 3020 2850 3065 2945 2520] [1880 2035 2400 3265 3090 3260 3335 3145]
COM4 1 10
3
[2620 2815 2880 2740 2735 2705 2935 2490] [2300 2530 2990 2960 3080 2955 3125 3200]
[2890 2830 2820 2880 2870 2840 2905 2680] [2230 2540 2940 3020 3115 3330 3170 3010]
[2665 2945 2845 2800 2820 2815 2750 2670] [2205 2595 3075 3075 3110 3120 3305 3185]
[2815 2840 3070 2910 3000 2805 2875 2670] [2040 2510 2685 3110 3075 2925 3400 3290]
[2910 2905 2990 2895 3120 2810 3035 2930] [2055 2215 2640 2820 3365 3210 3250 3305]
[2810 2695 3010 2935 2745 2950 3110 2755] [1865 1995 2545 3310 3095 3110 3590 3405]
[2885 2805 2980 2895 2905 2950 2885 2880] [2020 2220 2510 2940 3245 3135 3340 3395]
[2730 2880 2940 3020 2850 3065 2945 2520] [2225 2295 2385 3060 3360 3440 3200 3670]
COM6 0 11
3
[2865 2770 2955 2680 2930 2745 2910 2595] [2300 2530 2990 2960 3080 2955 3125 3200]
[2870 2815 2655 2770 2880 2935 2890 2710] [2230 2540 2940 3020 3115 3330 3170 3010]
[2565 2720 2955 2925 2885 2915 2900 2850] [2205 2595 3075 3075 3110 3120 3305 3185]
[3030 3015 2980 2670 2835 2975 2890 2480] [2040 2510 2685 3110 3075 2925 3400 3290]
[2940 2975 2825 2795 2750 2885 3210 2830] [2055 2215 2640 2820 3365 3210 3250 3305]
[2825 2755 2915 2955 2830 3095 2960 2700] [1865 1995 2545 3310 3095 3110 3590 3405]
[3080 2845 2990 2915 3230 2920 2740 3055] [2020 2220 2510 2940 3245 3135 3340 3395]
[3195 2880 2945 2910 3075 2865 3020 2895] [2225 2295 2385 3060 3360 3440 3200 3670]
COM4 1 12
3
[2865 2770 2955 2680 2930 2745 2910 2595] [2310 2555 3065 3125 3125 2960 3190 3280]
[2870 2815 2655 2770 2880 2935 2890 2710] [2100 2420 3110 3085 3015 3230 3115 3020]
[2565 2720 2955 2925 2885 2915 2900 2850] [2135 2470 2940 3045 3205 3015 3050 3065]
[3030 3015 2980 2670 2835 2975 2890 2480] [2105 2205 2795 3020 3095 3145 3375 3220]
[2940 2975 2825 2795 2750 2885 3210 2830] [1840 2270 2460 2920 3035 3165 3110 3300]
[2825 2755 2915 2955 2830 3095 2960 2700] [1980 2140 2480 3015 2935 3180 3290 3175]
[3080 2845 2990 2915 3230 2920 2740 3055] [2040 2275 2445 2870 3070 3265 3290 3225]
[3195 2880 2945 2910 3075 2865 3020 2895] [2055 1855 2390 2690 3145 3135 3390 3080]
COM6 0 13
3
[3010 2825 2815 2915 2865 2795 3095 2610] [2310 2555 3065 3125 3125 2960 3190 3280]
[3000 2995 2800 2820 2975 2925 2820 2560] [2100 2420 3110 3085 3015 3230 3115 3020]
[2705 2840 2925 2825 2910 2825 2720 2790] [2135 2470 2940 3045 3205 3015 3050 3065]
[2915 2735 3005 2880 2850 2905 2890 2705] [2105 2205 2795 3020 3095 3145 3375 3220]
[2930 2660 2770 2685 2990 2885 3130 2810] [1840 2270 2460 2920 3035 3165 3110 3300]
[2990 3090 3170 3075 2830 3100 3035 2665] [1980 2140 2480 3015 2935 3180 3290 3175]
[3140 2920 2800 3090 2595 3100 2905 2750] [2040 2275 2445 2870 3070 3265 3290 3225]
[2890 2885 2775 3075 2935 2850 3200 2895] [2055 1855 2390 2690 3145 3135 3390 3080]
COM4 1 14
3
[3010 2825 2815 2915 2865 2795 3095 2610] [1945 2405 2940 3110 3035 3055 2915 3055]
[3000 2995 2800 2820 2975 2925 2820 2560] [1505 2305 2735 2965 3050 3090 2995 3100]
[2705 2840 2925 2825 2910 2825 2720 2790] [1720 2330 2875 2890 2960 3040 3070 3080]
[2915 2735 3005 2880 2850 2905 2890 2705] [1800 2305 2695 3105 3105 2880 3110 3100]
[2930 2660 2770 2685 2990 2885 3130 2810] [1610 2080 2595 3010 3130 3070 3260 3030]
[2990 3090 3170 3075 2830 3100 3035 2665] [1515 1710 2430 2885 3110 3210 3065 3360]
[3140 2920 2800 3090 2595 3100 2905 2750] [1575 2040 2420 3050 3245 3050 3100 3405]
[2890 2885 2775 3075 2935 2850 3200 2895] [1800 1715 2245 2745 2820 3230 3150 2995]
COM6 0 15
3
[2820 2770 2965 2800 2870 2915 2690 2580] [1945 2405 2940 3110 3035 3055 2915 3055]
[3025 3055 2925 3090 2840 2800 2735 2765] [1505 2305 2735 2965 3050 3090 2995 3100]
[2785 3240 2990 2740 2915 2890 2865 2815] [1720 2330 2875 2890 2960 3040 3070 3080]
[2915 3075 3015 2995 3000 3065 2890 2945] [1800 2305 2695 3105 3105 2880 3110 3100]
[2680 2830 2915 2970 2895 2800 2800 2915] [1610 2080 2595 3010 3130 3070 3260 3030]
[2965 2870 3075 2935 2740 2950 3010 2900] [1515 1710 2430 2885 3110 3210 3065 3360]
[2690 2915 2685 3290 2870 2860 2885 2700] [1575 2040 2420 3050 3245 3050 3100 3405]
[2790 3020 2900 2935 2910 2825 2935 2895] [1800 1715 2245 2745 2820 3230 3150 2995]
COM4 1 16
3
[2820 2770 2965 2800 2870 2915 2690 2580] [1860 2270 2900 3010 3230 2935 2940 2975]
[3025 3055 2925 3090 2840 2800 2735 2765] [1770 2240 2665 2885 2690 3110 2960 2925]
[2785 3240 2990 2740 2915 2890 2865 2815] [1705 2360 2645 2895 3255 3000 3025 2860]
[2915 3075 3015 2995 3000 3065 2890 2945] [1785 2265 2635 3010 2925 3075 3040 2870]
[2680 2830 2915 2970 2895 2800 2800 2915] [1650 2335 2560 2600 3185 3005 3090 3000]
[2965 2870 3075 2935 2740 2950 3010 2900] [1615 2030 2240 2845 2950 3075 3100 3340]
[2690 2915 2685 3290 2870 2860 2885 2700] [1690 1930 2425 2830 3125 3345 3075 2995]
[2790 3020 2900 2935 2910 2825 2935 2895] [1720 1930 2310 2750 2845 3055 3485 3085]
COM6 0 17
3
[3065 2790 2870 2950 2895 2790 3005 2620] [1860 2270 2900 3010 3230 2935 2940 2975]
[3190 2930 2925 3040 3040 2805 2905 2680] [1770 2240 2665 2885 2690 3110 2960 2925]
[2700 2945 2990 2920 2765 3020 2895 2745] [1705 2360 2645 2895 3255 3000 3025 2860]
[2785 3195 3100 3045 3080 2970 2945 2855] [1785 2265 2635 3010 2925 3075 3040 2870]
[3060 2940 2970 2955 3100 2960 2825 3240] [1650 2335 2560 2600 3185 3005 3090 3000]
[3325 2835 3125 3055 2825 3210 2910 2810] [1615 2030 2240 2845 2950 3075 3100 3340]
[3220 3030 3100 3005 2900 3125 2855 2835] [1690 1930 2425 2830 3125 3345 3075 2995]
[2930 3280 3090 3120 3020 3090 3175 2885] [1720 1930 2310 2750 2845 3055 3485 3085]
COM4 1 18
3
[3065 2790 2870 2950 2895 2790 3005 2620] [2335 2710 3090 3280 3415 3235 3315 3220]
[3190 2930 2925 3040 3040 2805 2905 2680] [2090 2365 3075 3205 3140 3245 3245 3345]
[2700 2945 2990 2920 2765 3020 2895 2745] [2035 2420 3005 3095 3340 3075 3240 3095]
[2785 3195 3100 3045 3080 2970 2945 2855] [2180 2315 2800 3130 3250 3285 3395 3325]
[3060 2940 2970 2955 3100 2960 2825 3240] [1900 2205 2590 2920 3360 3140 3350 3350]
[3325 2835 3125 3055 2825 3210 2910 2810] [1800 2125 2565 3065 2955 3215 3215 3345]
[3220 3030 3100 3005 2900 3125 2855 2835] [2005 2145 2465 3155 3170 3320 3155 3420]
[2930 3280 3090 3120 3020 3090 3175 2885] [1895 2110 2420 3280 3300 3255 3170 3325]
COM6 0 19
3
[2850 2605 2765 2940 2925 2790 2925 2545] [2335 2710 3090 3280 3415 3235 3315 3220]
[2825 2695 2820 2915 2800 2930 2750 2560] [2090 2365 3075 3205 3140 3245 3245 3345]
[2895 2845 2715 2980 2935 2795 2865 2810] [2035 2420 3005 3095 3340 3075 3240 3095]
[2770 2770 2905 2800 2915 2865 2815 2595] [2180 2315 2800 3130 3250 3285 3395 3325]
[2935 2720 2845 2915 2870 2935 3105 2990] [1900 2205 2590 2920 3360 3140 3350 3350]
[2725 2880 2995 2765 2995 2925 2920 2695] [1800 2125 2565 3065 2955 3215 3215 3345]
[2935 2710 2975 2905 2905 2865 2725 2835] [2005 2145 2465 3155 3170 3320 3155 3420]
[3195 2855 2935 2825 3070 3115 3010 2705] [1895 2110 2420 3280 3300 3255 3170 3325]
COM4 1 20
3
[2850 2605 2765 2940 2925 2790 2925 2545] [2335 2370 3025 3125 3080 3190 3005 3120]
[2825 2695 2820 2915 2800 2930 2750 2560] [2100 2555 2870 3220 3135 3055 3130 3170]
[2895 2845 2715 2980 2935 2795 2865 2810] [2065 2455 2975 3000 3125 3365 3320 3085]
[2770 2770 2905 2800 2915 2865 2815 2595] [2025 2385 2700 3085 3130 3205 3035 2925]
[2935 2720 2845 2915 2870 2935 3105 2990] [2100 2250 2790 2795 3115 3075 3225 3270]
[2725 2880 2995 2765 2995 2925 2920 2695] [2070 2220 2445 2875 3085 2755 3300 3260]
[2935 2710 2975 2905 2905 2865 2725 2835] [2100 2210 2635 3235 3345 3035 3380 3405]
[3195 2855 2935 2825 3070 3115 3010 2705] [2265 2320 2360 2975 3135 3200 3245 3355]
COM6 0 21
3
[2770 2615 2705 2845 2815 2785 2805 2335] [2335 2370 3025 3125 3080 3190 3005 3120]
[3025 2995 2935 2755 2865 2925 2860 2775] [2100 2555 2870 3220 3135 3055 3130 3170]
[2795 2935 2990 2765 2835 3015 2980 2780] [2065 2455 2975 3000 3125 3365 3320 3085]
[2895 2710 3025 2740 2940 3015 2905 2695] [2025 2385 2700 3085 3130 3205 3035 2925]
[3200 2660 2995 2970 2975 2845 3080 2805] [2100 2250 2790 2795 3115 3075 3225 3270]
[2990 2895 2835 2920 2920 2955 2940 2955] [2070 2220 2445 2875 3085 2755 3300 3260]
[3105 2745 2925 2910 2810 2780 2935 2925] [2100 2210 2635 3235 3345 3035 3380 3405]
[2940 2800 2855 2945 2770 2760 3175 3010] [2265 2320 2360 2975 3135 3200 3245 3355]
COM4 1 22
3
[2770 2615 2705 2845 2815 2785 2805 2335] [2310 2485 3065 3000 3395 3100 3095 3110]
[3025 2995 2935 2755 2865 2925 2860 2775] [1845 2475 3100 3105 2995 3125 3010 2915]
[2795 2935 2990 2765 2835 3015 2980 2780] [1995 2475 2715 3130 3285 3095 2980 3255]
[2895 2710 3025 2740 2940 3015 2905 2695] [2045 2290 2945 2955 2980 2955 3025 2920]
[3200 2660 2995 2970 2975 2845 3080 2805] [1930 2210 2645 2795 3195 3285 3000 3135]
[2990 2895 2835 2920 2920 2955 2940 2955] [2100 1915 2440 2870 2995 3340 3105 3250]
[3105 2745 2925 2910 2810 2780 2935 2925] [1840 2040 2250 2935 3160 3240 3175 3010]
[2940 2800 2855 2945 2770 2760 3175 3010] [1955 2175 2290 3025 3020 2730 3005 3250]
COM6 0 23
3
[2930 2875 2745 3100 2850 2660 2940 2495] [2310 2485 3065 3000 3395 3100 3095 3110]
[2910 3165 2830 2955 2780 2935 2855 2585] [1845 2475 3100 3105 2995 3125 3010 2915]
[2755 2770 3065 2905 2890 3000 2870 2840] [1995 2475 2715 3130 3285 3095 2980 3255]
[3150 3160 3000 2775 2895 2985 2775 2600] [2045 2290 2945 2955 2980 2955 3025 2920]
[3140 3050 2925 2805 2790 3005 2990 2895] [1930 2210 2645 2795 3195 3285 3000 3135]
[2850 2970 3220 3185 2830 2830 3095 2790] [2100 1915 2440 2870 2995 3340 3105 3250]
[3165 2755 2965 3125 2780 2955 2980 2675] [1840 2040 2250 2935 3160 3240 3175 3010]
[3155 2800 3080 2800 2705 3110 2990 3035] [1955 2175 2290 3025 3020 2730 3005 3250]
COM4 1 24
3
[2930 2875 2745 3100 2850 2660 2940 2495] [2020 2595 3035 3200 3010 3180 3190 3130]
[2910 3165 2830 2955 2780 2935 2855 2585] [1795 2510 3035 3275 3215 3205 3220 3100]
[2755 2770 3065 2905 2890 3000 2870 2840] [1920 2520 2915 3020 3180 3090 3245 3225]
[3150 3160 3000 2775 2895 2985 2775 2600] [1895 2260 2750 3295 3115 3215 3205 3170]
[3140 3050 2925 2805 2790 3005 2990 2895] [1695 2230 2650 3010 3110 3145 3220 3300]
[2850 2970 3220 3185 2830 2830 3095 2790] [1680 2175 2400 3190 3080 3245 3195 3295]
[3165 2755 2965 3125 2780 2955 2980 2675] [1785 2125 2550 3065 3120 3370 3350 3035]
[3155 2800 3080 2800 2705 3110 2990 3035] [1760 2040 2370 3070 3175 3345 3010 2845]
COM6 0 25
3
[2630 2640 2630 2715 2760 2710 2780 2550] [2020 2595 3035 3200 3010 3180 3190 3130]
[2935 2775 2870 2980 3015 2825 2885 2700] [1795 2510 3035 3275 3215 3205 3220 3100]
[2620 3040 2925 2870 2935 2895 2780 2725] [1920 2520 2915 3020 3180 3090 3245 3225]
[2765 2865 2825 3105 3005 2950 2960 2595] [1895 2260 2750 3295 3115 3215 3205 3170]
[2855 2890 2875 2970 3010 2685 2850 3000] [1695 2230 2650 3010 3110 3145 3220 3300]
[2875 2920 2670 2895 2830 2880 3015 2630] [1680 2175 2400 3190 3080 3245 3195 3295]
[2960 2785 2915 2975 3055 2890 2960 2850] [1785 2125 2550 3065 3120 3370 3350 3035]
[3045 2890 2945 2940 3100 3085 2905 2810] [1760 2040 2370 3070 3175 3345 3010 2845]
COM4 1 26
3
[2630 2640 2630 2715 2760 2710 2780 2550] [2365 2590 3315 3295 3185 3105 3025 3180]
[2935 2775 2870 2980 3015 2825 2885 2700] [2070 2535 3285 3130 3240 3255 3225 3190]
[2620 3040 2925 2870 2935 2895 2780 2725] [2075 2405 2965 3175 3200 3195 3075 3155]
[2765 2865 2825 3105 3005 2950 2960 2595] [2070 2500 2980 3175 3260 3050 3270 3270]
[2855 2890 2875 2970 3010 2685 2850 3000] [2000 2565 2680 2775 3185 3220 3395 3340]
[2875 2920 2670 2895 2830 2880 3015 2630] [2095 2150 2575 2990 3070 3020 3300 3515]
[2960 2785 2915 2975 3055 2890 2960 2850] [2050 2075 2445 2865 3165 3175 3460 3325]
[3045 2890 2945 2940 3100 3085 2905 2810] [2185 2140 2480 2745 3325 3135 3430 3290]
COM6 0 27
3
[3030 2950 2955 2940 2805 2770 2945 2565] [2365 2590 3315 3295 3185 3105 3025 3180]
[3000 2985 2920 2875 2810 3085 2890 2825] [2070 2535 3285 3130 3240 3255 3225 3190]
[3410 2785 3050 2700 2845 2895 2810 2810] [2075 2405 2965 3175 3200 3195 3075 3155]
[2970 2885 2995 3055 2940 3000 2940 2675] [2070 2500 2980 3175 3260 3050 3270 3270]
[3120 3110 3110 2935 2975 2980 2860 2810] [2000 2565 2680 2775 3185 3220 3395 3340]
[2990 3110 2950 3100 2975 2915 3035 2920] [2095 2150 2575 2990 3070 3020 3300 3515]
[3005 2940 2900 3120 2830 2945 2825 3010] [2050 2075 2445 2865 3165 3175 3460 3325]
[3190 3040 3065 2665 2890 3240 2945 2775] [2185 2140 2480 2745 3325 3135 3430 3290]
COM4 1 28
3
[3030 2950 2955 2940 2805 2770 2945 2565] [1925 2240 2935 3005 2970 3000 2935 2985]
[3000 2985 2920 2875 2810 3085 2890 2825] [1750 2185 2745 3010 2910 3070 2960 2800]
[3410 2785 3050 2700 2845 2895 2810 2810] [1760 2125 2710 2890 3130 3270 3095 3040]
[2970 2885 2995 3055 2940 3000 2940 2675] [1640 2110 2490 2960 3055 2955 3045 2865]
[3120 3110 3110 2935 2975 2980 2860 2810] [1590 2050 2630 2770 3135 2875 3215 3055]
[2990 3110 2950 3100 2975 2915 3035 2920] [1390 1750 2525 2955 3020 3085 3085 3145]
[3005 2940 2900 3120 2830 2945 2825 3010] [1545 1890 2285 2885 2840 3225 3215 3225]
[3190 3040 3065 2665 2890 3240 2945 2775] [1740 1660 2120 2700 2895 3035 3275 2925]
COM6 0 29
3
[2940 2870 2890 2915 2890 2850 2940 2630] [1925 2240 2935 3005 2970 3000 2935 2985]
[2990 3110 2825 3045 2810 2905 2865 2740] [1750 2185 2745 3010 2910 3070 2960 2800]
[2975 2870 2970 2840 3000 2940 2900 2930] [1760 2125 2710 2890 3130 3270 3095 3040]
[3025 2910 3015 2800 2960 2920 2865 2835] [1640 2110 2490 2960 3055 2955 3045 2865]
[2850 2975 3010 2865 3100 2860 2885 3000] [1590 2050 2630 2770 3135 2875 3215 3055]
[3060 2985 3015 2955 2985 3075 2895 2745] [1390 1750 2525 2955 3020 3085 3085 3145]
[3000 2850 2945 3120 2915 2955 2715 2935] [1545 1890 2285 2885 2840 3225 3215 3225]
[3110 2880 2915 3020 3070 2690 3015 2900] [1740 1660 2120 2700 2895 3035 3275 2925]
COM4 1 30
3
[2940 2870 2890 2915 2890 2850 2940 2630] [2125 2450 2640 2930 2995 3020 2985 3175]
[2990 3110 2825 3045 2810 2905 2865 2740] [2185 2445 2890 2910 3005 3095 3085 2995]
[2975 2870 2970 2840 3000 2940 2900 2930] [1925 2330 2870 3015 3145 3195 3110 2890]
[3025 2910 3015 2800 2960 2920 2865 2835] [1855 2410 2470 2975 3125 3040 3040 3085]
[2850 2975 3010 2865 3100 2860 2885 3000] [1945 2315 2640 2725 3075 2970 3185 2910]
[3060 2985 3015 2955 2985 3075 2895 2745] [1830 2045 2580 2785 3035 3235 3180 2945]
[3000 2850 2945 3120 2915 2955 2715 2935] [1775 2115 2290 2825 3375 2965 3265 3295]
[3110 2880 2915 3020 3070 2690 3015 2900] [1880 1975 2360 2885 3070 2925 3160 3050]
COM6 0 31
3
[2995 2880 2745 2815 2770 2970 2825 2550] [2125 2450 2640 2930 2995 3020 2985 3175]
[2800 3175 3075 2900 2800 2925 2855 2725] [2185 2445 2890 2910 3005 3095 3085 2995]
[2815 3125 2905 2900 2775 2940 2720 2730] [1925 2330 2870 3015 3145 3195 3110 2890]
[3240 2950 3020 2985 2895 3015 3060 2765] [1855 2410 2470 2975 3125 3040 3040 3085]
[3155 2915 2790 2935 3070 2835 3080 3040] [1945 2315 2640 2725 3075 2970 3185 2910]
[2805 3180 3270 3035 2915 2940 2905 2570] [1830 2045 2580 2785 3035 3235 3180 2945]
[3000 2945 2965 3110 2910 2835 2705 2630] [1775 2115 2290 2825 3375 2965 3265 3295]
[3085 3010 2805 2950 2745 2945 3150 3095] [1880 1975 2360 2885 3070 2925 3160 3050]
COM4 1 32
3
[2995 2880 2745 2815 2770 2970 2825 2550] [2050 2520 3215 3420 3380 3290 3175 3230]
[2800 3175 3075 2900 2800 2925 2855 2725] [2000 2490 3115 3205 3190 3315 3205 3190]
[2815 3125 2905 2900 2775 2940 2720 2730] [2230 2450 2950 3025 3080 3155 3125 3160]
[3240 2950 3020 2985 2895 3015 3060 2765] [1955 2485 2820 3190 3260 3250 3165 3200]
[3155 2915 2790 2935 3070 2835 3080 3040] [1775 2165 2645 2650 3100 3125 3245 3305]
[2805 3180 3270 3035 2915 2940 2905 2570] [1690 1875 2460 2935 3070 3320 3270 3290]
[3000 2945 2965 3110 2910 2835 2705 2630] [1645 2190 2380 3090 3265 3305 3465 3275]
[3085 3010 2805 2950 2745 2945 3150 3095] [1955 1915 2465 2885 3170 3195 3405 3165]
COM6 0 33
3
[2825 2715 2910 2820 2850 2775 2945 2575] [2050 2520 3215 3420 3380 3290 3175 3230]
[2860 2830 2790 2860 2755 3000 2900 2570] [2000 2490 3115 3205 3190 3315 3205 3190]
[2675 2950 2800 2805 2760 2865 2860 2745] [2230 2450 2950 3025 3080 3155 3125 3160]
[2865 2910 2860 2815 2830 2930 2735 2670] [1955 2485 2820 3190 3260 3250 3165 3200]
[2900 2840 3095 2970 3145 3105 2990 2665] [1775 2165 2645 2650 3100 3125 3245 3305]
[3050 2870 2850 3035 2700 3035 2800 2570] [1690 1875 2460 2935 3070 3320 3270 3290]
[2880 2590 2990 3015 3050 2955 2870 2690] [1645 2190 2380 3090 3265 3305 3465 3275]
[3150 2635 3055 2855 2640 3085 2935 3050] [1955 1915 2465 2885 3170 3195 3405 3165]
COM4 1 34
3
[2825 2715 2910 2820 2850 2775 2945 2575] [1810 2200 2850 2800 2975 2805 2850 2910]
[2860 2830 2790 2860 2755 3000 2900 2570] [1820 2185 2760 2880 3075 3210 2970 2885]
[2675 2950 2800 2805 2760 2865 2860 2745] [1845 2205 2690 2840 3210 2950 2920 2880]
[2865 2910 2860 2815 2830 2930 2735 2670] [1800 2435 2785 2980 2960 3240 3105 2895]
[2900 2840 3095 2970 3145 3105 2990 2665] [1700 1935 2480 2790 2885 2990 2990 3190]
[3050 2870 2850 3035 2700 3035 2800 2570] [1540 1875 2375 2830 2940 3040 3135 3165]
[2880 2590 2990 3015 3050 2955 2870 2690] [1600 1915 2200 2695 3095 3280 3075 3110]
[3150 2635 3055 2855 2640 3085 2935 3050] [1725 1805 2320 2640 3015 3265 3070 3175]
COM6 0 35
3
[2950 2760 2765 2710 2985 2710 2925 2755] [1810 2200 2850 2800 2975 2805 2850 2910]
[2905 2920 2820 3180 2975 2865 2855 2690] [1820 2185 2760 2880 3075 3210 2970 2885]
[2840 3075 2925 3010 2795 2900 2770 2700] [1845 2205 2690 2840 3210 2950 2920 2880]
[2960 3125 3135 2945 2815 2930 2935 2800] [1800 2435 2785 2980 2960 3240 3105 2895]
[3040 3050 3010 2785 2865 2715 3055 2790] [1700 1935 2480 2790 2885 2990 2990 3190]
[2850 2915 3015 2575 2985 2940 3000 2620] [1540 1875 2375 2830 2940 3040 3135 3165]
[2995 3195 3225 3140 3100 3040 2980 3075] [1600 1915 2200 2695 3095 3280 3075 3110]
[3355 2965 2940 3050 2875 2950 3015 2725] [1725 1805 2320 2640 3015 3265 3070 3175]
COM4 1 36
3
[2950 2760 2765 2710 2985 2710 2925 2755] [1770 2415 2810 2990 3360 2920 3105 3120]
[2905 2920 2820 3180 2975 2865 2855 2690] [1750 2355 2995 2945 2940 3100 2985 3060]
[2840 3075 2925 3010 2795 2900 2770 2700] [1735 2340 2710 2950 3105 2995 2995 2945]
[2960 3125 3135 2945 2815 2930 2935 2800] [1695 2115 2560 2945 3125 2900 3030 2980]
[3040 3050 3010 2785 2865 2715 3055 2790] [1605 2000 2465 2650 3075 3140 3085 2950]
[2850 2915 3015 2575 2985 2940 3000 2620] [1615 1780 2360 2850 3050 3125 3245 3140]
[2995 3195 3225 3140 3100 3040 2980 3075] [1520 1885 2240 2575 3185 3345 3195 3110]
[3355 2965 2940 3050 2875 2950 3015 2725] [1610 1740 2260 3310 3140 3325 3300 3115]
COM6 0 37
3
[2790 2640 2765 2925 2910 2900 2940 2700] [1770 2415 2810 2990 3360 2920 3105 3120]
[3005 2985 2840 2805 2880 3035 2770 2675] [1750 2355 2995 2945 2940 3100 2985 3060]
[2845 2940 2875 2815 2930 2870 2945 2600] [1735 2340 2710 2950 3105 2995 2995 2945]
[2825 2760 2905 2820 2935 2770 2850 2660] [1695 2115 2560 2945 3125 2900 3030 2980]
[3205 3105 2965 2920 2910 2865 3170 2770] [1605 2000 2465 2650 3075 3140 3085 2950]
[2625 2880 3105 2915 2825 2875 2700 2760] [1615 1780 2360 2850 3050 3125 3245 3140]
[2825 2970 3100 3040 3055 3070 2715 2825] [1520 1885 2240 2575 3185 3345 3195 3110]
[3310 2795 3145 3055 3010 2910 3215 2870] [1610 1740 2260 3310 3140 3325 3300 3115]
COM4 1 38
3
[2790 2640 2765 2925 2910 2900 2940 2700] [1905 2520 2890 3060 3125 3055 3045 3215]
[3005 2985 2840 2805 2880 3035 2770 2675] [1955 2290 2745 3110 3245 3230 2945 3115]
[2845 2940 2875 2815 2930 2870 2945 2600] [1935 2395 2685 3055 3185 3095 3100 2980]
[2825 2760 2905 2820 2935 2770 2850 2660] [1650 2325 2885 3165 3065 3050 3255 3205]
[3205 3105 2965 2920 2910 2865 3170 2770] [1705 2085 2510 2875 3175 3005 3255 3060]
[2625 2880 3105 2915 2825 2875 2700 2760] [1685 1775 2585 3150 3210 3235 3250 3235]
[2825 2970 3100 3040 3055 3070 2715 2825] [1725 1855 2575 2935 3265 3055 3340 3085]
[3310 2795 3145 3055 3010 2910 3215 2870] [1775 1810 2370 3080 2825 3420 3105 3225]
COM6 0 39
3
[3030 2745 3050 2905 2805 2795 2945 2520] [1905 2520 2890 3060 3125 3055 3045 3215]
[3030 2960 2835 2775 3040 3125 2910 2550] [1955 2290 2745 3110 3245 3230 2945 3115]
[2850 2950 3050 2815 2850 2875 2885 2765] [1935 2395 2685 3055 3185 3095 3100 2980]
[2790 3070 2975 2865 2895 2920 2935 2695] [1650 2325 2885 3165 3065 3050 3255 3205]
[3120 2940 3010 2650 3155 2890 2890 3025] [1705 2085 2510 2875 3175 3005 3255 3060]
[3055 3020 3015 3200 2830 3035 3035 2905] [1685 1775 2585 3150 3210 3235 3250 3235]
[2820 2850 2970 3095 2850 2860 2690 2895] [1725 1855 2575 2935 3265 3055 3340 3085]
[3165 2855 2785 3045 3110 3070 2900 2810] [1775 1810 2370 3080 2825 3420 3105 3225]
COM4 1 40
3
[3030 2745 3050 2905 2805 2795 2945 2520] [2085 2600 3250 3315 3310 3195 3155 3170]
[3030 2960 2835 2775 3040 3125 2910 2550] [1970 2515 2960 3100 3195 3285 3085 3310]
[2850 2950 3050 2815 2850 2875 2885 2765] [1825 2370 2795 3065 3315 3025 3190 3265]
[2790 3070 2975 2865 2895 2920 2935 2695] [1840 2340 3065 3105 3135 3270 3165 3175]
[3120 2940 3010 2650 3155 2890 2890 3025] [1960 2240 2800 2910 3190 3135 3285 3275]
[3055 3020 3015 3200 2830 3035 3035 2905] [1690 2070 2545 2870 3315 3365 3315 3400]
[2820 2850 2970 3095 2850 2860 2690 2895] [1785 2280 2520 2930 3205 3205 3325 3345]
[3165 2855 2785 3045 3110 3070 2900 2810] [1920 2020 2370 2895 3230 2805 3410 3475]
COM6 0 41
3
[2715 2890 2640 2900 2820 2895 2805 2515] [2085 2600 3250 3315 3310 3195 3155 3170]
[2970 2945 2690 2970 2860 2860 2780 2700] [1970 2515 2960 3100 3195 3285 3085 3310]
[2860 2910 2835 2775 2885 2935 2815 2555] [1825 2370 2795 3065 3315 3025 3190 3265]
[3170 2930 3095 2855 2940 2955 2965 2735] [1840 2340 3065 3105 3135 3270 3165 3175]
[3000 2950 2825 2870 3000 2995 2975 2810] [1960 2240 2800 2910 3190 3135 3285 3275]
[2660 2650 2745 2935 2905 3080 3025 2600] [1690 2070 2545 2870 3315 3365 3315 3400]
[2875 2910 2980 2990 2840 2940 2680 2770] [1785 2280 2520 2930 3205 3205 3325 3345]
[3435 2880 2810 2845 2915 2900 3445 3040] [1920 2020 2370 2895 3230 2805 3410 3475]
COM4 1 42
3
[2715 2890 2640 2900 2820 2895 2805 2515] [1730 2440 2725 2910 3145 2945 2920 3095]
[2970 2945 2690 2970 2860 2860 2780 2700] [1830 2225 2660 2880 3075 2920 3020 2765]
[2860 2910 2835 2775 2885 2935 2815 2555] [1680 2250 2600 2840 3085 2955 2840 3005]
[3170 2930 3095 2855 2940 2955 2965 2735] [1680 2390 2585 2895 3040 3045 3210 2885]
[3000 2950 2825 2870 3000 2995 2975 2810] [1610 1985 2535 2745 2925 3155 2870 2960]
[2660 2650 2745 2935 2905 3080 3025 2600] [1510 1875 2450 2820 3025 3055 3010 2990]
[2875 2910 2980 2990 2840 2940 2680 2770] [1670 1870 2270 2910 3115 3340 3105 3230]
[3435 2880 2810 2845 2915 2900 3445 3040] [1665 1975 2445 2865 3010 3050 3110 3100]
COM6 0 43
3
[2700 2645 2840 2805 2855 2795 2805 2665] [1730 2440 2725 2910 3145 2945 2920 3095]
[2690 2765 2810 2785 2825 2925 2905 2600] [1830 2225 2660 2880 3075 2920 3020 2765]
[2795 2860 3000 2870 2825 2840 2900 2895] [1680 2250 2600 2840 3085 2955 2840 3005]
[2995 2950 2920 2995 2980 2870 2890 2665] [1680 2390 2585 2895 3040 3045 3210 2885]
[2820 2890 2995 2720 3100 2740 3055 2700] [1610 1985 2535 2745 2925 3155 2870 2960]
[2895 3000 3000 2910 2895 3015 3000 3020] [1510 1875 2450 2820 3025 3055 3010 2990]
[2890 3125 2825 3175 2910 2840 2995 2775] [1670 1870 2270 2910 3115 3340 3105 3230]
[2940 2720 2620 2950 2940 2740 3160 2895] [1665 1975 2445 2865 3010 3050 3110 3100]
COM4 1 44
3
[2700 2645 2840 2805 2855 2795 2805 2665] [1930 2275 2645 2935 2940 2925 2880 3040]
[2690 2765 2810 2785 2825 2925 2905 2600] [1775 2070 2850 2930 3010 3125 2960 3095]
[2795 2860 3000 2870 2825 2840 2900 2895] [1805 2120 2510 3020 3205 2980 3055 2980]
[2995 2950 2920 2995 2980 2870 2890 2665] [1695 1815 2765 2910 3065 3125 2875 2925]
[2820 2890 2995 2720 3100 2740 3055 2700] [1675 2150 2480 2965 3045 3070 3230 3155]
[2895 3000 3000 2910 2895 3015 3000 3020] [1555 1865 2195 2950 3020 3035 3105 3120]
[2890 3125 2825 3175 2910 2840 2995 2775] [1540 1955 2200 2775 3150 3185 3115 3085]
[2940 2720 2620 2950 2940 2740 3160 2895] [1670 1660 2245 2890 2900 3270 3175 3175]
COM6 0 45
3
[3050 2705 2875 2975 2915 2970 2945 2725] [1930 2275 2645 2935 2940 2925 2880 3040]
[2870 2945 2885 2915 2795 2900 2910 2730] [1775 2070 2850 2930 3010 3125 2960 3095]
[2765 3055 2985 2930 2940 2885 2775 2705] [1805 2120 2510 3020 3205 2980 3055 2980]
[2835 2950 2995 2800 3005 3120 2780 2800] [1695 1815 2765 2910 3065 3125 2875 2925]
[3035 2940 2910 3080 2940 2885 2905 2905] [1675 2150 2480 2965 3045 3070 3230 3155]
[2970 2955 3085 2940 2790 2920 3135 2765] [1555 1865 2195 2950 3020 3035 3105 3120]
[3005 2765 3130 3060 2740 3200 2510 2935] [1540 1955 2200 2775 3150 3185 3115 3085]
[3095 3085 2895 2950 2875 2950 3260 2725] [1670 1660 2245 2890 2900 3270 3175 3175]
COM4 1 46
3
[3050 2705 2875 2975 2915 2970 2945 2725] [2050 2300 2975 2960 3050 3245 2960 2990]
[2870 2945 2885 2915 2795 2900 2910 2730] [2020 2410 2720 2790 3075 3225 3085 2835]
[2765 3055 2985 2930 2940 2885 2775 2705] [1785 2320 2695 3045 3025 2995 3040 2950]
[2835 2950 2995 2800 3005 3120 2780 2800] [2070 2555 2825 2975 3070 3070 3010 2985]
[3035 2940 2910 3080 2940 2885 2905 2905] [1840 2205 2655 2815 3175 2975 3255 3215]
[2970 2955 3085 2940 2790 2920 3135 2765] [1950 2175 2450 2720 3155 3210 3145 3210]
[3005 2765 3130 3060 2740 3200 2510 2935] [1610 1985 2540 2935 3105 3205 3145 3225]
[3095 3085 2895 2950 2875 2950 3260 2725] [1835 2055 2505 2700 3085 3220 3210 3565]
COM6 0 47
3
[2855 2690 2875 2840 2910 2795 2820 2550] [2050 2300 2975 2960 3050 3245 2960 2990]
[2765 2995 2935 3065 2890 2935 2955 2550] [2020 2410 2720 2790 3075 3225 3085 2835]
[2730 2885 2965 2885 2905 2805 2875 2650] [1785 2320 2695 3045 3025 2995 3040 2950]
[2785 2885 3170 2830 2860 2820 2740 2470] [2070 2555 2825 2975 3070 3070 3010 2985]
[2700 2765 2995 2920 2910 2885 3100 2700] [1840 2205 2655 2815 3175 2975 3255 3215]
[2855 2955 2910 2955 2830 2915 3035 2830] [1950 2175 2450 2720 3155 3210 3145 3210]
[2805 3225 2940 2910 3140 2890 2710 2860] [1610 1985 2540 2935 3105 3205 3145 3225]
[2940 2880 2790 3110 2915 2805 2690 3010] [1835 2055 2505 2700 3085 3220 3210 3565]
COM4 1 48
3
[2855 2690 2875 2840 2910 2795 2820 2550] [1975 2370 2745 2940 3370 2970 2755 3105]
[2765 2995 2935 3065 2890 2935 2955 2550] [1800 2320 2865 2885 3100 3155 2940 2890]
[2730 2885 2965 2885 2905 2805 2875 2650] [1845 2290 2620 2845 3110 3015 2985 2960]
[2785 2885 3170 2830 2860 2820 2740 2470] [1780 2290 2695 2980 3005 2815 2985 2920]
[2700 2765 2995 2920 2910 2885 3100 2700] [1790 2030 2255 2710 2990 3060 2940 3015]
[2855 2955 2910 2955 2830 2915 3035 2830] [1650 1905 2270 2910 3015 2945 3285 3175]
[2805 3225 2940 2910 3140 2890 2710 2860] [1730 1990 2500 2800 3190 3070 3115 2915]
[2940 2880 2790 3110 2915 2805 2690 3010] [1600 1765 2385 2740 3010 3085 3305 3120]
COM6 0 49
3
[2700 2560 2640 2950 2745 2880 2940 2515] [1975 2370 2745 2940 3370 2970 2755 3105]
[2735 2840 2815 2920 2895 2900 2835 2540] [1800 2320 2865 2885 3100 3155 2940 2890]
[2780 2945 2825 2825 2740 2745 2820 2690] [1845 2290 2620 2845 3110 3015 2985 2960]
[2685 2930 2900 2870 3000 2845 2775 2820] [1780 2290 2695 2980 3005 2815 2985 2920]
[3060 2690 3150 2675 3120 2840 2950 2815] [1790 2030 2255 2710 2990 3060 2940 3015]
[2740 3015 3145 3070 2890 2920 2945 2740] [1650 1905 2270 2910 3015 2945 3285 3175]
[2805 3085 2645 2865 2910 2805 2765 2585] [1730 1990 2500 2800 3190 3070 3115 2915]
[2740 2875 2910 2825 2925 3015 3010 2835] [1600 1765 2385 2740 3010 3085 3305 3120]
COM4 1 50
3
[2700 2560 2640 2950 2745 2880 2940 2515] [1835 2295 2645 2915 3025 2905 2885 3075]
[2735 2840 2815 2920 2895 2900 2835 2540] [1650 2260 2645 2875 2870 3170 2990 2995]
[2780 2945 2825 2825 2740 2745 2820 2690] [1665 2080 2620 2760 3010 2990 3040 2840]
[2685 2930 2900 2870 3000 2845 2775 2820] [1745 2320 2690 2970 3095 3265 3165 3030]
[3060 2690 3150 2675 3120 2840 2950 2815] [1560 1760 2380 2790 3225 2960 3180 3035]
[2740 3015 3145 3070 2890 2920 2945 2740] [1400 1865 2490 3085 2955 2810 2970 3295]
[2805 3085 2645 2865 2910 2805 2765 2585] [1590 1970 2315 2710 3025 3050 2995 3040]
[2740 2875 2910 2825 2925 3015 3010 2835] [1610 1780 2185 2740 2910 3050 3210 2990]
COM6 0 51
3
[2590 2615 2835 2885 2710 2750 2880 2655] [1835 2295 2645 2915 3025 2905 2885 3075]
[3175 2995 2870 2885 2800 2910 2825 2680] [1650 2260 2645 2875 2870 3170 2990 2995]
[2825 2740 2725 2900 2740 2835 2850 2795] [1665 2080 2620 2760 3010 2990 3040 2840]
[3025 2945 3020 2830 2915 2870 2805 2615] [1745 2320 2690 2970 3095 3265 3165 3030]
[2845 2885 3010 2875 3005 2645 2940 2740] [1560 1760 2380 2790 3225 2960 3180 3035]
[3080 3085 3135 3140 2785 2955 3095 2875] [1400 1865 2490 3085 2955 2810 2970 3295]
[2980 3020 2785 3360 2780 2960 2980 2745] [1590 1970 2315 2710 3025 3050 2995 3040]
[3180 2805 2885 2950 2740 2945 2780 2645] [1610 1780 2185 2740 2910 3050 3210 2990]
COM4 1 52
3
[2590 2615 2835 2885 2710 2750 2880 2655] [1825 2145 2705 2905 3310 3135 3115 2930]
[3175 2995 2870 2885 2800 2910 2825 2680] [1650 2305 2900 2995 3000 3050 3060 3005]
[2825 2740 2725 2900 2740 2835 2850 2795] [1765 2240 2645 2810 3175 3125 3060 2935]
[3025 2945 3020 2830 2915 2870 2805 2615] [1655 2135 2670 2935 3005 2945 2990 3085]
[2845 2885 3010 2875 3005 2645 2940 2740] [1510 2125 2465 2775 3230 3050 3110 3200]
[3080 3085 3135 3140 2785 2955 3095 2875] [1530 1840 2390 2850 3050 3195 3105 3230]
[2980 3020 2785 3360 2780 2960 2980 2745] [1640 1855 2380 2985 2800 3240 3225 2945]
[3180 2805 2885 2950 2740 2945 2780 2645] [1650 1870 2465 2665 2895 3145 2825 3000]
COM6 0 53
3
[2950 2665 2965 2625 2840 2755 2930 2725] [1825 2145 2705 2905 3310 3135 3115 2930]
[2975 2955 2995 3095 2905 2810 2865 2545] [1650 2305 2900 2995 3000 3050 3060 3005]
[2700 2855 2815 2845 2745 2900 2715 2700] [1765 2240 2645 2810 3175 3125 3060 2935]
[3020 2905 2920 2985 2865 2980 2905 2855] [1655 2135 2670 2935 3005 2945 2990 3085]
[3070 3025 3125 2850 3000 2880 2765 2770] [1510 2125 2465 2775 3230 3050 3110 3200]
[2925 3205 3075 2895 2810 3010 3110 2785] [1530 1840 2390 2850 3050 3195 3105 3230]
[2970 2910 2895 2870 2810 3130 2950 2890] [1640 1855 2380 2985 2800 3240 3225 2945]
[2715 2990 2835 2950 2910 2770 2825 2875] [1650 1870 2465 2665 2895 3145 2825 3000]
COM4 1 54
3
[2950 2665 2965 2625 2840 2755 2930 2725] [1855 2575 2810 3000 2990 3105 3060 3145]
[2975 2955 2995 3095 2905 2810 2865 2545] [1920 2335 2915 2895 3095 3175 3045 3020]
[2700 2855 2815 2845 2745 2900 2715 2700] [2015 2355 2775 2700 3115 2920 2985 3035]
[3020 2905 2920 2985 2865 2980 2905 2855] [1980 2440 2765 3140 3125 3085 3255 2915]
[3070 3025 3125 2850 3000 2880 2765 2770] [1955 1935 2550 2810 3075 3015 2995 3070]
[2925 3205 3075 2895 2810 3010 3110 2785] [1785 2105 2455 3095 3040 3095 3130 3415]
[2970 2910 2895 2870 2810 3130 2950 2890] [1955 2275 2380 2790 3270 3300 3360 3325]
[2715 2990 2835 2950 2910 2770 2825 2875] [1995 1945 2425 2725 3085 3190 3310 3140]
COM6 0 55
3
[2820 2860 2825 2910 2640 3040 2945 2655] [1855 2575 2810 3000 2990 3105 3060 3145]
[3170 3175 2885 2975 2865 2865 2835 2790] [1920 2335 2915 2895 3095 3175 3045 3020]
[2900 3075 2870 2925 2835 3050 2900 2680] [2015 2355 2775 2700 3115 2920 2985 3035]
[3215 2935 3080 3135 2905 2875 2845 2765] [1980 2440 2765 3140 3125 3085 3255 2915]
[3155 2910 3080 2935 2925 2945 2955 3170] [1955 1935 2550 2810 3075 3015 2995 3070]
[2650 3240 3000 2960 2975 3040 3135 2570] [1785 2105 2455 3095 3040 3095 3130 3415]
[3235 3325 2990 2805 3110 3045 2980 3050] [1955 2275 2380 2790 3270 3300 3360 3325]
[3095 3090 3085 2855 2940 3175 2800 3010] [1995 1945 2425 2725 3085 3190 3310 3140]
COM4 1 56
3
[2820 2860 2825 2910 2640 3040 2945 2655] [1885 2310 2505 2800 3000 2750 2915 2970]
[3170 3175 2885 2975 2865 2865 2835 2790] [1725 2350 2725 2910 2920 3115 2865 2890]
[2900 3075 2870 2925 2835 3050 2900 2680] [1805 2315 2620 2900 3185 3135 3120 2895]
[3215 2935 3080 3135 2905 2875 2845 2765] [1640 2380 2605 2825 2915 3160 3080 2885]
[3155 2910 3080 2935 2925 2945 2955 3170] [1760 2020 2390 2760 3065 2970 3040 2915]
[2650 3240 3000 2960 2975 3040 3135 2570] [1595 1800 2475 2720 2945 3205 3250 2965]
[3235 3325 2990 2805 3110 3045 2980 3050] [1475 2055 2110 2840 2730 3085 3415 2995]
[3095 3090 3085 2855 2940 3175 2800 3010] [1740 1835 2395 2960 3000 3095 2975 3375]
COM6 0 57
3
[2840 2945 2610 2910 2810 2710 2940 2490] [1885 2310 2505 2800 3000 2750 2915 2970]
[2990 2930 3275 2860 2970 3015 2840 2720] [1725 2350 2725 2910 2920 3115 2865 2890]
[2860 3065 3000 2910 3005 2870 2975 2720] [1805 2315 2620 2900 3185 3135 3120 2895]
[3100 3070 2770 2850 2995 2985 2920 2635] [1640 2380 2605 2825 2915 3160 3080 2885]
[2935 3015 3280 2970 3005 2805 2990 2725] [1760 2020 2390 2760 3065 2970 3040 2915]
[3275 3000 3280 3020 3080 3150 3000 2850] [1595 1800 2475 2720 2945 3205 3250 2965]
[3200 3095 2845 3165 2975 2910 2665 2775] [1475 2055 2110 2840 2730 3085 3415 2995]
[3190 3040 3100 3225 3090 2945 3150 3045] [1740 1835 2395 2960 3000 3095 2975 3375]
COM4 1 58
3
[2840 2945 2610 2910 2810 2710 2940 2490] [1775 2240 2700 2875 2965 3150 2950 3005]
[2990 2930 3275 2860 2970 3015 2840 2720] [1590 2135 2845 2965 3155 3000 2840 2820]
[2860 3065 3000 2910 3005 2870 2975 2720] [1785 2160 2610 2770 3105 3015 3040 2785]
[3100 3070 2770 2850 2995 2985 2920 2635] [1515 1830 2635 2875 2975 2975 2995 3000]
[2935 3015 3280 2970 3005 2805 2990 2725] [1550 1675 2505 2775 3030 3065 2975 3010]
[3275 3000 3280 3020 3080 3150 3000 2850] [1530 1710 2375 2780 2845 3210 3100 3165]
[3200 3095 2845 3165 2975 2910 2665 2775] [1570 1755 2315 2560 2865 2995 3005 3030]
[3190 3040 3100 3225 3090 2945 3150 3045] [1645 1720 2330 2670 2900 2990 3195 3140]
COM6 0 59
3
[2620 2660 2770 2775 2795 2735 2715 2520] [1775 2240 2700 2875 2965 3150 2950 3005]
[2965 2935 2785 2900 2955 2840 2910 2600] [1590 2135 2845 2965 3155 3000 2840 2820]
[2850 2855 3105 2745 2760 2940 2655 2735] [1785 2160 2610 2770 3105 3015 3040 2785]
[2750 2950 2705 2690 2880 2945 2825 2785] [1515 1830 2635 2875 2975 2975 2995 3000]
[3025 2940 3010 2935 2980 2965 2875 2815] [1550 1675 2505 2775 3030 3065 2975 3010]
[2985 3110 3250 2955 2685 3020 2925 2815] [1530 1710 2375 2780 2845 3210 3100 3165]
[2955 3055 3105 2820 2850 2960 2745 2910] [1570 1755 2315 2560 2865 2995 3005 3030]
[2945 2750 2945 2860 2940 3180 3000 2900] [1645 1720 2330 2670 2900 2990 3195 3140]
COM4 1 60
3
[2620 2660 2770 2775 2795 2735 2715 2520] [2240 2440 2945 3170 3155 3000 2975 3150]
[2965 2935 2785 2900 2955 2840 2910 2600] [2015 2385 3045 3160 3060 3325 3095 2995]
[2850 2855 3105 2745 2760 2940 2655 2735] [2060 2305 3030 3010 3280 2975 3050 3010]
[2750 2950 2705 2690 2880 2945 2825 2785] [2125 2020 2825 3015 3035 3330 3300 3140]
[3025 2940 3010 2935 2980 2965 2875 2815] [1990 2100 2705 2790 3075 3145 3315 3215]
[2985 3110 3250 2955 2685 3020 2925 2815] [2085 2275 2470 2630 3090 3315 3160 3325]
[2955 3055 3105 2820 2850 2960 2745 2910] [2050 2115 2500 2710 2940 3260 3210 3100]
[2945 2750 2945 2860 2940 3180 3000 2900] [1975 2030 2385 2900 3195 3030 3125 3185]
COM6 0 61
3
[2850 2655 3195 2970 2970 2740 2860 2680] [2240 2440 2945 3170 3155 3000 2975 3150]
[3020 2870 2820 2860 2720 2850 2835 2755] [2015 2385 3045 3160 3060 3325 3095 2995]
[2815 3065 3090 2900 2730 2840 2805 2570] [2060 2305 3030 3010 3280 2975 3050 3010]
[3150 2865 3100 2875 2890 2890 2830 2840] [2125 2020 2825 3015 3035 3330 3300 3140]
[3155 2850 3005 2895 3150 2970 3180 2960] [1990 2100 2705 2790 3075 3145 3315 3215]
[2985 2690 3265 2950 3010 2710 2970 2585] [2085 2275 2470 2630 3090 3315 3160 3325]
[2780 3005 2950 2905 2825 3345 2800 2785] [2050 2115 2500 2710 2940 3260 3210 3100]
[2935 3130 2935 3100 2815 3030 2820 2885] [1975 2030 2385 2900 3195 3030 3125 3185]
COM4 1 62
3
[2850 2655 3195 2970 2970 2740 2860 2680] [1860 2305 2720 2915 3005 3040 2940 3095]
[3020 2870 2820 2860 2720 2850 2835 2755] [2090 2425 2755 2980 2985 3045 2945 2900]
[2815 3065 3090 2900 2730 2840 2805 2570] [1840 2410 2860 2695 3050 3115 3045 2850]
[3150 2865 3100 2875 2890 2890 2830 2840] [1765 2340 2835 3105 3095 2935 3035 2900]
[3155 2850 3005 2895 3150 2970 3180 2960] [1975 2175 2575 2880 3070 2895 3180 3130]
[2985 2690 3265 2950 3010 2710 2970 2585] [1660 2015 2265 3055 3100 3225 3160 3145]
[2780 3005 2950 2905 2825 3345 2800 2785] [1805 2185 2375 2820 3045 3105 3100 3340]
[2935 3130 2935 3100 2815 3030 2820 2885] [1900 2190 2440 2900 2830 3160 3075 2930]
COM6 0 63
3
[2895 2870 2620 2770 2930 2910 2830 2515] [1860 2305 2720 2915 3005 3040 2940 3095]
[3005 3230 2935 2955 2790 2825 2910 2645] [2090 2425 2755 2980 2985 3045 2945 2900]
[2885 2935 3070 2995 2915 2930 3075 2710] [1840 2410 2860 2695 3050 3115 3045 2850]
[2875 3215 2885 2875 2980 2885 3025 2900] [1765 2340 2835 3105 3095 2935 3035 2900]
[3015 2965 2920 2885 3135 2640 2905 2860] [1975 2175 2575 2880 3070 2895 3180 3130]
[3110 3000 2995 3075 2895 2955 3110 2895] [1660 2015 2265 3055 3100 3225 3160 3145]
[2995 3260 2835 3260 3035 2960 2725 3005] [1805 2185 2375 2820 3045 3105 3100 3340]
[2940 2800 2940 2845 2935 2790 3020 3005] [1900 2190 2440 2900 2830 3160 3075 2930]
COM4 1 64
3
[2895 2870 2620 2770 2930 2910 2830 2515] [2300 2565 2990 3335 3365 3195 3240 3150]
[3005 3230 2935 2955 2790 2825 2910 2645] [1990 2535 3020 2970 3135 3175 3225 3170]
[2885 2935 3070 2995 2915 2930 3075 2710] [2115 2455 3120 3080 3410 3055 3345 3130]
[2875 3215 2885 2875 2980 2885 3025 2900] [1815 2330 3045 3145 3015 3065 3135 3315]
[3015 2965 2920 2885 3135 2640 2905 2860] [1985 2360 2790 2945 3235 3165 3425 3240]
[3110 3000 2995 3075 2895 2955 3110 2895] [2000 1875 2700 3150 3050 2960 3270 3405]
[2995 3260 2835 3260 3035 2960 2725 3005] [1775 2035 2395 2980 3325 3055 3375 3140]
[2940 2800 2940 2845 2935 2790 3020 3005] [2035 2185 2505 3025 3415 3415 3170 3050]
COM6 0 65
3
[2745 2640 2810 2720 2680 2735 3045 2550] [2300 2565 2990 3335 3365 3195 3240 3150]
[2955 2825 2680 2865 2860 2905 2900 2640] [1990 2535 3020 2970 3135 3175 3225 3170]
[2675 2810 2845 2750 2960 2820 2715 2690] [2115 2455 3120 3080 3410 3055 3345 3130]
[2925 2925 2955 2755 3000 2865 2865 2720] [1815 2330 3045 3145 3015 3065 3135 3315]
[2890 2725 3005 2910 2820 2870 2920 2775] [1985 2360 2790 2945 3235 3165 3425 3240]
[2905 2730 3120 2805 2785 2950 2855 2945] [2000 1875 2700 3150 3050 2960 3270 3405]
[3000 3095 3135 2825 2910 2890 3055 2890] [1775 2035 2395 2980 3325 3055 3375 3140]
[3160 3030 3090 2855 2765 3050 2990 2870] [2035 2185 2505 3025 3415 3415 3170 3050]