COM3 0 6
2
[2815 2790 2785 2885 2980 2785 2965 2910] [2635 3025 3305 2890 3015 2940 2900 2820]
[3210 2895 3045 3110 2880 2865 2860 2950] [2835 3025 2915 2980 2935 3085 2845 2870]
[2805 2890 2965 2895 2870 2950 3000 3075] [2930 3040 3075 2900 3080 2905 2870 2795]
[3145 2905 2885 3045 3010 2925 3060 2995] [3050 3290 3100 3050 3060 2950 3000 2685]
[3100 2895 3110 3025 2905 2865 3135 3115] [3055 3165 3200 2835 3005 2875 2925 2860]
[2850 3140 3075 3100 2985 2965 2970 2975] [3025 3035 2805 3155 3115 3075 2960 2715]
[2690 2990 2835 3015 2895 2990 3040 3075] [2925 3125 3070 3010 3175 2945 3080 2920]
[2950 3015 3215 2970 2765 3000 3020 2690] [2990 2955 3205 3305 2955 2875 2795 2620]
COM7 1 7
2
[2815 2790 2785 2885 2980 2785 2965 2910] [2865 3165 3200 2870 3015 3010 2875 3140]
[3210 2895 3045 3110 2880 2865 2860 2950] [3005 3065 3100 2940 2945 3095 3070 2820]
[2805 2890 2965 2895 2870 2950 3000 3075] [3020 2990 3040 3030 3140 2945 2965 2730]
[3145 2905 2885 3045 3010 2925 3060 2995] [3220 3110 3070 2925 2965 3030 3100 2665]
[3100 2895 3110 3025 2905 2865 3135 3115] [3070 2970 3170 2910 2945 2995 3105 2775]
[2850 3140 3075 3100 2985 2965 2970 2975] [2975 3035 3115 3145 3050 3160 3035 2570]
[2690 2990 2835 3015 2895 2990 3040 3075] [3010 3200 3250 3065 2940 2955 3105 2630]
[2950 3015 3215 2970 2765 3000 3020 2690] [3135 3025 3095 3200 2895 3030 2730 2400]
COM3 0 8
2
[2950 2925 3000 2845 2950 2795 2960 2875] [2865 3165 3200 2870 3015 3010 2875 3140]
[2925 3085 2965 2915 2945 2850 2850 2985] [3005 3065 3100 2940 2945 3095 3070 2820]
[2875 2850 2805 2935 2990 2910 2920 2860] [3020 2990 3040 3030 3140 2945 2965 2730]
[2910 2810 2955 2975 3045 2900 2850 2850] [3220 3110 3070 2925 2965 3030 3100 2665]
[2950 2915 2905 2935 3105 2995 3025 2935] [3070 2970 3170 2910 2945 2995 3105 2775]
[2990 3000 3170 2925 2985 2870 2960 2710] [2975 3035 3115 3145 3050 3160 3035 2570]
[2890 3105 2940 2915 3170 2750 2980 2895] [3010 3200 3250 3065 2940 2955 3105 2630]
[3100 2925 3165 3010 2975 2955 3055 2805] [3135 3025 3095 3200 2895 3030 2730 2400]
COM7 1 9
2
[2950 2925 3000 2845 2950 2795 2960 2875] [2590 2970 2960 2775 3055 2835 2575 2810]
[2925 3085 2965 2915 2945 2850 2850 2985] [2660 2970 3115 2770 2865 2925 2780 2700]
[2875 2850 2805 2935 2990 2910 2920 2860] [2820 2850 2890 2890 2855 2965 2865 2520]
[2910 2810 2955 2975 3045 2900 2850 2850] [2755 2975 3060 2975 2935 2925 2920 2495]
[2950 2915 2905 2935 3105 2995 3025 2935] [2925 3010 2920 2845 2930 2935 2820 2570]
[2990 3000 3170 2925 2985 2870 2960 2710] [2860 2955 2755 3040 2960 2900 2775 2530]
[2890 3105 2940 2915 3170 2750 2980 2895] [3000 2915 3155 2990 3105 2910 2685 2415]
[3100 2925 3165 3010 2975 2955 3055 2805] [2965 2950 2830 3135 2955 2895 2430 2080]
COM3 0 10
2
[2710 2980 2810 3025 2940 2820 2990 2860] [2590 2970 2960 2775 3055 2835 2575 2810]
[2875 3040 2795 2945 2810 2815 2795 2845] [2660 2970 3115 2770 2865 2925 2780 2700]
[2845 2990 3040 2950 2860 2935 2875 2995] [2820 2850 2890 2890 2855 2965 2865 2520]
[3050 2845 3145 2920 3055 3045 3165 3060] [2755 2975 3060 2975 2935 2925 2920 2495]
[3055 2890 2985 3005 3110 2975 3105 3020] [2925 3010 2920 2845 2930 2935 2820 2570]
[3260 3005 3065 3005 2955 3100 3015 2850] [2860 2955 2755 3040 2960 2900 2775 2530]
[3065 2900 2895 3060 2650 2785 3135 3020] [3000 2915 3155 2990 3105 2910 2685 2415]
[3220 2905 2925 2850 2840 2875 3130 2870] [2965 2950 2830 3135 2955 2895 2430 2080]
COM7 1 11
2
[2710 2980 2810 3025 2940 2820 2990 2860] [3315 3185 3260 3015 2825 2835 2905 2800]
[2875 3040 2795 2945 2810 2815 2795 2845] [3100 3195 3025 3015 3045 3095 2930 2895]
[2845 2990 3040 2950 2860 2935 2875 2995] [3040 3090 3105 3075 3040 3005 2855 2640]
[3050 2845 3145 2920 3055 3045 3165 3060] [3225 3335 3085 3140 3030 2870 2885 2620]
[3055 2890 2985 3005 3110 2975 3105 3020] [2950 3145 3040 2985 3065 2960 2710 2320]
[3260 3005 3065 3005 2955 3100 3015 2850] [3000 3105 3140 3225 3125 2925 2445 2280]
[3065 2900 2895 3060 2650 2785 3135 3020] [3180 3220 3295 3130 2830 2510 2355 2130]
[3220 2905 2925 2850 2840 2875 3130 2870] [3080 3415 3155 3100 2700 2070 1895 1830]
COM3 0 12
2
[2915 2860 2825 2740 2870 2810 2830 2820] [3315 3185 3260 3015 2825 2835 2905 2800]
[3025 2905 2755 3000 2815 2825 2765 2735] [3100 3195 3025 3015 3045 3095 2930 2895]
[2615 2725 2920 2890 2875 2865 2835 2935] [3040 3090 3105 3075 3040 3005 2855 2640]
[2795 3080 2970 2925 2945 2910 2940 2810] [3225 3335 3085 3140 3030 2870 2885 2620]
[2905 2945 2840 2965 3070 2610 3040 2965] [2950 3145 3040 2985 3065 2960 2710 2320]
[3105 2970 3000 3035 2725 2965 3050 2930] [3000 3105 3140 3225 3125 2925 2445 2280]
[2930 3250 2685 3040 2570 2845 2830 2845] [3180 3220 3295 3130 2830 2510 2355 2130]
[3105 3035 2940 2975 3055 2850 2920 3155] [3080 3415 3155 3100 2700 2070 1895 1830]
COM7 1 13
2
[2915 2860 2825 2740 2870 2810 2830 2820] [2910 2915 2765 2905 2660 2900 2315 2030]
[3025 2905 2755 3000 2815 2825 2765 2735] [2955 2875 2940 3005 2895 2930 2265 2150]
[2615 2725 2920 2890 2875 2865 2835 2935] [2995 2995 2995 2960 2940 2465 2370 2115]
[2795 3080 2970 2925 2945 2910 2940 2810] [2975 3070 3010 2975 2805 2440 2150 1880]
[2905 2945 2840 2965 3070 2610 3040 2965] [3090 3015 3130 2825 2445 2240 2110 1935]
[3105 2970 3000 3035 2725 2965 3050 2930] [2950 2935 2955 2740 2410 2095 1870 1680]
[2930 3250 2685 3040 2570 2845 2830 2845] [3150 3305 2925 2555 2135 1775 1830 1915]
[3105 3035 2940 2975 3055 2850 2920 3155] [2990 2920 2675 2395 1945 1510 1785 1855]
COM3 0 14
2
[2935 2945 2895 2925 2820 2800 2930 2885] [2910 2915 2765 2905 2660 2900 2315 2030]
[3025 2925 2895 3045 2925 2980 2900 2950] [2955 2875 2940 3005 2895 2930 2265 2150]
[2720 3025 2870 2825 2935 2945 2820 3050] [2995 2995 2995 2960 2940 2465 2370 2115]
[2795 2930 3150 2890 2930 2970 3035 2945] [2975 3070 3010 2975 2805 2440 2150 1880]
[2940 2955 3040 2895 2895 2965 3105 3075] [3090 3015 3130 2825 2445 2240 2110 1935]
[2900 2860 3275 2825 2900 3015 2910 3215] [2950 2935 2955 2740 2410 2095 1870 1680]
[3030 2945 2895 2905 2750 3105 3010 2880] [3150 3305 2925 2555 2135 1775 1830 1915]
[3215 3015 3045 3080 3015 3180 3050 3160] [2990 2920 2675 2395 1945 1510 1785 1855]
COM7 1 15
2
[2935 2945 2895 2925 2820 2800 2930 2885] [2615 2785 2845 2500 2160 1690 1995 2220]
[3025 2925 2895 3045 2925 2980 2900 2950] [2755 2850 2720 2450 1970 1985 2035 2055]
[2720 3025 2870 2825 2935 2945 2820 3050] [3000 2810 2560 2370 2105 1855 1770 1975]
[2795 2930 3150 2890 2930 2970 3035 2945] [2825 2895 2670 2055 1775 1700 1895 1895]
[2940 2955 3040 2895 2895 2965 3105 3075] [3050 3040 2450 2035 1795 1455 1870 2060]
[2900 2860 3275 2825 2900 3015 2910 3215] [2875 2600 2440 2015 1780 1685 2030 2050]
[3030 2945 2895 2905 2750 3105 3010 2880] [2920 2495 2190 1880 1530 1595 1965 2155]
[3215 3015 3045 3080 3015 3180 3050 3160] [2875 2325 2025 1635 1555 1650 1825 2165]
COM3 0 16
2
[2810 2760 2815 2870 2950 2840 2905 2970] [2615 2785 2845 2500 2160 1690 1995 2220]
[3090 2830 2900 3020 2810 2925 2925 2890] [2755 2850 2720 2450 1970 1985 2035 2055]
[2950 3025 2915 2955 2840 2990 2905 2825] [3000 2810 2560 2370 2105 1855 1770 1975]
[2880 3005 2920 2925 3035 2920 2910 2765] [2825 2895 2670 2055 1775 1700 1895 1895]
[2910 2970 2990 2910 3140 2960 2770 3105] [3050 3040 2450 2035 1795 1455 1870 2060]
[3005 2985 3170 3105 2935 3070 3245 3050] [2875 2600 2440 2015 1780 1685 2030 2050]
[2980 3100 3090 3060 3000 2955 2705 2875] [2920 2495 2190 1880 1530 1595 1965 2155]
[2960 2895 3030 2990 3045 3015 3055 3015] [2875 2325 2025 1635 1555 1650 1825 2165]
COM7 1 17
2
[2810 2760 2815 2870 2950 2840 2905 2970] [3180 2785 2250 1935 2055 2335 2310 2325]
[3090 2830 2900 3020 2810 2925 2925 2890] [2985 2815 2415 2130 2075 2440 2465 2315]
[2950 3025 2915 2955 2840 2990 2905 2825] [2915 2610 2155 2095 2030 2420 2325 2165]
[2880 3005 2920 2925 3035 2920 2910 2765] [2975 2665 2225 1705 1825 1915 2235 2245]
[2910 2970 2990 2910 3140 2960 2770 3105] [2900 2515 1985 1685 1755 1920 2235 2480]
[3005 2985 3170 3105 2935 3070 3245 3050] [2790 2065 1795 1835 1730 2095 2350 2610]
[2980 3100 3090 3060 3000 2955 2705 2875] [2275 1905 1790 1665 1670 1960 2210 2720]
[2960 2895 3030 2990 3045 3015 3055 3015] [2235 1775 1800 1860 1750 1880 2150 2225]
COM3 0 18
2
[2870 2850 2950 2870 2740 2740 2885 2740] [3180 2785 2250 1935 2055 2335 2310 2325]
[2900 2950 2720 2895 2795 2885 2875 2970] [2985 2815 2415 2130 2075 2440 2465 2315]
[2725 3020 2890 2865 2875 2850 2835 2950] [2915 2610 2155 2095 2030 2420 2325 2165]
[3080 2830 2870 2885 3005 2815 2960 2900] [2975 2665 2225 1705 1825 1915 2235 2245]
[2960 2775 2895 2950 3095 2940 3120 2790] [2900 2515 1985 1685 1755 1920 2235 2480]
[2820 2955 2965 3055 2715 2925 3100 2850] [2790 2065 1795 1835 1730 2095 2350 2610]
[3005 2780 2815 3060 2910 2985 2710 2675] [2275 1905 1790 1665 1670 1960 2210 2720]
[3165 2795 2830 2795 2840 3020 2965 2720] [2235 1775 1800 1860 1750 1880 2150 2225]
COM7 1 19
2
[2870 2850 2950 2870 2740 2740 2885 2740] [2815 2350 2290 2025 1900 2175 2270 2415]
[2900 2950 2720 2895 2795 2885 2875 2970] [2695 2310 2235 2000 1855 2190 2310 2070]
[2725 3020 2890 2865 2875 2850 2835 2950] [2570 2285 1900 1805 2220 2095 2360 2655]
[3080 2830 2870 2885 3005 2815 2960 2900] [2315 2155 1705 1760 1875 2410 2360 2670]
[2960 2775 2895 2950 3095 2940 3120 2790] [2215 2125 1900 1700 1990 2145 2485 2890]
[2820 2955 2965 3055 2715 2925 3100 2850] [1740 1745 1670 1775 1850 2075 2455 2955]
[3005 2780 2815 3060 2910 2985 2710 2675] [1700 1690 1785 1660 1685 2020 2350 2685]
[3165 2795 2830 2795 2840 3020 2965 2720] [1565 1675 1760 1715 1735 1790 2060 2400]
COM3 0 20
2
[2855 2875 2900 2825 2835 2800 2960 2835] [2815 2350 2290 2025 1900 2175 2270 2415]
[3035 3105 2940 2995 2815 2875 2860 2900] [2695 2310 2235 2000 1855 2190 2310 2070]
[2835 3045 2940 2855 2925 2950 2925 2835] [2570 2285 1900 1805 2220 2095 2360 2655]
[2695 2950 2920 2845 2975 3120 2840 2870] [2315 2155 1705 1760 1875 2410 2360 2670]
[2950 2915 3300 2815 2885 2925 2985 2935] [2215 2125 1900 1700 1990 2145 2485 2890]
[3050 2870 2920 2730 2870 3075 2945 2690] [1740 1745 1670 1775 1850 2075 2455 2955]
[2960 2935 2925 3015 3060 2955 2870 2740] [1700 1690 1785 1660 1685 2020 2350 2685]
[2915 2820 3070 2945 2725 2820 3070 3045] [1565 1675 1760 1715 1735 1790 2060 2400]
COM7 1 21
2
[2855 2875 2900 2825 2835 2800 2960 2835] [2210 2035 1840 1855 1820 2045 1995 2335]
[3035 3105 2940 2995 2815 2875 2860 2900] [2255 1925 1835 1825 2060 2145 2420 2465]
[2835 3045 2940 2855 2925 2950 2925 2835] [2085 1735 1700 1950 2150 2225 2505 2685]
[2695 2950 2920 2845 2975 3120 2840 2870] [1715 1865 1695 1795 2075 2275 2715 2850]
[2950 2915 3300 2815 2885 2925 2985 2935] [1525 1690 1630 1675 1895 2260 2655 2960]
[3050 2870 2920 2730 2870 3075 2945 2690] [1295 1530 1630 1820 1785 2170 2570 3055]
[2960 2935 2925 3015 3060 2955 2870 2740] [1475 1580 1615 1545 1715 2025 2315 2945]
[2915 2820 3070 2945 2725 2820 3070 3045] [1570 1580 1610 1560 1705 1775 2215 2315]
COM3 0 22
2
[2845 2895 2755 2905 2865 2710 2830 2860] [2210 2035 1840 1855 1820 2045 1995 2335]
[3120 2885 2850 2930 2925 2835 2685 2695] [2255 1925 1835 1825 2060 2145 2420 2465]
[2795 2930 2905 2920 2765 2875 2625 2675] [2085 1735 1700 1950 2150 2225 2505 2685]
[2960 2840 2935 2925 2805 2565 2355 2220] [1715 1865 1695 1795 2075 2275 2715 2850]
[2750 2890 2920 2910 2910 2570 2510 2030] [1525 1690 1630 1675 1895 2260 2655 2960]
[2875 2765 3035 2925 2935 2590 2430 1920] [1295 1530 1630 1820 1785 2170 2570 3055]
[3145 3105 2700 2995 3070 2795 2320 2175] [1475 1580 1615 1545 1715 2025 2315 2945]
[3100 2995 2910 2885 2890 2775 2810 2125] [1570 1580 1610 1560 1705 1775 2215 2315]
COM7 1 23
2
[2845 2895 2755 2905 2865 2710 2830 2860] [2115 2025 1885 1780 2220 2220 2235 2400]
[3120 2885 2850 2930 2925 2835 2685 2695] [1825 1705 1785 1775 2160 2390 2405 2445]
[2795 2930 2905 2920 2765 2875 2625 2675] [1485 1700 1715 1885 2165 2410 2600 2715]
[2960 2840 2935 2925 2805 2565 2355 2220] [1565 1550 1565 1830 2195 2400 2765 2825]
[2750 2890 2920 2910 2910 2570 2510 2030] [1545 1585 1675 1610 1990 2445 2710 3035]
[2875 2765 3035 2925 2935 2590 2430 1920] [1490 1555 1625 1800 1900 2290 2520 2860]
[3145 3105 2700 2995 3070 2795 2320 2175] [1470 1690 1675 1670 1700 1905 2155 2685]
[3100 2995 2910 2885 2890 2775 2810 2125] [1490 1545 1615 1700 1530 1535 1785 2265]
COM3 0 24
2
[2735 2505 2170 2135 2125 2280 2545 2885] [2115 2025 1885 1780 2220 2220 2235 2400]
[2865 2775 2385 2190 1985 2040 2265 2355] [1825 1705 1785 1775 2160 2390 2405 2445]
[2585 2765 2525 2210 1945 1690 1925 2165] [1485 1700 1715 1885 2165 2410 2600 2715]
[2785 2745 2900 2415 2215 1885 1610 1720] [1565 1550 1565 1830 2195 2400 2765 2825]
[3095 2795 2895 2595 2265 1630 1685 1620] [1545 1585 1675 1610 1990 2445 2710 3035]
[2685 2845 3165 2830 2305 1835 1510 1260] [1490 1555 1625 1800 1900 2290 2520 2860]
[3000 2970 2930 2905 2395 1995 1525 1250] [1470 1690 1675 1670 1700 1905 2155 2685]
[3095 3220 2835 3050 2500 2260 1420 1255] [1490 1545 1615 1700 1530 1535 1785 2265]
COM7 1 25
2
[2735 2505 2170 2135 2125 2280 2545 2885] [1860 1945 1800 1810 2310 2045 2200 2360]
[2865 2775 2385 2190 1985 2040 2265 2355] [1630 1740 1895 1875 1995 2450 2395 2440]
[2585 2765 2525 2210 1945 1690 1925 2165] [1605 1690 1870 1900 2190 2340 2595 2790]
[2785 2745 2900 2415 2215 1885 1610 1720] [1620 1480 1780 1845 2225 2365 2725 2695]
[3095 2795 2895 2595 2265 1630 1685 1620] [1475 1745 1695 1585 1920 2295 2565 2830]
[2685 2845 3165 2830 2305 1835 1510 1260] [1405 1505 1525 1680 1665 1900 2330 2500]
[3000 2970 2930 2905 2395 1995 1525 1250] [1490 1570 1560 1635 1485 1640 1870 2400]
[3095 3220 2835 3050 2500 2260 1420 1255] [1485 1405 1515 1585 1410 1360 1565 1870]
COM3 0 26
2
[2395 1705 2025 2275 2560 2585 2540 2400] [1860 1945 1800 1810 2310 2045 2200 2360]
[2320 2055 1660 2130 2445 2500 2410 2140] [1630 1740 1895 1875 1995 2450 2395 2440]
[2540 2185 1790 1715 1865 2200 2065 1755] [1605 1690 1870 1900 2190 2340 2595 2790]
[2925 2665 2140 1605 1570 1615 1680 1650] [1620 1480 1780 1845 2225 2365 2725 2695]
[3005 2515 2035 1670 1515 1310 1475 1560] [1475 1745 1695 1585 1920 2295 2565 2830]
[2920 2845 2375 1700 1335 1350 1390 1480] [1405 1505 1525 1680 1665 1900 2330 2500]
[2690 2935 2520 2005 1535 1395 1350 1515] [1490 1570 1560 1635 1485 1640 1870 2400]
[2945 3110 2635 2140 1670 1480 1345 1235] [1485 1405 1515 1585 1410 1360 1565 1870]
COM7 1 27
2
[2395 1705 2025 2275 2560 2585 2540 2400] [1710 1665 1875 1800 1975 2240 2215 2320]
[2320 2055 1660 2130 2445 2500 2410 2140] [1595 1665 1715 2020 2080 2340 2500 2595]
[2540 2185 1790 1715 1865 2200 2065 1755] [1535 1685 1835 1880 2315 2395 2685 2815]
[2925 2665 2140 1605 1570 1615 1680 1650] [1575 1515 1670 1825 2175 2460 2590 2870]
[3005 2515 2035 1670 1515 1310 1475 1560] [1435 1515 1545 1470 1690 2125 2590 2880]
[2920 2845 2375 1700 1335 1350 1390 1480] [1285 1370 1395 1600 1470 1840 2235 2590]
[2690 2935 2520 2005 1535 1395 1350 1515] [1290 1390 1485 1390 1435 1635 1970 2560]
[2945 3110 2635 2140 1670 1480 1345 1235] [1480 1375 1370 1430 1430 1495 1815 2230]
COM3 0 28
2
[1735 1610 1525 1880 2040 2230 2080 1565] [1710 1665 1875 1800 1975 2240 2215 2320]
[2135 1740 1430 1585 1945 2110 1915 1610] [1595 1665 1715 2020 2080 2340 2500 2595]
[2225 1690 1445 1400 1615 1655 1825 1620] [1535 1685 1835 1880 2315 2395 2685 2815]
[2410 1880 1525 1325 1505 1610 1575 1445] [1575 1515 1670 1825 2175 2460 2590 2870]
[2460 2210 1630 1335 1375 1430 1620 1470] [1435 1515 1545 1470 1690 2125 2590 2880]
[2615 2070 1850 1400 1270 1445 1415 1250] [1285 1370 1395 1600 1470 1840 2235 2590]
[3005 2230 1705 1440 1365 1385 1320 1365] [1290 1390 1485 1390 1435 1635 1970 2560]
[2595 2150 1670 1395 1470 1425 1490 1405] [1480 1375 1370 1430 1430 1495 1815 2230]
COM7 1 29
2
[1735 1610 1525 1880 2040 2230 2080 1565] [1685 1780 1695 1825 2025 2185 2420 2535]
[2135 1740 1430 1585 1945 2110 1915 1610] [1670 1605 1805 1985 2160 2545 2595 2735]
[2225 1690 1445 1400 1615 1655 1825 1620] [1470 1655 1685 2050 2445 2745 2935 2825]
[2410 1880 1525 1325 1505 1610 1575 1445] [1310 1390 1760 2170 2485 2755 2995 3025]
[2460 2210 1630 1335 1375 1430 1620 1470] [1270 1365 1535 1610 2110 2700 3030 3015]
[2615 2070 1850 1400 1270 1445 1415 1250] [1095 1375 1470 1665 1995 2420 2835 2965]
[3005 2230 1705 1440 1365 1385 1320 1365] [1235 1330 1480 1525 1775 2250 2725 2995]
[2595 2150 1670 1395 1470 1425 1490 1405] [1285 1395 1485 1640 1740 2370 2695 2735]
COM3 0 30
2
[1500 1385 1550 1705 2055 1610 1430 1255] [1685 1780 1695 1825 2025 2185 2420 2535]
[1570 1525 1440 1665 1795 1725 1395 1305] [1670 1605 1805 1985 2160 2545 2595 2735]
[1605 1280 1285 1430 1600 1620 1425 1340] [1470 1655 1685 2050 2445 2745 2935 2825]
[1640 1240 1330 1360 1480 1440 1435 1315] [1310 1390 1760 2170 2485 2755 2995 3025]
[1785 1365 1260 1305 1355 1340 1425 1340] [1270 1365 1535 1610 2110 2700 3030 3015]
[1690 1410 1410 1275 1250 1320 1360 1185] [1095 1375 1470 1665 1995 2420 2835 2965]
[1560 1400 1200 1280 1295 1220 1255 1250] [1235 1330 1480 1525 1775 2250 2725 2995]
[1765 1355 1210 1170 1310 1320 1285 1345] [1285 1395 1485 1640 1740 2370 2695 2735]
COM7 1 31
2
[1500 1385 1550 1705 2055 1610 1430 1255] [1990 1815 1705 1700 2140 2285 2370 2610]
[1570 1525 1440 1665 1795 1725 1395 1305] [1870 1900 1900 2050 2270 2555 2850 2725]
[1605 1280 1285 1430 1600 1620 1425 1340] [1625 1570 1890 2225 2670 2800 2955 2940]
[1640 1240 1330 1360 1480 1440 1435 1315] [1340 1395 1935 2345 2655 2830 2995 3055]
[1785 1365 1260 1305 1355 1340 1425 1340] [1150 1460 1765 2260 2800 2960 2940 3215]
[1690 1410 1410 1275 1250 1320 1360 1185] [1170 1315 1660 2400 2775 2960 3135 3110]
[1560 1400 1200 1280 1295 1220 1255 1250] [1240 1430 1790 2225 2665 3085 3070 3025]
[1765 1355 1210 1170 1310 1320 1285 1345] [1410 1500 1935 2390 2745 2825 3240 2970]
COM3 0 32
2
[1425 1610 2290 2465 2120 1775 1520 1230] [1990 1815 1705 1700 2140 2285 2370 2610]
[1355 1490 1370 2165 2165 1655 1420 1235] [1870 1900 1900 2050 2270 2555 2850 2725]
[1120 1205 1440 1430 1575 1570 1300 1145] [1625 1570 1890 2225 2670 2800 2955 2940]
[1285 1155 1275 1285 1210 1200 1125 1060] [1340 1395 1935 2345 2655 2830 2995 3055]
[1210 1135 1070 1085 1150 1105 1110 1095] [1150 1460 1765 2260 2800 2960 2940 3215]
[1355 1105 1340 1185 1175 1070 1320  985] [1170 1315 1660 2400 2775 2960 3135 3110]
[1300 1140 1175 1240  935 1100 1140  900] [1240 1430 1790 2225 2665 3085 3070 3025]
[1430 1185 1295 1065 1080 1150 1060 1000] [1410 1500 1935 2390 2745 2825 3240 2970]
COM7 1 33
2
[1425 1610 2290 2465 2120 1775 1520 1230] [1885 1745 1795 1715 2150 2240 2405 2905]
[1355 1490 1370 2165 2165 1655 1420 1235] [1655 1725 1845 1900 2095 2540 2715 2860]
[1120 1205 1440 1430 1575 1570 1300 1145] [1535 1870 1885 2260 2605 2650 3030 2835]
[1285 1155 1275 1285 1210 1200 1125 1060] [1475 1900 2330 2640 2695 2810 2950 2870]
[1210 1135 1070 1085 1150 1105 1110 1095] [1675 2170 2660 2630 2845 2960 2915 2875]
[1355 1105 1340 1185 1175 1070 1320  985] [1660 2295 2585 2935 2950 2910 3175 2970]
[1300 1140 1175 1240  935 1100 1140  900] [1920 2505 2925 3155 3040 3090 2895 2925]
[1430 1185 1295 1065 1080 1150 1060 1000] [2235 2680 2875 3110 3045 2935 3085 2985]
COM3 0 34
2
[1710 1705 2065 1605 1505 1355 1305 1405] [1885 1745 1795 1715 2150 2240 2405 2905]
[1520 1545 1510 1590 1280 1160 1265 1445] [1655 1725 1845 1900 2095 2540 2715 2860]
[1410 1420 1385 1390 1310 1270 1300 1425] [1535 1870 1885 2260 2605 2650 3030 2835]
[1485 1410 1590 1285 1390 1255 1420 1350] [1475 1900 2330 2640 2695 2810 2950 2870]
[1565 1360 1425 1340 1440 1340 1410 1565] [1675 2170 2660 2630 2845 2960 2915 2875]
[1365 1500 1525 1500 1360 1420 1345 1410] [1660 2295 2585 2935 2950 2910 3175 2970]
[1375 1455 1550 1490 1360 1380 1400 1520] [1920 2505 2925 3155 3040 3090 2895 2925]
[1415 1370 1540 1375 1410 1480 1620 1690] [2235 2680 2875 3110 3045 2935 3085 2985]
COM7 1 35
2
[1710 1705 2065 1605 1505 1355 1305 1405] [2310 1860 1995 1825 2100 2355 2565 3055]
[1520 1545 1510 1590 1280 1160 1265 1445] [1770 1815 1845 1940 2310 2485 2900 2840]
[1410 1420 1385 1390 1310 1270 1300 1425] [1585 1690 1955 1990 2575 2800 2960 2910]
[1485 1410 1590 1285 1390 1255 1420 1350] [1595 1970 2125 2380 2670 2865 3000 3000]
[1565 1360 1425 1340 1440 1340 1410 1565] [1840 2260 2440 2560 3010 3010 3135 3085]
[1365 1500 1525 1500 1360 1420 1345 1410] [2295 2525 2645 2925 3010 3160 3095 3100]
[1375 1455 1550 1490 1360 1380 1400 1520] [2825 2945 3145 3080 3205 3240 3185 3340]
[1415 1370 1540 1375 1410 1480 1620 1690] [3150 3070 3100 3385 3110 3025 3135 3315]
COM3 0 36
2
[1320 1075 1050  940  870  995  890  715] [2310 1860 1995 1825 2100 2355 2565 3055]
[1155 1200 1000 1030  895  910  780  955] [1770 1815 1845 1940 2310 2485 2900 2840]
[ 960 1050 1085 1000  980  875  975  785] [1585 1690 1955 1990 2575 2800 2960 2910]
[1070 1100 1095  905  985  925  995  780] [1595 1970 2125 2380 2670 2865 3000 3000]
[ 935 1095 1100 1080 1030  800  975 1005] [1840 2260 2440 2560 3010 3010 3135 3085]
[1085 1105 1040  950  930  995  965  925] [2295 2525 2645 2925 3010 3160 3095 3100]
[ 930 1080 1110 1130  965  835  830  775] [2825 2945 3145 3080 3205 3240 3185 3340]
[1155 1275 1160  900  915 1020 1180 1075] [3150 3070 3100 3385 3110 3025 3135 3315]
COM7 1 37
2
[1320 1075 1050  940  870  995  890  715] [1785 1680 1550 1570 1920 1935 2320 2610]
[1155 1200 1000 1030  895  910  780  955] [1550 1575 1600 1745 1975 2400 2805 2715]
[ 960 1050 1085 1000  980  875  975  785] [1450 1405 1515 1835 2400 2805 2870 2830]
[1070 1100 1095  905  985  925  995  780] [1395 1510 1740 2025 2655 2960 3005 2830]
[ 935 1095 1100 1080 1030  800  975 1005] [1375 1665 2005 2270 2740 2845 2885 2950]
[1085 1105 1040  950  930  995  965  925] [1655 2060 2195 2580 2790 2925 2850 3040]
[ 930 1080 1110 1130  965  835  830  775] [2270 2520 2660 2630 2570 2635 2745 2920]
[1155 1275 1160  900  915 1020 1180 1075] [2845 2605 2675 2580 2735 2615 2860 2845]
COM3 0 38
2
[1145  875 1025  930 1030  985 1055  995] [1785 1680 1550 1570 1920 1935 2320 2610]
[1205 1140 1010 1060 1000 1035  975 1025] [1550 1575 1600 1745 1975 2400 2805 2715]
[1080  965 1065  920 1050 1045  900 1050] [1450 1405 1515 1835 2400 2805 2870 2830]
[1035 1055 1100 1070 1110 1005 1005  955] [1395 1510 1740 2025 2655 2960 3005 2830]
[1240 1025 1050 1095 1025 1010 1155 1120] [1375 1665 2005 2270 2740 2845 2885 2950]
[1200 1150 1150 1155 1000 1085 1210  985] [1655 2060 2195 2580 2790 2925 2850 3040]
[1090 1170 1045 1145 1030 1090 1205 1010] [2270 2520 2660 2630 2570 2635 2745 2920]
[1165 1115 1110 1215 1300 1085 1310 1300] [2845 2605 2675 2580 2735 2615 2860 2845]
COM7 1 39
2
[1145  875 1025  930 1030  985 1055  995] [2235 2350 2350 1895 2045 1960 2370 2540]
[1205 1140 1010 1060 1000 1035  975 1025] [2115 1975 1965 1775 2010 2425 2650 2840]
[1080  965 1065  920 1050 1045  900 1050] [1815 1930 1820 1900 2370 2705 2935 2930]
[1035 1055 1100 1070 1110 1005 1005  955] [1690 2075 2015 2190 2530 2790 3070 2960]
[1240 1025 1050 1095 1025 1010 1155 1120] [1785 1825 2205 2370 2765 2875 2975 3040]
[1200 1150 1150 1155 1000 1085 1210  985] [2070 2235 2440 2860 3035 3130 3085 3230]
[1090 1170 1045 1145 1030 1090 1205 1010] [2625 2690 2995 3185 3125 3110 3240 3160]
[1165 1115 1110 1215 1300 1085 1310 1300] [3200 3145 3310 3130 2935 3215 3300 3095]
COM3 0 40
2
[1165 1085 1090 1160 1250 1315 1535 1645] [2235 2350 2350 1895 2045 1960 2370 2540]
[1245 1095 1105 1245 1295 1405 1390 1660] [2115 1975 1965 1775 2010 2425 2650 2840]
[1050 1195 1135 1235 1245 1395 1510 1690] [1815 1930 1820 1900 2370 2705 2935 2930]
[1260 1150 1215 1190 1360 1415 1535 1645] [1690 2075 2015 2190 2530 2790 3070 2960]
[1215 1245 1340 1190 1410 1355 1655 1825] [1785 1825 2205 2370 2765 2875 2975 3040]
[1180 1255 1360 1335 1320 1450 1720 1735] [2070 2235 2440 2860 3035 3130 3085 3230]
[1225 1345 1455 1360 1485 1555 1600 1785] [2625 2690 2995 3185 3125 3110 3240 3160]
[1405 1250 1380 1345 1605 1460 1955 1915] [3200 3145 3310 3130 2935 3215 3300 3095]
COM7 1 41
2
[1165 1085 1090 1160 1250 1315 1535 1645] [1460 1600 1635 1565 1700 1800 2055 2440]
[1245 1095 1105 1245 1295 1405 1390 1660] [1510 1625 1685 1700 1795 2115 2540 2710]
[1050 1195 1135 1235 1245 1395 1510 1690] [1585 1685 1915 1910 2420 2570 2870 2930]
[1260 1150 1215 1190 1360 1415 1535 1645] [1885 2235 2295 2390 2750 2845 2950 2935]
[1215 1245 1340 1190 1410 1355 1655 1825] [2340 2565 2560 2685 2765 2840 3035 3020]
[1180 1255 1360 1335 1320 1450 1720 1735] [2555 2615 2710 2940 2885 3000 3015 2945]
[1225 1345 1455 1360 1485 1555 1600 1785] [2815 3085 2935 3075 2845 2960 3115 3160]
[1405 1250 1380 1345 1605 1460 1955 1915] [2895 2870 2950 3475 3095 2875 2985 3065]
COM3 0 42
2
[ 865  920  900 1035 1065 1035 1200 1155] [1460 1600 1635 1565 1700 1800 2055 2440]
[1025 1070  890 1075 1045 1240 1180 1235] [1510 1625 1685 1700 1795 2115 2540 2710]
[ 945  970 1005 1045 1045 1155 1230 1460] [1585 1685 1915 1910 2420 2570 2870 2930]
[1005  950 1010 1000 1115 1205 1215 1515] [1885 2235 2295 2390 2750 2845 2950 2935]
[1105  995 1110 1080 1045 1065 1335 1710] [2340 2565 2560 2685 2765 2840 3035 3020]
[1000 1005 1050 1075  975 1235 1230 1565] [2555 2615 2710 2940 2885 3000 3015 2945]
[1005 1150 1045 1255 1105 1155 1120 1480] [2815 3085 2935 3075 2845 2960 3115 3160]
[1270  965 1085  905 1265 1250 1405 1595] [2895 2870 2950 3475 3095 2875 2985 3065]
COM7 1 43
2
[ 865  920  900 1035 1065 1035 1200 1155] [1085 1335 1485 1605 2000 1960 2235 2265]
[1025 1070  890 1075 1045 1240 1180 1235] [1455 1715 1950 2255 2490 2750 2575 2735]
[ 945  970 1005 1045 1045 1155 1230 1460] [1960 2370 2470 2465 2750 2755 2770 2775]
[1005  950 1010 1000 1115 1205 1215 1515] [2320 2410 2550 2710 2635 2735 2765 2680]
[1105  995 1110 1080 1045 1065 1335 1710] [2600 2605 2545 2450 2560 2775 2780 2795]
[1000 1005 1050 1075  975 1235 1230 1565] [2625 2585 2615 2695 2665 2680 2635 2610]
[1005 1150 1045 1255 1105 1155 1120 1480] [2320 2705 2555 2520 2635 2680 2960 2620]
[1270  965 1085  905 1265 1250 1405 1595] [2645 2660 2800 2740 2655 2375 2655 2785]
COM3 0 44
2
[950 890 955 925 810 945 930 850] [1085 1335 1485 1605 2000 1960 2235 2265]
[960 980 890 985 750 820 995 775] [1455 1715 1950 2255 2490 2750 2575 2735]
[975 895 910 845 895 910 920 955] [1960 2370 2470 2465 2750 2755 2770 2775]
[ 885  855  855  795 1030  885  935  995] [2320 2410 2550 2710 2635 2735 2765 2680]
[ 950  970  880  910  860  915 1055  985] [2600 2605 2545 2450 2560 2775 2780 2795]
[ 895  925 1015 1000  910  675  990  870] [2625 2585 2615 2695 2665 2680 2635 2610]
[1015  860  975  905  830 1065  735 1180] [2320 2705 2555 2520 2635 2680 2960 2620]
[1065  835  925  955  905  885 1005 1405] [2645 2660 2800 2740 2655 2375 2655 2785]
COM7 1 45
2
[950 890 955 925 810 945 930 850] [2610 2775 2695 3020 2910 3115 2850 3150]
[960 980 890 985 750 820 995 775] [3005 3455 3195 3360 3110 3185 3320 3230]
[975 895 910 845 895 910 920 955] [3425 3620 3580 3340 3450 3150 3310 3150]
[ 885  855  855  795 1030  885  935  995] [3645 3795 3635 3455 3400 3295 3320 3185]
[ 950  970  880  910  860  915 1055  985] [3655 3935 3705 3405 3490 3315 3460 3325]
[ 895  925 1015 1000  910  675  990  870] [3440 3705 3655 3635 3370 3505 3565 3315]
[1015  860  975  905  830 1065  735 1180] [3635 3635 3700 3560 3460 3245 3445 3520]
[1065  835  925  955  905  885 1005 1405] [3580 3640 3750 3835 3245 3265 3480 3515]
COM3 0 46
2
[ 855  845  825  905 1135 1110 1355 1335] [2610 2775 2695 3020 2910 3115 2850 3150]
[ 920  975  910 1085 1185 1245 1315 1460] [3005 3455 3195 3360 3110 3185 3320 3230]
[ 895  955 1060 1020 1130 1325 1440 1540] [3425 3620 3580 3340 3450 3150 3310 3150]
[ 885  885 1125 1050 1205 1260 1435 1760] [3645 3795 3635 3455 3400 3295 3320 3185]
[ 995 1005 1050 1105 1330 1220 1490 1775] [3655 3935 3705 3405 3490 3315 3460 3325]
[ 955  910 1145 1175 1215 1270 1600 1730] [3440 3705 3655 3635 3370 3505 3565 3315]
[ 950 1015 1040 1180 1240 1345 1695 2100] [3635 3635 3700 3560 3460 3245 3445 3520]
[ 880 1045 1015 1090 1145 1445 2045 2580] [3580 3640 3750 3835 3245 3265 3480 3515]
COM7 1 47
2
[ 855  845  825  905 1135 1110 1355 1335] [2165 2465 2575 2550 2645 2705 2455 2775]
[ 920  975  910 1085 1185 1245 1315 1460] [2770 2975 3030 2995 2720 3040 2930 3030]
[ 895  955 1060 1020 1130 1325 1440 1540] [3075 2990 3040 2900 3115 3040 3020 2935]
[ 885  885 1125 1050 1205 1260 1435 1760] [2915 3135 3040 3010 2975 2985 3065 2985]
[ 995 1005 1050 1105 1330 1220 1490 1775] [2960 3085 3105 2885 3045 3040 3075 3155]
[ 955  910 1145 1175 1215 1270 1600 1730] [3000 2965 3150 3170 3105 3025 3280 3060]
[ 950 1015 1040 1180 1240 1345 1695 2100] [3265 3310 3170 3035 3105 2955 3125 3190]
[ 880 1045 1015 1090 1145 1445 2045 2580] [3150 2870 3070 3105 3015 3005 3020 3245]
COM3 0 48
2
[ 880  825 1015  910 1120 1195 1395 1735] [2165 2465 2575 2550 2645 2705 2455 2775]
[ 905 1020 1050 1170 1140 1370 1390 1985] [2770 2975 3030 2995 2720 3040 2930 3030]
[ 910  850 1090 1110 1170 1345 1740 2295] [3075 2990 3040 2900 3115 3040 3020 2935]
[1030 1010 1135 1155 1265 1420 1770 2380] [2915 3135 3040 3010 2975 2985 3065 2985]
[ 970 1030 1110 1230 1325 1535 2235 2770] [2960 3085 3105 2885 3045 3040 3075 3155]
[ 785 1045 1300 1290 1340 1900 2455 3515] [3000 2965 3150 3170 3105 3025 3280 3060]
[ 960 1005 1195 1375 1570 1985 2705 3520] [3265 3310 3170 3035 3105 2955 3125 3190]
[ 795 1040 1235 1420 1860 2905 3585 3540] [3150 2870 3070 3105 3015 3005 3020 3245]
COM7 1 49
2
[ 880  825 1015  910 1120 1195 1395 1735] [2000 2245 2340 2525 2660 2470 2630 2870]
[ 905 1020 1050 1170 1140 1370 1390 1985] [2675 2770 2890 2970 2780 2985 2960 2835]
[ 910  850 1090 1110 1170 1345 1740 2295] [2825 3005 3095 2975 2995 2810 3025 3015]
[1030 1010 1135 1155 1265 1420 1770 2380] [3230 3110 3040 3040 3070 3035 3150 3110]
[ 970 1030 1110 1230 1325 1535 2235 2770] [3040 3100 3125 2935 3080 2980 3085 3045]
[ 785 1045 1300 1290 1340 1900 2455 3515] [3045 2980 3120 3040 3055 3150 3150 3090]
[ 960 1005 1195 1375 1570 1985 2705 3520] [3200 3095 3285 3030 2895 3040 3125 3010]
[ 795 1040 1235 1420 1860 2905 3585 3540] [3195 3080 3160 3165 3115 3025 3135 3375]
COM3 0 50
2
[ 890  850  875  920  960 1000 1410 1460] [2000 2245 2340 2525 2660 2470 2630 2870]
[ 865  945  965  990  940 1120 1545 1880] [2675 2770 2890 2970 2780 2985 2960 2835]
[ 955  915  980  985  965 1150 1380 2140] [2825 3005 3095 2975 2995 2810 3025 3015]
[ 875  910  820  950 1010 1265 1780 2120] [3230 3110 3040 3040 3070 3035 3150 3110]
[ 925  865  880  925 1305 1435 2055 2350] [3040 3100 3125 2935 3080 2980 3085 3045]
[ 835  940 1065 1260 1150 1885 2515 2625] [3045 2980 3120 3040 3055 3150 3150 3090]
[ 845  915 1135 1485 2050 2390 2470 2405] [3200 3095 3285 3030 2895 3040 3125 3010]
[1015 1110 1485 1810 2275 2485 2885 2505] [3195 3080 3160 3165 3115 3025 3135 3375]
COM7 1 51
2
[ 890  850  875  920  960 1000 1410 1460] [1875 1955 1985 2065 2520 2330 2465 2575]
[ 865  945  965  990  940 1120 1545 1880] [2230 2445 2720 2780 2775 2905 2705 2685]
[ 955  915  980  985  965 1150 1380 2140] [2645 2845 2835 2735 2805 2875 2850 2775]
[ 875  910  820  950 1010 1265 1780 2120] [2545 2890 2690 2865 2770 2840 2935 2825]
[ 925  865  880  925 1305 1435 2055 2350] [2655 2705 2830 2790 2820 3010 2855 2815]
[ 835  940 1065 1260 1150 1885 2515 2625] [2555 2635 3015 2770 2740 2795 3090 2790]
[ 845  915 1135 1485 2050 2390 2470 2405] [2590 2735 2700 2890 2870 2875 2970 3000]
[1015 1110 1485 1810 2275 2485 2885 2505] [2860 2795 3065 3030 3050 2770 2820 2955]
COM3 0 52
2
[ 920  835  850  940 1250 1500 1985 1905] [1875 1955 1985 2065 2520 2330 2465 2575]
[ 940  940  915 1160 1620 2040 2390 2540] [2230 2445 2720 2780 2775 2905 2705 2685]
[ 880  865  955 1050 1565 2175 2540 2915] [2645 2845 2835 2735 2805 2875 2850 2775]
[ 825  940 1110 1270 1730 2195 2630 2640] [2545 2890 2690 2865 2770 2840 2935 2825]
[1070 1075 1410 1535 2255 2535 2705 2825] [2655 2705 2830 2790 2820 3010 2855 2815]
[1150 1500 1905 2350 2455 2845 2870 2705] [2555 2635 3015 2770 2740 2795 3090 2790]
[1390 2045 2410 2875 2510 2660 2760 2890] [2590 2735 2700 2890 2870 2875 2970 3000]
[2105 2450 2920 2495 2545 2760 2870 2505] [2860 2795 3065 3030 3050 2770 2820 2955]
COM7 1 53
2
[ 920  835  850  940 1250 1500 1985 1905] [1470 1735 1845 2140 2270 2420 2275 2755]
[ 940  940  915 1160 1620 2040 2390 2540] [2035 2395 2560 2660 2790 2840 2680 2670]
[ 880  865  955 1050 1565 2175 2540 2915] [2470 2580 2900 2775 2940 2685 2785 2755]
[ 825  940 1110 1270 1730 2195 2630 2640] [2610 2800 2660 2735 2700 2745 2805 2670]
[1070 1075 1410 1535 2255 2535 2705 2825] [2505 2490 2650 2560 2695 2860 2910 2870]
[1150 1500 1905 2350 2455 2845 2870 2705] [2350 2450 2520 2700 2850 2685 2905 2965]
[1390 2045 2410 2875 2510 2660 2760 2890] [2625 2575 2810 2645 2870 2950 3030 2900]
[2105 2450 2920 2495 2545 2760 2870 2505] [2670 2900 2945 2840 2910 2790 2965 2975]
COM3 0 54
2
[ 935  955  955 1160 1485 1775 2170 1995] [1470 1735 1845 2140 2270 2420 2275 2755]
[ 845  950 1015 1410 2030 2520 2710 2745] [2035 2395 2560 2660 2790 2840 2680 2670]
[ 985  995 1185 1545 2360 2795 2940 3150] [2470 2580 2900 2775 2940 2685 2785 2755]
[1030 1145 1535 1835 2610 3095 2970 3025] [2610 2800 2660 2735 2700 2745 2805 2670]
[1485 1675 2025 2580 3030 3125 3215 3180] [2505 2490 2650 2560 2695 2860 2910 2870]
[1930 2560 2830 2985 2985 3230 3360 3280] [2350 2450 2520 2700 2850 2685 2905 2965]
[3010 2845 3065 3205 3500 3090 3120 2975] [2625 2575 2810 2645 2870 2950 3030 2900]
[3095 3410 3305 3335 3085 3235 3315 3365] [2670 2900 2945 2840 2910 2790 2965 2975]
COM7 1 55
2
[ 935  955  955 1160 1485 1775 2170 1995] [2020 2150 2365 2495 2630 2720 2745 2880]
[ 845  950 1015 1410 2030 2520 2710 2745] [2650 2855 2860 2985 3045 3210 3170 3135]
[ 985  995 1185 1545 2360 2795 2940 3150] [3310 3440 3395 3200 3285 3045 3205 3150]
[1030 1145 1535 1835 2610 3095 2970 3025] [3480 3625 3625 3490 3295 3225 3285 3265]
[1485 1675 2025 2580 3030 3125 3215 3180] [3755 3845 3610 3375 3475 3395 3275 3485]
[1930 2560 2830 2985 2985 3230 3360 3280] [3720 3585 3680 3475 3355 3440 3525 3505]
[3010 2845 3065 3205 3500 3090 3120 2975] [3795 3810 3650 3490 3455 3435 3270 3400]
[3095 3410 3305 3335 3085 3235 3315 3365] [3720 3555 3750 3885 3550 3565 3660 3465]
COM3 0 56
2
[ 920  925  925 1265 1565 1675 1980 1545] [2020 2150 2365 2495 2630 2720 2745 2880]
[ 885  975 1160 1685 2215 2345 2460 2460] [2650 2855 2860 2985 3045 3210 3170 3135]
[ 795 1095 1435 2060 2540 2745 2705 2990] [3310 3440 3395 3200 3285 3045 3205 3150]
[1270 1430 1935 2515 2890 2880 3100 2480] [3480 3625 3625 3490 3295 3225 3285 3265]
[1880 2025 2730 2525 2755 2940 3205 2775] [3755 3845 3610 3375 3475 3395 3275 3485]
[2545 2825 2665 3080 2790 2795 2895 3090] [3720 3585 3680 3475 3355 3440 3525 3505]
[3035 2975 3040 3045 2645 3225 2820 2685] [3795 3810 3650 3490 3455 3435 3270 3400]
[2935 2750 2675 3070 2900 2910 3075 2715] [3720 3555 3750 3885 3550 3565 3660 3465]
COM7 1 57
2
[ 920  925  925 1265 1565 1675 1980 1545] [2085 2400 2350 2590 2570 2830 3045 3105]
[ 885  975 1160 1685 2215 2345 2460 2460] [3265 3075 3235 3230 3190 3175 3320 3405]
[ 795 1095 1435 2060 2540 2745 2705 2990] [3760 3770 3630 3470 3415 3405 3400 3560]
[1270 1430 1935 2515 2890 2880 3100 2480] [4185 4125 4015 3590 3650 3535 3585 3450]
[1880 2025 2730 2525 2755 2940 3205 2775] [4530 4145 4135 3765 3595 3620 3565 3520]
[2545 2825 2665 3080 2790 2795 2895 3090] [4115 3995 3870 3755 3530 3620 3765 3645]
[3035 2975 3040 3045 2645 3225 2820 2685] [4440 4095 4175 3880 3875 3760 3745 3760]
[2935 2750 2675 3070 2900 2910 3075 2715] [4305 4445 3915 3990 3675 3665 3760 3750]
COM3 0 58
2
[ 990  975 1100 1415 1670 1920 2055 1945] [2085 2400 2350 2590 2570 2830 3045 3105]
[1035 1235 1490 2045 2430 2555 2595 2630] [3265 3075 3235 3230 3190 3175 3320 3405]
[1170 1555 2130 2660 2850 2925 2975 3085] [3760 3770 3630 3470 3415 3405 3400 3560]
[1745 2000 2740 3065 2975 3095 3010 3020] [4185 4125 4015 3590 3650 3535 3585 3450]
[2555 2850 3155 2845 3015 2960 3130 3585] [4530 4145 4135 3765 3595 3620 3565 3520]
[2955 3135 3290 3090 2925 2910 3065 2915] [4115 3995 3870 3755 3530 3620 3765 3645]
[3060 3005 3230 2905 3150 3320 3195 3230] [4440 4095 4175 3880 3875 3760 3745 3760]
[3165 3010 3080 2965 3185 3215 2820 3240] [4305 4445 3915 3990 3675 3665 3760 3750]
COM7 1 59
2
[ 990  975 1100 1415 1670 1920 2055 1945] [1845 1975 2200 2240 2565 2450 2630 2965]
[1035 1235 1490 2045 2430 2555 2595 2630] [2400 2535 2620 2730 2830 2925 2990 2710]
[1170 1555 2130 2660 2850 2925 2975 3085] [2810 2915 2985 2895 3025 2975 2980 2935]
[1745 2000 2740 3065 2975 3095 3010 3020] [2970 3035 2950 2970 2940 2925 3015 2945]
[2555 2850 3155 2845 3015 2960 3130 3585] [2905 3065 2990 2885 2940 2975 3150 3040]
[2955 3135 3290 3090 2925 2910 3065 2915] [2825 2885 2995 3125 2955 2905 2945 2965]
[3060 3005 3230 2905 3150 3320 3195 3230] [2995 3125 3140 3080 3060 3020 3110 3085]
[3165 3010 3080 2965 3185 3215 2820 3240] [3145 3040 2945 3175 3080 2890 3075 3035]
COM3 0 60
2
[1010  960 1085 1345 1630 1795 1925 1660] [1845 1975 2200 2240 2565 2450 2630 2965]
[1305 1400 1460 1900 2200 2345 2325 2250] [2400 2535 2620 2730 2830 2925 2990 2710]
[1400 1905 2155 2345 2545 2625 2520 2580] [2810 2915 2985 2895 3025 2975 2980 2935]
[1885 2375 2500 2410 2525 2635 2575 2465] [2970 3035 2950 2970 2940 2925 3015 2945]
[2380 2500 2570 2545 2555 2500 2545 2575] [2905 3065 2990 2885 2940 2975 3150 3040]
[2550 2535 2480 2675 2410 2580 2815 2550] [2825 2885 2995 3125 2955 2905 2945 2965]
[2715 2540 2640 2675 2485 2570 2580 2575] [2995 3125 3140 3080 3060 3020 3110 3085]
[2610 3000 2535 2770 2755 2530 2635 2575] [3145 3040 2945 3175 3080 2890 3075 3035]
COM7 1 61
2
[1010  960 1085 1345 1630 1795 1925 1660] [2075 2335 2385 2400 2535 2395 2700 2960]
[1305 1400 1460 1900 2200 2345 2325 2250] [2685 2690 2965 3150 3155 3235 3135 3170]
[1400 1905 2155 2345 2545 2625 2520 2580] [3510 3575 3380 3430 3430 3295 3295 3095]
[1885 2375 2500 2410 2525 2635 2575 2465] [3940 3875 3955 3890 3455 3370 3390 3445]
[2380 2500 2570 2545 2555 2500 2545 2575] [4185 4130 3815 3510 3485 3470 3590 3355]
[2550 2535 2480 2675 2410 2580 2815 2550] [4200 4005 3900 3885 3730 3570 3490 3650]
[2715 2540 2640 2675 2485 2570 2580 2575] [3980 3835 4330 3960 3610 3610 3510 3565]
[2610 3000 2535 2770 2755 2530 2635 2575] [4380 3975 4200 3875 3715 3810 3590 3835]
COM3 0 62
2
[ 935  900 1170 1350 1565 1740 1925 1525] [2075 2335 2385 2400 2535 2395 2700 2960]
[1225 1345 1510 1955 2250 2370 2395 2340] [2685 2690 2965 3150 3155 3235 3135 3170]
[1365 2105 2375 2385 2655 2640 2640 2620] [3510 3575 3380 3430 3430 3295 3295 3095]
[1840 2550 2705 2545 2630 2835 2780 2595] [3940 3875 3955 3890 3455 3370 3390 3445]
[2745 2665 2905 2700 2745 2520 2775 3090] [4185 4130 3815 3510 3485 3470 3590 3355]
[2505 2645 2870 2755 2740 2785 2625 2665] [4200 4005 3900 3885 3730 3570 3490 3650]
[2900 2695 2855 2830 2670 2855 2690 2510] [3980 3835 4330 3960 3610 3610 3510 3565]
[2760 2790 2675 2620 2890 2620 2710 2645] [4380 3975 4200 3875 3715 3810 3590 3835]
COM7 1 63
2
[ 935  900 1170 1350 1565 1740 1925 1525] [2020 2065 2355 2320 2545 2540 2855 2975]
[1225 1345 1510 1955 2250 2370 2395 2340] [2725 2650 2755 2860 2970 3025 2975 3260]
[1365 2105 2375 2385 2655 2640 2640 2620] [3220 3345 3340 3205 3365 3185 3165 3355]
[1840 2550 2705 2545 2630 2835 2780 2595] [3795 3650 3480 3460 3400 3285 3380 3235]
[2745 2665 2905 2700 2745 2520 2775 3090] [3770 3730 3715 3340 3415 3410 3440 3300]
[2505 2645 2870 2755 2740 2785 2625 2665] [3530 3610 3640 3585 3465 3425 3390 3565]
[2900 2695 2855 2830 2670 2855 2690 2510] [3800 3695 3680 3615 3455 3400 3495 3435]
[2760 2790 2675 2620 2890 2620 2710 2645] [3755 3620 3540 3665 3570 3585 3515 3505]
COM3 0 64
2
[1040 1035 1225 1480 1615 1865 2135 1805] [2020 2065 2355 2320 2545 2540 2855 2975]
[1355 1560 1605 1990 2305 2415 2355 2315] [2725 2650 2755 2860 2970 3025 2975 3260]
[1490 2240 2200 2400 2560 2630 2565 2560] [3220 3345 3340 3205 3365 3185 3165 3355]
[2350 2710 2560 2530 2575 2665 2675 2495] [3795 3650 3480 3460 3400 3285 3380 3235]
[2655 2640 2945 2700 2590 2530 2770 2720] [3770 3730 3715 3340 3415 3410 3440 3300]
[2745 2570 2740 2795 2560 2670 2820 2465] [3530 3610 3640 3585 3465 3425 3390 3565]
[2620 2775 2585 2745 2705 2790 2570 2775] [3800 3695 3680 3615 3455 3400 3495 3435]
[2825 2515 3030 2615 2760 2580 2680 2800] [3755 3620 3540 3665 3570 3585 3515 3505]
COM7 1 65
2
[1040 1035 1225 1480 1615 1865 2135 1805] [1705 1830 2360 2255 2555 2580 2645 2980]
[1355 1560 1605 1990 2305 2415 2355 2315] [2440 2635 2870 2745 2870 3145 3075 3005]
[1490 2240 2200 2400 2560 2630 2565 2560] [3380 3365 3330 3235 3320 3025 3140 3280]
[2350 2710 2560 2530 2575 2665 2675 2495] [3600 3570 3655 3370 3110 3250 3280 3265]
[2655 2640 2945 2700 2590 2530 2770 2720] [3615 3915 3555 3545 3300 3385 3250 3395]
[2745 2570 2740 2795 2560 2670 2820 2465] [3555 3780 3785 3740 3485 3475 3365 3455]
[2620 2775 2585 2745 2705 2790 2570 2775] [3875 3875 3875 3410 3535 3340 3510 3400]
[2825 2515 3030 2615 2760 2580 2680 2800] [3805 3885 3490 3500 3415 3325 3370 3380]