COM7 1 6
2
[2245 2435 2660 2850 3260 3175 3300 3255] [2820 3075 2790 2815 2925 3095 2895 3015]
[2420 2630 2995 3180 3185 3135 3165 3320] [2935 2800 3135 2990 2930 2975 3010 2845]
[2350 2695 3340 3180 3170 3140 3185 3375] [2865 3025 2945 3000 3005 2850 3030 2945]
[2360 2795 2870 3175 3100 3055 3145 3270] [2910 3070 3070 2905 3000 3005 3075 3030]
[2230 2610 2860 3190 3200 3295 3495 3495] [2965 3050 3120 2865 2945 3000 3085 3115]
[2035 2660 2915 3150 3245 3355 3315 3350] [2935 3010 3055 3160 3005 3095 3065 3040]
[1965 2465 2980 3210 3230 3400 3185 3265] [3070 3190 3025 2900 3075 3045 3090 3180]
[2080 2370 2995 3145 3425 3360 3360 3370] [3130 3020 3110 3030 3100 2985 3050 3265]
COM3 0 7
2
[2095 2075 2250 2450 2605 2655 2595 2520] [2820 3075 2790 2815 2925 3095 2895 3015]
[2190 2255 2430 2500 2680 2665 2560 2705] [2935 2800 3135 2990 2930 2975 3010 2845]
[2165 2295 2580 2680 2645 2690 2585 2590] [2865 3025 2945 3000 3005 2850 3030 2945]
[2025 2290 2525 2615 2790 2840 2640 2575] [2910 3070 3070 2905 3000 3005 3075 3030]
[2160 1985 2545 2570 2675 2690 2675 2755] [2965 3050 3120 2865 2945 3000 3085 3115]
[1625 1965 2310 2495 2705 2730 2635 2570] [2935 3010 3055 3160 3005 3095 3065 3040]
[1620 1985 2240 2795 2650 2670 2635 2600] [3070 3190 3025 2900 3075 3045 3090 3180]
[1660 1915 2165 2515 2760 2620 2750 2555] [3130 3020 3110 3030 3100 2985 3050 3265]
COM7 1 8
2
[2095 2075 2250 2450 2605 2655 2595 2520] [3420 3135 3090 3145 3290 3275 3145 3210]
[2190 2255 2430 2500 2680 2665 2560 2705] [3260 3195 3205 3215 3060 3145 3140 3060]
[2165 2295 2580 2680 2645 2690 2585 2590] [3255 3245 3235 3235 3190 3065 3095 3070]
[2025 2290 2525 2615 2790 2840 2640 2575] [3370 3295 3240 3245 3170 3170 3110 3050]
[2160 1985 2545 2570 2675 2690 2675 2755] [3420 3440 3350 3190 3195 3210 3200 3210]
[1625 1965 2310 2495 2705 2730 2635 2570] [3195 3280 3220 3330 3140 3285 3260 3245]
[1620 1985 2240 2795 2650 2670 2635 2600] [3265 3510 3300 3250 3110 3200 3145 3350]
[1660 1915 2165 2515 2760 2620 2750 2555] [3325 3465 3385 3325 3190 3100 3325 3375]
COM3 0 9
2
[2330 2210 2245 2720 2865 2970 2960 2830] [3420 3135 3090 3145 3290 3275 3145 3210]
[2435 2275 2500 2840 2940 2945 2895 2890] [3260 3195 3205 3215 3060 3145 3140 3060]
[1815 2140 2295 2955 2925 3055 3025 2930] [3255 3245 3235 3235 3190 3065 3095 3070]
[1855 2210 2470 2615 3045 2945 2775 2900] [3370 3295 3240 3245 3170 3170 3110 3050]
[1865 1825 2560 2450 2785 2760 3020 3080] [3420 3440 3350 3190 3195 3210 3200 3210]
[1630 1785 2085 2415 2785 3110 3045 2830] [3195 3280 3220 3330 3140 3285 3260 3245]
[1590 1740 1895 2270 2570 2920 3095 2985] [3265 3510 3300 3250 3110 3200 3145 3350]
[1795 1645 1875 2165 2700 3070 2970 3095] [3325 3465 3385 3325 3190 3100 3325 3375]
COM7 1 10
2
[2330 2210 2245 2720 2865 2970 2960 2830] [2995 2905 3020 3015 3090 2955 3000 3145]
[2435 2275 2500 2840 2940 2945 2895 2890] [3140 3060 3105 3010 2940 3055 2945 2945]
[1815 2140 2295 2955 2925 3055 3025 2930] [3065 3145 2905 3070 3015 3060 3020 2950]
[1855 2210 2470 2615 3045 2945 2775 2900] [3050 3065 3135 3080 3055 2955 3080 3010]
[1865 1825 2560 2450 2785 2760 3020 3080] [3000 2990 3165 2950 2975 2940 2995 3115]
[1630 1785 2085 2415 2785 3110 3045 2830] [2810 3130 3110 3095 3040 3085 3210 3140]
[1590 1740 1895 2270 2570 2920 3095 2985] [3080 3145 3270 2980 3110 3175 3065 3125]
[1795 1645 1875 2165 2700 3070 2970 3095] [3170 3130 3110 3140 3035 3010 3045 3155]
COM3 0 11
2
[2125 2335 2060 2660 2920 2695 2885 2665] [2995 2905 3020 3015 3090 2955 3000 3145]
[1965 1875 2315 2700 2720 2685 2815 2800] [3140 3060 3105 3010 2940 3055 2945 2945]
[1640 1830 2280 2600 2740 2890 2820 2795] [3065 3145 2905 3070 3015 3060 3020 2950]
[1885 1770 2215 2395 2685 2770 2880 2770] [3050 3065 3135 3080 3055 2955 3080 3010]
[1790 1580 1785 2030 2545 2640 3050 2910] [3000 2990 3165 2950 2975 2940 2995 3115]
[1645 1480 1755 1975 2390 2745 2915 2890] [2810 3130 3110 3095 3040 3085 3210 3140]
[1670 1530 1580 1860 2250 2715 2780 2970] [3080 3145 3270 2980 3110 3175 3065 3125]
[1640 1515 1515 1725 2110 2695 2965 2950] [3170 3130 3110 3140 3035 3010 3045 3155]
COM7 1 12
2
[2125 2335 2060 2660 2920 2695 2885 2665] [3515 3470 3285 3310 3330 3350 2905 3160]
[1965 1875 2315 2700 2720 2685 2815 2800] [3290 3380 3375 3270 3130 3255 3135 3160]
[1640 1830 2280 2600 2740 2890 2820 2795] [3355 3370 3495 3310 3310 3220 3125 3090]
[1885 1770 2215 2395 2685 2770 2880 2770] [3430 3385 3335 3390 3265 3180 3200 3055]
[1790 1580 1785 2030 2545 2640 3050 2910] [3395 3460 3575 3220 3275 3155 3255 3205]
[1645 1480 1755 1975 2390 2745 2915 2890] [3330 3145 3495 3285 3195 3350 3280 3320]
[1670 1530 1580 1860 2250 2715 2780 2970] [3375 3570 3425 3330 3270 3320 3280 3265]
[1640 1515 1515 1725 2110 2695 2965 2950] [3400 3375 3365 3340 3225 3335 3240 3450]
COM3 0 13
2
[1905 1925 2075 2580 2700 2800 2680 2695] [3515 3470 3285 3310 3330 3350 2905 3160]
[1810 1780 2035 2415 2525 2655 2820 2800] [3290 3380 3375 3270 3130 3255 3135 3160]
[2220 2125 1925 2220 2445 2540 2640 2710] [3355 3370 3495 3310 3310 3220 3125 3090]
[2205 1995 1975 2025 2225 2340 2685 2695] [3430 3385 3335 3390 3265 3180 3200 3055]
[2330 1800 1745 1750 1990 2140 2540 2850] [3395 3460 3575 3220 3275 3155 3255 3205]
[2470 1965 1850 1660 1610 1850 2430 2510] [3330 3145 3495 3285 3195 3350 3280 3320]
[2195 1785 1615 1625 1600 1740 2025 2640] [3375 3570 3425 3330 3270 3320 3280 3265]
[2240 1835 1635 1560 1595 1645 2210 2445] [3400 3375 3365 3340 3225 3335 3240 3450]
COM7 1 14
2
[1905 1925 2075 2580 2700 2800 2680 2695] [3230 2905 3065 3045 3080 2865 3080 3005]
[1810 1780 2035 2415 2525 2655 2820 2800] [3195 3025 3120 3025 3035 3025 3055 2980]
[2220 2125 1925 2220 2445 2540 2640 2710] [3110 3100 3115 2930 3170 3045 3105 2975]
[2205 1995 1975 2025 2225 2340 2685 2695] [3210 2935 3130 3080 3030 3110 3080 3055]
[2330 1800 1745 1750 1990 2140 2540 2850] [2990 3035 3285 3010 3100 3165 3120 3190]
[2470 1965 1850 1660 1610 1850 2430 2510] [3015 3040 2990 3140 3035 3150 3135 3120]
[2195 1785 1615 1625 1600 1740 2025 2640] [3130 3190 3270 3040 3090 3010 3085 3275]
[2240 1835 1635 1560 1595 1645 2210 2445] [3070 3255 3160 3320 3055 2910 3225 3155]
COM3 0 15
2
[2375 2005 1975 1880 2320 2560 2695 2595] [3230 2905 3065 3045 3080 2865 3080 3005]
[2440 2335 1715 2120 2235 2430 2700 2655] [3195 3025 3120 3025 3035 3025 3055 2980]
[2445 2155 1915 1730 2165 2125 2410 2485] [3110 3100 3115 2930 3170 3045 3105 2975]
[2815 2200 2020 1620 1815 2130 2330 2390] [3210 2935 3130 3080 3030 3110 3080 3055]
[2820 2465 2070 1755 1740 1645 2025 2125] [2990 3035 3285 3010 3100 3165 3120 3190]
[2560 2135 1960 1750 1625 1510 1945 1915] [3015 3040 2990 3140 3035 3150 3135 3120]
[2635 2300 1920 1815 1620 1650 1435 2055] [3130 3190 3270 3040 3090 3010 3085 3275]
[2785 2190 2065 1635 1475 1565 1845 1850] [3070 3255 3160 3320 3055 2910 3225 3155]
COM7 1 16
2
[2375 2005 1975 1880 2320 2560 2695 2595] [3280 3240 3340 3085 3345 3180 3015 3235]
[2440 2335 1715 2120 2235 2430 2700 2655] [3255 3210 3345 3095 3250 3145 3135 3060]
[2445 2155 1915 1730 2165 2125 2410 2485] [3280 3285 3285 3145 3225 3135 3155 3100]
[2815 2200 2020 1620 1815 2130 2330 2390] [3360 3295 3260 3185 3300 3195 3205 3035]
[2820 2465 2070 1755 1740 1645 2025 2125] [3320 3300 3340 3245 3235 3220 3215 3190]
[2560 2135 1960 1750 1625 1510 1945 1915] [3045 3320 3280 3365 3100 3275 3320 3140]
[2635 2300 1920 1815 1620 1650 1435 2055] [3345 3375 3370 3075 3255 3280 3295 3330]
[2785 2190 2065 1635 1475 1565 1845 1850] [3275 3245 3285 3525 3185 3220 3245 3320]
COM3 0 17
2
[2540 2215 2250 1870 2345 2370 2260 2500] [3280 3240 3340 3085 3345 3180 3015 3235]
[2615 2415 2125 2375 2155 2100 2090 2135] [3255 3210 3345 3095 3250 3145 3135 3060]
[2445 2285 2370 2150 2050 2210 2000 2120] [3280 3285 3285 3145 3225 3135 3155 3100]
[2650 2485 2320 2210 2210 2250 1990 1855] [3360 3295 3260 3185 3300 3195 3205 3035]
[2820 2895 2400 2035 2100 1915 2000 1920] [3320 3300 3340 3245 3235 3220 3215 3190]
[2850 2495 2530 2025 1660 1940 1720 1700] [3045 3320 3280 3365 3100 3275 3320 3140]
[2465 2670 2385 2005 1735 1695 1580 1570] [3345 3375 3370 3075 3255 3280 3295 3330]
[2970 2625 2205 1875 1680 1685 1665 1555] [3275 3245 3285 3525 3185 3220 3245 3320]
COM7 1 18
2
[2540 2215 2250 1870 2345 2370 2260 2500] [3090 3030 2945 3065 3065 3000 2995 3240]
[2615 2415 2125 2375 2155 2100 2090 2135] [3050 3015 3145 3020 3000 3045 3140 2875]
[2445 2285 2370 2150 2050 2210 2000 2120] [3200 3095 3185 2935 3105 2975 3055 2945]
[2650 2485 2320 2210 2210 2250 1990 1855] [3095 3020 3070 2980 3050 3045 3040 3010]
[2820 2895 2400 2035 2100 1915 2000 1920] [3135 3150 3205 2885 3035 3040 3150 3070]
[2850 2495 2530 2025 1660 1940 1720 1700] [2940 3105 3215 3225 3135 3085 3135 3260]
[2465 2670 2385 2005 1735 1695 1580 1570] [2995 3140 3170 3080 3285 3025 3065 3090]
[2970 2625 2205 1875 1680 1685 1665 1555] [3130 3320 3105 3300 3110 3100 3240 3115]
COM3 0 19
2
[2460 2420 2275 2210 2605 2745 2790 2395] [3090 3030 2945 3065 3065 3000 2995 3240]
[2680 2640 2370 2415 2430 2785 2630 2320] [3050 3015 3145 3020 3000 3045 3140 2875]
[2715 2500 2275 2190 2305 2510 2560 2270] [3200 3095 3185 2935 3105 2975 3055 2945]
[2595 2760 2460 2175 2295 2295 2385 2205] [3095 3020 3070 2980 3050 3045 3040 3010]
[2945 2775 2505 2075 2110 1925 2240 2045] [3135 3150 3205 2885 3035 3040 3150 3070]
[3060 2805 2740 2170 1830 1890 1900 1710] [2940 3105 3215 3225 3135 3085 3135 3260]
[3025 2715 2665 2330 1920 1635 1560 1590] [2995 3140 3170 3080 3285 3025 3065 3090]
[2890 3080 2790 2245 1730 1680 1665 1590] [3130 3320 3105 3300 3110 3100 3240 3115]
COM7 1 20
2
[2460 2420 2275 2210 2605 2745 2790 2395] [2505 2870 2960 3040 2940 2845 2860 3125]
[2680 2640 2370 2415 2430 2785 2630 2320] [2645 2930 3035 2885 2795 3025 2895 2960]
[2715 2500 2275 2190 2305 2510 2560 2270] [2680 2905 3045 2980 3020 2925 3010 2950]
[2595 2760 2460 2175 2295 2295 2385 2205] [2695 3170 3070 3155 2975 2970 3020 2935]
[2945 2775 2505 2075 2110 1925 2240 2045] [2790 3000 3115 2885 2980 2935 3105 3015]
[3060 2805 2740 2170 1830 1890 1900 1710] [2520 2930 3060 3150 3110 3010 3150 3135]
[3025 2715 2665 2330 1920 1635 1560 1590] [2830 3090 3135 3065 2925 3005 3125 3160]
[2890 3080 2790 2245 1730 1680 1665 1590] [2825 3105 3050 2925 3075 2955 3235 3005]
COM3 0 21
2
[2685 2390 2370 2120 2175 2380 2820 2595] [2505 2870 2960 3040 2940 2845 2860 3125]
[2925 2720 2445 2175 2205 2355 2550 2525] [2645 2930 3035 2885 2795 3025 2895 2960]
[2865 2845 2560 2270 2145 2100 2325 2545] [2680 2905 3045 2980 3020 2925 3010 2950]
[2450 2745 2845 2450 2315 1965 2060 2050] [2695 3170 3070 3155 2975 2970 3020 2935]
[2960 2525 2915 2585 2285 1895 1945 2020] [2790 3000 3115 2885 2980 2935 3105 3015]
[2750 2930 2815 2920 2200 1965 1705 1440] [2520 2930 3060 3150 3110 3010 3150 3135]
[2640 2685 2535 2560 2285 1935 1460 1345] [2830 3090 3135 3065 2925 3005 3125 3160]
[2890 2720 2940 2690 2385 1780 1740 1420] [2825 3105 3050 2925 3075 2955 3235 3005]
COM7 1 22
2
[2685 2390 2370 2120 2175 2380 2820 2595] [2515 2535 3015 2990 3020 2910 3125 3065]
[2925 2720 2445 2175 2205 2355 2550 2525] [2345 2485 3070 3085 3045 2955 3010 2980]
[2865 2845 2560 2270 2145 2100 2325 2545] [2315 2645 2970 3015 3105 2915 3060 3025]
[2450 2745 2845 2450 2315 1965 2060 2050] [2290 2595 3055 3100 3040 3160 3105 3030]
[2960 2525 2915 2585 2285 1895 1945 2020] [2365 2640 3170 2985 3125 3040 3340 3205]
[2750 2930 2815 2920 2200 1965 1705 1440] [2195 2650 3105 3105 3105 3185 3210 3240]
[2640 2685 2535 2560 2285 1935 1460 1345] [2330 2870 3300 3195 3110 3045 3215 3390]
[2890 2720 2940 2690 2385 1780 1740 1420] [2320 2730 3065 3275 3325 3205 3210 3280]
COM3 0 23
2
[2850 2710 2645 2435 2270 2210 2480 2350] [2515 2535 3015 2990 3020 2910 3125 3065]
[3045 2920 2835 2865 2465 2485 2485 2325] [2345 2485 3070 3085 3045 2955 3010 2980]
[2810 2940 2825 2875 2895 2600 2435 2410] [2315 2645 2970 3015 3105 2915 3060 3025]
[2860 2855 2845 2810 2710 2685 2400 2050] [2290 2595 3055 3100 3040 3160 3105 3030]
[3060 2815 2905 2815 2950 2660 2505 2265] [2365 2640 3170 2985 3125 3040 3340 3205]
[2800 2985 2875 2990 2825 2615 2530 2070] [2195 2650 3105 3105 3105 3185 3210 3240]
[3070 3010 2930 2820 2875 2780 2250 1880] [2330 2870 3300 3195 3110 3045 3215 3390]
[3225 2635 3035 3115 2875 2490 2470 1975] [2320 2730 3065 3275 3325 3205 3210 3280]
COM7 1 24
2
[2850 2710 2645 2435 2270 2210 2480 2350] [2775 2675 2890 3040 3300 3005 3040 3230]
[3045 2920 2835 2865 2465 2485 2485 2325] [2795 2615 2865 2985 3065 3250 3080 3060]
[2810 2940 2825 2875 2895 2600 2435 2410] [2470 2595 2845 2975 3185 2950 3195 3080]
[2860 2855 2845 2810 2710 2685 2400 2050] [2470 2780 2775 3015 3050 3105 3205 3145]
[3060 2815 2905 2815 2950 2660 2505 2265] [2365 2410 2685 2795 3065 2975 3240 3185]
[2800 2985 2875 2990 2825 2615 2530 2070] [2195 2320 2575 2955 3095 3205 3275 3205]
[3070 3010 2930 2820 2875 2780 2250 1880] [2040 2335 2535 2865 3070 3120 3145 3330]
[3225 2635 3035 3115 2875 2490 2470 1975] [2185 2250 2505 3030 2995 3045 3170 3240]
COM3 0 25
2
[2560 2615 2640 2690 2715 2595 2510 2320] [2775 2675 2890 3040 3300 3005 3040 3230]
[2710 2845 2715 2955 2785 2860 2710 2565] [2795 2615 2865 2985 3065 3250 3080 3060]
[2625 2675 2790 2690 2650 2885 2790 2765] [2470 2595 2845 2975 3185 2950 3195 3080]
[2740 2765 2800 2670 2915 2895 2945 2755] [2470 2780 2775 3015 3050 3105 3205 3145]
[2805 2725 2735 2640 2855 2840 2945 2710] [2365 2410 2685 2795 3065 2975 3240 3185]
[3020 2835 2795 2985 2945 2790 2840 2380] [2195 2320 2575 2955 3095 3205 3275 3205]
[2595 2720 2525 2665 2890 2770 2420 2055] [2040 2335 2535 2865 3070 3120 3145 3330]
[2705 2915 2860 2895 3040 2715 2490 1935] [2185 2250 2505 3030 2995 3045 3170 3240]
COM7 1 26
2
[2560 2615 2640 2690 2715 2595 2510 2320] [2540 2475 2505 2635 2980 2990 3025 3080]
[2710 2845 2715 2955 2785 2860 2710 2565] [2400 2305 2545 2750 2900 3030 3010 2950]
[2625 2675 2790 2690 2650 2885 2790 2765] [2225 2125 2420 2555 3015 2905 2955 2970]
[2740 2765 2800 2670 2915 2895 2945 2755] [2265 2100 2300 2520 2870 2875 3075 3055]
[2805 2725 2735 2640 2855 2840 2945 2710] [2190 2050 2110 2440 2730 2915 3110 3070]
[3020 2835 2795 2985 2945 2790 2840 2380] [1955 1835 2190 2330 2705 3000 3085 3240]
[2595 2720 2525 2665 2890 2770 2420 2055] [1935 2040 2190 2385 2765 2855 3140 3025]
[2705 2915 2860 2895 3040 2715 2490 1935] [1955 1975 2150 2430 2840 3025 2935 2995]
COM3 0 27
2
[2600 2630 2675 2675 2660 2630 2780 2620] [2540 2475 2505 2635 2980 2990 3025 3080]
[2665 2640 2635 2720 2590 2575 2805 2850] [2400 2305 2545 2750 2900 3030 3010 2950]
[2510 2650 2670 2645 2685 2755 2855 2835] [2225 2125 2420 2555 3015 2905 2955 2970]
[2590 2655 2740 2675 2750 2765 2785 2595] [2265 2100 2300 2520 2870 2875 3075 3055]
[2800 2685 2750 2595 2770 2625 2780 2415] [2190 2050 2110 2440 2730 2915 3110 3070]
[2775 2805 2945 2900 2790 2765 2370 2055] [1955 1835 2190 2330 2705 3000 3085 3240]
[2700 2745 2740 2765 2630 2420 2035 1735] [1935 2040 2190 2385 2765 2855 3140 3025]
[2800 2780 2635 2590 2620 2550 2340 1575] [1955 1975 2150 2430 2840 3025 2935 2995]
COM7 1 28
2
[2600 2630 2675 2675 2660 2630 2780 2620] [2850 2425 2420 2655 2980 3075 3025 3215]
[2665 2640 2635 2720 2590 2575 2805 2850] [3015 2585 2560 2480 2805 2960 3010 3035]
[2510 2650 2670 2645 2685 2755 2855 2835] [2825 2600 2340 2225 2605 2710 3030 3020]
[2590 2655 2740 2675 2750 2765 2785 2595] [2830 2450 2310 2205 2355 2775 2865 3010]
[2800 2685 2750 2595 2770 2625 2780 2415] [2455 2325 2220 1915 2160 2525 2785 3135]
[2775 2805 2945 2900 2790 2765 2370 2055] [2220 2145 2100 2150 2275 2415 3005 3065]
[2700 2745 2740 2765 2630 2420 2035 1735] [2270 2220 2080 2175 2355 2685 2830 3140]
[2800 2780 2635 2590 2620 2550 2340 1575] [2315 2260 2125 2270 2425 2820 2905 2730]
COM3 0 29
2
[2910 2815 2985 3010 2975 2895 3015 2875] [2850 2425 2420 2655 2980 3075 3025 3215]
[3095 3035 3055 3170 3045 2865 2975 2950] [3015 2585 2560 2480 2805 2960 3010 3035]
[2965 3080 3025 3040 2965 2955 3035 2790] [2825 2600 2340 2225 2605 2710 3030 3020]
[3165 2890 3080 3010 3065 2805 2785 2595] [2830 2450 2310 2205 2355 2775 2865 3010]
[3105 3070 3285 3100 2905 2795 2925 2395] [2455 2325 2220 1915 2160 2525 2785 3135]
[3270 2825 3190 3050 2895 3055 2740 2010] [2220 2145 2100 2150 2275 2415 3005 3065]
[3160 3055 2945 3040 2860 2905 2210 2060] [2270 2220 2080 2175 2355 2685 2830 3140]
[3235 2720 2950 3000 2765 2835 2595 2010] [2315 2260 2125 2270 2425 2820 2905 2730]
COM7 1 30
2
[2910 2815 2985 3010 2975 2895 3015 2875] [2320 2210 2040 2120 2420 2630 2760 2995]
[3095 3035 3055 3170 3045 2865 2975 2950] [2220 2215 2065 2055 2265 2545 2725 2805]
[2965 3080 3025 3040 2965 2955 3035 2790] [2385 2080 1995 1905 2030 2210 2555 2680]
[3165 2890 3080 3010 3065 2805 2785 2595] [2195 1730 1895 1695 1780 2015 2435 2670]
[3105 3070 3285 3100 2905 2795 2925 2395] [1770 1880 1800 1635 1820 2045 2520 2655]
[3270 2825 3190 3050 2895 3055 2740 2010] [1760 1690 1740 1910 1975 2340 2665 2830]
[3160 3055 2945 3040 2860 2905 2210 2060] [1770 1735 1845 1900 2225 2645 2665 2765]
[3235 2720 2950 3000 2765 2835 2595 2010] [1805 1655 1865 1970 2345 2470 2655 2420]
COM3 0 31
2
[2950 2980 2870 2960 2740 2945 2760 2965] [2320 2210 2040 2120 2420 2630 2760 2995]
[3105 2895 2850 2970 2845 2945 2945 2935] [2220 2215 2065 2055 2265 2545 2725 2805]
[2950 3095 2940 2785 2905 2905 2890 2730] [2385 2080 1995 1905 2030 2210 2555 2680]
[2935 2965 3005 2835 2935 2770 3025 2585] [2195 1730 1895 1695 1780 2015 2435 2670]
[3100 3045 3100 2985 3080 2795 3025 2510] [1770 1880 1800 1635 1820 2045 2520 2655]
[2950 2900 2860 3065 2765 2920 2860 2615] [1760 1690 1740 1910 1975 2340 2665 2830]
[3100 3150 2945 3045 2895 2905 2775 2465] [1770 1735 1845 1900 2225 2645 2665 2765]
[3030 2875 3060 3060 3010 2860 2805 2695] [1805 1655 1865 1970 2345 2470 2655 2420]
COM7 1 32
2
[2950 2980 2870 2960 2740 2945 2760 2965] [2390 2205 1900 1950 2500 1965 1995 2310]
[3105 2895 2850 2970 2845 2945 2945 2935] [2565 2180 2100 1830 1905 1925 1930 2350]
[2950 3095 2940 2785 2905 2905 2890 2730] [2460 2025 1935 1715 1895 1865 1895 2320]
[2935 2965 3005 2835 2935 2770 3025 2585] [2250 1815 1855 1745 1855 1920 2105 2370]
[3100 3045 3100 2985 3080 2795 3025 2510] [1815 1710 1740 1660 1795 1980 2250 2450]
[2950 2900 2860 3065 2765 2920 2860 2615] [1720 1645 1695 1870 1800 1920 2130 2355]
[3100 3150 2945 3045 2895 2905 2775 2465] [1835 1670 1790 1635 1800 1835 2020 2115]
[3030 2875 3060 3060 3010 2860 2805 2695] [1905 1825 1805 1820 1750 1690 1755 1920]
COM3 0 33
2
[2710 2700 2635 2760 2600 2690 2915 2740] [2390 2205 1900 1950 2500 1965 1995 2310]
[2775 2785 2630 2700 2815 2735 2735 2935] [2565 2180 2100 1830 1905 1925 1930 2350]
[2610 2710 2660 2700 2635 2735 2795 2715] [2460 2025 1935 1715 1895 1865 1895 2320]
[2865 2795 2960 2720 2850 2795 2795 2850] [2250 1815 1855 1745 1855 1920 2105 2370]
[2770 2935 2745 2875 2900 2780 2840 2990] [1815 1710 1740 1660 1795 1980 2250 2450]
[2755 2915 2850 2765 2620 2835 2800 2770] [1720 1645 1695 1870 1800 1920 2130 2355]
[2815 2795 2680 2910 2795 2835 2505 2875] [1835 1670 1790 1635 1800 1835 2020 2115]
[2745 2865 2990 2875 2950 2900 2940 3080] [1905 1825 1805 1820 1750 1690 1755 1920]
COM7 1 34
2
[2710 2700 2635 2760 2600 2690 2915 2740] [3365 2845 2445 2070 2105 2140 1985 2320]
[2775 2785 2630 2700 2815 2735 2735 2935] [3135 2725 2265 2070 2005 2175 2115 2150]
[2610 2710 2660 2700 2635 2735 2795 2715] [2995 2370 2245 2035 2200 1980 2090 2195]
[2865 2795 2960 2720 2850 2795 2795 2850] [2950 2275 2115 2050 1965 2030 2130 2200]
[2770 2935 2745 2875 2900 2780 2840 2990] [2730 2220 2180 1825 2005 2000 2145 2140]
[2755 2915 2850 2765 2620 2835 2800 2770] [2690 2010 2015 2140 1925 1980 2125 2130]
[2815 2795 2680 2910 2795 2835 2505 2875] [2595 2380 2260 2005 1945 1900 2025 1985]
[2745 2865 2990 2875 2950 2900 2940 3080] [2880 2595 2320 2150 2160 1935 2020 1940]
COM3 0 35
2
[2805 2900 2835 2800 2835 2920 3040 3095] [3365 2845 2445 2070 2105 2140 1985 2320]
[3150 2925 3040 2905 2875 2855 3110 2765] [3135 2725 2265 2070 2005 2175 2115 2150]
[2875 2865 2865 3050 2945 2895 2920 2840] [2995 2370 2245 2035 2200 1980 2090 2195]
[2975 3155 3200 2920 3065 2980 2940 2880] [2950 2275 2115 2050 1965 2030 2130 2200]
[2945 3070 3010 3090 3100 3000 2960 3115] [2730 2220 2180 1825 2005 2000 2145 2140]
[2795 3125 3155 2900 2845 2960 3105 3000] [2690 2010 2015 2140 1925 1980 2125 2130]
[3180 3220 2895 3330 3115 2950 2810 2920] [2595 2380 2260 2005 1945 1900 2025 1985]
[3110 3245 3015 2895 3195 2820 2870 2995] [2880 2595 2320 2150 2160 1935 2020 1940]
COM7 1 36
2
[2805 2900 2835 2800 2835 2920 3040 3095] [2990 2690 2550 2580 2315 2200 2145 2300]
[3150 2925 3040 2905 2875 2855 3110 2765] [2960 2560 2155 2205 2370 2270 2160 2070]
[2875 2865 2865 3050 2945 2895 2920 2840] [2770 2425 2230 2005 2235 2220 2110 1905]
[2975 3155 3200 2920 3065 2980 2940 2880] [2630 2190 1795 2070 2065 2070 2035 2085]
[2945 3070 3010 3090 3100 3000 2960 3115] [2835 2210 2180 1895 1980 2010 2100 2070]
[2795 3125 3155 2900 2845 2960 3105 3000] [2540 2330 2100 2055 1995 1945 2120 2025]
[3180 3220 2895 3330 3115 2950 2810 2920] [3135 2595 2285 1950 1960 1940 2040 2105]
[3110 3245 3015 2895 3195 2820 2870 2995] [3045 2830 2115 2045 1925 1845 2020 1825]
COM3 0 37
2
[2535 2680 2605 2690 2705 2695 2790 2600] [2990 2690 2550 2580 2315 2200 2145 2300]
[2610 2730 2715 2665 2680 2705 2820 2770] [2960 2560 2155 2205 2370 2270 2160 2070]
[2520 2740 2625 2630 2705 2790 2665 2745] [2770 2425 2230 2005 2235 2220 2110 1905]
[2685 2740 2645 2640 2850 2785 2640 2675] [2630 2190 1795 2070 2065 2070 2035 2085]
[2885 2810 2790 2770 2845 2740 2735 2730] [2835 2210 2180 1895 1980 2010 2100 2070]
[2585 2725 2870 2695 2630 2725 2810 2620] [2540 2330 2100 2055 1995 1945 2120 2025]
[2695 2765 2590 2905 2850 2665 2615 2700] [3135 2595 2285 1950 1960 1940 2040 2105]
[2590 2850 2700 2855 2710 2670 2660 2670] [3045 2830 2115 2045 1925 1845 2020 1825]
COM7 1 38
2
[2535 2680 2605 2690 2705 2695 2790 2600] [3065 2640 2515 2455 2450 2535 2425 2400]
[2610 2730 2715 2665 2680 2705 2820 2770] [2955 2540 2345 2335 2445 2420 2315 2150]
[2520 2740 2625 2630 2705 2790 2665 2745] [2980 2530 2180 2080 2180 2120 2105 2025]
[2685 2740 2645 2640 2850 2785 2640 2675] [2750 2430 2200 2140 2080 2050 2155 2015]
[2885 2810 2790 2770 2845 2740 2735 2730] [2645 2330 2045 1920 2115 2120 2100 2030]
[2585 2725 2870 2695 2630 2725 2810 2620] [2925 2425 2125 2040 2180 2110 1995 1960]
[2695 2765 2590 2905 2850 2665 2615 2700] [3020 2735 2375 2275 2020 2020 2005 1885]
[2590 2850 2700 2855 2710 2670 2660 2670] [3150 3015 2700 2825 2400 2230 1905 1805]
COM3 0 39
2
[3165 2900 3000 2925 2985 2955 3125 2900] [3065 2640 2515 2455 2450 2535 2425 2400]
[3015 3250 3140 3060 2915 3025 3000 3120] [2955 2540 2345 2335 2445 2420 2315 2150]
[3005 3145 3190 3065 3045 3055 2940 3125] [2980 2530 2180 2080 2180 2120 2105 2025]
[3125 3020 3225 3110 3100 3150 3170 2975] [2750 2430 2200 2140 2080 2050 2155 2015]
[3110 3135 3060 3050 3040 2915 3260 3000] [2645 2330 2045 1920 2115 2120 2100 2030]
[2800 2780 3150 3050 2955 3220 3235 2900] [2925 2425 2125 2040 2180 2110 1995 1960]
[2910 3055 2990 3190 3115 3100 2795 3230] [3020 2735 2375 2275 2020 2020 2005 1885]
[3355 3155 3080 3095 3115 3260 3225 3035] [3150 3015 2700 2825 2400 2230 1905 1805]
COM7 1 40
2
[3165 2900 3000 2925 2985 2955 3125 2900] [3395 2635 2470 2365 2360 2590 2280 2275]
[3015 3250 3140 3060 2915 3025 3000 3120] [3020 2810 2580 2350 2295 2465 2320 2075]
[3005 3145 3190 3065 3045 3055 2940 3125] [2865 2755 2420 2200 2275 2230 2155 2065]
[3125 3020 3225 3110 3100 3150 3170 2975] [3115 2705 2355 2080 2190 2125 2155 2075]
[3110 3135 3060 3050 3040 2915 3260 3000] [3125 2735 2420 2165 2165 2115 2155 2140]
[2800 2780 3150 3050 2955 3220 3235 2900] [2995 2780 2495 2280 2175 2345 2270 2095]
[2910 3055 2990 3190 3115 3100 2795 3230] [3105 2985 2770 2530 2570 2570 2510 2300]
[3355 3155 3080 3095 3115 3260 3225 3035] [3255 3055 2985 3085 2750 2990 2560 2170]
COM3 0 41
2
[2625 2590 2540 2825 2865 2660 2735 2795] [3395 2635 2470 2365 2360 2590 2280 2275]
[2650 2840 2665 2885 2790 2810 2795 2920] [3020 2810 2580 2350 2295 2465 2320 2075]
[2620 2595 2830 2860 2855 2835 2935 2615] [2865 2755 2420 2200 2275 2230 2155 2065]
[2715 2885 2905 2795 2925 2830 2850 2670] [3115 2705 2355 2080 2190 2125 2155 2075]
[2930 2855 2745 2845 2775 2835 2925 2870] [3125 2735 2420 2165 2165 2115 2155 2140]
[2455 3165 3065 3005 2805 2950 3090 2610] [2995 2780 2495 2280 2175 2345 2270 2095]
[2670 3115 2730 2955 2775 2800 2630 2710] [3105 2985 2770 2530 2570 2570 2510 2300]
[2875 2960 3020 2675 2970 2740 3100 2935] [3255 3055 2985 3085 2750 2990 2560 2170]
COM7 1 42
2
[2625 2590 2540 2825 2865 2660 2735 2795] [2495 2550 2255 2125 2275 2235 2195 2305]
[2650 2840 2665 2885 2790 2810 2795 2920] [2640 2460 2400 2295 2075 2250 2125 1910]
[2620 2595 2830 2860 2855 2835 2935 2615] [2835 2700 2380 2110 2180 2035 2165 2065]
[2715 2885 2905 2795 2925 2830 2850 2670] [2905 2695 2570 2190 2160 1995 2170 2055]
[2930 2855 2745 2845 2775 2835 2925 2870] [2900 2640 2590 2110 2080 2130 2210 2240]
[2455 3165 3065 3005 2805 2950 3090 2610] [2825 2665 2775 2510 2360 2355 2375 2105]
[2670 3115 2730 2955 2775 2800 2630 2710] [3135 2970 2870 2730 2490 2565 2450 2255]
[2875 2960 3020 2675 2970 2740 3100 2935] [2870 3030 2985 2995 2655 2655 2760 2540]
COM3 0 43
2
[3195 3205 3235 3125 3090 3060 3280 3165] [2495 2550 2255 2125 2275 2235 2195 2305]
[3425 3200 3100 3255 3025 3100 3260 3270] [2640 2460 2400 2295 2075 2250 2125 1910]
[3165 3125 3335 3270 3180 3220 3165 3250] [2835 2700 2380 2110 2180 2035 2165 2065]
[3195 3240 3170 3175 3175 3195 3165 3305] [2905 2695 2570 2190 2160 1995 2170 2055]
[3150 3345 3325 3180 3425 3165 3315 3305] [2900 2640 2590 2110 2080 2130 2210 2240]
[3190 3350 3280 3120 3100 3275 3435 3290] [2825 2665 2775 2510 2360 2355 2375 2105]
[3375 3290 3180 3270 3115 3150 3290 3130] [3135 2970 2870 2730 2490 2565 2450 2255]
[3395 3240 3125 3255 3280 3475 3290 3260] [2870 3030 2985 2995 2655 2655 2760 2540]
COM7 1 44
2
[3195 3205 3235 3125 3090 3060 3280 3165] [2735 2635 2375 2255 2320 2290 2375 2180]
[3425 3200 3100 3255 3025 3100 3260 3270] [3105 2830 2720 2350 2255 2310 2165 2215]
[3165 3125 3335 3270 3180 3220 3165 3250] [2965 2870 2675 2405 2360 2130 2205 2165]
[3195 3240 3170 3175 3175 3195 3165 3305] [2760 3040 2685 2350 2325 2095 2305 2380]
[3150 3345 3325 3180 3425 3165 3315 3305] [2780 2975 2790 2605 2500 2520 2485 2300]
[3190 3350 3280 3120 3100 3275 3435 3290] [2750 2945 2840 2860 2640 2755 2645 2385]
[3375 3290 3180 3270 3115 3150 3290 3130] [2975 3085 2950 2820 2870 2855 2815 2490]
[3395 3240 3125 3255 3280 3475 3290 3260] [3065 3100 3010 3095 3025 2935 2735 2530]
COM3 0 45
2
[2945 2930 3055 3035 2975 2910 3140 2930] [2735 2635 2375 2255 2320 2290 2375 2180]
[3185 3200 2905 3180 3175 3070 3025 3165] [3105 2830 2720 2350 2255 2310 2165 2215]
[3060 3100 3185 3010 3035 3115 3105 3145] [2965 2870 2675 2405 2360 2130 2205 2165]
[3190 3030 3170 3035 3140 3195 3165 2885] [2760 3040 2685 2350 2325 2095 2305 2380]
[3100 3010 3040 3030 3200 3200 3300 3230] [2780 2975 2790 2605 2500 2520 2485 2300]
[3105 3025 3295 3220 3150 3160 3235 3140] [2750 2945 2840 2860 2640 2755 2645 2385]
[3005 3115 2930 3105 3115 3305 3165 3125] [2975 3085 2950 2820 2870 2855 2815 2490]
[3145 3275 3135 3345 3200 3125 3330 3245] [3065 3100 3010 3095 3025 2935 2735 2530]
COM7 1 46
2
[2945 2930 3055 3035 2975 2910 3140 2930] [3075 2700 2515 2435 2230 2155 2230 2245]
[3185 3200 2905 3180 3175 3070 3025 3165] [2995 2900 2860 2310 2345 2370 2335 2230]
[3060 3100 3185 3010 3035 3115 3105 3145] [3100 3090 2840 2585 2575 2280 2425 2335]
[3190 3030 3170 3035 3140 3195 3165 2885] [3145 2900 3060 2555 2450 2190 2550 2330]
[3100 3010 3040 3030 3200 3200 3300 3230] [3000 3165 3150 2635 2760 2520 2760 2605]
[3105 3025 3295 3220 3150 3160 3235 3140] [2995 3140 3100 3150 3065 2975 2835 2550]
[3005 3115 2930 3105 3115 3305 3165 3125] [3290 3370 3140 3165 3105 2940 2870 2555]
[3145 3275 3135 3345 3200 3125 3330 3245] [3300 3185 3170 3240 3015 3005 3075 2640]
COM3 0 47
2
[2690 2600 2690 2695 2665 2670 2915 2665] [3075 2700 2515 2435 2230 2155 2230 2245]
[2920 2770 2720 2635 2740 2700 2760 2675] [2995 2900 2860 2310 2345 2370 2335 2230]
[2790 3015 2780 2810 2800 2820 2800 2910] [3100 3090 2840 2585 2575 2280 2425 2335]
[2770 2595 2885 2755 2935 2635 2805 2665] [3145 2900 3060 2555 2450 2190 2550 2330]
[2870 2915 2840 3065 2870 2715 2875 2795] [3000 3165 3150 2635 2760 2520 2760 2605]
[2780 2905 2865 2920 2735 2915 2915 2685] [2995 3140 3100 3150 3065 2975 2835 2550]
[2750 2965 2605 2855 3005 2680 2545 2830] [3290 3370 3140 3165 3105 2940 2870 2555]
[2890 3080 2880 2755 3025 2810 2935 2925] [3300 3185 3170 3240 3015 3005 3075 2640]
COM7 1 48
2
[2690 2600 2690 2695 2665 2670 2915 2665] [3420 3160 2880 2710 2980 2805 2755 2650]
[2920 2770 2720 2635 2740 2700 2760 2675] [3385 3190 2980 2960 2560 2765 2635 2520]
[2790 3015 2780 2810 2800 2820 2800 2910] [3490 3475 3225 2950 3020 2705 2835 2600]
[2770 2595 2885 2755 2935 2635 2805 2665] [3480 3370 3465 3195 3010 2820 2795 2840]
[2870 2915 2840 3065 2870 2715 2875 2795] [3600 3540 3405 3305 3270 3180 3015 2755]
[2780 2905 2865 2920 2735 2915 2915 2685] [3345 3415 3375 3370 3275 3315 3310 2955]
[2750 2965 2605 2855 3005 2680 2545 2830] [3370 3540 3570 3355 3230 3275 3325 3150]
[2890 3080 2880 2755 3025 2810 2935 2925] [3660 3430 3445 3415 3490 3300 3315 3290]
COM3 0 49
2
[2825 2745 2865 2910 2570 2910 2730 2755] [3420 3160 2880 2710 2980 2805 2755 2650]
[2610 2820 2835 2835 2850 2920 2640 2775] [3385 3190 2980 2960 2560 2765 2635 2520]
[2815 2885 3050 2690 2820 2775 2775 2770] [3490 3475 3225 2950 3020 2705 2835 2600]
[3195 2745 2850 2605 2935 2865 2935 2945] [3480 3370 3465 3195 3010 2820 2795 2840]
[3025 2945 2990 2805 3005 2860 2940 2925] [3600 3540 3405 3305 3270 3180 3015 2755]
[2870 2710 2965 2935 2780 3055 2935 2740] [3345 3415 3375 3370 3275 3315 3310 2955]
[2730 2815 2965 2980 3000 3000 2725 2795] [3370 3540 3570 3355 3230 3275 3325 3150]
[3100 2820 3135 3055 2975 2855 2990 2910] [3660 3430 3445 3415 3490 3300 3315 3290]
COM7 1 50
2
[2825 2745 2865 2910 2570 2910 2730 2755] [2705 2740 2440 2505 2565 2350 2290 2300]
[2610 2820 2835 2835 2850 2920 2640 2775] [3170 2780 2695 2730 2455 2520 2530 2360]
[2815 2885 3050 2690 2820 2775 2775 2770] [3195 3220 2945 2825 2885 2695 2725 2485]
[3195 2745 2850 2605 2935 2865 2935 2945] [3420 3025 3325 3090 2895 2935 2835 2700]
[3025 2945 2990 2805 3005 2860 2940 2925] [3305 3460 3330 2920 3080 3025 2990 3050]
[2870 2710 2965 2935 2780 3055 2935 2740] [3350 3270 3190 3215 3120 3275 3205 2870]
[2730 2815 2965 2980 3000 3000 2725 2795] [3265 3405 3250 3295 3175 3280 3120 3180]
[3100 2820 3135 3055 2975 2855 2990 2910] [3435 3375 3250 3620 3030 3160 3215 3080]
COM3 0 51
2
[2765 2770 3055 2865 2750 2740 2920 2645] [2705 2740 2440 2505 2565 2350 2290 2300]
[3035 2970 2840 3070 2935 2860 2865 2810] [3170 2780 2695 2730 2455 2520 2530 2360]
[2665 3115 2715 2820 2800 2875 2890 2880] [3195 3220 2945 2825 2885 2695 2725 2485]
[2890 3110 3045 3020 2845 2855 2865 2715] [3420 3025 3325 3090 2895 2935 2835 2700]
[3025 2715 3185 2805 3195 2695 3070 2940] [3305 3460 3330 2920 3080 3025 2990 3050]
[2895 2610 3110 2970 2895 2815 2890 2625] [3350 3270 3190 3215 3120 3275 3205 2870]
[3035 2950 2930 2995 2730 3135 2925 2800] [3265 3405 3250 3295 3175 3280 3120 3180]
[3085 3080 2925 2815 2755 3095 2910 2925] [3435 3375 3250 3620 3030 3160 3215 3080]
COM7 1 52
2
[2765 2770 3055 2865 2750 2740 2920 2645] [3085 3030 2985 2560 3020 2550 2310 2535]
[3035 2970 2840 3070 2935 2860 2865 2810] [3185 3390 3325 3135 2510 3025 2640 2540]
[2665 3115 2715 2820 2800 2875 2890 2880] [3530 3620 3530 3285 3115 2965 3015 2835]
[2890 3110 3045 3020 2845 2855 2865 2715] [3490 3390 3550 3380 3210 3215 3210 2975]
[3025 2715 3185 2805 3195 2695 3070 2940] [3375 3555 3405 3215 3375 3270 3150 3130]
[2895 2610 3110 2970 2895 2815 2890 2625] [3440 3440 3415 3415 3245 3320 3280 3200]
[3035 2950 2930 2995 2730 3135 2925 2800] [3485 3415 3425 3330 3235 3180 3235 3345]
[3085 3080 2925 2815 2755 3095 2910 2925] [3520 3515 3235 3505 3205 3410 3400 3410]
COM3 0 53
2
[2730 2715 2685 2720 3000 2815 2905 2880] [3085 3030 2985 2560 3020 2550 2310 2535]
[3160 2950 2775 2910 2795 2755 2840 2700] [3185 3390 3325 3135 2510 3025 2640 2540]
[2730 3005 2875 2875 2950 2800 2835 2680] [3530 3620 3530 3285 3115 2965 3015 2835]
[2980 2915 3120 2840 2905 2775 2960 2955] [3490 3390 3550 3380 3210 3215 3210 2975]
[3230 2825 3105 2915 2865 2970 2925 3060] [3375 3555 3405 3215 3375 3270 3150 3130]
[3170 3050 3125 2985 2840 2900 3050 2860] [3440 3440 3415 3415 3245 3320 3280 3200]
[3050 2815 2805 3045 2775 2935 3010 2925] [3485 3415 3425 3330 3235 3180 3235 3345]
[2925 2700 2885 3115 2840 2975 3050 3185] [3520 3515 3235 3505 3205 3410 3400 3410]
COM7 1 54
2
[2730 2715 2685 2720 3000 2815 2905 2880] [2730 2685 2510 2645 2315 2420 2270 2360]
[3160 2950 2775 2910 2795 2755 2840 2700] [2975 2865 2765 2815 2630 2700 2495 2355]
[2730 3005 2875 2875 2950 2800 2835 2680] [2985 3015 2915 2770 3195 2740 2870 2745]
[2980 2915 3120 2840 2905 2775 2960 2955] [3000 3175 2950 2970 3025 3030 2915 2825]
[3230 2825 3105 2915 2865 2970 2925 3060] [3045 3075 3185 3005 3050 3105 3025 2870]
[3170 3050 3125 2985 2840 2900 3050 2860] [2985 3110 3060 3095 3080 3155 3065 3100]
[3050 2815 2805 3045 2775 2935 3010 2925] [3130 3185 3150 3075 3105 3105 3100 3095]
[2925 2700 2885 3115 2840 2975 3050 3185] [3330 3185 3325 3185 3040 3175 2950 3055]
COM3 0 55
2
[2925 2985 2690 2815 2845 2740 2885 2750] [2730 2685 2510 2645 2315 2420 2270 2360]
[2700 2910 2965 2955 2840 2920 2680 2765] [2975 2865 2765 2815 2630 2700 2495 2355]
[2655 2765 2810 2920 2850 2695 2820 2790] [2985 3015 2915 2770 3195 2740 2870 2745]
[2760 2795 2895 2730 2940 2780 2925 2885] [3000 3175 2950 2970 3025 3030 2915 2825]
[2765 2925 2950 2995 3060 2730 3050 2970] [3045 3075 3185 3005 3050 3105 3025 2870]
[2790 2880 3150 3065 2905 2890 3005 2980] [2985 3110 3060 3095 3080 3155 3065 3100]
[2985 2825 3000 3095 3045 2625 2745 2785] [3130 3185 3150 3075 3105 3105 3100 3095]
[3055 2960 3140 2870 2890 2915 3190 3005] [3330 3185 3325 3185 3040 3175 2950 3055]
COM7 1 56
2
[2925 2985 2690 2815 2845 2740 2885 2750] [3265 3035 3060 2865 2820 2680 2525 2420]
[2700 2910 2965 2955 2840 2920 2680 2765] [3480 3345 3395 2955 2935 2970 2965 2615]
[2655 2765 2810 2920 2850 2695 2820 2790] [3340 3380 3535 3235 3210 3060 3100 2990]
[2760 2795 2895 2730 2940 2780 2925 2885] [3490 3435 3415 3395 3405 3245 3170 3020]
[2765 2925 2950 2995 3060 2730 3050 2970] [3495 3625 3355 3235 3260 3290 3255 3090]
[2790 2880 3150 3065 2905 2890 3005 2980] [3410 3360 3490 3425 3325 3265 3395 3125]
[2985 2825 3000 3095 3045 2625 2745 2785] [3435 3485 3450 3355 3510 3205 3340 3410]
[3055 2960 3140 2870 2890 2915 3190 3005] [3555 3430 3360 3570 3270 3325 3275 3280]
COM3 0 57
2
[3200 3005 3075 3045 3240 3095 3160 3115] [3265 3035 3060 2865 2820 2680 2525 2420]
[3230 3200 3105 3010 3070 3045 3095 3085] [3480 3345 3395 2955 2935 2970 2965 2615]
[3100 3145 3330 3120 3165 3245 3105 3130] [3340 3380 3535 3235 3210 3060 3100 2990]
[3305 3250 3225 3190 3105 3125 3055 3100] [3490 3435 3415 3395 3405 3245 3170 3020]
[3135 3120 3345 2925 3090 3010 3250 3455] [3495 3625 3355 3235 3260 3290 3255 3090]
[3040 3165 3150 3260 3005 3250 3385 3060] [3410 3360 3490 3425 3325 3265 3395 3125]
[3345 3305 3295 3015 3100 3150 3170 3130] [3435 3485 3450 3355 3510 3205 3340 3410]
[3215 3080 3140 3280 3225 3255 3435 3235] [3555 3430 3360 3570 3270 3325 3275 3280]
COM7 1 58
2
[3200 3005 3075 3045 3240 3095 3160 3115] [2805 2735 2545 2630 2675 2665 2395 2305]
[3230 3200 3105 3010 3070 3045 3095 3085] [3025 2795 3030 2685 2600 2745 2735 2565]
[3100 3145 3330 3120 3165 3245 3105 3130] [3035 3065 3065 2895 3025 2865 2925 2600]
[3305 3250 3225 3190 3105 3125 3055 3100] [3215 3080 3120 3005 2915 3040 3005 2865]
[3135 3120 3345 2925 3090 3010 3250 3455] [3185 3165 3180 3000 2980 3040 2975 2830]
[3040 3165 3150 3260 3005 3250 3385 3060] [2960 3025 3105 3075 3020 3080 3015 2950]
[3345 3305 3295 3015 3100 3150 3170 3130] [3210 3125 3120 2995 2915 3050 3120 3080]
[3215 3080 3140 3280 3225 3255 3435 3235] [3125 3195 3005 3280 2995 3025 3015 3215]
COM3 0 59
2
[2735 2590 2735 2785 2935 2955 2925 2790] [2805 2735 2545 2630 2675 2665 2395 2305]
[2995 3085 2810 2775 2825 2950 2810 3080] [3025 2795 3030 2685 2600 2745 2735 2565]
[2775 2975 3045 2860 2720 3065 2995 2995] [3035 3065 3065 2895 3025 2865 2925 2600]
[2910 2895 2845 2820 3020 2960 2905 2850] [3215 3080 3120 3005 2915 3040 3005 2865]
[2915 2880 2870 2970 3045 2870 3090 2975] [3185 3165 3180 3000 2980 3040 2975 2830]
[3025 2950 3010 3025 2835 2995 3025 2795] [2960 3025 3105 3075 3020 3080 3015 2950]
[2900 3020 2755 2840 2970 2915 2705 2990] [3210 3125 3120 2995 2915 3050 3120 3080]
[2905 3080 3010 2835 3090 2920 3225 2955] [3125 3195 3005 3280 2995 3025 3015 3215]
COM7 1 60
2
[2735 2590 2735 2785 2935 2955 2925 2790] [2865 2665 2575 2835 2700 2270 2405 2345]
[2995 3085 2810 2775 2825 2950 2810 3080] [3025 2785 2945 2845 2665 2955 2560 2635]
[2775 2975 3045 2860 2720 3065 2995 2995] [3200 3270 3180 2950 2975 2945 2870 2605]
[2910 2895 2845 2820 3020 2960 2905 2850] [3130 3175 3195 3045 3030 3010 3025 2805]
[2915 2880 2870 2970 3045 2870 3090 2975] [3125 3255 3185 3050 3095 2995 3100 3010]
[3025 2950 3010 3025 2835 2995 3025 2795] [2895 3060 3220 3220 3070 3185 3180 3135]
[2900 3020 2755 2840 2970 2915 2705 2990] [3210 3140 3265 3030 3035 3105 3055 3145]
[2905 3080 3010 2835 3090 2920 3225 2955] [3065 3285 3030 3320 2890 3210 3165 3330]
COM3 0 61
2
[3035 3075 3175 3110 3175 3025 3210 3245] [2865 2665 2575 2835 2700 2270 2405 2345]
[3080 3145 3200 3175 3075 3180 3060 3105] [3025 2785 2945 2845 2665 2955 2560 2635]
[3250 3290 3335 3095 3000 3120 3070 3130] [3200 3270 3180 2950 2975 2945 2870 2605]
[3220 3125 3220 3180 3175 3135 3070 3105] [3130 3175 3195 3045 3030 3010 3025 2805]
[3125 3225 3315 3165 3345 3070 3260 3225] [3125 3255 3185 3050 3095 2995 3100 3010]
[3095 2995 3335 3240 3090 3135 3205 3070] [2895 3060 3220 3220 3070 3185 3180 3135]
[3340 3265 3150 3320 3300 3090 3240 3260] [3210 3140 3265 3030 3035 3105 3055 3145]
[3415 3235 3065 3085 3355 3485 3215 3095] [3065 3285 3030 3320 2890 3210 3165 3330]
COM7 1 62
2
[3035 3075 3175 3110 3175 3025 3210 3245] [2520 2575 2790 2395 2590 2385 2415 2360]
[3080 3145 3200 3175 3075 3180 3060 3105] [2960 2840 2880 2815 2505 2700 2645 2310]
[3250 3290 3335 3095 3000 3120 3070 3130] [3005 2740 2970 2870 2925 2935 2935 2780]
[3220 3125 3220 3180 3175 3135 3070 3105] [2960 3005 3050 2895 3030 2985 2920 2955]
[3125 3225 3315 3165 3345 3070 3260 3225] [2905 3050 2955 2975 2965 2935 3015 3080]
[3095 2995 3335 3240 3090 3135 3205 3070] [2855 3040 3060 3145 3055 3075 3085 3000]
[3340 3265 3150 3320 3300 3090 3240 3260] [3150 3175 3150 2830 3005 3045 3115 3160]
[3415 3235 3065 3085 3355 3485 3215 3095] [3065 3085 3030 3130 3075 2905 3075 3050]
COM3 0 63
2
[3175 3145 3160 3060 3250 2935 3265 3125] [2520 2575 2790 2395 2590 2385 2415 2360]
[3305 3195 3100 3050 3095 3090 3080 3145] [2960 2840 2880 2815 2505 2700 2645 2310]
[3210 3350 3160 3185 3105 3305 3255 3130] [3005 2740 2970 2870 2925 2935 2935 2780]
[3370 3210 3220 3140 3190 3315 3235 3385] [2960 3005 3050 2895 3030 2985 2920 2955]
[3390 3245 3285 3280 3280 3320 3265 3230] [2905 3050 2955 2975 2965 2935 3015 3080]
[3245 3215 3210 3270 3425 3355 3230 3315] [2855 3040 3060 3145 3055 3075 3085 3000]
[3195 3210 3185 3260 3105 3350 3045 3460] [3150 3175 3150 2830 3005 3045 3115 3160]
[3335 3365 3485 3320 3120 3250 3355 3450] [3065 3085 3030 3130 3075 2905 3075 3050]
COM7 1 64
2
[3175 3145 3160 3060 3250 2935 3265 3125] [2805 2560 2415 2415 2750 2460 2120 2270]
[3305 3195 3100 3050 3095 3090 3080 3145] [2610 2675 2680 2460 2610 2670 2580 2515]
[3210 3350 3160 3185 3105 3305 3255 3130] [2790 2790 2710 2720 2905 2750 2750 2725]
[3370 3210 3220 3140 3190 3315 3235 3385] [2865 2970 2860 2775 2965 2850 2945 2845]
[3390 3245 3285 3280 3280 3320 3265 3230] [2925 2915 3165 2970 2950 2925 2935 2780]
[3245 3215 3210 3270 3425 3355 3230 3315] [2835 2955 2770 2885 2765 2945 2975 2715]
[3195 3210 3185 3260 3105 3350 3045 3460] [2865 3020 3025 2960 3015 2955 2960 3025]
[3335 3365 3485 3320 3120 3250 3355 3450] [3065 3010 3005 3310 2990 2900 2920 2935]
COM3 0 65
2
[2645 2715 2675 2770 2940 2710 2730 2550] [2805 2560 2415 2415 2750 2460 2120 2270]
[2880 2775 2670 2790 2770 2735 2845 2615] [2610 2675 2680 2460 2610 2670 2580 2515]
[2590 2700 2990 2765 2600 2775 2770 2555] [2790 2790 2710 2720 2905 2750 2750 2725]
[2740 2910 2755 2730 2705 2650 2775 2640] [2865 2970 2860 2775 2965 2850 2945 2845]
[2755 2670 3025 2745 2815 2725 2765 2835] [2925 2915 3165 2970 2950 2925 2935 2780]
[2905 2990 2875 2810 2635 2745 2760 2665] [2835 2955 2770 2885 2765 2945 2975 2715]
[2970 2985 3000 2820 2770 2925 2680 2890] [2865 3020 3025 2960 3015 2955 2960 3025]
[3045 2710 2940 2590 2880 2850 3050 2675] [3065 3010 3005 3310 2990 2900 2920 2935]