COM3 0 6
2
[2805 2800 2735 2795 2735 2790 2825 2905] [3120 3115 2910 3135 3060 2925 2960 2980]
[2920 3095 2720 2960 2815 2885 2810 2740] [3000 3075 3080 2970 2965 3085 2835 2845]
[2890 2905 2715 2815 2800 2740 2780 2775] [3110 3030 3065 3015 3040 3050 2995 2935]
[2870 2980 2970 2840 2900 2845 2745 2875] [3165 2850 3110 3085 3100 3005 3015 3050]
[3045 2960 2985 2840 2845 2790 2755 3065] [3065 3145 3015 2940 3105 3185 3185 3225]
[2820 3050 2995 2985 2725 2935 2915 2670] [3055 3145 3040 3175 3140 3070 3115 3090]
[2975 2880 2995 3030 2940 2915 2945 2795] [3110 3460 3295 3200 3090 3005 3265 3165]
[2925 2820 2895 2810 3095 2945 2985 2925] [3225 3260 3390 3255 2945 3000 2900 3120]
COM7 1 7
2
[2805 2800 2735 2795 2735 2790 2825 2905] [3050 2925 3085 2900 3095 2890 2765 2985]
[2920 3095 2720 2960 2815 2885 2810 2740] [3125 2870 3175 2975 3110 3065 3060 2985]
[2890 2905 2715 2815 2800 2740 2780 2775] [3110 3215 3275 3020 3145 3035 2940 3095]
[2870 2980 2970 2840 2900 2845 2745 2875] [3055 3110 3180 3065 3130 3160 3050 3020]
[3045 2960 2985 2840 2845 2790 2755 3065] [3105 3250 3205 2900 3150 3175 3045 3130]
[2820 3050 2995 2985 2725 2935 2915 2670] [3110 3280 3090 3135 3085 3270 3180 3195]
[2975 2880 2995 3030 2940 2915 2945 2795] [3275 3245 3400 3125 2935 2910 3045 3070]
[2925 2820 2895 2810 3095 2945 2985 2925] [3340 3355 3275 3335 3100 2925 3165 3415]
COM3 0 8
2
[2730 2755 2680 2750 2790 2695 2765 2755] [3050 2925 3085 2900 3095 2890 2765 2985]
[2740 2765 2740 2825 2745 2755 2745 2690] [3125 2870 3175 2975 3110 3065 3060 2985]
[2665 2685 2915 2800 2775 2760 2770 2875] [3110 3215 3275 3020 3145 3035 2940 3095]
[2640 2815 2775 2620 2780 2785 2810 2725] [3055 3110 3180 3065 3130 3160 3050 3020]
[2930 2820 2685 2795 2815 2675 2720 2695] [3105 3250 3205 2900 3150 3175 3045 3130]
[2690 2780 2895 2845 2785 2840 2845 2635] [3110 3280 3090 3135 3085 3270 3180 3195]
[2685 2850 2730 2805 2715 2870 2565 2560] [3275 3245 3400 3125 2935 2910 3045 3070]
[2825 2735 2700 2770 2750 2875 2675 2720] [3340 3355 3275 3335 3100 2925 3165 3415]
COM7 1 9
2
[2730 2755 2680 2750 2790 2695 2765 2755] [3135 3065 2940 2900 2955 3055 2750 3075]
[2740 2765 2740 2825 2745 2755 2745 2690] [2955 2970 3095 2835 2940 3140 3030 2980]
[2665 2685 2915 2800 2775 2760 2770 2875] [3095 3165 3010 3035 3095 2935 2955 3015]
[2640 2815 2775 2620 2780 2785 2810 2725] [3025 3125 3110 3050 2945 3000 3085 2945]
[2930 2820 2685 2795 2815 2675 2720 2695] [3220 3120 3090 2995 2940 3045 3195 3135]
[2690 2780 2895 2845 2785 2840 2845 2635] [2875 2970 3060 3025 3140 3170 3220 3100]
[2685 2850 2730 2805 2715 2870 2565 2560] [3040 3075 3170 3150 3175 3025 3370 3015]
[2825 2735 2700 2770 2750 2875 2675 2720] [2875 3325 3220 3175 2945 3025 3080 2820]
COM3 0 10
2
[2730 2660 2325 1995 1545 1335 1540 1720] [3135 3065 2940 2900 2955 3055 2750 3075]
[2910 2845 2610 2220 1710 1330 1145 1345] [2955 2970 3095 2835 2940 3140 3030 2980]
[2585 2720 2795 2430 1885 1295 1115 1075] [3095 3165 3010 3035 3095 2935 2955 3015]
[2655 2790 2785 2550 2305 1560 1245 1100] [3025 3125 3110 3050 2945 3000 3085 2945]
[2855 2850 2825 2670 2445 1660 1570 1215] [3220 3120 3090 2995 2940 3045 3195 3135]
[2720 2875 3025 2715 2410 2005 1560 1360] [2875 2970 3060 3025 3140 3170 3220 3100]
[2840 2870 2645 2805 2285 2000 1430 1285] [3040 3075 3170 3150 3175 3025 3370 3015]
[2870 2815 2940 2615 2265 2065 1580 1365] [2875 3325 3220 3175 2945 3025 3080 2820]
COM7 1 11
2
[2730 2660 2325 1995 1545 1335 1540 1720] [2675 2700 3065 2785 2945 2950 2790 3170]
[2910 2845 2610 2220 1710 1330 1145 1345] [3075 2870 3090 3010 2965 3085 2990 3100]
[2585 2720 2795 2430 1885 1295 1115 1075] [3055 3125 3145 2960 3090 2935 2960 2935]
[2655 2790 2785 2550 2305 1560 1245 1100] [3105 2810 2985 3065 3060 3050 3070 2975]
[2855 2850 2825 2670 2445 1660 1570 1215] [3160 3190 3195 2890 2940 3080 3045 3165]
[2720 2875 3025 2715 2410 2005 1560 1360] [3030 3015 3115 3050 3035 3100 3075 3205]
[2840 2870 2645 2805 2285 2000 1430 1285] [3035 3240 3135 3120 2910 2935 2960 3010]
[2870 2815 2940 2615 2265 2065 1580 1365] [3130 3205 3150 3310 3055 2930 2900 2760]
COM3 0 12
2
[2125 1530 1330 1770 2270 2575 2780 2665] [2675 2700 3065 2785 2945 2950 2790 3170]
[2225 1720 1310 1620 2075 2425 2410 2310] [3075 2870 3090 3010 2965 3085 2990 3100]
[1845 1555 1255 1370 1585 1970 1955 1875] [3055 3125 3145 2960 3090 2935 2960 2935]
[1905 1365 1280 1255 1400 1470 1470 1490] [3105 2810 2985 3065 3060 3050 3070 2975]
[1525 1330 1190 1190 1330 1340 1525 1360] [3160 3190 3195 2890 2940 3080 3045 3165]
[1325 1230 1225 1345 1270 1335 1395 1270] [3030 3015 3115 3050 3035 3100 3075 3205]
[1145 1170 1055 1305 1315 1335 1250 1325] [3035 3240 3135 3120 2910 2935 2960 3010]
[ 850  890 1080 1230 1290 1260 1285 1400] [3130 3205 3150 3310 3055 2930 2900 2760]
COM7 1 13
2
[2125 1530 1330 1770 2270 2575 2780 2665] [2875 2905 3315 2630 3050 3085 3065 2940]
[2225 1720 1310 1620 2075 2425 2410 2310] [3260 2945 3140 3065 2935 3120 3025 3010]
[1845 1555 1255 1370 1585 1970 1955 1875] [3095 3055 3140 2890 3075 2865 3085 2980]
[1905 1365 1280 1255 1400 1470 1470 1490] [3265 3040 3155 3140 3045 2955 3075 2975]
[1525 1330 1190 1190 1330 1340 1525 1360] [3050 3170 3240 3050 2935 3070 3130 2970]
[1325 1230 1225 1345 1270 1335 1395 1270] [3165 3115 3075 3100 3105 3125 2920 2950]
[1145 1170 1055 1305 1315 1335 1250 1325] [3205 3195 3110 3165 3245 3135 2945 2705]
[ 850  890 1080 1230 1290 1260 1285 1400] [3150 3365 3300 3315 3085 3025 2775 2230]
COM3 0 14
2
[1645 1305 1515 2000 2150 2305 2225 1915] [2875 2905 3315 2630 3050 3085 3065 2940]
[1595 1425 1210 1780 2005 1825 1590 1575] [3260 2945 3140 3065 2935 3120 3025 3010]
[1130 1215 1190 1325 1380 1430 1385 1220] [3095 3055 3140 2890 3075 2865 3085 2980]
[1385 1225 1235 1255 1315 1305 1235 1270] [3265 3040 3155 3140 3045 2955 3075 2975]
[1340 1230 1325 1170 1220 1270 1355 1265] [3050 3170 3240 3050 2935 3070 3130 2970]
[1165 1245 1410 1345 1230 1325 1415 1290] [3165 3115 3075 3100 3105 3125 2920 2950]
[1120 1250 1205 1350 1475 1485 1310 1445] [3205 3195 3110 3165 3245 3135 2945 2705]
[1325 1275 1235 1370 1410 1480 1615 1595] [3150 3365 3300 3315 3085 3025 2775 2230]
COM7 1 15
2
[1645 1305 1515 2000 2150 2305 2225 1915] [2885 3035 3070 2970 2985 2895 2835 3160]
[1595 1425 1210 1780 2005 1825 1590 1575] [3020 2930 3240 2980 2890 3025 3000 2975]
[1130 1215 1190 1325 1380 1430 1385 1220] [2925 2990 3110 3000 3120 2900 2960 2875]
[1385 1225 1235 1255 1315 1305 1235 1270] [3285 2895 3055 3095 2850 3020 2900 2905]
[1340 1230 1325 1170 1220 1270 1355 1265] [3090 3175 3130 2935 2940 2915 2950 2670]
[1165 1245 1410 1345 1230 1325 1415 1290] [3025 2970 2990 3140 2965 2830 2590 2525]
[1120 1250 1205 1350 1475 1485 1310 1445] [3020 3150 3100 3190 3085 2790 2400 2170]
[1325 1275 1235 1370 1410 1480 1615 1595] [3035 3185 3135 3190 3005 2530 2220 1875]
COM3 0 16
2
[1365 1105 1100 1095 1015  925  940  935] [2885 3035 3070 2970 2985 2895 2835 3160]
[1305 1125 1090 1155  975 1005  915  940] [3020 2930 3240 2980 2890 3025 3000 2975]
[1000 1100 1105 1070 1025 1125 1045 1155] [2925 2990 3110 3000 3120 2900 2960 2875]
[1150 1185 1195 1170 1085 1205 1145 1195] [3285 2895 3055 3095 2850 3020 2900 2905]
[1120 1215 1155 1185 1345 1190 1435 1455] [3090 3175 3130 2935 2940 2915 2950 2670]
[ 960 1190 1380 1315 1450 1585 1615 1695] [3025 2970 2990 3140 2965 2830 2590 2525]
[1075 1290 1165 1515 1865 2050 1900 2285] [3020 3150 3100 3190 3085 2790 2400 2170]
[1260 1415 1640 1575 2140 2405 2515 2525] [3035 3185 3135 3190 3005 2530 2220 1875]
COM7 1 17
2
[1365 1105 1100 1095 1015  925  940  935] [2885 2905 2835 2405 2360 2210 2260 2530]
[1305 1125 1090 1155  975 1005  915  940] [3105 3050 2755 2455 2285 2210 2370 2290]
[1000 1100 1105 1070 1025 1125 1045 1155] [3015 2960 2685 2405 2240 1980 1980 2055]
[1150 1185 1195 1170 1085 1205 1145 1195] [3005 2780 2675 2160 1835 1735 1955 1810]
[1120 1215 1155 1185 1345 1190 1435 1455] [2965 2800 2425 1875 1680 1615 1695 1860]
[ 960 1190 1380 1315 1450 1585 1615 1695] [2700 2610 2220 1900 1490 1530 1685 1840]
[1075 1290 1165 1515 1865 2050 1900 2285] [2830 2670 2070 1635 1485 1515 1560 1675]
[1260 1415 1640 1575 2140 2405 2515 2525] [2810 2415 2040 1790 1455 1390 1535 1560]
COM3 0 18
2
[1010 1045 1100 1185 1205 1130 1170 1175] [2885 2905 2835 2405 2360 2210 2260 2530]
[1140 1040 1115 1275 1200 1540 1570 1380] [3105 3050 2755 2455 2285 2210 2370 2290]
[1125 1010 1270 1360 1875 1655 1945 2095] [3015 2960 2685 2405 2240 1980 1980 2055]
[1270 1190 1450 1685 2065 2320 2440 2555] [3005 2780 2675 2160 1835 1735 1955 1810]
[1495 1510 1870 2210 2630 2815 2955 2940] [2965 2800 2425 1875 1680 1615 1695 1860]
[1550 1810 2240 2380 2590 2765 2970 2880] [2700 2610 2220 1900 1490 1530 1685 1840]
[2285 2410 2875 3100 2775 3020 3050 3115] [2830 2670 2070 1635 1485 1515 1560 1675]
[2335 2785 2765 2865 3005 2800 2960 2970] [2810 2415 2040 1790 1455 1390 1535 1560]
COM7 1 19
2
[1010 1045 1100 1185 1205 1130 1170 1175] [3070 2995 2440 1900 2095 2065 2165 2260]
[1140 1040 1115 1275 1200 1540 1570 1380] [3080 2595 2445 2110 1925 1950 2030 1995]
[1125 1010 1270 1360 1875 1655 1945 2095] [2925 2850 2270 1750 1895 1825 1735 1845]
[1270 1190 1450 1685 2065 2320 2440 2555] [2810 2550 1980 1770 1465 1565 1660 1785]
[1495 1510 1870 2210 2630 2815 2955 2940] [2555 2225 1830 1460 1495 1520 1760 1905]
[1550 1810 2240 2380 2590 2765 2970 2880] [2255 1920 1585 1755 1540 1555 1685 1735]
[2285 2410 2875 3100 2775 3020 3050 3115] [2410 2200 1795 1605 1545 1580 1770 1775]
[2335 2785 2765 2865 3005 2800 2960 2970] [2440 2180 1895 1825 1730 1510 1670 1680]
COM3 0 20
2
[1305 1320 1435 1605 1855 1760 1910 2035] [3070 2995 2440 1900 2095 2065 2165 2260]
[1410 1565 1555 2210 2255 2425 2635 2555] [3080 2595 2445 2110 1925 1950 2030 1995]
[1470 1575 2175 2430 2685 2845 2985 3180] [2925 2850 2270 1750 1895 1825 1735 1845]
[1700 2275 2790 2850 3070 2985 3305 3125] [2810 2550 1980 1770 1465 1565 1660 1785]
[2485 2760 2995 3160 3450 3070 3270 3315] [2555 2225 1830 1460 1495 1520 1760 1905]
[3000 3085 3060 3255 3095 3215 3100 3400] [2255 1920 1585 1755 1540 1555 1685 1735]
[3065 3085 3255 3150 3090 3175 2950 3095] [2410 2200 1795 1605 1545 1580 1770 1775]
[3395 3040 2990 3020 3420 3230 3380 3235] [2440 2180 1895 1825 1730 1510 1670 1680]
COM7 1 21
2
[1305 1320 1435 1605 1855 1760 1910 2035] [2715 2560 2190 1895 1815 1735 1815 1875]
[1410 1565 1555 2210 2255 2425 2635 2555] [2600 2475 2250 1825 1555 1680 1735 1530]
[1470 1575 2175 2430 2685 2845 2985 3180] [2445 2150 1815 1560 1580 1565 1655 1940]
[1700 2275 2790 2850 3070 2985 3305 3125] [2455 1910 1690 1555 1600 1550 1695 2010]
[2485 2760 2995 3160 3450 3070 3270 3315] [2380 1790 1670 1450 1560 1470 1670 2055]
[3000 3085 3060 3255 3095 3215 3100 3400] [2005 1670 1610 1660 1590 1545 1690 1770]
[3065 3085 3255 3150 3090 3175 2950 3095] [2370 1870 1765 1645 1715 1525 1645 1640]
[3395 3040 2990 3020 3420 3230 3380 3235] [2470 2310 2035 1800 1605 1420 1535 1600]
COM3 0 22
2
[1725 1935 2175 2335 2400 2270 2360 2385] [2715 2560 2190 1895 1815 1735 1815 1875]
[2175 2360 2500 2800 2630 2635 2565 2540] [2600 2475 2250 1825 1555 1680 1735 1530]
[2470 2555 2605 2690 2695 2760 2665 2680] [2445 2150 1815 1560 1580 1565 1655 1940]
[2770 2705 2920 2590 2785 2775 2840 2610] [2455 1910 1690 1555 1600 1550 1695 2010]
[2645 2870 2745 2670 2760 2655 2975 2750] [2380 1790 1670 1450 1560 1470 1670 2055]
[2640 2805 2870 2820 2770 2915 2785 2725] [2005 1670 1610 1660 1590 1545 1690 1770]
[2605 2845 2770 2815 2770 2750 2650 2735] [2370 1870 1765 1645 1715 1525 1645 1640]
[2895 2830 2725 2885 2745 2580 2730 2465] [2470 2310 2035 1800 1605 1420 1535 1600]
COM7 1 23
2
[1725 1935 2175 2335 2400 2270 2360 2385] [2155 2100 1700 1675 1745 1585 1585 1965]
[2175 2360 2500 2800 2630 2635 2565 2540] [2305 1715 1605 1570 1580 1595 1605 1895]
[2470 2555 2605 2690 2695 2760 2665 2680] [2055 1665 1490 1475 1515 1470 1675 1880]
[2770 2705 2920 2590 2785 2775 2840 2610] [2235 1480 1675 1615 1570 1510 1690 1950]
[2645 2870 2745 2670 2760 2655 2975 2750] [1890 1745 1605 1565 1490 1525 1645 1805]
[2640 2805 2870 2820 2770 2915 2785 2725] [2080 1665 1660 1750 1555 1540 1580 1655]
[2605 2845 2770 2815 2770 2750 2650 2735] [1935 2025 1825 1695 1545 1540 1560 1655]
[2895 2830 2725 2885 2745 2580 2730 2465] [1975 1725 1865 1715 1615 1465 1565 1620]
COM3 0 24
2
[1985 2015 2310 2390 2405 2370 2555 2440] [2155 2100 1700 1675 1745 1585 1585 1965]
[2320 2575 2580 2645 2685 2715 2695 2665] [2305 1715 1605 1570 1580 1595 1605 1895]
[2690 2785 2890 2660 2755 2755 2740 2715] [2055 1665 1490 1475 1515 1470 1675 1880]
[2700 2820 2805 2675 2815 2905 2745 2665] [2235 1480 1675 1615 1570 1510 1690 1950]
[2785 2770 2770 2745 2770 2835 2890 2800] [1890 1745 1605 1565 1490 1525 1645 1805]
[2880 2780 2690 2715 2685 2910 2840 2800] [2080 1665 1660 1750 1555 1540 1580 1655]
[2635 2800 2810 2925 2755 2690 2760 2960] [1935 2025 1825 1695 1545 1540 1560 1655]
[2960 2775 2860 2910 2965 2935 2760 2650] [1975 1725 1865 1715 1615 1465 1565 1620]
COM7 1 25
2
[1985 2015 2310 2390 2405 2370 2555 2440] [1975 1435 1475 1455 1440 1500 1635 2005]
[2320 2575 2580 2645 2685 2715 2695 2665] [1845 1485 1475 1420 1525 1655 1840 2205]
[2690 2785 2890 2660 2755 2755 2740 2715] [1860 1680 1505 1520 1510 1545 1900 2240]
[2700 2820 2805 2675 2815 2905 2745 2665] [1900 1560 1540 1455 1420 1515 1820 2040]
[2785 2770 2770 2745 2770 2835 2890 2800] [1635 1495 1550 1360 1400 1470 1635 1895]
[2880 2780 2690 2715 2685 2910 2840 2800] [1530 1540 1465 1615 1440 1475 1500 1625]
[2635 2800 2810 2925 2755 2690 2760 2960] [1485 1540 1705 1495 1565 1530 1470 1575]
[2960 2775 2860 2910 2965 2935 2760 2650] [1455 1435 1540 1525 1545 1480 1475 1540]
COM3 0 26
2
[1860 2065 2365 2360 2425 2430 2555 2520] [1975 1435 1475 1455 1440 1500 1635 2005]
[2255 2680 2585 2730 2710 2725 2760 2745] [1845 1485 1475 1420 1525 1655 1840 2205]
[2535 2665 2610 2800 2800 2825 2800 2865] [1860 1680 1505 1520 1510 1545 1900 2240]
[2935 2715 2935 2705 2870 2865 2905 2790] [1900 1560 1540 1455 1420 1515 1820 2040]
[3035 2720 2965 2790 2905 2730 2965 3065] [1635 1495 1550 1360 1400 1470 1635 1895]
[2745 2685 3005 2875 2725 2985 2970 2930] [1530 1540 1465 1615 1440 1475 1500 1625]
[2905 2880 2795 2810 2805 2790 2695 2810] [1485 1540 1705 1495 1565 1530 1470 1575]
[3135 2900 2855 2785 2640 2895 2940 2805] [1455 1435 1540 1525 1545 1480 1475 1540]
COM7 1 27
2
[1860 2065 2365 2360 2425 2430 2555 2520] [2120 1860 1640 1560 1800 1820 1720 2105]
[2255 2680 2585 2730 2710 2725 2760 2745] [2240 1485 1640 1620 1645 1855 2135 2480]
[2535 2665 2610 2800 2800 2825 2800 2865] [1995 1955 1625 1520 1495 1770 2260 2495]
[2935 2715 2935 2705 2870 2865 2905 2790] [1905 1560 1595 1490 1550 1670 1855 2355]
[3035 2720 2965 2790 2905 2730 2965 3065] [1805 1720 1670 1415 1550 1485 1795 2180]
[2745 2685 3005 2875 2725 2985 2970 2930] [1655 1635 1625 1590 1470 1625 1805 2145]
[2905 2880 2795 2810 2805 2790 2695 2810] [1775 1780 1710 1445 1535 1445 1670 1735]
[3135 2900 2855 2785 2640 2895 2940 2805] [1840 1720 1530 1475 1485 1605 1575 1875]
COM3 0 28
2
[1930 2015 2160 2360 2530 2445 2585 2505] [2120 1860 1640 1560 1800 1820 1720 2105]
[2420 2445 2495 2755 2675 2735 2730 2700] [2240 1485 1640 1620 1645 1855 2135 2480]
[2370 2615 2650 2765 2680 2770 2790 2830] [1995 1955 1625 1520 1495 1770 2260 2495]
[2770 2895 2900 2755 2875 2880 2795 2845] [1905 1560 1595 1490 1550 1670 1855 2355]
[2865 2770 3040 2665 2735 2855 2790 2740] [1805 1720 1670 1415 1550 1485 1795 2180]
[2580 2780 2840 2975 2710 2795 2750 2720] [1655 1635 1625 1590 1470 1625 1805 2145]
[2905 3050 2860 2895 2715 2850 2750 2655] [1775 1780 1710 1445 1535 1445 1670 1735]
[2925 2780 2860 2795 2920 2815 2735 2720] [1840 1720 1530 1475 1485 1605 1575 1875]
COM7 1 29
2
[1930 2015 2160 2360 2530 2445 2585 2505] [2265 1760 1665 1600 1575 1760 1750 2200]
[2420 2445 2495 2755 2675 2735 2730 2700] [2105 1640 1510 1325 1460 1660 2270 2525]
[2370 2615 2650 2765 2680 2770 2790 2830] [1525 1600 1485 1435 1555 1615 2170 2615]
[2770 2895 2900 2755 2875 2880 2795 2845] [1745 1515 1490 1440 1545 1670 2150 2570]
[2865 2770 3040 2665 2735 2855 2790 2740] [1570 1385 1400 1380 1535 1560 2145 2735]
[2580 2780 2840 2975 2710 2795 2750 2720] [1555 1515 1505 1610 1540 1620 2000 2560]
[2905 3050 2860 2895 2715 2850 2750 2655] [1490 1510 1500 1370 1510 1545 1955 2515]
[2925 2780 2860 2795 2920 2815 2735 2720] [1585 1375 1390 1540 1510 1405 1955 2525]
COM3 0 30
2
[1825 1745 2370 2360 2360 2340 2575 2470] [2265 1760 1665 1600 1575 1760 1750 2200]
[2280 2585 2515 2675 2645 2685 2750 2640] [2105 1640 1510 1325 1460 1660 2270 2525]
[2445 2585 2765 2800 2750 2770 2790 2770] [1525 1600 1485 1435 1555 1615 2170 2615]
[2740 2775 2850 2615 2725 2735 2720 2740] [1745 1515 1490 1440 1545 1670 2150 2570]
[2775 2750 2780 2720 2900 2745 2775 2990] [1570 1385 1400 1380 1535 1560 2145 2735]
[2870 2835 2930 2720 2745 2715 2885 2635] [1555 1515 1505 1610 1540 1620 2000 2560]
[2660 2835 2915 2730 2770 2655 2895 2755] [1490 1510 1500 1370 1510 1545 1955 2515]
[2865 2710 2885 2720 2630 2885 2875 2695] [1585 1375 1390 1540 1510 1405 1955 2525]
COM7 1 31
2
[1825 1745 2370 2360 2360 2340 2575 2470] [2145 1760 1695 1470 1630 1625 2080 2170]
[2280 2585 2515 2675 2645 2685 2750 2640] [1950 1640 1645 1515 1650 2070 2135 2555]
[2445 2585 2765 2800 2750 2770 2790 2770] [1590 1600 1480 1550 1565 1715 2245 2860]
[2740 2775 2850 2615 2725 2735 2720 2740] [1500 1305 1490 1425 1565 1845 2455 2875]
[2775 2750 2780 2720 2900 2745 2775 2990] [1495 1345 1470 1355 1520 2050 2640 2990]
[2870 2835 2930 2720 2745 2715 2885 2635] [1500 1410 1465 1525 1765 2110 2570 2840]
[2660 2835 2915 2730 2770 2655 2895 2755] [1400 1390 1520 1555 1625 2140 2385 2960]
[2865 2710 2885 2720 2630 2885 2875 2695] [1455 1320 1490 1575 1680 2070 2410 2640]
COM3 0 32
2
[1785 1900 2045 2380 2420 2390 2525 2560] [2145 1760 1695 1470 1630 1625 2080 2170]
[2325 2495 2610 2720 2650 2715 2695 2745] [1950 1640 1645 1515 1650 2070 2135 2555]
[2410 2635 2905 2710 2775 2755 2725 2675] [1590 1600 1480 1550 1565 1715 2245 2860]
[2790 2600 2775 2680 2910 2840 2900 2795] [1500 1305 1490 1425 1565 1845 2455 2875]
[2850 2745 2830 2750 2855 2725 2845 2800] [1495 1345 1470 1355 1520 2050 2640 2990]
[2920 2710 2845 2860 2740 2665 2905 2720] [1500 1410 1465 1525 1765 2110 2570 2840]
[2905 2840 2600 2690 2690 2690 2815 2635] [1400 1390 1520 1555 1625 2140 2385 2960]
[2965 2710 2715 2800 2590 2825 2890 2995] [1455 1320 1490 1575 1680 2070 2410 2640]
COM7 1 33
2
[1785 1900 2045 2380 2420 2390 2525 2560] [1960 1780 1800 1660 1825 2025 2355 2595]
[2325 2495 2610 2720 2650 2715 2695 2745] [1825 1670 1735 1725 1995 2315 2715 2780]
[2410 2635 2905 2710 2775 2755 2725 2675] [1685 1730 1675 1920 2285 2555 2760 2880]
[2790 2600 2775 2680 2910 2840 2900 2795] [1860 1670 1860 2035 2480 2745 2880 2850]
[2850 2745 2830 2750 2855 2725 2845 2800] [1760 1725 1925 2095 2755 2845 2960 3000]
[2920 2710 2845 2860 2740 2665 2905 2720] [1645 1775 2025 2355 2665 2925 3000 3045]
[2905 2840 2600 2690 2690 2690 2815 2635] [1905 1970 2315 2580 3010 3030 3150 3125]
[2965 2710 2715 2800 2590 2825 2890 2995] [1925 2040 2220 2590 2690 2855 2995 2970]
COM3 0 34
2
[1675 2065 2210 2445 2425 2460 2570 2560] [1960 1780 1800 1660 1825 2025 2355 2595]
[2375 2460 2630 2790 2725 2755 2705 2845] [1825 1670 1735 1725 1995 2315 2715 2780]
[2435 2755 2865 2680 2760 2865 2840 3030] [1685 1730 1675 1920 2285 2555 2760 2880]
[2995 2730 3045 2675 3030 2900 2915 2960] [1860 1670 1860 2035 2480 2745 2880 2850]
[3060 3050 3040 2785 2930 2865 2905 3125] [1760 1725 1925 2095 2755 2845 2960 3000]
[2955 2995 2940 2870 2855 2935 3045 2970] [1645 1775 2025 2355 2665 2925 3000 3045]
[2945 2990 2875 2930 2800 2940 2845 2895] [1905 1970 2315 2580 3010 3030 3150 3125]
[3040 3120 2880 2890 2950 3100 3190 2800] [1925 2040 2220 2590 2690 2855 2995 2970]
COM7 1 35
2
[1675 2065 2210 2445 2425 2460 2570 2560] [1280 1410 1485 1485 1815 1935 1925 2010]
[2375 2460 2630 2790 2725 2755 2705 2845] [1460 1470 1500 1580 1745 2190 2440 2545]
[2435 2755 2865 2680 2760 2865 2840 3030] [1480 1755 1690 2010 2310 2440 2555 2810]
[2995 2730 3045 2675 3030 2900 2915 2960] [1655 2005 2170 2410 2635 2855 2800 2815]
[3060 3050 3040 2785 2930 2865 2905 3125] [1680 2130 2490 2670 2925 2805 2940 2960]
[2955 2995 2940 2870 2855 2935 3045 2970] [1890 2380 2595 3055 3015 2875 2920 2860]
[2945 2990 2875 2930 2800 2940 2845 2895] [2045 2650 2935 3035 3105 3090 2935 3010]
[3040 3120 2880 2890 2950 3100 3190 2800] [2475 2640 2915 3070 2840 2775 2815 2965]
COM3 0 36
2
[1720 1970 2335 2360 2475 2450 2580 2550] [1280 1410 1485 1485 1815 1935 1925 2010]
[2050 2405 2460 2930 2715 2815 2670 2675] [1460 1470 1500 1580 1745 2190 2440 2545]
[2450 2775 2815 2860 2855 2865 2850 2740] [1480 1755 1690 2010 2310 2440 2555 2810]
[2725 2740 2895 2825 2895 2905 2920 2785] [1655 2005 2170 2410 2635 2855 2800 2815]
[2705 2950 2990 2745 3025 2820 2995 2970] [1680 2130 2490 2670 2925 2805 2940 2960]
[2905 2705 2965 2715 2775 2875 2970 2815] [1890 2380 2595 3055 3015 2875 2920 2860]
[3030 2995 2765 3145 2810 2745 2695 2800] [2045 2650 2935 3035 3105 3090 2935 3010]
[2970 2850 2805 2935 2965 2860 3045 2900] [2475 2640 2915 3070 2840 2775 2815 2965]
COM7 1 37
2
[1720 1970 2335 2360 2475 2450 2580 2550] [1730 1745 1860 2050 2275 2470 2475 2380]
[2050 2405 2460 2930 2715 2815 2670 2675] [1805 1940 2185 2140 2540 2875 2885 2570]
[2450 2775 2815 2860 2855 2865 2850 2740] [2075 2270 2405 2540 2905 2980 3045 3020]
[2725 2740 2895 2825 2895 2905 2920 2785] [2350 2570 2935 3015 3145 3130 3200 3170]
[2705 2950 2990 2745 3025 2820 2995 2970] [2725 3060 3095 2965 3225 3175 3220 3325]
[2905 2705 2965 2715 2775 2875 2970 2815] [2845 2945 3225 3345 3090 3230 3310 3270]
[3030 2995 2765 3145 2810 2745 2695 2800] [3170 3255 3325 3515 3350 3275 3465 3380]
[2970 2850 2805 2935 2965 2860 3045 2900] [3575 3310 3420 3535 3190 3070 3400 3485]
COM3 0 38
2
[1540 1590 2000 2355 2415 2415 2575 2525] [1730 1745 1860 2050 2275 2470 2475 2380]
[1900 2320 2485 2750 2745 2760 2770 2700] [1805 1940 2185 2140 2540 2875 2885 2570]
[2350 2510 2690 2740 2765 2775 2875 2930] [2075 2270 2405 2540 2905 2980 3045 3020]
[2785 2990 2920 2785 2900 2845 2855 2740] [2350 2570 2935 3015 3145 3130 3200 3170]
[2835 3065 2845 2770 3015 2915 2970 3070] [2725 3060 3095 2965 3225 3175 3220 3325]
[2975 2695 2985 2895 2935 2710 3015 2815] [2845 2945 3225 3345 3090 3230 3310 3270]
[2980 3125 2810 2940 3050 2885 2830 2825] [3170 3255 3325 3515 3350 3275 3465 3380]
[2975 3010 2820 2820 2905 2845 3045 3035] [3575 3310 3420 3535 3190 3070 3400 3485]
COM7 1 39
2
[1540 1590 2000 2355 2415 2415 2575 2525] [2270 2335 2525 2605 2900 2830 2880 2870]
[1900 2320 2485 2750 2745 2760 2770 2700] [2665 2610 2850 2990 3050 3235 3120 3050]
[2350 2510 2690 2740 2765 2775 2875 2930] [2925 3060 3300 3135 3295 3240 3080 3125]
[2785 2990 2920 2785 2900 2845 2855 2740] [3190 3150 3245 3315 3260 3300 3350 3140]
[2835 3065 2845 2770 3015 2915 2970 3070] [3285 3400 3560 3330 3295 3175 3430 3425]
[2975 2695 2985 2895 2935 2710 3015 2815] [3495 3340 3445 3500 3395 3345 3300 3460]
[2980 3125 2810 2940 3050 2885 2830 2825] [3625 3455 3345 3310 3310 3370 3260 3400]
[2975 3010 2820 2820 2905 2845 3045 3035] [3325 3755 3405 3540 3195 3350 3495 3415]
COM3 0 40
2
[1145 1090 1160 1435 1745 1955 2060 1905] [2270 2335 2525 2605 2900 2830 2880 2870]
[1205 1250 1255 1770 2200 2390 2390 2395] [2665 2610 2850 2990 3050 3235 3120 3050]
[1185 1260 1690 2120 2410 2680 2625 2535] [2925 3060 3300 3135 3295 3240 3080 3125]
[1370 1470 2005 2315 2680 2690 2695 2515] [3190 3150 3245 3315 3260 3300 3350 3140]
[1645 1920 2300 2440 2655 2640 2590 2685] [3285 3400 3560 3330 3295 3175 3430 3425]
[1760 2470 2705 2510 2530 2605 2655 2440] [3495 3340 3445 3500 3395 3345 3300 3460]
[2360 2565 2510 2820 2670 2695 2480 2455] [3625 3455 3345 3310 3310 3370 3260 3400]
[2860 2505 2490 2645 2410 2835 2555 2645] [3325 3755 3405 3540 3195 3350 3495 3415]
COM7 1 41
2
[1145 1090 1160 1435 1745 1955 2060 1905] [1640 2050 2420 2560 2625 2670 2410 2170]
[1205 1250 1255 1770 2200 2390 2390 2395] [2225 2625 2720 2560 2640 2695 2655 2710]
[1185 1260 1690 2120 2410 2680 2625 2535] [2745 2510 2560 2525 2785 2635 2700 2785]
[1370 1470 2005 2315 2680 2690 2695 2515] [2525 2790 2590 2640 2570 2730 2770 2765]
[1645 1920 2300 2440 2655 2640 2590 2685] [2380 2700 2525 2510 2550 2685 2695 2765]
[1760 2470 2705 2510 2530 2605 2655 2440] [2385 2505 2465 2695 2725 2685 2810 2830]
[2360 2565 2510 2820 2670 2695 2480 2455] [2255 2560 2595 2645 2620 2695 2800 2785]
[2860 2505 2490 2645 2410 2835 2555 2645] [2520 2795 2590 2900 2590 2680 2625 2770]
COM3 0 42
2
[1435 1295 1335 1445 1450 1570 1675 1780] [1640 2050 2420 2560 2625 2670 2410 2170]
[1440 1410 1345 1515 1750 1925 2120 2335] [2225 2625 2720 2560 2640 2695 2655 2710]
[1275 1410 1510 1715 2150 2665 2520 2585] [2745 2510 2560 2525 2785 2635 2700 2785]
[1365 1375 1700 2050 2335 3005 2750 2800] [2525 2790 2590 2640 2570 2730 2770 2765]
[1460 1620 1995 2415 2760 2795 3035 3230] [2380 2700 2525 2510 2550 2685 2695 2765]
[1595 1890 2325 2510 2895 2895 3070 2710] [2385 2505 2465 2695 2725 2685 2810 2830]
[2050 2145 2670 2875 2760 2765 2835 2935] [2255 2560 2595 2645 2620 2695 2800 2785]
[2315 2755 2830 2790 2910 2790 2800 2620] [2520 2795 2590 2900 2590 2680 2625 2770]
COM7 1 43
2
[1435 1295 1335 1445 1450 1570 1675 1780] [1990 2045 2480 2630 2520 2320 2295 2130]
[1440 1410 1345 1515 1750 1925 2120 2335] [2475 2565 2685 2840 2760 2840 2615 2525]
[1275 1410 1510 1715 2150 2665 2520 2585] [2725 2645 2915 2640 2970 2725 2800 2765]
[1365 1375 1700 2050 2335 3005 2750 2800] [2480 2645 2780 2730 2725 2770 2805 2840]
[1460 1620 1995 2415 2760 2795 3035 3230] [2745 3040 2880 2640 2755 2855 2940 2785]
[1595 1890 2325 2510 2895 2895 3070 2710] [2475 2700 2590 2900 2865 2905 2885 3145]
[2050 2145 2670 2875 2760 2765 2835 2935] [3020 2995 2815 3025 2995 2895 2660 2940]
[2315 2755 2830 2790 2910 2790 2800 2620] [2870 2940 2925 3255 2910 2815 2710 3125]
COM3 0 44
2
[1405 1355 1330 1445 1440 1510 1720 1860] [1990 2045 2480 2630 2520 2320 2295 2130]
[1390 1430 1455 1540 1675 1875 2135 2380] [2475 2565 2685 2840 2760 2840 2615 2525]
[1165 1440 1520 1565 2035 2345 2465 2695] [2725 2645 2915 2640 2970 2725 2800 2765]
[1345 1405 1675 1960 2475 2480 2940 3000] [2480 2645 2780 2730 2725 2770 2805 2840]
[1445 1425 1650 2100 2585 2765 3055 2890] [2745 3040 2880 2640 2755 2855 2940 2785]
[1415 1720 2115 2560 2570 3195 2990 2890] [2475 2700 2590 2900 2865 2905 2885 3145]
[1600 1950 2735 2740 2910 2910 2800 2935] [3020 2995 2815 3025 2995 2895 2660 2940]
[1650 2310 2555 2695 2685 2965 2925 2980] [2870 2940 2925 3255 2910 2815 2710 3125]
COM7 1 45
2
[1405 1355 1330 1445 1440 1510 1720 1860] [2270 2455 2575 2475 2655 2365 2265 2175]
[1390 1430 1455 1540 1675 1875 2135 2380] [2690 2955 2960 2790 2890 2980 2725 2780]
[1165 1440 1520 1565 2035 2345 2465 2695] [2990 2990 2910 3045 3030 2855 2920 2835]
[1345 1405 1675 1960 2475 2480 2940 3000] [2860 2895 3110 3005 3165 2925 3075 3010]
[1445 1425 1650 2100 2585 2765 3055 2890] [2945 3120 3225 3030 3100 3005 3015 3040]
[1415 1720 2115 2560 2570 3195 2990 2890] [2990 3110 2950 3100 3050 3180 3070 3315]
[1600 1950 2735 2740 2910 2910 2800 2935] [3095 3120 3200 3155 3160 2935 3150 3145]
[1650 2310 2555 2695 2685 2965 2925 2980] [3115 3200 3200 3105 3020 2930 3125 2975]
COM3 0 46
2
[1360 1280 1340 1355 1430 1490 1580 1855] [2270 2455 2575 2475 2655 2365 2265 2175]
[1365 1410 1325 1475 1685 1860 2150 2355] [2690 2955 2960 2790 2890 2980 2725 2780]
[1315 1320 1400 1430 1695 2145 2620 2915] [2990 2990 2910 3045 3030 2855 2920 2835]
[1335 1495 1490 1725 2260 2750 2690 3025] [2860 2895 3110 3005 3165 2925 3075 3010]
[1350 1285 1610 1865 2650 2730 2955 2960] [2945 3120 3225 3030 3100 3005 3015 3040]
[1340 1530 1680 2380 2905 3030 3230 3150] [2990 3110 2950 3100 3050 3180 3070 3315]
[1450 1670 2000 2740 2830 2865 2840 3005] [3095 3120 3200 3155 3160 2935 3150 3145]
[1765 2030 2360 2770 2985 2760 3095 3050] [3115 3200 3200 3105 3020 2930 3125 2975]
COM7 1 47
2
[1360 1280 1340 1355 1430 1490 1580 1855] [2050 2270 2350 2245 2190 2095 1955 2110]
[1365 1410 1325 1475 1685 1860 2150 2355] [2795 2830 2750 2840 2695 2645 2525 2310]
[1315 1320 1400 1430 1695 2145 2620 2915] [2820 3085 3135 2960 2990 2805 2860 2600]
[1335 1495 1490 1725 2260 2750 2690 3025] [2840 2865 3065 3010 3005 2975 3075 2855]
[1350 1285 1610 1865 2650 2730 2955 2960] [2870 2555 3015 2990 2820 2840 2955 2995]
[1340 1530 1680 2380 2905 3030 3230 3150] [2765 2955 3220 3055 2950 3005 2975 2950]
[1450 1670 2000 2740 2830 2865 2840 3005] [2970 3295 3225 3025 3245 3050 2930 3150]
[1765 2030 2360 2770 2985 2760 3095 3050] [2725 2950 3220 3035 3105 3025 3135 2970]
COM3 0 48
2
[1290 1300 1325 1375 1415 1485 1890 2005] [2050 2270 2350 2245 2190 2095 1955 2110]
[1335 1375 1260 1435 1575 2000 2070 2255] [2795 2830 2750 2840 2695 2645 2525 2310]
[1185 1305 1390 1480 1860 2325 2645 2865] [2820 3085 3135 2960 2990 2805 2860 2600]
[1290 1300 1455 1620 2315 2545 2880 2965] [2840 2865 3065 3010 3005 2975 3075 2855]
[1440 1370 1625 1930 2505 2855 3125 2965] [2870 2555 3015 2990 2820 2840 2955 2995]
[1260 1555 1965 2285 2675 2770 3105 2740] [2765 2955 3220 3055 2950 3005 2975 2950]
[1400 1600 1940 2835 2965 3100 2910 2850] [2970 3295 3225 3025 3245 3050 2930 3150]
[1535 2000 2210 2905 2955 2890 3085 3225] [2725 2950 3220 3035 3105 3025 3135 2970]
COM7 1 49
2
[1290 1300 1325 1375 1415 1485 1890 2005] [2550 2505 2755 2640 2655 2230 2395 2100]
[1335 1375 1260 1435 1575 2000 2070 2255] [3010 3015 3120 2825 2995 3015 2670 2635]
[1185 1305 1390 1480 1860 2325 2645 2865] [3665 3270 3200 3100 3080 3045 3065 2890]
[1290 1300 1455 1620 2315 2545 2880 2965] [3340 3225 3315 3290 3255 3095 3210 3030]
[1440 1370 1625 1930 2505 2855 3125 2965] [3535 3515 3425 3285 3155 3100 3105 3310]
[1260 1555 1965 2285 2675 2770 3105 2740] [3115 3315 3310 3355 3145 3155 3285 3280]
[1400 1600 1940 2835 2965 3100 2910 2850] [3135 3625 3200 3075 3200 3215 3160 3350]
[1535 2000 2210 2905 2955 2890 3085 3225] [3305 3265 3480 3180 3090 3435 3250 3355]
COM3 0 50
2
[1235 1270 1175 1325 1410 1480 1615 1630] [2550 2505 2755 2640 2655 2230 2395 2100]
[1245 1380 1150 1335 1540 1835 2020 2285] [3010 3015 3120 2825 2995 3015 2670 2635]
[1195 1250 1335 1515 1820 2320 2465 2710] [3665 3270 3200 3100 3080 3045 3065 2890]
[1275 1155 1495 1860 2180 2560 2715 2805] [3340 3225 3315 3290 3255 3095 3210 3030]
[1185 1255 1545 1825 2355 2625 2800 2975] [3535 3515 3425 3285 3155 3100 3105 3310]
[1245 1435 1735 2405 2480 2850 2850 2800] [3115 3315 3310 3355 3145 3155 3285 3280]
[1250 1675 2110 2450 2590 2835 2410 2750] [3135 3625 3200 3075 3200 3215 3160 3350]
[1630 1690 2355 2445 2990 3160 3005 3105] [3305 3265 3480 3180 3090 3435 3250 3355]
COM7 1 51
2
[1235 1270 1175 1325 1410 1480 1615 1630] [2420 2410 2540 2335 2395 2355 2330 2305]
[1245 1380 1150 1335 1540 1835 2020 2285] [2835 2870 3105 2800 2880 2885 2735 2630]
[1195 1250 1335 1515 1820 2320 2465 2710] [3050 3115 3095 3095 3095 2945 3035 2930]
[1275 1155 1495 1860 2180 2560 2715 2805] [2965 3030 3175 3080 3145 2980 3085 2935]
[1185 1255 1545 1825 2355 2625 2800 2975] [2865 3005 3130 2735 3205 3000 3120 3150]
[1245 1435 1735 2405 2480 2850 2850 2800] [2940 2930 3055 3165 3080 2965 3140 3190]
[1250 1675 2110 2450 2590 2835 2410 2750] [3090 3420 3275 3100 2910 3035 3150 3235]
[1630 1690 2355 2445 2990 3160 3005 3105] [2835 3170 3020 3170 3240 3135 3095 3125]
COM3 0 52
2
[1310 1280 1290 1455 1695 2075 2210 2185] [2420 2410 2540 2335 2395 2355 2330 2305]
[1315 1360 1330 1570 2035 2325 2590 2515] [2835 2870 3105 2800 2880 2885 2735 2630]
[1245 1325 1420 1655 2080 2550 2720 2925] [3050 3115 3095 3095 3095 2945 3035 2930]
[1420 1370 1445 1830 2420 2745 2790 2820] [2965 3030 3175 3080 3145 2980 3085 2935]
[1365 1530 1885 2100 2730 2780 3025 3090] [2865 3005 3130 2735 3205 3000 3120 3150]
[1305 1595 2290 2375 2815 2620 3055 2720] [2940 2930 3055 3165 3080 2965 3140 3190]
[1445 1650 2205 2695 2735 2665 2925 2895] [3090 3420 3275 3100 2910 3035 3150 3235]
[1950 2190 2690 2965 2915 2760 3070 2875] [2835 3170 3020 3170 3240 3135 3095 3125]
COM7 1 53
2
[1310 1280 1290 1455 1695 2075 2210 2185] [2100 2575 2530 2570 2615 2350 2380 2440]
[1315 1360 1330 1570 2035 2325 2590 2515] [2725 3015 3070 2920 2850 3055 2745 2645]
[1245 1325 1420 1655 2080 2550 2720 2925] [2855 3040 2970 2885 3175 2990 2915 2900]
[1420 1370 1445 1830 2420 2745 2790 2820] [3170 3195 3195 3095 2950 2975 2995 3010]
[1365 1530 1885 2100 2730 2780 3025 3090] [3220 3150 3250 2900 2930 3090 3095 3130]
[1305 1595 2290 2375 2815 2620 3055 2720] [3140 3150 3040 3355 2940 3145 2995 3270]
[1445 1650 2205 2695 2735 2665 2925 2895] [3170 3300 3240 3155 3255 3030 3065 3270]
[1950 2190 2690 2965 2915 2760 3070 2875] [2970 3285 3115 3385 3225 3110 3065 3230]
COM3 0 54
2
[1285 1255 1335 1535 1920 2070 2305 2220] [2100 2575 2530 2570 2615 2350 2380 2440]
[1380 1400 1430 1830 2310 2600 2525 2730] [2725 3015 3070 2920 2850 3055 2745 2645]
[1265 1250 1630 1910 2500 2810 2815 2960] [2855 3040 2970 2885 3175 2990 2915 2900]
[1410 1390 1915 2370 2590 2895 2885 2935] [3170 3195 3195 3095 2950 2975 2995 3010]
[1400 1555 2105 2635 2770 2855 3150 3075] [3220 3150 3250 2900 2930 3090 3095 3130]
[1570 1670 2415 2910 2905 2880 2955 2825] [3140 3150 3040 3355 2940 3145 2995 3270]
[1940 2145 2730 3100 3165 3025 2735 3010] [3170 3300 3240 3155 3255 3030 3065 3270]
[2320 2655 3110 2865 2830 3000 3235 3085] [2970 3285 3115 3385 3225 3110 3065 3230]
COM7 1 55
2
[1285 1255 1335 1535 1920 2070 2305 2220] [2240 2510 2395 2585 2510 2495 2460 2420]
[1380 1400 1430 1830 2310 2600 2525 2730] [2545 3035 2865 2725 2875 2885 2895 2720]
[1265 1250 1630 1910 2500 2810 2815 2960] [3005 2905 3100 3045 3155 2725 3030 3025]
[1410 1390 1915 2370 2590 2895 2885 2935] [3115 2990 3080 2975 2950 2985 2925 2965]
[1400 1555 2105 2635 2770 2855 3150 3075] [3065 3155 2970 2900 3000 3000 3095 3190]
[1570 1670 2415 2910 2905 2880 2955 2825] [2935 3020 3125 3020 3040 3075 3170 2920]
[1940 2145 2730 3100 3165 3025 2735 3010] [3025 3140 3120 3210 3180 3065 2955 3245]
[2320 2655 3110 2865 2830 3000 3235 3085] [3005 2865 3095 2940 2935 3095 3270 3025]
COM3 0 56
2
[1150 1215 1285 1485 2005 2170 2365 2300] [2240 2510 2395 2585 2510 2495 2460 2420]
[1385 1390 1485 1875 2470 2545 2585 2540] [2545 3035 2865 2725 2875 2885 2895 2720]
[1240 1380 1630 2320 2515 2740 2735 2840] [3005 2905 3100 3045 3155 2725 3030 3025]
[1375 1685 1955 2340 2590 2700 2685 2805] [3115 2990 3080 2975 2950 2985 2925 2965]
[1590 2000 2355 2825 2710 2735 2780 2775] [3065 3155 2970 2900 3000 3000 3095 3190]
[1550 2260 2720 2785 2705 2970 2790 2690] [2935 3020 3125 3020 3040 3075 3170 2920]
[2320 2655 2870 2575 2745 2775 3010 2730] [3025 3140 3120 3210 3180 3065 2955 3245]
[2335 2730 2695 2835 2670 2865 2650 2860] [3005 2865 3095 2940 2935 3095 3270 3025]
COM7 1 57
2
[1150 1215 1285 1485 2005 2170 2365 2300] [2340 2570 2755 2710 2635 2380 2460 2580]
[1385 1390 1485 1875 2470 2545 2585 2540] [3010 3000 3020 2845 2870 2910 2840 2965]
[1240 1380 1630 2320 2515 2740 2735 2840] [2905 2910 3045 2855 3055 3000 3000 3025]
[1375 1685 1955 2340 2590 2700 2685 2805] [3210 2975 3155 3055 2945 3015 3020 3035]
[1590 2000 2355 2825 2710 2735 2780 2775] [3040 3355 3110 2770 2935 3005 3035 3080]
[1550 2260 2720 2785 2705 2970 2790 2690] [3005 3070 3125 3140 3080 3150 3065 3205]
[2320 2655 2870 2575 2745 2775 3010 2730] [3030 3175 3125 2975 3155 2935 3085 3150]
[2335 2730 2695 2835 2670 2865 2650 2860] [3240 3170 3125 2940 3040 3040 3170 3105]
COM3 0 58
2
[1325 1375 1455 1975 2280 2265 2470 2400] [2340 2570 2755 2710 2635 2380 2460 2580]
[1430 1530 1615 2335 2475 2745 2655 2640] [3010 3000 3020 2845 2870 2910 2840 2965]
[1375 1755 2175 2460 2900 2865 2790 2965] [2905 2910 3045 2855 3055 3000 3000 3025]
[1560 2225 2615 2810 3000 2840 2915 3105] [3210 2975 3155 3055 2945 3015 3020 3035]
[2230 2465 3045 2800 2910 2795 2910 2960] [3040 3355 3110 2770 2935 3005 3035 3080]
[2455 2850 3070 3315 2885 2960 3100 2845] [3005 3070 3125 3140 3080 3150 3065 3205]
[2815 2655 3060 2955 2705 2990 3230 2910] [3030 3175 3125 2975 3155 2935 3085 3150]
[2930 3050 3010 2815 2760 3340 3400 2965] [3240 3170 3125 2940 3040 3040 3170 3105]
COM7 1 59
2
[1325 1375 1455 1975 2280 2265 2470 2400] [2195 2640 2805 2570 2650 2670 2345 2605]
[1430 1530 1615 2335 2475 2745 2655 2640] [2905 2845 3175 2940 2850 3075 2925 2875]
[1375 1755 2175 2460 2900 2865 2790 2965] [3115 3010 3000 2950 3095 2870 2795 2925]
[1560 2225 2615 2810 3000 2840 2915 3105] [3045 3195 3100 3050 3090 2855 3135 2960]
[2230 2465 3045 2800 2910 2795 2910 2960] [3125 3150 3080 2900 3050 3035 3105 3165]
[2455 2850 3070 3315 2885 2960 3100 2845] [3010 3125 3105 3285 3100 3070 3205 3230]
[2815 2655 3060 2955 2705 2990 3230 2910] [3180 3080 3130 3060 2870 3050 2935 3385]
[2930 3050 3010 2815 2760 3340 3400 2965] [3015 3035 3120 3385 3165 3070 3110 3270]
COM3 0 60
2
[1325 1250 1815 2030 2325 2375 2515 2400] [2195 2640 2805 2570 2650 2670 2345 2605]
[1430 1590 1905 2420 2640 2750 2620 2720] [2905 2845 3175 2940 2850 3075 2925 2875]
[1455 2165 2405 2590 2750 2860 2735 2870] [3115 3010 3000 2950 3095 2870 2795 2925]
[1930 2200 2695 2635 2785 2855 2810 2715] [3045 3195 3100 3050 3090 2855 3135 2960]
[2405 2605 2945 2740 2795 2805 2875 3180] [3125 3150 3080 2900 3050 3035 3105 3165]
[2650 2665 3050 2710 2575 3005 3105 2765] [3010 3125 3105 3285 3100 3070 3205 3230]
[3060 3020 2860 2935 2940 3025 2845 2745] [3180 3080 3130 3060 2870 3050 2935 3385]
[3100 2845 3005 2865 3005 2770 2890 2575] [3015 3035 3120 3385 3165 3070 3110 3270]
COM7 1 61
2
[1325 1250 1815 2030 2325 2375 2515 2400] [2420 2565 2605 2615 2605 2535 2515 2455]
[1430 1590 1905 2420 2640 2750 2620 2720] [2840 2980 3105 2940 2785 2970 2975 2790]
[1455 2165 2405 2590 2750 2860 2735 2870] [2905 3060 3145 2860 2980 3045 2775 2980]
[1930 2200 2695 2635 2785 2855 2810 2715] [2925 3055 3110 3055 2960 3090 2990 2975]
[2405 2605 2945 2740 2795 2805 2875 3180] [3010 2950 3015 2965 3000 2860 3030 3140]
[2650 2665 3050 2710 2575 3005 3105 2765] [2870 2955 3190 3095 3015 3110 3105 3250]
[3060 3020 2860 2935 2940 3025 2845 2745] [3205 3300 3155 3005 3050 2890 3045 3010]
[3100 2845 3005 2865 3005 2770 2890 2575] [3030 3060 3170 3300 2940 2920 3200 2970]
COM3 0 62
2
[1385 1325 1620 2205 2335 2375 2440 2425] [2420 2565 2605 2615 2605 2535 2515 2455]
[1570 2085 2185 2725 2630 2775 2735 2705] [2840 2980 3105 2940 2785 2970 2975 2790]
[1820 1860 2610 2805 2825 2775 2765 2805] [2905 3060 3145 2860 2980 3045 2775 2980]
[2395 2775 2935 2745 2750 2845 2870 2755] [2925 3055 3110 3055 2960 3090 2990 2975]
[2695 2740 2965 2960 2975 2945 2660 2830] [3010 2950 3015 2965 3000 2860 3030 3140]
[2825 2910 2995 2855 2670 3020 2925 2770] [2870 2955 3190 3095 3015 3110 3105 3250]
[3065 2680 2800 2770 2700 3025 2450 2910] [3205 3300 3155 3005 3050 2890 3045 3010]
[2930 2725 3175 2960 2955 2970 2890 2825] [3030 3060 3170 3300 2940 2920 3200 2970]
COM7 1 63
2
[1385 1325 1620 2205 2335 2375 2440 2425] [2425 2670 2630 2665 2865 2625 2505 2525]
[1570 2085 2185 2725 2630 2775 2735 2705] [3245 3005 3240 2960 2985 2970 2835 2885]
[1820 1860 2610 2805 2825 2775 2765 2805] [3345 3125 2915 2850 3235 3015 3050 2865]
[2395 2775 2935 2745 2750 2845 2870 2755] [3065 3095 2970 3085 3100 3045 3150 2995]
[2695 2740 2965 2960 2975 2945 2660 2830] [3105 2890 3175 2935 3000 2980 3075 3135]
[2825 2910 2995 2855 2670 3020 2925 2770] [2960 3095 3175 3035 3230 3155 3220 2950]
[3065 2680 2800 2770 2700 3025 2450 2910] [3030 3215 3330 3140 3090 3015 2950 3125]
[2930 2725 3175 2960 2955 2970 2890 2825] [3285 3035 3095 3145 3170 3140 3050 3275]
COM3 0 64
2
[1440 1720 2165 2335 2550 2430 2555 2485] [2425 2670 2630 2665 2865 2625 2505 2525]
[1785 2235 2555 2690 2710 2850 2790 2915] [3245 3005 3240 2960 2985 2970 2835 2885]
[2245 2785 2695 2955 2810 2870 2905 3130] [3345 3125 2915 2850 3235 3015 3050 2865]
[2965 2840 3025 3000 2970 2905 3110 2810] [3065 3095 2970 3085 3100 3045 3150 2995]
[2940 3005 2925 3045 3165 2960 3155 3035] [3105 2890 3175 2935 3000 2980 3075 3135]
[2850 2995 3155 2735 2965 3025 3225 2950] [2960 3095 3175 3035 3230 3155 3220 2950]
[2825 3195 3060 2970 2805 3190 3055 2965] [3030 3215 3330 3140 3090 3015 2950 3125]
[3150 2955 2670 3265 2770 3010 3085 3145] [3285 3035 3095 3145 3170 3140 3050 3275]
COM7 1 65
2
[1440 1720 2165 2335 2550 2430 2555 2485] [2405 2595 2765 2590 2730 2570 2575 2465]
[1785 2235 2555 2690 2710 2850 2790 2915] [3015 3020 2880 3035 2880 3050 2760 2865]
[2245 2785 2695 2955 2810 2870 2905 3130] [3170 3110 2985 2890 3095 2990 2965 2990]
[2965 2840 3025 3000 2970 2905 3110 2810] [3075 3320 3295 3055 3075 3055 3110 2920]
[2940 3005 2925 3045 3165 2960 3155 3035] [2940 3115 3135 2915 3070 3065 2915 3035]
[2850 2995 3155 2735 2965 3025 3225 2950] [3095 2965 3275 3180 3010 3105 3180 3235]
[2825 3195 3060 2970 2805 3190 3055 2965] [2930 3170 3220 3110 3010 3080 3160 3260]
[3150 2955 2670 3265 2770 3010 3085 3145] [3070 3100 3270 3385 3000 3235 3055 3115]