COM3 0 6
2
[2945 2975 2940 2925 2985 2810 3005 2820] [3105 3220 3375 3210 3180 3110 2905 3265]
[3055 3180 2800 2845 3075 2955 2870 2965] [3320 3225 3335 3150 3130 3165 3175 3025]
[2690 2860 2890 2760 2905 2945 3065 2960] [3290 3280 3200 3180 3225 3160 3200 3065]
[2975 3180 3095 3025 2890 3040 3025 2980] [3345 3365 3270 3245 3170 3145 3180 3230]
[3015 2960 3070 2970 3010 2885 3005 3090] [3295 3380 3265 3160 3200 3270 3195 3300]
[3165 3100 3195 3005 3045 3020 3140 2930] [3250 3355 3335 3350 3200 3220 3280 3215]
[3160 2955 3040 3110 2985 2890 3045 3100] [3365 3390 3315 3385 3205 3330 3345 3375]
[3225 3095 3115 3050 2975 3025 3175 2835] [3400 3410 3305 3380 3180 3070 3285 3300]
COM7 1 7
2
[2945 2975 2940 2925 2985 2810 3005 2820] [2900 2945 3050 3050 2945 2920 3015 3150]
[3055 3180 2800 2845 3075 2955 2870 2965] [3120 2945 3050 3005 2880 2950 3030 2960]
[2690 2860 2890 2760 2905 2945 3065 2960] [2935 3025 3140 3025 3055 3040 3055 2970]
[2975 3180 3095 3025 2890 3040 3025 2980] [3245 2990 3030 3040 3065 2945 3130 3060]
[3015 2960 3070 2970 3010 2885 3005 3090] [2930 3060 3125 2920 3025 3010 3170 3010]
[3165 3100 3195 3005 3045 3020 3140 2930] [3030 3010 3035 3150 2970 3065 3205 3175]
[3160 2955 3040 3110 2985 2890 3045 3100] [3010 3165 3100 3105 3100 3090 3065 3150]
[3225 3095 3115 3050 2975 3025 3175 2835] [3020 3215 3190 3060 3095 3015 3190 3200]
COM3 0 8
2
[2890 2875 2860 2695 2890 2825 2880 2785] [2900 2945 3050 3050 2945 2920 3015 3150]
[2740 2855 2670 2875 2920 2865 2890 2765] [3120 2945 3050 3005 2880 2950 3030 2960]
[2980 2640 2900 2935 2790 2815 2915 2995] [2935 3025 3140 3025 3055 3040 3055 2970]
[2890 3065 2900 2835 2940 2945 3110 2715] [3245 2990 3030 3040 3065 2945 3130 3060]
[3050 2900 3000 2865 2845 2805 2910 2835] [2930 3060 3125 2920 3025 3010 3170 3010]
[2900 2995 2995 3095 2875 3105 3105 2925] [3030 3010 3035 3150 2970 3065 3205 3175]
[2935 3065 2875 3070 3035 2795 2995 2935] [3010 3165 3100 3105 3100 3090 3065 3150]
[2895 3055 2940 2995 3045 2840 3020 2690] [3020 3215 3190 3060 3095 3015 3190 3200]
COM7 1 9
2
[2890 2875 2860 2695 2890 2825 2880 2785] [3125 3090 2995 2890 2945 2990 2990 3160]
[2740 2855 2670 2875 2920 2865 2890 2765] [3020 3200 3190 3115 3050 3095 3095 2990]
[2980 2640 2900 2935 2790 2815 2915 2995] [3100 3090 3045 3035 3200 3010 3070 2970]
[2890 3065 2900 2835 2940 2945 3110 2715] [3170 3095 3205 3190 3070 3145 3045 3080]
[3050 2900 3000 2865 2845 2805 2910 2835] [3170 3245 3150 3090 3095 3025 3180 3155]
[2900 2995 2995 3095 2875 3105 3105 2925] [3080 3160 3135 3140 3120 3160 3165 3140]
[2935 3065 2875 3070 3035 2795 2995 2935] [3215 3310 3235 3120 3205 3040 3250 3300]
[2895 3055 2940 2995 3045 2840 3020 2690] [3160 3120 3215 3325 3185 3090 3085 3070]
COM3 0 10
2
[2825 2915 2670 2745 2790 2740 2940 2825] [3125 3090 2995 2890 2945 2990 2990 3160]
[2905 2925 2745 2825 2815 2920 2875 2605] [3020 3200 3190 3115 3050 3095 3095 2990]
[2700 2900 2835 3025 2770 2925 3050 2715] [3100 3090 3045 3035 3200 3010 3070 2970]
[2805 2800 2840 2865 2935 2805 2830 2745] [3170 3095 3205 3190 3070 3145 3045 3080]
[3100 2830 2925 2860 2905 2830 3160 2735] [3170 3245 3150 3090 3095 3025 3180 3155]
[3030 3165 2980 3030 2895 3035 2975 2745] [3080 3160 3135 3140 3120 3160 3165 3140]
[3010 2945 2715 2970 2900 2920 2970 2945] [3215 3310 3235 3120 3205 3040 3250 3300]
[3150 2900 3125 2840 2810 3050 2985 3010] [3160 3120 3215 3325 3185 3090 3085 3070]
COM7 1 11
2
[2825 2915 2670 2745 2790 2740 2940 2825] [2815 3005 2950 2905 2975 2970 2950 3020]
[2905 2925 2745 2825 2815 2920 2875 2605] [2840 3040 3070 2865 2940 3000 3050 2860]
[2700 2900 2835 3025 2770 2925 3050 2715] [2985 2990 3065 2975 3115 2920 3050 3000]
[2805 2800 2840 2865 2935 2805 2830 2745] [3095 3050 3005 2850 3010 2830 3065 2955]
[3100 2830 2925 2860 2905 2830 3160 2735] [2970 3120 2975 2920 3070 3015 3065 3055]
[3030 3165 2980 3030 2895 3035 2975 2745] [2900 3105 3120 3075 3000 3055 3200 3190]
[3010 2945 2715 2970 2900 2920 2970 2945] [3115 3225 3090 3025 2970 3040 3020 3190]
[3150 2900 3125 2840 2810 3050 2985 3010] [3055 3235 3165 3205 3005 2890 3160 3050]
COM3 0 12
2
[3090 2860 2955 3035 3070 2985 3150 3040] [2815 3005 2950 2905 2975 2970 2950 3020]
[3140 3040 3085 3100 3095 3065 3010 2970] [2840 3040 3070 2865 2940 3000 3050 2860]
[2925 3060 2905 3075 2980 3115 3115 3110] [2985 2990 3065 2975 3115 2920 3050 3000]
[3065 3125 3185 3015 3020 3020 3060 3145] [3095 3050 3005 2850 3010 2830 3065 2955]
[3175 3085 3215 3280 3080 3070 3250 3155] [2970 3120 2975 2920 3070 3015 3065 3055]
[3000 3225 3070 3050 2935 3130 3265 3100] [2900 3105 3120 3075 3000 3055 3200 3190]
[3075 3215 3085 3295 3015 3275 2830 3150] [3115 3225 3090 3025 2970 3040 3020 3190]
[3130 3110 3140 3135 3140 3100 3340 3195] [3055 3235 3165 3205 3005 2890 3160 3050]
COM7 1 13
2
[3090 2860 2955 3035 3070 2985 3150 3040] [3205 3165 3320 3200 3185 3050 3135 3120]
[3140 3040 3085 3100 3095 3065 3010 2970] [3285 3265 3310 3325 3250 3230 3200 3045]
[2925 3060 2905 3075 2980 3115 3115 3110] [3290 3360 3320 3265 3295 3140 3150 3145]
[3065 3125 3185 3015 3020 3020 3060 3145] [3405 3430 3180 3235 3220 3145 3190 3130]
[3175 3085 3215 3280 3080 3070 3250 3155] [3380 3420 3400 3210 3230 3235 3265 3150]
[3000 3225 3070 3050 2935 3130 3265 3100] [3180 3190 3370 3205 3290 3205 3265 3245]
[3075 3215 3085 3295 3015 3275 2830 3150] [3400 3390 3495 3165 3405 3220 3340 3340]
[3130 3110 3140 3135 3140 3100 3340 3195] [3375 3330 3370 3205 3125 3260 3295 3195]
COM3 0 14
2
[3050 2850 2975 2950 2945 2940 3020 2845] [3205 3165 3320 3200 3185 3050 3135 3120]
[3020 3110 3065 2950 2925 2910 2920 2930] [3285 3265 3310 3325 3250 3230 3200 3045]
[2865 2800 3175 2970 2970 3070 3115 3040] [3290 3360 3320 3265 3295 3140 3150 3145]
[3125 2980 3100 2845 3065 2980 2830 2960] [3405 3430 3180 3235 3220 3145 3190 3130]
[3135 3040 2965 3025 3195 2945 3095 3105] [3380 3420 3400 3210 3230 3235 3265 3150]
[2925 2835 3015 3140 3050 3050 3230 2990] [3180 3190 3370 3205 3290 3205 3265 3245]
[3165 3190 3005 3065 2940 3085 3015 3100] [3400 3390 3495 3165 3405 3220 3340 3340]
[3055 3215 3365 2970 3115 3005 3130 3000] [3375 3330 3370 3205 3125 3260 3295 3195]
COM7 1 15
2
[3050 2850 2975 2950 2945 2940 3020 2845] [2790 2725 2680 2790 2950 2730 2615 2800]
[3020 3110 3065 2950 2925 2910 2920 2930] [2650 2830 2810 2720 2860 2885 2920 2705]
[2865 2800 3175 2970 2970 3070 3115 3040] [2825 2805 2760 2725 2950 2895 3005 2760]
[3125 2980 3100 2845 3065 2980 2830 2960] [2965 2810 2925 2795 2865 2800 3005 2875]
[3135 3040 2965 3025 3195 2945 3095 3105] [2915 2825 2865 2875 2875 2940 2945 2960]
[2925 2835 3015 3140 3050 3050 3230 2990] [2745 2705 2825 2900 2900 2975 3015 2865]
[3165 3190 3005 3065 2940 3085 3015 3100] [2805 3100 2995 2980 2910 3075 3025 3140]
[3055 3215 3365 2970 3115 3005 3130 3000] [2950 3120 3095 3115 2840 3030 2985 2920]
COM3 0 16
2
[3120 2880 2985 3025 2925 3000 3200 3000] [2790 2725 2680 2790 2950 2730 2615 2800]
[3005 3065 3085 3220 3000 3090 2940 2980] [2650 2830 2810 2720 2860 2885 2920 2705]
[2900 3025 3090 3005 2990 2980 3045 3020] [2825 2805 2760 2725 2950 2895 3005 2760]
[3030 3085 3145 3005 3075 3075 3080 3115] [2965 2810 2925 2795 2865 2800 3005 2875]
[3125 3140 3165 2995 3095 2870 3220 3135] [2915 2825 2865 2875 2875 2940 2945 2960]
[2860 3125 3195 3130 2895 3075 3230 3150] [2745 2705 2825 2900 2900 2975 3015 2865]
[3050 3140 3130 3340 3100 3035 3155 3110] [2805 3100 2995 2980 2910 3075 3025 3140]
[3175 3065 3185 3035 3070 3265 3290 3235] [2950 3120 3095 3115 2840 3030 2985 2920]
COM7 1 17
2
[3120 2880 2985 3025 2925 3000 3200 3000] [2610 2850 2675 2695 2690 2620 2680 2780]
[3005 3065 3085 3220 3000 3090 2940 2980] [2625 2655 2705 2710 2700 2785 2875 2745]
[2900 3025 3090 3005 2990 2980 3045 3020] [2670 2700 2725 2690 2970 2770 2895 2700]
[3030 3085 3145 3005 3075 3075 3080 3115] [2825 2650 2770 2820 2810 2785 2855 2670]
[3125 3140 3165 2995 3095 2870 3220 3135] [2675 2880 2835 2675 2780 2895 2875 2810]
[2860 3125 3195 3130 2895 3075 3230 3150] [2715 2855 2725 2905 2985 2915 2915 2785]
[3050 3140 3130 3340 3100 3035 3155 3110] [2675 2815 2890 2850 2990 2915 2865 2715]
[3175 3065 3185 3035 3070 3265 3290 3235] [2995 2820 2915 3085 3075 2885 2750 2520]
COM3 0 18
2
[3015 2900 2910 3005 2955 2960 3145 3105] [2610 2850 2675 2695 2690 2620 2680 2780]
[3095 3190 2980 2990 2980 2935 3100 2960] [2625 2655 2705 2710 2700 2785 2875 2745]
[3005 3090 3130 3000 2945 3025 3055 3120] [2670 2700 2725 2690 2970 2770 2895 2700]
[2890 3085 3045 2995 3020 3135 3020 3145] [2825 2650 2770 2820 2810 2785 2855 2670]
[3125 3085 3035 2955 3090 3010 3195 2995] [2675 2880 2835 2675 2780 2895 2875 2810]
[3105 2985 3100 3010 2870 3090 3190 3050] [2715 2855 2725 2905 2985 2915 2915 2785]
[2880 3215 3210 3105 2970 3140 2955 3180] [2675 2815 2890 2850 2990 2915 2865 2715]
[3295 3150 3035 3160 3010 3070 3195 3090] [2995 2820 2915 3085 3075 2885 2750 2520]
COM7 1 19
2
[3015 2900 2910 3005 2955 2960 3145 3105] [2670 2695 2585 2565 2835 2690 2680 2740]
[3095 3190 2980 2990 2980 2935 3100 2960] [2600 2775 2715 2770 2810 2865 2775 2600]
[3005 3090 3130 3000 2945 3025 3055 3120] [2565 2865 2605 2845 2870 2740 2855 2610]
[2890 3085 3045 2995 3020 3135 3020 3145] [2910 2845 2695 2730 2915 2800 2945 2570]
[3125 3085 3035 2955 3090 3010 3195 2995] [2825 2810 2915 2735 2860 2875 2795 2570]
[3105 2985 3100 3010 2870 3090 3190 3050] [2665 2780 2840 2795 2735 2900 2865 2810]
[2880 3215 3210 3105 2970 3140 2955 3180] [2920 2880 2935 2800 2915 2900 2705 2445]
[3295 3150 3035 3160 3010 3070 3195 3090] [2910 2855 2810 2975 2800 2745 2560 2110]
COM3 0 20
2
[2850 2670 2830 2980 2900 2950 3035 2915] [2670 2695 2585 2565 2835 2690 2680 2740]
[2945 2955 2890 2855 2985 3040 2875 2905] [2600 2775 2715 2770 2810 2865 2775 2600]
[2955 2990 3030 2825 2900 2895 3015 2815] [2565 2865 2605 2845 2870 2740 2855 2610]
[2905 3050 3045 3000 2935 3080 2970 2965] [2910 2845 2695 2730 2915 2800 2945 2570]
[2990 2885 2985 2985 3030 2880 3070 3040] [2825 2810 2915 2735 2860 2875 2795 2570]
[3065 2990 2920 3110 3040 3050 3070 2795] [2665 2780 2840 2795 2735 2900 2865 2810]
[3175 3000 3055 3080 2835 3020 2945 3025] [2920 2880 2935 2800 2915 2900 2705 2445]
[3310 3135 2995 3145 2830 3105 3140 2945] [2910 2855 2810 2975 2800 2745 2560 2110]
COM7 1 21
2
[2850 2670 2830 2980 2900 2950 3035 2915] [2735 2645 2640 2675 2865 2795 2580 2655]
[2945 2955 2890 2855 2985 3040 2875 2905] [2690 2815 2765 2710 2700 2845 2735 2525]
[2955 2990 3030 2825 2900 2895 3015 2815] [2645 2805 2865 2730 2885 2785 2885 2535]
[2905 3050 3045 3000 2935 3080 2970 2965] [2805 2670 2805 2765 2805 2840 2805 2595]
[2990 2885 2985 2985 3030 2880 3070 3040] [2825 3050 2845 2800 2815 2880 2775 2600]
[3065 2990 2920 3110 3040 3050 3070 2795] [2905 2725 2795 3065 2850 2925 2765 2395]
[3175 3000 3055 3080 2835 3020 2945 3025] [3060 3055 2945 2940 2915 2715 2405 2115]
[3310 3135 2995 3145 2830 3105 3140 2945] [3065 2815 2915 2855 2740 2410 2100 1925]
COM3 0 22
2
[2930 2750 3005 2940 2905 2935 2920 2925] [2735 2645 2640 2675 2865 2795 2580 2655]
[3035 3100 2895 2940 2915 2960 2950 3045] [2690 2815 2765 2710 2700 2845 2735 2525]
[2780 2870 3105 3030 2935 2915 3010 3000] [2645 2805 2865 2730 2885 2785 2885 2535]
[2975 2960 3110 2895 3010 2970 2995 2955] [2805 2670 2805 2765 2805 2840 2805 2595]
[2940 3040 3190 2965 2945 2900 2965 2990] [2825 3050 2845 2800 2815 2880 2775 2600]
[3005 3195 3160 2875 2970 2895 3055 3140] [2905 2725 2795 3065 2850 2925 2765 2395]
[2900 3025 3005 3105 3045 3070 3090 2910] [3060 3055 2945 2940 2915 2715 2405 2115]
[3050 3125 3045 3005 2890 2835 3335 3070] [3065 2815 2915 2855 2740 2410 2100 1925]
COM7 1 23
2
[2930 2750 3005 2940 2905 2935 2920 2925] [2640 2735 2720 2785 2780 2870 2695 2515]
[3035 3100 2895 2940 2915 2960 2950 3045] [2825 2755 2755 2720 2750 2785 2775 2600]
[2780 2870 3105 3030 2935 2915 3010 3000] [2575 2725 2940 2715 2885 2855 2875 2585]
[2975 2960 3110 2895 3010 2970 2995 2955] [2785 2770 2715 2730 2875 2820 2715 2425]
[2940 3040 3190 2965 2945 2900 2965 2990] [2755 2750 2910 2820 2890 2805 2515 2285]
[3005 3195 3160 2875 2970 2895 3055 3140] [2570 2830 2930 2905 2745 2560 2315 2185]
[2900 3025 3005 3105 3045 3070 3090 2910] [3040 2870 2905 2695 2495 2230 2035 1795]
[3050 3125 3045 3005 2890 2835 3335 3070] [3015 2905 2895 2670 2305 1845 1755 1685]
COM3 0 24
2
[2915 2925 2830 2915 2840 2810 3170 2830] [2640 2735 2720 2785 2780 2870 2695 2515]
[2960 3175 3045 2985 2920 2980 2960 2955] [2825 2755 2755 2720 2750 2785 2775 2600]
[2795 2890 2965 2805 2870 3015 2945 3005] [2575 2725 2940 2715 2885 2855 2875 2585]
[3000 2835 3095 2955 3095 2960 2965 2975] [2785 2770 2715 2730 2875 2820 2715 2425]
[3110 2920 3235 3160 3040 3090 3150 2995] [2755 2750 2910 2820 2890 2805 2515 2285]
[3085 3015 3125 3215 2970 3020 2970 2980] [2570 2830 2930 2905 2745 2560 2315 2185]
[2920 3140 3040 3100 3150 3185 2875 3105] [3040 2870 2905 2695 2495 2230 2035 1795]
[3030 3030 3145 3025 3010 3125 3125 3045] [3015 2905 2895 2670 2305 1845 1755 1685]
COM7 1 25
2
[2915 2925 2830 2915 2840 2810 3170 2830] [2700 2830 2830 2720 2765 2640 2850 2565]
[2960 3175 3045 2985 2920 2980 2960 2955] [2940 2715 2915 2770 2825 2810 2570 2325]
[2795 2890 2965 2805 2870 3015 2945 3005] [2930 2860 2800 2775 2855 2725 2540 2220]
[3000 2835 3095 2955 3095 2960 2965 2975] [2950 2845 2985 2795 2750 2475 2300 2040]
[3110 2920 3235 3160 3040 3090 3150 2995] [2970 2960 2925 2625 2510 2315 2110 1935]
[3085 3015 3125 3215 2970 3020 2970 2980] [2825 2845 2725 2575 2200 2155 2015 1900]
[2920 3140 3040 3100 3150 3185 2875 3105] [3085 2715 2535 2380 1965 1785 1930 1805]
[3030 3030 3145 3025 3010 3125 3125 3045] [3035 2745 2505 2065 1815 1640 1865 1955]
COM3 0 26
2
[2890 2850 2905 2910 2945 2890 3040 2905] [2700 2830 2830 2720 2765 2640 2850 2565]
[3005 3070 2770 2895 2835 3055 3050 2860] [2940 2715 2915 2770 2825 2810 2570 2325]
[3060 2980 3105 2970 2865 2970 3090 3080] [2930 2860 2800 2775 2855 2725 2540 2220]
[3245 3000 3090 2985 2990 2980 2970 2955] [2950 2845 2985 2795 2750 2475 2300 2040]
[3000 3015 3190 2985 3030 2930 3245 3105] [2970 2960 2925 2625 2510 2315 2110 1935]
[3000 2945 3015 3050 2885 3055 3315 3095] [2825 2845 2725 2575 2200 2155 2015 1900]
[3005 3250 2860 3195 2825 3050 2890 3085] [3085 2715 2535 2380 1965 1785 1930 1805]
[3135 2965 3115 3245 2810 3070 3165 2830] [3035 2745 2505 2065 1815 1640 1865 1955]
COM7 1 27
2
[2890 2850 2905 2910 2945 2890 3040 2905] [2965 2930 2890 2870 2915 2755 2430 2285]
[3005 3070 2770 2895 2835 3055 3050 2860] [2810 3050 2830 2845 2675 2620 2400 2135]
[3060 2980 3105 2970 2865 2970 3090 3080] [2885 2875 2920 2855 2650 2350 2175 1965]
[3245 3000 3090 2985 2990 2980 2970 2955] [3040 2815 2835 2590 2440 2125 1950 1920]
[3000 3015 3190 2985 3030 2930 3245 3105] [2950 2895 2585 2400 2165 1965 1905 2020]
[3000 2945 3015 3050 2885 3055 3315 3095] [2670 2625 2325 2160 1850 1760 2000 2160]
[3005 3250 2860 3195 2825 3050 2890 3085] [2770 2555 2120 1815 1750 1795 1920 2095]
[3135 2965 3115 3245 2810 3070 3165 2830] [2725 2325 2050 1895 1700 1875 1795 2175]
COM3 0 28
2
[2895 2700 2765 2930 2815 2765 2885 2885] [2965 2930 2890 2870 2915 2755 2430 2285]
[2685 2945 2760 2950 2925 2815 2810 2780] [2810 3050 2830 2845 2675 2620 2400 2135]
[2770 2825 2940 2845 2855 2920 2980 3015] [2885 2875 2920 2855 2650 2350 2175 1965]
[2840 2880 3070 2640 2995 2810 2990 2840] [3040 2815 2835 2590 2440 2125 1950 1920]
[3055 2875 3130 2870 2975 2770 3040 3040] [2950 2895 2585 2400 2165 1965 1905 2020]
[2825 2885 3185 3030 2840 2960 3000 2905] [2670 2625 2325 2160 1850 1760 2000 2160]
[3055 3080 2870 3080 2770 3020 2695 2925] [2770 2555 2120 1815 1750 1795 1920 2095]
[3130 3085 3100 2905 2985 2775 2905 3095] [2725 2325 2050 1895 1700 1875 1795 2175]
COM7 1 29
2
[2895 2700 2765 2930 2815 2765 2885 2885] [3065 3140 3140 2910 2815 2350 2250 2300]
[2685 2945 2760 2950 2925 2815 2810 2780] [3065 3065 3175 2825 2550 2390 2210 2290]
[2770 2825 2940 2845 2855 2920 2980 3015] [3135 3230 2965 2815 2390 2045 2125 2255]
[2840 2880 3070 2640 2995 2810 2990 2840] [3140 2800 2620 2325 2190 1850 2340 2590]
[3055 2875 3130 2870 2975 2770 3040 3040] [3145 2645 2390 2050 1915 2055 2310 2690]
[2825 2885 3185 3030 2840 2960 3000 2905] [2885 2370 2005 1900 1805 2045 2355 2765]
[3055 3080 2870 3080 2770 3020 2695 2925] [2605 2160 1860 1710 1860 1920 2275 2615]
[3130 3085 3100 2905 2985 2775 2905 3095] [2625 2125 1705 1810 1645 1735 2045 2505]
COM3 0 30
2
[2850 2815 2760 2755 2925 2990 2980 2900] [3065 3140 3140 2910 2815 2350 2250 2300]
[3000 2935 2940 2840 2925 2775 2910 2895] [3065 3065 3175 2825 2550 2390 2210 2290]
[2780 2965 2780 2855 3000 2800 3000 2910] [3135 3230 2965 2815 2390 2045 2125 2255]
[2795 2935 3025 2875 2945 3025 3010 2960] [3140 2800 2620 2325 2190 1850 2340 2590]
[3085 3050 3035 2940 2975 2895 3120 2845] [3145 2645 2390 2050 1915 2055 2310 2690]
[3065 2850 2995 3035 2885 3020 3130 2860] [2885 2370 2005 1900 1805 2045 2355 2765]
[3035 2995 3065 2915 2970 3055 2805 2910] [2605 2160 1860 1710 1860 1920 2275 2615]
[3070 3330 2970 2910 2785 3090 3030 3030] [2625 2125 1705 1810 1645 1735 2045 2505]
COM7 1 31
2
[2850 2815 2760 2755 2925 2990 2980 2900] [3115 2860 2760 2435 2410 1975 2075 2415]
[3000 2935 2940 2840 2925 2775 2910 2895] [3220 2920 2775 2350 2215 2120 2385 2615]
[2780 2965 2780 2855 3000 2800 3000 2910] [2850 2685 2505 2095 2215 2165 2605 2690]
[2795 2935 3025 2875 2945 3025 3010 2960] [2655 2500 2105 2025 2095 2450 2765 2985]
[3085 3050 3035 2940 2975 2895 3120 2845] [2515 2045 1905 1845 2170 2430 2870 3090]
[3065 2850 2995 3035 2885 3020 3130 2860] [2315 1920 1840 2005 2070 2440 2745 3200]
[3035 2995 3065 2915 2970 3055 2805 2910] [2245 1965 1885 1835 1925 2185 2680 3040]
[3070 3330 2970 2910 2785 3090 3030 3030] [2225 1900 1825 1900 1735 2025 2505 2880]
COM3 0 32
2
[2850 2985 2845 2755 2965 2825 2980 2790] [3115 2860 2760 2435 2410 1975 2075 2415]
[2975 3175 3040 2990 3025 2860 3110 2965] [3220 2920 2775 2350 2215 2120 2385 2615]
[2885 2890 2950 2845 2810 2885 2900 3000] [2850 2685 2505 2095 2215 2165 2605 2690]
[2890 2915 3055 2980 2925 2855 2740 2640] [2655 2500 2105 2025 2095 2450 2765 2985]
[3175 3040 3025 3050 2885 2780 2800 2880] [2515 2045 1905 1845 2170 2430 2870 3090]
[3075 2915 2995 2955 2790 2900 2600 2440] [2315 1920 1840 2005 2070 2440 2745 3200]
[3015 3145 3005 3265 3070 2640 2510 2455] [2245 1965 1885 1835 1925 2185 2680 3040]
[3225 2915 3000 2865 3020 2845 2790 2520] [2225 1900 1825 1900 1735 2025 2505 2880]
COM7 1 33
2
[2850 2985 2845 2755 2965 2825 2980 2790] [2370 2115 2245 2170 2270 2050 2305 2525]
[2975 3175 3040 2990 3025 2860 3110 2965] [2445 2270 2165 1930 2050 2310 2560 2700]
[2885 2890 2950 2845 2810 2885 2900 3000] [2065 1855 1805 1880 2260 2500 2715 2975]
[2890 2915 3055 2980 2925 2855 2740 2640] [2045 1775 1825 1885 2150 2515 2880 3085]
[3175 3040 3025 3050 2885 2780 2800 2880] [1925 1840 1795 1740 2030 2375 2705 3070]
[3075 2915 2995 2955 2790 2900 2600 2440] [1815 1865 1835 1905 1955 2275 2690 2945]
[3015 3145 3005 3265 3070 2640 2510 2455] [1915 1735 1885 1820 1925 2035 2425 2905]
[3225 2915 3000 2865 3020 2845 2790 2520] [2060 1880 1805 1895 1820 1875 2215 2450]
COM3 0 34
2
[2650 2590 2420 2485 2725 2680 2835 2665] [2370 2115 2245 2170 2270 2050 2305 2525]
[2835 2740 2450 2385 2520 2695 2910 2650] [2445 2270 2165 1930 2050 2310 2560 2700]
[2710 2590 2430 2335 2350 2575 2810 2640] [2065 1855 1805 1880 2260 2500 2715 2975]
[2895 2735 2655 2380 2510 2335 2595 2580] [2045 1775 1825 1885 2150 2515 2880 3085]
[3015 2910 2815 2420 2380 2285 2470 2555] [1925 1840 1795 1740 2030 2375 2705 3070]
[2825 2915 3015 2570 2270 2125 2195 2055] [1815 1865 1835 1905 1955 2275 2690 2945]
[3010 2765 2980 2825 2345 1975 1780 2060] [1915 1735 1885 1820 1925 2035 2425 2905]
[3265 2905 3005 2725 2305 1820 1785 1875] [2060 1880 1805 1895 1820 1875 2215 2450]
COM7 1 35
2
[2650 2590 2420 2485 2725 2680 2835 2665] [1485 1700 1545 1730 1910 2140 2240 2425]
[2835 2740 2450 2385 2520 2695 2910 2650] [1485 1485 1600 1760 2090 2425 2555 2705]
[2710 2590 2430 2335 2350 2575 2810 2640] [1435 1580 1675 1875 2310 2550 3000 2845]
[2895 2735 2655 2380 2510 2335 2595 2580] [1540 1560 1690 1800 2125 2460 2820 2890]
[3015 2910 2815 2420 2380 2285 2470 2555] [1535 1535 1600 1515 1845 2260 2670 3055]
[2825 2915 3015 2570 2270 2125 2195 2055] [1405 1510 1580 1695 1715 2000 2385 2735]
[3010 2765 2980 2825 2345 1975 1780 2060] [1475 1570 1620 1520 1620 1765 2095 2560]
[3265 2905 3005 2725 2305 1820 1785 1875] [1835 1545 1540 1540 1495 1555 1825 2310]
COM3 0 36
2
[2540 2365 2375 2555 2570 2715 2940 2295] [1485 1700 1545 1730 1910 2140 2240 2425]
[2795 2495 2385 2360 2505 2715 2670 2320] [1485 1485 1600 1760 2090 2425 2555 2705]
[2705 2650 2240 2160 2185 2340 2360 2250] [1435 1580 1675 1875 2310 2550 3000 2845]
[2960 2835 2390 2080 2005 2030 2210 2210] [1540 1560 1690 1800 2125 2460 2820 2890]
[2845 2710 2575 1935 1715 1650 1985 1935] [1535 1535 1600 1515 1845 2260 2670 3055]
[2825 2780 2665 2180 1830 1670 1840 1865] [1405 1510 1580 1695 1715 2000 2385 2735]
[3060 3000 2775 2320 1740 1720 1605 1855] [1475 1570 1620 1520 1620 1765 2095 2560]
[3150 3025 2880 2390 1860 1855 1780 1800] [1835 1545 1540 1540 1495 1555 1825 2310]
COM7 1 37
2
[2540 2365 2375 2555 2570 2715 2940 2295] [2070 2000 2150 2235 2300 2430 2415 2595]
[2795 2495 2385 2360 2505 2715 2670 2320] [1935 2105 2065 2365 2415 2820 2740 3005]
[2705 2650 2240 2160 2185 2340 2360 2250] [1960 2010 2050 2275 2715 2775 2955 2900]
[2960 2835 2390 2080 2005 2030 2210 2210] [2105 1955 2055 2145 2365 2605 2865 2870]
[2845 2710 2575 1935 1715 1650 1985 1935] [2060 2020 1920 1875 2110 2360 2655 3045]
[2825 2780 2665 2180 1830 1670 1840 1865] [2045 2005 1965 2025 2020 2265 2505 2955]
[3060 3000 2775 2320 1740 1720 1605 1855] [2075 2055 2020 1875 1875 2070 2275 2635]
[3150 3025 2880 2390 1860 1855 1780 1800] [2055 2085 2080 2060 1840 1780 2115 2505]
COM3 0 38
2
[2160 1890 1945 1985 2315 2555 2490 1885] [2070 2000 2150 2235 2300 2430 2415 2595]
[2270 1895 1620 1870 2000 2305 2420 2055] [1935 2105 2065 2365 2415 2820 2740 3005]
[2410 2055 1650 1640 1700 2085 2285 2235] [1960 2010 2050 2275 2715 2775 2955 2900]
[2690 2245 1915 1605 1670 1780 1970 1875] [2105 1955 2055 2145 2365 2605 2865 2870]
[2775 2425 2020 1630 1675 1590 1785 1665] [2060 2020 1920 1875 2110 2360 2655 3045]
[2870 2555 2255 1695 1480 1610 1695 1455] [2045 2005 1965 2025 2020 2265 2505 2955]
[2905 2600 2115 1690 1595 1640 1435 1445] [2075 2055 2020 1875 1875 2070 2275 2635]
[2935 2735 2380 1825 1565 1470 1585 1495] [2055 2085 2080 2060 1840 1780 2115 2505]
COM7 1 39
2
[2160 1890 1945 1985 2315 2555 2490 1885] [1420 1590 1855 1970 2150 2215 2305 2510]
[2270 1895 1620 1870 2000 2305 2420 2055] [1445 1615 1930 2220 2440 2725 2765 2645]
[2410 2055 1650 1640 1700 2085 2285 2235] [1445 1590 1800 2080 2560 2615 2920 2850]
[2690 2245 1915 1605 1670 1780 1970 1875] [1550 1460 1660 1870 2165 2555 2885 2815]
[2775 2425 2020 1630 1675 1590 1785 1665] [1405 1480 1525 1580 1895 2175 2665 2935]
[2870 2555 2255 1695 1480 1610 1695 1455] [1340 1315 1530 1575 1695 2005 2545 3195]
[2905 2600 2115 1690 1595 1640 1435 1445] [1350 1495 1475 1435 1600 1885 2295 2875]
[2935 2735 2380 1825 1565 1470 1585 1495] [1315 1495 1505 1615 1585 1715 2195 2680]
COM3 0 40
2
[2435 1935 1725 1885 2220 2390 2295 1915] [1420 1590 1855 1970 2150 2215 2305 2510]
[2405 2045 1680 1755 1995 2265 2235 1950] [1445 1615 1930 2220 2440 2725 2765 2645]
[2345 1960 1760 1620 1815 1960 2000 1730] [1445 1590 1800 2080 2560 2615 2920 2850]
[2565 2095 1780 1710 1780 1705 1805 1575] [1550 1460 1660 1870 2165 2555 2885 2815]
[2625 2140 1920 1575 1650 1520 1700 1600] [1405 1480 1525 1580 1895 2175 2665 2935]
[2515 2210 1870 1645 1485 1695 1715 1520] [1340 1315 1530 1575 1695 2005 2545 3195]
[2540 2305 1920 1650 1540 1640 1625 1600] [1350 1495 1475 1435 1600 1885 2295 2875]
[3140 2565 1900 1595 1585 1650 1660 1605] [1315 1495 1505 1615 1585 1715 2195 2680]
COM7 1 41
2
[2435 1935 1725 1885 2220 2390 2295 1915] [ 945 1375 1820 2145 2210 2110 2490 2520]
[2405 2045 1680 1755 1995 2265 2235 1950] [ 975 1405 2000 2505 2500 2650 2575 2500]
[2345 1960 1760 1620 1815 1960 2000 1730] [ 955 1200 1655 2205 2785 2800 2765 2535]
[2565 2095 1780 1710 1780 1705 1805 1575] [ 840  985 1200 1770 2330 2650 2785 2850]
[2625 2140 1920 1575 1650 1520 1700 1600] [ 740  975 1040 1410 1955 2435 2860 2900]
[2515 2210 1870 1645 1485 1695 1715 1520] [ 650  800 1065 1315 1565 2305 2675 2890]
[2540 2305 1920 1650 1540 1640 1625 1600] [ 785  910 1100 1235 1435 2035 2660 2960]
[3140 2565 1900 1595 1585 1650 1660 1605] [ 670  860 1040 1280 1570 2135 2595 2775]
COM3 0 42
2
[1850 1700 1715 2220 2585 2315 1985 1520] [ 945 1375 1820 2145 2210 2110 2490 2520]
[1935 1815 1625 1980 2235 2275 1650 1505] [ 975 1405 2000 2505 2500 2650 2575 2500]
[1875 1555 1650 1770 1935 1880 1755 1365] [ 955 1200 1655 2205 2785 2800 2765 2535]
[1785 1570 1635 1670 1705 1610 1570 1370] [ 840  985 1200 1770 2330 2650 2785 2850]
[1990 1625 1525 1375 1540 1405 1510 1450] [ 740  975 1040 1410 1955 2435 2860 2900]
[2025 1730 1600 1430 1350 1450 1470 1405] [ 650  800 1065 1315 1565 2305 2675 2890]
[2005 1590 1520 1505 1395 1395 1350 1380] [ 785  910 1100 1235 1435 2035 2660 2960]
[2385 1430 1325 1430 1350 1545 1570 1525] [ 670  860 1040 1280 1570 2135 2595 2775]
COM7 1 43
2
[1850 1700 1715 2220 2585 2315 1985 1520] [1760 2350 2485 2650 2570 2555 2715 2925]
[1935 1815 1625 1980 2235 2275 1650 1505] [1695 2080 2610 2835 2925 2920 2890 2995]
[1875 1555 1650 1770 1935 1880 1755 1365] [1600 1810 2255 2605 2980 2965 3040 3010]
[1785 1570 1635 1670 1705 1610 1570 1370] [1500 1680 1900 2280 2595 2930 2960 2895]
[1990 1625 1525 1375 1540 1405 1510 1450] [1460 1465 1670 2010 2485 2815 2940 3060]
[2025 1730 1600 1430 1350 1450 1470 1405] [1435 1440 1780 1880 2320 2880 3145 2895]
[2005 1590 1520 1505 1395 1395 1350 1380] [1480 1615 1575 1755 2245 2595 2955 3025]
[2385 1430 1325 1430 1350 1545 1570 1525] [1570 1620 1815 1980 2320 2565 2990 3305]
COM3 0 44
2
[1675 1495 1665 1900 1800 1500 1290 1190] [1760 2350 2485 2650 2570 2555 2715 2925]
[1700 1560 1490 1685 1675 1390 1185 1280] [1695 2080 2610 2835 2925 2920 2890 2995]
[1495 1395 1420 1565 1380 1250 1405 1330] [1600 1810 2255 2605 2980 2965 3040 3010]
[1620 1415 1510 1485 1465 1380 1405 1305] [1500 1680 1900 2280 2595 2930 2960 2895]
[1705 1460 1450 1460 1365 1280 1405 1405] [1460 1465 1670 2010 2485 2815 2940 3060]
[1665 1590 1450 1515 1360 1475 1460 1360] [1435 1440 1780 1880 2320 2880 3145 2895]
[1785 1530 1475 1545 1420 1475 1365 1400] [1480 1615 1575 1755 2245 2595 2955 3025]
[1880 1595 1390 1475 1540 1570 1610 1590] [1570 1620 1815 1980 2320 2565 2990 3305]
COM7 1 45
2
[1675 1495 1665 1900 1800 1500 1290 1190] [2030 2335 2650 2865 3045 2985 2960 3080]
[1700 1560 1490 1685 1675 1390 1185 1280] [1860 2230 2515 3050 2975 3020 3045 2925]
[1495 1395 1420 1565 1380 1250 1405 1330] [1755 2000 2410 2750 3105 2925 3050 3095]
[1620 1415 1510 1485 1465 1380 1405 1305] [1655 1680 2170 2615 2945 2995 3040 2960]
[1705 1460 1450 1460 1365 1280 1405 1405] [1645 1750 2060 2400 3000 2995 3010 3030]
[1665 1590 1450 1515 1360 1475 1460 1360] [1545 1750 2045 2590 2920 3065 3235 2965]
[1785 1530 1475 1545 1420 1475 1365 1400] [1775 1940 2210 2600 3090 3080 3105 3135]
[1880 1595 1390 1475 1540 1570 1610 1590] [1950 2170 2470 2965 3010 3055 3100 3095]
COM3 0 46
2
[1620 1425 1565 1430 1370 1230 1375 1380] [2030 2335 2650 2865 3045 2985 2960 3080]
[1565 1590 1475 1320 1375 1280 1255 1415] [1860 2230 2515 3050 2975 3020 3045 2925]
[1555 1370 1475 1410 1260 1350 1400 1425] [1755 2000 2410 2750 3105 2925 3050 3095]
[1510 1370 1640 1355 1475 1325 1435 1440] [1655 1680 2170 2615 2945 2995 3040 2960]
[1640 1450 1460 1460 1490 1375 1460 1530] [1645 1750 2060 2400 3000 2995 3010 3030]
[1705 1490 1595 1450 1335 1545 1540 1355] [1545 1750 2045 2590 2920 3065 3235 2965]
[1820 1600 1750 1640 1525 1540 1500 1555] [1775 1940 2210 2600 3090 3080 3105 3135]
[2085 1425 1700 1545 1640 1695 1735 1965] [1950 2170 2470 2965 3010 3055 3100 3095]
COM7 1 47
2
[1620 1425 1565 1430 1370 1230 1375 1380] [1695 2095 2470 2850 2965 3015 3040 3145]
[1565 1590 1475 1320 1375 1280 1255 1415] [1710 2025 2465 2900 3015 3090 2945 3075]
[1555 1370 1475 1410 1260 1350 1400 1425] [1655 1850 2390 2820 3115 3005 3085 3060]
[1510 1370 1640 1355 1475 1325 1435 1440] [1690 1840 2220 2770 2950 3040 3080 3045]
[1640 1450 1460 1460 1490 1375 1460 1530] [1625 2030 2420 2615 3005 3165 3000 3040]
[1705 1490 1595 1450 1335 1545 1540 1355] [1805 2075 2500 2900 3020 3150 3165 3145]
[1820 1600 1750 1640 1525 1540 1500 1555] [2090 2375 2705 2990 3055 3045 3045 3295]
[2085 1425 1700 1545 1640 1695 1735 1965] [2545 2865 3040 3050 3195 3070 3225 3225]
COM3 0 48
2
[1635 1355 1430 1380 1375 1440 1515 1355] [1695 2095 2470 2850 2965 3015 3040 3145]
[1665 1520 1335 1395 1420 1355 1400 1460] [1710 2025 2465 2900 3015 3090 2945 3075]
[1480 1400 1355 1395 1430 1395 1440 1490] [1655 1850 2390 2820 3115 3005 3085 3060]
[1550 1435 1520 1500 1555 1465 1530 1560] [1690 1840 2220 2770 2950 3040 3080 3045]
[1575 1470 1540 1410 1540 1415 1690 1775] [1625 2030 2420 2615 3005 3165 3000 3040]
[1475 1495 1660 1570 1360 1560 1605 1800] [1805 2075 2500 2900 3020 3150 3165 3145]
[1605 1555 1535 1540 1565 1675 1645 1885] [2090 2375 2705 2990 3055 3045 3045 3295]
[1995 1755 1800 1485 1700 1735 1925 2165] [2545 2865 3040 3050 3195 3070 3225 3225]
COM7 1 49
2
[1635 1355 1430 1380 1375 1440 1515 1355] [1705 1920 2175 2570 2835 2905 3105 3045]
[1665 1520 1335 1395 1420 1355 1400 1460] [1720 1955 2200 2545 2880 3035 2955 3100]
[1480 1400 1355 1395 1430 1395 1440 1490] [1740 1625 2145 2505 2995 3075 3045 3035]
[1550 1435 1520 1500 1555 1465 1530 1560] [1745 1745 2005 2470 2940 3025 3090 3165]
[1575 1470 1540 1410 1540 1415 1690 1775] [1730 1805 2175 2370 2980 2925 3105 3145]
[1475 1495 1660 1570 1360 1560 1605 1800] [1935 1940 2245 2655 2970 3160 3200 3115]
[1605 1555 1535 1540 1565 1675 1645 1885] [2370 2365 2460 2865 3050 3165 3165 3280]
[1995 1755 1800 1485 1700 1735 1925 2165] [2655 2695 2725 3300 2995 3205 3225 3270]
COM3 0 50
2
[1455 1280 1215 1310 1325 1385 1395 1425] [1705 1920 2175 2570 2835 2905 3105 3045]
[1335 1365 1235 1375 1360 1415 1390 1355] [1720 1955 2200 2545 2880 3035 2955 3100]
[1235 1390 1435 1220 1350 1425 1475 1490] [1740 1625 2145 2505 2995 3075 3045 3035]
[1445 1350 1515 1395 1405 1490 1585 1555] [1745 1745 2005 2470 2940 3025 3090 3165]
[1440 1510 1430 1435 1445 1420 1585 2070] [1730 1805 2175 2370 2980 2925 3105 3145]
[1365 1455 1620 1525 1605 1535 1740 1940] [1935 1940 2245 2655 2970 3160 3200 3115]
[1830 1565 1710 1590 1655 1605 1790 1935] [2370 2365 2460 2865 3050 3165 3165 3280]
[1950 1860 1800 1775 1695 1900 2295 2330] [2655 2695 2725 3300 2995 3205 3225 3270]
COM7 1 51
2
[1455 1280 1215 1310 1325 1385 1395 1425] [1430 1545 1835 2155 2600 2855 2910 3115]
[1335 1365 1235 1375 1360 1415 1390 1355] [1415 1520 1685 2220 2635 3010 3030 2920]
[1235 1390 1435 1220 1350 1425 1475 1490] [1430 1615 1775 2140 2745 2915 3080 3055]
[1445 1350 1515 1395 1405 1490 1585 1555] [1550 1640 1820 2150 2710 2925 3035 2975]
[1440 1510 1430 1435 1445 1420 1585 2070] [1730 1565 1835 2170 2735 2990 3080 3155]
[1365 1455 1620 1525 1605 1535 1740 1940] [1785 1865 1980 2510 2850 3055 3110 3290]
[1830 1565 1710 1590 1655 1605 1790 1935] [2290 2355 2435 2650 2890 3040 3175 3195]
[1950 1860 1800 1775 1695 1900 2295 2330] [3065 2775 2745 3115 3040 3230 3210 3200]
COM3 0 52
2
[1235 1085 1225 1225 1225 1180 1245 1285] [1430 1545 1835 2155 2600 2855 2910 3115]
[1250 1375 1115 1165 1165 1200 1230 1260] [1415 1520 1685 2220 2635 3010 3030 2920]
[1120 1275 1230 1270 1150 1220 1370 1375] [1430 1615 1775 2140 2745 2915 3080 3055]
[1195 1220 1350 1295 1300 1310 1385 1430] [1550 1640 1820 2150 2710 2925 3035 2975]
[1405 1285 1360 1320 1330 1255 1380 1540] [1730 1565 1835 2170 2735 2990 3080 3155]
[1455 1335 1235 1420 1375 1290 1435 1775] [1785 1865 1980 2510 2850 3055 3110 3290]
[1425 1385 1280 1300 1255 1325 1320 1920] [2290 2355 2435 2650 2890 3040 3175 3195]
[1760 1520 1575 1460 1560 1485 1880 2120] [3065 2775 2745 3115 3040 3230 3210 3200]
COM7 1 53
2
[1235 1085 1225 1225 1225 1180 1245 1285] [1225 1385 1370 1500 1695 2000 2380 2630]
[1250 1375 1115 1165 1165 1200 1230 1260] [1235 1360 1395 1545 1775 2240 2625 2805]
[1120 1275 1230 1270 1150 1220 1370 1375] [1220 1370 1415 1530 2105 2355 2795 2990]
[1195 1220 1350 1295 1300 1310 1385 1430] [1390 1295 1455 1725 2050 2470 2875 3005]
[1405 1285 1360 1320 1330 1255 1380 1540] [1350 1480 1570 1915 2315 2705 2950 3095]
[1455 1335 1235 1420 1375 1290 1435 1775] [1795 1770 2025 2290 2480 2905 3005 3050]
[1425 1385 1280 1300 1255 1325 1320 1920] [2395 2320 2510 2465 2575 2770 2945 2960]
[1760 1520 1575 1460 1560 1485 1880 2120] [2770 2730 2670 2590 2805 2620 2695 2915]
COM3 0 54
2
[1300 1100 1225 1320 1340 1310 1435 1480] [1225 1385 1370 1500 1695 2000 2380 2630]
[1280 1320 1190 1285 1310 1420 1460 1575] [1235 1360 1395 1545 1775 2240 2625 2805]
[1210 1295 1265 1365 1385 1465 1665 1660] [1220 1370 1415 1530 2105 2355 2795 2990]
[1350 1205 1445 1415 1470 1460 1705 1845] [1390 1295 1455 1725 2050 2470 2875 3005]
[1290 1305 1465 1390 1455 1470 1880 1940] [1350 1480 1570 1915 2315 2705 2950 3095]
[1405 1355 1515 1615 1575 1700 1855 2120] [1795 1770 2025 2290 2480 2905 3005 3050]
[1330 1470 1310 1555 1575 1525 1765 2355] [2395 2320 2510 2465 2575 2770 2945 2960]
[1760 1345 1720 1660 1650 1875 2140 2540] [2770 2730 2670 2590 2805 2620 2695 2915]
COM7 1 55
2
[1300 1100 1225 1320 1340 1310 1435 1480] [1580 1735 1935 2005 1905 1720 1755 2185]
[1280 1320 1190 1285 1310 1420 1460 1575] [1570 1735 1920 1950 1800 1855 1935 2155]
[1210 1295 1265 1365 1385 1465 1665 1660] [1650 1700 1855 1905 2030 2050 2265 2575]
[1350 1205 1445 1415 1470 1460 1705 1845] [1930 1735 1985 2170 2315 2370 2710 2795]
[1290 1305 1465 1390 1455 1470 1880 1940] [2255 2435 2470 2535 2720 2840 3005 3045]
[1405 1355 1515 1615 1575 1700 1855 2120] [2670 2635 2770 3145 2925 3145 3200 3265]
[1330 1470 1310 1555 1575 1525 1765 2355] [3005 3185 3010 3205 3145 3110 3250 3305]
[1760 1345 1720 1660 1650 1875 2140 2540] [3220 3215 3185 3335 3170 3160 3365 3270]
COM3 0 56
2
[980 740 945 940 925 865 875 685] [1580 1735 1935 2005 1905 1720 1755 2185]
[1140 1060  900 1005  900  910  910 1005] [1570 1735 1920 1950 1800 1855 1935 2155]
[ 905  920 1015  905  790  825 1070  990] [1650 1700 1855 1905 2030 2050 2265 2575]
[ 965  950  975  915 1085 1015 1005  845] [1930 1735 1985 2170 2315 2370 2710 2795]
[1000 1030  970  940  945  900 1125  820] [2255 2435 2470 2535 2720 2840 3005 3045]
[1070 1070 1035 1030  910  910  945 1150] [2670 2635 2770 3145 2925 3145 3200 3265]
[ 880 1050 1100  875  685  725  825 1600] [3005 3185 3010 3205 3145 3110 3250 3305]
[1155 1090  830 1215  845 1215 1300 1755] [3220 3215 3185 3335 3170 3160 3365 3270]
COM7 1 57
2
[980 740 945 940 925 865 875 685] [1280 1385 1335 1460 1610 1525 1405 1715]
[1140 1060  900 1005  900  910  910 1005] [1460 1435 1535 1505 1570 1680 1670 1660]
[ 905  920 1015  905  790  825 1070  990] [1825 1835 1925 1990 2150 1995 2150 2240]
[ 965  950  975  915 1085 1015 1005  845] [2405 2400 2435 2495 2540 2545 2565 2645]
[1000 1030  970  940  945  900 1125  820] [2850 2795 2845 2680 2700 2855 2900 2880]
[1070 1070 1035 1030  910  910  945 1150] [2835 2955 2940 3070 2925 3055 2975 2950]
[ 880 1050 1100  875  685  725  825 1600] [2980 2995 2960 2900 3015 3025 2980 3000]
[1155 1090  830 1215  845 1215 1300 1755] [3010 2830 3035 2900 3105 2850 2915 2805]
COM3 0 58
2
[ 865  920  980  900  960 1010 1025 1040] [1280 1385 1335 1460 1610 1525 1405 1715]
[1005 1010  945  970 1135 1040 1040 1080] [1460 1435 1535 1505 1570 1680 1670 1660]
[ 860  935 1010  975  950 1020 1075 1295] [1825 1835 1925 1990 2150 1995 2150 2240]
[1025 1005 1065 1075 1155 1180 1210 1180] [2405 2400 2435 2495 2540 2545 2565 2645]
[1060 1035 1040 1055 1030 1030 1250 1345] [2850 2795 2845 2680 2700 2855 2900 2880]
[ 890  930 1260 1150 1020 1245 1395 1480] [2835 2955 2940 3070 2925 3055 2975 2950]
[ 990 1200 1000 1090 1125 1275 1540 2170] [2980 2995 2960 2900 3015 3025 2980 3000]
[1215 1205 1150 1225 1285 1585 2100 2655] [3010 2830 3035 2900 3105 2850 2915 2805]
COM7 1 59
2
[ 865  920  980  900  960 1010 1025 1040] [1530 1595 1560 1710 1680 1670 1650 1745]
[1005 1010  945  970 1135 1040 1040 1080] [1730 1880 1930 2025 1920 2030 2040 1960]
[ 860  935 1010  975  950 1020 1075 1295] [2105 2295 2390 2430 2625 2570 2570 2515]
[1025 1005 1065 1075 1155 1180 1210 1180] [2790 2820 2910 2865 3060 2970 3035 2965]
[1060 1035 1040 1055 1030 1030 1250 1345] [3005 2965 3145 2990 3075 2990 3080 3085]
[ 890  930 1260 1150 1020 1245 1395 1480] [2965 3045 3110 3140 3120 3110 3145 3045]
[ 990 1200 1000 1090 1125 1275 1540 2170] [3175 3250 3225 3125 3235 3125 3275 3145]
[1215 1205 1150 1225 1285 1585 2100 2655] [3235 3195 3205 3280 3155 3085 3110 3105]
COM3 0 60
2
[1145 1060 1125 1220 1375 1460 1615 1805] [1530 1595 1560 1710 1680 1670 1650 1745]
[1185 1215 1195 1380 1380 1580 1570 1820] [1730 1880 1930 2025 1920 2030 2040 1960]
[1170 1175 1315 1355 1320 1530 1695 2020] [2105 2295 2390 2430 2625 2570 2570 2515]
[1190 1205 1345 1410 1470 1530 1700 1920] [2790 2820 2910 2865 3060 2970 3035 2965]
[1280 1300 1340 1420 1535 1590 1735 2240] [3005 2965 3145 2990 3075 2990 3080 3085]
[1215 1255 1420 1505 1560 1785 2160 2515] [2965 3045 3110 3140 3120 3110 3145 3045]
[1215 1210 1475 1710 1800 2170 2595 2645] [3175 3250 3225 3125 3235 3125 3275 3145]
[1410 1405 1825 1855 2205 2715 3190 2935] [3235 3195 3205 3280 3155 3085 3110 3105]
COM7 1 61
2
[1145 1060 1125 1220 1375 1460 1615 1805] [1020 1175 1240 1335 1435 1440 1345 1645]
[1185 1215 1195 1380 1380 1580 1570 1820] [1165 1455 1530 1570 1700 1900 1920 1960]
[1170 1175 1315 1355 1320 1530 1695 2020] [1665 1975 2225 2215 2460 2345 2500 2455]
[1190 1205 1345 1410 1470 1530 1700 1920] [2390 2555 2610 2590 2590 2710 2705 2850]
[1280 1300 1340 1420 1535 1590 1735 2240] [2670 2765 2845 2645 2770 2615 2805 2710]
[1215 1255 1420 1505 1560 1785 2160 2515] [2615 2690 2710 2625 2585 2745 2810 2735]
[1215 1210 1475 1710 1800 2170 2595 2645] [2595 2690 2715 2640 2615 2680 2840 2775]
[1410 1405 1825 1855 2205 2715 3190 2935] [2485 2620 2595 2795 2790 2675 2770 2690]
COM3 0 62
2
[1075  985 1035 1095 1175 1355 1545 1520] [1020 1175 1240 1335 1435 1440 1345 1645]
[1055 1125 1000 1245 1250 1500 1730 1880] [1165 1455 1530 1570 1700 1900 1920 1960]
[ 975 1120 1115 1195 1250 1375 1770 1960] [1665 1975 2225 2215 2460 2345 2500 2455]
[1050 1080 1195 1135 1240 1460 1820 2115] [2390 2555 2610 2590 2590 2710 2705 2850]
[1195 1115 1295 1330 1505 1680 2230 2560] [2670 2765 2845 2645 2770 2615 2805 2710]
[1085 1220 1500 1735 1780 2405 2745 2965] [2615 2690 2710 2625 2585 2745 2810 2735]
[1150 1460 1745 2225 2425 2875 3025 3060] [2595 2690 2715 2640 2615 2680 2840 2775]
[1570 1745 2385 2775 3045 2820 3305 3310] [2485 2620 2595 2795 2790 2675 2770 2690]
COM7 1 63
2
[1075  985 1035 1095 1175 1355 1545 1520] [1280 1525 1525 1505 1630 1595 1640 1860]
[1055 1125 1000 1245 1250 1500 1730 1880] [1540 1670 1705 1755 1820 2005 2105 2185]
[ 975 1120 1115 1195 1250 1375 1770 1960] [1880 2045 2175 2235 2485 2530 2675 2670]
[1050 1080 1195 1135 1240 1460 1820 2115] [2515 2485 2730 2785 2925 2845 3055 2985]
[1195 1115 1295 1330 1505 1680 2230 2560] [2930 3085 3125 3000 3125 3115 3040 3040]
[1085 1220 1500 1735 1780 2405 2745 2965] [2940 3060 3100 3170 3085 3135 3215 3010]
[1150 1460 1745 2225 2425 2875 3025 3060] [3075 3125 3065 3145 3095 2990 3150 3145]
[1570 1745 2385 2775 3045 2820 3305 3310] [3150 3200 3120 3300 3050 2995 3110 3210]
COM3 0 64
2
[1090 1060 1115 1250 1370 1530 1675 1650] [1280 1525 1525 1505 1630 1595 1640 1860]
[1180 1230 1135 1275 1470 1620 1705 1855] [1540 1670 1705 1755 1820 2005 2105 2185]
[1075 1155 1255 1325 1365 1605 1905 2170] [1880 2045 2175 2235 2485 2530 2675 2670]
[1155 1170 1295 1385 1635 1665 2115 2330] [2515 2485 2730 2785 2925 2845 3055 2985]
[1270 1330 1505 1590 2010 2380 2665 3150] [2930 3085 3125 3000 3125 3115 3040 3040]
[1420 1650 2060 2285 2510 2870 3165 3380] [2940 3060 3100 3170 3085 3135 3215 3010]
[1835 2350 2865 3100 3150 3340 3380 3355] [3075 3125 3065 3145 3095 2990 3150 3145]
[2650 2910 3140 3380 3320 3430 3410 3410] [3150 3200 3120 3300 3050 2995 3110 3210]
COM7 1 65
2
[1090 1060 1115 1250 1370 1530 1675 1650] [1400 1475 1455 1490 1670 1660 1690 1980]
[1180 1230 1135 1275 1470 1620 1705 1855] [1505 1695 1665 1785 1895 2170 2335 2415]
[1075 1155 1255 1325 1365 1605 1905 2170] [1960 2085 2290 2400 2645 2750 2745 2875]
[1155 1170 1295 1385 1635 1665 2115 2330] [2700 2745 2815 2880 2930 2950 2915 3070]
[1270 1330 1505 1590 2010 2380 2665 3150] [2995 3060 3110 3040 3030 3160 3105 3100]
[1420 1650 2060 2285 2510 2870 3165 3380] [2910 3250 3145 3170 3020 3105 3225 2995]
[1835 2350 2865 3100 3150 3340 3380 3355] [3200 3260 3195 3170 3165 3000 3240 3210]
[2650 2910 3140 3380 3320 3430 3410 3410] [3255 3180 3155 3265 3105 3110 3145 3185]