COM7 0 6
4
[2530 2440 2660 2770 2820 2715 2750 2625] [3225 3295 3285 3330 3170 3305 3215 3365]
[2345 2540 2635 2705 2755 2840 2760 2710] [3295 3235 3300 3190 3275 3420 3255 3230]
[2075 2380 2600 2770 2730 2740 2790 2770] [3285 3305 3285 3185 3390 3155 3320 3270]
[2070 2160 2520 2495 2800 2850 2925 2820] [3355 3450 3285 3335 3305 3225 3205 3235]
[1855 1905 2195 2585 2850 2910 2805 2900] [3305 3385 3410 3140 3335 3235 3390 3280]
[1800 1840 2225 2310 2475 2710 2945 2760] [3490 3420 3300 3265 3230 3310 3460 3290]
[1785 1755 1845 2200 2550 2720 2670 2785] [3375 3430 3460 3385 3320 3345 3270 3380]
[1760 1700 1725 1905 2455 3005 2960 2655] [3570 3345 3290 3705 3335 3205 3500 3465]
COM3 1 7
4
[2530 2440 2660 2770 2820 2715 2750 2625] [3165 3360 3280 3410 3280 3285 3270 3285]
[2345 2540 2635 2705 2755 2840 2760 2710] [3285 3435 3360 3340 3215 3365 3200 3195]
[2075 2380 2600 2770 2730 2740 2790 2770] [3390 3315 3520 3320 3335 3140 3350 3195]
[2070 2160 2520 2495 2800 2850 2925 2820] [3345 3355 3310 3335 3270 3210 3340 3395]
[1855 1905 2195 2585 2850 2910 2805 2900] [3255 3230 3475 3240 3410 3215 3325 3345]
[1800 1840 2225 2310 2475 2710 2945 2760] [3175 3320 3335 3425 3390 3395 3295 3230]
[1785 1755 1845 2200 2550 2720 2670 2785] [3385 3465 3385 3425 3395 3470 3445 3495]
[1760 1700 1725 1905 2455 3005 2960 2655] [3510 3370 3615 3560 3410 3370 3450 3495]
COM7 0 8
4
[2405 2360 2470 2750 2660 2710 2760 2665] [3165 3360 3280 3410 3280 3285 3270 3285]
[2440 2465 2400 2685 2795 2825 2750 2700] [3285 3435 3360 3340 3215 3365 3200 3195]
[1815 2320 2560 2625 2735 2750 2725 2605] [3390 3315 3520 3320 3335 3140 3350 3195]
[2130 2265 2565 2705 2740 2675 2610 2660] [3345 3355 3310 3335 3270 3210 3340 3395]
[2170 2310 2520 2700 2730 2590 2820 2640] [3255 3230 3475 3240 3410 3215 3325 3345]
[2075 2220 2370 2750 2610 2630 2870 2585] [3175 3320 3335 3425 3390 3395 3295 3230]
[2060 2075 2105 2340 2590 2820 2540 2560] [3385 3465 3385 3425 3395 3470 3445 3495]
[2155 1830 1970 2125 2470 2660 2865 2635] [3510 3370 3615 3560 3410 3370 3450 3495]
COM3 1 9
4
[2405 2360 2470 2750 2660 2710 2760 2665] [3415 3305 3260 3405 3310 3235 3395 3440]
[2440 2465 2400 2685 2795 2825 2750 2700] [3460 3330 3425 3380 3145 3400 3390 3320]
[1815 2320 2560 2625 2735 2750 2725 2605] [3385 3270 3265 3375 3415 3205 3275 3345]
[2130 2265 2565 2705 2740 2675 2610 2660] [3340 3480 3345 3405 3360 3265 3285 3315]
[2170 2310 2520 2700 2730 2590 2820 2640] [3380 3470 3390 3215 3440 3420 3225 3365]
[2075 2220 2370 2750 2610 2630 2870 2585] [3310 3430 3420 3460 3350 3360 3420 3385]
[2060 2075 2105 2340 2590 2820 2540 2560] [3395 3340 3405 3405 3500 3380 3480 3585]
[2155 1830 1970 2125 2470 2660 2865 2635] [3500 3600 3490 3595 3240 3330 3445 3645]
COM7 0 10
4
[3065 3010 3070 3085 3090 3035 3325 3310] [3415 3305 3260 3405 3310 3235 3395 3440]
[2905 3170 3040 3135 2945 3135 3120 3435] [3460 3330 3425 3380 3145 3400 3390 3320]
[2975 3030 2890 2960 2965 3175 3175 3345] [3385 3270 3265 3375 3415 3205 3275 3345]
[2830 2505 2690 2805 3070 3125 3520 3360] [3340 3480 3345 3405 3360 3265 3285 3315]
[2575 2165 2615 2640 3140 3180 3270 3475] [3380 3470 3390 3215 3440 3420 3225 3365]
[2495 2475 2650 2925 3120 3285 3650 3505] [3310 3430 3420 3460 3350 3360 3420 3385]
[2495 2530 2535 3010 3345 3380 3635 3320] [3395 3340 3405 3405 3500 3380 3480 3585]
[2710 2655 2620 2740 3175 3405 3345 3615] [3500 3600 3490 3595 3240 3330 3445 3645]
COM3 1 11
4
[3065 3010 3070 3085 3090 3035 3325 3310] [2720 2930 2890 2870 3075 2990 2950 3155]
[2905 3170 3040 3135 2945 3135 3120 3435] [2905 2975 2960 2985 2865 3055 3010 3025]
[2975 3030 2890 2960 2965 3175 3175 3345] [2895 3020 2970 2975 3285 3005 3010 3230]
[2830 2505 2690 2805 3070 3125 3520 3360] [3065 3085 3135 3100 2770 3120 3205 3060]
[2575 2165 2615 2640 3140 3180 3270 3475] [3065 3040 3115 2995 3120 3210 3110 3170]
[2495 2475 2650 2925 3120 3285 3650 3505] [3015 3065 3085 3180 3125 3195 3215 3245]
[2495 2530 2535 3010 3345 3380 3635 3320] [3175 3165 3315 3195 3100 3040 3000 3460]
[2710 2655 2620 2740 3175 3405 3345 3615] [3075 3265 3255 3260 3080 3100 3315 3100]
COM7 0 12
4
[2895 2795 2810 3010 2870 2885 3015 2860] [2720 2930 2890 2870 3075 2990 2950 3155]
[2910 3000 2840 2860 2875 2825 2930 2835] [2905 2975 2960 2985 2865 3055 3010 3025]
[2795 2705 2560 2410 2525 2855 2890 2925] [2895 3020 2970 2975 3285 3005 3010 3230]
[2705 2505 2510 2170 2320 2555 2740 2880] [3065 3085 3135 3100 2770 3120 3205 3060]
[2885 2330 2255 2205 2400 2605 2955 2990] [3065 3040 3115 2995 3120 3210 3110 3170]
[2515 2350 2375 2115 2260 2890 2950 3035] [3015 3065 3085 3180 3125 3195 3215 3245]
[3025 2390 2305 2195 2230 2890 2880 2860] [3175 3165 3315 3195 3100 3040 3000 3460]
[2865 2210 2110 2110 2275 2590 3000 2850] [3075 3265 3255 3260 3080 3100 3315 3100]
COM3 1 13
4
[2895 2795 2810 3010 2870 2885 3015 2860] [2845 2970 3045 3045 3030 2905 3000 3025]
[2910 3000 2840 2860 2875 2825 2930 2835] [2755 3050 3140 3020 2980 3065 3020 2840]
[2795 2705 2560 2410 2525 2855 2890 2925] [3045 3050 3105 3070 2970 3145 3170 2890]
[2705 2505 2510 2170 2320 2555 2740 2880] [2970 3205 3070 3020 3075 3040 2995 3115]
[2885 2330 2255 2205 2400 2605 2955 2990] [3125 2995 3015 2820 3180 3155 3040 3080]
[2515 2350 2375 2115 2260 2890 2950 3035] [2800 3075 2990 3265 3070 3090 3145 2995]
[3025 2390 2305 2195 2230 2890 2880 2860] [3220 3290 3155 3070 3100 2975 3115 3110]
[2865 2210 2110 2110 2275 2590 3000 2850] [3415 3120 3115 3240 3325 3105 3090 3135]
COM7 0 14
4
[3075 2750 2560 2625 2590 2685 3200 3255] [2845 2970 3045 3045 3030 2905 3000 3025]
[2965 2745 2515 2505 2685 2750 2935 3265] [2755 3050 3140 3020 2980 3065 3020 2840]
[2920 2680 2375 2335 2530 2970 3365 3510] [3045 3050 3105 3070 2970 3145 3170 2890]
[3080 2830 2515 2410 2690 3090 3305 3400] [2970 3205 3070 3020 3075 3040 2995 3115]
[2980 3040 2780 2440 2535 3035 3475 3465] [3125 2995 3015 2820 3180 3155 3040 3080]
[3080 2710 2765 2535 2480 3010 3355 3465] [2800 3075 2990 3265 3070 3090 3145 2995]
[3110 3050 2675 2375 2255 2565 3230 3415] [3220 3290 3155 3070 3100 2975 3115 3110]
[3035 2820 2625 2540 2300 2850 3435 3500] [3415 3120 3115 3240 3325 3105 3090 3135]
COM3 1 15
4
[3075 2750 2560 2625 2590 2685 3200 3255] [2690 2975 2995 2960 2985 3165 3150 3075]
[2965 2745 2515 2505 2685 2750 2935 3265] [3070 3045 2995 2955 2925 3095 3010 2940]
[2920 2680 2375 2335 2530 2970 3365 3510] [2815 3025 3095 3145 3030 2930 3025 3075]
[3080 2830 2515 2410 2690 3090 3305 3400] [3055 2905 3025 2835 3045 3160 3020 3030]
[2980 3040 2780 2440 2535 3035 3475 3465] [3145 3175 3175 2985 3110 2980 2995 3050]
[3080 2710 2765 2535 2480 3010 3355 3465] [2960 3130 2995 3160 2965 3170 3210 3140]
[3110 3050 2675 2375 2255 2565 3230 3415] [3110 3100 3305 2980 2990 3065 3115 3190]
[3035 2820 2625 2540 2300 2850 3435 3500] [2900 3130 3110 3325 3115 3000 3275 3125]
COM7 0 16
4
[2420 2045 1965 2000 2310 2535 2680 2535] [2690 2975 2995 2960 2985 3165 3150 3075]
[2530 2300 1935 2095 2225 2495 2655 2575] [3070 3045 2995 2955 2925 3095 3010 2940]
[2510 2450 1905 1910 2140 2340 2665 2565] [2815 3025 3095 3145 3030 2930 3025 3075]
[2550 2405 2195 1775 1845 2100 2445 2475] [3055 2905 3025 2835 3045 3160 3020 3030]
[2855 2580 2215 1635 1860 1915 2405 2550] [3145 3175 3175 2985 3110 2980 2995 3050]
[2690 2450 2160 1845 1595 1905 2135 2280] [2960 3130 2995 3160 2965 3170 3210 3140]
[2440 2165 2070 1690 1550 1695 2010 2305] [3110 3100 3305 2980 2990 3065 3115 3190]
[2185 2005 1735 1580 1630 1900 2215 2475] [2900 3130 3110 3325 3115 3000 3275 3125]
COM3 1 17
4
[2420 2045 1965 2000 2310 2535 2680 2535] [3470 3470 3470 3375 3265 3300 3205 3510]
[2530 2300 1935 2095 2225 2495 2655 2575] [3365 3430 3575 3300 3275 3455 3220 3355]
[2510 2450 1905 1910 2140 2340 2665 2565] [3445 3435 3500 3385 3465 3325 3285 3335]
[2550 2405 2195 1775 1845 2100 2445 2475] [3395 3370 3410 3500 3465 3245 3395 3390]
[2855 2580 2215 1635 1860 1915 2405 2550] [3455 3605 3530 3290 3480 3370 3410 3485]
[2690 2450 2160 1845 1595 1905 2135 2280] [3255 3305 3500 3555 3335 3480 3350 3340]
[2440 2165 2070 1690 1550 1695 2010 2305] [3505 3470 3335 3515 3400 3410 3500 3385]
[2185 2005 1735 1580 1630 1900 2215 2475] [3720 3500 3615 3585 3345 3445 3530 3650]
COM7 0 18
4
[2460 2035 1975 2050 2520 2800 2855 2900] [3470 3470 3470 3375 3265 3300 3205 3510]
[2390 2255 2050 2185 2385 2735 2875 2910] [3365 3430 3575 3300 3275 3455 3220 3355]
[2485 2220 1985 2045 2295 2700 2865 2930] [3445 3435 3500 3385 3465 3325 3285 3335]
[2525 2140 2050 1920 2150 2510 2790 2975] [3395 3370 3410 3500 3465 3245 3395 3390]
[2530 2195 2035 1815 2165 2505 2915 3035] [3455 3605 3530 3290 3480 3370 3410 3485]
[2105 2025 2095 1920 2185 2490 2935 2845] [3255 3305 3500 3555 3335 3480 3350 3340]
[1955 2065 1965 1990 2230 2710 2695 3060] [3505 3470 3335 3515 3400 3410 3500 3385]
[1895 1800 1980 2115 2520 2870 2925 2965] [3720 3500 3615 3585 3345 3445 3530 3650]
COM3 1 19
4
[2460 2035 1975 2050 2520 2800 2855 2900] [2900 2845 2985 2885 2935 2855 2810 2995]
[2390 2255 2050 2185 2385 2735 2875 2910] [2990 2960 2875 2975 3050 3050 3020 2895]
[2485 2220 1985 2045 2295 2700 2865 2930] [2865 3000 3165 2875 3030 2815 3110 3040]
[2525 2140 2050 1920 2150 2510 2790 2975] [2940 3090 3055 3015 3100 3050 3170 3000]
[2530 2195 2035 1815 2165 2505 2915 3035] [2870 3165 3140 3090 2995 3230 3100 3065]
[2105 2025 2095 1920 2185 2490 2935 2845] [2975 2950 2995 3080 3080 3010 3210 3140]
[1955 2065 1965 1990 2230 2710 2695 3060] [3125 3150 3175 3070 3320 3125 3150 3035]
[1895 1800 1980 2115 2520 2870 2925 2965] [3025 2865 3080 3350 3080 3245 3160 3155]
COM7 0 20
4
[2085 2170 2090 2335 2685 3095 3380 3265] [2900 2845 2985 2885 2935 2855 2810 2995]
[1575 2080 2040 2235 2575 2795 3120 3480] [2990 2960 2875 2975 3050 3050 3020 2895]
[ 530 1855 2025 2200 2455 2890 3305 3370] [2865 3000 3165 2875 3030 2815 3110 3040]
[ 600 1505 1920 2245 2350 2905 3230 3385] [2940 3090 3055 3015 3100 3050 3170 3000]
[ 930 1655 1945 2095 2540 2835 3300 3505] [2870 3165 3140 3090 2995 3230 3100 3065]
[1420 1750 1995 2225 2575 3025 3470 3470] [2975 2950 2995 3080 3080 3010 3210 3140]
[1625 1855 1960 2440 2910 3045 3140 3510] [3125 3150 3175 3070 3320 3125 3150 3035]
[1645 1745 2210 2450 2975 3160 3485 3590] [3025 2865 3080 3350 3080 3245 3160 3155]
COM3 1 21
4
[2085 2170 2090 2335 2685 3095 3380 3265] [2900 2905 3140 2925 3180 2950 2975 3165]
[1575 2080 2040 2235 2575 2795 3120 3480] [2880 2980 3025 3180 3070 3135 2975 3045]
[ 530 1855 2025 2200 2455 2890 3305 3370] [2845 2950 3000 2855 3025 2955 3170 3065]
[ 600 1505 1920 2245 2350 2905 3230 3385] [3045 2695 3010 2910 2870 3125 3010 2975]
[ 930 1655 1945 2095 2540 2835 3300 3505] [2980 3090 3180 3075 3115 3140 3135 3195]
[1420 1750 1995 2225 2575 3025 3470 3470] [3050 2945 2995 3105 3010 3110 3190 3120]
[1625 1855 1960 2440 2910 3045 3140 3510] [2905 3375 3320 3205 3120 3390 3265 3190]
[1645 1745 2210 2450 2975 3160 3485 3590] [3215 2965 3115 3455 3200 3255 3090 3410]
COM7 0 22
4
[1830 1955 1925 2175 2395 2695 3125 3175] [2900 2905 3140 2925 3180 2950 2975 3165]
[1500 1685 1655 1980 2305 2610 2985 3165] [2880 2980 3025 3180 3070 3135 2975 3045]
[1340 1340 1420 1615 1975 2490 2870 3175] [2845 2950 3000 2855 3025 2955 3170 3065]
[1445 1325 1100 1085 1840 2250 2715 3245] [3045 2695 3010 2910 2870 3125 3010 2975]
[1450 1250 1015  695 1385 2185 3025 3320] [2980 3090 3180 3075 3115 3140 3135 3195]
[1260 1115  950  805 1195 2305 3125 3295] [3050 2945 2995 3105 3010 3110 3190 3120]
[1410 1030  700  745 1380 2520 3105 3270] [2905 3375 3320 3205 3120 3390 3265 3190]
[1815 1430 1000 1485 2005 2565 3565 3445] [3215 2965 3115 3455 3200 3255 3090 3410]
COM3 1 23
4
[1830 1955 1925 2175 2395 2695 3125 3175] [2810 2955 2975 2895 2845 3010 3035 3130]
[1500 1685 1655 1980 2305 2610 2985 3165] [2790 2955 3055 3040 2895 3125 2965 3060]
[1340 1340 1420 1615 1975 2490 2870 3175] [2910 3100 2870 3010 3030 3040 3055 3005]
[1445 1325 1100 1085 1840 2250 2715 3245] [2925 3015 3130 3030 2975 3175 3165 3045]
[1450 1250 1015  695 1385 2185 3025 3320] [3040 3075 3065 2910 3135 3025 3065 3145]
[1260 1115  950  805 1195 2305 3125 3295] [3000 3040 2805 3235 3005 3205 3145 3230]
[1410 1030  700  745 1380 2520 3105 3270] [3220 3190 3230 3165 3200 3125 3135 3415]
[1815 1430 1000 1485 2005 2565 3565 3445] [3135 3215 3360 3100 3215 3100 2910 3260]
COM7 0 24
4
[2045 1945 1835 1995 2230 2450 2795 2645] [2810 2955 2975 2895 2845 3010 3035 3130]
[2270 2070 1785 1905 2140 2310 2585 2640] [2790 2955 3055 3040 2895 3125 2965 3060]
[1795 1780 1815 1680 1700 2140 2415 2490] [2910 3100 2870 3010 3030 3040 3055 3005]
[1540 1515 1560 1905 1880 1900 2295 2520] [2925 3015 3130 3030 2975 3175 3165 3045]
[1605 1500 1430 1560 1920 1640 2310 2400] [3040 3075 3065 2910 3135 3025 3065 3145]
[1405 1430 1430 1410 1345 1700 2055 2265] [3000 3040 2805 3235 3005 3205 3145 3230]
[1310 1255 1460 1320 1125 1135 1380 2145] [3220 3190 3230 3165 3200 3125 3135 3415]
[1900 1255 1210 1095 1070  975  825 1915] [3135 3215 3360 3100 3215 3100 2910 3260]
COM3 1 25
4
[2045 1945 1835 1995 2230 2450 2795 2645] [2730 2880 2960 2850 2990 2830 2910 2970]
[2270 2070 1785 1905 2140 2310 2585 2640] [2880 2920 2915 2915 2905 3115 2945 2835]
[1795 1780 1815 1680 1700 2140 2415 2490] [2870 2885 3005 2995 3025 2955 2975 2880]
[1540 1515 1560 1905 1880 1900 2295 2520] [3160 3020 2975 3055 3040 2930 3030 2980]
[1605 1500 1430 1560 1920 1640 2310 2400] [3020 3090 3030 2875 3030 3005 3095 3205]
[1405 1430 1430 1410 1345 1700 2055 2265] [2810 2995 2900 3010 3000 3160 3065 3210]
[1310 1255 1460 1320 1125 1135 1380 2145] [3175 3190 3155 3035 2970 3020 3075 3195]
[1900 1255 1210 1095 1070  975  825 1915] [3055 3320 3280 3310 3195 3050 3290 3160]
COM7 0 26
4
[2265 1755 1895 2320 2550 2775 2960 3105] [2730 2880 2960 2850 2990 2830 2910 2970]
[2225 1975 1875 2265 2555 2860 2875 3030] [2880 2920 2915 2915 2905 3115 2945 2835]
[1785 1945 1890 2155 2355 2740 3100 3215] [2870 2885 3005 2995 3025 2955 2975 2880]
[1955 1985 1980 2145 2395 2700 2875 3135] [3160 3020 2975 3055 3040 2930 3030 2980]
[2255 2115 2245 2080 2310 2505 2645 2775] [3020 3090 3030 2875 3030 3005 3095 3205]
[2245 2045 1905 1820 2145 2130 2800 2370] [2810 2995 2900 3010 3000 3160 3065 3210]
[2095 1540 1720 1560 1460 2100 2010 2780] [3175 3190 3155 3035 2970 3020 3075 3195]
[1875 1420 1560 1415 1410 1715 2210 2270] [3055 3320 3280 3310 3195 3050 3290 3160]
COM3 1 27
4
[2265 1755 1895 2320 2550 2775 2960 3105] [3200 3525 3375 3415 3220 3275 3300 3370]
[2225 1975 1875 2265 2555 2860 2875 3030] [3320 3405 3335 3255 3275 3285 3320 3370]
[1785 1945 1890 2155 2355 2740 3100 3215] [3175 3305 3285 3160 3360 3125 3235 3230]
[1955 1985 1980 2145 2395 2700 2875 3135] [3290 3365 3420 3250 3305 3285 3190 3345]
[2255 2115 2245 2080 2310 2505 2645 2775] [3345 3420 3330 3165 3360 3210 3415 3400]
[2245 2045 1905 1820 2145 2130 2800 2370] [3230 3380 3305 3425 3245 3275 3525 3370]
[2095 1540 1720 1560 1460 2100 2010 2780] [3405 3605 3525 3450 3445 3280 3435 3490]
[1875 1420 1560 1415 1410 1715 2210 2270] [3555 3435 3565 3420 3115 3225 3300 3515]
COM7 0 28
4
[2315 2060 2230 2525 2770 2865 2940 2805] [3200 3525 3375 3415 3220 3275 3300 3370]
[2500 2200 2100 2485 2630 2790 2645 2815] [3320 3405 3335 3255 3275 3285 3320 3370]
[2270 2005 1915 2075 2335 2535 2655 3005] [3175 3305 3285 3160 3360 3125 3235 3230]
[2265 1885 1935 1905 2110 2295 2595 2845] [3290 3365 3420 3250 3305 3285 3190 3345]
[2280 1880 1870 1905 2060 2155 2800 2930] [3345 3420 3330 3165 3360 3210 3415 3400]
[2355 2030 1830 1930 1975 2340 2665 2970] [3230 3380 3305 3425 3245 3275 3525 3370]
[2395 1940 1705 2045 1985 2225 2365 2720] [3405 3605 3525 3450 3445 3280 3435 3490]
[2315 1940 1990 2045 1880 1835 2055 2475] [3555 3435 3565 3420 3115 3225 3300 3515]
COM3 1 29
4
[2315 2060 2230 2525 2770 2865 2940 2805] [3210 3170 3200 3100 3260 3235 3150 3375]
[2500 2200 2100 2485 2630 2790 2645 2815] [3185 3145 3220 3170 3140 3145 3165 3265]
[2270 2005 1915 2075 2335 2535 2655 3005] [3290 3100 3215 3130 3295 3070 3185 3200]
[2265 1885 1935 1905 2110 2295 2595 2845] [3315 3265 3310 3215 3215 3255 3305 3350]
[2280 1880 1870 1905 2060 2155 2800 2930] [3265 3200 3275 2950 3325 3220 3285 3195]
[2355 2030 1830 1930 1975 2340 2665 2970] [3360 3325 3140 3270 3145 3310 3265 3335]
[2395 1940 1705 2045 1985 2225 2365 2720] [3325 3420 3440 3400 3120 3335 3340 3195]
[2315 1940 1990 2045 1880 1835 2055 2475] [3320 3035 3360 3405 3280 3265 3250 3385]
COM7 0 30
4
[2055 2025 2355 2620 2835 2735 2790 2645] [3210 3170 3200 3100 3260 3235 3150 3375]
[2160 2205 2230 2685 2680 2610 2475 2525] [3185 3145 3220 3170 3140 3145 3165 3265]
[2255 2105 2165 2250 2370 2280 2240 2320] [3290 3100 3215 3130 3295 3070 3185 3200]
[2140 1885 2110 2070 2225 2050 2080 2070] [3315 3265 3310 3215 3215 3255 3305 3350]
[2190 2025 1935 2020 1905 1785 2000 2290] [3265 3200 3275 2950 3325 3220 3285 3195]
[2255 2140 1995 1905 1960 1915 1940 2265] [3360 3325 3140 3270 3145 3310 3265 3335]
[2310 1955 1835 2025 1960 1695 1385 1650] [3325 3420 3440 3400 3120 3335 3340 3195]
[2350 1870 1905 1915 1805 1240  950  710] [3320 3035 3360 3405 3280 3265 3250 3385]
COM3 1 31
4
[2055 2025 2355 2620 2835 2735 2790 2645] [3265 3265 3295 3235 3155 3290 3210 3245]
[2160 2205 2230 2685 2680 2610 2475 2525] [3170 3125 3305 3255 3010 3330 3220 3360]
[2255 2105 2165 2250 2370 2280 2240 2320] [3190 3210 3370 3215 3340 3195 3295 3105]
[2140 1885 2110 2070 2225 2050 2080 2070] [3315 3300 3365 3240 3260 3260 3210 3170]
[2190 2025 1935 2020 1905 1785 2000 2290] [3290 3325 3350 3150 3300 3265 3420 3205]
[2255 2140 1995 1905 1960 1915 1940 2265] [3135 3160 2995 3295 3200 3320 3355 3390]
[2310 1955 1835 2025 1960 1695 1385 1650] [3465 3345 3265 3335 3300 3325 3530 3395]
[2350 1870 1905 1915 1805 1240  950  710] [3275 3355 3345 3475 3350 3290 3170 3385]
COM7 0 32
4
[2245 2005 2015 2375 2505 2385 2350 2035] [3265 3265 3295 3235 3155 3290 3210 3245]
[2280 2175 2105 2220 2325 2205 2020 1930] [3170 3125 3305 3255 3010 3330 3220 3360]
[2290 1975 2030 2115 2170 2140 1920 1855] [3190 3210 3370 3215 3340 3195 3295 3105]
[2415 2040 2130 2100 2130 1905 1270 1085] [3315 3300 3365 3240 3260 3260 3210 3170]
[2490 2160 1965 1920 2215 1370  835  600] [3290 3325 3350 3150 3300 3265 3420 3205]
[2480 2115 2085 1845 2035 1070  955  845] [3135 3160 2995 3295 3200 3320 3355 3390]
[2565 1990 1825 1900 1980 1320 1120 1185] [3465 3345 3265 3335 3300 3325 3530 3395]
[2450 1855 1750 1805 2050 1715 1375 1355] [3275 3355 3345 3475 3350 3290 3170 3385]
COM3 1 33
4
[2245 2005 2015 2375 2505 2385 2350 2035] [3255 3085 3400 3150 3290 3205 3465 3245]
[2280 2175 2105 2220 2325 2205 2020 1930] [3270 3065 3150 3265 3140 3230 3250 3155]
[2290 1975 2030 2115 2170 2140 1920 1855] [3245 3100 3245 3215 3280 3250 3170 3095]
[2415 2040 2130 2100 2130 1905 1270 1085] [3315 3155 3395 3205 3140 3250 3230 3220]
[2490 2160 1965 1920 2215 1370  835  600] [3125 3210 3310 3115 3350 3250 3265 3205]
[2480 2115 2085 1845 2035 1070  955  845] [3055 3320 3195 3290 3230 3195 3215 3315]
[2565 1990 1825 1900 1980 1320 1120 1185] [3385 3355 3385 3205 3195 3410 3315 3195]
[2450 1855 1750 1805 2050 1715 1375 1355] [3180 3310 3250 3485 3330 3220 3360 3420]
COM7 0 34
4
[2120 1805 1995 2305 2465 2145 1485 1285] [3255 3085 3400 3150 3290 3205 3465 3245]
[2370 2055 2070 2395 2385 1660  975  985] [3270 3065 3150 3265 3140 3230 3250 3155]
[2270 1935 1980 2070 2000 1275 1180 1280] [3245 3100 3245 3215 3280 3250 3170 3095]
[2275 2270 1955 2035 2145 1500 1305 1330] [3315 3155 3395 3205 3140 3250 3230 3220]
[2610 2100 1960 1695 2115 1800 1435 1360] [3125 3210 3310 3115 3350 3250 3265 3205]
[2300 2135 1870 1720 2005 2145 1455 1330] [3055 3320 3195 3290 3230 3195 3215 3315]
[2510 2170 1865 1920 1925 2095 1375 1315] [3385 3355 3385 3205 3195 3410 3315 3195]
[2240 1760 1725 1605 1820 1825 1635 1400] [3180 3310 3250 3485 3330 3220 3360 3420]
COM3 1 35
4
[2120 1805 1995 2305 2465 2145 1485 1285] [3450 3450 3475 3455 3520 3510 3535 3510]
[2370 2055 2070 2395 2385 1660  975  985] [3400 3285 3435 3420 3415 3600 3400 3585]
[2270 1935 1980 2070 2000 1275 1180 1280] [3245 3315 3340 3515 3530 3355 3385 3440]
[2275 2270 1955 2035 2145 1500 1305 1330] [3160 3280 3485 3545 3470 3310 3540 3540]
[2610 2100 1960 1695 2115 1800 1435 1360] [3145 3430 3410 3305 3585 3475 3585 3485]
[2300 2135 1870 1720 2005 2145 1455 1330] [3175 3575 3450 3610 3450 3560 3495 3620]
[2510 2170 1865 1920 1925 2095 1375 1315] [3440 3525 3750 3655 3595 3605 3560 3635]
[2240 1760 1725 1605 1820 1825 1635 1400] [3590 3715 3795 3725 3440 3505 3510 3665]
COM7 0 36
4
[2070 1645 1675 1895 2040 1205 1340 1305] [3450 3450 3475 3455 3520 3510 3535 3510]
[2425 1690 1625 1930 2035 1435 1320 1320] [3400 3285 3435 3420 3415 3600 3400 3585]
[2045 1630 1575 1605 1690 1545 1390 1425] [3245 3315 3340 3515 3530 3355 3385 3440]
[2270 1880 1800 1675 1710 1615 1365 1380] [3160 3280 3485 3545 3470 3310 3540 3540]
[2265 1925 1635 1460 1735 1580 1435 1485] [3145 3430 3410 3305 3585 3475 3585 3485]
[2340 1945 1780 1510 1610 1715 1415 1425] [3175 3575 3450 3610 3450 3560 3495 3620]
[2135 1835 1700 1625 1450 1540 1420 1415] [3440 3525 3750 3655 3595 3605 3560 3635]
[2430 1760 1720 1375 1470 1440 1900 1770] [3590 3715 3795 3725 3440 3505 3510 3665]
COM3 1 37
4
[2070 1645 1675 1895 2040 1205 1340 1305] [2790 2955 2975 2775 2850 2815 2980 2905]
[2425 1690 1625 1930 2035 1435 1320 1320] [3035 2880 2850 2945 2905 2875 2820 2815]
[2045 1630 1575 1605 1690 1545 1390 1425] [3220 3085 3000 2870 2970 2935 2860 3010]
[2270 1880 1800 1675 1710 1615 1365 1380] [3050 2970 3025 2960 3045 2890 2990 2850]
[2265 1925 1635 1460 1735 1580 1435 1485] [3035 2790 3040 2810 2855 2895 3045 2970]
[2340 1945 1780 1510 1610 1715 1415 1425] [2995 3045 2745 3110 2880 3070 3050 3115]
[2135 1835 1700 1625 1450 1540 1420 1415] [3145 3135 3125 2840 2780 2990 3060 3095]
[2430 1760 1720 1375 1470 1440 1900 1770] [3065 3120 3020 3055 2985 2855 3000 3010]
COM7 0 38
4
[2225 2040 1680 1825 2065 1370 1460 1430] [2790 2955 2975 2775 2850 2815 2980 2905]
[2375 2130 1935 2165 2000 1530 1420 1445] [3035 2880 2850 2945 2905 2875 2820 2815]
[2360 2045 1960 1780 1760 1580 1435 1540] [3220 3085 3000 2870 2970 2935 2860 3010]
[2375 2020 2000 1920 1970 1725 1475 1520] [3050 2970 3025 2960 3045 2890 2990 2850]
[2615 2315 1965 1765 1785 1860 1690 1645] [3035 2790 3040 2810 2855 2895 3045 2970]
[2400 2390 2250 1960 1690 1905 1955 1710] [2995 3045 2745 3110 2880 3070 3050 3115]
[2615 2310 2035 1840 1700 1660 1675 1930] [3145 3135 3125 2840 2780 2990 3060 3095]
[2460 2265 2230 1880 1825 1640 1795 1785] [3065 3120 3020 3055 2985 2855 3000 3010]
COM3 1 39
4
[2225 2040 1680 1825 2065 1370 1460 1430] [3065 2900 2950 3050 3085 2970 2900 3035]
[2375 2130 1935 2165 2000 1530 1420 1445] [2830 3005 3080 2975 2765 3120 2930 2840]
[2360 2045 1960 1780 1760 1580 1435 1540] [3305 3165 3165 3035 2965 2720 3135 3055]
[2375 2020 2000 1920 1970 1725 1475 1520] [3000 3005 3035 2895 2945 2950 3110 2860]
[2615 2315 1965 1765 1785 1860 1690 1645] [3145 3210 3175 2935 3090 3040 2920 3170]
[2400 2390 2250 1960 1690 1905 1955 1710] [2915 3055 3125 3155 2885 2950 3090 3355]
[2615 2310 2035 1840 1700 1660 1675 1930] [3025 3105 3075 2970 3055 2805 3085 3335]
[2460 2265 2230 1880 1825 1640 1795 1785] [3135 3030 3100 3285 2950 3070 3170 3345]
COM7 0 40
4
[2630 2330 2100 2080 1995 2075 1585 1430] [3065 2900 2950 3050 3085 2970 2900 3035]
[2620 2590 2345 2275 1945 2075 1765 1445] [2830 3005 3080 2975 2765 3120 2930 2840]
[2625 2380 2440 2170 1980 2005 2110 1460] [3305 3165 3165 3035 2965 2720 3135 3055]
[2730 2535 2565 2295 2070 1785 2095 1490] [3000 3005 3035 2895 2945 2950 3110 2860]
[2725 2625 2590 2375 2260 1855 1900 1890] [3145 3210 3175 2935 3090 3040 2920 3170]
[2605 2500 2675 2445 2145 2005 1840 1960] [2915 3055 3125 3155 2885 2950 3090 3355]
[2900 2350 2410 2425 2130 2000 1750 1740] [3025 3105 3075 2970 3055 2805 3085 3335]
[2740 2700 2340 2180 2025 1825 2000 1965] [3135 3030 3100 3285 2950 3070 3170 3345]
COM3 1 41
4
[2630 2330 2100 2080 1995 2075 1585 1430] [3100 3245 3130 3175 3170 3015 3110 3315]
[2620 2590 2345 2275 1945 2075 1765 1445] [3035 3065 3295 3245 3295 3235 3310 3140]
[2625 2380 2440 2170 1980 2005 2110 1460] [3115 3235 3280 3195 3195 3065 3155 3195]
[2730 2535 2565 2295 2070 1785 2095 1490] [3265 3255 3180 3165 3245 3270 3095 3150]
[2725 2625 2590 2375 2260 1855 1900 1890] [3330 3380 3210 3180 3190 3365 3280 3265]
[2605 2500 2675 2445 2145 2005 1840 1960] [3055 3335 3185 3295 3280 3195 3300 3360]
[2900 2350 2410 2425 2130 2000 1750 1740] [3310 3480 3435 3330 3240 3225 3240 3445]
[2740 2700 2340 2180 2025 1825 2000 1965] [3205 3440 3275 3605 3350 3455 3250 3615]
COM7 0 42
4
[3075 2615 2420 2430 2345 2165 2075 1375] [3100 3245 3130 3175 3170 3015 3110 3315]
[3070 2705 2530 2495 2240 2170 2080 1460] [3035 3065 3295 3245 3295 3235 3310 3140]
[2930 3015 2730 2590 2125 2190 2110 1755] [3115 3235 3280 3195 3195 3065 3155 3195]
[3050 3075 2955 2630 2525 2330 2210 2090] [3265 3255 3180 3165 3245 3270 3095 3150]
[3185 3195 3250 2635 2740 2325 2310 2270] [3330 3380 3210 3180 3190 3365 3280 3265]
[3230 3045 2830 2700 2520 2325 2380 2160] [3055 3335 3185 3295 3280 3195 3300 3360]
[3095 2685 2465 2830 2580 2550 2265 2210] [3310 3480 3435 3330 3240 3225 3240 3445]
[3095 2540 2685 2550 2380 2350 2240 2485] [3205 3440 3275 3605 3350 3455 3250 3615]
COM3 1 43
4
[3075 2615 2420 2430 2345 2165 2075 1375] [2740 3050 3060 2705 2845 2730 2710 2670]
[3070 2705 2530 2495 2240 2170 2080 1460] [2645 2960 2915 2720 2735 2725 2670 2570]
[2930 3015 2730 2590 2125 2190 2110 1755] [2355 2835 3040 2995 2950 2805 2835 2745]
[3050 3075 2955 2630 2525 2330 2210 2090] [2335 2675 3070 2930 2810 2805 2845 2860]
[3185 3195 3250 2635 2740 2325 2310 2270] [2205 2655 2860 2905 2770 2780 2900 2890]
[3230 3045 2830 2700 2520 2325 2380 2160] [2400 2920 2910 2920 2720 2645 2765 2980]
[3095 2685 2465 2830 2580 2550 2265 2210] [2620 2940 3070 2780 2870 2800 2820 3015]
[3095 2540 2685 2550 2380 2350 2240 2485] [3195 3105 3080 2995 2715 2800 2725 2780]
COM7 0 44
4
[2765 2485 2475 2315 1945 1350 1305 1430] [2740 3050 3060 2705 2845 2730 2710 2670]
[2960 2675 2545 2300 1925 1530 1090 1410] [2645 2960 2915 2720 2735 2725 2670 2570]
[2695 2685 2530 2285 1960 1595 1120 1370] [2355 2835 3040 2995 2950 2805 2835 2745]
[2715 2725 2560 2400 2295 1850 1005 1225] [2335 2675 3070 2930 2810 2805 2845 2860]
[2900 2565 2630 2505 2520 1925 1680 1135] [2205 2655 2860 2905 2770 2780 2900 2890]
[2900 2665 2585 2655 2430 2275 1830 1420] [2400 2920 2910 2920 2720 2645 2765 2980]
[2730 2565 2535 2650 2595 2205 1655 1655] [2620 2940 3070 2780 2870 2800 2820 3015]
[3110 2825 2690 2930 2360 2195 1820 1630] [3195 3105 3080 2995 2715 2800 2725 2780]
COM3 1 45
4
[2765 2485 2475 2315 1945 1350 1305 1430] [3245 3275 3350 3260 3510 3380 3465 3375]
[2960 2675 2545 2300 1925 1530 1090 1410] [3170 3365 3345 3265 3365 3420 3405 3320]
[2695 2685 2530 2285 1960 1595 1120 1370] [3000 3100 3365 3335 3400 3355 3315 3200]
[2715 2725 2560 2400 2295 1850 1005 1225] [2860 3080 3240 3275 3405 3340 3275 3280]
[2900 2565 2630 2505 2520 1925 1680 1135] [2540 2955 3310 3195 3275 3365 3370 3370]
[2900 2665 2585 2655 2430 2275 1830 1420] [2200 2535 2920 3275 3350 3355 3375 3295]
[2730 2565 2535 2650 2595 2205 1655 1655] [2210 2615 2905 3305 3345 3335 3460 3430]
[3110 2825 2690 2930 2360 2195 1820 1630] [2265 2650 2945 3335 3240 3305 3570 3430]
COM7 0 46
4
[2565 2480 2305 2210 1745 1240 1445 1395] [3245 3275 3350 3260 3510 3380 3465 3375]
[2510 2485 2270 2370 1910 1280 1380 1405] [3170 3365 3345 3265 3365 3420 3405 3320]
[2390 2400 2370 2240 1835 1270 1400 1405] [3000 3100 3365 3335 3400 3355 3315 3200]
[2440 2545 2225 2345 2050 1255 1350 1375] [2860 3080 3240 3275 3405 3340 3275 3280]
[2560 2450 2340 2255 2115 1165 1400 1435] [2540 2955 3310 3195 3275 3365 3370 3370]
[2530 2535 2505 2415 2075 1450 1185 1360] [2200 2535 2920 3275 3350 3355 3375 3295]
[2555 2460 2045 2385 2230 1665 1260 1260] [2210 2615 2905 3305 3345 3335 3460 3430]
[2465 2205 2515 2520 2410 1855 1820 1605] [2265 2650 2945 3335 3240 3305 3570 3430]
COM3 1 47
4
[2565 2480 2305 2210 1745 1240 1445 1395] [2735 2785 2870 2990 3145 3060 3065 3285]
[2510 2485 2270 2370 1910 1280 1380 1405] [2840 2765 2985 3040 3205 3125 3110 3060]
[2390 2400 2370 2240 1835 1270 1400 1405] [2665 3005 3105 3120 3025 3065 3150 3100]
[2440 2545 2225 2345 2050 1255 1350 1375] [2670 2970 3345 3090 3195 3195 3110 3060]
[2560 2450 2340 2255 2115 1165 1400 1435] [2795 3085 3285 3015 3080 3320 3145 3205]
[2530 2535 2505 2415 2075 1450 1185 1360] [2290 2810 3065 3315 3000 3205 3280 3115]
[2555 2460 2045 2385 2230 1665 1260 1260] [2440 2605 3150 3315 3220 3120 3145 3415]
[2465 2205 2515 2520 2410 1855 1820 1605] [2470 2410 2905 3300 3205 3210 3215 3415]
COM7 0 48
4
[2580 2555 2215 1835 1270 1395 1410 1425] [2735 2785 2870 2990 3145 3060 3065 3285]
[2605 2510 2000 1920 1345 1360 1350 1395] [2840 2765 2985 3040 3205 3125 3110 3060]
[2430 2370 2180 1925 1315 1325 1405 1405] [2665 3005 3105 3120 3025 3065 3150 3100]
[2390 2460 2315 1955 1475 1325 1460 1365] [2670 2970 3345 3090 3195 3195 3110 3060]
[2540 2440 2290 2030 1680 1265 1530 1430] [2795 3085 3285 3015 3080 3320 3145 3205]
[2455 2125 2315 1975 1840 1285 1475 1290] [2290 2810 3065 3315 3000 3205 3280 3115]
[2555 2280 2070 2215 1820 1320 1275 1300] [2440 2605 3150 3315 3220 3120 3145 3415]
[2560 2405 2250 2300 2475 1715 1375 1455] [2470 2410 2905 3300 3205 3210 3215 3415]
COM3 1 49
4
[2580 2555 2215 1835 1270 1395 1410 1425] [2945 2815 2945 2930 3060 3175 3095 3285]
[2605 2510 2000 1920 1345 1360 1350 1395] [2875 2675 2695 2770 2995 3195 3200 3060]
[2430 2370 2180 1925 1315 1325 1405 1405] [2510 2545 2520 2820 2870 3145 3180 3270]
[2390 2460 2315 1955 1475 1325 1460 1365] [2285 2620 2535 2805 2990 3170 3110 3070]
[2540 2440 2290 2030 1680 1265 1530 1430] [2590 2430 2880 2905 3295 3050 3265 3135]
[2455 2125 2315 1975 1840 1285 1475 1290] [2490 2445 2825 3160 3200 3280 3315 3355]
[2555 2280 2070 2215 1820 1320 1275 1300] [2400 2475 2820 3060 3265 3345 3435 3260]
[2560 2405 2250 2300 2475 1715 1375 1455] [2430 2470 2625 3125 3120 3105 3330 3310]
COM7 0 50
4
[2770 2575 2320 1675 1350 1405 1410 1400] [2945 2815 2945 2930 3060 3175 3095 3285]
[2635 2485 2165 1965 1445 1445 1360 1365] [2875 2675 2695 2770 2995 3195 3200 3060]
[2585 2495 2255 2130 1490 1400 1405 1355] [2510 2545 2520 2820 2870 3145 3180 3270]
[2475 2515 2280 2280 1665 1365 1460 1370] [2285 2620 2535 2805 2990 3170 3110 3070]
[2600 2380 2370 2220 2030 1305 1605 1485] [2590 2430 2880 2905 3295 3050 3265 3135]
[2720 2435 2300 2360 2190 1530 1530 1415] [2490 2445 2825 3160 3200 3280 3315 3355]
[2550 2435 2325 2730 2540 2090 1570 1465] [2400 2475 2820 3060 3265 3345 3435 3260]
[2755 2565 2675 2605 2635 2440 2195 1975] [2430 2470 2625 3125 3120 3105 3330 3310]
COM3 1 51
4
[2770 2575 2320 1675 1350 1405 1410 1400] [2855 2640 2580 2610 3020 3065 3040 3160]
[2635 2485 2165 1965 1445 1445 1360 1365] [2655 2445 2545 2510 2980 2935 3010 2960]
[2585 2495 2255 2130 1490 1400 1405 1355] [2780 2570 2515 2580 2910 3010 3150 3045]
[2475 2515 2280 2280 1665 1365 1460 1370] [2620 2555 2550 2645 2965 3200 3245 3050]
[2600 2380 2370 2220 2030 1305 1605 1485] [2565 2625 2545 2590 3215 3045 3230 3080]
[2720 2435 2300 2360 2190 1530 1530 1415] [2640 2490 2455 2770 3035 2975 3285 3340]
[2550 2435 2325 2730 2540 2090 1570 1465] [2575 2425 2465 2605 2950 3125 3225 3380]
[2755 2565 2675 2605 2635 2440 2195 1975] [2385 2425 2450 2685 3020 3040 3200 3135]
COM7 0 52
4
[2575 2525 2340 1885 1365 1380 1395 1370] [2855 2640 2580 2610 3020 3065 3040 3160]
[2665 2380 2240 2055 1490 1370 1380 1380] [2655 2445 2545 2510 2980 2935 3010 2960]
[2420 2510 2055 1985 1575 1330 1445 1390] [2780 2570 2515 2580 2910 3010 3150 3045]
[2355 2435 2295 2200 1935 1370 1455 1390] [2620 2555 2550 2645 2965 3200 3245 3050]
[2655 2370 2400 2220 2110 1355 1490 1505] [2565 2625 2545 2590 3215 3045 3230 3080]
[2510 2485 2470 2230 2385 1760 1445 1455] [2640 2490 2455 2770 3035 2975 3285 3340]
[2455 2545 2340 2500 2505 2070 1705 1550] [2575 2425 2465 2605 2950 3125 3225 3380]
[2605 2485 2580 2545 2620 2405 2025 1915] [2385 2425 2450 2685 3020 3040 3200 3135]
COM3 1 53
4
[2575 2525 2340 1885 1365 1380 1395 1370] [2365 2150 2100 2420 2805 2825 2975 2905]
[2665 2380 2240 2055 1490 1370 1380 1380] [2570 2175 2230 2395 2780 2980 3020 2850]
[2420 2510 2055 1985 1575 1330 1445 1390] [2505 2245 2075 2405 2805 2715 3020 2945]
[2355 2435 2295 2200 1935 1370 1455 1390] [2525 2315 2035 2260 2655 2870 3045 2860]
[2655 2370 2400 2220 2110 1355 1490 1505] [2645 2365 2125 2215 2555 2975 3235 2910]
[2510 2485 2470 2230 2385 1760 1445 1455] [2340 2210 1905 2335 2445 3025 3095 3145]
[2455 2545 2340 2500 2505 2070 1705 1550] [2165 2135 2170 2430 2590 3055 2900 3175]
[2605 2485 2580 2545 2620 2405 2025 1915] [2100 2280 2340 2690 2855 3175 3210 3145]
COM7 0 54
4
[2740 2580 2315 1590 1360 1405 1435 1540] [2365 2150 2100 2420 2805 2825 2975 2905]
[2620 2550 2290 1855 1420 1470 1370 1415] [2570 2175 2230 2395 2780 2980 3020 2850]
[2525 2680 2355 2005 1385 1385 1395 1405] [2505 2245 2075 2405 2805 2715 3020 2945]
[2615 2585 2505 2005 1590 1370 1450 1375] [2525 2315 2035 2260 2655 2870 3045 2860]
[2820 2500 2360 2170 1840 1290 1590 1460] [2645 2365 2125 2215 2555 2975 3235 2910]
[2520 2640 2380 2220 2155 1430 1475 1385] [2340 2210 1905 2335 2445 3025 3095 3145]
[2850 2395 2305 2595 2495 1975 1405 1390] [2165 2135 2170 2430 2590 3055 2900 3175]
[2950 2540 2565 2690 2595 2305 2160 1680] [2100 2280 2340 2690 2855 3175 3210 3145]
COM3 1 55
4
[2740 2580 2315 1590 1360 1405 1435 1540] [2670 2415 2515 2910 2930 3130 3220 3305]
[2620 2550 2290 1855 1420 1470 1370 1415] [2630 2475 2450 2660 2970 3210 3285 3190]
[2525 2680 2355 2005 1385 1385 1395 1405] [2565 2315 2315 2510 3015 3145 3195 3090]
[2615 2585 2505 2005 1590 1370 1450 1375] [2635 2350 2410 2425 2800 3130 3225 3185]
[2820 2500 2360 2170 1840 1290 1590 1460] [2480 2465 2425 2520 2795 3220 3270 3295]
[2520 2640 2380 2220 2155 1430 1475 1385] [2185 2320 2535 2900 3105 3185 3215 3450]
[2850 2395 2305 2595 2495 1975 1405 1390] [2160 2500 2790 3090 3455 3245 3480 3425]
[2950 2540 2565 2690 2595 2305 2160 1680] [2460 2815 3190 3335 3430 3310 3420 3500]
COM7 0 56
4
[2550 2385 2100 1790 1370 1395 1375 1255] [2670 2415 2515 2910 2930 3130 3220 3305]
[2635 2360 2035 1915 1435 1380 1325 1250] [2630 2475 2450 2660 2970 3210 3285 3190]
[2285 2370 2100 2040 1485 1330 1380 1350] [2565 2315 2315 2510 3015 3145 3195 3090]
[2340 2380 2350 2130 1775 1360 1480 1385] [2635 2350 2410 2425 2800 3130 3225 3185]
[2625 2425 2320 2170 2150 1435 1530 1470] [2480 2465 2425 2520 2795 3220 3270 3295]
[2350 2430 2250 2215 2200 1960 1610 1430] [2185 2320 2535 2900 3105 3185 3215 3450]
[2370 2310 2375 2535 2355 2355 1780 1570] [2160 2500 2790 3090 3455 3245 3480 3425]
[2700 2605 2650 2485 2580 2165 1985 1435] [2460 2815 3190 3335 3430 3310 3420 3500]
COM3 1 57
4
[2550 2385 2100 1790 1370 1395 1375 1255] [2155 2390 2445 2900 3360 3275 3155 3510]
[2635 2360 2035 1915 1435 1380 1325 1250] [2375 2280 2555 2835 3205 3305 3325 3270]
[2285 2370 2100 2040 1485 1330 1380 1350] [2160 2225 2505 2865 3350 3155 3275 3230]
[2340 2380 2350 2130 1775 1360 1480 1385] [2265 2355 2635 3050 3135 3270 3415 3355]
[2625 2425 2320 2170 2150 1435 1530 1470] [2100 2485 2920 2900 3190 3365 3445 3455]
[2350 2430 2250 2215 2200 1960 1610 1430] [2285 2445 2900 3190 3235 3425 3510 3455]
[2370 2310 2375 2535 2355 2355 1780 1570] [2365 2835 3270 3385 3355 3370 3470 3415]
[2700 2605 2650 2485 2580 2165 1985 1435] [2490 3135 3435 3335 3230 3430 3450 3585]
COM7 0 58
4
[2990 2755 2580 2510 2630 2130 1495 1425] [2155 2390 2445 2900 3360 3275 3155 3510]
[2825 2830 2555 2590 2480 2650 1790 1430] [2375 2280 2555 2835 3205 3305 3325 3270]
[2550 2850 2760 2445 2440 2580 2240 1590] [2160 2225 2505 2865 3350 3155 3275 3230]
[2605 2680 2775 2540 2510 2470 2615 1870] [2265 2355 2635 3050 3135 3270 3415 3355]
[2735 2655 2745 2515 2570 2465 2570 2300] [2100 2485 2920 2900 3190 3365 3445 3455]
[2740 2585 2680 2650 2565 2505 2530 2445] [2285 2445 2900 3190 3235 3425 3510 3455]
[2840 2815 2530 2825 2730 2795 2540 2365] [2365 2835 3270 3385 3355 3370 3470 3415]
[3000 2910 2690 2770 2770 2850 2715 2585] [2490 3135 3435 3335 3230 3430 3450 3585]
COM3 1 59
4
[2990 2755 2580 2510 2630 2130 1495 1425] [1655 1885 2355 2825 3110 2900 2930 3060]
[2825 2830 2555 2590 2480 2650 1790 1430] [1540 1945 2415 2835 2990 3145 2875 2925]
[2550 2850 2760 2445 2440 2580 2240 1590] [1645 1955 2535 2890 3030 2920 2940 2700]
[2605 2680 2775 2540 2510 2470 2615 1870] [1755 2185 2545 2995 2965 2850 3095 2740]
[2735 2655 2745 2515 2570 2465 2570 2300] [1880 2440 2770 3170 3045 2980 2960 2905]
[2740 2585 2680 2650 2565 2505 2530 2445] [1755 2455 2860 3170 3020 3120 3115 3070]
[2840 2815 2530 2825 2730 2795 2540 2365] [2215 2935 2970 3270 3115 2935 3115 2965]
[3000 2910 2690 2770 2770 2850 2715 2585] [2360 2725 3040 3285 3080 3090 2815 3000]
COM7 0 60
4
[2740 2725 2770 2795 2940 2800 2785 2420] [1655 1885 2355 2825 3110 2900 2930 3060]
[2845 2890 2725 2985 2910 2705 2640 2550] [1540 1945 2415 2835 2990 3145 2875 2925]
[2765 2825 2680 2750 2695 2785 2755 2800] [1645 1955 2535 2890 3030 2920 2940 2700]
[2730 2680 3000 2625 2895 2705 2645 2520] [1755 2185 2545 2995 2965 2850 3095 2740]
[2960 2955 2765 2810 2840 2840 2620 2520] [1880 2440 2770 3170 3045 2980 2960 2905]
[2765 2685 2745 2585 2645 2735 2515 2435] [1755 2455 2860 3170 3020 3120 3115 3070]
[2760 2840 2515 2600 2625 2805 2550 2445] [2215 2935 2970 3270 3115 2935 3115 2965]
[2610 2685 2510 2710 2610 2595 2610 2345] [2360 2725 3040 3285 3080 3090 2815 3000]
COM3 1 61
4
[2740 2725 2770 2795 2940 2800 2785 2420] [2020 2050 2295 2630 3040 3090 3015 3060]
[2845 2890 2725 2985 2910 2705 2640 2550] [1470 1980 2140 2610 2985 3065 3010 3055]
[2765 2825 2680 2750 2695 2785 2755 2800] [1365 1440 1960 2480 3030 2970 3040 3065]
[2730 2680 3000 2625 2895 2705 2645 2520] [1310  970 1635 2350 3015 3050 3105 3060]
[2960 2955 2765 2810 2840 2840 2620 2520] [1035  975 1200 2245 2875 2980 3265 3295]
[2765 2685 2745 2585 2645 2735 2515 2435] [ 910  840 1375 2480 2745 2940 3305 2965]
[2760 2840 2515 2600 2625 2805 2550 2445] [1225 1610 2250 2580 3045 3255 3145 3190]
[2610 2685 2510 2710 2610 2595 2610 2345] [1995 2210 2595 3245 3035 3025 3080 3310]
COM7 0 62
4
[2815 2675 2515 2770 2820 2715 2955 2850] [2020 2050 2295 2630 3040 3090 3015 3060]
[2970 2830 2570 2920 2695 2900 2740 2870] [1470 1980 2140 2610 2985 3065 3010 3055]
[2580 2700 2890 2795 2750 2850 2895 2690] [1365 1440 1960 2480 3030 2970 3040 3065]
[2740 2730 2900 2815 2965 2890 2945 2775] [1310  970 1635 2350 3015 3050 3105 3060]
[3070 2785 2655 2650 2910 2600 3110 2835] [1035  975 1200 2245 2875 2980 3265 3295]
[2690 2810 2900 2785 2670 2785 2915 2670] [ 910  840 1375 2480 2745 2940 3305 2965]
[2820 2625 2730 2790 2815 2735 2510 2795] [1225 1610 2250 2580 3045 3255 3145 3190]
[2720 2740 2670 2550 2765 2690 2975 2870] [1995 2210 2595 3245 3035 3025 3080 3310]
COM3 1 63
4
[2815 2675 2515 2770 2820 2715 2955 2850] [2070 2400 2595 3085 3210 2960 3105 3045]
[2970 2830 2570 2920 2695 2900 2740 2870] [2310 2210 2520 2770 2905 3210 3075 3060]
[2580 2700 2890 2795 2750 2850 2895 2690] [2240 2370 2540 3015 3125 3065 3110 3030]
[2740 2730 2900 2815 2965 2890 2945 2775] [1880 2065 2400 2745 2900 3130 2895 3010]
[3070 2785 2655 2650 2910 2600 3110 2835] [1690 1645 2350 2515 2865 3005 3080 3190]
[2690 2810 2900 2785 2670 2785 2915 2670] [1555 1490 1995 2375 2625 2970 3160 3145]
[2820 2625 2730 2790 2815 2735 2510 2795] [1515 1555 1715 2350 2465 2800 3305 3260]
[2720 2740 2670 2550 2765 2690 2975 2870] [1470 1490 1450 1930 2280 2545 3000 3155]
COM7 0 64
4
[2945 2750 3075 3015 2870 2890 2875 2745] [2070 2400 2595 3085 3210 2960 3105 3045]
[2830 2985 2855 3065 2945 2845 2800 2890] [2310 2210 2520 2770 2905 3210 3075 3060]
[2755 2815 2775 2900 2860 2820 2835 2730] [2240 2370 2540 3015 3125 3065 3110 3030]
[2800 2855 2820 2765 2905 3015 2810 2675] [1880 2065 2400 2745 2900 3130 2895 3010]
[2870 2970 2920 2940 2940 2810 2875 2700] [1690 1645 2350 2515 2865 3005 3080 3190]
[2830 2945 2850 3050 2770 2920 2805 2875] [1555 1490 1995 2375 2625 2970 3160 3145]
[2835 3115 2810 2975 2835 3020 2740 2735] [1515 1555 1715 2350 2465 2800 3305 3260]
[2830 2965 2875 2765 2610 2725 2940 2710] [1470 1490 1450 1930 2280 2545 3000 3155]
COM3 1 65
4
[2945 2750 3075 3015 2870 2890 2875 2745] [2220 2360 2530 2585 3080 2915 3035 3140]
[2830 2985 2855 3065 2945 2845 2800 2890] [2055 2060 2225 2380 2670 3090 3255 3055]
[2755 2815 2775 2900 2860 2820 2835 2730] [1885 1850 1960 2285 2760 3000 3205 3100]
[2800 2855 2820 2765 2905 3015 2810 2675] [1855 1900 2190 2435 2825 3195 3205 3120]
[2870 2970 2920 2940 2940 2810 2875 2700] [1925 2080 2375 2535 2925 3185 3280 3130]
[2830 2945 2850 3050 2770 2920 2805 2875] [1950 2040 2180 2480 2990 3255 3315 3315]
[2835 3115 2810 2975 2835 3020 2740 2735] [1935 1815 1805 2155 2675 3095 3145 3415]
[2830 2965 2875 2765 2610 2725 2940 2710] [1715 1610 1520 1700 2335 2770 3085 3305]