COM7 0 6
4
[2450 2315 2445 2500 2665 2805 2900 2905] [2925 3090 3345 3145 3085 2975 3000 3140]
[2520 2515 2330 2460 2630 2750 2910 3020] [3070 2970 3140 3010 3030 3305 3045 3075]
[2450 2610 2470 2285 2470 2625 2995 2980] [3020 3005 3115 3000 3100 3075 3390 3220]
[2245 2540 2540 2285 2350 2580 2850 2915] [3300 3125 3365 3080 3050 3085 3085 3025]
[2300 2555 2475 2225 2370 2460 2840 3185] [3250 3445 3190 2925 3180 3075 3295 3320]
[2145 2250 2360 2170 2270 2510 2685 2905] [2970 3150 3150 3290 3195 3110 3230 3340]
[2175 2230 2190 2275 2425 2810 2930 2795] [3135 3335 3255 3300 3540 3125 3315 3345]
[2000 2240 2210 2330 2495 2930 2965 3115] [3270 3135 3305 3430 3180 3020 3175 3305]
COM3 1 7
4
[2450 2315 2445 2500 2665 2805 2900 2905] [3115 3145 3050 2950 3205 2920 3000 3195]
[2520 2515 2330 2460 2630 2750 2910 3020] [3110 2865 3170 2950 3145 3195 3110 2940]
[2450 2610 2470 2285 2470 2625 2995 2980] [3125 3205 3095 3210 3025 3075 3115 3010]
[2245 2540 2540 2285 2350 2580 2850 2915] [3240 3175 3295 3015 3050 3145 3125 3120]
[2300 2555 2475 2225 2370 2460 2840 3185] [3050 3180 3235 3000 3295 3065 3225 3185]
[2145 2250 2360 2170 2270 2510 2685 2905] [3115 3350 3140 3210 3145 3075 3280 3125]
[2175 2230 2190 2275 2425 2810 2930 2795] [3020 3370 3355 3090 3125 3175 3065 3495]
[2000 2240 2210 2330 2495 2930 2965 3115] [3250 3050 3140 3325 3300 3135 3235 3355]
COM7 0 8
4
[2035 2220 2245 2455 2835 2755 2870 3085] [3115 3145 3050 2950 3205 2920 3000 3195]
[2115 2230 2330 2475 2630 2885 2990 2920] [3110 2865 3170 2950 3145 3195 3110 2940]
[1940 2055 2305 2240 2465 2835 2980 2865] [3125 3205 3095 3210 3025 3075 3115 3010]
[2030 1890 2125 2215 2500 2840 3125 2905] [3240 3175 3295 3015 3050 3145 3125 3120]
[1990 1760 2230 2235 2530 2830 3020 3035] [3050 3180 3235 3000 3295 3065 3225 3185]
[1540 2010 2115 2435 2700 2910 3220 2985] [3115 3350 3140 3210 3145 3075 3280 3125]
[1880 2220 2160 2575 2975 2915 2930 2960] [3020 3370 3355 3090 3125 3175 3065 3495]
[1960 2175 2440 2800 3060 3235 3260 2970] [3250 3050 3140 3325 3300 3135 3235 3355]
COM3 1 9
4
[2035 2220 2245 2455 2835 2755 2870 3085] [3305 3450 3425 3345 3555 3360 3245 3440]
[2115 2230 2330 2475 2630 2885 2990 2920] [3290 3430 3340 3330 3340 3365 3340 3135]
[1940 2055 2305 2240 2465 2835 2980 2865] [3595 3550 3355 3305 3420 3250 3030 3425]
[2030 1890 2125 2215 2500 2840 3125 2905] [3390 3195 3490 3440 3240 3265 3285 3195]
[1990 1760 2230 2235 2530 2830 3020 3035] [3625 3140 3425 3270 3370 3385 3260 3380]
[1540 2010 2115 2435 2700 2910 3220 2985] [3315 3270 3255 3365 3445 3350 3385 3145]
[1880 2220 2160 2575 2975 2915 2930 2960] [3265 3510 3535 3360 3350 3345 3545 3460]
[1960 2175 2440 2800 3060 3235 3260 2970] [3660 3605 3480 3425 3360 3480 3340 3550]
COM7 0 10
4
[1940 1625 2035 2450 2845 2780 2940 2955] [3305 3450 3425 3345 3555 3360 3245 3440]
[2190 1900 1835 2425 2690 2905 2805 2820] [3290 3430 3340 3330 3340 3365 3340 3135]
[2160 1930 1945 2135 2525 2905 2810 2875] [3595 3550 3355 3305 3420 3250 3030 3425]
[2200 1830 1945 2150 2710 2895 2835 2800] [3390 3195 3490 3440 3240 3265 3285 3195]
[2315 1815 1940 2095 2595 2870 2865 2740] [3625 3140 3425 3270 3370 3385 3260 3380]
[1880 1735 2055 2425 2785 3010 3040 2930] [3315 3270 3255 3365 3445 3350 3385 3145]
[1935 1890 2045 2525 2710 2820 2930 2900] [3265 3510 3535 3360 3350 3345 3545 3460]
[2080 1760 2080 2645 2690 2750 3145 2870] [3660 3605 3480 3425 3360 3480 3340 3550]
COM3 1 11
4
[1940 1625 2035 2450 2845 2780 2940 2955] [3440 3540 3465 3330 3635 3265 3230 3275]
[2190 1900 1835 2425 2690 2905 2805 2820] [3300 3470 3440 3425 3275 3300 3360 3240]
[2160 1930 1945 2135 2525 2905 2810 2875] [3435 3360 3470 3345 3455 3220 3320 3325]
[2200 1830 1945 2150 2710 2895 2835 2800] [3350 3435 3415 3440 3250 3240 3415 3270]
[2315 1815 1940 2095 2595 2870 2865 2740] [3385 3620 3395 3320 3460 3405 3415 3580]
[1880 1735 2055 2425 2785 3010 3040 2930] [3455 3565 3505 3445 3300 3365 3420 3355]
[1935 1890 2045 2525 2710 2820 2930 2900] [3350 3595 3520 3435 3160 3465 3580 3695]
[2080 1760 2080 2645 2690 2750 3145 2870] [3575 3465 3685 3695 3330 3565 3580 3515]
COM7 0 12
4
[2320 1870 2005 2390 2525 2800 2860 3025] [3440 3540 3465 3330 3635 3265 3230 3275]
[2460 2135 1895 2190 2345 2560 2745 2935] [3300 3470 3440 3425 3275 3300 3360 3240]
[2490 2260 1865 1805 2030 2370 2505 3015] [3435 3360 3470 3345 3455 3220 3320 3325]
[2560 2235 2055 1845 1820 2195 2390 2760] [3350 3435 3415 3440 3250 3240 3415 3270]
[2475 2145 1940 1770 1855 2080 2230 2550] [3385 3620 3395 3320 3460 3405 3415 3580]
[2330 2090 1800 1845 1865 1995 2435 2740] [3455 3565 3505 3445 3300 3365 3420 3355]
[2075 1835 1760 1695 1965 2100 2625 2690] [3350 3595 3520 3435 3160 3465 3580 3695]
[2045 1695 1695 1730 2115 2455 2875 2850] [3575 3465 3685 3695 3330 3565 3580 3515]
COM3 1 13
4
[2320 1870 2005 2390 2525 2800 2860 3025] [3010 3085 3210 3070 3060 3040 3055 3170]
[2460 2135 1895 2190 2345 2560 2745 2935] [2995 2970 2940 3055 2970 3245 2985 2975]
[2490 2260 1865 1805 2030 2370 2505 3015] [3100 3135 3115 3200 3240 2985 3220 2980]
[2560 2235 2055 1845 1820 2195 2390 2760] [3245 3355 3240 3155 3190 3150 3180 3230]
[2475 2145 1940 1770 1855 2080 2230 2550] [3145 2975 3080 3035 3155 3060 3310 3130]
[2330 2090 1800 1845 1865 1995 2435 2740] [3140 3200 3240 3195 3175 3110 3330 3275]
[2075 1835 1760 1695 1965 2100 2625 2690] [3270 3235 3310 3180 3310 3105 3280 3225]
[2045 1695 1695 1730 2115 2455 2875 2850] [3285 3310 3175 3135 3220 3225 3400 3355]
COM7 0 14
4
[2510 2420 2515 2970 3145 3075 3240 3220] [3010 3085 3210 3070 3060 3040 3055 3170]
[2645 2280 2385 2880 2990 3110 3185 3390] [2995 2970 2940 3055 2970 3245 2985 2975]
[2585 2265 2260 2550 2540 2820 3260 3335] [3100 3135 3115 3200 3240 2985 3220 2980]
[2525 2510 2450 2350 2395 2555 2905 3220] [3245 3355 3240 3155 3190 3150 3180 3230]
[2615 2245 2180 2160 2435 2220 2640 2975] [3145 2975 3080 3035 3155 3060 3310 3130]
[2420 2330 2430 2225 2205 2320 2445 2570] [3140 3200 3240 3195 3175 3110 3330 3275]
[2575 2330 2285 2430 2155 2160 2055 2350] [3270 3235 3310 3180 3310 3105 3280 3225]
[2080 2195 2150 2230 2070 1980 2225 2515] [3285 3310 3175 3135 3220 3225 3400 3355]
COM3 1 15
4
[2510 2420 2515 2970 3145 3075 3240 3220] [2735 2890 3110 3000 3015 3140 3020 3155]
[2645 2280 2385 2880 2990 3110 3185 3390] [3000 3175 3130 3100 2970 3130 3310 2930]
[2585 2265 2260 2550 2540 2820 3260 3335] [3175 3095 3100 2995 3050 3150 3235 2980]
[2525 2510 2450 2350 2395 2555 2905 3220] [3070 2915 3155 3110 2925 2960 3210 3115]
[2615 2245 2180 2160 2435 2220 2640 2975] [3200 3090 3185 2925 3105 3040 3145 3040]
[2420 2330 2430 2225 2205 2320 2445 2570] [2975 3355 3275 3085 3050 3095 3265 3175]
[2575 2330 2285 2430 2155 2160 2055 2350] [3115 3290 3350 3300 3025 3235 3125 3355]
[2080 2195 2150 2230 2070 1980 2225 2515] [3260 3175 3190 3050 3260 2985 3000 3365]
COM7 0 16
4
[2460 2165 2305 2845 2915 2870 3170 3000] [2735 2890 3110 3000 3015 3140 3020 3155]
[2720 2340 2355 2570 2775 3035 2855 3070] [3000 3175 3130 3100 2970 3130 3310 2930]
[2340 2165 2315 2415 2715 2995 3115 2990] [3175 3095 3100 2995 3050 3150 3235 2980]
[2445 2195 2280 2410 2795 2670 2915 3005] [3070 2915 3155 3110 2925 2960 3210 3115]
[2490 1965 2010 2280 2295 2590 2710 3105] [3200 3090 3185 2925 3105 3040 3145 3040]
[2450 2255 2080 2165 2330 2505 2570 2570] [2975 3355 3275 3085 3050 3095 3265 3175]
[2180 2090 2045 2110 2130 2100 2045 2615] [3115 3290 3350 3300 3025 3235 3125 3355]
[2375 2280 2200 1990 2145 2170 2075 2195] [3260 3175 3190 3050 3260 2985 3000 3365]
COM3 1 17
4
[2460 2165 2305 2845 2915 2870 3170 3000] [3660 3895 3700 3580 3505 3595 3470 3440]
[2720 2340 2355 2570 2775 3035 2855 3070] [3745 3690 3625 3595 3560 3550 3480 3575]
[2340 2165 2315 2415 2715 2995 3115 2990] [3675 3670 3690 3665 3625 3640 3465 3485]
[2445 2195 2280 2410 2795 2670 2915 3005] [3550 3405 3710 3630 3645 3495 3620 3505]
[2490 1965 2010 2280 2295 2590 2710 3105] [3965 3595 3520 3485 3540 3655 3570 3670]
[2450 2255 2080 2165 2330 2505 2570 2570] [3400 3400 3565 3610 3730 3735 3595 3490]
[2180 2090 2045 2110 2130 2100 2045 2615] [3305 3540 3675 3835 3625 3465 3530 3540]
[2375 2280 2200 1990 2145 2170 2075 2195] [3355 3380 3615 3560 3600 3440 3675 3770]
COM7 0 18
4
[2360 2095 2210 2425 2675 2710 2740 2690] [3660 3895 3700 3580 3505 3595 3470 3440]
[2510 2405 2125 2375 2560 2685 2765 2520] [3745 3690 3625 3595 3560 3550 3480 3575]
[2410 2235 2285 2315 2570 2660 2525 2675] [3675 3670 3690 3665 3625 3640 3465 3485]
[2770 2385 2165 2070 2320 2545 2695 2570] [3550 3405 3710 3630 3645 3495 3620 3505]
[2700 2340 2075 1980 2285 2410 2515 2640] [3965 3595 3520 3485 3540 3655 3570 3670]
[2455 1960 2110 1785 1850 1945 2180 2330] [3400 3400 3565 3610 3730 3735 3595 3490]
[2505 2320 1915 1920 1855 2045 1860 2140] [3305 3540 3675 3835 3625 3465 3530 3540]
[2370 2070 2035 1895 2005 1920 1825 1920] [3355 3380 3615 3560 3600 3440 3675 3770]
COM3 1 19
4
[2360 2095 2210 2425 2675 2710 2740 2690] [3135 3185 3355 3210 3290 3050 3315 3285]
[2510 2405 2125 2375 2560 2685 2765 2520] [3200 3310 3220 3175 3145 3285 3260 3080]
[2410 2235 2285 2315 2570 2660 2525 2675] [3265 3230 3195 3125 3420 3205 3235 3150]
[2770 2385 2165 2070 2320 2545 2695 2570] [3070 3195 3215 3305 3110 3235 3235 3215]
[2700 2340 2075 1980 2285 2410 2515 2640] [3270 3160 3240 3220 3200 3280 3180 3270]
[2455 1960 2110 1785 1850 1945 2180 2330] [3255 3215 2975 3460 3410 3335 3125 3280]
[2505 2320 1915 1920 1855 2045 1860 2140] [3115 3205 3380 3165 3290 3200 3315 3485]
[2370 2070 2035 1895 2005 1920 1825 1920] [3300 3375 3370 3455 3185 3250 3250 3385]
COM7 0 20
4
[2405 2265 2355 2365 2580 2535 2760 2715] [3135 3185 3355 3210 3290 3050 3315 3285]
[2680 2485 2070 2210 2495 2580 2520 2680] [3200 3310 3220 3175 3145 3285 3260 3080]
[2555 2250 2255 2065 2190 2335 2340 2730] [3265 3230 3195 3125 3420 3205 3235 3150]
[2925 2365 2110 1810 2100 2190 2075 2335] [3070 3195 3215 3305 3110 3235 3235 3215]
[2675 2240 2055 1920 1980 2100 2005 2250] [3270 3160 3240 3220 3200 3280 3180 3270]
[2715 2110 2285 2055 2060 2250 1975 1915] [3255 3215 2975 3460 3410 3335 3125 3280]
[2585 2210 1805 2125 2230 2115 1900 1670] [3115 3205 3380 3165 3290 3200 3315 3485]
[2435 1745 1605 1785 1920 1775 1970 1705] [3300 3375 3370 3455 3185 3250 3250 3385]
COM3 1 21
4
[2405 2265 2355 2365 2580 2535 2760 2715] [2995 3170 3110 2975 3235 2920 3060 3085]
[2680 2485 2070 2210 2495 2580 2520 2680] [3035 3135 3155 3115 2955 3170 2935 2885]
[2555 2250 2255 2065 2190 2335 2340 2730] [3090 3105 3165 3070 3200 2985 2890 3195]
[2925 2365 2110 1810 2100 2190 2075 2335] [3000 3010 3150 3015 3060 2895 3255 3080]
[2675 2240 2055 1920 1980 2100 2005 2250] [2865 3125 3295 2925 3185 3115 3195 3245]
[2715 2110 2285 2055 2060 2250 1975 1915] [2895 3065 2995 3160 3160 3110 3180 3190]
[2585 2210 1805 2125 2230 2115 1900 1670] [3135 3305 3185 2950 3170 3205 3200 3100]
[2435 1745 1605 1785 1920 1775 1970 1705] [2990 3045 3405 3175 3175 3180 3085 3045]
COM7 0 22
4
[2625 2555 2395 2510 2345 2355 2470 2520] [2995 3170 3110 2975 3235 2920 3060 3085]
[3070 2550 2310 2280 2340 2255 2090 2200] [3035 3135 3155 3115 2955 3170 2935 2885]
[2620 2560 2265 2450 2235 2400 2375 2220] [3090 3105 3165 3070 3200 2985 2890 3195]
[2990 2685 2355 2450 2470 2650 2545 2060] [3000 3010 3150 3015 3060 2895 3255 3080]
[2705 2600 2380 2305 2535 2550 2415 2200] [2865 3125 3295 2925 3185 3115 3195 3245]
[2730 2370 2365 2170 2105 2570 2315 2135] [2895 3065 2995 3160 3160 3110 3180 3190]
[2870 2370 1940 2115 1975 2265 2010 2055] [3135 3305 3185 2950 3170 3205 3200 3100]
[2365 2275 1920 1770 1825 1980 2125 2225] [2990 3045 3405 3175 3175 3180 3085 3045]
COM3 1 23
4
[2625 2555 2395 2510 2345 2355 2470 2520] [3010 3170 3050 2960 3220 2875 2935 3215]
[3070 2550 2310 2280 2340 2255 2090 2200] [3010 2930 3170 3070 3065 3120 3105 2895]
[2620 2560 2265 2450 2235 2400 2375 2220] [3020 3105 3165 2815 3050 3070 3100 2950]
[2990 2685 2355 2450 2470 2650 2545 2060] [3160 3130 3305 3295 3105 3065 3190 3120]
[2705 2600 2380 2305 2535 2550 2415 2200] [3010 3305 3295 3025 3105 3105 3125 3185]
[2730 2370 2365 2170 2105 2570 2315 2135] [2960 3150 2970 2985 2990 3200 3105 3000]
[2870 2370 1940 2115 1975 2265 2010 2055] [2905 3260 3265 2930 3310 3365 2980 3275]
[2365 2275 1920 1770 1825 1980 2125 2225] [3100 3150 3320 3020 3010 3015 3235 3240]
COM7 0 24
4
[2645 2370 2315 2295 2460 2375 2330 2125] [3010 3170 3050 2960 3220 2875 2935 3215]
[2805 2640 2365 2470 2435 2365 2185 1970] [3010 2930 3170 3070 3065 3120 3105 2895]
[2875 2665 2360 2080 2375 2460 2170 1975] [3020 3105 3165 2815 3050 3070 3100 2950]
[2815 2625 2350 2000 2230 2205 1980 2040] [3160 3130 3305 3295 3105 3065 3190 3120]
[2870 2600 2115 2080 2000 1845 2035 2170] [3010 3305 3295 3025 3105 3105 3125 3185]
[2735 2615 2460 2105 1695 1870 1960 2280] [2960 3150 2970 2985 2990 3200 3105 3000]
[2675 2465 2220 1970 1765 1720 2050 2300] [2905 3260 3265 2930 3310 3365 2980 3275]
[2645 2295 2030 1665 1750 1805 2230 2375] [3100 3150 3320 3020 3010 3015 3235 3240]
COM3 1 25
4
[2645 2370 2315 2295 2460 2375 2330 2125] [3350 3550 3510 3335 3410 3445 3465 3295]
[2805 2640 2365 2470 2435 2365 2185 1970] [3325 3390 3360 3450 3290 3525 3435 3135]
[2875 2665 2360 2080 2375 2460 2170 1975] [3275 3470 3605 3410 3400 3320 3440 3355]
[2815 2625 2350 2000 2230 2205 1980 2040] [3510 3520 3685 3650 3430 3465 3395 3175]
[2870 2600 2115 2080 2000 1845 2035 2170] [3335 3510 3480 3335 3355 3495 3415 3660]
[2735 2615 2460 2105 1695 1870 1960 2280] [3265 3535 3470 3535 3395 3285 3335 3560]
[2675 2465 2220 1970 1765 1720 2050 2300] [3270 3715 3735 3675 3165 3465 3580 3415]
[2645 2295 2030 1665 1750 1805 2230 2375] [3845 3640 3500 3850 3485 3440 3550 3540]
COM7 0 26
4
[2810 2555 2430 2160 1905 1740 1905 2205] [3350 3550 3510 3335 3410 3445 3465 3295]
[2950 2770 2505 2275 1860 1595 1695 2075] [3325 3390 3360 3450 3290 3525 3435 3135]
[2725 2810 2850 2130 1835 1675 1685 2130] [3275 3470 3605 3410 3400 3320 3440 3355]
[3025 2895 2770 2315 1970 1665 1755 2000] [3510 3520 3685 3650 3430 3465 3395 3175]
[3145 2835 2615 2140 1840 1460 1835 2305] [3335 3510 3480 3335 3355 3495 3415 3660]
[3070 2610 2675 2200 1800 1740 1905 2260] [3265 3535 3470 3535 3395 3285 3335 3560]
[2600 2530 2540 1815 1585 1715 2000 2325] [3270 3715 3735 3675 3165 3465 3580 3415]
[3000 2620 2235 1480 1545 1790 2395 2385] [3845 3640 3500 3850 3485 3440 3550 3540]
COM3 1 27
4
[2810 2555 2430 2160 1905 1740 1905 2205] [3095 3330 3190 3185 3185 3195 3245 3275]
[2950 2770 2505 2275 1860 1595 1695 2075] [3090 3095 3185 2945 3210 3360 3050 3185]
[2725 2810 2850 2130 1835 1675 1685 2130] [3165 3160 3015 3045 3290 3040 3115 3020]
[3025 2895 2770 2315 1970 1665 1755 2000] [3210 3175 3305 3205 3050 3065 3335 3195]
[3145 2835 2615 2140 1840 1460 1835 2305] [3285 3250 3205 3165 3275 3080 3300 3325]
[3070 2610 2675 2200 1800 1740 1905 2260] [3150 2940 3480 3155 3235 3255 3255 3275]
[2600 2530 2540 1815 1585 1715 2000 2325] [3315 3285 3240 3425 3230 3315 3505 3420]
[3000 2620 2235 1480 1545 1790 2395 2385] [3465 3505 3360 3425 3240 3205 3360 3230]
COM7 0 28
4
[2800 2735 2425 2225 1925 1755 2035 2330] [3095 3330 3190 3185 3185 3195 3245 3275]
[2995 2600 2725 2490 2195 1835 1645 2080] [3090 3095 3185 2945 3210 3360 3050 3185]
[2820 2910 2810 2640 2220 1800 1750 2020] [3165 3160 3015 3045 3290 3040 3115 3020]
[2830 2615 2775 2505 2095 1785 1630 1805] [3210 3175 3305 3205 3050 3065 3335 3195]
[3220 2990 2775 2340 2115 1670 1720 1800] [3285 3250 3205 3165 3275 3080 3300 3325]
[2990 2980 2535 2110 1765 1555 1670 1695] [3150 2940 3480 3155 3235 3255 3255 3275]
[3005 2715 2300 2065 1710 1535 1630 1815] [3315 3285 3240 3425 3230 3315 3505 3420]
[3125 2640 2450 1895 1630 1640 1975 2480] [3465 3505 3360 3425 3240 3205 3360 3230]
COM3 1 29
4
[2800 2735 2425 2225 1925 1755 2035 2330] [3285 3450 3470 3385 3305 3360 3275 3535]
[2995 2600 2725 2490 2195 1835 1645 2080] [3295 3285 3500 3270 3270 3430 3295 3280]
[2820 2910 2810 2640 2220 1800 1750 2020] [3020 3305 3370 3270 3370 3255 3410 3255]
[2830 2615 2775 2505 2095 1785 1630 1805] [2980 3010 3360 3380 3260 3440 3325 3320]
[3220 2990 2775 2340 2115 1670 1720 1800] [2930 3150 3355 3240 3380 3165 3430 3265]
[2990 2980 2535 2110 1765 1555 1670 1695] [2900 3235 3305 3385 3465 3280 3270 3420]
[3005 2715 2300 2065 1710 1535 1630 1815] [3390 3420 3515 3505 3245 3505 3335 3305]
[3125 2640 2450 1895 1630 1640 1975 2480] [3380 3515 3465 3540 3525 3535 3530 3410]
COM7 0 30
4
[2805 2555 2325 2000 1920 2170 2440 2540] [3285 3450 3470 3385 3305 3360 3275 3535]
[2850 2785 2295 1940 1865 1950 2155 2520] [3295 3285 3500 3270 3270 3430 3295 3280]
[2755 2755 2595 2035 1750 1885 2025 2355] [3020 3305 3370 3270 3370 3255 3410 3255]
[2670 2735 2365 1885 1805 1620 1935 2105] [2980 3010 3360 3380 3260 3440 3325 3320]
[2685 2950 2630 1875 1715 1615 1760 1900] [2930 3150 3355 3240 3380 3165 3430 3265]
[2690 2715 2415 1900 1690 1655 1700 1760] [2900 3235 3305 3385 3465 3280 3270 3420]
[3065 2635 2335 2025 1610 1645 1735 1820] [3390 3420 3515 3505 3245 3505 3335 3305]
[2990 2685 2290 1895 1580 1605 1955 1745] [3380 3515 3465 3540 3525 3535 3530 3410]
COM3 1 31
4
[2805 2555 2325 2000 1920 2170 2440 2540] [2835 2835 3165 2900 3060 3170 2980 3150]
[2850 2785 2295 1940 1865 1950 2155 2520] [2950 3140 3190 2820 2900 3020 3000 3200]
[2755 2755 2595 2035 1750 1885 2025 2355] [3305 3000 3025 3080 3095 3060 2975 2915]
[2670 2735 2365 1885 1805 1620 1935 2105] [2970 3000 3050 3125 3030 3095 3080 3055]
[2685 2950 2630 1875 1715 1615 1760 1900] [2835 2995 3250 3045 3230 2960 3180 3105]
[2690 2715 2415 1900 1690 1655 1700 1760] [2395 2920 2980 3460 3160 3110 3200 3170]
[3065 2635 2335 2025 1610 1645 1735 1820] [2460 2890 3150 3235 3180 3185 3230 3105]
[2990 2685 2290 1895 1580 1605 1955 1745] [2700 3225 3090 3285 3020 3015 2995 3275]
COM7 0 32
4
[3090 2810 2485 2400 2335 2570 3135 3340] [2835 2835 3165 2900 3060 3170 2980 3150]
[3160 3005 2545 2450 2320 2640 2995 3270] [2950 3140 3190 2820 2900 3020 3000 3200]
[3145 3295 2830 2350 2185 2185 2695 3235] [3305 3000 3025 3080 3095 3060 2975 2915]
[3035 3125 2950 2380 2150 2355 2395 2960] [2970 3000 3050 3125 3030 3095 3080 3055]
[3060 3050 3030 2480 2010 2085 2430 3085] [2835 2995 3250 3045 3230 2960 3180 3105]
[3030 2995 2620 2595 2070 2060 2195 2615] [2395 2920 2980 3460 3160 3110 3200 3170]
[3105 3020 2775 2555 2140 2035 2200 2335] [2460 2890 3150 3235 3180 3185 3230 3105]
[3125 2945 2725 2305 1965 2020 2320 2380] [2700 3225 3090 3285 3020 3015 2995 3275]
COM3 1 33
4
[3090 2810 2485 2400 2335 2570 3135 3340] [3595 3715 3640 3540 3410 3380 3525 3620]
[3160 3005 2545 2450 2320 2640 2995 3270] [3625 3680 3625 3620 3485 3615 3500 3205]
[3145 3295 2830 2350 2185 2185 2695 3235] [3485 3500 3475 3430 3590 3290 3540 3615]
[3035 3125 2950 2380 2150 2355 2395 2960] [3330 3505 3625 3530 3435 3450 3605 3340]
[3060 3050 3030 2480 2010 2085 2430 3085] [2950 3465 3425 3400 3585 3620 3580 3575]
[3030 2995 2620 2595 2070 2060 2195 2615] [2640 3000 3355 3300 3420 3490 3645 3330]
[3105 3020 2775 2555 2140 2035 2200 2335] [2760 3100 3205 3305 3375 3380 3575 3570]
[3125 2945 2725 2305 1965 2020 2320 2380] [2805 3045 3205 3475 3310 3410 3545 3650]
COM7 0 34
4
[2940 2890 2345 2150 2015 2210 2645 2740] [3595 3715 3640 3540 3410 3380 3525 3620]
[3150 3060 2590 2215 2080 2075 2210 2705] [3625 3680 3625 3620 3485 3615 3500 3205]
[2835 3015 2815 2405 2040 1855 2155 2535] [3485 3500 3475 3430 3590 3290 3540 3615]
[3085 2965 2975 2510 2100 1835 1880 2265] [3330 3505 3625 3530 3435 3450 3605 3340]
[3110 2895 2900 2415 2000 1550 1815 2200] [2950 3465 3425 3400 3585 3620 3580 3575]
[3030 3090 2850 2595 2005 1555 1750 2025] [2640 3000 3355 3300 3420 3490 3645 3330]
[2980 2745 2740 2340 1920 1560 1850 1855] [2760 3100 3205 3305 3375 3380 3575 3570]
[3085 2880 2515 2000 1600 1835 1840 1925] [2805 3045 3205 3475 3310 3410 3545 3650]
COM3 1 35
4
[2940 2890 2345 2150 2015 2210 2645 2740] [2815 3055 3160 2995 3040 3060 3150 3165]
[3150 3060 2590 2215 2080 2075 2210 2705] [2595 2945 3055 3000 2970 3135 2925 2970]
[2835 3015 2815 2405 2040 1855 2155 2535] [2285 3000 3185 3195 3005 2870 2945 3005]
[3085 2965 2975 2510 2100 1835 1880 2265] [2295 2745 2985 3015 3215 3160 3025 2945]
[3110 2895 2900 2415 2000 1550 1815 2200] [2190 2360 2900 2995 3150 3090 3030 3005]
[3030 3090 2850 2595 2005 1555 1750 2025] [2035 2505 2775 3085 3160 3105 3245 2925]
[2980 2745 2740 2340 1920 1560 1850 1855] [2425 2625 3145 3100 3295 3175 3170 3345]
[3085 2880 2515 2000 1600 1835 1840 1925] [2515 2935 3175 3430 3175 3015 3000 2905]
COM7 0 36
4
[2805 2670 2550 2060 2015 2075 2265 2295] [2815 3055 3160 2995 3040 3060 3150 3165]
[2870 2945 2625 2445 2030 1970 1930 2220] [2595 2945 3055 3000 2970 3135 2925 2970]
[2695 3060 2925 2380 2120 1995 1790 2125] [2285 3000 3185 3195 3005 2870 2945 3005]
[3055 2870 3040 2465 2110 2005 1840 2025] [2295 2745 2985 3015 3215 3160 3025 2945]
[2775 2955 2865 2455 2035 1770 2095 2225] [2190 2360 2900 2995 3150 3090 3030 3005]
[2885 2835 2795 2395 1955 1840 2055 2185] [2035 2505 2775 3085 3160 3105 3245 2925]
[2790 2780 2785 2345 1915 1815 1820 1930] [2425 2625 3145 3100 3295 3175 3170 3345]
[2800 2690 2335 2115 1835 1655 1860 1975] [2515 2935 3175 3430 3175 3015 3000 2905]
COM3 1 37
4
[2805 2670 2550 2060 2015 2075 2265 2295] [1970 2565 2995 3130 2990 3065 3125 3060]
[2870 2945 2625 2445 2030 1970 1930 2220] [1825 2340 2965 2955 2975 3140 2930 2975]
[2695 3060 2925 2380 2120 1995 1790 2125] [1735 2305 2935 3105 3270 3100 3050 2970]
[3055 2870 3040 2465 2110 2005 1840 2025] [1920 2270 2970 3015 3030 3150 2990 2885]
[2775 2955 2865 2455 2035 1770 2095 2225] [2605 2955 3130 2920 3010 3090 3035 3065]
[2885 2835 2795 2395 1955 1840 2055 2185] [2850 3300 3135 3260 3040 2940 2950 2995]
[2790 2780 2785 2345 1915 1815 1820 1930] [3050 3270 3295 3335 2975 3110 3125 3095]
[2800 2690 2335 2115 1835 1655 1860 1975] [3435 3350 3255 3190 2850 3015 3125 3055]
COM7 0 38
4
[2865 2830 2765 2510 2110 2050 2270 2185] [1970 2565 2995 3130 2990 3065 3125 3060]
[3020 2970 2960 2670 2255 2120 2140 2115] [1825 2340 2965 2955 2975 3140 2930 2975]
[2765 3195 2990 2695 2445 2060 1865 2285] [1735 2305 2935 3105 3270 3100 3050 2970]
[3125 3110 3125 2705 2375 1920 1905 2100] [1920 2270 2970 3015 3030 3150 2990 2885]
[3100 3140 3115 2700 2375 1915 1915 1915] [2605 2955 3130 2920 3010 3090 3035 3065]
[3055 2750 3045 2655 2035 1975 1740 1855] [2850 3300 3135 3260 3040 2940 2950 2995]
[2910 3055 2605 2605 2010 1720 1620 1705] [3050 3270 3295 3335 2975 3110 3125 3095]
[3055 2955 2735 2445 1865 1670 1735 1775] [3435 3350 3255 3190 2850 3015 3125 3055]
COM3 1 39
4
[2865 2830 2765 2510 2110 2050 2270 2185] [2605 3220 3160 3200 3130 3175 3045 3290]
[3020 2970 2960 2670 2255 2120 2140 2115] [2770 3040 3055 3180 3050 3160 3110 2955]
[2765 3195 2990 2695 2445 2060 1865 2285] [2945 3215 3185 3065 3130 2980 3095 3195]
[3125 3110 3125 2705 2375 1920 1905 2100] [3165 3145 3090 3275 3175 3110 3105 3150]
[3100 3140 3115 2700 2375 1915 1915 1915] [3425 3295 3185 2975 3170 3280 3205 3245]
[3055 2750 3045 2655 2035 1975 1740 1855] [2735 3060 3425 3265 3120 3105 3280 3510]
[2910 3055 2605 2605 2010 1720 1620 1705] [3130 3255 3275 3290 2975 3185 3165 3355]
[3055 2955 2735 2445 1865 1670 1735 1775] [3245 3215 3210 3420 3160 3370 3245 3230]
COM7 0 40
4
[2885 2750 2550 2380 2135 2050 2040 1935] [2605 3220 3160 3200 3130 3175 3045 3290]
[3005 3055 2795 2595 2205 2070 1900 1960] [2770 3040 3055 3180 3050 3160 3110 2955]
[2990 2885 2745 2755 2305 2055 1945 1965] [2945 3215 3185 3065 3130 2980 3095 3195]
[2865 3010 3135 2815 2425 2060 1905 1810] [3165 3145 3090 3275 3175 3110 3105 3150]
[3015 3015 3170 2785 2485 2155 1985 1795] [3425 3295 3185 2975 3170 3280 3205 3245]
[3075 3245 3015 3025 2440 1995 1920 1605] [2735 3060 3425 3265 3120 3105 3280 3510]
[3070 2805 2855 2975 2340 1960 1515 1650] [3130 3255 3275 3290 2975 3185 3165 3355]
[3225 2940 3075 2785 2135 1935 1685 1770] [3245 3215 3210 3420 3160 3370 3245 3230]
COM3 1 41
4
[2885 2750 2550 2380 2135 2050 2040 1935] [3255 3055 3195 3175 3440 3085 3205 3440]
[3005 3055 2795 2595 2205 2070 1900 1960] [3315 3135 3265 3205 3295 3245 3105 3170]
[2990 2885 2745 2755 2305 2055 1945 1965] [3385 3290 3200 3415 3400 3065 3360 3220]
[2865 3010 3135 2815 2425 2060 1905 1810] [3285 3270 3285 3115 3235 3120 3475 3415]
[3015 3015 3170 2785 2485 2155 1985 1795] [3200 3195 3380 3000 3470 3145 3245 3330]
[3075 3245 3015 3025 2440 1995 1920 1605] [3190 3205 3275 3185 3190 3400 3335 3460]
[3070 2805 2855 2975 2340 1960 1515 1650] [3045 3340 3405 3390 3125 3340 3275 3340]
[3225 2940 3075 2785 2135 1935 1685 1770] [2975 3225 3325 3255 3440 3305 3535 3215]
COM7 0 42
4
[3025 2705 2725 2980 2610 2275 1945 1500] [3255 3055 3195 3175 3440 3085 3205 3440]
[2955 2780 2885 2925 2870 2720 2065 1565] [3315 3135 3265 3205 3295 3245 3105 3170]
[2770 2765 2825 2900 2755 2660 2385 1640] [3385 3290 3200 3415 3400 3065 3360 3220]
[2710 2795 3175 2780 3015 2720 2420 1860] [3285 3270 3285 3115 3235 3120 3475 3415]
[3045 2990 2955 2860 3040 2640 2445 1780] [3200 3195 3380 3000 3470 3145 3245 3330]
[2885 2720 2920 3130 2945 2475 2240 1620] [3190 3205 3275 3185 3190 3400 3335 3460]
[2995 3040 2520 2970 2890 2350 1650 1520] [3045 3340 3405 3390 3125 3340 3275 3340]
[3145 2985 3170 2810 2455 1905 1755 1310] [2975 3225 3325 3255 3440 3305 3535 3215]
COM3 1 43
4
[3025 2705 2725 2980 2610 2275 1945 1500] [2815 3200 3110 3155 3200 3180 3270 3220]
[2955 2780 2885 2925 2870 2720 2065 1565] [2430 2865 3110 3110 3115 3200 3170 3185]
[2770 2765 2825 2900 2755 2660 2385 1640] [2320 2975 3015 3050 3255 3095 3185 3155]
[2710 2795 3175 2780 3015 2720 2420 1860] [2355 2600 3205 3245 3145 2950 3130 3030]
[3045 2990 2955 2860 3040 2640 2445 1780] [2565 2850 3245 2975 3150 3225 3240 3245]
[2885 2720 2920 3130 2945 2475 2240 1620] [2535 3000 2980 3155 3120 3340 3355 3345]
[2995 3040 2520 2970 2890 2350 1650 1520] [2800 3395 3440 3215 3200 3190 3170 3245]
[3145 2985 3170 2810 2455 1905 1755 1310] [2980 3145 2965 3050 3270 2950 3145 3520]
COM7 0 44
4
[2790 2835 2610 2830 2465 2155 2140 1610] [2815 3200 3110 3155 3200 3180 3270 3220]
[2810 3050 2965 3000 2740 2430 1770 1680] [2430 2865 3110 3110 3115 3200 3170 3185]
[2570 2745 2775 2870 2785 2415 1895 1660] [2320 2975 3015 3050 3255 3095 3185 3155]
[2755 2895 2905 3055 2890 2555 2025 1605] [2355 2600 3205 3245 3145 2950 3130 3030]
[2885 2790 2850 2800 2990 2285 2310 1695] [2565 2850 3245 2975 3150 3225 3240 3245]
[3025 2700 2895 2990 2705 2445 1925 1485] [2535 3000 2980 3155 3120 3340 3355 3345]
[2900 2970 2795 2850 2755 2260 1705 1590] [2800 3395 3440 3215 3200 3190 3170 3245]
[3070 3135 2900 2570 2445 1975 1765 1475] [2980 3145 2965 3050 3270 2950 3145 3520]
COM3 1 45
4
[2790 2835 2610 2830 2465 2155 2140 1610] [3115 3185 3295 3250 3120 3160 3125 3200]
[2810 3050 2965 3000 2740 2430 1770 1680] [3110 3280 3400 3250 3110 3230 3200 3280]
[2570 2745 2775 2870 2785 2415 1895 1660] [2945 3020 3190 3210 3340 2985 3180 3290]
[2755 2895 2905 3055 2890 2555 2025 1605] [2485 2930 3345 3280 3260 3305 3170 2960]
[2885 2790 2850 2800 2990 2285 2310 1695] [2135 2560 3125 3200 3305 3250 3330 3415]
[3025 2700 2895 2990 2705 2445 1925 1485] [2010 2320 2825 3325 3270 3270 3235 3330]
[2900 2970 2795 2850 2755 2260 1705 1590] [1835 2155 2645 3175 3240 3265 3290 3475]
[3070 3135 2900 2570 2445 1975 1765 1475] [2000 2415 2765 3220 3455 3005 3490 3385]
COM7 0 46
4
[2755 2795 2720 2760 2620 2255 2160 2020] [3115 3185 3295 3250 3120 3160 3125 3200]
[2720 2865 2850 2710 2500 2300 2125 1955] [3110 3280 3400 3250 3110 3230 3200 3280]
[2740 2770 2880 2795 2550 2425 1975 1905] [2945 3020 3190 3210 3340 2985 3180 3290]
[2645 3085 2935 2835 2625 2475 1970 1795] [2485 2930 3345 3280 3260 3305 3170 2960]
[3085 2875 2725 2945 2760 2125 2045 1845] [2135 2560 3125 3200 3305 3250 3330 3415]
[2630 2850 2950 2810 2640 2290 2040 1635] [2010 2320 2825 3325 3270 3270 3235 3330]
[2845 2825 2890 2870 2775 2290 1715 1605] [1835 2155 2645 3175 3240 3265 3290 3475]
[2595 2705 2740 3030 2380 2295 1930 1790] [2000 2415 2765 3220 3455 3005 3490 3385]
COM3 1 47
4
[2755 2795 2720 2760 2620 2255 2160 2020] [3500 3475 3715 3500 3440 3515 3570 3490]
[2720 2865 2850 2710 2500 2300 2125 1955] [3245 3485 3535 3495 3445 3555 3490 3565]
[2740 2770 2880 2795 2550 2425 1975 1905] [3300 3330 3550 3515 3520 3665 3510 3490]
[2645 3085 2935 2835 2625 2475 1970 1795] [2925 3540 3400 3430 3415 3410 3440 3495]
[3085 2875 2725 2945 2760 2125 2045 1845] [2695 3115 3370 3285 3335 3490 3510 3485]
[2630 2850 2950 2810 2640 2290 2040 1635] [2450 2795 3050 3255 3500 3525 3435 3725]
[2845 2825 2890 2870 2775 2290 1715 1605] [2490 2685 3010 3200 3295 3360 3275 3580]
[2595 2705 2740 3030 2380 2295 1930 1790] [2365 2515 3035 3200 3295 3465 3435 3665]
COM7 0 48
4
[2705 2805 2830 2740 2475 2190 2215 2055] [3500 3475 3715 3500 3440 3515 3570 3490]
[2765 2785 2820 2840 2415 2255 1980 2010] [3245 3485 3535 3495 3445 3555 3490 3565]
[2680 2735 2935 2665 2565 2395 2025 1900] [3300 3330 3550 3515 3520 3665 3510 3490]
[2730 3065 2800 2890 3005 2460 2005 1670] [2925 3540 3400 3430 3415 3410 3440 3495]
[2950 2815 2730 2800 2680 2540 2120 1785] [2695 3115 3370 3285 3335 3490 3510 3485]
[2685 2945 2860 2730 2805 2560 2225 1695] [2450 2795 3050 3255 3500 3525 3435 3725]
[2930 2830 3135 2825 2635 2440 1830 1655] [2490 2685 3010 3200 3295 3360 3275 3580]
[2905 2970 2990 2840 2515 2315 2070 1740] [2365 2515 3035 3200 3295 3465 3435 3665]
COM3 1 49
4
[2705 2805 2830 2740 2475 2190 2215 2055] [2800 2945 2880 2720 2815 2740 2485 2970]
[2765 2785 2820 2840 2415 2255 1980 2010] [2615 2705 3050 2945 2690 2835 2815 2770]
[2680 2735 2935 2665 2565 2395 2025 1900] [2250 2615 2740 2820 2890 2930 2885 2755]
[2730 3065 2800 2890 3005 2460 2005 1670] [1965 2620 2775 2910 2950 2835 3000 2805]
[2950 2815 2730 2800 2680 2540 2120 1785] [1700 2005 2425 2820 3105 3040 3020 2960]
[2685 2945 2860 2730 2805 2560 2225 1695] [1555 1850 2130 2975 2970 3245 3040 2725]
[2930 2830 3135 2825 2635 2440 1830 1655] [1495 1730 1995 2400 2700 3040 3060 3075]
[2905 2970 2990 2840 2515 2315 2070 1740] [1640 1765 2040 2590 2935 3105 3145 3310]
COM7 0 50
4
[3105 2990 3135 2980 2775 2505 2580 2585] [2800 2945 2880 2720 2815 2740 2485 2970]
[3315 3130 3000 3020 2850 2505 2490 2325] [2615 2705 3050 2945 2690 2835 2815 2770]
[3100 3070 3295 2925 2950 2530 2350 2170] [2250 2615 2740 2820 2890 2930 2885 2755]
[3310 3215 3265 2880 2950 2580 2335 2140] [1965 2620 2775 2910 2950 2835 3000 2805]
[3290 3190 3285 3115 3185 2555 2495 2120] [1700 2005 2425 2820 3105 3040 3020 2960]
[3350 3050 3270 3180 2900 2595 2380 2260] [1555 1850 2130 2975 2970 3245 3040 2725]
[3005 3145 3195 3150 2950 2545 2320 2105] [1495 1730 1995 2400 2700 3040 3060 3075]
[3380 3340 3120 3005 2840 2710 2235 2365] [1640 1765 2040 2590 2935 3105 3145 3310]
COM3 1 51
4
[3105 2990 3135 2980 2775 2505 2580 2585] [2965 2980 3200 3320 3245 3300 3475 3455]
[3315 3130 3000 3020 2850 2505 2490 2325] [2625 2850 3215 3100 3175 3370 3380 3345]
[3100 3070 3295 2925 2950 2530 2350 2170] [2430 2725 2910 3085 3370 3415 3420 3440]
[3310 3215 3265 2880 2950 2580 2335 2140] [2500 2475 2640 2950 3110 3310 3390 3370]
[3290 3190 3285 3115 3185 2555 2495 2120] [2375 2415 2535 2835 3045 3320 3370 3415]
[3350 3050 3270 3180 2900 2595 2380 2260] [2370 2330 2480 2845 2985 3250 3310 3375]
[3005 3145 3195 3150 2950 2545 2320 2105] [2540 2650 2780 3145 3285 3390 3470 3480]
[3380 3340 3120 3005 2840 2710 2235 2365] [2970 2835 3040 3695 3185 3220 3515 3665]
COM7 0 52
4
[2895 3045 2890 2865 2535 2280 2190 2095] [2965 2980 3200 3320 3245 3300 3475 3455]
[3010 2865 2980 3115 2740 2530 2000 1895] [2625 2850 3215 3100 3175 3370 3380 3345]
[2915 3090 3015 2985 2995 2510 2210 2170] [2430 2725 2910 3085 3370 3415 3420 3440]
[2890 3005 3055 2805 3025 2440 2275 2000] [2500 2475 2640 2950 3110 3310 3390 3370]
[2960 2915 3210 3005 3105 2395 2200 2045] [2375 2415 2535 2835 3045 3320 3370 3415]
[2925 3020 2910 2995 2640 2490 2090 1730] [2370 2330 2480 2845 2985 3250 3310 3375]
[2895 3220 3155 2985 2780 2315 1880 1590] [2540 2650 2780 3145 3285 3390 3470 3480]
[3160 2705 2695 2940 2355 2330 2035 1590] [2970 2835 3040 3695 3185 3220 3515 3665]
COM3 1 53
4
[2895 3045 2890 2865 2535 2280 2190 2095] [2045 2575 3025 3230 3230 3160 3175 3505]
[3010 2865 2980 3115 2740 2530 2000 1895] [2335 2340 2785 3000 3070 3470 3170 3095]
[2915 3090 3015 2985 2995 2510 2210 2170] [2105 2350 2625 2800 3310 3215 3265 3240]
[2890 3005 3055 2805 3025 2440 2275 2000] [2250 2460 2840 3095 3200 3120 3220 3300]
[2960 2915 3210 3005 3105 2395 2200 2045] [2440 2570 3285 2915 3240 3300 3235 3290]
[2925 3020 2910 2995 2640 2490 2090 1730] [2400 2770 3295 3265 3265 3415 3315 3495]
[2895 3220 3155 2985 2780 2315 1880 1590] [2890 3240 3270 3170 3200 3475 3440 3350]
[3160 2705 2695 2940 2355 2330 2035 1590] [3085 3150 3345 3465 3480 3310 3500 3500]
COM7 0 54
4
[3000 2760 2715 2855 2685 2340 2360 2190] [2045 2575 3025 3230 3230 3160 3175 3505]
[2935 2895 2785 2720 2865 2720 2275 2100] [2335 2340 2785 3000 3070 3470 3170 3095]
[3005 2860 2800 2885 3005 2645 2460 2120] [2105 2350 2625 2800 3310 3215 3265 3240]
[2995 2845 2935 2975 3065 2635 2165 1985] [2250 2460 2840 3095 3200 3120 3220 3300]
[3005 2950 3095 2975 3060 2600 2480 2165] [2440 2570 3285 2915 3240 3300 3235 3290]
[2860 2750 2995 3020 2780 2815 2235 1935] [2400 2770 3295 3265 3265 3415 3315 3495]
[3105 2960 2850 2955 2715 2415 1950 1700] [2890 3240 3270 3170 3200 3475 3440 3350]
[3210 2790 2965 2785 2650 2400 2075 1575] [3085 3150 3345 3465 3480 3310 3500 3500]
COM3 1 55
4
[3000 2760 2715 2855 2685 2340 2360 2190] [2945 3020 3180 3155 3005 3105 3380 3345]
[2935 2895 2785 2720 2865 2720 2275 2100] [2530 2900 3360 3105 3125 3220 3310 2975]
[3005 2860 2800 2885 3005 2645 2460 2120] [2610 3105 3225 3170 3405 3085 3280 3490]
[2995 2845 2935 2975 3065 2635 2165 1985] [2890 3125 3400 3005 3335 3045 3390 3175]
[3005 2950 3095 2975 3060 2600 2480 2165] [2860 3180 3290 2920 3395 3180 3280 3315]
[2860 2750 2995 3020 2780 2815 2235 1935] [2885 3215 3275 3375 3405 3375 3405 3355]
[3105 2960 2850 2955 2715 2415 1950 1700] [3135 3290 3310 3370 3460 3185 3300 3490]
[3210 2790 2965 2785 2650 2400 2075 1575] [3355 3325 3310 3485 3255 3395 3470 3515]
COM7 0 56
4
[2780 3080 2715 3075 2950 2770 2595 2235] [2945 3020 3180 3155 3005 3105 3380 3345]
[3150 3005 2830 3045 2935 3035 2890 2325] [2530 2900 3360 3105 3125 3220 3310 2975]
[2845 3140 3000 3040 3010 2970 2965 2540] [2610 3105 3225 3170 3405 3085 3280 3490]
[3020 3195 3100 2830 2995 2995 2705 2570] [2890 3125 3400 3005 3335 3045 3390 3175]
[3090 3220 3195 2945 3125 2910 2995 2530] [2860 3180 3290 2920 3395 3180 3280 3315]
[2970 2970 3160 2990 3115 3070 3020 2260] [2885 3215 3275 3375 3405 3375 3405 3355]
[2890 3000 3090 2960 3120 2945 2430 2110] [3135 3290 3310 3370 3460 3185 3300 3490]
[3205 3045 3205 3185 2695 2925 2430 1895] [3355 3325 3310 3485 3255 3395 3470 3515]
COM3 1 57
4
[2780 3080 2715 3075 2950 2770 2595 2235] [2155 2370 2630 2900 3160 3160 3205 3440]
[3150 3005 2830 3045 2935 3035 2890 2325] [2230 2355 2575 2695 3095 3230 3170 3140]
[2845 3140 3000 3040 3010 2970 2965 2540] [2340 2420 2510 2865 3235 3125 3370 3355]
[3020 3195 3100 2830 2995 2995 2705 2570] [2255 2535 2800 3020 3155 3280 3325 3370]
[3090 3220 3195 2945 3125 2910 2995 2530] [2360 2740 3100 3090 3315 3185 3360 3335]
[2970 2970 3160 2990 3115 3070 3020 2260] [2350 2930 3280 3335 3160 3280 3355 3490]
[2890 3000 3090 2960 3120 2945 2430 2110] [2655 3400 3275 3300 3290 3450 3425 3480]
[3205 3045 3205 3185 2695 2925 2430 1895] [3110 3395 3360 3385 3345 3445 3525 3445]
COM7 0 58
4
[2915 2985 2865 2825 2970 2775 2765 2060] [2155 2370 2630 2900 3160 3160 3205 3440]
[2920 3010 2895 2945 2795 2890 2730 2270] [2230 2355 2575 2695 3095 3230 3170 3140]
[2640 2870 2910 2845 3030 2910 2765 2330] [2340 2420 2510 2865 3235 3125 3370 3355]
[2815 2875 3130 2855 2980 2815 2800 2370] [2255 2535 2800 3020 3155 3280 3325 3370]
[2910 2920 3065 3005 3125 2840 2850 2260] [2360 2740 3100 3090 3315 3185 3360 3335]
[2970 3040 3000 2925 2835 2990 2615 1865] [2350 2930 3280 3335 3160 3280 3355 3490]
[3095 3120 2905 3010 2875 3005 2360 1950] [2655 3400 3275 3300 3290 3450 3425 3480]
[3085 3005 2750 3070 2740 2735 2300 1665] [3110 3395 3360 3385 3345 3445 3525 3445]
COM3 1 59
4
[2915 2985 2865 2825 2970 2775 2765 2060] [2370 2465 2570 2810 2950 3090 3155 3280]
[2920 3010 2895 2945 2795 2890 2730 2270] [2245 2350 2400 2550 2720 3055 3060 3080]
[2640 2870 2910 2845 3030 2910 2765 2330] [2555 2360 2260 2355 2640 2980 3095 3180]
[2815 2875 3130 2855 2980 2815 2800 2370] [2370 2160 2100 2230 2360 2725 3140 3020]
[2910 2920 3065 3005 3125 2840 2850 2260] [2265 2215 2285 2275 2515 2820 2990 3335]
[2970 3040 3000 2925 2835 2990 2615 1865] [1885 2240 2275 2550 2710 3050 3230 3120]
[3095 3120 2905 3010 2875 3005 2360 1950] [2210 2625 2550 2730 2975 3020 3190 3480]
[3085 3005 2750 3070 2740 2735 2300 1665] [2555 2740 2915 3045 3280 3105 3255 3245]
COM7 0 60
4
[3135 3090 3005 3100 3010 2950 2630 2295] [2370 2465 2570 2810 2950 3090 3155 3280]
[3120 3190 2940 3090 3015 2985 2780 2310] [2245 2350 2400 2550 2720 3055 3060 3080]
[3345 3105 3090 2895 2850 2850 2915 2355] [2555 2360 2260 2355 2640 2980 3095 3180]
[3170 3185 3240 3075 3030 3200 3015 2360] [2370 2160 2100 2230 2360 2725 3140 3020]
[3285 2945 3185 3040 3125 3065 2935 2230] [2265 2215 2285 2275 2515 2820 2990 3335]
[3245 3210 3200 3045 2945 3015 2655 2175] [1885 2240 2275 2550 2710 3050 3230 3120]
[3205 3275 3075 3080 3020 3005 2640 2260] [2210 2625 2550 2730 2975 3020 3190 3480]
[3350 3175 3220 3020 2870 2895 2660 2105] [2555 2740 2915 3045 3280 3105 3255 3245]
COM3 1 61
4
[3135 3090 3005 3100 3010 2950 2630 2295] [2945 2880 3015 3145 3310 3290 3230 3475]
[3120 3190 2940 3090 3015 2985 2780 2310] [2740 2680 3030 3105 3140 3380 3210 3170]
[3345 3105 3090 2895 2850 2850 2915 2355] [2580 2575 2735 2910 3120 3145 3260 3110]
[3170 3185 3240 3075 3030 3200 3015 2360] [2780 2445 2690 2705 2950 3170 3315 3095]
[3285 2945 3185 3040 3125 3065 2935 2230] [2895 2665 2505 2355 2765 2960 3045 3340]
[3245 3210 3200 3045 2945 3015 2655 2175] [2590 2505 2395 2405 2475 2810 3180 3445]
[3205 3275 3075 3080 3020 3005 2640 2260] [2425 2525 2300 2205 2425 2775 3060 3420]
[3350 3175 3220 3020 2870 2895 2660 2105] [2310 2410 2335 2510 2495 2595 3000 3355]
COM7 0 62
4
[2720 2635 2770 2675 2905 2525 2520 1925] [2945 2880 3015 3145 3310 3290 3230 3475]
[2690 2865 2745 2875 2815 2685 2345 1935] [2740 2680 3030 3105 3140 3380 3210 3170]
[2690 2805 2795 2825 2790 2755 2465 2075] [2580 2575 2735 2910 3120 3145 3260 3110]
[2930 2805 2945 2910 2790 2850 2520 2195] [2780 2445 2690 2705 2950 3170 3315 3095]
[2875 2820 2945 2850 3060 2820 2725 2345] [2895 2665 2505 2355 2765 2960 3045 3340]
[2640 2910 2890 2640 2715 2815 2885 2250] [2590 2505 2395 2405 2475 2810 3180 3445]
[2670 2780 2795 2880 2910 2700 2450 2040] [2425 2525 2300 2205 2425 2775 3060 3420]
[2965 2970 2655 2875 2670 2985 2770 2130] [2310 2410 2335 2510 2495 2595 3000 3355]
COM3 1 63
4
[2720 2635 2770 2675 2905 2525 2520 1925] [2520 2795 2705 3090 2865 3005 2975 3135]
[2690 2865 2745 2875 2815 2685 2345 1935] [2250 2620 2715 3000 2940 3055 3070 3075]
[2690 2805 2795 2825 2790 2755 2465 2075] [2320 2400 2665 2885 3080 2975 2960 3015]
[2930 2805 2945 2910 2790 2850 2520 2195] [2205 2375 2510 2425 2935 3145 3025 3110]
[2875 2820 2945 2850 3060 2820 2725 2345] [2520 2570 2385 2355 2670 2840 3050 3120]
[2640 2910 2890 2640 2715 2815 2885 2250] [2235 2510 2390 2360 2435 2785 3115 3270]
[2670 2780 2795 2880 2910 2700 2450 2040] [2295 2400 2170 2140 2320 2530 3060 3260]
[2965 2970 2655 2875 2670 2985 2770 2130] [2095 2235 2105 1950 2135 2350 2700 3135]
COM7 0 64
4
[3080 2840 2875 2875 2920 2875 2730 2250] [2520 2795 2705 3090 2865 3005 2975 3135]
[2990 2870 2935 3070 2950 2900 2835 2360] [2250 2620 2715 3000 2940 3055 3070 3075]
[2965 2935 3115 3020 3000 3295 2915 2485] [2320 2400 2665 2885 3080 2975 2960 3015]
[2845 3085 3010 2980 2975 3125 3125 2675] [2205 2375 2510 2425 2935 3145 3025 3110]
[2800 3095 2970 2915 3120 3050 3245 2790] [2520 2570 2385 2355 2670 2840 3050 3120]
[2940 3005 3060 3160 3000 3350 2990 2750] [2235 2510 2390 2360 2435 2785 3115 3270]
[3030 3085 2785 3065 3055 2985 2830 2685] [2295 2400 2170 2140 2320 2530 3060 3260]
[3110 2970 3145 2900 2645 3030 2905 2485] [2095 2235 2105 1950 2135 2350 2700 3135]
COM3 1 65
4
[3080 2840 2875 2875 2920 2875 2730 2250] [2590 2880 3010 2980 3025 3440 3255 3285]
[2990 2870 2935 3070 2950 2900 2835 2360] [2490 2670 2530 2750 3100 3170 3310 3190]
[2965 2935 3115 3020 3000 3295 2915 2485] [2395 2585 2580 2615 2875 3185 3095 3245]
[2845 3085 3010 2980 2975 3125 3125 2675] [2445 2620 2600 2495 2575 2840 3080 3300]
[2800 3095 2970 2915 3120 3050 3245 2790] [2520 2545 2505 2180 2520 2585 3045 3355]
[2940 3005 3060 3160 3000 3350 2990 2750] [2200 2545 2475 2305 2215 2515 2915 3045]
[3030 3085 2785 3065 3055 2985 2830 2685] [2205 2510 2555 2395 2275 2640 3045 3090]
[3110 2970 3145 2900 2645 3030 2905 2485] [2230 2570 2590 2570 2555 2595 2790 3335]