COM3 1 6
4
[2780 2755 2810 2925 2775 2780 2785 2845] [2965 2985 2990 2905 2895 2630 2330 2325]
[2925 2995 2820 2805 2780 2770 2805 2765] [2945 2890 2840 2785 2685 2605 2305 2290]
[2750 2930 2870 2900 2805 2895 2915 2880] [3000 2935 2840 2665 2695 2445 2335 1935]
[2745 2835 3025 2800 2880 2845 2890 2685] [2975 3005 2910 2665 2435 2215 1965 1505]
[3055 2845 2950 2900 3000 2860 3010 2875] [2905 2775 2790 2550 2130 1790 1625 1490]
[2780 3005 2920 3010 2775 2810 2975 2925] [2900 2845 2520 2315 1965 1445 1310 1350]
[3060 2985 2950 3040 2850 2810 2780 2870] [3100 3020 2745 2085 1330  960 1145 1140]
[3010 2845 2825 2915 3050 2930 3080 2965] [3020 2985 2570 1740  845  850 1005 1005]
COM7 0 7
4
[2825 2760 2750 2810 2770 2790 2820 2780] [2965 2985 2990 2905 2895 2630 2330 2325]
[2860 2995 2860 2785 2790 2820 2745 2920] [2945 2890 2840 2785 2685 2605 2305 2290]
[2820 2670 2750 2810 2730 2870 2850 2810] [3000 2935 2840 2665 2695 2445 2335 1935]
[2990 2790 2910 2840 2930 2910 2870 2715] [2975 3005 2910 2665 2435 2215 1965 1505]
[2890 2925 2765 2890 2865 2765 2745 2845] [2905 2775 2790 2550 2130 1790 1625 1490]
[2735 2850 2805 2745 2655 2765 2750 2650] [2900 2845 2520 2315 1965 1445 1310 1350]
[3005 3015 2835 2875 2785 2780 2570 2670] [3100 3020 2745 2085 1330  960 1145 1140]
[2990 2815 2920 2905 2900 2840 2890 2560] [3020 2985 2570 1740  845  850 1005 1005]
COM3 1 8
4
[2825 2760 2750 2810 2770 2790 2820 2780] [3325 3405 3020 3120 3120 3170 2885 2745]
[2860 2995 2860 2785 2790 2820 2745 2920] [3095 3195 3140 3140 2990 2695 2615 2175]
[2820 2670 2750 2810 2730 2870 2850 2810] [3135 3345 3245 3130 2900 2765 2490 2245]
[2990 2790 2910 2840 2930 2910 2870 2715] [3105 3125 3225 3155 2765 2460 2420 2060]
[2890 2925 2765 2890 2865 2765 2745 2845] [3110 3190 3280 3110 3040 2560 2400 2375]
[2735 2850 2805 2745 2655 2765 2750 2650] [3035 2985 3050 3265 2870 2515 2230 2280]
[3005 3015 2835 2875 2785 2780 2570 2670] [3375 3090 3190 2755 2505 1885 1850 2020]
[2990 2815 2920 2905 2900 2840 2890 2560] [2965 2795 2805 2425 1770 1570 1760 1860]
COM7 0 9
4
[3240 2975 3090 2965 3085 3075 3155 3200] [3325 3405 3020 3120 3120 3170 2885 2745]
[3210 3245 3045 3110 2965 3080 3075 3260] [3095 3195 3140 3140 2990 2695 2615 2175]
[3005 3015 3140 3110 3145 3070 3170 3125] [3135 3345 3245 3130 2900 2765 2490 2245]
[3225 3210 3210 3115 3175 3175 3200 3235] [3105 3125 3225 3155 2765 2460 2420 2060]
[3245 3200 3300 3095 3205 3185 3370 3350] [3110 3190 3280 3110 3040 2560 2400 2375]
[3200 3275 3265 3250 3115 3280 3230 3340] [3035 2985 3050 3265 2870 2515 2230 2280]
[3305 3285 3105 3125 3205 3150 3105 3270] [3375 3090 3190 2755 2505 1885 1850 2020]
[3630 3340 3080 3135 3060 3260 3330 3070] [2965 2795 2805 2425 1770 1570 1760 1860]
COM3 1 10
4
[3240 2975 3090 2965 3085 3075 3155 3200] [3160 3225 3285 3135 3050 3065 3055 3265]
[3210 3245 3045 3110 2965 3080 3075 3260] [3190 3305 2880 2985 2920 3120 3220 2975]
[3005 3015 3140 3110 3145 3070 3170 3125] [3150 3095 2710 2640 2685 3105 2790 2775]
[3225 3210 3210 3115 3175 3175 3200 3235] [3005 2685 2895 2320 2380 2420 2440 2395]
[3245 3200 3300 3095 3205 3185 3370 3350] [2875 2950 2705 2145 1970 2205 2360 2405]
[3200 3275 3265 3250 3115 3280 3230 3340] [3270 2985 2645 2620 1980 2080 2270 2205]
[3305 3285 3105 3125 3205 3150 3105 3270] [3180 3075 2910 2440 2165 2085 2350 2340]
[3630 3340 3080 3135 3060 3260 3330 3070] [2890 2840 2535 1660 1505 2040 2450 2215]
COM7 0 11
4
[2785 2925 2935 2885 2900 2945 2955 3060] [3160 3225 3285 3135 3050 3065 3055 3265]
[2940 3130 3045 2955 2950 2885 2935 2935] [3190 3305 2880 2985 2920 3120 3220 2975]
[2965 3015 3025 2925 3000 2970 3060 2945] [3150 3095 2710 2640 2685 3105 2790 2775]
[3190 2970 3060 3030 3025 3040 3005 3020] [3005 2685 2895 2320 2380 2420 2440 2395]
[2905 3100 2865 2990 2995 3095 3030 3045] [2875 2950 2705 2145 1970 2205 2360 2405]
[2750 3060 3085 2950 2895 3015 3095 2895] [3270 2985 2645 2620 1980 2080 2270 2205]
[3135 3030 2945 2880 2970 3125 3010 3070] [3180 3075 2910 2440 2165 2085 2350 2340]
[3185 3315 3215 3025 3080 2925 3080 3085] [2890 2840 2535 1660 1505 2040 2450 2215]
COM3 1 12
4
[2785 2925 2935 2885 2900 2945 2955 3060] [3160 2840 3015 2770 2950 3200 3015 3000]
[2940 3130 3045 2955 2950 2885 2935 2935] [2835 2710 2550 2380 2725 2770 2745 2725]
[2965 3015 3025 2925 3000 2970 3060 2945] [2720 2480 2420 2010 2395 2515 2875 2640]
[3190 2970 3060 3030 3025 3040 3005 3020] [3075 2665 2445 2000 2015 2280 2545 2460]
[2905 3100 2865 2990 2995 3095 3030 3045] [2875 2580 2450 1820 1900 2430 2455 2530]
[2750 3060 3085 2950 2895 3015 3095 2895] [2780 2615 1275 1215 1255 2080 2560 2410]
[3135 3030 2945 2880 2970 3125 3010 3070] [2660 1660 1085 1255 1270 1660 2510 2410]
[3185 3315 3215 3025 3080 2925 3080 3085] [2285 1300 1430 1640 1500 1750 2400 2285]
COM7 0 13
4
[2910 2710 2835 2810 2885 2775 2830 3005] [3160 2840 3015 2770 2950 3200 3015 3000]
[2845 2985 3070 2965 2850 2850 2900 2955] [2835 2710 2550 2380 2725 2770 2745 2725]
[2820 2905 2780 2840 2805 2820 2915 2960] [2720 2480 2420 2010 2395 2515 2875 2640]
[2815 2935 2980 2800 2870 2885 2910 2845] [3075 2665 2445 2000 2015 2280 2545 2460]
[2895 2920 2810 2955 3175 2850 2960 2845] [2875 2580 2450 1820 1900 2430 2455 2530]
[2985 2965 2975 2915 2795 2995 3005 2695] [2780 2615 1275 1215 1255 2080 2560 2410]
[3000 2915 2775 2835 3035 2900 2935 2925] [2660 1660 1085 1255 1270 1660 2510 2410]
[3010 2910 2785 3025 2960 2990 2955 2790] [2285 1300 1430 1640 1500 1750 2400 2285]
COM3 1 14
4
[2910 2710 2835 2810 2885 2775 2830 3005] [2455 2385 1605  935  750 1325 2150 2360]
[2845 2985 3070 2965 2850 2850 2900 2955] [2425 1875  965  985  940  945 2170 2175]
[2820 2905 2780 2840 2805 2820 2915 2960] [2355 1705 1200 1300 1365 1060 2025 2065]
[2815 2935 2980 2800 2870 2885 2910 2845] [2130 1500 1510 1515 1365 1530 2130 2000]
[2895 2920 2810 2955 3175 2850 2960 2845] [1970 1540 1620 1500 1510 2145 2245 1920]
[2985 2965 2975 2915 2795 2995 3005 2695] [1805 1580 1645 1725 1645 2505 2245 2005]
[3000 2915 2775 2835 3035 2900 2935 2925] [1865 1780 1820 1690 1900 2350 1965 1970]
[3010 2910 2785 3025 2960 2990 2955 2790] [2035 1905 1880 1885 2145 1995 1765 1895]
COM7 0 15
4
[2750 2910 2665 2820 2900 2850 2880 2790] [2455 2385 1605  935  750 1325 2150 2360]
[3055 3050 2885 2880 2880 2975 2910 2860] [2425 1875  965  985  940  945 2170 2175]
[2820 2965 3120 2895 2795 2935 3070 2720] [2355 1705 1200 1300 1365 1060 2025 2065]
[2780 2910 3060 2995 3045 2875 2910 2725] [2130 1500 1510 1515 1365 1530 2130 2000]
[3155 3025 3030 2905 3025 2845 3015 2965] [1970 1540 1620 1500 1510 2145 2245 1920]
[3010 2800 3155 3015 2895 2995 2995 2755] [1805 1580 1645 1725 1645 2505 2245 2005]
[3035 3085 2930 2955 2920 3100 2925 2675] [1865 1780 1820 1690 1900 2350 1965 1970]
[3140 2830 2905 3155 2850 2850 2710 2330] [2035 1905 1880 1885 2145 1995 1765 1895]
COM3 1 16
4
[2750 2910 2665 2820 2900 2850 2880 2790] [2885 2360 2025 1515 1640 1490 1465 2400]
[3055 3050 2885 2880 2880 2975 2910 2860] [2470 2310 1820 1615 1610 1560 1885 2280]
[2820 2965 3120 2895 2795 2935 3070 2720] [2790 2360 1665 1635 1675 1515 2175 2260]
[2780 2910 3060 2995 3045 2875 2910 2725] [2585 2185 1775 1720 1670 1590 2185 2005]
[3155 3025 3030 2905 3025 2845 3015 2965] [2575 2145 1935 1675 1755 1835 2245 2050]
[3010 2800 3155 3015 2895 2995 2995 2755] [2495 2395 2075 1980 1940 2205 2130 1825]
[3035 3085 2930 2955 2920 3100 2925 2675] [2525 2345 2265 2075 1985 1880 1930 2130]
[3140 2830 2905 3155 2850 2850 2710 2330] [2580 2525 2135 1745 1525 1710 1655 1885]
COM7 0 17
4
[2775 2605 2700 2775 2770 2690 2740 2645] [2885 2360 2025 1515 1640 1490 1465 2400]
[2795 2745 2855 2860 2810 2820 2750 2805] [2470 2310 1820 1615 1610 1560 1885 2280]
[2715 2850 2780 2865 2730 2900 2730 2755] [2790 2360 1665 1635 1675 1515 2175 2260]
[2850 2885 2935 2770 2960 2790 2960 2525] [2585 2185 1775 1720 1670 1590 2185 2005]
[2735 2775 2880 2890 2835 2860 3005 2610] [2575 2145 1935 1675 1755 1835 2245 2050]
[2875 2810 2865 2850 2845 2825 2895 2715] [2495 2395 2075 1980 1940 2205 2130 1825]
[2710 2770 2855 2810 2765 2800 2670 2765] [2525 2345 2265 2075 1985 1880 1930 2130]
[3075 2795 2810 2850 2815 2965 2870 2955] [2580 2525 2135 1745 1525 1710 1655 1885]
COM3 1 18
4
[2775 2605 2700 2775 2770 2690 2740 2645] [3270 2970 2760 2110 1865 1765 1650 1915]
[2795 2745 2855 2860 2810 2820 2750 2805] [3245 2890 2545 2220 1805 1780 1705 2025]
[2715 2850 2780 2865 2730 2900 2730 2755] [3145 2905 2665 2275 2125 2000 2015 2345]
[2850 2885 2935 2770 2960 2790 2960 2525] [2975 2800 2730 2250 2060 2010 2080 2060]
[2735 2775 2880 2890 2835 2860 3005 2610] [3140 3120 2710 2260 1780 1705 1940 2100]
[2875 2810 2865 2850 2845 2825 2895 2715] [3215 3260 2985 2330 2000 1800 1855 2185]
[2710 2770 2855 2810 2765 2800 2670 2765] [3100 3390 3065 2600 1940 1740 1850 1915]
[3075 2795 2810 2850 2815 2965 2870 2955] [3560 3350 3025 2710 2225 1875 1820 1915]
COM7 0 19
4
[2700 2595 2595 2785 2680 2740 2895 2470] [3270 2970 2760 2110 1865 1765 1650 1915]
[2740 2785 2740 2725 2825 2795 2710 2605] [3245 2890 2545 2220 1805 1780 1705 2025]
[2580 2715 2705 2785 2740 2755 2810 2610] [3145 2905 2665 2275 2125 2000 2015 2345]
[2815 2655 2770 2730 2800 2840 2910 2555] [2975 2800 2730 2250 2060 2010 2080 2060]
[2890 2845 2800 2760 2850 2695 2860 2625] [3140 3120 2710 2260 1780 1705 1940 2100]
[2695 2685 2750 2805 2680 2775 2740 2495] [3215 3260 2985 2330 2000 1800 1855 2185]
[2885 2745 2665 2715 2685 2850 2480 2480] [3100 3390 3065 2600 1940 1740 1850 1915]
[2745 2715 2700 2800 2660 2775 2550 2165] [3560 3350 3025 2710 2225 1875 1820 1915]
COM3 1 20
4
[2700 2595 2595 2785 2680 2740 2895 2470] [2800 2375 1795 1605 1860 1755 2455 2900]
[2740 2785 2740 2725 2825 2795 2710 2605] [2690 2290 2100 1655 1745 2040 2590 2905]
[2580 2715 2705 2785 2740 2755 2810 2610] [2835 2495 2025 1945 2150 2340 2505 2775]
[2815 2655 2770 2730 2800 2840 2910 2555] [2890 2625 2220 1965 1795 1845 2320 2630]
[2890 2845 2800 2760 2850 2695 2860 2625] [2960 2775 2360 1845 1775 1995 2245 2700]
[2695 2685 2750 2805 2680 2775 2740 2495] [3020 2980 2725 2235 1865 1805 2025 2305]
[2885 2745 2665 2715 2685 2850 2480 2480] [3650 3015 2865 2310 2115 1915 1955 2155]
[2745 2715 2700 2800 2660 2775 2550 2165] [3220 3305 3025 2785 2175 1895 2010 1855]
COM7 0 21
4
[2825 2715 2640 2725 2850 2785 2745 2850] [2800 2375 1795 1605 1860 1755 2455 2900]
[2920 2865 2810 2855 2765 2735 2775 2705] [2690 2290 2100 1655 1745 2040 2590 2905]
[2710 2840 2875 2790 2740 2745 2585 2660] [2835 2495 2025 1945 2150 2340 2505 2775]
[2750 2880 2930 2670 2750 2550 2335 2195] [2890 2625 2220 1965 1795 1845 2320 2630]
[2990 2840 2785 2755 2820 2505 2290 1965] [2960 2775 2360 1845 1775 1995 2245 2700]
[2830 3055 2845 2710 2645 2550 2335 1880] [3020 2980 2725 2235 1865 1805 2025 2305]
[2670 2985 2970 2935 2655 2450 2010 1850] [3650 3015 2865 2310 2115 1915 1955 2155]
[2950 3020 2700 2905 2685 2620 2175 1425] [3220 3305 3025 2785 2175 1895 2010 1855]
COM3 1 22
4
[2825 2715 2640 2725 2850 2785 2745 2850] [2825 2605 2000 1690 1845 1585 1785 2685]
[2920 2865 2810 2855 2765 2735 2775 2705] [2720 2500 2170 1685 1600 1560 2380 2805]
[2710 2840 2875 2790 2740 2745 2585 2660] [2625 2305 1965 1910 1940 2075 2340 2840]
[2750 2880 2930 2670 2750 2550 2335 2195] [2365 2300 2130 1805 1845 2000 2370 2705]
[2990 2840 2785 2755 2820 2505 2290 1965] [2180 1965 2035 1685 1845 1885 2335 2600]
[2830 3055 2845 2710 2645 2550 2335 1880] [2170 2160 1985 1920 1805 1800 2210 2410]
[2670 2985 2970 2935 2655 2450 2010 1850] [2320 1720 1975 1770 1775 1635 1825 2245]
[2950 3020 2700 2905 2685 2620 2175 1425] [2485 2335 2070 1875 1520 1590 1880 2025]
COM7 0 23
4
[2865 2785 2775 2790 2760 2715 2590 2320] [2825 2605 2000 1690 1845 1585 1785 2685]
[2680 2790 2800 2770 2775 2805 2510 2300] [2720 2500 2170 1685 1600 1560 2380 2805]
[2690 2825 2825 2750 2675 2700 2385 2335] [2625 2305 1965 1910 1940 2075 2340 2840]
[2755 2835 2795 2680 2875 2650 2125 2240] [2365 2300 2130 1805 1845 2000 2370 2705]
[2835 2885 2840 2690 2890 2565 2295 2345] [2180 1965 2035 1685 1845 1885 2335 2600]
[2835 2980 2915 2850 2600 2455 2380 2315] [2170 2160 1985 1920 1805 1800 2210 2410]
[2760 2795 2900 2735 2645 2640 2265 2195] [2320 1720 1975 1770 1775 1635 1825 2245]
[2845 2950 2855 2680 2755 2595 2455 2120] [2485 2335 2070 1875 1520 1590 1880 2025]
COM3 1 24
4
[2865 2785 2775 2790 2760 2715 2590 2320] [2835 2710 2620 2585 2225 1760 1650 1650]
[2680 2790 2800 2770 2775 2805 2510 2300] [2880 2620 2395 2315 2075 1680 1615 1505]
[2690 2825 2825 2750 2675 2700 2385 2335] [2835 2625 2290 2200 2130 1570 1590 1405]
[2755 2835 2795 2680 2875 2650 2125 2240] [2730 2380 2335 2205 2160 1470 1430 1320]
[2835 2885 2840 2690 2890 2565 2295 2345] [2525 2445 2495 2030 2025 1590 1725 2175]
[2835 2980 2915 2850 2600 2455 2380 2315] [2540 2510 2545 2465 1965 1815 2145 2490]
[2760 2795 2900 2735 2645 2640 2265 2195] [2460 2355 2560 2460 2175 1960 1915 2505]
[2845 2950 2855 2680 2755 2595 2455 2120] [2205 2255 2435 2495 1905 1765 1960 2250]
COM7 0 25
4
[2935 2775 2960 2960 2745 2635 2380 1195] [2835 2710 2620 2585 2225 1760 1650 1650]
[2995 3000 2800 2995 2750 2590 2285 1115] [2880 2620 2395 2315 2075 1680 1615 1505]
[2825 2785 3100 2855 2680 2340 1905  945] [2835 2625 2290 2200 2130 1570 1590 1405]
[2750 2740 2865 2690 2520 2125 1630 1105] [2730 2380 2335 2205 2160 1470 1430 1320]
[3270 2825 3200 2770 2520 1925 1620 1425] [2525 2445 2495 2030 2025 1590 1725 2175]
[2895 3010 2935 2780 2355 1725 1735 1455] [2540 2510 2545 2465 1965 1815 2145 2490]
[3000 2965 2645 2775 2440 2115 1705 1665] [2460 2355 2560 2460 2175 1960 1915 2505]
[2995 2600 3050 3020 2660 2435 2080 1640] [2205 2255 2435 2495 1905 1765 1960 2250]
COM3 1 26
4
[2935 2775 2960 2960 2745 2635 2380 1195] [2915 3085 3180 3100 2995 2435 1970 1975]
[2995 3000 2800 2995 2750 2590 2285 1115] [2605 2635 2965 2925 2695 2510 1790 1785]
[2825 2785 3100 2855 2680 2340 1905  945] [2575 2510 2760 2665 2530 2295 1740 1825]
[2750 2740 2865 2690 2520 2125 1630 1105] [2450 2510 2510 2785 2550 2255 1880 1845]
[3270 2825 3200 2770 2520 1925 1620 1425] [2690 2535 2780 2760 2440 2275 2045 2010]
[2895 3010 2935 2780 2355 1725 1735 1455] [2585 2495 2915 2795 2415 2120 2170 2420]
[3000 2965 2645 2775 2440 2115 1705 1665] [2575 2905 3045 2980 2365 1900 2075 2465]
[2995 2600 3050 3020 2660 2435 2080 1640] [2635 2735 3005 2720 2260 1925 2060 2370]
COM7 0 27
4
[3055 2865 2920 2830 2575 2420 1890 1270] [2915 3085 3180 3100 2995 2435 1970 1975]
[3075 2960 2865 2750 2675 2375 1455 1390] [2605 2635 2965 2925 2695 2510 1790 1785]
[2865 2990 2750 2615 2540 1980 1355 1470] [2575 2510 2760 2665 2530 2295 1740 1825]
[2875 2670 2835 2380 2070 1880 1495 1415] [2450 2510 2510 2785 2550 2255 1880 1845]
[3195 2885 2425 2375 1970 1665 1715 1560] [2690 2535 2780 2760 2440 2275 2045 2010]
[2680 2405 2540 1955 1600 1645 1570 1465] [2585 2495 2915 2795 2415 2120 2170 2420]
[2635 2505 2235 1865 1645 1760 1485 1430] [2575 2905 3045 2980 2365 1900 2075 2465]
[2850 2915 2450 1930 1550 1795 1715 1425] [2635 2735 3005 2720 2260 1925 2060 2370]
COM3 1 28
4
[3055 2865 2920 2830 2575 2420 1890 1270] [2570 2370 2715 2570 2340 1525 1660 1825]
[3075 2960 2865 2750 2675 2375 1455 1390] [2410 2390 2685 2600 2155 1655 1705 1845]
[2865 2990 2750 2615 2540 1980 1355 1470] [2350 2680 2660 2445 2235 1900 1895 2120]
[2875 2670 2835 2380 2070 1880 1495 1415] [2310 2515 2800 2460 2080 1960 2305 2480]
[3195 2885 2425 2375 1970 1665 1715 1560] [2320 2815 2945 2405 2095 1935 2175 2400]
[2680 2405 2540 1955 1600 1645 1570 1465] [2415 2640 2720 2535 1890 1900 2160 2405]
[2635 2505 2235 1865 1645 1760 1485 1430] [2375 2645 2345 2120 2095 1980 2015 2410]
[2850 2915 2450 1930 1550 1795 1715 1425] [2210 2510 2125 2060 1860 1570 2095 2380]
COM7 0 29
4
[3085 2950 2825 2865 2590 2550 2520 2035] [2570 2370 2715 2570 2340 1525 1660 1825]
[2865 2960 2915 2825 2585 2450 2335 1830] [2410 2390 2685 2600 2155 1655 1705 1845]
[2860 2770 2620 2600 2485 2320 2255 1615] [2350 2680 2660 2445 2235 1900 1895 2120]
[2960 2995 2860 2595 2420 2115 1980 1550] [2310 2515 2800 2460 2080 1960 2305 2480]
[3010 2620 2850 2675 2495 1880 1870 1735] [2320 2815 2945 2405 2095 1935 2175 2400]
[2835 2905 2725 2460 2130 2140 1900 1700] [2415 2640 2720 2535 1890 1900 2160 2405]
[2790 2850 2505 2345 2200 2190 1720 1655] [2375 2645 2345 2120 2095 1980 2015 2410]
[2790 2655 2305 2105 2135 2400 2220 1650] [2210 2510 2125 2060 1860 1570 2095 2380]
COM3 1 30
4
[3085 2950 2825 2865 2590 2550 2520 2035] [2630 2795 2990 2425 2085 1800 1755 1830]
[2865 2960 2915 2825 2585 2450 2335 1830] [2480 2935 2845 2465 2120 1800 1720 1770]
[2860 2770 2620 2600 2485 2320 2255 1615] [2545 2785 2630 2390 2065 1970 2050 2395]
[2960 2995 2860 2595 2420 2115 1980 1550] [2540 3045 2640 2170 1930 1995 2385 2625]
[3010 2620 2850 2675 2495 1880 1870 1735] [2520 2575 2420 1930 1985 1935 2310 2825]
[2835 2905 2725 2460 2130 2140 1900 1700] [2235 2290 2340 2060 1750 1900 2320 2760]
[2790 2850 2505 2345 2200 2190 1720 1655] [2160 2245 2100 1840 1875 1830 2060 2595]
[2790 2655 2305 2105 2135 2400 2220 1650] [2455 2390 2015 1855 1900 1860 2085 2540]
COM7 0 31
4
[2740 2590 2815 2775 2860 2750 2925 2425] [2630 2795 2990 2425 2085 1800 1755 1830]
[2745 2885 2765 2965 2755 2670 2735 2275] [2480 2935 2845 2465 2120 1800 1720 1770]
[2755 2615 2685 2735 2680 2825 2695 2305] [2545 2785 2630 2390 2065 1970 2050 2395]
[2785 2505 2450 2255 2335 2650 2530 2220] [2540 3045 2640 2170 1930 1995 2385 2625]
[2790 2520 2455 2165 2265 2070 2285 2025] [2520 2575 2420 1930 1985 1935 2310 2825]
[2675 2555 2535 2135 2025 1975 2195 1885] [2235 2290 2340 2060 1750 1900 2320 2760]
[2975 2830 2380 2115 1980 2075 2150 1890] [2160 2245 2100 1840 1875 1830 2060 2595]
[3010 2665 2230 2130 2110 2405 2525 1745] [2455 2390 2015 1855 1900 1860 2085 2540]
COM3 1 32
4
[2740 2590 2815 2775 2860 2750 2925 2425] [2160 2460 2660 2585 2035 1675 1770 1825]
[2745 2885 2765 2965 2755 2670 2735 2275] [1880 2405 2540 2280 1835 1715 1715 1780]
[2755 2615 2685 2735 2680 2825 2695 2305] [2225 2145 2375 2235 2030 1670 1740 2060]
[2785 2505 2450 2255 2335 2650 2530 2220] [1985 2120 2305 2110 1840 2075 2490 2795]
[2790 2520 2455 2165 2265 2070 2285 2025] [1800 1975 2130 1680 1715 2140 2725 2860]
[2675 2555 2535 2135 2025 1975 2195 1885] [1905 1685 1820 1925 1885 2320 2760 3250]
[2975 2830 2380 2115 1980 2075 2150 1890] [2010 2095 1835 1675 1980 2250 2770 3135]
[3010 2665 2230 2130 2110 2405 2525 1745] [2320 2240 1770 1880 2050 2290 2690 2995]
COM7 0 33
4
[2795 2640 2795 2670 2840 2725 2810 2805] [2160 2460 2660 2585 2035 1675 1770 1825]
[2660 2865 2745 2910 2890 2850 2775 2605] [1880 2405 2540 2280 1835 1715 1715 1780]
[2490 2655 3005 2870 2910 2925 2765 2420] [2225 2145 2375 2235 2030 1670 1740 2060]
[2760 2415 2630 2865 2680 2870 2530 2575] [1985 2120 2305 2110 1840 2075 2490 2795]
[2390 2365 2105 2270 2740 2640 2865 2390] [1800 1975 2130 1680 1715 2140 2725 2860]
[2465 2300 2265 2230 2685 2800 2760 2435] [1905 1685 1820 1925 1885 2320 2760 3250]
[2545 2335 2170 2275 2195 2775 2590 2165] [2010 2095 1835 1675 1980 2250 2770 3135]
[2770 2215 2070 2090 2525 2725 2350 2060] [2320 2240 1770 1880 2050 2290 2690 2995]
COM3 1 34
4
[2795 2640 2795 2670 2840 2725 2810 2805] [1730 1455 1435 1580 1820 2015 2500 3005]
[2660 2865 2745 2910 2890 2850 2775 2605] [1770 1485 1435 1600 1865 2425 2820 2790]
[2490 2655 3005 2870 2910 2925 2765 2420] [1895 1695 1590 1885 2435 2710 2945 3070]
[2760 2415 2630 2865 2680 2870 2530 2575] [1785 2145 2105 2435 2685 3010 3070 3150]
[2390 2365 2105 2270 2740 2640 2865 2390] [1785 1940 2005 2165 2690 3035 2875 3150]
[2465 2300 2265 2230 2685 2800 2760 2435] [2140 1915 2020 2175 2540 3035 3240 3355]
[2545 2335 2170 2275 2195 2775 2590 2165] [2255 2185 2165 2115 2490 2985 3035 3165]
[2770 2215 2070 2090 2525 2725 2350 2060] [2505 2110 2120 2125 2445 2850 3070 3055]
COM7 0 35
4
[2780 2735 2715 2825 2855 2805 2850 2715] [1730 1455 1435 1580 1820 2015 2500 3005]
[2720 2890 2895 2910 2865 2850 2615 2635] [1770 1485 1435 1600 1865 2425 2820 2790]
[2390 2345 2595 2680 2795 2940 2665 2380] [1895 1695 1590 1885 2435 2710 2945 3070]
[2045 2330 2330 2480 2750 2675 2545 2335] [1785 2145 2105 2435 2685 3010 3070 3150]
[2070 2105 2215 2445 2560 2890 3030 2300] [1785 1940 2005 2165 2690 3035 2875 3150]
[2390 2290 2060 2460 2575 2625 2595 2175] [2140 1915 2020 2175 2540 3035 3240 3355]
[2295 2245 2260 2600 2715 2680 2580 2070] [2255 2185 2165 2115 2490 2985 3035 3165]
[2375 2170 2390 2640 2720 2815 2425 1785] [2505 2110 2120 2125 2445 2850 3070 3055]
COM3 1 36
4
[2780 2735 2715 2825 2855 2805 2850 2715] [1700 1780 1940 2010 2525 2755 3000 3130]
[2720 2890 2895 2910 2865 2850 2615 2635] [1625 1660 1735 1915 2695 3045 2955 3110]
[2390 2345 2595 2680 2795 2940 2665 2380] [1575 1610 1625 2290 2990 2795 3170 2840]
[2045 2330 2330 2480 2750 2675 2545 2335] [1410 1435 2370 2690 3095 3080 3225 2975]
[2070 2105 2215 2445 2560 2890 3030 2300] [1245 2100 2325 2415 2910 2915 3180 3245]
[2390 2290 2060 2460 2575 2625 2595 2175] [1600 1915 2275 2595 2805 2915 2685 3060]
[2295 2245 2260 2600 2715 2680 2580 2070] [1785 1750 2135 2425 2435 2935 2840 3085]
[2375 2170 2390 2640 2720 2815 2425 1785] [1895 1900 2115 2225 2430 2390 2565 2895]
COM7 0 37
4
[2405 2305 2565 2875 2910 2680 2925 2445] [1700 1780 1940 2010 2525 2755 3000 3130]
[2695 2255 2170 2570 2600 2755 2820 2305] [1625 1660 1735 1915 2695 3045 2955 3110]
[2140 2125 2300 2360 2555 2905 2600 2160] [1575 1610 1625 2290 2990 2795 3170 2840]
[2435 2295 2380 2475 2705 2880 2590 1895] [1410 1435 2370 2690 3095 3080 3225 2975]
[2415 2245 2130 2315 2710 2645 2515 2085] [1245 2100 2325 2415 2910 2915 3180 3245]
[2350 1995 2435 2530 2655 2795 2305 1675] [1600 1915 2275 2595 2805 2915 2685 3060]
[2135 2125 2245 2610 2860 2660 2275 1720] [1785 1750 2135 2425 2435 2935 2840 3085]
[2395 2155 2235 2925 3035 2625 2230 1705] [1895 1900 2115 2225 2430 2390 2565 2895]
COM3 1 38
4
[2405 2305 2565 2875 2910 2680 2925 2445] [2010 2290 2510 2770 3015 3115 3095 2970]
[2695 2255 2170 2570 2600 2755 2820 2305] [2110 2060 2425 2755 2950 3010 3055 3070]
[2140 2125 2300 2360 2555 2905 2600 2160] [2425 2390 2560 2705 3145 3105 3040 2910]
[2435 2295 2380 2475 2705 2880 2590 1895] [2340 2525 2610 2830 3065 2945 3175 2940]
[2415 2245 2130 2315 2710 2645 2515 2085] [2085 2350 2640 2760 3075 3155 3195 3345]
[2350 1995 2435 2530 2655 2795 2305 1675] [1735 2275 2520 3055 3000 3185 3005 3340]
[2135 2125 2245 2610 2860 2660 2275 1720] [1625 2390 2370 2795 3300 3355 3110 3340]
[2395 2155 2235 2925 3035 2625 2230 1705] [1705 1955 2355 2800 2770 2955 3215 2880]
COM7 0 39
4
[2765 2345 1820 2255 2375 2640 2680 2270] [2010 2290 2510 2770 3015 3115 3095 2970]
[2650 2095 1990 2215 2480 2665 2725 2245] [2110 2060 2425 2755 2950 3010 3055 3070]
[2220 1895 1820 2080 2550 2685 2525 2060] [2425 2390 2560 2705 3145 3105 3040 2910]
[2250 1920 2040 2165 2675 2770 2460 1825] [2340 2525 2610 2830 3065 2945 3175 2940]
[2010 1920 2170 2430 3010 2490 2325 1705] [2085 2350 2640 2760 3075 3155 3195 3345]
[1815 1650 2180 2535 2515 2495 2105 1650] [1735 2275 2520 3055 3000 3185 3005 3340]
[1820 1880 1975 2440 2755 2600 1825 1480] [1625 2390 2370 2795 3300 3355 3110 3340]
[1970 1600 1855 2270 2315 2255 1825 1550] [1705 1955 2355 2800 2770 2955 3215 2880]
COM3 1 40
4
[2765 2345 1820 2255 2375 2640 2680 2270] [2345 2370 2620 2820 3090 3220 3145 3230]
[2650 2095 1990 2215 2480 2665 2725 2245] [2195 2360 2580 3125 3070 3180 3010 2910]
[2220 1895 1820 2080 2550 2685 2525 2060] [2105 2215 2655 2955 3115 2945 3130 3000]
[2250 1920 2040 2165 2675 2770 2460 1825] [2070 2450 2600 2910 3035 3150 3170 3315]
[2010 1920 2170 2430 3010 2490 2325 1705] [2020 2610 2805 2900 3185 3090 3395 3320]
[1815 1650 2180 2535 2515 2495 2105 1650] [1820 2060 2500 2905 3050 3170 3160 3360]
[1820 1880 1975 2440 2755 2600 1825 1480] [2260 2385 2485 2920 3240 3080 3085 3290]
[1970 1600 1855 2270 2315 2255 1825 1550] [2335 2330 2355 2820 3155 3170 3135 3250]
COM7 0 41
4
[2645 2305 2095 2210 2360 2620 3000 2585] [2345 2370 2620 2820 3090 3220 3145 3230]
[2570 2310 1865 2190 2415 2670 2620 2305] [2195 2360 2580 3125 3070 3180 3010 2910]
[2405 2270 1975 2105 2525 2815 2535 2130] [2105 2215 2655 2955 3115 2945 3130 3000]
[2380 1985 2055 2080 2510 2775 2310 1750] [2070 2450 2600 2910 3035 3150 3170 3315]
[2315 1940 1625 1985 2520 2565 2125 1895] [2020 2610 2805 2900 3185 3090 3395 3320]
[2135 1825 1905 2035 2350 2430 2005 1595] [1820 2060 2500 2905 3050 3170 3160 3360]
[2085 1955 1785 1675 1980 2070 1720 1560] [2260 2385 2485 2920 3240 3080 3085 3290]
[2535 2235 1755 1900 2010 1935 1760 1585] [2335 2330 2355 2820 3155 3170 3135 3250]
COM3 1 42
4
[2645 2305 2095 2210 2360 2620 3000 2585] [2630 2320 2545 2820 3395 3235 3045 3350]
[2570 2310 1865 2190 2415 2670 2620 2305] [2440 2285 2535 2910 3025 3095 3055 3260]
[2405 2270 1975 2105 2525 2815 2535 2130] [2175 2405 2795 2900 3145 3350 3140 3180]
[2380 1985 2055 2080 2510 2775 2310 1750] [2260 2365 2690 2975 3020 3105 3260 3025]
[2315 1940 1625 1985 2520 2565 2125 1895] [2060 2395 2680 2975 2990 3090 3350 3215]
[2135 1825 1905 2035 2350 2430 2005 1595] [1930 2200 2695 3070 2880 3240 3160 3250]
[2085 1955 1785 1675 1980 2070 1720 1560] [2100 2380 2600 3125 3200 3075 3035 3500]
[2535 2235 1755 1900 2010 1935 1760 1585] [2075 2265 2715 3085 3255 2850 3105 3300]
COM7 0 43
4
[2570 2210 1985 1960 2235 2235 2185  950] [2630 2320 2545 2820 3395 3235 3045 3350]
[2580 2225 1715 2010 2175 2210 1360  845] [2440 2285 2535 2910 3025 3095 3055 3260]
[2275 2055 1855 1730 1845 1785  820 1055] [2175 2405 2795 2900 3145 3350 3140 3180]
[2350 1900 1820 1645 1795 1525  815 1135] [2260 2365 2690 2975 3020 3105 3260 3025]
[2505 1835 1610 1600 1665 1375 1105 1160] [2060 2395 2680 2975 2990 3090 3350 3215]
[2305 1965 1985 1705 1450 1340 1470 1365] [1930 2200 2695 3070 2880 3240 3160 3250]
[2595 2080 1755 1610 1405 1395 1310 1545] [2100 2380 2600 3125 3200 3075 3035 3500]
[2735 2280 1800 1605 1460 1380 1480 1535] [2075 2265 2715 3085 3255 2850 3105 3300]
COM3 1 44
4
[2570 2210 1985 1960 2235 2235 2185  950] [1940 2240 2455 2910 3240 3160 3015 3155]
[2580 2225 1715 2010 2175 2210 1360  845] [2160 2130 2505 3130 3000 3325 3200 2975]
[2275 2055 1855 1730 1845 1785  820 1055] [2085 2215 2775 3010 3190 3015 3155 2900]
[2350 1900 1820 1645 1795 1525  815 1135] [1885 2265 2745 2895 3270 3295 3160 3070]
[2505 1835 1610 1600 1665 1375 1105 1160] [2080 2530 2910 2625 3135 3000 3090 3180]
[2305 1965 1985 1705 1450 1340 1470 1365] [1985 2220 2910 3355 3205 3125 3170 3275]
[2595 2080 1755 1610 1405 1395 1310 1545] [2045 2245 2800 2830 3270 3190 3245 3355]
[2735 2280 1800 1605 1460 1380 1480 1535] [1950 2215 2450 2990 3030 2925 3245 3205]
COM7 0 45
4
[2330 1805 1705 1825 1580 1160 1115 1230] [1940 2240 2455 2910 3240 3160 3015 3155]
[2090 1915 1565 1520 1335 1000 1145 1320] [2160 2130 2505 3130 3000 3325 3200 2975]
[1865 1645 1505 1325  720 1125 1290 1230] [2085 2215 2775 3010 3190 3015 3155 2900]
[1755 1530 1490 1035  890 1215 1200 1260] [1885 2265 2745 2895 3270 3295 3160 3070]
[2080 1570 1405  800  950 1185 1195 1640] [2080 2530 2910 2625 3135 3000 3090 3180]
[2035 1655 1530 1145  980 1205 1425 2160] [1985 2220 2910 3355 3205 3125 3170 3275]
[2015 1660 1550 1470 1245 1330 1645 2145] [2045 2245 2800 2830 3270 3190 3245 3355]
[2760 2030 1625 1255 1505 1440 1955 1975] [1950 2215 2450 2990 3030 2925 3245 3205]
COM3 1 46
4
[2330 1805 1705 1825 1580 1160 1115 1230] [2330 2265 3055 3100 3195 3360 3190 3420]
[2090 1915 1565 1520 1335 1000 1145 1320] [2330 2345 3010 3110 3220 3300 3130 3020]
[1865 1645 1505 1325  720 1125 1290 1230] [2080 2610 3000 3055 3105 3115 3090 3215]
[1755 1530 1490 1035  890 1215 1200 1260] [2280 2535 2905 3040 3170 3055 3105 3050]
[2080 1570 1405  800  950 1185 1195 1640] [2060 2455 2890 3045 2970 3080 3185 3165]
[2035 1655 1530 1145  980 1205 1425 2160] [1990 2405 2720 3260 3170 3315 3275 3400]
[2015 1660 1550 1470 1245 1330 1645 2145] [2105 2305 2535 3045 3045 2975 3380 3145]
[2760 2030 1625 1255 1505 1440 1955 1975] [2210 2330 2585 2685 2770 2990 3225 3600]
COM7 0 47
4
[2325 1825 1515 1870 2060 2005 1955 2135] [2330 2265 3055 3100 3195 3360 3190 3420]
[2230 1820 1545 1805 1700 1510 1490 1605] [2330 2345 3010 3110 3220 3300 3130 3020]
[1715 1665 1505 1505 1260 1360 1470 1510] [2080 2610 3000 3055 3105 3115 3090 3215]
[1700 1530 1635 1285 1295 1350 1360 1390] [2280 2535 2905 3040 3170 3055 3105 3050]
[1555 1420 1235 1190 1310 1210 1345 1775] [2060 2455 2890 3045 2970 3080 3185 3165]
[1530 1025 1135 1215 1160 1235 1605 2460] [1990 2405 2720 3260 3170 3315 3275 3400]
[1340  795  900 1115 1055 1415 1920 2430] [2105 2305 2535 3045 3045 2975 3380 3145]
[1310    0  675  760  940 2015 2080 2530] [2210 2330 2585 2685 2770 2990 3225 3600]
COM3 1 48
4
[2325 1825 1515 1870 2060 2005 1955 2135] [2175 2195 2545 2980 3260 3115 3110 3100]
[2230 1820 1545 1805 1700 1510 1490 1605] [2155 2175 2790 2925 2925 3195 3060 3095]
[1715 1665 1505 1505 1260 1360 1470 1510] [1905 2420 2810 2920 3145 3105 3225 3070]
[1700 1530 1635 1285 1295 1350 1360 1390] [2175 2710 2925 3100 2945 3220 3345 3030]
[1555 1420 1235 1190 1310 1210 1345 1775] [2105 2690 2945 3060 3025 3005 3205 3060]
[1530 1025 1135 1215 1160 1235 1605 2460] [2070 2480 3065 3100 3175 3220 3145 3370]
[1340  795  900 1115 1055 1415 1920 2430] [2260 2750 3025 2915 3345 3130 3120 3145]
[1310    0  675  760  940 2015 2080 2530] [2185 2585 2745 3020 3065 2925 3285 3370]
COM7 0 49
4
[2965 2535 2160 2090 2165 2375 2940 2885] [2175 2195 2545 2980 3260 3115 3110 3100]
[2635 2700 2035 1950 2005 2345 2715 3175] [2155 2175 2790 2925 2925 3195 3060 3095]
[2885 2560 1940 1780 1685 1935 2350 2725] [1905 2420 2810 2920 3145 3105 3225 3070]
[2790 2435 2120 1755 1615 1765 2110 2575] [2175 2710 2925 3100 2945 3220 3345 3030]
[2605 2500 1940 1590 1825 1900 2335 2375] [2105 2690 2945 3060 3025 3005 3205 3060]
[2455 2370 2240 2245 2180 2310 2315 2395] [2070 2480 3065 3100 3175 3220 3145 3370]
[2520 2440 2345 2315 2240 2480 2270 2790] [2260 2750 3025 2915 3345 3130 3120 3145]
[2365 2090 1880 1825 1985 2365 2640 2820] [2185 2585 2745 3020 3065 2925 3285 3370]
COM3 1 50
4
[2965 2535 2160 2090 2165 2375 2940 2885] [2375 2415 2665 3135 3205 3145 3145 3405]
[2635 2700 2035 1950 2005 2345 2715 3175] [2110 2360 2855 3100 2865 3135 3095 3030]
[2885 2560 1940 1780 1685 1935 2350 2725] [2360 2345 2810 2865 3295 3125 3185 3160]
[2790 2435 2120 1755 1615 1765 2110 2575] [2260 2780 3080 3140 3380 3275 3200 3010]
[2605 2500 1940 1590 1825 1900 2335 2375] [2450 2690 2920 3065 3110 3235 3210 3240]
[2455 2370 2240 2245 2180 2310 2315 2395] [2095 2775 3310 3335 3335 3385 3395 3175]
[2520 2440 2345 2315 2240 2480 2270 2790] [2315 2720 3215 3335 3475 3410 3395 3490]
[2365 2090 1880 1825 1985 2365 2640 2820] [2325 2570 2925 3295 3290 3165 3475 3235]
COM7 0 51
4
[2675 2740 2305 2170 1950 2255 2420 2705] [2375 2415 2665 3135 3205 3145 3145 3405]
[2830 2750 2525 2125 2030 2120 2515 2745] [2110 2360 2855 3100 2865 3135 3095 3030]
[2560 2735 2340 2045 1750 2225 2575 2710] [2360 2345 2810 2865 3295 3125 3185 3160]
[2505 2595 2205 1795 1985 2210 2590 2570] [2260 2780 3080 3140 3380 3275 3200 3010]
[2415 2125 1820 1800 2080 2165 2805 2815] [2450 2690 2920 3065 3110 3235 3210 3240]
[2105 1695 1755 1650 1765 2305 2545 2660] [2095 2775 3310 3335 3335 3385 3395 3175]
[2040 1665 1535 1560 1565 2280 2460 2410] [2315 2720 3215 3335 3475 3410 3395 3490]
[2020 1590 1430 1520 1670 2150 2505 2795] [2325 2570 2925 3295 3290 3165 3475 3235]
COM3 1 52
4
[2675 2740 2305 2170 1950 2255 2420 2705] [2370 2680 3040 2810 2905 3045 2835 2900]
[2830 2750 2525 2125 2030 2120 2515 2745] [2530 2865 3035 3015 2755 3030 2935 2865]
[2560 2735 2340 2045 1750 2225 2575 2710] [2490 2835 2665 2790 3085 2810 2895 2840]
[2505 2595 2205 1795 1985 2210 2590 2570] [2800 2780 3000 3165 3040 2840 3070 2880]
[2415 2125 1820 1800 2080 2165 2805 2815] [2600 2795 3065 2820 2960 2795 2950 3085]
[2105 1695 1755 1650 1765 2305 2545 2660] [2110 2790 3300 3450 2785 3235 2935 2950]
[2040 1665 1535 1560 1565 2280 2460 2410] [2100 2650 3055 3135 3075 3405 3015 2925]
[2020 1590 1430 1520 1670 2150 2505 2795] [2060 2500 2850 3385 3225 2845 3215 3270]
COM7 0 53
4
[2885 2775 2515 2385 2000 2310 2700 3000] [2370 2680 3040 2810 2905 3045 2835 2900]
[3145 2840 2490 1940 2080 2330 2610 2975] [2530 2865 3035 3015 2755 3030 2935 2865]
[2640 2655 2250 1880 2200 2640 2920 3095] [2490 2835 2665 2790 3085 2810 2895 2840]
[2500 2340 2370 2025 2230 2570 2865 2960] [2800 2780 3000 3165 3040 2840 3070 2880]
[2235 1960 2175 1875 2450 2685 3080 3060] [2600 2795 3065 2820 2960 2795 2950 3085]
[1615 1815 1740 1755 2415 2575 2950 3005] [2110 2790 3300 3450 2785 3235 2935 2950]
[1550 1635 1495 1930 2260 2540 3070 2845] [2100 2650 3055 3135 3075 3405 3015 2925]
[1735 1390 1570 1450 1885 2630 3020 3155] [2060 2500 2850 3385 3225 2845 3215 3270]
COM3 1 54
4
[2885 2775 2515 2385 2000 2310 2700 3000] [2825 3050 3180 3065 3260 3165 3000 3335]
[3145 2840 2490 1940 2080 2330 2610 2975] [2870 2850 3245 3105 3015 3210 3220 3125]
[2640 2655 2250 1880 2200 2640 2920 3095] [3245 3015 2970 3035 3195 3025 3080 3030]
[2500 2340 2370 2025 2230 2570 2865 2960] [3030 3170 3055 3090 3070 2980 3275 3270]
[2235 1960 2175 1875 2450 2685 3080 3060] [2740 3175 3455 3040 3235 3250 3305 3280]
[1615 1815 1740 1755 2415 2575 2950 3005] [2170 3005 2905 3135 3055 3180 3230 3415]
[1550 1635 1495 1930 2260 2540 3070 2845] [1945 2530 3105 3295 3235 3280 3305 3100]
[1735 1390 1570 1450 1885 2630 3020 3155] [2095 2405 2655 3235 3445 3380 3415 3300]
COM7 0 55
4
[2310 2165 2045 1905 1910 2125 2580 2765] [2825 3050 3180 3065 3260 3165 3000 3335]
[2145 2245 1735 1835 2165 2440 2685 2650] [2870 2850 3245 3105 3015 3210 3220 3125]
[1655 1690 1705 1825 2050 2395 2790 2780] [3245 3015 2970 3035 3195 3025 3080 3030]
[1400 1450 1675 2125 2280 2680 2730 2695] [3030 3170 3055 3090 3070 2980 3275 3270]
[1540 1615 1685 1785 2335 2700 2760 2770] [2740 3175 3455 3040 3235 3250 3305 3280]
[1290 1345 1775 1850 2240 2625 2585 2845] [2170 3005 2905 3135 3055 3180 3230 3415]
[ 690 1465 1470 2000 2140 2375 3040 2720] [1945 2530 3105 3295 3235 3280 3305 3100]
[1030 1570 1570 1770 2085 2525 3065 2820] [2095 2405 2655 3235 3445 3380 3415 3300]
COM3 1 56
4
[2310 2165 2045 1905 1910 2125 2580 2765] [3075 2895 3340 2875 3180 3140 2875 3275]
[2145 2245 1735 1835 2165 2440 2685 2650] [3000 2910 2955 3195 3125 3200 3250 3035]
[1655 1690 1705 1825 2050 2395 2790 2780] [3110 3205 2960 2950 3095 3255 3245 3310]
[1400 1450 1675 2125 2280 2680 2730 2695] [3140 3110 3180 3030 3165 3175 3025 3085]
[1540 1615 1685 1785 2335 2700 2760 2770] [2845 3060 3100 3145 3000 3285 3285 3280]
[1290 1345 1775 1850 2240 2625 2585 2845] [2640 2955 2890 3075 3095 3235 3280 3335]
[ 690 1465 1470 2000 2140 2375 3040 2720] [2155 2680 3335 3200 3115 2970 3295 3390]
[1030 1570 1570 1770 2085 2525 3065 2820] [2210 2465 2955 3330 3010 3165 2995 3420]
COM7 0 57
4
[1730 2350 2305 2205 2320 2545 2985 3080] [3075 2895 3340 2875 3180 3140 2875 3275]
[ 835 2265 2240 2215 2270 2715 2925 3070] [3000 2910 2955 3195 3125 3200 3250 3035]
[ 685 2025 1965 2100 2325 2795 3020 3255] [3110 3205 2960 2950 3095 3255 3245 3310]
[1355 1945 1945 2130 2310 2785 3050 3135] [3140 3110 3180 3030 3165 3175 3025 3085]
[1940 1960 1855 2055 2790 2910 3050 3460] [2845 3060 3100 3145 3000 3285 3285 3280]
[2105 2035 2130 2310 2420 2950 3280 3145] [2640 2955 2890 3075 3095 3235 3280 3335]
[1920 1965 1835 2185 2825 2955 2935 3110] [2155 2680 3335 3200 3115 2970 3295 3390]
[1880 2050 1805 2075 2460 3040 3255 3280] [2210 2465 2955 3330 3010 3165 2995 3420]
COM3 1 58
4
[1730 2350 2305 2205 2320 2545 2985 3080] [2825 3075 2990 2975 2820 2915 3015 3275]
[ 835 2265 2240 2215 2270 2715 2925 3070] [2675 2775 2940 2770 2955 2875 2900 2990]
[ 685 2025 1965 2100 2325 2795 3020 3255] [3160 3095 3160 2920 3130 3045 3105 2840]
[1355 1945 1945 2130 2310 2785 3050 3135] [2865 2910 3150 3010 2845 3005 3005 2925]
[1940 1960 1855 2055 2790 2910 3050 3460] [2980 2960 3095 2725 3060 2880 2875 3095]
[2105 2035 2130 2310 2420 2950 3280 3145] [2605 3095 3160 3305 3210 3025 3125 3175]
[1920 1965 1835 2185 2825 2955 2935 3110] [2565 3020 3075 2810 3125 3145 3135 3115]
[1880 2050 1805 2075 2460 3040 3255 3280] [2565 3040 3045 3190 2990 3095 3165 2895]
COM7 0 59
4
[1175 1590 1980 1945 2125 2280 2820 2905] [2825 3075 2990 2975 2820 2915 3015 3275]
[1320 1745 2105 1980 2300 2545 2770 2835] [2675 2775 2940 2770 2955 2875 2900 2990]
[1190 1620 1855 2045 2215 2645 2845 2720] [3160 3095 3160 2920 3130 3045 3105 2840]
[1225 1530 2070 2050 2420 2685 2925 2770] [2865 2910 3150 3010 2845 3005 3005 2925]
[1290 1600 1935 2080 2520 2740 3025 3030] [2980 2960 3095 2725 3060 2880 2875 3095]
[1390 1835 2095 2145 2545 3015 3035 2685] [2605 3095 3160 3305 3210 3025 3125 3175]
[1820 1905 1885 2315 2490 2985 2920 2850] [2565 3020 3075 2810 3125 3145 3135 3115]
[1815 1860 2015 2235 2485 2705 3065 2995] [2565 3040 3045 3190 2990 3095 3165 2895]
COM3 1 60
4
[1175 1590 1980 1945 2125 2280 2820 2905] [2245 3045 3035 3150 3235 3135 3175 3335]
[1320 1745 2105 1980 2300 2545 2770 2835] [2445 3000 3035 3140 3080 3405 3055 3095]
[1190 1620 1855 2045 2215 2645 2845 2720] [2595 3140 2910 3025 3235 3240 3260 3345]
[1225 1530 2070 2050 2420 2685 2925 2770] [3000 3265 3055 3120 3020 3195 3320 3250]
[1290 1600 1935 2080 2520 2740 3025 3030] [3015 3360 3185 3035 3145 3140 3105 3400]
[1390 1835 2095 2145 2545 3015 3035 2685] [3235 3295 2970 3165 3175 3085 3390 3020]
[1820 1905 1885 2315 2490 2985 2920 2850] [3255 3270 3385 3180 3320 3305 3540 3670]
[1815 1860 2015 2235 2485 2705 3065 2995] [2795 3275 3240 3360 3005 3305 3315 3315]
COM7 0 61
4
[1510 2215 1620 2210 2505 2580 2640 2605] [2245 3045 3035 3150 3235 3135 3175 3335]
[1650 2320 1955 2270 2435 2635 2660 2360] [2445 3000 3035 3140 3080 3405 3055 3095]
[1595 2285 2050 2445 2705 2620 2615 2405] [2595 3140 2910 3025 3235 3240 3260 3345]
[1785 2280 2460 2640 2585 2800 2530 2640] [3000 3265 3055 3120 3020 3195 3320 3250]
[2095 2175 2440 2550 2555 2695 2730 2590] [3015 3360 3185 3035 3145 3140 3105 3400]
[1610 1825 2290 2550 2500 2850 2510 2475] [3235 3295 2970 3165 3175 3085 3390 3020]
[1480 1665 2105 2240 2510 2395 2395 2705] [3255 3270 3385 3180 3320 3305 3540 3670]
[1405 1490 2005 2260 2665 2440 2550 2515] [2795 3275 3240 3360 3005 3305 3315 3315]
COM3 1 62
4
[1510 2215 1620 2210 2505 2580 2640 2605] [1690 2660 3075 2975 3075 3135 2965 3060]
[1650 2320 1955 2270 2435 2635 2660 2360] [2005 2695 2830 2840 3100 3055 3005 2910]
[1595 2285 2050 2445 2705 2620 2615 2405] [2370 2705 2835 2935 3075 3005 3140 3135]
[1785 2280 2460 2640 2585 2800 2530 2640] [2775 2935 3110 2970 3080 3170 3055 3050]
[2095 2175 2440 2550 2555 2695 2730 2590] [2635 3040 3250 3065 3145 3075 3030 2960]
[1610 1825 2290 2550 2500 2850 2510 2475] [3140 2870 2910 3310 3140 3230 3135 3340]
[1480 1665 2105 2240 2510 2395 2395 2705] [3085 3160 3225 3195 3185 3175 3270 3260]
[1405 1490 2005 2260 2665 2440 2550 2515] [3035 3085 3175 3520 3150 3270 3215 3205]
COM7 0 63
4
[1690 2145 2555 2645 2905 2905 3060 3160] [1690 2660 3075 2975 3075 3135 2965 3060]
[1875 2525 3030 3040 3015 2860 3135 3085] [2005 2695 2830 2840 3100 3055 3005 2910]
[2005 2515 2745 2905 3090 2955 2935 3050] [2370 2705 2835 2935 3075 3005 3140 3135]
[2395 2635 2925 2920 2945 3040 3065 2870] [2775 2935 3110 2970 3080 3170 3055 3050]
[2585 3015 3075 2830 3210 2990 2950 3050] [2635 3040 3250 3065 3145 3075 3030 2960]
[2325 2790 2980 3020 3025 2975 3200 3280] [3140 2870 2910 3310 3140 3230 3135 3340]
[1885 2550 2720 2920 3220 3055 3085 2940] [3085 3160 3225 3195 3185 3175 3270 3260]
[1975 2370 3045 2800 3015 3045 3425 3000] [3035 3085 3175 3520 3150 3270 3215 3205]
COM3 1 64
4
[1690 2145 2555 2645 2905 2905 3060 3160] [2350 2840 3195 3010 3045 3125 3205 3060]
[1875 2525 3030 3040 3015 2860 3135 3085] [2655 2920 3105 2865 2990 3050 3155 2875]
[2005 2515 2745 2905 3090 2955 2935 3050] [2800 3050 3115 2870 3110 2980 3085 3245]
[2395 2635 2925 2920 2945 3040 3065 2870] [2970 2990 3245 2995 3150 3160 3055 3100]
[2585 3015 3075 2830 3210 2990 2950 3050] [2850 3100 3070 3090 3195 2895 3110 3315]
[2325 2790 2980 3020 3025 2975 3200 3280] [3215 3035 2905 3225 3010 3230 3190 3240]
[1885 2550 2720 2920 3220 3055 3085 2940] [3085 3000 3150 3045 2965 3025 3235 3070]
[1975 2370 3045 2800 3015 3045 3425 3000] [2865 3480 3220 3335 3150 3225 3445 3100]
COM7 0 65
4
[1300 1930 2490 2605 2660 2705 3025 2970] [2350 2840 3195 3010 3045 3125 3205 3060]
[1285 2210 2735 2800 2780 2825 2795 2920] [2655 2920 3105 2865 2990 3050 3155 2875]
[1070 2110 2715 2735 2835 3025 2905 3045] [2800 3050 3115 2870 3110 2980 3085 3245]
[1080 2245 2960 2675 2845 2930 2765 2830] [2970 2990 3245 2995 3150 3160 3055 3100]
[1005 2405 2770 2820 3030 2740 2910 2950] [2850 3100 3070 3090 3195 2895 3110 3315]
[1470 2475 2805 2860 2755 2955 2835 2905] [3215 3035 2905 3225 3010 3230 3190 3240]
[1665 2815 2820 2990 2850 2740 2510 2865] [3085 3000 3150 3045 2965 3025 3235 3070]
[2200 2465 3045 2930 2885 2950 3030 2765] [2865 3480 3220 3335 3150 3225 3445 3100]