COM4 1 6
0
[2350 2585 2615 2550 2665 2535 2755 2490] [2965 3005 3245 3120 3085 3045 3120 2885]
[3040 2975 2535 2910 2900 2650 2845 2675] [2925 3145 3185 3175 3145 3250 3205 2940]
[2785 2865 2740 2685 2700 2835 2700 2590] [2990 3275 3225 2960 3385 3025 3100 3130]
[2700 2695 2960 2785 2790 2765 2820 2595] [3355 3125 3255 3150 3190 3150 3150 2985]
[2840 2815 2910 2775 2885 2780 2745 2785] [3105 3430 3380 3130 3245 3230 3170 3055]
[2830 2765 2920 2800 2700 2780 2670 2755] [3080 3270 3250 3220 2975 3350 3165 3225]
[2825 2735 2780 2710 2800 2790 2765 2715] [3235 3220 3445 3200 3370 3100 3275 3235]
[2890 2910 2810 2915 2605 2875 2870 2680] [3100 3335 3360 3320 3055 3300 3360 2945]
COM8 0 7
0
[2685 2420 2635 2710 2545 2765 2785 2665] [2965 3005 3245 3120 3085 3045 3120 2885]
[2605 2870 2865 2705 2775 2760 2670 2735] [2925 3145 3185 3175 3145 3250 3205 2940]
[2565 2855 2780 2930 2865 2700 2795 2785] [2990 3275 3225 2960 3385 3025 3100 3130]
[2810 2665 2975 2920 2950 2795 2810 2805] [3355 3125 3255 3150 3190 3150 3150 2985]
[3000 2795 2905 2985 2875 2855 2950 2900] [3105 3430 3380 3130 3245 3230 3170 3055]
[2940 2830 3010 2860 2695 2945 2875 2750] [3080 3270 3250 3220 2975 3350 3165 3225]
[2570 2970 2925 2960 2890 2900 2855 2655] [3235 3220 3445 3200 3370 3100 3275 3235]
[2785 3020 2925 2820 2995 2690 2730 3020] [3100 3335 3360 3320 3055 3300 3360 2945]
COM4 1 8
0
[2685 2420 2635 2710 2545 2765 2785 2665] [3085 3205 2815 3150 3005 3140 2935 3270]
[2605 2870 2865 2705 2775 2760 2670 2735] [3305 3215 3485 3150 3120 3335 3030 2790]
[2565 2855 2780 2930 2865 2700 2795 2785] [3265 3275 3100 3175 3135 3190 3235 3065]
[2810 2665 2975 2920 2950 2795 2810 2805] [3160 3230 3330 3275 3120 3015 3055 3165]
[3000 2795 2905 2985 2875 2855 2950 2900] [3370 3165 3280 3285 3190 2990 3095 3195]
[2940 2830 3010 2860 2695 2945 2875 2750] [3210 3245 3250 3315 3120 3075 3040 3165]
[2570 2970 2925 2960 2890 2900 2855 2655] [2945 3340 3270 3190 3130 3330 3280 3145]
[2785 3020 2925 2820 2995 2690 2730 3020] [3390 3375 3275 3140 3330 2980 3170 3000]
COM8 0 9
0
[2800 2930 2775 2645 2605 2665 2580 2970] [3085 3205 2815 3150 3005 3140 2935 3270]
[2900 2875 2895 2755 2795 2785 2825 2945] [3305 3215 3485 3150 3120 3335 3030 2790]
[2825 2760 2795 2890 2770 2935 2845 2810] [3265 3275 3100 3175 3135 3190 3235 3065]
[3085 2845 2960 2925 2850 2800 3005 2855] [3160 3230 3330 3275 3120 3015 3055 3165]
[3060 2945 3050 2805 3045 2845 2910 3050] [3370 3165 3280 3285 3190 2990 3095 3195]
[3040 2950 3200 2935 2885 2890 2905 2845] [3210 3245 3250 3315 3120 3075 3040 3165]
[2795 3105 2595 2865 2870 2940 2760 2950] [2945 3340 3270 3190 3130 3330 3280 3145]
[3120 2940 2975 2845 2925 2965 2975 2910] [3390 3375 3275 3140 3330 2980 3170 3000]
COM4 1 10
0
[2800 2930 2775 2645 2605 2665 2580 2970] [2905 3030 3265 2905 3065 3180 2845 2820]
[2900 2875 2895 2755 2795 2785 2825 2945] [3220 3070 3335 2945 3035 3285 3185 2970]
[2825 2760 2795 2890 2770 2935 2845 2810] [3175 3080 3205 3180 3305 3110 3145 3135]
[3085 2845 2960 2925 2850 2800 3005 2855] [3180 3365 3270 3075 3165 3240 3095 3110]
[3060 2945 3050 2805 3045 2845 2910 3050] [3060 3165 3285 2970 3165 3270 3150 3035]
[3040 2950 3200 2935 2885 2890 2905 2845] [3050 3300 3385 3180 3105 3095 3090 2975]
[2795 3105 2595 2865 2870 2940 2760 2950] [3150 3315 3240 3205 3270 3185 3200 3115]
[3120 2940 2975 2845 2925 2965 2975 2910] [3430 3080 3340 3635 3265 3165 3070 2725]
COM8 0 11
0
[2800 2515 2775 2665 2685 2645 2725 2720] [2905 3030 3265 2905 3065 3180 2845 2820]
[2845 2770 2395 2820 2545 2885 2580 2455] [3220 3070 3335 2945 3035 3285 3185 2970]
[2550 2740 2730 2770 2865 2750 2635 2745] [3175 3080 3205 3180 3305 3110 3145 3135]
[2865 2770 2895 2675 2845 2715 2705 2610] [3180 3365 3270 3075 3165 3240 3095 3110]
[2870 2990 2815 2770 2795 2840 2865 2725] [3060 3165 3285 2970 3165 3270 3150 3035]
[2795 2880 2755 2785 2595 2785 2675 2495] [3050 3300 3385 3180 3105 3095 3090 2975]
[2930 2910 2615 2960 2835 2900 2635 2705] [3150 3315 3240 3205 3270 3185 3200 3115]
[2610 2670 2740 2795 2500 2965 3170 2685] [3430 3080 3340 3635 3265 3165 3070 2725]
COM4 1 12
0
[2800 2515 2775 2665 2685 2645 2725 2720] [3515 3255 3385 3240 3340 3390 2980 3025]
[2845 2770 2395 2820 2545 2885 2580 2455] [3480 3150 3175 3255 3310 3250 3195 3030]
[2550 2740 2730 2770 2865 2750 2635 2745] [3425 3120 3470 3215 3250 3100 3190 3095]
[2865 2770 2895 2675 2845 2715 2705 2610] [3545 3450 3615 3275 3345 3275 3305 2995]
[2870 2990 2815 2770 2795 2840 2865 2725] [3515 3640 3255 3265 3330 3035 3295 3045]
[2795 2880 2755 2785 2595 2785 2675 2495] [3150 3225 3260 3420 3120 3370 3180 2865]
[2930 2910 2615 2960 2835 2900 2635 2705] [3340 3580 3200 3345 3025 3205 3060 2880]
[2610 2670 2740 2795 2500 2965 3170 2685] [3260 3265 3365 3030 3355 3200 2990 2540]
COM8 0 13
0
[3005 2620 2495 2635 2530 2640 2705 2665] [3515 3255 3385 3240 3340 3390 2980 3025]
[2800 2815 2945 2840 2875 2755 2700 2530] [3480 3150 3175 3255 3310 3250 3195 3030]
[2835 2790 3050 2720 2785 2810 2695 2705] [3425 3120 3470 3215 3250 3100 3190 3095]
[2755 2910 2920 2780 2805 2890 2720 2895] [3545 3450 3615 3275 3345 3275 3305 2995]
[2795 2620 2955 2915 2975 2835 2940 2875] [3515 3640 3255 3265 3330 3035 3295 3045]
[2700 2795 2980 2905 2680 2990 3015 2800] [3150 3225 3260 3420 3120 3370 3180 2865]
[2545 2720 2895 3180 2705 2885 3005 2770] [3340 3580 3200 3345 3025 3205 3060 2880]
[3095 2900 3065 2775 3000 2875 2910 2775] [3260 3265 3365 3030 3355 3200 2990 2540]
COM4 1 14
0
[3005 2620 2495 2635 2530 2640 2705 2665] [2990 3345 3165 2880 2570 3110 3195 2375]
[2800 2815 2945 2840 2875 2755 2700 2530] [3140 2925 3290 2990 2850 3095 2825 2465]
[2835 2790 3050 2720 2785 2810 2695 2705] [3300 2980 3035 2985 3085 2795 2770 2585]
[2755 2910 2920 2780 2805 2890 2720 2895] [3125 3170 3250 3175 3125 3020 3000 2550]
[2795 2620 2955 2915 2975 2835 2940 2875] [3185 3320 3265 3005 3110 2980 3010 2555]
[2700 2795 2980 2905 2680 2990 3015 2800] [3210 3085 3350 3275 3120 3080 2805 2355]
[2545 2720 2895 3180 2705 2885 3005 2770] [3085 3145 3210 3130 3190 3105 2825 2415]
[3095 2900 3065 2775 3000 2875 2910 2775] [3305 3045 3135 3420 3260 3025 2545 2235]
COM8 0 15
0
[2520 2355 2875 2695 2460 2370 2590 2390] [2990 3345 3165 2880 2570 3110 3195 2375]
[2560 2810 2685 3035 2800 2720 2650 2715] [3140 2925 3290 2990 2850 3095 2825 2465]
[2690 2740 2705 2905 2670 2705 2735 2635] [3300 2980 3035 2985 3085 2795 2770 2585]
[2915 2720 3040 2755 2875 2875 2785 2675] [3125 3170 3250 3175 3125 3020 3000 2550]
[2735 2820 2945 2915 2815 2620 2810 2720] [3185 3320 3265 3005 3110 2980 3010 2555]
[2685 2980 2805 2720 2650 2810 2840 2670] [3210 3085 3350 3275 3120 3080 2805 2355]
[2810 2875 2790 2945 2870 2905 2475 2605] [3085 3145 3210 3130 3190 3105 2825 2415]
[2935 2700 2650 2675 2840 2900 2935 2620] [3305 3045 3135 3420 3260 3025 2545 2235]
COM4 1 16
0
[2520 2355 2875 2695 2460 2370 2590 2390] [2710 2925 3165 3100 3260 3035 2935 2390]
[2560 2810 2685 3035 2800 2720 2650 2715] [3070 3125 3270 3130 2940 2995 2950 2545]
[2690 2740 2705 2905 2670 2705 2735 2635] [3210 3260 3205 3180 3140 3200 2825 2730]
[2915 2720 3040 2755 2875 2875 2785 2675] [3280 3175 3225 3235 3155 3030 2915 2610]
[2735 2820 2945 2915 2815 2620 2810 2720] [3265 3455 3375 3065 3205 3125 2990 2455]
[2685 2980 2805 2720 2650 2810 2840 2670] [3210 3095 3190 3215 3155 3110 2825 2410]
[2810 2875 2790 2945 2870 2905 2475 2605] [3295 3290 3420 3270 3065 2855 2680 2355]
[2935 2700 2650 2675 2840 2900 2935 2620] [3255 3295 3090 3330 3140 2740 2280 2095]
COM8 0 17
0
[2470 2990 2830 2785 2685 2620 2590 2875] [2710 2925 3165 3100 3260 3035 2935 2390]
[3035 2950 2870 3025 2760 2715 2775 2960] [3070 3125 3270 3130 2940 2995 2950 2545]
[2885 2870 2985 2945 2970 2855 2815 2750] [3210 3260 3205 3180 3140 3200 2825 2730]
[2990 3010 3000 2840 2825 2810 2845 2745] [3280 3175 3225 3235 3155 3030 2915 2610]
[2895 3015 2800 2990 3005 2860 2925 2995] [3265 3455 3375 3065 3205 3125 2990 2455]
[2710 3015 3060 2945 2810 2840 3085 2940] [3210 3095 3190 3215 3155 3110 2825 2410]
[2710 2805 2775 2935 2845 3015 2510 3180] [3295 3290 3420 3270 3065 2855 2680 2355]
[3130 3040 2775 2750 2955 2895 2895 2755] [3255 3295 3090 3330 3140 2740 2280 2095]
COM4 1 18
0
[2470 2990 2830 2785 2685 2620 2590 2875] [3005 2910 2840 3045 3060 2935 2785 2415]
[3035 2950 2870 3025 2760 2715 2775 2960] [3000 3045 2855 3020 3120 3225 2890 2590]
[2885 2870 2985 2945 2970 2855 2815 2750] [3145 3095 3190 2985 3105 2935 2870 2560]
[2990 3010 3000 2840 2825 2810 2845 2745] [3200 3240 3290 3200 3090 3065 2805 2340]
[2895 3015 2800 2990 3005 2860 2925 2995] [3120 3110 3315 2945 3050 2930 2530 2125]
[2710 3015 3060 2945 2810 2840 3085 2940] [3040 3045 2925 2955 2850 2710 2455 2035]
[2710 2805 2775 2935 2845 3015 2510 3180] [3410 3215 3280 3030 2580 2125 1940 2105]
[3130 3040 2775 2750 2955 2895 2895 2755] [3350 3410 2990 2705 2440 1985 1805 1885]
COM8 0 19
0
[2755 2645 2755 2645 2920 2610 2590 2905] [3005 2910 2840 3045 3060 2935 2785 2415]
[2990 2675 2750 2945 2840 2950 2890 2875] [3000 3045 2855 3020 3120 3225 2890 2590]
[2800 2745 2890 2900 2810 2855 2885 2965] [3145 3095 3190 2985 3105 2935 2870 2560]
[2930 2865 3060 2945 2895 2875 2905 2860] [3200 3240 3290 3200 3090 3065 2805 2340]
[2775 3025 2850 2900 2980 2945 3040 3050] [3120 3110 3315 2945 3050 2930 2530 2125]
[3025 2940 2990 3095 2840 2995 2955 2895] [3040 3045 2925 2955 2850 2710 2455 2035]
[3055 2905 2960 2960 3045 2925 2935 2785] [3410 3215 3280 3030 2580 2125 1940 2105]
[3075 3065 2670 2975 2715 3110 2960 2775] [3350 3410 2990 2705 2440 1985 1805 1885]
COM4 1 20
0
[2755 2645 2755 2645 2920 2610 2590 2905] [3195 3145 3175 3250 3055 3025 2855 2165]
[2990 2675 2750 2945 2840 2950 2890 2875] [3080 3165 3400 3165 2990 3280 2890 2435]
[2800 2745 2890 2900 2810 2855 2885 2965] [3245 3290 3140 3050 3135 3060 2840 2435]
[2930 2865 3060 2945 2895 2875 2905 2860] [3465 3470 3315 3105 3155 2750 2600 2295]
[2775 3025 2850 2900 2980 2945 3040 3050] [3015 3220 3390 3090 2810 2445 2350 2120]
[3025 2940 2990 3095 2840 2995 2955 2895] [3055 3070 3025 2925 2420 2330 2125 1935]
[3055 2905 2960 2960 3045 2925 2935 2785] [3205 3195 2885 2565 2160 1740 2065 2020]
[3075 3065 2670 2975 2715 3110 2960 2775] [3040 2865 2535 2360 1915 1775 1805 2380]
COM8 0 21
0
[2585 2510 2715 2970 2780 2710 2735 2755] [3195 3145 3175 3250 3055 3025 2855 2165]
[3110 3160 2815 2795 2845 2850 3100 2955] [3080 3165 3400 3165 2990 3280 2890 2435]
[2670 2785 2940 2935 2780 2915 2840 2990] [3245 3290 3140 3050 3135 3060 2840 2435]
[2935 2855 2810 2925 2870 2945 2870 3025] [3465 3470 3315 3105 3155 2750 2600 2295]
[3000 2950 2875 2915 2995 2915 3010 3085] [3015 3220 3390 3090 2810 2445 2350 2120]
[2920 2670 3215 2830 2990 2945 3150 2945] [3055 3070 3025 2925 2420 2330 2125 1935]
[2925 3015 3045 2945 2905 3010 2875 2970] [3205 3195 2885 2565 2160 1740 2065 2020]
[2980 3130 3005 2875 2935 3065 3140 2780] [3040 2865 2535 2360 1915 1775 1805 2380]
COM4 1 22
0
[2585 2510 2715 2970 2780 2710 2735 2755] [2800 2920 2825 2640 2235 2120 2015 2120]
[3110 3160 2815 2795 2845 2850 3100 2955] [2905 2950 2795 2755 2395 2335 1990 2080]
[2670 2785 2940 2935 2780 2915 2840 2990] [3100 3165 2825 2605 2425 2245 2140 2135]
[2935 2855 2810 2925 2870 2945 2870 3025] [3205 3195 2930 2490 2405 2045 2125 2085]
[3000 2950 2875 2915 2995 2915 3010 3085] [2800 2800 2580 2195 2280 2165 2235 2315]
[2920 2670 3215 2830 2990 2945 3150 2945] [2775 2625 2450 2285 1920 2220 2260 2390]
[2925 3015 3045 2945 2905 3010 2875 2970] [2880 2515 2270 2220 2110 2215 2210 2520]
[2980 3130 3005 2875 2935 3065 3140 2780] [2850 2350 2025 1905 1960 1840 2005 2380]
COM8 0 23
0
[2835 2815 2845 2875 2935 2645 2850 2950] [2800 2920 2825 2640 2235 2120 2015 2120]
[2755 2890 2695 2935 2935 2805 2770 2710] [2905 2950 2795 2755 2395 2335 1990 2080]
[2845 2915 3050 2860 2865 2930 2810 2900] [3100 3165 2825 2605 2425 2245 2140 2135]
[2780 3105 2765 2790 2870 2885 2840 2985] [3205 3195 2930 2490 2405 2045 2125 2085]
[3000 2915 2960 2970 3030 3030 2955 3050] [2800 2800 2580 2195 2280 2165 2235 2315]
[3030 2985 3075 2905 2840 2910 2990 2860] [2775 2625 2450 2285 1920 2220 2260 2390]
[2800 3030 2735 2960 2870 2965 2770 2955] [2880 2515 2270 2220 2110 2215 2210 2520]
[2925 3015 3000 2785 2935 2730 3015 2925] [2850 2350 2025 1905 1960 1840 2005 2380]
COM4 1 24
0
[2835 2815 2845 2875 2935 2645 2850 2950] [3055 2505 2355 2140 2805 2910 2795 2475]
[2755 2890 2695 2935 2935 2805 2770 2710] [3100 2650 2540 2455 2540 3030 2850 2505]
[2845 2915 3050 2860 2865 2930 2810 2900] [3170 2750 2415 2440 2655 3005 2770 2580]
[2780 3105 2765 2790 2870 2885 2840 2985] [3080 2715 2515 2420 2680 2895 2740 2550]
[3000 2915 2960 2970 3030 3030 2955 3050] [2945 2460 2365 2245 2655 2885 2670 2545]
[3030 2985 3075 2905 2840 2910 2990 2860] [2765 2495 2155 2365 2720 2620 2440 2600]
[2800 3030 2735 2960 2870 2965 2770 2955] [2825 2315 2235 2360 2325 2430 2385 2560]
[2925 3015 3000 2785 2935 2730 3015 2925] [2670 2460 2100 2260 2360 2225 2150 2690]
COM8 0 25
0
[2615 2845 2760 2770 2515 2795 2835 2740] [3055 2505 2355 2140 2805 2910 2795 2475]
[3005 2890 2550 2945 2890 2785 2935 2850] [3100 2650 2540 2455 2540 3030 2850 2505]
[2925 2990 2890 2905 2820 2870 2860 2940] [3170 2750 2415 2440 2655 3005 2770 2580]
[2945 2915 3130 2970 2890 2820 2810 2805] [3080 2715 2515 2420 2680 2895 2740 2550]
[2865 3075 2955 2735 3000 2885 2965 2895] [2945 2460 2365 2245 2655 2885 2670 2545]
[2910 3000 3025 2940 2940 2995 2870 2735] [2765 2495 2155 2365 2720 2620 2440 2600]
[2820 2970 2945 3065 2970 3015 3045 3215] [2825 2315 2235 2360 2325 2430 2385 2560]
[2895 2835 2920 2885 2700 2940 2900 2955] [2670 2460 2100 2260 2360 2225 2150 2690]
COM4 1 26
0
[2615 2845 2760 2770 2515 2795 2835 2740] [2125 2190 2180 2690 2685 2620 2250 2295]
[3005 2890 2550 2945 2890 2785 2935 2850] [2190 2235 2205 2445 2745 2785 2580 2465]
[2925 2990 2890 2905 2820 2870 2860 2940] [2295 2115 2320 2455 2895 2750 2430 2550]
[2945 2915 3130 2970 2890 2820 2810 2805] [2345 2240 2210 2475 2725 2640 2485 2440]
[2865 3075 2955 2735 3000 2885 2965 2895] [2505 1875 2290 2235 2665 2345 2350 2550]
[2910 3000 3025 2940 2940 2995 2870 2735] [2555 2090 1920 2255 2545 2275 2405 2345]
[2820 2970 2945 3065 2970 3015 3045 3215] [2290 2045 2025 2145 2115 2350 2495 2805]
[2895 2835 2920 2885 2700 2940 2900 2955] [2520 1990 1980 1875 1940 2065 2240 2720]
COM8 0 27
0
[2875 2585 2755 2490 2800 2645 2820 3145] [2125 2190 2180 2690 2685 2620 2250 2295]
[3020 2980 2595 2750 2860 2790 2740 2730] [2190 2235 2205 2445 2745 2785 2580 2465]
[2900 2935 2970 2620 2785 2800 2805 2775] [2295 2115 2320 2455 2895 2750 2430 2550]
[2720 2725 2885 2895 2895 2805 2920 2740] [2345 2240 2210 2475 2725 2640 2485 2440]
[2810 3105 3135 2895 2935 2880 2910 2890] [2505 1875 2290 2235 2665 2345 2350 2550]
[2920 2880 2985 2900 2730 2900 2945 2935] [2555 2090 1920 2255 2545 2275 2405 2345]
[2670 3035 2855 2965 2725 2790 2675 2860] [2290 2045 2025 2145 2115 2350 2495 2805]
[2905 2845 2970 2895 2680 3080 3055 3075] [2520 1990 1980 1875 1940 2065 2240 2720]
COM4 1 28
0
[2875 2585 2755 2490 2800 2645 2820 3145] [2325 2295 2540 2800 3325 2365 2270 2375]
[3020 2980 2595 2750 2860 2790 2740 2730] [2415 2415 2245 2860 2935 2795 2510 2275]
[2900 2935 2970 2620 2785 2800 2805 2775] [2410 2380 2305 2795 2970 2390 2410 2445]
[2720 2725 2885 2895 2895 2805 2920 2740] [2125 2375 2470 2630 2765 2590 2610 2735]
[2810 3105 3135 2895 2935 2880 2910 2890] [2540 2355 2200 2380 2585 2485 2665 3010]
[2920 2880 2985 2900 2730 2900 2945 2935] [2110 2195 2100 2220 2415 2440 2605 3095]
[2670 3035 2855 2965 2725 2790 2675 2860] [2185 2190 2005 1950 2215 2520 2790 3095]
[2905 2845 2970 2895 2680 3080 3055 3075] [2425 1705 1885 2040 2300 2480 2965 3080]
COM8 0 29
0
[2645 2505 3015 2935 2965 2910 2985 2505] [2325 2295 2540 2800 3325 2365 2270 2375]
[3185 2870 2610 2910 2860 2810 2775 2680] [2415 2415 2245 2860 2935 2795 2510 2275]
[2720 2810 2985 2735 2715 2895 2725 2860] [2410 2380 2305 2795 2970 2390 2410 2445]
[3080 2965 3195 2925 2960 3035 2900 2835] [2125 2375 2470 2630 2765 2590 2610 2735]
[2840 2995 2830 3005 3015 2825 3010 2845] [2540 2355 2200 2380 2585 2485 2665 3010]
[2940 2990 3060 2970 2745 2900 2985 2890] [2110 2195 2100 2220 2415 2440 2605 3095]
[3005 2730 2930 3090 3035 2950 2835 2745] [2185 2190 2005 1950 2215 2520 2790 3095]
[3005 2750 2905 2905 2890 3005 3080 2800] [2425 1705 1885 2040 2300 2480 2965 3080]
COM4 1 30
0
[2645 2505 3015 2935 2965 2910 2985 2505] [2270 2140 2285 2795 2665 2350 2220 2555]
[3185 2870 2610 2910 2860 2810 2775 2680] [2235 2130 2430 2685 2570 2495 2345 2615]
[2720 2810 2985 2735 2715 2895 2725 2860] [2395 2110 2370 2640 2605 2585 2740 2835]
[3080 2965 3195 2925 2960 3035 2900 2835] [2150 1955 2105 2375 2480 2490 2825 2965]
[2840 2995 2830 3005 3015 2825 3010 2845] [2170 2030 2115 2205 2550 2750 3080 3020]
[2940 2990 3060 2970 2745 2900 2985 2890] [2205 1900 1900 2280 2540 2875 2925 3100]
[3005 2730 2930 3090 3035 2950 2835 2745] [1935 1800 2220 2520 2805 3005 2870 2990]
[3005 2750 2905 2905 2890 3005 3080 2800] [2020 1820 1865 2490 2720 3265 3285 3080]
COM8 0 31
0
[2875 2920 2640 2575 2805 2565 2910 2565] [2270 2140 2285 2795 2665 2350 2220 2555]
[2830 2600 2785 2840 2835 2900 2745 2865] [2235 2130 2430 2685 2570 2495 2345 2615]
[2575 2585 2680 2660 2935 2925 2795 2740] [2395 2110 2370 2640 2605 2585 2740 2835]
[2880 2870 2675 2840 2900 2970 2870 2800] [2150 1955 2105 2375 2480 2490 2825 2965]
[2895 2645 2910 2795 2915 2860 2875 2980] [2170 2030 2115 2205 2550 2750 3080 3020]
[2835 2905 2935 2910 2770 2905 2955 2705] [2205 1900 1900 2280 2540 2875 2925 3100]
[2735 2910 2775 2915 2955 2780 2640 2480] [1935 1800 2220 2520 2805 3005 2870 2990]
[2990 2800 2910 2960 2995 2745 2855 2230] [2020 1820 1865 2490 2720 3265 3285 3080]
COM4 1 32
0
[2875 2920 2640 2575 2805 2565 2910 2565] [2265 2150 2305 2440 2390 2210 2420 2650]
[2830 2600 2785 2840 2835 2900 2745 2865] [2245 2155 2325 2525 2535 2365 2710 2790]
[2575 2585 2680 2660 2935 2925 2795 2740] [2205 2145 2195 2325 2705 2595 2850 2935]
[2880 2870 2675 2840 2900 2970 2870 2800] [2165 1725 2160 2605 2735 2685 3020 3025]
[2895 2645 2910 2795 2915 2860 2875 2980] [1970 2130 2225 2305 2840 2840 3225 3045]
[2835 2905 2935 2910 2770 2905 2955 2705] [1680 2125 2460 2715 3080 3230 3160 3115]
[2735 2910 2775 2915 2955 2780 2640 2480] [2000 2150 2510 2935 3270 3185 3145 3420]
[2990 2800 2910 2960 2995 2745 2855 2230] [1780 2030 2405 3050 3120 3260 3165 3250]
COM8 0 33
0
[3025 2675 2765 2810 2370 2750 2970 2555] [2265 2150 2305 2440 2390 2210 2420 2650]
[2850 2950 2735 2970 2935 3000 2770 3010] [2245 2155 2325 2525 2535 2365 2710 2790]
[2890 2785 2955 2870 2845 3000 2855 2645] [2205 2145 2195 2325 2705 2595 2850 2935]
[3145 2900 2890 2890 2845 2835 2925 2690] [2165 1725 2160 2605 2735 2685 3020 3025]
[2825 2850 2960 2860 2975 2855 3025 3000] [1970 2130 2225 2305 2840 2840 3225 3045]
[2940 3085 3155 2935 2785 2970 2835 2530] [1680 2125 2460 2715 3080 3230 3160 3115]
[3045 2865 2620 2955 2955 2700 2465 2125] [2000 2150 2510 2935 3270 3185 3145 3420]
[2760 2905 3005 2785 2940 2600 1905 1810] [1780 2030 2405 3050 3120 3260 3165 3250]
COM4 1 34
0
[3025 2675 2765 2810 2370 2750 2970 2555] [2155 1695 2180 2105 2715 2875 2990 3025]
[2850 2950 2735 2970 2935 3000 2770 3010] [2055 1900 2325 2445 2570 2955 3105 2990]
[2890 2785 2955 2870 2845 3000 2855 2645] [1985 2035 2315 2650 2940 2985 2975 3060]
[3145 2900 2890 2890 2845 2835 2925 2690] [2000 2365 2585 3045 3025 3000 3050 2915]
[2825 2850 2960 2860 2975 2855 3025 3000] [1945 2075 2575 2880 3015 3115 3040 3165]
[2940 3085 3155 2935 2785 2970 2835 2530] [1605 2105 2575 3180 3020 3135 3110 3120]
[3045 2865 2620 2955 2955 2700 2465 2125] [1960 2295 2655 3105 3200 2970 3175 3370]
[2760 2905 3005 2785 2940 2600 1905 1810] [1925 2350 2725 3305 3150 3175 3015 3095]
COM8 0 35
0
[2570 2830 2615 2875 2530 2725 2835 2060] [2155 1695 2180 2105 2715 2875 2990 3025]
[2795 2890 2980 2970 2730 2805 2685 2385] [2055 1900 2325 2445 2570 2955 3105 2990]
[2945 2650 2950 2850 2755 2720 2790 2470] [1985 2035 2315 2650 2940 2985 2975 3060]
[3065 3005 2895 3045 2860 2995 2655 2560] [2000 2365 2585 3045 3025 3000 3050 2915]
[2925 2855 2905 2905 3010 2705 2590 2475] [1945 2075 2575 2880 3015 3115 3040 3165]
[3160 2885 3005 2990 2730 2595 2250 2175] [1605 2105 2575 3180 3020 3135 3110 3120]
[2995 3025 2775 2910 2590 2310 1825 2420] [1960 2295 2655 3105 3200 2970 3175 3370]
[3015 3085 2655 2610 2470 2490 2220 2145] [1925 2350 2725 3305 3150 3175 3015 3095]
COM4 1 36
0
[2570 2830 2615 2875 2530 2725 2835 2060] [1955 2220 2670 2795 3155 2935 2975 2975]
[2795 2890 2980 2970 2730 2805 2685 2385] [2070 2215 2775 3055 2860 3045 3175 2920]
[2945 2650 2950 2850 2755 2720 2790 2470] [2020 2240 2970 3070 3220 2980 3010 3055]
[3065 3005 2895 3045 2860 2995 2655 2560] [2170 2305 2790 2995 3115 3045 3055 3035]
[2925 2855 2905 2905 3010 2705 2590 2475] [1815 2235 2690 2910 3200 3140 3180 3170]
[3160 2885 3005 2990 2730 2595 2250 2175] [1900 2290 2810 3030 3115 3095 3105 3170]
[2995 3025 2775 2910 2590 2310 1825 2420] [1960 2555 3060 3115 3190 3075 3005 3230]
[3015 3085 2655 2610 2470 2490 2220 2145] [2200 2595 2845 3165 2845 3245 3405 3210]
COM8 0 37
0
[2825 2735 2670 2350 2005 2015 2095 2435] [1955 2220 2670 2795 3155 2935 2975 2975]
[2895 2810 2635 2975 2320 2015 2185 2470] [2070 2215 2775 3055 2860 3045 3175 2920]
[2805 2845 2990 2640 2360 2120 2310 2465] [2020 2240 2970 3070 3220 2980 3010 3055]
[2950 2970 2815 2770 2505 2415 2200 2560] [2170 2305 2790 2995 3115 3045 3055 3035]
[2840 2910 2895 2785 2520 2110 2325 2515] [1815 2235 2690 2910 3200 3140 3180 3170]
[2720 2765 3070 2885 2430 2180 2185 2410] [1900 2290 2810 3030 3115 3095 3105 3170]
[2700 2795 2735 2645 2390 2095 2215 2580] [1960 2555 3060 3115 3190 3075 3005 3230]
[2770 2755 2985 2530 2365 2055 1900 1940] [2200 2595 2845 3165 2845 3245 3405 3210]
COM4 1 38
0
[2825 2735 2670 2350 2005 2015 2095 2435] [2205 2320 2845 3085 3035 3125 2820 3080]
[2895 2810 2635 2975 2320 2015 2185 2470] [2310 2320 2840 2985 2985 3125 3050 2855]
[2805 2845 2990 2640 2360 2120 2310 2465] [2015 2545 2745 2975 3030 3095 2945 3145]
[2950 2970 2815 2770 2505 2415 2200 2560] [1915 2550 2920 3050 2975 2935 3075 2995]
[2840 2910 2895 2785 2520 2110 2325 2515] [2220 2500 2905 3060 3080 3060 3110 3045]
[2720 2765 3070 2885 2430 2180 2185 2410] [2140 2600 3110 3205 3010 3160 3255 3145]
[2700 2795 2735 2645 2390 2095 2215 2580] [2160 2755 3180 2915 2990 3140 3165 3075]
[2770 2755 2985 2530 2365 2055 1900 1940] [2435 2865 3270 3140 3010 3100 3130 3140]
COM8 0 39
0
[2550 2260 2295 1925 2020 2165 2455 2715] [2205 2320 2845 3085 3035 3125 2820 3080]
[2950 3045 2595 2335 2330 2290 2670 2710] [2310 2320 2840 2985 2985 3125 3050 2855]
[3045 2585 2895 2345 2195 2275 2650 2715] [2015 2545 2745 2975 3030 3095 2945 3145]
[2845 3010 2765 2225 2380 2080 2420 2610] [1915 2550 2920 3050 2975 2935 3075 2995]
[2820 2890 2660 2485 2310 2150 2565 2625] [2220 2500 2905 3060 3080 3060 3110 3045]
[2700 3040 2705 2620 2105 2265 2400 2410] [2140 2600 3110 3205 3010 3160 3255 3145]
[2810 2910 2800 2585 2180 2195 1915 2205] [2160 2755 3180 2915 2990 3140 3165 3075]
[2925 2865 2970 2440 2105 1875 1895 1825] [2435 2865 3270 3140 3010 3100 3130 3140]
COM4 1 40
0
[2550 2260 2295 1925 2020 2165 2455 2715] [2060 2350 3115 3110 3100 3055 3220 3120]
[2950 3045 2595 2335 2330 2290 2670 2710] [2195 2460 3010 2990 3075 3135 3085 2925]
[3045 2585 2895 2345 2195 2275 2650 2715] [2275 2770 2985 2890 3285 3135 3130 2950]
[2845 3010 2765 2225 2380 2080 2420 2610] [2380 3075 3030 3115 3175 3110 3195 2995]
[2820 2890 2660 2485 2310 2150 2565 2625] [2480 2950 3100 2975 2990 3015 3220 3105]
[2700 3040 2705 2620 2105 2265 2400 2410] [2425 3015 3060 3175 3085 3230 3100 3225]
[2810 2910 2800 2585 2180 2195 1915 2205] [2480 3255 3340 3000 3240 3025 3010 3380]
[2925 2865 2970 2440 2105 1875 1895 1825] [2850 3255 3340 3205 3395 3230 3295 3045]
COM8 0 41
0
[2820 2340 1935 1950 2015 2165 2525 2455] [2060 2350 3115 3110 3100 3055 3220 3120]
[2530 2555 2350 2225 2050 2335 2415 2325] [2195 2460 3010 2990 3075 3135 3085 2925]
[2805 2940 2550 2240 2330 2325 2550 2585] [2275 2770 2985 2890 3285 3135 3130 2950]
[2790 2960 2715 2375 2345 2370 2430 2180] [2380 3075 3030 3115 3175 3110 3195 2995]
[2960 2885 2530 2460 2350 2195 2370 2210] [2480 2950 3100 2975 2990 3015 3220 3105]
[2965 3045 2785 2365 1975 1925 1680 1835] [2425 3015 3060 3175 3085 3230 3100 3225]
[2970 2680 2810 2450 1855 1610 1410 1530] [2480 3255 3340 3000 3240 3025 3010 3380]
[2905 2570 2675 1915 1475 1645 1320 1565] [2850 3255 3340 3205 3395 3230 3295 3045]
COM4 1 42
0
[2820 2340 1935 1950 2015 2165 2525 2455] [2310 2660 3045 2900 3175 2880 3225 3135]
[2530 2555 2350 2225 2050 2335 2415 2325] [2440 3125 3090 3040 3095 3170 3180 3075]
[2805 2940 2550 2240 2330 2325 2550 2585] [2765 3110 3200 3250 3135 3100 3150 3000]
[2790 2960 2715 2375 2345 2370 2430 2180] [3135 3285 3260 3225 3140 3150 3110 3185]
[2960 2885 2530 2460 2350 2195 2370 2210] [2980 3160 3220 3040 3065 3105 3375 3230]
[2965 3045 2785 2365 1975 1925 1680 1835] [3040 3245 3050 3200 3170 3075 3250 3095]
[2970 2680 2810 2450 1855 1610 1410 1530] [3135 3345 3125 2955 3330 3075 3120 3205]
[2905 2570 2675 1915 1475 1645 1320 1565] [3450 3350 3275 3400 3125 3110 3170 3195]
COM8 0 43
0
[2840 2750 1605 1805 1875 2265 2655 2070] [2310 2660 3045 2900 3175 2880 3225 3135]
[2895 2730 2415 2270 2320 2320 2565 2095] [2440 3125 3090 3040 3095 3170 3180 3075]
[2840 2765 2505 2420 2205 2435 2335 2180] [2765 3110 3200 3250 3135 3100 3150 3000]
[2840 2815 2610 2205 2280 1955 1985 2035] [3135 3285 3260 3225 3140 3150 3110 3185]
[2945 2790 2595 2230 2030 1690 2080 2215] [2980 3160 3220 3040 3065 3105 3375 3230]
[2900 2690 2560 1850 1585 1610 1670 1835] [3040 3245 3050 3200 3170 3075 3250 3095]
[2905 2580 2295 2065 1585 1580 1585 2395] [3135 3345 3125 2955 3330 3075 3120 3205]
[2865 2630 1980 1730 1605 1845 2165 2550] [3450 3350 3275 3400 3125 3110 3170 3195]
COM4 1 44
0
[2840 2750 1605 1805 1875 2265 2655 2070] [2685 3140 3145 3160 2875 3220 3015 3305]
[2895 2730 2415 2270 2320 2320 2565 2095] [3120 2885 3015 3055 3080 3325 3120 2960]
[2840 2765 2505 2420 2205 2435 2335 2180] [3095 3155 3115 2950 3130 3120 3040 3000]
[2840 2815 2610 2205 2280 1955 1985 2035] [3100 3120 3280 3080 3060 3155 3050 3075]
[2945 2790 2595 2230 2030 1690 2080 2215] [3210 2945 3155 2960 3205 3060 3200 3140]
[2900 2690 2560 1850 1585 1610 1670 1835] [3055 3020 3195 3170 3245 3245 3160 3055]
[2905 2580 2295 2065 1585 1580 1585 2395] [3145 3210 3235 3215 3250 3140 3290 3105]
[2865 2630 1980 1730 1605 1845 2165 2550] [3570 3295 3145 3365 3360 3000 3240 3235]
COM8 0 45
0
[2300 2005 2275 2005 1885 1945 1575 1560] [2685 3140 3145 3160 2875 3220 3015 3305]
[2565 2655 2355 2245 2215 1855 1730 1870] [3120 2885 3015 3055 3080 3325 3120 2960]
[2695 2805 2240 2235 1985 1790 2040 1830] [3095 3155 3115 2950 3130 3120 3040 3000]
[2870 2685 2275 2060 1820 1900 2100 2055] [3100 3120 3280 3080 3060 3155 3050 3075]
[2775 2600 2300 1630 1590 1760 2235 2410] [3210 2945 3155 2960 3205 3060 3200 3140]
[2850 2195 2160 2060 1435 2025 2450 2760] [3055 3020 3195 3170 3245 3245 3160 3055]
[2575 2015 1765 1655 1785 2370 2530 2905] [3145 3210 3235 3215 3250 3140 3290 3105]
[2295 1745 1610 1450 1800 2520 2765 3025] [3570 3295 3145 3365 3360 3000 3240 3235]
COM4 1 46
0
[2300 2005 2275 2005 1885 1945 1575 1560] [2800 3080 3265 3095 3065 2820 3185 3035]
[2565 2655 2355 2245 2215 1855 1730 1870] [2915 3170 3090 3105 2975 3075 3180 3120]
[2695 2805 2240 2235 1985 1790 2040 1830] [3020 3195 3090 2980 3245 3060 3075 2950]
[2870 2685 2275 2060 1820 1900 2100 2055] [3485 3390 3250 3335 3175 3220 3070 2960]
[2775 2600 2300 1630 1590 1760 2235 2410] [3145 3155 3420 3040 3120 3095 3315 3180]
[2850 2195 2160 2060 1435 2025 2450 2760] [3180 3145 3295 3455 3110 3180 3325 3235]
[2575 2015 1765 1655 1785 2370 2530 2905] [3070 3115 3210 3125 3180 3280 3120 3295]
[2295 1745 1610 1450 1800 2520 2765 3025] [3160 3000 3315 2915 2910 3285 3290 3185]
COM8 0 47
0
[2300 2125 2105 1570 1285 1375 1560 1885] [2800 3080 3265 3095 3065 2820 3185 3035]
[2935 2480 2050 1720 1490 1700 1865 2060] [2915 3170 3090 3105 2975 3075 3180 3120]
[2845 2550 2260 1805 1700 1775 2135 2270] [3020 3195 3090 2980 3245 3060 3075 2950]
[2835 2460 2135 1685 1840 2080 2460 2485] [3485 3390 3250 3335 3175 3220 3070 2960]
[2745 2230 1915 1785 2130 2285 2940 2710] [3145 3155 3420 3040 3120 3095 3315 3180]
[2110 1825 1760 1665 2190 2560 2820 2840] [3180 3145 3295 3455 3110 3180 3325 3235]
[1670 1560 1700 1490 2250 2800 2730 2790] [3070 3115 3210 3125 3180 3280 3120 3295]
[1635 1345 1460 1705 2350 2825 2860 2910] [3160 3000 3315 2915 2910 3285 3290 3185]
COM4 1 48
0
[2300 2125 2105 1570 1285 1375 1560 1885] [2965 3155 3145 3000 3220 2935 3075 3145]
[2935 2480 2050 1720 1490 1700 1865 2060] [3185 3205 3025 3240 3240 3165 3135 2950]
[2845 2550 2260 1805 1700 1775 2135 2270] [3065 3285 3260 3145 3280 3070 3125 3135]
[2835 2460 2135 1685 1840 2080 2460 2485] [3275 3410 3105 3100 3120 3240 3170 3075]
[2745 2230 1915 1785 2130 2285 2940 2710] [3145 3250 3410 2950 3250 3200 3160 3270]
[2110 1825 1760 1665 2190 2560 2820 2840] [3140 3225 3145 3185 3165 3305 3220 3275]
[1670 1560 1700 1490 2250 2800 2730 2790] [3470 3370 3415 3105 3270 3150 3145 3175]
[1635 1345 1460 1705 2350 2825 2860 2910] [3395 3195 3405 3335 3250 2930 3270 3335]
COM8 0 49
0
[1710 1360 1280 1570 2165 2420 2575 2665] [2965 3155 3145 3000 3220 2935 3075 3145]
[2110 1780 1530 2075 2275 2580 2835 2620] [3185 3205 3025 3240 3240 3165 3135 2950]
[2290 1985 1640 1800 2495 2805 2755 2750] [3065 3285 3260 3145 3280 3070 3125 3135]
[1875 1775 1735 2070 2470 2770 2840 2790] [3275 3410 3105 3100 3120 3240 3170 3075]
[2045 1665 1800 2100 2390 2750 2915 2880] [3145 3250 3410 2950 3250 3200 3160 3270]
[1785 1515 1795 2175 2525 2900 2925 2785] [3140 3225 3145 3185 3165 3305 3220 3275]
[1505 1600 1895 2060 2645 2835 2620 2825] [3470 3370 3415 3105 3270 3150 3145 3175]
[1440 1370 1545 2125 2540 2800 3170 2950] [3395 3195 3405 3335 3250 2930 3270 3335]
COM4 1 50
0
[1710 1360 1280 1570 2165 2420 2575 2665] [3000 3135 3320 3000 3170 3100 2850 3335]
[2110 1780 1530 2075 2275 2580 2835 2620] [3275 2925 3475 3160 3065 3225 3060 3125]
[2290 1985 1640 1800 2495 2805 2755 2750] [3180 3235 3300 3175 3210 3215 3240 3015]
[1875 1775 1735 2070 2470 2770 2840 2790] [3220 3065 3110 3130 3180 3180 3100 3105]
[2045 1665 1800 2100 2390 2750 2915 2880] [3250 3100 3405 3235 3070 3125 3095 3175]
[1785 1515 1795 2175 2525 2900 2925 2785] [3375 2975 3220 3125 3155 3230 3285 3235]
[1505 1600 1895 2060 2645 2835 2620 2825] [3285 3295 3395 3325 3300 3140 3330 3190]
[1440 1370 1545 2125 2540 2800 3170 2950] [3110 3295 3140 3205 3145 3280 3415 3455]
COM8 0 51
0
[1970 2250 1920 2140 2210 2375 2895 3165] [3000 3135 3320 3000 3170 3100 2850 3335]
[2320 2495 2365 2300 2425 2680 3025 2920] [3275 2925 3475 3160 3065 3225 3060 3125]
[2340 2475 2190 2370 2475 2805 2805 3005] [3180 3235 3300 3175 3210 3215 3240 3015]
[2345 2495 2395 2445 2720 2840 2880 2995] [3220 3065 3110 3130 3180 3180 3100 3105]
[1925 2275 2215 2460 2725 2820 3185 2870] [3250 3100 3405 3235 3070 3125 3095 3175]
[1955 2125 2350 2455 2555 2995 3145 2870] [3375 2975 3220 3125 3155 3230 3285 3235]
[1880 2090 2030 2540 2715 3140 2875 2990] [3285 3295 3395 3325 3300 3140 3330 3190]
[2055 1975 1920 2320 2975 2900 3190 2950] [3110 3295 3140 3205 3145 3280 3415 3455]
COM4 1 52
0
[1970 2250 1920 2140 2210 2375 2895 3165] [3135 2870 3425 2980 3035 3015 3110 3065]
[2320 2495 2365 2300 2425 2680 3025 2920] [2990 2925 3170 3205 2940 3045 2915 2965]
[2340 2475 2190 2370 2475 2805 2805 3005] [3145 2915 3130 3030 3045 3015 3075 3000]
[2345 2495 2395 2445 2720 2840 2880 2995] [3200 3080 3135 3095 3000 3105 3125 2980]
[1925 2275 2215 2460 2725 2820 3185 2870] [3035 3175 3035 3030 3120 3030 3090 3080]
[1955 2125 2350 2455 2555 2995 3145 2870] [3150 3060 3265 3135 3165 3120 3115 2970]
[1880 2090 2030 2540 2715 3140 2875 2990] [3085 3250 3345 3190 3220 3080 3080 3030]
[2055 1975 1920 2320 2975 2900 3190 2950] [3070 3155 3080 3335 3025 3290 3140 3370]
COM8 0 53
0
[2385 1845 2095 1900 2295 2465 2575 2600] [3135 2870 3425 2980 3035 3015 3110 3065]
[2510 2365 1785 2220 2560 2650 2695 2805] [2990 2925 3170 3205 2940 3045 2915 2965]
[2530 2205 2345 2310 2670 2760 2940 2705] [3145 2915 3130 3030 3045 3015 3075 3000]
[2445 2340 2335 2370 2775 2850 2875 2880] [3200 3080 3135 3095 3000 3105 3125 2980]
[2000 2085 2410 2360 2915 2740 2800 2980] [3035 3175 3035 3030 3120 3030 3090 3080]
[2140 2330 2355 2290 2655 2750 2655 2635] [3150 3060 3265 3135 3165 3120 3115 2970]
[1775 1970 2160 2560 2665 2575 2540 2985] [3085 3250 3345 3190 3220 3080 3080 3030]
[1735 1695 2350 2560 2990 3005 2890 2860] [3070 3155 3080 3335 3025 3290 3140 3370]
COM4 1 54
0
[2385 1845 2095 1900 2295 2465 2575 2600] [3535 3050 3020 3035 3335 3280 3230 3325]
[2510 2365 1785 2220 2560 2650 2695 2805] [3370 3105 3340 3295 3225 3225 3025 3010]
[2530 2205 2345 2310 2670 2760 2940 2705] [3305 3445 3135 3210 3210 3190 3215 2970]
[2445 2340 2335 2370 2775 2850 2875 2880] [3415 3540 3445 3195 3065 3205 3135 3035]
[2000 2085 2410 2360 2915 2740 2800 2980] [3165 3060 3415 3190 3105 3205 3055 3120]
[2140 2330 2355 2290 2655 2750 2655 2635] [3050 3380 3285 3350 3365 3305 3235 3410]
[1775 1970 2160 2560 2665 2575 2540 2985] [3280 3335 3335 3315 3425 2995 3155 3410]
[1735 1695 2350 2560 2990 3005 2890 2860] [3250 3315 3125 3335 3250 3235 3245 3445]
COM8 0 55
0
[2325 2100 1825 2015 2340 2620 2700 2720] [3535 3050 3020 3035 3335 3280 3230 3325]
[2310 2290 2110 2480 2525 2825 3030 2930] [3370 3105 3340 3295 3225 3225 3025 3010]
[2385 2355 2495 2385 2785 2905 2860 2785] [3305 3445 3135 3210 3210 3190 3215 2970]
[2390 2205 2345 2765 2865 2880 2925 2765] [3415 3540 3445 3195 3065 3205 3135 3035]
[2270 2295 2545 2710 2875 2665 2995 3035] [3165 3060 3415 3190 3105 3205 3055 3120]
[1980 2390 2480 2785 2695 3065 3085 2750] [3050 3380 3285 3350 3365 3305 3235 3410]
[2020 2345 2510 2960 3035 2865 2700 2700] [3280 3335 3335 3315 3425 2995 3155 3410]
[1960 2385 2975 2715 2905 2890 3070 2735] [3250 3315 3125 3335 3250 3235 3245 3445]
COM4 1 56
0
[2325 2100 1825 2015 2340 2620 2700 2720] [2890 2850 3125 2945 3030 3245 2855 3160]
[2310 2290 2110 2480 2525 2825 3030 2930] [3125 3115 3160 3100 2975 3065 3155 2935]
[2385 2355 2495 2385 2785 2905 2860 2785] [3055 3260 3275 2950 3145 2965 3185 3025]
[2390 2205 2345 2765 2865 2880 2925 2765] [3320 3345 3145 3105 3140 2890 3090 3070]
[2270 2295 2545 2710 2875 2665 2995 3035] [2930 3035 3340 2890 3070 3095 3175 3320]
[1980 2390 2480 2785 2695 3065 3085 2750] [2965 3265 3275 3125 3090 3085 3190 3150]
[2020 2345 2510 2960 3035 2865 2700 2700] [3135 3295 3290 3100 3185 3010 3240 3105]
[1960 2385 2975 2715 2905 2890 3070 2735] [3115 3440 3250 3000 3200 3055 3325 3345]
COM8 0 57
0
[2210 1845 1955 2190 2395 2670 2570 2750] [2890 2850 3125 2945 3030 3245 2855 3160]
[2245 2160 2145 2485 2735 2855 2900 2670] [3125 3115 3160 3100 2975 3065 3155 2935]
[2310 2145 2465 2630 2665 2825 2850 2800] [3055 3260 3275 2950 3145 2965 3185 3025]
[2215 2460 2790 2795 3030 2920 2935 2830] [3320 3345 3145 3105 3140 2890 3090 3070]
[2340 2435 2770 2900 2980 2835 2945 2865] [2930 3035 3340 2890 3070 3095 3175 3320]
[2030 2600 2840 2780 2780 3010 3020 2930] [2965 3265 3275 3125 3090 3085 3190 3150]
[2450 2840 2905 2855 3065 2995 2690 2925] [3135 3295 3290 3100 3185 3010 3240 3105]
[2575 3090 2975 2935 2995 2940 3005 2775] [3115 3440 3250 3000 3200 3055 3325 3345]
COM4 1 58
0
[2210 1845 1955 2190 2395 2670 2570 2750] [3185 3000 2935 3290 3225 2990 3160 3225]
[2245 2160 2145 2485 2735 2855 2900 2670] [3195 3070 3165 3100 3145 3295 2975 2995]
[2310 2145 2465 2630 2665 2825 2850 2800] [3280 3235 3130 3005 3230 3215 3045 3010]
[2215 2460 2790 2795 3030 2920 2935 2830] [3305 3175 3185 3170 3040 3020 3150 3130]
[2340 2435 2770 2900 2980 2835 2945 2865] [3240 3070 3245 2940 3100 3335 3130 3135]
[2030 2600 2840 2780 2780 3010 3020 2930] [3045 3130 3240 3320 3175 3350 3250 3165]
[2450 2840 2905 2855 3065 2995 2690 2925] [3400 3285 3255 3105 3195 3225 3195 3270]
[2575 3090 2975 2935 2995 2940 3005 2775] [3305 3000 3310 3360 3165 3235 2955 3165]
COM8 0 59
0
[1580 1635 2300 2550 2770 2845 2935 2950] [3185 3000 2935 3290 3225 2990 3160 3225]
[2040 2030 2295 2675 2780 2805 2660 3025] [3195 3070 3165 3100 3145 3295 2975 2995]
[2100 2175 2730 2910 2825 2835 2870 2880] [3280 3235 3130 3005 3230 3215 3045 3010]
[2505 2605 2815 2935 2960 2960 3000 2725] [3305 3175 3185 3170 3040 3020 3150 3130]
[2515 2825 3000 2925 2935 2875 3100 2860] [3240 3070 3245 2940 3100 3335 3130 3135]
[2680 2790 2915 3065 2885 2780 3045 2910] [3045 3130 3240 3320 3175 3350 3250 3165]
[2845 3030 3120 3040 2950 2890 2825 2880] [3400 3285 3255 3105 3195 3225 3195 3270]
[2960 2815 2905 2805 2855 3000 2965 3015] [3305 3000 3310 3360 3165 3235 2955 3165]
COM4 1 60
0
[1580 1635 2300 2550 2770 2845 2935 2950] [3260 3120 2920 2895 3235 2955 3035 2805]
[2040 2030 2295 2675 2780 2805 2660 3025] [3015 2980 3145 2955 3025 3150 2895 2870]
[2100 2175 2730 2910 2825 2835 2870 2880] [3300 3120 3065 3035 3120 3035 3085 2910]
[2505 2605 2815 2935 2960 2960 3000 2725] [3310 3475 3180 3205 3040 3180 3205 3085]
[2515 2825 3000 2925 2935 2875 3100 2860] [3300 3190 3230 2935 3005 2995 3270 3115]
[2680 2790 2915 3065 2885 2780 3045 2910] [3125 3260 3120 3295 2985 3125 3160 3145]
[2845 3030 3120 3040 2950 2890 2825 2880] [3285 3420 3380 3205 3160 3175 3160 3300]
[2960 2815 2905 2805 2855 3000 2965 3015] [3380 3385 3235 3195 3110 3070 3270 3340]
COM8 0 61
0
[2210 2365 2845 2900 2780 2920 2980 2785] [3260 3120 2920 2895 3235 2955 3035 2805]
[2440 2805 2760 2580 2915 2925 2920 2985] [3015 2980 3145 2955 3025 3150 2895 2870]
[2640 2905 3050 2735 2865 2980 2870 2870] [3300 3120 3065 3035 3120 3035 3085 2910]
[2740 2975 3025 2900 3045 3065 2905 2795] [3310 3475 3180 3205 3040 3180 3205 3085]
[2995 2945 3070 2910 2975 2995 2965 2980] [3300 3190 3230 2935 3005 2995 3270 3115]
[2830 3260 3040 3010 2790 3085 2985 3005] [3125 3260 3120 3295 2985 3125 3160 3145]
[2630 2905 2850 2855 2875 2995 2885 3075] [3285 3420 3380 3205 3160 3175 3160 3300]
[2915 2900 2955 3010 2745 2895 2955 2825] [3380 3385 3235 3195 3110 3070 3270 3340]
COM4 1 62
0
[2210 2365 2845 2900 2780 2920 2980 2785] [3045 2890 3040 2870 3185 2905 3065 2945]
[2440 2805 2760 2580 2915 2925 2920 2985] [2990 3015 3080 3045 2980 3105 3125 2925]
[2640 2905 3050 2735 2865 2980 2870 2870] [2985 3200 3070 2850 3095 3025 2945 3150]
[2740 2975 3025 2900 3045 3065 2905 2795] [3030 3005 3175 3145 3005 3005 3020 2995]
[2995 2945 3070 2910 2975 2995 2965 2980] [3175 3150 3090 2925 2975 2975 3170 3150]
[2830 3260 3040 3010 2790 3085 2985 3005] [3190 3090 3185 3185 3105 3200 3100 3140]
[2630 2905 2850 2855 2875 2995 2885 3075] [3200 3260 3100 3165 3055 3185 3075 3130]
[2915 2900 2955 3010 2745 2895 2955 2825] [3190 3135 3335 3205 3120 3035 3110 3100]
COM8 0 63
0
[2695 2355 2635 2820 2820 2610 2560 2790] [3045 2890 3040 2870 3185 2905 3065 2945]
[2450 2775 2765 3010 2850 2995 2855 2610] [2990 3015 3080 3045 2980 3105 3125 2925]
[2740 2820 3050 2765 3010 2965 2825 2990] [2985 3200 3070 2850 3095 3025 2945 3150]
[3010 2830 2920 2815 2950 2945 2840 2715] [3030 3005 3175 3145 3005 3005 3020 2995]
[3000 2885 3005 2915 2910 2815 2945 2870] [3175 3150 3090 2925 2975 2975 3170 3150]
[2915 2740 2910 2810 2875 3005 2955 2775] [3190 3090 3185 3185 3105 3200 3100 3140]
[2595 2910 2865 3105 2790 2975 2710 2645] [3200 3260 3100 3165 3055 3185 3075 3130]
[2545 3075 2905 2765 2890 2945 3145 2925] [3190 3135 3335 3205 3120 3035 3110 3100]
COM4 1 64
0
[2695 2355 2635 2820 2820 2610 2560 2790] [3495 3265 3075 3070 3265 3560 3175 3025]
[2450 2775 2765 3010 2850 2995 2855 2610] [3070 2950 3050 3250 3115 3155 3200 3110]
[2740 2820 3050 2765 3010 2965 2825 2990] [3215 3260 3195 3100 3300 3160 3170 2890]
[3010 2830 2920 2815 2950 2945 2840 2715] [3335 3330 3250 3195 3105 3030 3055 3060]
[3000 2885 3005 2915 2910 2815 2945 2870] [3300 3420 3310 3110 3175 3125 3215 3265]
[2915 2740 2910 2810 2875 3005 2955 2775] [3280 3260 3175 3285 3125 3210 3190 3335]
[2595 2910 2865 3105 2790 2975 2710 2645] [3290 3415 3475 3175 3380 3260 3195 3330]
[2545 3075 2905 2765 2890 2945 3145 2925] [3385 3020 3175 3465 3110 2965 3260 3175]
COM8 0 65
0
[2800 2715 2875 2810 2745 3010 3230 2745] [3495 3265 3075 3070 3265 3560 3175 3025]
[2845 3045 2820 2940 2745 2995 2955 3005] [3070 2950 3050 3250 3115 3155 3200 3110]
[2835 2865 3050 2935 2845 2925 2955 3120] [3215 3260 3195 3100 3300 3160 3170 2890]
[2975 2975 2960 2995 2950 2885 3070 2980] [3335 3330 3250 3195 3105 3030 3055 3060]
[2975 2865 2925 3035 3040 3060 3015 2975] [3300 3420 3310 3110 3175 3125 3215 3265]
[3030 2880 3075 2990 2830 3010 2995 3115] [3280 3260 3175 3285 3125 3210 3190 3335]
[2660 3035 2815 2875 2875 3070 2875 2805] [3290 3415 3475 3175 3380 3260 3195 3330]
[2845 2940 2760 2945 2955 3090 3195 3230] [3385 3020 3175 3465 3110 2965 3260 3175]