COM4 1 6
0
[2680 2645 2490 2620 2745 2565 2535 2570] [3090 3270 3370 3195 3060 3145 2750 2985]
[2770 2935 2815 2760 2760 2615 2725 2775] [3175 3105 3120 3075 3195 3275 3075 3160]
[2675 2940 2680 2780 2815 2765 2700 2725] [3345 3310 3375 3250 3220 3175 3000 3030]
[2555 2850 2890 2705 2735 2735 2830 2585] [3160 3045 3240 3150 3165 3200 3305 3170]
[2600 2915 2900 2785 2795 2690 2905 2705] [3240 3330 3200 3235 3190 3075 3235 3230]
[2705 2675 2905 2795 2780 2815 2660 2725] [3270 3225 3225 3295 3160 3200 3255 3265]
[2935 2765 2565 2945 2845 2815 2685 2705] [3160 3480 3450 3375 3095 3095 3210 3090]
[2860 2865 2650 2890 2410 2815 2750 2620] [3045 3380 3200 3360 3285 3255 3095 3485]
COM8 0 7
0
[2460 2775 2830 2670 2685 2880 2880 2930] [3090 3270 3370 3195 3060 3145 2750 2985]
[2960 3020 2875 3010 2685 2930 2935 2775] [3175 3105 3120 3075 3195 3275 3075 3160]
[3060 2990 2960 3015 2905 2975 2895 3070] [3345 3310 3375 3250 3220 3175 3000 3030]
[2850 3040 3060 2865 3075 2995 2990 2875] [3160 3045 3240 3150 3165 3200 3305 3170]
[3245 3075 2995 2990 3150 2900 3085 3055] [3240 3330 3200 3235 3190 3075 3235 3230]
[2935 3125 3060 3055 2850 2995 3180 2905] [3270 3225 3225 3295 3160 3200 3255 3265]
[3285 2895 2655 3000 2785 2910 2895 2955] [3160 3480 3450 3375 3095 3095 3210 3090]
[2860 2820 3135 3060 2985 2885 3025 3050] [3045 3380 3200 3360 3285 3255 3095 3485]
COM4 1 8
0
[2460 2775 2830 2670 2685 2880 2880 2930] [3205 3000 3065 3050 3250 2955 2925 3130]
[2960 3020 2875 3010 2685 2930 2935 2775] [2830 2855 3165 3055 2865 3165 2940 2930]
[3060 2990 2960 3015 2905 2975 2895 3070] [3195 2885 3155 3025 3050 2795 2985 3065]
[2850 3040 3060 2865 3075 2995 2990 2875] [3055 3410 3065 3135 3045 3120 3055 2985]
[3245 3075 2995 2990 3150 2900 3085 3055] [3000 3280 3105 2840 3000 3040 3210 3035]
[2935 3125 3060 3055 2850 2995 3180 2905] [3015 2950 3225 3325 3085 3055 3015 3090]
[3285 2895 2655 3000 2785 2910 2895 2955] [3125 2990 3045 3065 2995 3240 3150 3135]
[2860 2820 3135 3060 2985 2885 3025 3050] [3350 3080 3280 3245 3165 3045 3125 3230]
COM8 0 9
0
[2625 2575 3100 2975 2915 2985 2970 3120] [3205 3000 3065 3050 3250 2955 2925 3130]
[2920 2980 2880 3010 2920 2775 2935 2955] [2830 2855 3165 3055 2865 3165 2940 2930]
[2840 2865 3035 3025 2770 2975 2795 3070] [3195 2885 3155 3025 3050 2795 2985 3065]
[3030 2825 3055 3005 2950 2935 3005 3070] [3055 3410 3065 3135 3045 3120 3055 2985]
[2975 2920 3050 3010 3030 3035 3110 3240] [3000 3280 3105 2840 3000 3040 3210 3035]
[3015 3140 2995 2995 2925 2995 3005 2930] [3015 2950 3225 3325 3085 3055 3015 3090]
[3020 2790 2970 3115 2950 3140 2695 2965] [3125 2990 3045 3065 2995 3240 3150 3135]
[3080 3015 2985 2995 3120 2970 3240 3030] [3350 3080 3280 3245 3165 3045 3125 3230]
COM4 1 10
0
[2625 2575 3100 2975 2915 2985 2970 3120] [2795 2995 3065 2905 3065 3200 3100 3095]
[2920 2980 2880 3010 2920 2775 2935 2955] [2995 2930 3030 3125 3005 3075 2975 2985]
[2840 2865 3035 3025 2770 2975 2795 3070] [3220 3115 3160 2945 3040 3010 2905 2980]
[3030 2825 3055 3005 2950 2935 3005 3070] [3140 3270 3080 3055 3140 2945 3180 3120]
[2975 2920 3050 3010 3030 3035 3110 3240] [3175 3085 3170 2860 3120 2945 3130 3060]
[3015 3140 2995 2995 2925 2995 3005 2930] [3075 3135 2985 2985 3115 3225 3200 3450]
[3020 2790 2970 3115 2950 3140 2695 2965] [3300 3170 3195 3270 3555 3080 3030 3100]
[3080 3015 2985 2995 3120 2970 3240 3030] [3485 3450 3080 3185 3285 3085 3180 3340]
COM8 0 11
0
[2895 2650 2610 2775 2485 2900 2730 2640] [2795 2995 3065 2905 3065 3200 3100 3095]
[2840 3020 2810 3075 2875 3065 2995 3105] [2995 2930 3030 3125 3005 3075 2975 2985]
[2825 3200 2895 2905 2835 2860 2915 2950] [3220 3115 3160 2945 3040 3010 2905 2980]
[3010 3085 3110 2870 2935 3090 2950 2835] [3140 3270 3080 3055 3140 2945 3180 3120]
[2960 3020 3190 2935 3155 2865 3170 3045] [3175 3085 3170 2860 3120 2945 3130 3060]
[3025 2870 3055 3080 3090 2995 3145 3090] [3075 3135 2985 2985 3115 3225 3200 3450]
[2850 3190 3255 3100 2840 3000 3005 2970] [3300 3170 3195 3270 3555 3080 3030 3100]
[3070 3035 2985 3185 3050 2925 3265 3245] [3485 3450 3080 3185 3285 3085 3180 3340]
COM4 1 12
0
[2895 2650 2610 2775 2485 2900 2730 2640] [3510 3175 3165 3525 2985 3200 2975 3115]
[2840 3020 2810 3075 2875 3065 2995 3105] [3250 3255 2980 3310 3095 3095 3150 2975]
[2825 3200 2895 2905 2835 2860 2915 2950] [3270 3285 3190 3120 3230 3095 3095 2930]
[3010 3085 3110 2870 2935 3090 2950 2835] [3400 3410 3255 3065 3240 3065 3225 3030]
[2960 3020 3190 2935 3155 2865 3170 3045] [3170 2800 3330 3090 3240 3165 3260 3215]
[3025 2870 3055 3080 3090 2995 3145 3090] [3115 3125 3320 3285 3125 3175 3250 3400]
[2850 3190 3255 3100 2840 3000 3005 2970] [3520 3445 3330 3355 3130 3120 3330 3040]
[3070 3035 2985 3185 3050 2925 3265 3245] [3400 3555 3375 3060 3275 3020 3370 3260]
COM8 0 13
0
[2935 3205 2995 3130 2690 2765 2965 3180] [3510 3175 3165 3525 2985 3200 2975 3115]
[2900 3145 2690 2940 2660 2855 2860 3000] [3250 3255 2980 3310 3095 3095 3150 2975]
[2840 3050 2935 2800 2770 2795 2900 2970] [3270 3285 3190 3120 3230 3095 3095 2930]
[2840 2940 3055 2920 3005 2895 2905 2935] [3400 3410 3255 3065 3240 3065 3225 3030]
[3150 2910 3050 2925 3050 2925 2985 3040] [3170 2800 3330 3090 3240 3165 3260 3215]
[3030 2965 2925 3075 2870 3075 2925 2990] [3115 3125 3320 3285 3125 3175 3250 3400]
[2945 3030 2785 3165 2845 3205 3020 2965] [3520 3445 3330 3355 3130 3120 3330 3040]
[3225 3005 2870 2930 3080 2980 2995 3165] [3400 3555 3375 3060 3275 3020 3370 3260]
COM4 1 14
0
[2935 3205 2995 3130 2690 2765 2965 3180] [3000 3085 2840 2870 2730 3040 3250 2775]
[2900 3145 2690 2940 2660 2855 2860 3000] [3040 2735 3150 2750 2870 3015 3035 2930]
[2840 3050 2935 2800 2770 2795 2900 2970] [2935 2935 2825 3030 3025 2855 2980 2805]
[2840 2940 3055 2920 3005 2895 2905 2935] [3135 3150 3085 2930 2865 3080 2970 2925]
[3150 2910 3050 2925 3050 2925 2985 3040] [3075 3170 3095 2850 2970 2910 3120 3155]
[3030 2965 2925 3075 2870 3075 2925 2990] [2920 2930 2910 3070 2960 3065 3160 3035]
[2945 3030 2785 3165 2845 3205 3020 2965] [3140 3145 2950 3105 3155 3050 3080 3215]
[3225 3005 2870 2930 3080 2980 2995 3165] [3245 3285 3195 3125 2845 3100 3125 3035]
COM8 0 15
0
[2885 2740 2775 2535 2665 2750 2825 2810] [3000 3085 2840 2870 2730 3040 3250 2775]
[3005 2950 2815 2960 2810 2705 2780 2860] [3040 2735 3150 2750 2870 3015 3035 2930]
[2670 2925 2840 2980 2900 2800 2795 2825] [2935 2935 2825 3030 3025 2855 2980 2805]
[2860 2825 2865 2920 2865 2815 2890 2820] [3135 3150 3085 2930 2865 3080 2970 2925]
[3085 2820 2875 2840 2975 2760 2940 2965] [3075 3170 3095 2850 2970 2910 3120 3155]
[2900 3210 2970 2990 2940 3000 2995 2845] [2920 2930 2910 3070 2960 3065 3160 3035]
[2780 3005 2850 2850 2870 2820 2890 2905] [3140 3145 2950 3105 3155 3050 3080 3215]
[2810 2910 2985 3085 2850 2990 3210 2925] [3245 3285 3195 3125 2845 3100 3125 3035]
COM4 1 16
0
[2885 2740 2775 2535 2665 2750 2825 2810] [3290 3155 3450 3330 3390 3045 3045 3165]
[3005 2950 2815 2960 2810 2705 2780 2860] [3425 3410 3370 3455 3285 3280 3175 3080]
[2670 2925 2840 2980 2900 2800 2795 2825] [3210 3405 3435 3105 3255 3095 3075 3150]
[2860 2825 2865 2920 2865 2815 2890 2820] [3465 3460 3625 3400 3260 3260 3180 3215]
[3085 2820 2875 2840 2975 2760 2940 2965] [3280 3545 3305 3245 3415 3330 3290 3275]
[2900 3210 2970 2990 2940 3000 2995 2845] [3410 3340 3605 3285 3160 3325 3440 3385]
[2780 3005 2850 2850 2870 2820 2890 2905] [3565 3285 3435 3180 3225 3510 3260 3225]
[2810 2910 2985 3085 2850 2990 3210 2925] [3510 3400 3475 3375 3380 3130 3410 3430]
COM8 0 17
0
[2750 3230 2830 2910 2920 2910 3120 3310] [3290 3155 3450 3330 3390 3045 3045 3165]
[3330 3365 3100 3010 3010 3105 3155 3200] [3425 3410 3370 3455 3285 3280 3175 3080]
[3070 3125 3235 2905 2910 3090 3000 3120] [3210 3405 3435 3105 3255 3095 3075 3150]
[3065 3095 3040 3030 3070 3150 3320 3135] [3465 3460 3625 3400 3260 3260 3180 3215]
[3060 3060 3205 3130 3050 3010 3105 3330] [3280 3545 3305 3245 3415 3330 3290 3275]
[3015 2990 3215 3235 3085 3345 3180 3110] [3410 3340 3605 3285 3160 3325 3440 3385]
[3015 3040 3010 3150 3015 3190 3025 3105] [3565 3285 3435 3180 3225 3510 3260 3225]
[3325 3170 3165 3115 3180 3045 3450 3115] [3510 3400 3475 3375 3380 3130 3410 3430]
COM4 1 18
0
[2750 3230 2830 2910 2920 2910 3120 3310] [2995 3295 3085 3055 3050 3095 3195 3025]
[3330 3365 3100 3010 3010 3105 3155 3200] [2910 3075 2980 2910 2925 3135 2990 2900]
[3070 3125 3235 2905 2910 3090 3000 3120] [3140 3260 3205 2985 3150 3215 3055 2910]
[3065 3095 3040 3030 3070 3150 3320 3135] [3280 3250 3150 3200 3055 3080 3230 3045]
[3060 3060 3205 3130 3050 3010 3105 3330] [3075 3275 3290 2995 3015 3080 3055 3195]
[3015 2990 3215 3235 3085 3345 3180 3110] [3205 3160 2920 3125 2975 3110 3040 3165]
[3015 3040 3010 3150 3015 3190 3025 3105] [3230 3415 3250 3125 3120 3050 3140 3100]
[3325 3170 3165 3115 3180 3045 3450 3115] [3320 3180 3270 3255 3070 3170 3200 3105]
COM8 0 19
0
[3025 2685 2585 2970 3005 2445 3275 3440] [2995 3295 3085 3055 3050 3095 3195 3025]
[2790 2920 2935 3265 3165 3110 3245 3165] [2910 3075 2980 2910 2925 3135 2990 2900]
[3130 2990 3175 3020 3080 3040 3080 3220] [3140 3260 3205 2985 3150 3215 3055 2910]
[3165 3060 3055 3150 3100 3045 3065 3305] [3280 3250 3150 3200 3055 3080 3230 3045]
[2925 3140 3180 3075 3120 3080 3195 3315] [3075 3275 3290 2995 3015 3080 3055 3195]
[3030 3205 3155 3290 3090 3245 3225 3135] [3205 3160 2920 3125 2975 3110 3040 3165]
[3260 3095 3145 3070 3225 3140 3025 3175] [3230 3415 3250 3125 3120 3050 3140 3100]
[3150 2920 3165 3195 3045 3275 3330 3375] [3320 3180 3270 3255 3070 3170 3200 3105]
COM4 1 20
0
[3025 2685 2585 2970 3005 2445 3275 3440] [3265 2685 2625 2750 3050 3010 2950 2845]
[2790 2920 2935 3265 3165 3110 3245 3165] [2875 2835 3000 2875 2925 2865 3010 2845]
[3130 2990 3175 3020 3080 3040 3080 3220] [2945 2935 2825 2670 2900 2800 3050 2980]
[3165 3060 3055 3150 3100 3045 3065 3305] [3150 3170 2895 2925 2860 3030 3040 2890]
[2925 3140 3180 3075 3120 3080 3195 3315] [3025 3015 3110 3040 2945 2895 3150 2945]
[3030 3205 3155 3290 3090 3245 3225 3135] [3035 2975 2865 3095 2925 3080 3070 3000]
[3260 3095 3145 3070 3225 3140 3025 3175] [2725 3205 3045 3120 3055 2915 3045 3130]
[3150 2920 3165 3195 3045 3275 3330 3375] [3120 3005 3110 3310 3055 2975 2960 3185]
COM8 0 21
0
[2490 2390 2195 2760 2825 2630 2345 2625] [3265 2685 2625 2750 3050 3010 2950 2845]
[2605 2825 2725 2700 2685 2630 2820 2625] [2875 2835 3000 2875 2925 2865 3010 2845]
[2450 2495 2800 2635 2755 2650 2770 2675] [2945 2935 2825 2670 2900 2800 3050 2980]
[2640 2770 2780 2805 2710 2685 2605 2495] [3150 3170 2895 2925 2860 3030 3040 2890]
[2600 2700 2625 2565 2840 2630 2800 2595] [3025 3015 3110 3040 2945 2895 3150 2945]
[2455 2870 2740 2615 2700 2785 2590 2655] [3035 2975 2865 3095 2925 3080 3070 3000]
[2700 2765 2710 2720 2775 2505 2625 2560] [2725 3205 3045 3120 3055 2915 3045 3130]
[2720 2820 2530 2670 2795 2490 2550 2470] [3120 3005 3110 3310 3055 2975 2960 3185]
COM4 1 22
0
[2490 2390 2195 2760 2825 2630 2345 2625] [3090 2995 3055 3175 3040 3095 3175 3085]
[2605 2825 2725 2700 2685 2630 2820 2625] [3270 2960 3285 3145 2845 3165 3045 3095]
[2450 2495 2800 2635 2755 2650 2770 2675] [3255 3055 3435 3010 3095 3085 3005 2975]
[2640 2770 2780 2805 2710 2685 2605 2495] [3245 3330 3230 3260 2990 2850 3060 2980]
[2600 2700 2625 2565 2840 2630 2800 2595] [3105 3325 3120 3060 3065 2950 3175 3150]
[2455 2870 2740 2615 2700 2785 2590 2655] [3025 3230 3260 3110 3000 3070 3270 3235]
[2700 2765 2710 2720 2775 2505 2625 2560] [3240 3645 3195 3005 3210 2940 3105 3140]
[2720 2820 2530 2670 2795 2490 2550 2470] [3360 3005 3280 3225 3385 3190 2975 3300]
COM8 0 23
0
[3095 2975 3165 2835 3160 2985 2600 3025] [3090 2995 3055 3175 3040 3095 3175 3085]
[3075 3020 3045 2860 2905 3030 3050 3135] [3270 2960 3285 3145 2845 3165 3045 3095]
[2935 3105 3135 2945 2905 3035 3090 3110] [3255 3055 3435 3010 3095 3085 3005 2975]
[3210 3100 3210 3030 3085 3045 2940 3000] [3245 3330 3230 3260 2990 2850 3060 2980]
[3200 3150 3050 3100 3110 2925 3245 3195] [3105 3325 3120 3060 3065 2950 3175 3150]
[3135 3190 3210 3415 3070 3100 3225 3055] [3025 3230 3260 3110 3000 3070 3270 3235]
[3040 2965 3155 2930 3010 3050 3090 3145] [3240 3645 3195 3005 3210 2940 3105 3140]
[3100 3325 3220 2995 2985 3280 3055 3040] [3360 3005 3280 3225 3385 3190 2975 3300]
COM4 1 24
0
[3095 2975 3165 2835 3160 2985 2600 3025] [3185 3035 3355 2870 2905 2885 2995 3125]
[3075 3020 3045 2860 2905 3030 3050 3135] [3120 3095 3075 2900 3095 3070 3010 2905]
[2935 3105 3135 2945 2905 3035 3090 3110] [3190 3135 3185 3110 3110 2990 3125 3045]
[3210 3100 3210 3030 3085 3045 2940 3000] [3130 3220 3185 3035 3190 2975 3080 3055]
[3200 3150 3050 3100 3110 2925 3245 3195] [3275 3150 3245 3190 3225 3180 3205 3150]
[3135 3190 3210 3415 3070 3100 3225 3055] [3015 3175 3140 3165 3005 3280 3220 3110]
[3040 2965 3155 2930 3010 3050 3090 3145] [3240 3410 3145 3230 2995 3190 3150 3300]
[3100 3325 3220 2995 2985 3280 3055 3040] [3245 3030 3145 3240 3255 3055 3080 3230]
COM8 0 25
0
[2625 2975 2940 2925 2945 2785 3205 3295] [3185 3035 3355 2870 2905 2885 2995 3125]
[2975 3025 2870 2930 2995 3030 3050 3140] [3120 3095 3075 2900 3095 3070 3010 2905]
[3040 2990 3035 2930 2995 2945 3015 3070] [3190 3135 3185 3110 3110 2990 3125 3045]
[3200 2990 3060 3025 3030 3095 2890 3140] [3130 3220 3185 3035 3190 2975 3080 3055]
[3095 3150 3180 3090 3050 2925 3180 3260] [3275 3150 3245 3190 3225 3180 3205 3150]
[3160 3020 3145 3115 3045 3095 3245 3160] [3015 3175 3140 3165 3005 3280 3220 3110]
[2925 2845 3225 3155 3085 3055 3025 3180] [3240 3410 3145 3230 2995 3190 3150 3300]
[3170 3125 3110 3085 3180 3200 3270 3405] [3245 3030 3145 3240 3255 3055 3080 3230]
COM4 1 26
0
[2625 2975 2940 2925 2945 2785 3205 3295] [3305 3170 2945 2805 3085 3125 2925 2750]
[2975 3025 2870 2930 2995 3030 3050 3140] [3220 3170 3460 3070 3180 3195 2955 3105]
[3040 2990 3035 2930 2995 2945 3015 3070] [3110 3240 3060 3020 3095 3100 3045 2975]
[3200 2990 3060 3025 3030 3095 2890 3140] [3030 3520 3235 3205 3095 3020 3175 3050]
[3095 3150 3180 3090 3050 2925 3180 3260] [3375 3230 3335 2940 3135 3300 3245 3040]
[3160 3020 3145 3115 3045 3095 3245 3160] [3110 3345 3245 3315 3145 3360 3265 3235]
[2925 2845 3225 3155 3085 3055 3025 3180] [3390 3395 3095 3270 3090 3005 3250 3050]
[3170 3125 3110 3085 3180 3200 3270 3405] [3180 3350 3345 3205 3150 3200 3115 3430]
COM8 0 27
0
[2665 2575 2675 2525 2815 2530 2860 2560] [3305 3170 2945 2805 3085 3125 2925 2750]
[2805 2655 2665 2760 2530 2720 2615 2755] [3220 3170 3460 3070 3180 3195 2955 3105]
[2690 2535 2730 2640 2585 2655 2570 2585] [3110 3240 3060 3020 3095 3100 3045 2975]
[2665 2870 2800 2620 2795 2720 2780 2715] [3030 3520 3235 3205 3095 3020 3175 3050]
[2785 2945 2890 2805 2780 2750 2920 2830] [3375 3230 3335 2940 3135 3300 3245 3040]
[2755 3040 2840 2880 2750 2675 2740 2785] [3110 3345 3245 3315 3145 3360 3265 3235]
[2550 2785 2735 2630 2580 2790 2560 2840] [3390 3395 3095 3270 3090 3005 3250 3050]
[2940 2625 2795 2670 2610 2725 2560 2605] [3180 3350 3345 3205 3150 3200 3115 3430]
COM4 1 28
0
[2665 2575 2675 2525 2815 2530 2860 2560] [2790 3025 3290 3050 3475 2730 3025 2965]
[2805 2655 2665 2760 2530 2720 2615 2755] [2910 2925 3150 2930 3040 3080 2970 3270]
[2690 2535 2730 2640 2585 2655 2570 2585] [3040 3160 3015 3055 3200 3070 3080 2965]
[2665 2870 2800 2620 2795 2720 2780 2715] [3210 3585 3240 3015 3205 2995 3170 3095]
[2785 2945 2890 2805 2780 2750 2920 2830] [3155 3185 3245 3030 2995 3035 3095 3130]
[2755 3040 2840 2880 2750 2675 2740 2785] [2945 3085 3300 3185 3145 2975 3165 3305]
[2550 2785 2735 2630 2580 2790 2560 2840] [3170 3295 3315 3000 3210 3325 3260 3170]
[2940 2625 2795 2670 2610 2725 2560 2605] [2930 3345 3240 3060 3025 3150 3050 2945]
COM8 0 29
0
[2610 2705 2865 2940 2595 2690 2710 2550] [2790 3025 3290 3050 3475 2730 3025 2965]
[2845 2980 2980 3010 2680 2860 2765 2970] [2910 2925 3150 2930 3040 3080 2970 3270]
[2860 2895 2910 2910 2725 2910 2935 3055] [3040 3160 3015 3055 3200 3070 3080 2965]
[2735 2990 3035 2900 2935 2810 2890 2890] [3210 3585 3240 3015 3205 2995 3170 3095]
[3070 3045 3040 2910 2775 2830 3005 3065] [3155 3185 3245 3030 2995 3035 3095 3130]
[3030 2650 3005 3075 2845 3070 3130 2895] [2945 3085 3300 3185 3145 2975 3165 3305]
[3035 3145 3095 2945 3110 2900 2910 2910] [3170 3295 3315 3000 3210 3325 3260 3170]
[2965 2700 3055 2975 3080 2745 3175 2845] [2930 3345 3240 3060 3025 3150 3050 2945]
COM4 1 30
0
[2610 2705 2865 2940 2595 2690 2710 2550] [3295 3170 3040 3040 3185 3025 2925 2880]
[2845 2980 2980 3010 2680 2860 2765 2970] [2635 3085 3015 3000 3100 3045 3060 2860]
[2860 2895 2910 2910 2725 2910 2935 3055] [3170 3040 3100 3035 3115 2955 3090 2895]
[2735 2990 3035 2900 2935 2810 2890 2890] [3115 2995 3020 3120 2970 2960 3145 2900]
[3070 3045 3040 2910 2775 2830 3005 3065] [3000 3185 3190 2960 2970 2970 3160 3050]
[3030 2650 3005 3075 2845 3070 3130 2895] [3035 3165 3265 3115 3160 3230 3320 3315]
[3035 3145 3095 2945 3110 2900 2910 2910] [3195 3075 3200 3015 3045 2950 3250 3105]
[2965 2700 3055 2975 3080 2745 3175 2845] [3330 3175 3350 3095 3275 3040 2990 3155]
COM8 0 31
0
[2750 2595 2940 3130 2995 2915 2975 2770] [3295 3170 3040 3040 3185 3025 2925 2880]
[3070 3025 2745 2800 2825 2900 2910 2935] [2635 3085 3015 3000 3100 3045 3060 2860]
[2730 3060 3035 2970 2870 2895 2820 2965] [3170 3040 3100 3035 3115 2955 3090 2895]
[2940 2880 3250 3005 3010 2960 3005 3095] [3115 2995 3020 3120 2970 2960 3145 2900]
[3150 3190 2950 3015 3000 2890 3135 3120] [3000 3185 3190 2960 2970 2970 3160 3050]
[2915 3060 3270 3055 2925 3045 3070 3140] [3035 3165 3265 3115 3160 3230 3320 3315]
[3040 3090 2940 3360 3170 3100 2910 3055] [3195 3075 3200 3015 3045 2950 3250 3105]
[3225 3070 3090 3165 2910 3255 3180 3120] [3330 3175 3350 3095 3275 3040 2990 3155]
COM4 1 32
0
[2750 2595 2940 3130 2995 2915 2975 2770] [3055 3200 3325 3085 3095 2970 3060 2965]
[3070 3025 2745 2800 2825 2900 2910 2935] [3245 3070 3360 3045 3150 3270 3130 3085]
[2730 3060 3035 2970 2870 2895 2820 2965] [3100 3190 3260 3080 3220 3140 3145 2945]
[2940 2880 3250 3005 3010 2960 3005 3095] [3095 3345 3220 3125 3185 3230 3090 3105]
[3150 3190 2950 3015 3000 2890 3135 3120] [3190 3270 3425 2955 3105 3255 3185 3230]
[2915 3060 3270 3055 2925 3045 3070 3140] [3395 3095 3125 3130 3295 3270 3070 3385]
[3040 3090 2940 3360 3170 3100 2910 3055] [3080 3420 3495 3135 3125 3075 3150 3135]
[3225 3070 3090 3165 2910 3255 3180 3120] [3385 3340 3165 3180 3135 3105 2990 3165]
COM8 0 33
0
[2590 2645 2755 2890 2530 2560 2745 2570] [3055 3200 3325 3085 3095 2970 3060 2965]
[2835 2765 2750 2950 2865 2865 2835 2755] [3245 3070 3360 3045 3150 3270 3130 3085]
[2760 2680 2960 2785 2755 2875 2825 2785] [3100 3190 3260 3080 3220 3140 3145 2945]
[2740 2890 2795 2770 2905 2740 2780 2740] [3095 3345 3220 3125 3185 3230 3090 3105]
[2855 2760 2790 2905 2755 2900 2765 2810] [3190 3270 3425 2955 3105 3255 3185 3230]
[2685 2615 3055 2995 2740 2905 2905 2790] [3395 3095 3125 3130 3295 3270 3070 3385]
[2805 2850 2780 2945 2955 2775 2620 2810] [3080 3420 3495 3135 3125 3075 3150 3135]
[2990 2885 2985 2900 2985 2840 2840 2585] [3385 3340 3165 3180 3135 3105 2990 3165]
COM4 1 34
0
[2590 2645 2755 2890 2530 2560 2745 2570] [2745 2870 3000 2705 2740 2640 2945 2880]
[2835 2765 2750 2950 2865 2865 2835 2755] [2850 3005 3070 2895 2910 3035 3060 3000]
[2760 2680 2960 2785 2755 2875 2825 2785] [2985 3105 2965 2850 2965 2885 2975 2950]
[2740 2890 2795 2770 2905 2740 2780 2740] [2945 2970 2935 2900 2970 2905 3045 2945]
[2855 2760 2790 2905 2755 2900 2765 2810] [2825 2985 3185 2850 3015 2885 3025 3090]
[2685 2615 3055 2995 2740 2905 2905 2790] [2770 2935 3195 3025 2825 3100 3110 2785]
[2805 2850 2780 2945 2955 2775 2620 2810] [3055 3070 3135 3030 3200 3035 3125 3010]
[2990 2885 2985 2900 2985 2840 2840 2585] [2870 3135 2925 3285 3040 2955 3200 2525]
COM8 0 35
0
[3240 2655 2785 2865 2935 2825 2970 2960] [2745 2870 3000 2705 2740 2640 2945 2880]
[3095 3130 2890 3010 2915 3055 3120 3080] [2850 3005 3070 2895 2910 3035 3060 3000]
[3005 3070 3005 3030 2990 2885 3025 3230] [2985 3105 2965 2850 2965 2885 2975 2950]
[3305 3280 3060 2935 2960 3130 3130 3215] [2945 2970 2935 2900 2970 2905 3045 2945]
[3280 3140 3050 2955 3110 3060 3085 3145] [2825 2985 3185 2850 3015 2885 3025 3090]
[2850 2985 3165 3145 2975 3050 3220 3065] [2770 2935 3195 3025 2825 3100 3110 2785]
[3265 3185 3150 3135 3180 3100 3110 3265] [3055 3070 3135 3030 3200 3035 3125 3010]
[3200 3505 3065 3100 3175 2920 3350 3235] [2870 3135 2925 3285 3040 2955 3200 2525]
COM4 1 36
0
[3240 2655 2785 2865 2935 2825 2970 2960] [3205 3025 2975 2805 2770 2690 2625 2520]
[3095 3130 2890 3010 2915 3055 3120 3080] [3390 2960 3175 2905 2945 3015 2690 2415]
[3005 3070 3005 3030 2990 2885 3025 3230] [3005 3080 3025 3070 3030 3035 2920 2585]
[3305 3280 3060 2935 2960 3130 3130 3215] [3270 3035 3210 3010 3010 2930 2950 2570]
[3280 3140 3050 2955 3110 3060 3085 3145] [3010 2945 3270 2915 3010 2935 2850 2750]
[2850 2985 3165 3145 2975 3050 3220 3065] [3135 2995 2980 3210 2985 3035 2925 2640]
[3265 3185 3150 3135 3180 3100 3110 3265] [3165 3295 3110 3075 3110 3100 2855 2675]
[3200 3505 3065 3100 3175 2920 3350 3235] [3145 3205 3240 3345 3400 2955 2950 2575]
COM8 0 37
0
[2660 2980 2565 2865 2835 2585 2740 2905] [3205 3025 2975 2805 2770 2690 2625 2520]
[2910 2740 2715 2740 2720 2765 2705 2825] [3390 2960 3175 2905 2945 3015 2690 2415]
[2750 3060 3095 2895 2770 2820 2755 2760] [3005 3080 3025 3070 3030 3035 2920 2585]
[2960 2905 2935 2840 2735 2885 2965 2785] [3270 3035 3210 3010 3010 2930 2950 2570]
[2835 2945 2870 2840 2885 2795 3015 2905] [3010 2945 3270 2915 3010 2935 2850 2750]
[2740 2955 3045 2805 2855 2950 3055 2880] [3135 2995 2980 3210 2985 3035 2925 2640]
[2920 2810 2995 3090 2690 2860 2870 2955] [3165 3295 3110 3075 3110 3100 2855 2675]
[2980 2820 2915 2820 2725 2860 3125 2850] [3145 3205 3240 3345 3400 2955 2950 2575]
COM4 1 38
0
[2660 2980 2565 2865 2835 2585 2740 2905] [2940 3225 3215 2795 2870 2605 2505 2595]
[2910 2740 2715 2740 2720 2765 2705 2825] [3035 2905 3075 3285 3045 2760 2730 2640]
[2750 3060 3095 2895 2770 2820 2755 2760] [3165 3010 3120 2930 3050 3020 2600 2590]
[2960 2905 2935 2840 2735 2885 2965 2785] [3170 3525 3315 3140 3185 3050 2765 2370]
[2835 2945 2870 2840 2885 2795 3015 2905] [3250 3160 3205 2975 3210 2905 2715 2575]
[2740 2955 3045 2805 2855 2950 3055 2880] [3165 3320 3175 3050 3105 3125 2620 2675]
[2920 2810 2995 3090 2690 2860 2870 2955] [3090 3295 3270 3215 3140 3005 2620 2430]
[2980 2820 2915 2820 2725 2860 3125 2850] [3175 3255 3300 3160 3185 2950 2615 2380]
COM8 0 39
0
[2945 2575 2760 2945 3005 2775 2970 3020] [2940 3225 3215 2795 2870 2605 2505 2595]
[2710 3025 3065 2995 2945 2970 3000 3110] [3035 2905 3075 3285 3045 2760 2730 2640]
[2805 2990 2945 2970 2945 2980 2945 2960] [3165 3010 3120 2930 3050 3020 2600 2590]
[3045 2945 3045 2955 3020 2950 3135 3005] [3170 3525 3315 3140 3185 3050 2765 2370]
[3055 3025 3050 2925 3050 2890 3105 3075] [3250 3160 3205 2975 3210 2905 2715 2575]
[2935 2935 3210 3055 2870 3105 3130 2930] [3165 3320 3175 3050 3105 3125 2620 2675]
[3020 2890 2835 2925 3045 2995 2985 2955] [3090 3295 3270 3215 3140 3005 2620 2430]
[3210 2780 3150 2875 3155 2985 3190 3075] [3175 3255 3300 3160 3185 2950 2615 2380]
COM4 1 40
0
[2945 2575 2760 2945 3005 2775 2970 3020] [3375 2945 3370 2995 2680 2810 2495 2615]
[2710 3025 3065 2995 2945 2970 3000 3110] [3390 3295 3160 3215 3245 2700 2560 2670]
[2805 2990 2945 2970 2945 2980 2945 2960] [3350 3345 3390 3350 3170 2740 2765 2645]
[3045 2945 3045 2955 3020 2950 3135 3005] [3465 3225 3460 3240 3195 2830 2415 2560]
[3055 3025 3050 2925 3050 2890 3105 3075] [3325 3585 3480 3320 3110 2940 2695 2675]
[2935 2935 3210 3055 2870 3105 3130 2930] [3160 3320 3315 3250 3065 2990 2415 2340]
[3020 2890 2835 2925 3045 2995 2985 2955] [3290 3430 3605 3110 2995 2745 2420 2370]
[3210 2780 3150 2875 3155 2985 3190 3075] [3520 3315 3420 3565 3065 2460 2085 2125]
COM8 0 41
0
[2785 2400 2575 2805 2470 2375 2725 2260] [3375 2945 3370 2995 2680 2810 2495 2615]
[3020 2725 2640 2550 2630 2800 2860 2860] [3390 3295 3160 3215 3245 2700 2560 2670]
[2580 2775 2740 2800 2670 2850 2635 2545] [3350 3345 3390 3350 3170 2740 2765 2645]
[2735 2880 2885 2880 2795 2880 2645 2605] [3465 3225 3460 3240 3195 2830 2415 2560]
[3095 2765 2850 2720 2980 2750 2855 2655] [3325 3585 3480 3320 3110 2940 2695 2675]
[2645 2950 2915 2895 2550 2895 2735 2715] [3160 3320 3315 3250 3065 2990 2415 2340]
[2865 2805 2705 3040 2935 2745 2790 2710] [3290 3430 3605 3110 2995 2745 2420 2370]
[2785 2865 2705 2715 2665 2760 2740 2745] [3520 3315 3420 3565 3065 2460 2085 2125]
COM4 1 42
0
[2785 2400 2575 2805 2470 2375 2725 2260] [3180 3145 3345 3335 3100 2595 2720 2755]
[3020 2725 2640 2550 2630 2800 2860 2860] [2990 3280 3310 3275 3100 3000 2660 2615]
[2580 2775 2740 2800 2670 2850 2635 2545] [3500 3330 3345 3170 3130 2745 2585 2630]
[2735 2880 2885 2880 2795 2880 2645 2605] [3265 3335 3240 3325 3285 2735 2420 2515]
[3095 2765 2850 2720 2980 2750 2855 2655] [3320 3295 3465 3125 3000 2615 2215 2190]
[2645 2950 2915 2895 2550 2895 2735 2715] [3295 3175 3140 3335 2800 2495 2215 2195]
[2865 2805 2705 3040 2935 2745 2790 2710] [3350 3250 3345 2955 2610 2310 2065 2195]
[2785 2865 2705 2715 2665 2760 2740 2745] [3665 3430 3265 2845 2410 2175 1955 2395]
COM8 0 43
0
[2670 2575 2320 2765 2750 2775 2720 2690] [3180 3145 3345 3335 3100 2595 2720 2755]
[2790 2870 2535 2780 2760 2900 2920 2790] [2990 3280 3310 3275 3100 3000 2660 2615]
[2680 2740 2670 2925 2770 2805 2750 2810] [3500 3330 3345 3170 3130 2745 2585 2630]
[2970 2810 2895 2730 2865 2935 2905 2830] [3265 3335 3240 3325 3285 2735 2420 2515]
[3060 2755 2895 2920 2925 2825 3015 2940] [3320 3295 3465 3125 3000 2615 2215 2190]
[2925 2765 3055 2880 2690 2725 2960 2975] [3295 3175 3140 3335 2800 2495 2215 2195]
[2980 2765 2925 2945 2900 3000 2705 2720] [3350 3250 3345 2955 2610 2310 2065 2195]
[3110 3000 2755 2865 2955 2885 3205 2760] [3665 3430 3265 2845 2410 2175 1955 2395]
COM4 1 44
0
[2670 2575 2320 2765 2750 2775 2720 2690] [2765 2980 3180 2790 2445 2110 2315 2405]
[2790 2870 2535 2780 2760 2900 2920 2790] [2905 2890 3160 3060 2605 2270 2330 2175]
[2680 2740 2670 2925 2770 2805 2750 2810] [2990 2910 2990 2855 2970 2225 2315 2140]
[2970 2810 2895 2730 2865 2935 2905 2830] [3020 3235 3120 2885 2640 2130 2115 2140]
[3060 2755 2895 2920 2925 2825 3015 2940] [3085 3005 3090 2605 2360 2020 1940 2300]
[2925 2765 3055 2880 2690 2725 2960 2975] [3190 2825 2650 2340 2135 1765 2110 2555]
[2980 2765 2925 2945 2900 3000 2705 2720] [2855 2600 2280 2190 1805 1720 2330 2505]
[3110 3000 2755 2865 2955 2885 3205 2760] [2865 2610 2015 1880 1630 1780 2220 2595]
COM8 0 45
0
[2535 2465 2995 2410 2915 2615 2540 2685] [2765 2980 3180 2790 2445 2110 2315 2405]
[3045 2690 2495 2855 2715 2815 2730 2675] [2905 2890 3160 3060 2605 2270 2330 2175]
[2780 2840 2875 2780 2795 2845 2800 2785] [2990 2910 2990 2855 2970 2225 2315 2140]
[2815 2700 3015 2755 2780 2715 2745 2815] [3020 3235 3120 2885 2640 2130 2115 2140]
[2795 2975 2785 2825 2940 2675 2945 2660] [3085 3005 3090 2605 2360 2020 1940 2300]
[2715 2810 2950 2995 2685 2965 2870 2865] [3190 2825 2650 2340 2135 1765 2110 2555]
[2905 2895 2850 2945 2875 2890 2625 2805] [2855 2600 2280 2190 1805 1720 2330 2505]
[2800 2715 2800 2850 3050 2660 3055 2920] [2865 2610 2015 1880 1630 1780 2220 2595]
COM4 1 46
0
[2535 2465 2995 2410 2915 2615 2540 2685] [2970 3100 3125 2600 2305 1735 2225 2350]
[3045 2690 2495 2855 2715 2815 2730 2675] [3075 2900 3075 2805 2445 2270 2385 2505]
[2780 2840 2875 2780 2795 2845 2800 2785] [2975 2950 2815 2730 2365 2140 2540 2690]
[2815 2700 3015 2755 2780 2715 2745 2815] [3090 2880 2720 2460 2360 1985 2385 2755]
[2795 2975 2785 2825 2940 2675 2945 2660] [3010 2735 2620 2105 2210 2025 2540 2940]
[2715 2810 2950 2995 2685 2965 2870 2865] [2540 2535 2245 2190 1945 2240 2390 3015]
[2905 2895 2850 2945 2875 2890 2625 2805] [2540 2430 2125 2100 2015 2300 2620 3005]
[2800 2715 2800 2850 3050 2660 3055 2920] [2495 2200 2100 2260 2105 2120 2535 3230]
COM8 0 47
0
[2925 2720 2970 3000 2615 3000 3100 2780] [2970 3100 3125 2600 2305 1735 2225 2350]
[2685 3015 2795 2820 2920 2975 2805 2920] [3075 2900 3075 2805 2445 2270 2385 2505]
[2685 2805 3025 2870 2770 3050 2815 2815] [2975 2950 2815 2730 2365 2140 2540 2690]
[2990 2900 2780 2840 2940 2955 2905 2735] [3090 2880 2720 2460 2360 1985 2385 2755]
[2940 3090 3005 2900 3050 2750 2900 2900] [3010 2735 2620 2105 2210 2025 2540 2940]
[3005 2830 3025 2995 2870 2975 2955 2745] [2540 2535 2245 2190 1945 2240 2390 3015]
[2810 2965 3025 3090 3050 2960 2920 2750] [2540 2430 2125 2100 2015 2300 2620 3005]
[2980 2900 3055 2835 2760 2895 3000 2725] [2495 2200 2100 2260 2105 2120 2535 3230]
COM4 1 48
0
[2925 2720 2970 3000 2615 3000 3100 2780] [2390 2460 2285 2450 2680 2340 2520 2835]
[2685 3015 2795 2820 2920 2975 2805 2920] [2460 2670 2480 2565 2680 2555 2690 2770]
[2685 2805 3025 2870 2770 3050 2815 2815] [2555 2370 2400 2660 2635 2455 2585 2725]
[2990 2900 2780 2840 2940 2955 2905 2735] [2590 2365 2290 2630 2550 2405 2670 2905]
[2940 3090 3005 2900 3050 2750 2900 2900] [2325 2225 2370 2640 2445 2600 2925 2840]
[3005 2830 3025 2995 2870 2975 2955 2745] [2335 2035 2615 2610 2455 2495 2655 2945]
[2810 2965 3025 3090 3050 2960 2920 2750] [2105 2165 2365 2365 2285 2425 2610 3030]
[2980 2900 3055 2835 2760 2895 3000 2725] [1930 1915 2060 2345 2055 2120 2780 2825]
COM8 0 49
0
[2600 3115 2545 2620 2595 2770 2315 1955] [2390 2460 2285 2450 2680 2340 2520 2835]
[2865 2920 2670 2950 2940 2600 2920 2415] [2460 2670 2480 2565 2680 2555 2690 2770]
[2740 2805 3010 2925 2770 2915 2835 2585] [2555 2370 2400 2660 2635 2455 2585 2725]
[3015 2960 2950 2865 2845 2840 2960 2690] [2590 2365 2290 2630 2550 2405 2670 2905]
[2975 2990 2845 2925 2890 2830 2960 2850] [2325 2225 2370 2640 2445 2600 2925 2840]
[3025 2950 2940 2985 2710 2995 3055 2710] [2335 2035 2615 2610 2455 2495 2655 2945]
[3175 3170 2735 3005 2835 2905 2900 2970] [2105 2165 2365 2365 2285 2425 2610 3030]
[3105 3135 2910 2625 3085 2780 3015 2485] [1930 1915 2060 2345 2055 2120 2780 2825]
COM4 1 50
0
[2600 3115 2545 2620 2595 2770 2315 1955] [2450 2680 3095 2600 2370 2295 2610 2650]
[2865 2920 2670 2950 2940 2600 2920 2415] [2350 2780 2995 2700 2410 2485 2535 2710]
[2740 2805 3010 2925 2770 2915 2835 2585] [2165 2645 2775 2655 2535 2560 2560 2875]
[3015 2960 2950 2865 2845 2840 2960 2690] [2200 2545 2730 2665 2470 2545 2765 2770]
[2975 2990 2845 2925 2890 2830 2960 2850] [2115 2285 2635 2380 2375 2405 2735 3070]
[3025 2950 2940 2985 2710 2995 3055 2710] [2085 2240 2475 2440 2330 2415 2745 3090]
[3175 3170 2735 3005 2835 2905 2900 2970] [1965 2260 2370 2300 2320 2480 2815 3065]
[3105 3135 2910 2625 3085 2780 3015 2485] [1970 2155 2015 2240 2380 2740 3070 3240]
COM8 0 51
0
[2905 2815 2970 2590 2695 2320 2260 2100] [2450 2680 3095 2600 2370 2295 2610 2650]
[2960 2945 2960 2770 2875 2785 2485 2385] [2350 2780 2995 2700 2410 2485 2535 2710]
[2685 2795 3110 2780 2855 2720 2730 2375] [2165 2645 2775 2655 2535 2560 2560 2875]
[3065 2840 2785 2835 2815 2970 2825 2385] [2200 2545 2730 2665 2470 2545 2765 2770]
[3075 3020 3005 2935 2850 2925 2990 2425] [2115 2285 2635 2380 2375 2405 2735 3070]
[2875 2805 2880 3045 2830 2945 2790 2485] [2085 2240 2475 2440 2330 2415 2745 3090]
[2810 3005 3035 2945 2955 2950 2850 2355] [1965 2260 2370 2300 2320 2480 2815 3065]
[3330 2920 2895 2785 2720 2930 2865 2735] [1970 2155 2015 2240 2380 2740 3070 3240]
COM4 1 52
0
[2905 2815 2970 2590 2695 2320 2260 2100] [3115 3135 3145 2795 2790 2645 2850 3160]
[2960 2945 2960 2770 2875 2785 2485 2385] [2615 2930 3175 2805 2840 2820 2920 3035]
[2685 2795 3110 2780 2855 2720 2730 2375] [2825 3235 3010 2790 2860 2755 2885 3080]
[3065 2840 2785 2835 2815 2970 2825 2385] [2740 3285 3100 2750 2790 2715 3035 3190]
[3075 3020 3005 2935 2850 2925 2990 2425] [2615 2880 2925 2565 2740 2970 3315 3325]
[2875 2805 2880 3045 2830 2945 2790 2485] [2590 2615 2705 2555 2770 2985 3215 3195]
[2810 3005 3035 2945 2955 2950 2850 2355] [2155 2540 2620 2545 2975 3150 3295 3290]
[3330 2920 2895 2785 2720 2930 2865 2735] [2375 2065 2405 2550 3020 3300 3090 3310]
COM8 0 53
0
[2675 2650 2645 2570 2525 2235 2155 1895] [3115 3135 3145 2795 2790 2645 2850 3160]
[2910 2930 2825 2975 2870 2630 2545 2425] [2615 2930 3175 2805 2840 2820 2920 3035]
[2935 2935 2925 2900 2765 2955 2465 2260] [2825 3235 3010 2790 2860 2755 2885 3080]
[2905 3045 2935 2840 2870 2880 2535 2245] [2740 3285 3100 2750 2790 2715 3035 3190]
[2890 3085 3050 3015 3030 2875 2725 2275] [2615 2880 2925 2565 2740 2970 3315 3325]
[2820 2900 3060 2880 2940 2950 2635 2060] [2590 2615 2705 2555 2770 2985 3215 3195]
[2905 2890 3025 2880 2910 2870 2435 1890] [2155 2540 2620 2545 2975 3150 3295 3290]
[2725 3280 3050 2975 3070 2875 2565 2130] [2375 2065 2405 2550 3020 3300 3090 3310]
COM4 1 54
0
[2675 2650 2645 2570 2525 2235 2155 1895] [2935 2680 2665 2305 2350 2030 2495 2965]
[2910 2930 2825 2975 2870 2630 2545 2425] [2775 2485 2600 2360 2330 2555 2790 2845]
[2935 2935 2925 2900 2765 2955 2465 2260] [2500 2530 2480 2375 2515 2705 2985 2915]
[2905 3045 2935 2840 2870 2880 2535 2245] [2420 2440 2430 2455 2590 2715 3055 2870]
[2890 3085 3050 3015 3030 2875 2725 2275] [2195 2590 2485 2570 2810 2965 3050 3005]
[2820 2900 3060 2880 2940 2950 2635 2060] [2100 2390 2375 2585 2800 3070 3040 2975]
[2905 2890 3025 2880 2910 2870 2435 1890] [2115 2370 2775 2875 2810 3030 3090 3130]
[2725 3280 3050 2975 3070 2875 2565 2130] [2075 2370 2545 3105 3060 2955 3110 3035]
COM8 0 55
0
[2680 2585 2580 2790 2600 2240 2240 1850] [2935 2680 2665 2305 2350 2030 2495 2965]
[2715 2845 2690 2910 2940 2640 2380 2070] [2775 2485 2600 2360 2330 2555 2790 2845]
[2750 2755 2815 2750 2735 2590 2460 2060] [2500 2530 2480 2375 2515 2705 2985 2915]
[2850 2755 2775 2905 2735 2665 2515 2075] [2420 2440 2430 2455 2590 2715 3055 2870]
[2740 2835 3000 2850 2805 2750 2605 2200] [2195 2590 2485 2570 2810 2965 3050 3005]
[2995 2950 2990 2970 2645 2590 2145 1985] [2100 2390 2375 2585 2800 3070 3040 2975]
[2935 3050 3035 3070 2845 2440 2165 1870] [2115 2370 2775 2875 2810 3030 3090 3130]
[2890 2840 2900 2680 2745 2495 2010 1895] [2075 2370 2545 3105 3060 2955 3110 3035]
COM4 1 56
0
[2680 2585 2580 2790 2600 2240 2240 1850] [3290 2615 2775 2430 2715 2650 3045 3135]
[2715 2845 2690 2910 2940 2640 2380 2070] [2720 2905 3010 2590 2845 3125 3170 3270]
[2750 2755 2815 2750 2735 2590 2460 2060] [2630 2875 2675 2930 3050 3095 3075 3060]
[2850 2755 2775 2905 2735 2665 2515 2075] [2750 3010 2860 3090 3115 3105 3180 3205]
[2740 2835 3000 2850 2805 2750 2605 2200] [2575 2910 3265 2915 3175 3160 3295 3355]
[2995 2950 2990 2970 2645 2590 2145 1985] [2625 2475 2915 3195 3100 3300 3490 3235]
[2935 3050 3035 3070 2845 2440 2165 1870] [2850 2990 3175 3180 2965 3285 3450 3325]
[2890 2840 2900 2680 2745 2495 2010 1895] [2950 3160 3225 3605 3310 3175 3385 3490]
COM8 0 57
0
[2755 2605 2525 2500 2415 2250 1835 1610] [3290 2615 2775 2430 2715 2650 3045 3135]
[2665 2770 2510 2660 2875 2515 1965 1820] [2720 2905 3010 2590 2845 3125 3170 3270]
[2505 2720 2780 2755 2675 2630 2190 1705] [2630 2875 2675 2930 3050 3095 3075 3060]
[2900 2830 2785 2840 2780 2570 2225 1875] [2750 3010 2860 3090 3115 3105 3180 3205]
[2940 2775 2805 2975 2655 2590 2180 1760] [2575 2910 3265 2915 3175 3160 3295 3355]
[2615 2965 2825 2790 2460 2305 1640 1520] [2625 2475 2915 3195 3100 3300 3490 3235]
[2640 2810 2610 2325 2350 1775 1515 1465] [2850 2990 3175 3180 2965 3285 3450 3325]
[2845 2810 2305 2135 1680 1615 1600 1535] [2950 3160 3225 3605 3310 3175 3385 3490]
COM4 1 58
0
[2755 2605 2525 2500 2415 2250 1835 1610] [2455 2600 2705 2650 3330 3210 2855 3190]
[2665 2770 2510 2660 2875 2515 1965 1820] [2515 2640 2680 3060 3075 3140 3045 3025]
[2505 2720 2780 2755 2675 2630 2190 1705] [2695 2930 3030 2925 3110 3235 3220 3040]
[2900 2830 2785 2840 2780 2570 2225 1875] [2840 3030 3250 3050 3290 3230 3305 3125]
[2940 2775 2805 2975 2655 2590 2180 1760] [2990 3180 3330 3130 3235 3185 3255 3250]
[2615 2965 2825 2790 2460 2305 1640 1520] [2770 2935 3150 3295 3315 3240 3235 3355]
[2640 2810 2610 2325 2350 1775 1515 1465] [3060 3165 3390 3070 3165 3155 3215 3320]
[2845 2810 2305 2135 1680 1615 1600 1535] [2980 3005 3310 3310 3155 3430 3415 3640]
COM8 0 59
0
[2590 2975 2775 2375 2360 1585 1905 1670] [2455 2600 2705 2650 3330 3210 2855 3190]
[2570 3005 2860 2750 2515 2030 1790 1580] [2515 2640 2680 3060 3075 3140 3045 3025]
[2690 2650 2800 2570 2380 2135 1790 1855] [2695 2930 3030 2925 3110 3235 3220 3040]
[2795 2940 2925 2670 2380 1905 1660 1800] [2840 3030 3250 3050 3290 3230 3305 3125]
[2915 2635 2810 2465 2135 1740 1740 1745] [2990 3180 3330 3130 3235 3185 3255 3250]
[2785 2600 2535 2230 1735 1865 1555 1770] [2770 2935 3150 3295 3315 3240 3235 3355]
[2545 2350 2280 2490 1605 1830 1320 1510] [3060 3165 3390 3070 3165 3155 3215 3320]
[2785 2520 1755 1740 1805 1600 1650 1590] [2980 3005 3310 3310 3155 3430 3415 3640]
COM4 1 60
0
[2590 2975 2775 2375 2360 1585 1905 1670] [2960 3030 2985 2630 2790 3140 2850 3120]
[2570 3005 2860 2750 2515 2030 1790 1580] [2915 3015 2960 3270 2915 2960 3075 2790]
[2690 2650 2800 2570 2380 2135 1790 1855] [3085 3090 3120 3060 3080 2995 2995 2910]
[2795 2940 2925 2670 2380 1905 1660 1800] [3220 3270 3220 3020 2925 2895 3065 2965]
[2915 2635 2810 2465 2135 1740 1740 1745] [3090 3480 2990 3125 3100 2930 3270 3270]
[2785 2600 2535 2230 1735 1865 1555 1770] [2835 2990 3095 3245 2915 3135 3130 3155]
[2545 2350 2280 2490 1605 1830 1320 1510] [3025 3385 3235 3025 3165 3075 3035 2825]
[2785 2520 1755 1740 1805 1600 1650 1590] [3285 3385 3200 3245 2985 3020 3025 3155]
COM8 0 61
0
[2480 1775 1860 2140 2035 1940 1975 2105] [2960 3030 2985 2630 2790 3140 2850 3120]
[2700 2345 1800 2290 2415 2400 2140 2060] [2915 3015 2960 3270 2915 2960 3075 2790]
[2895 2500 2355 2260 2495 2305 1930 1835] [3085 3090 3120 3060 3080 2995 2995 2910]
[2555 2410 2265 2130 2455 2370 1940 1745] [3220 3270 3220 3020 2925 2895 3065 2965]
[2665 2125 2070 2210 2735 2200 2100 1900] [3090 3480 2990 3125 3100 2930 3270 3270]
[2670 2170 2225 2445 2195 2125 1820 1835] [2835 2990 3095 3245 2915 3135 3130 3155]
[2220 1955 2120 2370 2200 2010 1570 1940] [3025 3385 3235 3025 3165 3075 3035 2825]
[2015 1525 1780 1880 1915 1745 1735 2170] [3285 3385 3200 3245 2985 3020 3025 3155]
COM4 1 62
0
[2480 1775 1860 2140 2035 1940 1975 2105] [3105 3120 3240 2795 3480 3455 3175 3210]
[2700 2345 1800 2290 2415 2400 2140 2060] [3250 3225 3090 3295 3310 3335 3275 3005]
[2895 2500 2355 2260 2495 2305 1930 1835] [3410 3400 3415 3265 3405 3315 3380 3200]
[2555 2410 2265 2130 2455 2370 1940 1745] [3115 3260 3455 3400 3335 3275 3330 3235]
[2665 2125 2070 2210 2735 2200 2100 1900] [3415 3325 3325 3160 3330 3375 3180 3235]
[2670 2170 2225 2445 2195 2125 1820 1835] [3300 3385 3095 3415 3425 3430 3435 3455]
[2220 1955 2120 2370 2200 2010 1570 1940] [3175 3315 3420 3340 3415 3405 3480 3395]
[2015 1525 1780 1880 1915 1745 1735 2170] [3335 3430 3345 3470 3475 3340 3445 3410]
COM8 0 63
0
[2010 2190 2455 2645 2525 2100 2035 1805] [3105 3120 3240 2795 3480 3455 3175 3210]
[2120 2410 2310 2580 2495 2145 2130 2075] [3250 3225 3090 3295 3310 3335 3275 3005]
[2000 2160 2675 2560 2535 2140 2130 2275] [3410 3400 3415 3265 3405 3315 3380 3200]
[2295 2125 2505 2640 2540 2260 2080 2040] [3115 3260 3455 3400 3335 3275 3330 3235]
[2050 2135 2270 2600 2335 2045 2075 2235] [3415 3325 3325 3160 3330 3375 3180 3235]
[2140 2265 2245 2585 2100 1880 1960 2185] [3300 3385 3095 3415 3425 3430 3435 3455]
[2280 1985 2095 2240 2040 1765 1655 2310] [3175 3315 3420 3340 3415 3405 3480 3395]
[2220 1860 1855 1695 1895 1875 2070 2450] [3335 3430 3345 3470 3475 3340 3445 3410]
COM4 1 64
0
[2010 2190 2455 2645 2525 2100 2035 1805] [2975 2680 3025 3050 3150 2905 2920 2945]
[2120 2410 2310 2580 2495 2145 2130 2075] [2915 3070 3180 2935 3090 2975 2995 2965]
[2000 2160 2675 2560 2535 2140 2130 2275] [2945 3040 2740 2855 3130 2935 3080 3010]
[2295 2125 2505 2640 2540 2260 2080 2040] [3040 3475 3010 3125 3120 3055 3145 2885]
[2050 2135 2270 2600 2335 2045 2075 2235] [3230 3040 3070 3010 3065 2945 3150 3205]
[2140 2265 2245 2585 2100 1880 1960 2185] [2935 3325 3040 3110 2915 2985 3225 3205]
[2280 1985 2095 2240 2040 1765 1655 2310] [3240 3115 3210 3090 3040 3070 2865 3130]
[2220 1860 1855 1695 1895 1875 2070 2450] [3265 3185 3090 3095 3210 3290 2990 3165]
COM8 0 65
0
[2005 2405 2635 3105 2350 1935 2100 2615] [2975 2680 3025 3050 3150 2905 2920 2945]
[2440 2505 3050 2775 2415 2120 2435 2675] [2915 3070 3180 2935 3090 2975 2995 2965]
[2280 2445 2730 2835 2395 2175 2290 2675] [2945 3040 2740 2855 3130 2935 3080 3010]
[2480 2515 2860 2685 2270 2200 2320 2805] [3040 3475 3010 3125 3120 3055 3145 2885]
[2470 2495 2335 2495 2355 2165 2435 2975] [3230 3040 3070 3010 3065 2945 3150 3205]
[2115 2110 2255 2330 1850 1955 2795 3085] [2935 3325 3040 3110 2915 2985 3225 3205]
[2390 2210 1860 2195 2065 2310 2460 2965] [3240 3115 3210 3090 3040 3070 2865 3130]
[2385 1880 1900 1785 2060 2415 2590 3250] [3265 3185 3090 3095 3210 3290 2990 3165]