COM8 0 6
0
[2805 2725 2645 2890 3000 2740 2900 2670] [2900 3310 3075 3050 2780 3105 3045 2780]
[2770 2835 2840 2835 2925 2890 2845 2985] [3020 2935 3155 2990 3025 3050 3030 2870]
[2785 2900 2915 2825 2795 2950 2855 2825] [3070 3035 2935 3060 3195 2965 3050 3040]
[2795 2825 3010 2835 2980 2885 3075 2785] [3105 3030 3080 3125 3105 3010 3130 2920]
[2855 2920 3065 2910 2930 2965 2915 2875] [3020 3185 3230 3090 2915 2975 3170 3195]
[2995 3055 2970 3150 2925 3035 2990 2860] [3085 3160 3125 3205 3170 3160 3035 3210]
[3100 2950 2975 3130 2890 2805 2910 3110] [3045 3175 3295 3235 3120 3125 3160 3225]
[2965 2855 2955 3055 2985 2950 2940 2980] [2890 2950 3115 3235 3180 3150 3050 3295]
COM4 1 7
0
[2805 2725 2645 2890 3000 2740 2900 2670] [3300 3015 3175 3000 3210 3170 3080 3140]
[2770 2835 2840 2835 2925 2890 2845 2985] [3200 2875 2900 2855 3025 2970 2985 2950]
[2785 2900 2915 2825 2795 2950 2855 2825] [3135 2925 3040 3035 3150 2965 3025 3060]
[2795 2825 3010 2835 2980 2885 3075 2785] [3075 3100 3005 3005 3170 3085 3050 2920]
[2855 2920 3065 2910 2930 2965 2915 2875] [2950 3225 3265 2975 3005 3215 3105 3200]
[2995 3055 2970 3150 2925 3035 2990 2860] [3080 3225 3120 3275 3045 3025 3180 2965]
[3100 2950 2975 3130 2890 2805 2910 3110] [3045 3135 3220 3065 3070 3170 3085 3080]
[2965 2855 2955 3055 2985 2950 2940 2980] [3175 3260 3085 3165 3015 2935 3240 3120]
COM8 0 8
0
[2445 2535 2760 2625 2555 2720 2775 2625] [3300 3015 3175 3000 3210 3170 3080 3140]
[2945 2795 2580 2795 2650 2785 2765 2590] [3200 2875 2900 2855 3025 2970 2985 2950]
[2760 2860 2875 2805 2805 2870 2685 2845] [3135 2925 3040 3035 3150 2965 3025 3060]
[2945 2905 2985 2810 2865 2825 2900 2700] [3075 3100 3005 3005 3170 3085 3050 2920]
[2875 2915 2955 2865 2855 2825 2915 2990] [2950 3225 3265 2975 3005 3215 3105 3200]
[2835 2895 3055 2915 2830 2850 3020 2880] [3080 3225 3120 3275 3045 3025 3180 2965]
[2705 2910 2900 2950 2900 2815 2840 2845] [3045 3135 3220 3065 3070 3170 3085 3080]
[2735 2665 2985 2855 2655 2990 2955 2640] [3175 3260 3085 3165 3015 2935 3240 3120]
COM4 1 9
0
[2445 2535 2760 2625 2555 2720 2775 2625] [3255 3085 3210 3070 2845 2950 2955 2900]
[2945 2795 2580 2795 2650 2785 2765 2590] [3360 3035 3130 3010 3120 3110 3005 2875]
[2760 2860 2875 2805 2805 2870 2685 2845] [3125 3165 3155 3125 3130 2965 3040 3100]
[2945 2905 2985 2810 2865 2825 2900 2700] [3250 2890 3205 3075 3175 3015 3190 2915]
[2875 2915 2955 2865 2855 2825 2915 2990] [3020 3370 3225 3105 3060 2940 3065 3185]
[2835 2895 3055 2915 2830 2850 3020 2880] [2945 2925 3120 3125 3190 3270 3165 3120]
[2705 2910 2900 2950 2900 2815 2840 2845] [3335 3250 3210 3140 3275 3115 3230 3020]
[2735 2665 2985 2855 2655 2990 2955 2640] [3470 3385 3190 3170 3075 3000 3375 3085]
COM8 0 10
0
[3010 2990 3180 2865 2980 2845 3235 3015] [3255 3085 3210 3070 2845 2950 2955 2900]
[3255 3110 3375 2980 3015 3250 2990 3320] [3360 3035 3130 3010 3120 3110 3005 2875]
[3010 3065 3095 2920 3140 3125 3065 3150] [3125 3165 3155 3125 3130 2965 3040 3100]
[3220 3180 3265 2950 3165 3105 3150 3170] [3250 2890 3205 3075 3175 3015 3190 2915]
[3315 3045 3240 3080 3000 3005 3100 3230] [3020 3370 3225 3105 3060 2940 3065 3185]
[3015 3225 3100 3185 3035 3210 3355 3270] [2945 2925 3120 3125 3190 3270 3165 3120]
[2985 3050 3045 3245 3175 3130 3225 3195] [3335 3250 3210 3140 3275 3115 3230 3020]
[3340 2955 3145 3320 3055 3065 3445 3160] [3470 3385 3190 3170 3075 3000 3375 3085]
COM4 1 11
0
[3010 2990 3180 2865 2980 2845 3235 3015] [3105 3170 3175 3070 3120 2960 2830 3045]
[3255 3110 3375 2980 3015 3250 2990 3320] [3250 2875 3025 2940 2890 3095 2910 2890]
[3010 3065 3095 2920 3140 3125 3065 3150] [3090 3115 3125 3035 3035 2900 3075 3045]
[3220 3180 3265 2950 3165 3105 3150 3170] [3220 3230 3175 3120 3075 3045 3065 3105]
[3315 3045 3240 3080 3000 3005 3100 3230] [3105 3025 3235 2940 3030 3165 3235 3200]
[3015 3225 3100 3185 3035 3210 3355 3270] [3040 3150 3075 3145 3115 3310 3230 3050]
[2985 3050 3045 3245 3175 3130 3225 3195] [3045 3020 3255 3195 3160 3110 3080 3280]
[3340 2955 3145 3320 3055 3065 3445 3160] [3105 3240 3250 3465 2955 3370 3405 3040]
COM8 0 12
0
[3010 2740 2675 2700 2860 2695 2960 3100] [3105 3170 3175 3070 3120 2960 2830 3045]
[2925 2735 2885 3090 2860 2950 2925 2865] [3250 2875 3025 2940 2890 3095 2910 2890]
[2855 2910 3035 2805 2835 2950 2940 2860] [3090 3115 3125 3035 3035 2900 3075 3045]
[3050 2815 3075 2935 2860 2930 2940 3095] [3220 3230 3175 3120 3075 3045 3065 3105]
[2900 3085 3035 2940 3065 2890 3075 3110] [3105 3025 3235 2940 3030 3165 3235 3200]
[2920 3100 3015 2855 2915 2905 3090 3070] [3040 3150 3075 3145 3115 3310 3230 3050]
[2795 2970 3115 3090 3090 3045 3005 3040] [3045 3020 3255 3195 3160 3110 3080 3280]
[3250 2910 2990 3030 2975 3055 3140 3075] [3105 3240 3250 3465 2955 3370 3405 3040]
COM4 1 13
0
[3010 2740 2675 2700 2860 2695 2960 3100] [2900 3095 3165 3040 3150 2985 2955 3105]
[2925 2735 2885 3090 2860 2950 2925 2865] [3090 3005 2965 2945 2995 3025 3005 3030]
[2855 2910 3035 2805 2835 2950 2940 2860] [3075 3085 3185 3110 3210 3040 3025 3045]
[3050 2815 3075 2935 2860 2930 2940 3095] [2975 2995 3285 3240 3085 3065 3090 3045]
[2900 3085 3035 2940 3065 2890 3075 3110] [3090 3170 3230 2910 3070 3040 3255 3190]
[2920 3100 3015 2855 2915 2905 3090 3070] [3005 3180 3010 3260 3110 3170 3095 3145]
[2795 2970 3115 3090 3090 3045 3005 3040] [3310 3330 3065 3170 3075 3045 3185 3350]
[3250 2910 2990 3030 2975 3055 3140 3075] [3290 3135 3225 3335 3225 3035 3045 3265]
COM8 0 14
0
[2615 2460 2990 2605 3065 2675 2855 3085] [2900 3095 3165 3040 3150 2985 2955 3105]
[2925 2865 3025 2905 2980 2765 3005 3100] [3090 3005 2965 2945 2995 3025 3005 3030]
[2760 2840 3025 2770 2860 2995 2865 2960] [3075 3085 3185 3110 3210 3040 3025 3045]
[2875 2930 2950 2935 3000 2995 2960 2975] [2975 2995 3285 3240 3085 3065 3090 3045]
[3020 2890 3040 2805 3005 2905 3020 3145] [3090 3170 3230 2910 3070 3040 3255 3190]
[2905 2790 3140 2995 2865 3005 3095 3185] [3005 3180 3010 3260 3110 3170 3095 3145]
[2630 2970 2915 2840 3095 3170 2835 2975] [3310 3330 3065 3170 3075 3045 3185 3350]
[2975 2985 2955 2840 3020 2945 3135 3010] [3290 3135 3225 3335 3225 3035 3045 3265]
COM4 1 15
0
[2615 2460 2990 2605 3065 2675 2855 3085] [3160 2890 3035 2810 2995 2765 2960 2980]
[2925 2865 3025 2905 2980 2765 3005 3100] [2790 2870 2965 2855 2890 3025 3020 2955]
[2760 2840 3025 2770 2860 2995 2865 2960] [3100 2910 2925 2975 2965 2950 3040 2935]
[2875 2930 2950 2935 3000 2995 2960 2975] [2970 3070 3060 3065 2970 3025 3045 2865]
[3020 2890 3040 2805 3005 2905 3020 3145] [3020 2900 3100 2965 2940 2870 3100 3040]
[2905 2790 3140 2995 2865 3005 3095 3185] [2735 2955 3090 2925 2950 3175 3075 3070]
[2630 2970 2915 2840 3095 3170 2835 2975] [3045 3140 3170 2895 2940 3015 2945 3125]
[2975 2985 2955 2840 3020 2945 3135 3010] [3220 2965 3025 3105 3050 3035 3270 2900]
COM8 0 16
0
[2850 2680 2900 2800 2715 2735 3200 3115] [3160 2890 3035 2810 2995 2765 2960 2980]
[3240 3005 3065 3055 2930 3010 2800 2865] [2790 2870 2965 2855 2890 3025 3020 2955]
[2920 3005 3075 3005 2980 2925 3020 3220] [3100 2910 2925 2975 2965 2950 3040 2935]
[2940 2850 3040 2975 2915 3075 3055 3230] [2970 3070 3060 3065 2970 3025 3045 2865]
[3285 3035 3205 2955 3190 3005 3080 3355] [3020 2900 3100 2965 2940 2870 3100 3040]
[2920 3040 3285 3070 2895 3205 3240 2945] [2735 2955 3090 2925 2950 3175 3075 3070]
[2850 3175 3175 3000 3105 3360 3095 3045] [3045 3140 3170 2895 2940 3015 2945 3125]
[2930 2900 3000 3080 2940 3030 3225 3010] [3220 2965 3025 3105 3050 3035 3270 2900]
COM4 1 17
0
[2850 2680 2900 2800 2715 2735 3200 3115] [2655 3115 3035 3010 3080 3040 3210 3055]
[3240 3005 3065 3055 2930 3010 2800 2865] [3140 3160 3115 3160 2935 3080 2925 2980]
[2920 3005 3075 3005 2980 2925 3020 3220] [3035 3205 3225 3180 3240 3065 3185 3000]
[2940 2850 3040 2975 2915 3075 3055 3230] [3110 3180 3305 3215 3100 2955 3060 2980]
[3285 3035 3205 2955 3190 3005 3080 3355] [3280 3185 3210 3135 3090 3005 3040 3100]
[2920 3040 3285 3070 2895 3205 3240 2945] [2880 3045 3060 3160 3025 3080 3115 3135]
[2850 3175 3175 3000 3105 3360 3095 3045] [3135 3385 3145 3235 3140 2955 3120 3200]
[2930 2900 3000 3080 2940 3030 3225 3010] [3315 3205 3160 3320 3090 3230 3255 3260]
COM8 0 18
0
[2370 2370 2465 2335 2940 2600 2640 2515] [2655 3115 3035 3010 3080 3040 3210 3055]
[2550 2885 2890 2825 2755 2680 2665 2715] [3140 3160 3115 3160 2935 3080 2925 2980]
[2410 2760 2860 2795 2800 2805 2745 2795] [3035 3205 3225 3180 3240 3065 3185 3000]
[2560 2675 2825 2725 2755 2710 2840 2735] [3110 3180 3305 3215 3100 2955 3060 2980]
[2525 2755 2815 2715 2825 2765 2835 2750] [3280 3185 3210 3135 3090 3005 3040 3100]
[2540 2850 2810 2700 2555 2735 2955 2605] [2880 3045 3060 3160 3025 3080 3115 3135]
[2140 2625 2735 2880 2585 2735 2810 2715] [3135 3385 3145 3235 3140 2955 3120 3200]
[2085 2640 2705 2960 2790 2900 2740 2495] [3315 3205 3160 3320 3090 3230 3255 3260]
COM4 1 19
0
[2370 2370 2465 2335 2940 2600 2640 2515] [3030 3035 2900 2885 2945 2835 3235 3170]
[2550 2885 2890 2825 2755 2680 2665 2715] [2955 3045 3300 2930 3175 3165 3045 2995]
[2410 2760 2860 2795 2800 2805 2745 2795] [3140 2980 3110 3020 3145 2985 3100 3085]
[2560 2675 2825 2725 2755 2710 2840 2735] [3280 3100 3205 3155 3100 2960 3205 3025]
[2525 2755 2815 2715 2825 2765 2835 2750] [3110 3195 3130 3090 3250 3070 3125 3195]
[2540 2850 2810 2700 2555 2735 2955 2605] [2990 3205 3135 3405 3075 3235 3270 3085]
[2140 2625 2735 2880 2585 2735 2810 2715] [3140 3315 3170 3175 3060 2955 3095 3225]
[2085 2640 2705 2960 2790 2900 2740 2495] [3305 3445 3155 3275 3305 3220 3165 3510]
COM8 0 20
0
[1820 1590 2420 2855 2950 2620 2720 2730] [3030 3035 2900 2885 2945 2835 3235 3170]
[1845 2335 2795 2985 2875 2910 2740 2920] [2955 3045 3300 2930 3175 3165 3045 2995]
[1775 2455 3075 2860 2785 2970 2840 2785] [3140 2980 3110 3020 3145 2985 3100 3085]
[1855 2705 2835 2730 2845 2970 2830 2815] [3280 3100 3205 3155 3100 2960 3205 3025]
[2300 2510 2720 2960 3015 2885 3020 2935] [3110 3195 3130 3090 3250 3070 3125 3195]
[1830 2605 2765 3070 2815 2830 2965 2850] [2990 3205 3135 3405 3075 3235 3270 3085]
[2005 2420 2790 3015 3035 2905 2885 2810] [3140 3315 3170 3175 3060 2955 3095 3225]
[1595 2375 2910 2975 2925 3045 2855 2895] [3305 3445 3155 3275 3305 3220 3165 3510]
COM4 1 21
0
[1820 1590 2420 2855 2950 2620 2720 2730] [3160 3215 3255 3075 2990 3145 2960 3210]
[1845 2335 2795 2985 2875 2910 2740 2920] [3170 3130 3180 3015 3080 3170 3000 2995]
[1775 2455 3075 2860 2785 2970 2840 2785] [3135 3080 3315 3040 3090 3035 3055 3000]
[1855 2705 2835 2730 2845 2970 2830 2815] [3205 3205 3435 3135 3095 3030 3060 3000]
[2300 2510 2720 2960 3015 2885 3020 2935] [3060 3260 3420 3045 3170 3145 3095 3250]
[1830 2605 2765 3070 2815 2830 2965 2850] [3060 3160 3215 3245 3100 3340 3195 2965]
[2005 2420 2790 3015 3035 2905 2885 2810] [3115 3385 3295 3140 3285 3145 3245 3225]
[1595 2375 2910 2975 2925 3045 2855 2895] [3360 3185 3135 3165 3180 3080 2970 3335]
COM8 0 22
0
[1615 1735 2375 2645 2825 2675 2805 2585] [3160 3215 3255 3075 2990 3145 2960 3210]
[1590 2125 2750 2895 2895 2860 2805 2955] [3170 3130 3180 3015 3080 3170 3000 2995]
[1555 2115 2880 2905 2840 2855 2895 2825] [3135 3080 3315 3040 3090 3035 3055 3000]
[1635 2215 2950 2810 2865 2920 2870 2870] [3205 3205 3435 3135 3095 3030 3060 3000]
[1800 2360 2695 3045 3110 2820 3075 2925] [3060 3260 3420 3045 3170 3145 3095 3250]
[1755 2405 2995 2995 3135 3050 2995 3040] [3060 3160 3215 3245 3100 3340 3195 2965]
[1495 2270 2715 2890 3035 2915 2910 3005] [3115 3385 3295 3140 3285 3145 3245 3225]
[1505 1960 2460 2990 2675 2965 3090 3010] [3360 3185 3135 3165 3180 3080 2970 3335]
COM4 1 23
0
[1615 1735 2375 2645 2825 2675 2805 2585] [3135 3220 3510 3145 3070 2920 2950 3155]
[1590 2125 2750 2895 2895 2860 2805 2955] [3020 3195 3315 3150 3050 3025 3060 3110]
[1555 2115 2880 2905 2840 2855 2895 2825] [3355 3155 3155 3040 3210 3095 3095 3095]
[1635 2215 2950 2810 2865 2920 2870 2870] [3095 3225 3075 3190 3130 3055 3085 2965]
[1800 2360 2695 3045 3110 2820 3075 2925] [3255 3285 3175 3000 3170 2950 3225 3250]
[1755 2405 2995 2995 3135 3050 2995 3040] [3095 3090 3120 3140 3055 2955 3115 3070]
[1495 2270 2715 2890 3035 2915 2910 3005] [3345 3405 3145 3125 3165 3135 3035 3200]
[1505 1960 2460 2990 2675 2965 3090 3010] [3265 3050 3105 3285 3230 3300 3220 3350]
COM8 0 24
0
[1455 1610 2465 2375 2600 2620 2575 2425] [3135 3220 3510 3145 3070 2920 2950 3155]
[1745 1925 2435 2820 2950 2690 2890 2730] [3020 3195 3315 3150 3050 3025 3060 3110]
[1375 1885 2460 2780 2735 2805 2780 2860] [3355 3155 3155 3040 3210 3095 3095 3095]
[1645 2165 2760 2930 2865 2850 2820 2880] [3095 3225 3075 3190 3130 3055 3085 2965]
[1655 1775 2535 2810 2870 2930 3015 2635] [3255 3285 3175 3000 3170 2950 3225 3250]
[1550 1905 2520 2910 2725 2910 2995 2700] [3095 3090 3120 3140 3055 2955 3115 3070]
[1510 1900 2200 2890 2835 2855 2885 2780] [3345 3405 3145 3125 3165 3135 3035 3200]
[1490 1450 2130 2590 3110 3000 2725 2750] [3265 3050 3105 3285 3230 3300 3220 3350]
COM4 1 25
0
[1455 1610 2465 2375 2600 2620 2575 2425] [3100 3225 3180 3065 3280 2945 3110 3045]
[1745 1925 2435 2820 2950 2690 2890 2730] [3295 2875 3100 3060 2995 3270 3060 3100]
[1375 1885 2460 2780 2735 2805 2780 2860] [3240 3235 3215 3040 3110 2980 3040 3105]
[1645 2165 2760 2930 2865 2850 2820 2880] [3160 3160 3225 3250 3080 3050 3050 3020]
[1655 1775 2535 2810 2870 2930 3015 2635] [3145 3330 3300 3145 3100 3100 3230 3040]
[1550 1905 2520 2910 2725 2910 2995 2700] [3080 3050 3110 3055 3120 3180 3170 3170]
[1510 1900 2200 2890 2835 2855 2885 2780] [3040 3450 3265 3125 3110 3265 3280 3390]
[1490 1450 2130 2590 3110 3000 2725 2750] [3300 3145 3185 3255 3130 3040 3080 3280]
COM8 0 26
0
[1455 1550 2175 2375 2530 2520 2645 2620] [3100 3225 3180 3065 3280 2945 3110 3045]
[1450 1820 2525 2780 2720 2710 2750 2615] [3295 2875 3100 3060 2995 3270 3060 3100]
[1440 1615 2385 2730 2695 2790 2795 2625] [3240 3235 3215 3040 3110 2980 3040 3105]
[1390 1800 2410 2660 2865 2850 2750 2720] [3160 3160 3225 3250 3080 3050 3050 3020]
[1345 1925 2590 2595 2810 2695 3000 2865] [3145 3330 3300 3145 3100 3100 3230 3040]
[1165 1755 2300 2785 2835 2730 2765 2680] [3080 3050 3110 3055 3120 3180 3170 3170]
[1005 1385 1800 2545 2590 2985 2620 2935] [3040 3450 3265 3125 3110 3265 3280 3390]
[1090 1205 1575 2065 2335 2915 2925 2715] [3300 3145 3185 3255 3130 3040 3080 3280]
COM4 1 27
0
[1455 1550 2175 2375 2530 2520 2645 2620] [3340 3575 3645 3475 3400 3170 2960 3185]
[1450 1820 2525 2780 2720 2710 2750 2615] [3855 3435 3500 3620 3390 3375 3355 3175]
[1440 1615 2385 2730 2695 2790 2795 2625] [3405 3620 3600 3475 3495 3295 3255 3195]
[1390 1800 2410 2660 2865 2850 2750 2720] [3515 3600 3480 3465 3440 3290 3230 3270]
[1345 1925 2590 2595 2810 2695 3000 2865] [3355 3470 3715 3415 3350 3205 3405 3390]
[1165 1755 2300 2785 2835 2730 2765 2680] [3475 3470 3430 3520 3230 3375 3385 3290]
[1005 1385 1800 2545 2590 2985 2620 2935] [3450 3590 3455 3465 3430 3305 3480 3440]
[1090 1205 1575 2065 2335 2915 2925 2715] [3510 3485 3420 3575 3400 3455 3400 3500]
COM8 0 28
0
[1285 1550 2090 2585 2550 2695 2490 2960] [3340 3575 3645 3475 3400 3170 2960 3185]
[1440 1805 2285 2685 2705 2715 2845 2810] [3855 3435 3500 3620 3390 3375 3355 3175]
[1485 1845 2470 2740 2575 2725 2725 2810] [3405 3620 3600 3475 3495 3295 3255 3195]
[1435 1735 2450 2715 2840 2800 2895 2810] [3515 3600 3480 3465 3440 3290 3230 3270]
[1430 1715 2050 2480 2850 2820 3015 2990] [3355 3470 3715 3415 3350 3205 3405 3390]
[1390 1610 1995 2170 2265 2630 2805 2725] [3475 3470 3430 3520 3230 3375 3385 3290]
[1330 1295 1580 1690 1885 2390 2750 2890] [3450 3590 3455 3465 3430 3305 3480 3440]
[1520 1330 1235 1325 1320 1960 2430 2495] [3510 3485 3420 3575 3400 3455 3400 3500]
COM4 1 29
0
[1285 1550 2090 2585 2550 2695 2490 2960] [3155 2775 3135 3150 3110 2910 3165 2960]
[1440 1805 2285 2685 2705 2715 2845 2810] [3015 3090 3200 2965 3050 3080 3080 2960]
[1485 1845 2470 2740 2575 2725 2725 2810] [3090 3195 3175 3145 3110 2990 3080 3040]
[1435 1735 2450 2715 2840 2800 2895 2810] [3180 3030 3180 3185 3125 3145 3035 3030]
[1430 1715 2050 2480 2850 2820 3015 2990] [3100 3270 3365 3035 3170 3070 3150 3145]
[1390 1610 1995 2170 2265 2630 2805 2725] [3075 3275 3195 3355 3135 3200 3115 3140]
[1330 1295 1580 1690 1885 2390 2750 2890] [2995 3385 3270 3280 3085 3005 3245 3215]
[1520 1330 1235 1325 1320 1960 2430 2495] [3260 3260 3375 3430 3260 3090 3250 3200]
COM8 0 30
0
[1390  845 1340 1555 2200 2530 2610 2410] [3155 2775 3135 3150 3110 2910 3165 2960]
[1380 1215 1175 1845 2245 2525 2740 2550] [3015 3090 3200 2965 3050 3080 3080 2960]
[1575 1405 1575 1895 2370 2590 2610 2725] [3090 3195 3175 3145 3110 2990 3080 3040]
[1560 1385 1610 1900 2245 2425 2610 2635] [3180 3030 3180 3185 3125 3145 3035 3030]
[1565 1430 1470 1685 1980 2010 2580 2570] [3100 3270 3365 3035 3170 3070 3150 3145]
[1735 1430 1670 1570 1660 1745 1985 2620] [3075 3275 3195 3355 3135 3200 3115 3140]
[1550 1415 1255 1450 1380 1360 1610 2010] [2995 3385 3270 3280 3085 3005 3245 3215]
[1780 1430 1380 1400 1365 1415 1445 1575] [3260 3260 3375 3430 3260 3090 3250 3200]
COM4 1 31
0
[1390  845 1340 1555 2200 2530 2610 2410] [3085 2950 3090 3230 3345 2795 2795 2985]
[1380 1215 1175 1845 2245 2525 2740 2550] [3005 3210 3120 3235 3105 3130 3115 3105]
[1575 1405 1575 1895 2370 2590 2610 2725] [3160 3150 3220 3150 3200 3050 3035 2935]
[1560 1385 1610 1900 2245 2425 2610 2635] [3205 3255 3170 3105 3045 3000 3025 2985]
[1565 1430 1470 1685 1980 2010 2580 2570] [3045 3055 3205 2950 3080 3005 3185 3155]
[1735 1430 1670 1570 1660 1745 1985 2620] [3130 3110 3065 3190 3140 3210 3085 3160]
[1550 1415 1255 1450 1380 1360 1610 2010] [3115 3200 3205 3210 2940 3275 3195 3280]
[1780 1430 1380 1400 1365 1415 1445 1575] [3265 3405 3255 3320 3230 3150 3200 3080]
COM8 0 32
0
[1590 1600 2070 2575 2335 1865 1580 1490] [3085 2950 3090 3230 3345 2795 2795 2985]
[1550 1670 2175 2785 2580 2125 1700 1820] [3005 3210 3120 3235 3105 3130 3115 3105]
[1515 1790 2290 2705 2575 2275 1835 1680] [3160 3150 3220 3150 3200 3050 3035 2935]
[1615 1655 2310 2700 2635 2345 1905 1520] [3205 3255 3170 3105 3045 3000 3025 2985]
[1955 1715 2310 2375 2695 2320 1885 1505] [3045 3055 3205 2950 3080 3005 3185 3155]
[1805 1750 2080 2440 2505 2335 1965 1430] [3130 3110 3065 3190 3140 3210 3085 3160]
[1890 1780 1720 1720 2180 2230 1595 1415] [3115 3200 3205 3210 2940 3275 3195 3280]
[1865 1645 1555 1305 1895 1670 1350 1020] [3265 3405 3255 3320 3230 3150 3200 3080]
COM4 1 33
0
[1590 1600 2070 2575 2335 1865 1580 1490] [2645 2995 2950 2900 3030 3005 2960 2825]
[1550 1670 2175 2785 2580 2125 1700 1820] [3020 2800 3180 2815 2945 3115 2930 2895]
[1515 1790 2290 2705 2575 2275 1835 1680] [2845 3170 2985 2900 3085 2970 3045 3110]
[1615 1655 2310 2700 2635 2345 1905 1520] [2975 3170 3240 3035 3010 3000 3065 3035]
[1955 1715 2310 2375 2695 2320 1885 1505] [2850 3270 3015 2885 3065 3065 3195 3095]
[1805 1750 2080 2440 2505 2335 1965 1430] [2875 2950 3165 3195 3115 3175 3195 3110]
[1890 1780 1720 1720 2180 2230 1595 1415] [3015 3080 2995 3015 3055 3065 3055 3105]
[1865 1645 1555 1305 1895 1670 1350 1020] [3100 3125 3215 3140 3070 3175 3030 3210]
COM8 0 34
0
[1780 1405 2000 2415 2815 2690 2745 2600] [2645 2995 2950 2900 3030 3005 2960 2825]
[2070 1805 2040 2620 2785 2795 2905 2700] [3020 2800 3180 2815 2945 3115 2930 2895]
[1975 1845 2265 2650 2810 3005 2985 2775] [2845 3170 2985 2900 3085 2970 3045 3110]
[2390 1950 2235 2510 2830 2980 2985 2645] [2975 3170 3240 3035 3010 3000 3065 3035]
[2310 1865 2155 2350 2730 2895 3000 2665] [2850 3270 3015 2885 3065 3065 3195 3095]
[2285 2075 2105 2215 2350 2755 2740 2295] [2875 2950 3165 3195 3115 3175 3195 3110]
[2540 2150 1880 1985 1980 2460 2035 1920] [3015 3080 2995 3015 3055 3065 3055 3105]
[2695 2275 1705 1530 1560 1675 1720 1585] [3100 3125 3215 3140 3070 3175 3030 3210]
COM4 1 35
0
[1780 1405 2000 2415 2815 2690 2745 2600] [2370 2955 3405 3230 3100 3225 2945 2895]
[2070 1805 2040 2620 2785 2795 2905 2700] [2670 3270 3315 3375 3070 3090 3050 3120]
[1975 1845 2265 2650 2810 3005 2985 2775] [2630 3270 3180 3320 3270 2900 3050 3075]
[2390 1950 2235 2510 2830 2980 2985 2645] [2620 3395 3405 3155 3190 3225 3195 3055]
[2310 1865 2155 2350 2730 2895 3000 2665] [2960 3335 3285 3180 3095 3295 3245 3295]
[2285 2075 2105 2215 2350 2755 2740 2295] [2780 3115 3250 3335 3040 3095 3235 3380]
[2540 2150 1880 1985 1980 2460 2035 1920] [2885 3185 3150 3250 3070 2955 3240 3335]
[2695 2275 1705 1530 1560 1675 1720 1585] [2750 3170 3305 3280 3140 3200 3095 3125]
COM8 0 36
0
[1490 1200 1430 2170 2500 2555 2610 2380] [2370 2955 3405 3230 3100 3225 2945 2895]
[2220 1675 1640 2240 2565 2610 2510 2595] [2670 3270 3315 3375 3070 3090 3050 3120]
[2105 1810 1830 2050 2335 2615 2670 2720] [2630 3270 3180 3320 3270 2900 3050 3075]
[2345 1960 1880 1885 2245 2570 2700 2735] [2620 3395 3405 3155 3190 3225 3195 3055]
[2690 2105 1840 1740 2085 2430 2640 2510] [2960 3335 3285 3180 3095 3295 3245 3295]
[2565 2425 2135 1570 1755 2025 2190 2265] [2780 3115 3250 3335 3040 3095 3235 3380]
[2880 2590 2075 1895 1685 1390 1385 1445] [2885 3185 3150 3250 3070 2955 3240 3335]
[3225 2680 2520 1880 1505 1320 1320 1390] [2750 3170 3305 3280 3140 3200 3095 3125]
COM4 1 37
0
[1490 1200 1430 2170 2500 2555 2610 2380] [1875 2150 2945 2820 2940 2955 2915 2980]
[2220 1675 1640 2240 2565 2610 2510 2595] [1845 2345 2875 3020 2980 3080 3245 3145]
[2105 1810 1830 2050 2335 2615 2670 2720] [1860 2475 2845 3070 3150 3035 3040 2905]
[2345 1960 1880 1885 2245 2570 2700 2735] [2075 2715 2960 3035 3130 3075 3115 2935]
[2690 2105 1840 1740 2085 2430 2640 2510] [1955 2550 3145 2915 3015 3180 3155 3050]
[2565 2425 2135 1570 1755 2025 2190 2265] [1805 2535 3150 3130 3115 3010 3220 3150]
[2880 2590 2075 1895 1685 1390 1385 1445] [1790 2680 2995 3050 3220 3045 3080 3250]
[3225 2680 2520 1880 1505 1320 1320 1390] [1765 2340 2850 3295 3190 2940 3090 3065]
COM8 0 38
0
[2390 2000 1645 1570 1905 2420 2780 2750] [1875 2150 2945 2820 2940 2955 2915 2980]
[2625 2370 1845 1800 1820 2330 2685 2915] [1845 2345 2875 3020 2980 3080 3245 3145]
[2910 2580 2335 1900 1790 2255 2660 2870] [1860 2475 2845 3070 3150 3035 3040 2905]
[2870 2885 2740 2285 2105 1985 2165 2430] [2075 2715 2960 3035 3130 3075 3115 2935]
[2960 3015 2790 2415 2335 1925 2155 2250] [1955 2550 3145 2915 3015 3180 3155 3050]
[3020 2965 2910 2590 2520 2250 1905 2005] [1805 2535 3150 3130 3115 3010 3220 3150]
[2855 2790 2905 2825 2715 2330 2040 1735] [1790 2680 2995 3050 3220 3045 3080 3250]
[3150 2755 2895 2845 3050 2365 2180 1605] [1765 2340 2850 3295 3190 2940 3090 3065]
COM4 1 39
0
[2390 2000 1645 1570 1905 2420 2780 2750] [2075 2245 2875 2820 2650 2895 2960 2980]
[2625 2370 1845 1800 1820 2330 2685 2915] [1885 2475 3170 3060 2945 3105 3045 2945]
[2910 2580 2335 1900 1790 2255 2660 2870] [2065 2295 2835 3015 3120 3015 3025 3075]
[2870 2885 2740 2285 2105 1985 2165 2430] [1935 2355 2995 3005 3095 2945 3095 3045]
[2960 3015 2790 2415 2335 1925 2155 2250] [1785 2440 2960 2945 3030 3025 3105 3200]
[3020 2965 2910 2590 2520 2250 1905 2005] [1815 2215 2605 3030 2920 3135 3205 3120]
[2855 2790 2905 2825 2715 2330 2040 1735] [1655 2075 2530 2900 3180 3100 3260 3150]
[3150 2755 2895 2845 3050 2365 2180 1605] [1700 1940 2235 2870 2935 2940 3140 3215]
COM8 0 40
0
[2630 2305 2390 2435 1790 1720 1770 2150] [2075 2245 2875 2820 2650 2895 2960 2980]
[3080 2755 2555 2470 1895 1640 1730 1910] [1885 2475 3170 3060 2945 3105 3045 2945]
[2620 2715 2675 2455 2230 1920 1840 1960] [2065 2295 2835 3015 3120 3015 3025 3075]
[2865 2940 2870 2730 2505 2340 2150 2015] [1935 2355 2995 3005 3095 2945 3095 3045]
[2845 2955 2880 2735 2730 2560 2440 2330] [1785 2440 2960 2945 3030 3025 3105 3200]
[3100 2790 2870 2885 3015 2835 2625 2305] [1815 2215 2605 3030 2920 3135 3205 3120]
[2845 2905 2740 2630 3000 3010 2750 2680] [1655 2075 2530 2900 3180 3100 3260 3150]
[2675 2895 2600 2945 3020 2875 2850 2585] [1700 1940 2235 2870 2935 2940 3140 3215]
COM4 1 41
0
[2630 2305 2390 2435 1790 1720 1770 2150] [1670 2195 2555 3065 3160 2705 2960 3055]
[3080 2755 2555 2470 1895 1640 1730 1910] [1760 2135 2760 3070 3030 2960 2915 3125]
[2620 2715 2675 2455 2230 1920 1840 1960] [1680 2280 2600 2890 3035 2950 3140 2870]
[2865 2940 2870 2730 2505 2340 2150 2015] [1615 1930 2510 3040 2970 3020 3070 3070]
[2845 2955 2880 2735 2730 2560 2440 2330] [1525 1800 2315 2535 2770 3040 3125 3045]
[3100 2790 2870 2885 3015 2835 2625 2305] [1525 1605 1870 2315 2400 2865 2985 2965]
[2845 2905 2740 2630 3000 3010 2750 2680] [1505 1595 1800 1835 2025 2390 2790 3240]
[2675 2895 2600 2945 3020 2875 2850 2585] [1675 1605 1610 1705 1765 2140 2760 3095]
COM8 0 42
0
[2500 2490 2675 2525 2590 2745 2555 2285] [1670 2195 2555 3065 3160 2705 2960 3055]
[2905 2890 2795 2875 2845 2590 2610 2395] [1760 2135 2760 3070 3030 2960 2915 3125]
[2685 2770 2840 2785 2740 2900 2640 2430] [1680 2280 2600 2890 3035 2950 3140 2870]
[2765 2830 2810 2850 2875 2735 2845 2640] [1615 1930 2510 3040 2970 3020 3070 3070]
[2890 2830 2950 2890 2885 2740 2780 2715] [1525 1800 2315 2535 2770 3040 3125 3045]
[2990 2705 3125 2945 2770 2875 2970 2665] [1525 1605 1870 2315 2400 2865 2985 2965]
[2695 2800 2745 2910 2850 2975 3040 2710] [1505 1595 1800 1835 2025 2390 2790 3240]
[2850 2850 2875 2700 2910 2790 3095 2600] [1675 1605 1610 1705 1765 2140 2760 3095]
COM4 1 43
0
[2500 2490 2675 2525 2590 2745 2555 2285] [1445 1510 1740 1955 2590 2945 2900 3055]
[2905 2890 2795 2875 2845 2590 2610 2395] [1470 1570 1885 2225 2605 2960 2895 2990]
[2685 2770 2840 2785 2740 2900 2640 2430] [1590 1490 1925 2180 2730 2815 3015 2880]
[2765 2830 2810 2850 2875 2735 2845 2640] [1560 1555 1815 2200 2345 2690 2900 2985]
[2890 2830 2950 2890 2885 2740 2780 2715] [1675 1690 1885 1845 2030 2365 2710 2970]
[2990 2705 3125 2945 2770 2875 2970 2665] [1570 1670 2035 2085 1975 2055 2350 2715]
[2695 2800 2745 2910 2850 2975 3040 2710] [1480 1640 1760 1880 1785 1840 2235 2535]
[2850 2850 2875 2700 2910 2790 3095 2600] [1490 1510 1670 1905 1650 1575 1805 2030]
COM8 0 44
0
[2680 2640 2655 2550 2515 2620 2930 2730] [1445 1510 1740 1955 2590 2945 2900 3055]
[2675 2950 2760 2815 2775 2705 2760 2890] [1470 1570 1885 2225 2605 2960 2895 2990]
[2760 2735 2645 2780 2805 2940 2920 2810] [1590 1490 1925 2180 2730 2815 3015 2880]
[3010 2865 3005 2975 2875 2865 2815 2725] [1560 1555 1815 2200 2345 2690 2900 2985]
[2950 2890 2910 2835 3015 2780 2950 2875] [1675 1690 1885 1845 2030 2365 2710 2970]
[3040 2945 3140 3010 2885 2805 3105 2975] [1570 1670 2035 2085 1975 2055 2350 2715]
[3215 2685 2795 3025 2920 2835 2670 2825] [1480 1640 1760 1880 1785 1840 2235 2535]
[3070 3130 2805 2895 2885 2950 2990 2855] [1490 1510 1670 1905 1650 1575 1805 2030]
COM4 1 45
0
[2680 2640 2655 2550 2515 2620 2930 2730] [1860 2135 2640 3020 2865 2120 2115 2365]
[2675 2950 2760 2815 2775 2705 2760 2890] [2035 2210 2785 3135 3050 2580 2325 2430]
[2760 2735 2645 2780 2805 2940 2920 2810] [2060 2280 2620 3345 3175 2600 2470 2460]
[3010 2865 3005 2975 2875 2865 2815 2725] [1905 2195 2890 3440 3200 2865 2310 2345]
[2950 2890 2910 2835 3015 2780 2950 2875] [1975 2150 2550 2955 3115 2600 2270 2230]
[3040 2945 3140 3010 2885 2805 3105 2975] [2070 1865 2230 2875 2960 2700 2135 2020]
[3215 2685 2795 3025 2920 2835 2670 2825] [2035 1820 2045 2305 2530 2495 2050 1965]
[3070 3130 2805 2895 2885 2950 2990 2855] [1920 1565 1770 2055 1995 2245 1925 1945]
COM8 0 46
0
[2720 2575 2995 2585 2820 2745 2470 2595] [1860 2135 2640 3020 2865 2120 2115 2365]
[2830 2695 2635 3040 2875 2775 2960 2710] [2035 2210 2785 3135 3050 2580 2325 2430]
[2685 3065 2770 2570 2740 2785 2765 2765] [2060 2280 2620 3345 3175 2600 2470 2460]
[2860 2870 2850 2770 2830 2805 2855 2675] [1905 2195 2890 3440 3200 2865 2310 2345]
[2765 2740 3025 2785 2935 2890 2865 2930] [1975 2150 2550 2955 3115 2600 2270 2230]
[2835 2830 2840 2965 2800 2805 2825 2915] [2070 1865 2230 2875 2960 2700 2135 2020]
[2900 3040 2815 2780 2900 2985 2635 2790] [2035 1820 2045 2305 2530 2495 2050 1965]
[2685 2820 2665 2640 2850 2780 2990 2980] [1920 1565 1770 2055 1995 2245 1925 1945]
COM4 1 47
0
[2720 2575 2995 2585 2820 2745 2470 2595] [1725 1675 1960 2555 3035 2975 2685 2750]
[2830 2695 2635 3040 2875 2775 2960 2710] [1760 1655 2110 2655 2870 2975 3025 2525]
[2685 3065 2770 2570 2740 2785 2765 2765] [1640 1585 1905 2500 3010 2895 2845 2625]
[2860 2870 2850 2770 2830 2805 2855 2675] [1660 1540 1920 2485 2970 2980 2835 2410]
[2765 2740 3025 2785 2935 2890 2865 2930] [2025 1470 1815 2085 2700 2875 2735 2425]
[2835 2830 2840 2965 2800 2805 2825 2915] [1950 1635 1685 2060 2555 2810 2555 2225]
[2900 3040 2815 2780 2900 2985 2635 2790] [2135 1665 1720 1670 1835 2190 2235 2005]
[2685 2820 2665 2640 2850 2780 2990 2980] [2245 1800 1455 1435 1495 1610 1720 1620]
COM8 0 48
0
[2785 2805 2845 2555 2740 2705 2825 3115] [1725 1675 1960 2555 3035 2975 2685 2750]
[2985 3175 3120 3000 2880 2970 2820 2935] [1760 1655 2110 2655 2870 2975 3025 2525]
[2985 3030 3040 2985 2835 2860 2855 3000] [1640 1585 1905 2500 3010 2895 2845 2625]
[3095 3040 3080 3070 2965 2970 2890 3155] [1660 1540 1920 2485 2970 2980 2835 2410]
[2930 3085 3310 3080 2940 2890 2950 3055] [2025 1470 1815 2085 2700 2875 2735 2425]
[3095 3090 3140 3055 2935 2875 3060 2975] [1950 1635 1685 2060 2555 2810 2555 2225]
[3255 2970 3050 3080 2920 2965 2835 2890] [2135 1665 1720 1670 1835 2190 2235 2005]
[3400 3245 3195 3060 3235 3065 3045 2915] [2245 1800 1455 1435 1495 1610 1720 1620]
COM4 1 49
0
[2785 2805 2845 2555 2740 2705 2825 3115] [1695 1570 1455 1980 2650 2805 2945 2730]
[2985 3175 3120 3000 2880 2970 2820 2935] [2000 1485 1570 2020 2445 2810 2770 2690]
[2985 3030 3040 2985 2835 2860 2855 3000] [2295 1700 1615 1820 2395 2855 2865 2655]
[3095 3040 3080 3070 2965 2970 2890 3155] [2295 1550 1510 1680 2050 2645 2830 2755]
[2930 3085 3310 3080 2940 2890 2950 3055] [2140 2175 1675 1500 1760 2330 2740 2540]
[3095 3090 3140 3055 2935 2875 3060 2975] [2300 2200 1740 1615 1605 2055 2320 2225]
[3255 2970 3050 3080 2920 2965 2835 2890] [2840 2555 2095 1530 1510 1610 1705 1755]
[3400 3245 3195 3060 3235 3065 3045 2915] [2890 2685 2170 1600 1335 1305 1405 1450]
COM8 0 50
0
[2610 2480 2740 2845 2835 2695 2905 2635] [1695 1570 1455 1980 2650 2805 2945 2730]
[3095 3005 2715 2825 2805 2925 2745 2840] [2000 1485 1570 2020 2445 2810 2770 2690]
[2790 2960 2950 2960 2845 2825 2825 2930] [2295 1700 1615 1820 2395 2855 2865 2655]
[2825 3065 3030 2840 2875 2910 2885 2905] [2295 1550 1510 1680 2050 2645 2830 2755]
[3015 2955 3120 3050 3010 2910 2925 3105] [2140 2175 1675 1500 1760 2330 2740 2540]
[2910 2965 3060 2955 2830 2960 3100 2965] [2300 2200 1740 1615 1605 2055 2320 2225]
[3095 3025 3025 3100 2940 2790 2615 2895] [2840 2555 2095 1530 1510 1610 1705 1755]
[3070 2900 3060 3080 2975 2955 2960 2870] [2890 2685 2170 1600 1335 1305 1405 1450]
COM4 1 51
0
[2610 2480 2740 2845 2835 2695 2905 2635] [2510 2150 1785 1780 2015 2390 2830 2930]
[3095 3005 2715 2825 2805 2925 2745 2840] [3000 2380 2080 1780 1815 2370 2645 2640]
[2790 2960 2950 2960 2845 2825 2825 2930] [3130 2990 2525 1970 1955 2185 2550 2675]
[2825 3065 3030 2840 2875 2910 2885 2905] [2950 3070 2840 2350 1845 1830 2275 2390]
[3015 2955 3120 3050 3010 2910 2925 3105] [3235 3050 3015 2370 1980 1835 2005 2100]
[2910 2965 3060 2955 2830 2960 3100 2965] [3025 2975 2995 2790 2310 1830 1800 1745]
[3095 3025 3025 3100 2940 2790 2615 2895] [3045 3200 3095 2910 2550 2170 1755 1520]
[3070 2900 3060 3080 2975 2955 2960 2870] [3330 3075 3210 2950 2855 2370 1945 1565]
COM8 0 52
0
[2790 2615 2705 2895 2540 2600 2475 2505] [2510 2150 1785 1780 2015 2390 2830 2930]
[2485 2540 2620 2780 2600 2575 2525 2525] [3000 2380 2080 1780 1815 2370 2645 2640]
[2595 2540 2750 2695 2605 2690 2705 2690] [3130 2990 2525 1970 1955 2185 2550 2675]
[2830 2540 2690 2600 2845 2605 2595 2600] [2950 3070 2840 2350 1845 1830 2275 2390]
[2805 2605 2900 2790 2615 2645 2840 2715] [3235 3050 3015 2370 1980 1835 2005 2100]
[2715 2735 2810 2635 2550 2665 2545 2460] [3025 2975 2995 2790 2310 1830 1800 1745]
[2635 2740 2805 2410 2815 2745 2530 2650] [3045 3200 3095 2910 2550 2170 1755 1520]
[2830 2770 2575 2735 2535 2580 2585 2555] [3330 3075 3210 2950 2855 2370 1945 1565]
COM4 1 53
0
[2790 2615 2705 2895 2540 2600 2475 2505] [3210 2755 2870 2305 1895 1630 1850 2290]
[2485 2540 2620 2780 2600 2575 2525 2525] [3285 2875 2940 2495 2120 1875 1870 2150]
[2595 2540 2750 2695 2605 2690 2705 2690] [3295 3155 3095 2765 2545 2150 1995 2110]
[2830 2540 2690 2600 2845 2605 2595 2600] [3370 3120 3070 3245 3025 2630 2150 1870]
[2805 2605 2900 2790 2615 2645 2840 2715] [3045 3305 3320 3075 2925 2735 2510 2110]
[2715 2735 2810 2635 2550 2665 2545 2460] [2970 3290 3200 3145 3245 3150 2885 2525]
[2635 2740 2805 2410 2815 2745 2530 2650] [3285 3210 3140 3130 3120 3015 3150 2590]
[2830 2770 2575 2735 2535 2580 2585 2555] [3300 3245 3390 3130 2935 2930 3135 3210]
COM8 0 54
0
[2680 2785 2585 2695 2675 2755 2870 2885] [3210 2755 2870 2305 1895 1630 1850 2290]
[3080 2825 2895 2845 2950 2790 2835 2890] [3285 2875 2940 2495 2120 1875 1870 2150]
[2975 2870 2905 2815 2855 2680 2760 2560] [3295 3155 3095 2765 2545 2150 1995 2110]
[2845 2770 2870 3025 2895 2775 2885 2705] [3370 3120 3070 3245 3025 2630 2150 1870]
[2840 2905 2775 2815 2850 2840 2950 3035] [3045 3305 3320 3075 2925 2735 2510 2110]
[2555 3035 3105 2985 2880 2945 2905 2725] [2970 3290 3200 3145 3245 3150 2885 2525]
[3020 2690 2745 2870 2925 2905 2790 2960] [3285 3210 3140 3130 3120 3015 3150 2590]
[3180 2975 2895 2885 2795 2740 2800 2575] [3300 3245 3390 3130 2935 2930 3135 3210]
COM4 1 55
0
[2680 2785 2585 2695 2675 2755 2870 2885] [2605 2640 2795 2525 2350 2620 2430 2205]
[3080 2825 2895 2845 2950 2790 2835 2890] [2590 2655 2775 2720 2675 2835 2540 2395]
[2975 2870 2905 2815 2855 2680 2760 2560] [2755 2610 2545 2640 2675 2650 2620 2450]
[2845 2770 2870 3025 2895 2775 2885 2705] [2705 2780 2680 2740 2775 2730 2715 2635]
[2840 2905 2775 2815 2850 2840 2950 3035] [2690 2830 2815 2560 2760 2780 2970 2800]
[2555 3035 3105 2985 2880 2945 2905 2725] [2645 2715 2805 2685 2735 2800 2890 2875]
[3020 2690 2745 2870 2925 2905 2790 2960] [2725 2790 2685 2810 2615 2770 2850 3020]
[3180 2975 2895 2885 2795 2740 2800 2575] [2765 2820 2805 2925 2815 2825 2890 2965]
COM8 0 56
0
[2590 2565 2990 2865 3000 2935 3005 2710] [2605 2640 2795 2525 2350 2620 2430 2205]
[3020 2920 3120 2750 2935 2920 2845 3075] [2590 2655 2775 2720 2675 2835 2540 2395]
[2945 3030 2955 2960 3015 2900 3065 2945] [2755 2610 2545 2640 2675 2650 2620 2450]
[2965 3120 3095 2910 2935 3105 3000 2850] [2705 2780 2680 2740 2775 2730 2715 2635]
[3035 3090 3230 2970 3040 3010 3000 2995] [2690 2830 2815 2560 2760 2780 2970 2800]
[3160 3225 3205 3055 2945 2940 3225 3065] [2645 2715 2805 2685 2735 2800 2890 2875]
[2950 2965 3005 3320 3105 3055 2845 3130] [2725 2790 2685 2810 2615 2770 2850 3020]
[3305 3310 3405 3080 3020 3040 3045 2810] [2765 2820 2805 2925 2815 2825 2890 2965]
COM4 1 57
0
[2590 2565 2990 2865 3000 2935 3005 2710] [3235 3380 3435 3240 3645 3255 3135 2925]
[3020 2920 3120 2750 2935 2920 2845 3075] [3245 3245 3340 3100 3200 3195 3145 3210]
[2945 3030 2955 2960 3015 2900 3065 2945] [3380 3095 3240 3150 3220 3125 3135 3040]
[2965 3120 3095 2910 2935 3105 3000 2850] [3365 3260 3360 3305 3165 3180 3150 3030]
[3035 3090 3230 2970 3040 3010 3000 2995] [3225 3485 3365 2995 3280 3280 3195 3265]
[3160 3225 3205 3055 2945 2940 3225 3065] [3145 3230 3275 3220 3275 3180 3180 3120]
[2950 2965 3005 3320 3105 3055 2845 3130] [3305 3470 3290 3445 3445 3170 3210 3385]
[3305 3310 3405 3080 3020 3040 3045 2810] [3405 3185 3420 3440 3385 3305 3190 3300]
COM8 0 58
0
[2690 2610 2965 2720 2670 2680 2950 3085] [3235 3380 3435 3240 3645 3255 3135 2925]
[2800 2680 2695 2990 2865 2775 3005 2820] [3245 3245 3340 3100 3200 3195 3145 3210]
[2685 3005 3030 2950 2765 2940 2850 2880] [3380 3095 3240 3150 3220 3125 3135 3040]
[3130 2970 2935 2970 2880 2970 2820 2885] [3365 3260 3360 3305 3165 3180 3150 3030]
[3025 2975 2970 2830 3045 2910 3080 3140] [3225 3485 3365 2995 3280 3280 3195 3265]
[3040 2845 2995 3030 2845 2970 3255 2840] [3145 3230 3275 3220 3275 3180 3180 3120]
[3110 2920 2940 2905 3035 2845 2790 2705] [3305 3470 3290 3445 3445 3170 3210 3385]
[3070 3005 2810 2840 2890 2940 3140 3000] [3405 3185 3420 3440 3385 3305 3190 3300]
COM4 1 59
0
[2690 2610 2965 2720 2670 2680 2950 3085] [2905 2940 3190 3025 3250 2900 3215 2925]
[2800 2680 2695 2990 2865 2775 3005 2820] [3020 3210 3105 3000 3070 2960 3035 2985]
[2685 3005 3030 2950 2765 2940 2850 2880] [3055 3150 3050 3160 3150 3145 3095 3015]
[3130 2970 2935 2970 2880 2970 2820 2885] [3205 3060 3305 3035 3070 2995 3020 2915]
[3025 2975 2970 2830 3045 2910 3080 3140] [3150 3045 3200 2845 3090 3205 3180 3040]
[3040 2845 2995 3030 2845 2970 3255 2840] [3065 3110 3145 3255 3145 3100 3180 3055]
[3110 2920 2940 2905 3035 2845 2790 2705] [3255 3240 3210 3120 3160 2955 3110 3230]
[3070 3005 2810 2840 2890 2940 3140 3000] [3265 3240 3250 3325 2950 2935 2905 3145]
COM8 0 60
0
[2925 2810 2925 2585 3075 2940 2955 3225] [2905 2940 3190 3025 3250 2900 3215 2925]
[2915 3090 2775 3150 2895 3020 2905 2835] [3020 3210 3105 3000 3070 2960 3035 2985]
[2790 3065 2950 3005 2850 2890 2885 3055] [3055 3150 3050 3160 3150 3145 3095 3015]
[3090 2960 3010 2845 2990 2925 2960 2975] [3205 3060 3305 3035 3070 2995 3020 2915]
[3165 3085 3210 2890 3110 2960 3075 3005] [3150 3045 3200 2845 3090 3205 3180 3040]
[2780 2915 3200 2965 2950 2975 3130 3160] [3065 3110 3145 3255 3145 3100 3180 3055]
[3040 3200 2870 3025 3035 3005 3095 3045] [3255 3240 3210 3120 3160 2955 3110 3230]
[3065 2855 3065 2975 3055 3215 3115 3165] [3265 3240 3250 3325 2950 2935 2905 3145]
COM4 1 61
0
[2925 2810 2925 2585 3075 2940 2955 3225] [3025 2945 2950 2900 3210 2820 3140 3075]
[2915 3090 2775 3150 2895 3020 2905 2835] [2920 2955 3090 3010 2975 3100 2975 2970]
[2790 3065 2950 3005 2850 2890 2885 3055] [2900 2915 3070 3045 2995 3025 3025 2825]
[3090 2960 3010 2845 2990 2925 2960 2975] [3165 3230 3065 3210 3030 3045 3090 3005]
[3165 3085 3210 2890 3110 2960 3075 3005] [3280 3035 3210 2910 2935 3000 2945 3040]
[2780 2915 3200 2965 2950 2975 3130 3160] [3070 3200 3090 3145 2965 3230 3035 3090]
[3040 3200 2870 3025 3035 3005 3095 3045] [3115 3355 3205 3035 3180 3180 2975 3150]
[3065 2855 3065 2975 3055 3215 3115 3165] [3195 2960 3155 2960 3115 3210 2905 3260]
COM8 0 62
0
[3125 2670 3085 2960 3025 3045 2760 3370] [3025 2945 2950 2900 3210 2820 3140 3075]
[3065 3400 3025 3235 2920 2985 3005 3050] [2920 2955 3090 3010 2975 3100 2975 2970]
[2935 2995 3105 2970 2950 2895 3060 3175] [2900 2915 3070 3045 2995 3025 3025 2825]
[3100 3150 3025 2995 3085 3045 3045 3215] [3165 3230 3065 3210 3030 3045 3090 3005]
[3170 3160 3090 3040 3200 3140 3235 3300] [3280 3035 3210 2910 2935 3000 2945 3040]
[3100 3140 3140 2955 3070 3120 3140 3165] [3070 3200 3090 3145 2965 3230 3035 3090]
[3115 3170 3115 3090 3115 3150 3370 3225] [3115 3355 3205 3035 3180 3180 2975 3150]
[3310 3105 3215 3080 3185 3350 3115 3180] [3195 2960 3155 2960 3115 3210 2905 3260]
COM4 1 63
0
[3125 2670 3085 2960 3025 3045 2760 3370] [3305 3170 3245 3275 3185 3060 3220 3210]
[3065 3400 3025 3235 2920 2985 3005 3050] [3480 3255 3325 3245 3110 3245 3175 3100]
[2935 2995 3105 2970 2950 2895 3060 3175] [3425 3290 3285 3260 3250 3175 3175 3155]
[3100 3150 3025 2995 3085 3045 3045 3215] [3315 3445 3275 3290 3250 3210 3200 3110]
[3170 3160 3090 3040 3200 3140 3235 3300] [3475 3405 3425 3150 3235 3270 3200 3250]
[3100 3140 3140 2955 3070 3120 3140 3165] [3210 3115 3440 3365 3205 3250 3140 3340]
[3115 3170 3115 3090 3115 3150 3370 3225] [3320 3330 3210 3345 3250 3315 3270 3240]
[3310 3105 3215 3080 3185 3350 3115 3180] [3390 3535 3290 3335 3180 3140 3170 3165]
COM8 0 64
0
[2975 2340 2650 2655 2650 2625 2790 2545] [3305 3170 3245 3275 3185 3060 3220 3210]
[3170 2850 2980 3000 2905 2900 3005 2755] [3480 3255 3325 3245 3110 3245 3175 3100]
[2775 2930 2815 2855 2695 2985 2815 2785] [3425 3290 3285 3260 3250 3175 3175 3155]
[2890 3025 3010 2730 2780 2790 2955 2675] [3315 3445 3275 3290 3250 3210 3200 3110]
[2860 3045 2870 2905 2950 2780 2915 3045] [3475 3405 3425 3150 3235 3270 3200 3250]
[2990 2770 3045 2960 2755 2945 2940 2825] [3210 3115 3440 3365 3205 3250 3140 3340]
[2945 2805 2930 2850 2900 2685 2865 3015] [3320 3330 3210 3345 3250 3315 3270 3240]
[2835 2960 2695 2550 2950 2990 2795 2755] [3390 3535 3290 3335 3180 3140 3170 3165]
COM4 1 65
0
[2975 2340 2650 2655 2650 2625 2790 2545] [2775 2555 2640 2530 2570 2665 2800 2645]
[3170 2850 2980 3000 2905 2900 3005 2755] [2735 2540 2545 2580 2580 2785 2850 2815]
[2775 2930 2815 2855 2695 2985 2815 2785] [2750 2665 2685 2640 2850 2655 2780 2825]
[2890 3025 3010 2730 2780 2790 2955 2675] [2780 2560 2785 2840 2800 2785 2895 2755]
[2860 3045 2870 2905 2950 2780 2915 3045] [2645 2810 2840 2580 2835 2765 2785 2875]
[2990 2770 3045 2960 2755 2945 2940 2825] [2625 2825 2795 2820 2665 2665 2835 2900]
[2945 2805 2930 2850 2900 2685 2865 3015] [2725 2880 2965 3120 2755 2885 2645 2960]
[2835 2960 2695 2550 2950 2990 2795 2755] [2890 2865 2760 2960 2890 3125 3030 2850]