COM3 1 6
4
[2575 2080 1940 2205 2470 2680 2850 2895] [2910 3030 2955 3000 2855 2945 2945 3245]
[2650 2410 1980 2275 2390 2630 2925 2910] [2940 3015 2945 2800 3045 3130 3005 3210]
[2555 2360 2225 2040 2255 2525 2995 2925] [3060 2895 3090 2995 3175 2945 3130 3075]
[2700 2435 2220 1995 2160 2360 2640 2870] [3000 2895 2985 3135 3095 2945 3005 3070]
[2745 2510 2185 1885 1970 2220 2710 3125] [3060 3230 3155 2915 3145 3205 3205 3260]
[2425 2460 2115 1955 1840 2245 2530 2755] [3005 3145 3065 3075 3155 3145 3180 3360]
[2325 2225 2020 1895 1815 2230 2370 2865] [3050 3300 3235 3120 3165 3205 2980 3290]
[2045 2050 1855 1850 2095 2415 2770 3015] [3100 3235 3155 3280 3175 3005 3205 3050]
COM7 0 7
4
[2310 2160 1960 2240 2535 2820 2950 2860] [2910 3030 2955 3000 2855 2945 2945 3245]
[2475 2320 1965 2270 2500 2775 2895 2925] [2940 3015 2945 2800 3045 3130 3005 3210]
[2085 2235 2010 2075 2390 2775 2945 2970] [3060 2895 3090 2995 3175 2945 3130 3075]
[2025 2080 1975 2030 2350 2745 2820 2960] [3000 2895 2985 3135 3095 2945 3005 3070]
[2130 2150 1915 2085 2355 2615 2890 2890] [3060 3230 3155 2915 3145 3205 3205 3260]
[1775 1975 2045 2160 2240 2720 2950 2790] [3005 3145 3065 3075 3155 3145 3180 3360]
[1880 1980 1975 2135 2420 2665 2845 2920] [3050 3300 3235 3120 3165 3205 2980 3290]
[1780 1945 1920 2180 2415 2795 3000 2950] [3100 3235 3155 3280 3175 3005 3205 3050]
COM3 1 8
4
[2310 2160 1960 2240 2535 2820 2950 2860] [3405 3325 3335 3485 3210 3290 3285 3270]
[2475 2320 1965 2270 2500 2775 2895 2925] [3325 3380 3400 3175 3210 3420 3255 3200]
[2085 2235 2010 2075 2390 2775 2945 2970] [3260 3445 3260 3375 3270 3215 3325 3255]
[2025 2080 1975 2030 2350 2745 2820 2960] [3295 3240 3415 3335 3330 3260 3350 3305]
[2130 2150 1915 2085 2355 2615 2890 2890] [3485 3300 3465 3330 3280 3325 3485 3495]
[1775 1975 2045 2160 2240 2720 2950 2790] [3205 3405 3365 3340 3255 3240 3400 3450]
[1880 1980 1975 2135 2420 2665 2845 2920] [3520 3495 3550 3505 3370 3285 3450 3340]
[1780 1945 1920 2180 2415 2795 3000 2950] [3630 3470 3445 3595 3450 3380 3370 3470]
COM7 0 9
4
[1350 1745 1935 2255 2525 2820 3160 3015] [3405 3325 3335 3485 3210 3290 3285 3270]
[ 865 1550 1695 2125 2355 2675 2865 2980] [3325 3380 3400 3175 3210 3420 3255 3200]
[ 740  875 1745 1935 2315 2590 2985 3120] [3260 3445 3260 3375 3270 3215 3325 3255]
[ 920  700 1560 1895 2285 2590 2925 3190] [3295 3240 3415 3335 3330 3260 3350 3305]
[ 925  955 1610 1920 2255 2590 2990 3065] [3485 3300 3465 3330 3280 3325 3485 3495]
[1035 1410 1865 2095 2295 2620 3200 2990] [3205 3405 3365 3340 3255 3240 3400 3450]
[1585 1600 1720 2190 2365 2895 3050 3195] [3520 3495 3550 3505 3370 3285 3450 3340]
[1805 1590 1835 2300 2430 2975 3180 2995] [3630 3470 3445 3595 3450 3380 3370 3470]
COM3 1 10
4
[1350 1745 1935 2255 2525 2820 3160 3015] [3260 3350 3385 3345 3200 3150 3290 3195]
[ 865 1550 1695 2125 2355 2675 2865 2980] [3335 3395 3400 3445 3220 3425 3340 3355]
[ 740  875 1745 1935 2315 2590 2985 3120] [3365 3220 3480 3325 3420 3175 3315 3265]
[ 920  700 1560 1895 2285 2590 2925 3190] [3300 3330 3360 3345 3250 3265 3230 3310]
[ 925  955 1610 1920 2255 2590 2990 3065] [3350 3355 3470 3265 3395 3305 3350 3320]
[1035 1410 1865 2095 2295 2620 3200 2990] [3280 3280 3405 3345 3430 3230 3485 3550]
[1585 1600 1720 2190 2365 2895 3050 3195] [3350 3665 3485 3510 3380 3430 3395 3475]
[1805 1590 1835 2300 2430 2975 3180 2995] [3335 3585 3565 3505 3345 3395 3245 3470]
COM7 0 11
4
[1385 1375 1420 1775 1980 2235 2620 2385] [3260 3350 3385 3345 3200 3150 3290 3195]
[1485 1320 1310 1580 1895 2125 2270 2470] [3335 3395 3400 3445 3220 3425 3340 3355]
[1360 1350 1190 1285 1405 1905 2305 2355] [3365 3220 3480 3325 3420 3175 3315 3265]
[1430 1350 1310  950 1220 1645 2060 2425] [3300 3330 3360 3345 3250 3265 3230 3310]
[1470 1320 1215  915  590 1465 2390 2220] [3350 3355 3470 3265 3395 3305 3350 3320]
[1460 1350 1175  735  905 1635 2240 2495] [3280 3280 3405 3345 3430 3230 3485 3550]
[1880 1285  640    0  975 1700 2285 2845] [3350 3665 3485 3510 3380 3430 3395 3475]
[1800 1390  970 1235 1515 1815 2615 2640] [3335 3585 3565 3505 3345 3395 3245 3470]
COM3 1 12
4
[1385 1375 1420 1775 1980 2235 2620 2385] [3380 3215 3395 3315 3245 3290 3335 3250]
[1485 1320 1310 1580 1895 2125 2270 2470] [3325 3345 3355 3310 3315 3390 3235 3210]
[1360 1350 1190 1285 1405 1905 2305 2355] [3390 3290 3455 3225 3300 3290 3195 3245]
[1430 1350 1310  950 1220 1645 2060 2425] [3430 3310 3275 3325 3275 3240 3115 3250]
[1470 1320 1215  915  590 1465 2390 2220] [3280 3480 3345 3235 3375 3420 3380 3250]
[1460 1350 1175  735  905 1635 2240 2495] [3255 3350 3250 3320 3390 3310 3395 3340]
[1880 1285  640    0  975 1700 2285 2845] [3360 3490 3365 3415 3220 3345 3365 3425]
[1800 1390  970 1235 1515 1815 2615 2640] [3380 3485 3250 3385 3245 3315 3340 3375]
COM7 0 13
4
[2420 2390 2210 2260 2515 2625 3005 3280] [3380 3215 3395 3315 3245 3290 3335 3250]
[2270 2265 2365 2235 2285 2610 2890 2995] [3325 3345 3355 3310 3315 3390 3235 3210]
[1690 1640 1615 1970 2090 2350 2640 3085] [3390 3290 3455 3225 3300 3290 3195 3245]
[1590 1560 1585 1560 1955 2265 2470 2775] [3430 3310 3275 3325 3275 3240 3115 3250]
[1665 1530 1510 1425 1550 1815 2175 2730] [3280 3480 3345 3235 3375 3420 3380 3250]
[1505 1455 1510 1460 1330 1310 1730 2380] [3255 3350 3250 3320 3390 3310 3395 3340]
[1900 1440 1535 1360 1270 1210 1025 2015] [3360 3490 3365 3415 3220 3345 3365 3425]
[2020 1700 1330 1165 1155 1175  910 1790] [3380 3485 3250 3385 3245 3315 3340 3375]
COM3 1 14
4
[2420 2390 2210 2260 2515 2625 3005 3280] [3105 3215 3260 3150 3110 3125 3165 3275]
[2270 2265 2365 2235 2285 2610 2890 2995] [3295 3170 3235 3090 3115 3185 3140 3140]
[1690 1640 1615 1970 2090 2350 2640 3085] [3205 3145 3205 3175 3225 3015 3245 3040]
[1590 1560 1585 1560 1955 2265 2470 2775] [3215 3245 3110 3180 3075 3210 3150 3205]
[1665 1530 1510 1425 1550 1815 2175 2730] [3345 3230 3280 3175 3180 3205 3185 3325]
[1505 1455 1510 1460 1330 1310 1730 2380] [3060 3135 3305 3105 3270 3325 3285 3375]
[1900 1440 1535 1360 1270 1210 1025 2015] [3165 3260 3440 3125 3245 3265 3295 3470]
[2020 1700 1330 1165 1155 1175  910 1790] [3270 3310 3255 3255 3305 3255 3315 3280]
COM7 0 15
4
[2430 1910 1765 2075 2275 2475 2585 2425] [3105 3215 3260 3150 3110 3125 3165 3275]
[2435 2180 1765 1930 2210 2420 2480 2555] [3295 3170 3235 3090 3115 3185 3140 3140]
[2065 2000 1940 1905 2035 2270 2415 2525] [3205 3145 3205 3175 3225 3015 3245 3040]
[2135 1855 2015 1895 2175 2250 2415 2550] [3215 3245 3110 3180 3075 3210 3150 3205]
[2340 2235 2375 2380 2380 2225 2490 2310] [3345 3230 3280 3175 3180 3205 3185 3325]
[2405 2245 2085 1950 1820 2175 2285 2310] [3060 3135 3305 3105 3270 3325 3285 3375]
[2490 1840 1935 1605 1580 1900 2000 2330] [3165 3260 3440 3125 3245 3265 3295 3470]
[2390 1655 1595 1555 1535 1560 2110 2160] [3270 3310 3255 3255 3305 3255 3315 3280]
COM3 1 16
4
[2430 1910 1765 2075 2275 2475 2585 2425] [3175 3045 3275 3040 3080 3220 3200 3270]
[2435 2180 1765 1930 2210 2420 2480 2555] [3120 3180 3275 3075 3170 3250 3150 3345]
[2065 2000 1940 1905 2035 2270 2415 2525] [3065 3200 3165 3075 3175 3005 3175 3195]
[2135 1855 2015 1895 2175 2250 2415 2550] [3150 3150 3105 3195 3250 3210 3250 3205]
[2340 2235 2375 2380 2380 2225 2490 2310] [3245 3310 3240 3130 3190 3175 3195 3135]
[2405 2245 2085 1950 1820 2175 2285 2310] [3075 3090 3250 3215 3140 3220 3305 3360]
[2490 1840 1935 1605 1580 1900 2000 2330] [3285 3335 3410 3190 3375 3245 3300 3340]
[2390 1655 1595 1555 1535 1560 2110 2160] [3125 3400 3220 3260 3250 3145 3160 3305]
COM7 0 17
4
[2520 2390 2460 2650 3000 3135 3240 3315] [3175 3045 3275 3040 3080 3220 3200 3270]
[2585 2460 2365 2750 3030 3160 3055 3415] [3120 3180 3275 3075 3170 3250 3150 3345]
[2480 2385 2455 2705 3105 3185 3165 3240] [3065 3200 3165 3075 3175 3005 3175 3195]
[2680 2255 2360 2490 2720 2790 3060 3205] [3150 3150 3105 3195 3250 3210 3250 3205]
[2625 2330 2075 2285 2380 2555 2960 3080] [3245 3310 3240 3130 3190 3175 3195 3135]
[2505 2330 2105 2100 2180 2350 2625 3045] [3075 3090 3250 3215 3140 3220 3305 3360]
[2615 2375 1920 1965 2045 2445 2440 3140] [3285 3335 3410 3190 3375 3245 3300 3340]
[2520 2180 1955 1895 2080 2480 2795 3000] [3125 3400 3220 3260 3250 3145 3160 3305]
COM3 1 18
4
[2520 2390 2460 2650 3000 3135 3240 3315] [3440 3585 3530 3370 3440 3390 3285 3350]
[2585 2460 2365 2750 3030 3160 3055 3415] [3330 3455 3545 3405 3360 3510 3370 3365]
[2480 2385 2455 2705 3105 3185 3165 3240] [3580 3450 3430 3485 3270 3315 3450 3375]
[2680 2255 2360 2490 2720 2790 3060 3205] [3510 3655 3450 3395 3400 3200 3330 3290]
[2625 2330 2075 2285 2380 2555 2960 3080] [3485 3430 3450 3430 3370 3350 3290 3465]
[2505 2330 2105 2100 2180 2350 2625 3045] [3480 3430 3365 3490 3350 3410 3420 3580]
[2615 2375 1920 1965 2045 2445 2440 3140] [3415 3520 3670 3500 3435 3415 3430 3445]
[2520 2180 1955 1895 2080 2480 2795 3000] [3500 3535 3615 3470 3465 3345 3545 3410]
COM7 0 19
4
[2285 2105 2215 2625 2845 2875 3080 2960] [3440 3585 3530 3370 3440 3390 3285 3350]
[2390 2300 2195 2600 2865 3055 2820 2945] [3330 3455 3545 3405 3360 3510 3370 3365]
[2245 2155 2140 2480 2890 2975 3030 2935] [3580 3450 3430 3485 3270 3315 3450 3375]
[2285 2135 2240 2315 2650 2620 2585 2655] [3510 3655 3450 3395 3400 3200 3330 3290]
[2485 2115 1995 2135 2350 2220 2390 2470] [3485 3430 3450 3430 3370 3350 3290 3465]
[2340 2050 2015 1950 1955 1935 2200 2425] [3480 3430 3365 3490 3350 3410 3420 3580]
[2460 2160 1895 1805 1605 1680 1895 2510] [3415 3520 3670 3500 3435 3415 3430 3445]
[2370 2015 2010 1680 1785 1820 1840 2110] [3500 3535 3615 3470 3465 3345 3545 3410]
COM3 1 20
4
[2285 2105 2215 2625 2845 2875 3080 2960] [3260 3250 3170 3260 3130 3140 3145 3215]
[2390 2300 2195 2600 2865 3055 2820 2945] [3215 3220 3055 3095 3080 3170 3180 3215]
[2245 2155 2140 2480 2890 2975 3030 2935] [3330 3245 3275 3035 3305 3100 3200 3175]
[2285 2135 2240 2315 2650 2620 2585 2655] [3300 3350 3225 3145 3350 3185 3275 3200]
[2485 2115 1995 2135 2350 2220 2390 2470] [3385 3230 3345 3060 3210 3210 3280 3320]
[2340 2050 2015 1950 1955 1935 2200 2425] [3085 3045 3230 3345 3140 3210 3300 3250]
[2460 2160 1895 1805 1605 1680 1895 2510] [3360 3340 3215 3365 3200 3205 3395 3405]
[2370 2015 2010 1680 1785 1820 1840 2110] [3295 3180 3265 3370 3165 3435 3380 3305]
COM7 0 21
4
[2325 2045 2095 2260 2625 2615 2705 2665] [3260 3250 3170 3260 3130 3140 3145 3215]
[2315 2255 2105 2300 2380 2595 2540 2550] [3215 3220 3055 3095 3080 3170 3180 3215]
[2405 2120 2080 2000 2180 2250 2360 2410] [3330 3245 3275 3035 3305 3100 3200 3175]
[2540 2135 2065 1825 2005 1980 2145 2360] [3300 3350 3225 3145 3350 3185 3275 3200]
[2640 2280 1965 1670 1690 1600 1880 2225] [3385 3230 3345 3060 3210 3210 3280 3320]
[2515 2260 1965 1760 1490 1015  835 1495] [3085 3045 3230 3345 3140 3210 3300 3250]
[2525 2170 1745 1600  900  575  535  720] [3360 3340 3215 3365 3200 3205 3395 3405]
[2695 2200 1780 1580  870 1050 1115  810] [3295 3180 3265 3370 3165 3435 3380 3305]
COM3 1 22
4
[2325 2045 2095 2260 2625 2615 2705 2665] [3395 3405 3320 3350 3290 3160 3270 3440]
[2315 2255 2105 2300 2380 2595 2540 2550] [3400 3215 3475 3250 3350 3185 3390 3210]
[2405 2120 2080 2000 2180 2250 2360 2410] [3525 3395 3205 3210 3395 3160 3295 3215]
[2540 2135 2065 1825 2005 1980 2145 2360] [3435 3510 3315 3420 3275 3290 3225 3255]
[2640 2280 1965 1670 1690 1600 1880 2225] [3280 3320 3205 3335 3280 3320 3345 3390]
[2515 2260 1965 1760 1490 1015  835 1495] [2965 3360 3140 3380 3425 3345 3395 3410]
[2525 2170 1745 1600  900  575  535  720] [3315 3320 3395 3340 3495 3285 3440 3530]
[2695 2200 1780 1580  870 1050 1115  810] [3470 3305 3405 3595 3385 3395 3380 3600]
COM7 0 23
4
[2515 1945 1875 1780 1690 1760 2055 2265] [3395 3405 3320 3350 3290 3160 3270 3440]
[2510 2275 1620 1475 1525 1675 1740 2380] [3400 3215 3475 3250 3350 3185 3390 3210]
[2345 2135 2010 1470 1115  890 1170 1900] [3525 3395 3205 3210 3395 3160 3295 3215]
[2685 1975 1965 1535 1085  970  935 1020] [3435 3510 3315 3420 3275 3290 3225 3255]
[2840 2315 1880 1410 1040 1225 1440 1070] [3280 3320 3205 3335 3280 3320 3345 3390]
[2630 2180 1925 1660 1325 1405 1470 1285] [2965 3360 3140 3380 3425 3345 3395 3410]
[2575 2040 1625 1935 1695 1445 1420 1365] [3315 3320 3395 3340 3495 3285 3440 3530]
[2400 1900 1610 1680 2245 1670 1560 1525] [3470 3305 3405 3595 3385 3395 3380 3600]
COM3 1 24
4
[2515 1945 1875 1780 1690 1760 2055 2265] [3155 3005 2970 3090 2890 3025 3240 3190]
[2510 2275 1620 1475 1525 1675 1740 2380] [3135 3060 3150 3025 3125 3125 3045 3035]
[2345 2135 2010 1470 1115  890 1170 1900] [3125 3140 3030 3200 3175 3040 3080 3015]
[2685 1975 1965 1535 1085  970  935 1020] [3210 3130 3215 3080 3095 3135 2875 3170]
[2840 2315 1880 1410 1040 1225 1440 1070] [3245 3045 3245 3035 3120 3180 3170 3150]
[2630 2180 1925 1660 1325 1405 1470 1285] [3100 3195 3085 3145 3115 3300 3315 3190]
[2575 2040 1625 1935 1695 1445 1420 1365] [3175 3410 3295 3190 3115 3195 3295 3270]
[2400 1900 1610 1680 2245 1670 1560 1525] [3210 3305 3245 3390 3145 3075 3195 3315]
COM7 0 25
4
[2390 1860 1765 1425 1065 1085 1070 1120] [3155 3005 2970 3090 2890 3025 3240 3190]
[2430 2145 1770 1475 1255 1425 1280 1225] [3135 3060 3150 3025 3125 3125 3045 3035]
[2410 1970 1740 1805 1360 1385 1455 1370] [3125 3140 3030 3200 3175 3040 3080 3015]
[2265 2205 1840 1900 1675 1405 1520 1455] [3210 3130 3215 3080 3095 3135 2875 3170]
[2440 2135 1940 1840 2115 1445 1605 1540] [3245 3045 3245 3035 3120 3180 3170 3150]
[2530 2025 1955 1800 1885 1570 1555 1485] [3100 3195 3085 3145 3115 3300 3315 3190]
[2320 2030 2000 2065 1865 1840 1435 1620] [3175 3410 3295 3190 3115 3195 3295 3270]
[2545 2080 1900 1755 1800 2075 1740 1730] [3210 3305 3245 3390 3145 3075 3195 3315]
COM3 1 26
4
[2390 1860 1765 1425 1065 1085 1070 1120] [3210 3170 3325 3155 3150 3250 3205 3175]
[2430 2145 1770 1475 1255 1425 1280 1225] [3090 3165 3175 3195 3205 3275 3280 3125]
[2410 1970 1740 1805 1360 1385 1455 1370] [2975 3135 3260 3220 3295 3155 3195 3155]
[2265 2205 1840 1900 1675 1405 1520 1455] [3130 3245 3120 3230 3275 3260 3220 3140]
[2440 2135 1940 1840 2115 1445 1605 1540] [3220 3145 3345 3230 3235 3330 3280 3350]
[2530 2025 1955 1800 1885 1570 1555 1485] [2970 3225 3410 3220 3355 3310 3345 3295]
[2320 2030 2000 2065 1865 1840 1435 1620] [3205 3320 3205 3130 3310 3275 3280 3325]
[2545 2080 1900 1755 1800 2075 1740 1730] [3295 3220 3315 3540 3440 3305 3490 3560]
COM7 0 27
4
[2235 1900 1960 1935 1460 1455 1485 1400] [3210 3170 3325 3155 3150 3250 3205 3175]
[2345 1940 1800 2020 1660 1500 1475 1470] [3090 3165 3175 3195 3205 3275 3280 3125]
[1965 1960 1800 1875 1645 1455 1605 1515] [2975 3135 3260 3220 3295 3155 3195 3155]
[2325 2065 1860 1955 1815 1460 1640 1525] [3130 3245 3120 3230 3275 3260 3220 3140]
[2570 2115 1925 1805 2005 1455 1705 1665] [3220 3145 3345 3230 3235 3330 3280 3350]
[2300 1995 2055 1770 1835 1640 1665 1650] [2970 3225 3410 3220 3355 3310 3345 3295]
[2455 2025 1945 1690 1800 2015 1750 1715] [3205 3320 3205 3130 3310 3275 3280 3325]
[2785 2005 1940 1680 1455 1695 1845 2015] [3295 3220 3315 3540 3440 3305 3490 3560]
COM3 1 28
4
[2235 1900 1960 1935 1460 1455 1485 1400] [3095 3115 3040 3060 3175 3050 2970 3210]
[2345 1940 1800 2020 1660 1500 1475 1470] [3105 3105 2960 3100 3045 3115 3080 3070]
[1965 1960 1800 1875 1645 1455 1605 1515] [3090 3230 2940 3015 3145 3060 3075 3170]
[2325 2065 1860 1955 1815 1460 1640 1525] [3230 3245 3095 3100 3105 3035 3190 3100]
[2570 2115 1925 1805 2005 1455 1705 1665] [3185 3090 3185 3160 3215 3135 3215 3165]
[2300 1995 2055 1770 1835 1640 1665 1650] [3070 3295 3050 3225 3085 3215 3300 3245]
[2455 2025 1945 1690 1800 2015 1750 1715] [3230 3270 3155 3230 3140 3115 3250 3290]
[2785 2005 1940 1680 1455 1695 1845 2015] [3290 3225 3210 3300 3095 3150 3385 3225]
COM7 0 29
4
[2375 2080 1865 1800 1515 1495 1540 1445] [3095 3115 3040 3060 3175 3050 2970 3210]
[2420 2075 1880 1785 1620 1505 1495 1515] [3105 3105 2960 3100 3045 3115 3080 3070]
[2405 2240 1775 1700 1590 1440 1625 1545] [3090 3230 2940 3015 3145 3060 3075 3170]
[2435 2340 2040 1835 1795 1510 1655 1545] [3230 3245 3095 3100 3105 3035 3190 3100]
[2580 2300 1975 1720 1965 1590 1675 1685] [3185 3090 3185 3160 3215 3135 3215 3165]
[2565 2375 2190 1785 1735 1925 1995 1960] [3070 3295 3050 3225 3085 3215 3300 3245]
[2565 2520 2210 2025 1710 1700 1675 1725] [3230 3270 3155 3230 3140 3115 3250 3290]
[2910 2520 2535 1950 1675 1635 1925 2120] [3290 3225 3210 3300 3095 3150 3385 3225]
COM3 1 30
4
[2375 2080 1865 1800 1515 1495 1540 1445] [3070 3115 3020 3125 3160 3020 3150 3210]
[2420 2075 1880 1785 1620 1505 1495 1515] [3170 3115 3160 3240 3165 3190 3335 3120]
[2405 2240 1775 1700 1590 1440 1625 1545] [3170 3115 3095 3100 3225 3160 3195 3060]
[2435 2340 2040 1835 1795 1510 1655 1545] [3210 3100 3215 3070 3275 3080 3160 3140]
[2580 2300 1975 1720 1965 1590 1675 1685] [3355 3300 3245 3175 3130 3200 3065 3215]
[2565 2375 2190 1785 1735 1925 1995 1960] [3065 3280 3245 3095 3140 3205 3390 3295]
[2565 2520 2210 2025 1710 1700 1675 1725] [3250 3300 3200 3135 2960 3240 3295 3340]
[2910 2520 2535 1950 1675 1635 1925 2120] [3160 3170 3210 3400 3095 3055 3040 3320]
COM7 0 31
4
[2525 2580 2145 1980 2065 1455 1530 1515] [3070 3115 3020 3125 3160 3020 3150 3210]
[2640 2435 2310 2070 2185 1585 1475 1520] [3170 3115 3160 3240 3165 3190 3335 3120]
[2585 2620 2325 2110 2235 1835 1545 1550] [3170 3115 3095 3100 3225 3160 3195 3060]
[2580 2510 2695 2445 2360 2095 1580 1485] [3210 3100 3215 3070 3275 3080 3160 3140]
[2710 2515 2500 2570 2365 2140 1870 1560] [3355 3300 3245 3175 3130 3200 3065 3215]
[2590 2640 2530 2575 2070 2025 1905 1655] [3065 3280 3245 3095 3140 3205 3390 3295]
[2680 2685 2440 2420 2140 1905 1620 1505] [3250 3300 3200 3135 2960 3240 3295 3340]
[2830 2740 2380 2055 1805 1575 1550 1700] [3160 3170 3210 3400 3095 3055 3040 3320]
COM3 1 32
4
[2525 2580 2145 1980 2065 1455 1530 1515] [3220 3210 3450 3550 3495 3435 3460 3520]
[2640 2435 2310 2070 2185 1585 1475 1520] [3245 3345 3365 3390 3420 3470 3575 3315]
[2585 2620 2325 2110 2235 1835 1545 1550] [3400 3240 3485 3490 3585 3530 3470 3410]
[2580 2510 2695 2445 2360 2095 1580 1485] [3355 3245 3475 3445 3435 3435 3565 3500]
[2710 2515 2500 2570 2365 2140 1870 1560] [3455 3460 3635 3460 3535 3540 3540 3605]
[2590 2640 2530 2575 2070 2025 1905 1655] [3205 3455 3455 3505 3545 3445 3545 3570]
[2680 2685 2440 2420 2140 1905 1620 1505] [3475 3475 3715 3570 3410 3615 3610 3665]
[2830 2740 2380 2055 1805 1575 1550 1700] [3520 3680 3760 3555 3640 3590 3440 3530]
COM7 0 33
4
[2520 2475 2300 1895 1960 1500 1545 1525] [3220 3210 3450 3550 3495 3435 3460 3520]
[2535 2540 2465 2140 2035 1735 1455 1525] [3245 3345 3365 3390 3420 3470 3575 3315]
[2510 2680 2580 2265 2105 1970 1505 1525] [3400 3240 3485 3490 3585 3530 3470 3410]
[2590 2460 2585 2430 2440 2030 1635 1490] [3355 3245 3475 3445 3435 3435 3565 3500]
[2555 2520 2560 2425 2575 1995 2000 1635] [3455 3460 3635 3460 3535 3540 3540 3605]
[2660 2660 2530 2625 2280 2045 1820 1660] [3205 3455 3455 3505 3545 3445 3545 3570]
[2815 2560 2315 2630 2170 1735 1610 1500] [3475 3475 3715 3570 3410 3615 3610 3665]
[2860 2890 2455 2420 2105 1845 1545 1620] [3520 3680 3760 3555 3640 3590 3440 3530]
COM3 1 34
4
[2520 2475 2300 1895 1960 1500 1545 1525] [2765 2970 2905 2815 2905 2795 2860 2870]
[2535 2540 2465 2140 2035 1735 1455 1525] [2550 2785 2880 2895 2905 2875 2810 2825]
[2510 2680 2580 2265 2105 1970 1505 1525] [2215 2480 2835 2885 2875 2910 2815 2760]
[2590 2460 2585 2430 2440 2030 1635 1490] [2090 2430 3010 3035 3055 2800 3050 2935]
[2555 2520 2560 2425 2575 1995 2000 1635] [2235 2675 3030 3070 2965 2795 2840 2965]
[2660 2660 2530 2625 2280 2045 1820 1660] [2370 2875 2965 3090 3025 3055 3125 3050]
[2815 2560 2315 2630 2170 1735 1610 1500] [2985 3235 3100 2910 2990 2775 3030 3010]
[2860 2890 2455 2420 2105 1845 1545 1620] [3210 3030 3135 2970 2935 3000 2975 2895]
COM7 0 35
4
[2510 2480 2205 2070 1450 1400 1545 1495] [2765 2970 2905 2815 2905 2795 2860 2870]
[2610 2485 2285 2010 1585 1390 1490 1495] [2550 2785 2880 2895 2905 2875 2810 2825]
[2310 2420 2300 2060 1540 1300 1585 1520] [2215 2480 2835 2885 2875 2910 2815 2760]
[2300 2385 2330 2265 2005 1315 1515 1525] [2090 2430 3010 3035 3055 2800 3050 2935]
[2470 2550 2385 2365 2145 1500 1490 1550] [2235 2675 3030 3070 2965 2795 2840 2965]
[2240 2440 2345 2575 2250 1840 1650 1495] [2370 2875 2965 3090 3025 3055 3125 3050]
[2600 2625 2145 2590 2235 1670 1500 1520] [2985 3235 3100 2910 2990 2775 3030 3010]
[2615 2490 2510 2290 2045 1730 1510 1455] [3210 3030 3135 2970 2935 3000 2975 2895]
COM3 1 36
4
[2510 2480 2205 2070 1450 1400 1545 1495] [2990 3175 3325 3120 2995 3130 3120 3200]
[2610 2485 2285 2010 1585 1390 1490 1495] [2925 3055 3145 3115 3100 2955 3000 3000]
[2310 2420 2300 2060 1540 1300 1585 1520] [2885 3140 3070 3005 3130 3055 3115 3090]
[2300 2385 2330 2265 2005 1315 1515 1525] [2470 2765 2985 3120 3200 2950 3125 3170]
[2470 2550 2385 2365 2145 1500 1490 1550] [2275 2505 2975 2950 3280 3215 3120 3250]
[2240 2440 2345 2575 2250 1840 1650 1495] [2030 2425 2805 3190 3190 3245 3295 3190]
[2600 2625 2145 2590 2235 1670 1500 1520] [2025 2390 2780 3010 2955 3115 3200 3290]
[2615 2490 2510 2290 2045 1730 1510 1455] [2275 2335 2770 3190 3215 3095 3240 3205]
COM7 0 37
4
[2460 2310 2150 1780 1450 1520 1500 1470] [2990 3175 3325 3120 2995 3130 3120 3200]
[2390 2300 2015 1825 1495 1530 1435 1495] [2925 3055 3145 3115 3100 2955 3000 3000]
[2340 2345 2170 1880 1405 1440 1490 1455] [2885 3140 3070 3005 3130 3055 3115 3090]
[2365 2375 2335 2020 1480 1415 1470 1390] [2470 2765 2985 3120 3200 2950 3125 3170]
[2525 2435 2245 2005 1475 1320 1530 1385] [2275 2505 2975 2950 3280 3215 3120 3250]
[2285 2050 2270 2080 1610 1240 1505 1220] [2030 2425 2805 3190 3190 3245 3295 3190]
[2440 2370 2140 2265 1965 1370 1185 1325] [2025 2390 2780 3010 2955 3115 3200 3290]
[2285 2350 2445 2380 2020 1640 1580 1515] [2275 2335 2770 3190 3215 3095 3240 3205]
COM3 1 38
4
[2460 2310 2150 1780 1450 1520 1500 1470] [3245 3495 3280 3480 3335 3460 3285 3500]
[2390 2300 2015 1825 1495 1530 1435 1495] [3195 3345 3340 3470 3390 3460 3415 3370]
[2340 2345 2170 1880 1405 1440 1490 1455] [3085 3350 3340 3395 3505 3295 3480 3370]
[2365 2375 2335 2020 1480 1415 1470 1390] [3040 3235 3230 3305 3425 3460 3515 3345]
[2525 2435 2245 2005 1475 1320 1530 1385] [2635 3170 3400 3385 3415 3435 3455 3350]
[2285 2050 2270 2080 1610 1240 1505 1220] [2550 2695 3055 3470 3335 3495 3505 3495]
[2440 2370 2140 2265 1965 1370 1185 1325] [2485 2710 3090 3155 3465 3370 3445 3575]
[2285 2350 2445 2380 2020 1640 1580 1515] [2525 2570 2725 3215 3385 3310 3335 3440]
COM7 0 39
4
[2585 2465 2240 1615 1455 1545 1535 1595] [3245 3495 3280 3480 3335 3460 3285 3500]
[2575 2460 2215 1725 1485 1555 1440 1560] [3195 3345 3340 3470 3390 3460 3415 3370]
[2255 2445 2085 1870 1430 1525 1500 1490] [3085 3350 3340 3395 3505 3295 3480 3370]
[2340 2360 2140 2025 1530 1495 1515 1435] [3040 3235 3230 3305 3425 3460 3515 3345]
[2565 2325 2155 1990 1605 1390 1570 1510] [2635 3170 3400 3385 3415 3435 3455 3350]
[2265 2115 2345 2125 1645 1420 1605 1415] [2550 2695 3055 3470 3335 3495 3505 3495]
[2355 2370 2060 2265 1865 1430 1525 1365] [2485 2710 3090 3155 3465 3370 3445 3575]
[2665 2490 2520 2355 2145 1855 1740 1620] [2525 2570 2725 3215 3385 3310 3335 3440]
COM3 1 40
4
[2585 2465 2240 1615 1455 1545 1535 1595] [2500 2510 2620 2760 2890 2875 2810 3005]
[2575 2460 2215 1725 1485 1555 1440 1560] [2395 2500 2800 2865 2745 2905 2740 2650]
[2255 2445 2085 1870 1430 1525 1500 1490] [2405 2585 2790 2935 3020 2700 2735 2705]
[2340 2360 2140 2025 1530 1495 1515 1435] [2220 2675 2995 3035 2900 2770 2870 2775]
[2565 2325 2155 1990 1605 1390 1570 1510] [2380 2475 2865 2805 3010 2875 2920 3030]
[2265 2115 2345 2125 1645 1420 1605 1415] [2210 2220 2580 3000 2840 2910 3075 2935]
[2355 2370 2060 2265 1865 1430 1525 1365] [2175 2370 2485 2765 2880 3045 3035 3060]
[2665 2490 2520 2355 2145 1855 1740 1620] [2100 2110 2260 2715 2975 3150 3055 3030]
COM7 0 41
4
[2990 2750 2340 1805 1480 1505 1505 1485] [2500 2510 2620 2760 2890 2875 2810 3005]
[2845 2710 2405 2150 1595 1545 1460 1465] [2395 2500 2800 2865 2745 2905 2740 2650]
[2835 2480 2340 2145 1580 1485 1515 1460] [2405 2585 2790 2935 3020 2700 2735 2705]
[2730 2635 2460 2325 1735 1455 1605 1495] [2220 2675 2995 3035 2900 2770 2870 2775]
[2635 2540 2490 2335 2045 1455 1690 1595] [2380 2475 2865 2805 3010 2875 2920 3030]
[2630 2585 2555 2360 2260 1650 1705 1545] [2210 2220 2580 3000 2840 2910 3075 2935]
[2740 2630 2380 2630 2620 2350 1750 1715] [2175 2370 2485 2765 2880 3045 3035 3060]
[2675 2565 2750 2885 2765 2430 2170 2010] [2100 2110 2260 2715 2975 3150 3055 3030]
COM3 1 42
4
[2990 2750 2340 1805 1480 1505 1505 1485] [2330 2670 2785 3250 3070 3280 3230 3370]
[2845 2710 2405 2150 1595 1545 1460 1465] [2175 2670 3135 3135 3210 3270 3295 3160]
[2835 2480 2340 2145 1580 1485 1515 1460] [2430 2470 3000 3075 3290 3205 3175 3305]
[2730 2635 2460 2325 1735 1455 1605 1495] [2415 2315 2690 3000 3110 3250 3330 3210]
[2635 2540 2490 2335 2045 1455 1690 1595] [2410 2485 2510 2695 3140 3220 3440 3390]
[2630 2585 2555 2360 2260 1650 1705 1545] [2275 2245 2260 2625 2925 3420 3440 3425]
[2740 2630 2380 2630 2620 2350 1750 1715] [2370 2270 2310 2455 2630 3360 3550 3430]
[2675 2565 2750 2885 2765 2430 2170 2010] [2235 2105 2305 2560 2705 3085 3385 3525]
COM7 0 43
4
[2855 2575 2340 2080 1515 1485 1505 1440] [2330 2670 2785 3250 3070 3280 3230 3370]
[2700 2475 2430 2280 1720 1470 1460 1470] [2175 2670 3135 3135 3210 3270 3295 3160]
[2555 2535 2365 2170 1955 1445 1580 1490] [2430 2470 3000 3075 3290 3205 3175 3305]
[2590 2665 2405 2350 2265 1490 1555 1505] [2415 2315 2690 3000 3110 3250 3330 3210]
[2700 2685 2520 2525 2525 1650 1595 1580] [2410 2485 2510 2695 3140 3220 3440 3390]
[2560 2690 2620 2485 2345 2190 1815 1570] [2275 2245 2260 2625 2925 3420 3440 3425]
[2835 2670 2625 2470 2625 2440 2005 1720] [2370 2270 2310 2455 2630 3360 3550 3430]
[3115 2675 2845 2775 2845 2420 2255 1705] [2235 2105 2305 2560 2705 3085 3385 3525]
COM3 1 44
4
[2855 2575 2340 2080 1515 1485 1505 1440] [2305 2565 2645 3070 3290 3325 3265 3370]
[2700 2475 2430 2280 1720 1470 1460 1470] [2175 2340 2460 2910 3130 3345 3405 3210]
[2555 2535 2365 2170 1955 1445 1580 1490] [2505 2240 2400 2595 3120 3175 3185 3255]
[2590 2665 2405 2350 2265 1490 1555 1505] [2645 2320 2145 2455 2890 3205 3325 3420]
[2700 2685 2520 2525 2525 1650 1595 1580] [2595 2190 2130 2215 2620 3080 3290 3345]
[2560 2690 2620 2485 2345 2190 1815 1570] [2230 2070 2005 2335 2775 3195 3450 3505]
[2835 2670 2625 2470 2625 2440 2005 1720] [2010 2220 2240 2540 2690 3265 3425 3340]
[3115 2675 2845 2775 2845 2420 2255 1705] [2205 2245 2575 2940 3305 3310 3240 3550]
COM7 0 45
4
[2515 2450 2270 1980 1495 1490 1490 1410] [2305 2565 2645 3070 3290 3325 3265 3370]
[2630 2460 2280 2145 1605 1485 1450 1460] [2175 2340 2460 2910 3130 3345 3405 3210]
[2405 2415 2250 2125 1660 1425 1560 1475] [2505 2240 2400 2595 3120 3175 3185 3255]
[2395 2405 2430 2315 1985 1425 1595 1460] [2645 2320 2145 2455 2890 3205 3325 3420]
[2525 2475 2415 2320 2250 1435 1545 1565] [2595 2190 2130 2215 2620 3080 3290 3345]
[2475 2400 2515 2295 2310 1980 1535 1390] [2230 2070 2005 2335 2775 3195 3450 3505]
[2675 2500 2280 2435 2520 2285 1610 1595] [2010 2220 2240 2540 2690 3265 3425 3340]
[2665 2410 2630 2625 2505 2330 1905 1605] [2205 2245 2575 2940 3305 3310 3240 3550]
COM3 1 46
4
[2515 2450 2270 1980 1495 1490 1490 1410] [2410 2295 2530 2790 3170 3145 3250 3230]
[2630 2460 2280 2145 1605 1485 1450 1460] [2170 2275 2405 2600 3035 3200 3150 3215]
[2405 2415 2250 2125 1660 1425 1560 1475] [2370 2290 2240 2595 2975 3175 3195 3055]
[2395 2405 2430 2315 1985 1425 1595 1460] [2300 1985 2275 2555 3030 3250 3255 3255]
[2525 2475 2415 2320 2250 1435 1545 1565] [2145 2200 2430 2595 3170 3315 3345 3335]
[2475 2400 2515 2295 2310 1980 1535 1390] [2120 2300 2675 3030 3125 3290 3330 3435]
[2675 2500 2280 2435 2520 2285 1610 1595] [2155 2555 3020 3205 3215 3200 3295 3445]
[2665 2410 2630 2625 2505 2330 1905 1605] [2385 2830 3065 3490 3305 3245 3400 3475]
COM7 0 47
4
[2750 2550 2510 2445 2525 1660 1580 1540] [2410 2295 2530 2790 3170 3145 3250 3230]
[2715 2670 2415 2460 2565 2200 1570 1510] [2170 2275 2405 2600 3035 3200 3150 3215]
[2550 2590 2570 2415 2390 2580 1840 1530] [2370 2290 2240 2595 2975 3175 3195 3055]
[2525 2490 2710 2570 2575 2605 2155 1550] [2300 1985 2275 2555 3030 3250 3255 3255]
[2825 2640 2610 2485 2550 2485 2625 1940] [2145 2200 2430 2595 3170 3315 3345 3335]
[2680 2560 2620 2595 2510 2625 2670 2335] [2120 2300 2675 3030 3125 3290 3330 3435]
[2695 2745 2395 2690 2610 2815 2580 2310] [2155 2555 3020 3205 3215 3200 3295 3445]
[2800 2750 2595 2700 2690 2695 2675 2490] [2385 2830 3065 3490 3305 3245 3400 3475]
COM3 1 48
4
[2750 2550 2510 2445 2525 1660 1580 1540] [1870 2295 2420 2970 3250 3165 3255 3435]
[2715 2670 2415 2460 2565 2200 1570 1510] [1955 2215 2705 2865 3145 3300 3150 3150]
[2550 2590 2570 2415 2390 2580 1840 1530] [2020 2275 2585 2995 3165 3280 3255 3195]
[2525 2490 2710 2570 2575 2605 2155 1550] [2100 2440 2740 2995 3245 3090 3270 3365]
[2825 2640 2610 2485 2550 2485 2625 1940] [2290 2655 2950 3040 3195 3210 3240 3270]
[2680 2560 2620 2595 2510 2625 2670 2335] [2170 2580 3060 3240 3170 3310 3425 3385]
[2695 2745 2395 2690 2610 2815 2580 2310] [2245 2750 3250 3170 3245 3335 3270 3205]
[2800 2750 2595 2700 2690 2695 2675 2490] [2435 2990 3160 3300 3370 3255 3240 3215]
COM7 0 49
4
[2755 2805 2795 2870 2795 2830 2730 2535] [1870 2295 2420 2970 3250 3165 3255 3435]
[2835 2825 2865 2725 2815 2800 2920 2645] [1955 2215 2705 2865 3145 3300 3150 3150]
[2675 2855 2945 2885 2845 2925 2800 2665] [2020 2275 2585 2995 3165 3280 3255 3195]
[2860 2900 2970 2840 2860 2660 2750 2665] [2100 2440 2740 2995 3245 3090 3270 3365]
[2820 2895 2805 2830 2870 2610 2765 2615] [2290 2655 2950 3040 3195 3210 3240 3270]
[2705 2895 2825 2910 2565 2605 2650 2530] [2170 2580 3060 3240 3170 3310 3425 3385]
[2600 2925 2740 2770 2690 2740 2670 2575] [2245 2750 3250 3170 3245 3335 3270 3205]
[3035 2945 2790 2710 2755 2635 2735 2395] [2435 2990 3160 3300 3370 3255 3240 3215]
COM3 1 50
4
[2755 2805 2795 2870 2795 2830 2730 2535] [1320 1160  985 2335 2845 3050 3150 3285]
[2835 2825 2865 2725 2815 2800 2920 2645] [1270 1120  870 2010 2880 3220 3170 3200]
[2675 2855 2945 2885 2845 2925 2800 2665] [1130  880  965 2135 2905 2950 3165 3125]
[2860 2900 2970 2840 2860 2660 2750 2665] [1190 1035 1625 2290 2890 3095 2990 3195]
[2820 2895 2805 2830 2870 2610 2765 2615] [1555 1775 2125 2550 3110 3200 3230 3200]
[2705 2895 2825 2910 2565 2605 2650 2530] [1580 2010 2410 3010 3170 3240 3235 3140]
[2600 2925 2740 2770 2690 2740 2670 2575] [1695 2350 2860 3115 3135 3170 3195 3270]
[3035 2945 2790 2710 2755 2635 2735 2395] [2035 2660 3080 3355 3165 3250 3395 3215]
COM7 0 51
4
[2695 2755 2510 2685 2775 2755 2870 2740] [1320 1160  985 2335 2845 3050 3150 3285]
[2650 2670 2635 2910 2760 2790 2715 2810] [1270 1120  870 2010 2880 3220 3170 3200]
[2600 2565 2650 2610 2675 2700 2925 2805] [1130  880  965 2135 2905 2950 3165 3125]
[2620 2520 2640 2615 2870 2840 2725 2635] [1190 1035 1625 2290 2890 3095 2990 3195]
[2755 2570 2735 2615 2730 2635 2660 2995] [1555 1775 2125 2550 3110 3200 3230 3200]
[2655 2645 2710 2585 2645 2500 2935 2575] [1580 2010 2410 3010 3170 3240 3235 3140]
[2640 2560 2705 2765 2505 2645 2680 2570] [1695 2350 2860 3115 3135 3170 3195 3270]
[2805 2505 2360 2575 2505 2715 3010 2690] [2035 2660 3080 3355 3165 3250 3395 3215]
COM3 1 52
4
[2695 2755 2510 2685 2775 2755 2870 2740] [1660 1605 1775 2440 2600 2915 2830 3165]
[2650 2670 2635 2910 2760 2790 2715 2810] [1590 1535 1570 1770 2480 2820 2875 3045]
[2600 2565 2650 2610 2675 2700 2925 2805] [1530 1650 1500 1465 1750 2310 2875 3150]
[2620 2520 2640 2615 2870 2840 2725 2635] [1560 1430 1585 1415 1285 1925 2655 2895]
[2755 2570 2735 2615 2730 2635 2660 2995] [1830 1445 1390 1280 1030 1835 2555 3095]
[2655 2645 2710 2585 2645 2500 2935 2575] [1715 1610 1125 1330 1260 2130 2685 2835]
[2640 2560 2705 2765 2505 2645 2680 2570] [1705 1790 1640 1655 2040 2710 3235 3025]
[2805 2505 2360 2575 2505 2715 3010 2690] [1885 1845 1980 2310 2680 2855 3330 3405]
COM7 0 53
4
[2930 2925 3015 2905 3000 2960 3080 2810] [1660 1605 1775 2440 2600 2915 2830 3165]
[3040 3095 2995 3170 2980 3045 2920 2865] [1590 1535 1570 1770 2480 2820 2875 3045]
[2905 2895 3070 3005 3000 2965 3025 3025] [1530 1650 1500 1465 1750 2310 2875 3150]
[3045 2890 3060 2875 3035 2925 2895 3050] [1560 1430 1585 1415 1285 1925 2655 2895]
[3120 3040 3095 3110 3115 2895 3105 3035] [1830 1445 1390 1280 1030 1835 2555 3095]
[3025 2980 3175 2985 2890 3090 3105 2775] [1715 1610 1125 1330 1260 2130 2685 2835]
[3165 3160 3210 3110 2985 2985 3005 2800] [1705 1790 1640 1655 2040 2710 3235 3025]
[3225 3155 3040 3045 3055 2925 3020 2980] [1885 1845 1980 2310 2680 2855 3330 3405]
COM3 1 54
4
[2930 2925 3015 2905 3000 2960 3080 2810] [2265 2440 2480 2760 2930 2850 2975 3130]
[3040 3095 2995 3170 2980 3045 2920 2865] [2270 2045 2480 2585 2805 2775 3035 2930]
[2905 2895 3070 3005 3000 2965 3025 3025] [1925 1825 1800 2350 2600 2860 2775 3050]
[3045 2890 3060 2875 3035 2925 2895 3050] [1785 1665 1700 1770 2515 2495 2725 2605]
[3120 3040 3095 3110 3115 2895 3105 3035] [1625 1760 1675 1525 1905 2405 2605 2895]
[3025 2980 3175 2985 2890 3090 3105 2775] [1525 1480 1585 1655 1550 2035 2480 2485]
[3165 3160 3210 3110 2985 2985 3005 2800] [1760 1560 1585 1555 1470 1470 2045 2830]
[3225 3155 3040 3045 3055 2925 3020 2980] [1820 1665 1405 1535 1420 1320 1565 2460]
COM7 0 55
4
[2735 2720 2735 2750 2840 2730 2835 2635] [2265 2440 2480 2760 2930 2850 2975 3130]
[2715 2655 2675 2885 2745 2895 2705 2780] [2270 2045 2480 2585 2805 2775 3035 2930]
[2750 2740 2740 2755 2760 2825 2820 2760] [1925 1825 1800 2350 2600 2860 2775 3050]
[2685 2615 2760 2775 2755 2720 2820 2625] [1785 1665 1700 1770 2515 2495 2725 2605]
[2775 2760 2640 2670 2640 2750 2825 2720] [1625 1760 1675 1525 1905 2405 2605 2895]
[2655 2730 2775 2620 2605 2785 2800 2675] [1525 1480 1585 1655 1550 2035 2480 2485]
[2695 2835 2715 2610 2665 2660 2605 2685] [1760 1560 1585 1555 1470 1470 2045 2830]
[2880 2705 2765 2685 2615 2650 2670 2570] [1820 1665 1405 1535 1420 1320 1565 2460]
COM3 1 56
4
[2735 2720 2735 2750 2840 2730 2835 2635] [1960 2320 2415 2575 2565 2895 2740 3250]
[2715 2655 2675 2885 2745 2895 2705 2780] [1800 2050 2385 2360 2570 2925 2905 3175]
[2750 2740 2740 2755 2760 2825 2820 2760] [1855 1675 2115 2355 2870 3150 3040 3065]
[2685 2615 2760 2775 2755 2720 2820 2625] [1755 1700 2080 2325 2830 3050 2990 2890]
[2775 2760 2640 2670 2640 2750 2825 2720] [2055 2195 2320 2405 2635 2895 3070 3240]
[2655 2730 2775 2620 2605 2785 2800 2675] [1950 1975 1880 1945 2495 2770 2905 3150]
[2695 2835 2715 2610 2665 2660 2605 2685] [2120 1805 1755 1620 1835 2375 2905 3135]
[2880 2705 2765 2685 2615 2650 2670 2570] [1970 1665 1690 1730 1540 2090 2595 3035]
COM7 0 57
4
[3560 3430 3345 3420 3215 3240 3255 3400] [1960 2320 2415 2575 2565 2895 2740 3250]
[3535 3640 3385 3390 3275 3295 3145 3425] [1800 2050 2385 2360 2570 2925 2905 3175]
[3440 3430 3470 3410 3415 3285 3335 3440] [1855 1675 2115 2355 2870 3150 3040 3065]
[3475 3495 3450 3405 3510 3425 3095 3220] [1755 1700 2080 2325 2830 3050 2990 2890]
[3630 3615 3615 3565 3390 3350 3335 3390] [2055 2195 2320 2405 2635 2895 3070 3240]
[3650 3735 3705 3735 3425 3435 3245 3290] [1950 1975 1880 1945 2495 2770 2905 3150]
[3570 3735 3725 3805 3550 3435 3340 3175] [2120 1805 1755 1620 1835 2375 2905 3135]
[3695 3665 3810 3760 3580 3700 3510 3015] [1970 1665 1690 1730 1540 2090 2595 3035]
COM3 1 58
4
[3560 3430 3345 3420 3215 3240 3255 3400] [2135 2665 2740 3175 2955 2855 3100 3105]
[3535 3640 3385 3390 3275 3295 3145 3425] [2065 2470 2710 2900 2625 2925 2790 3045]
[3440 3430 3470 3410 3415 3285 3335 3440] [2100 2190 2435 2335 2505 2620 2715 2980]
[3475 3495 3450 3405 3510 3425 3095 3220] [1950 1805 1955 2115 2325 2525 2640 3045]
[3630 3615 3615 3565 3390 3350 3335 3390] [1905 1955 1815 1935 2255 2610 2950 3000]
[3650 3735 3705 3735 3425 3435 3245 3290] [2010 1935 2005 2120 2280 2910 3295 3015]
[3570 3735 3725 3805 3550 3435 3340 3175] [1940 2205 2150 2115 2240 2545 3110 3300]
[3695 3665 3810 3760 3580 3700 3510 3015] [2045 2185 1845 1870 1670 2395 2695 3125]
COM7 0 59
4
[2685 2775 2735 2770 2890 2790 2975 2775] [2135 2665 2740 3175 2955 2855 3100 3105]
[2970 3035 2905 2750 2830 2865 2835 2855] [2065 2470 2710 2900 2625 2925 2790 3045]
[2805 2905 2750 2820 2775 2770 2915 2790] [2100 2190 2435 2335 2505 2620 2715 2980]
[2765 2750 2920 2895 3015 2710 2830 2725] [1950 1805 1955 2115 2325 2525 2640 3045]
[2845 2850 2790 2620 2725 2745 2910 2845] [1905 1955 1815 1935 2255 2610 2950 3000]
[2800 2725 2945 2915 2735 2765 2740 2735] [2010 1935 2005 2120 2280 2910 3295 3015]
[2765 3065 2875 2840 2865 2800 2750 2685] [1940 2205 2150 2115 2240 2545 3110 3300]
[2800 2665 2910 2790 2675 2700 2985 2540] [2045 2185 1845 1870 1670 2395 2695 3125]
COM3 1 60
4
[2685 2775 2735 2770 2890 2790 2975 2775] [2295 2655 3175 3035 2955 3000 3115 3295]
[2970 3035 2905 2750 2830 2865 2835 2855] [2340 2445 2615 2805 2660 2700 2885 2975]
[2805 2905 2750 2820 2775 2770 2915 2790] [2085 2170 2355 2375 2475 2415 2575 2860]
[2765 2750 2920 2895 3015 2710 2830 2725] [2110 1925 2110 1960 2015 2225 2610 2720]
[2845 2850 2790 2620 2725 2745 2910 2845] [2035 2110 2025 1905 1950 2185 2610 3040]
[2800 2725 2945 2915 2735 2765 2740 2735] [1870 2005 2020 2110 1980 2245 2870 3270]
[2765 3065 2875 2840 2865 2800 2750 2685] [2015 2140 2110 1640 1310 1400 2420 3045]
[2800 2665 2910 2790 2675 2700 2985 2540] [2065 2090 2065 1570 1265 1130 1360 2540]
COM7 0 61
4
[2910 2970 2895 2940 2890 2910 2965 2895] [2295 2655 3175 3035 2955 3000 3115 3295]
[3005 3140 2845 3025 2905 2890 2805 2805] [2340 2445 2615 2805 2660 2700 2885 2975]
[2875 3010 2840 2895 2980 2885 2965 2970] [2085 2170 2355 2375 2475 2415 2575 2860]
[2655 3050 3075 2995 3020 3025 2840 2965] [2110 1925 2110 1960 2015 2225 2610 2720]
[2950 3000 2965 3000 2965 2885 2845 2915] [2035 2110 2025 1905 1950 2185 2610 3040]
[2960 2950 3055 2855 2870 3005 3015 2775] [1870 2005 2020 2110 1980 2245 2870 3270]
[2930 2975 3100 3045 3000 2895 2955 3035] [2015 2140 2110 1640 1310 1400 2420 3045]
[3085 3050 2965 3170 2905 3015 3010 2915] [2065 2090 2065 1570 1265 1130 1360 2540]
COM3 1 62
4
[2910 2970 2895 2940 2890 2910 2965 2895] [2515 2370 2295 2290 2255 2285 2485 2950]
[3005 3140 2845 3025 2905 2890 2805 2805] [2485 2265 2170 2160 1945 2275 2555 2900]
[2875 3010 2840 2895 2980 2885 2965 2970] [2480 2230 2000 2025 2080 1860 2425 2900]
[2655 3050 3075 2995 3020 3025 2840 2965] [2400 2210 2200 1905 1120  860 1375 2430]
[2950 3000 2965 3000 2965 2885 2845 2915] [2440 2240 2215 1435 1035 1000  785 1505]
[2960 2950 3055 2855 2870 3005 3015 2775] [2195 2210 2150 1670 1290 1335 1205  870]
[2930 2975 3100 3045 3000 2895 2955 3035] [2210 2275 2440 1880 1525 1485 1405 1185]
[3085 3050 2965 3170 2905 3015 3010 2915] [2165 2175 2315 2295 1680 1470 1495 1270]
COM7 0 63
4
[2915 2675 2750 2865 2770 2820 2880 2850] [2515 2370 2295 2290 2255 2285 2485 2950]
[2985 2775 2710 2845 2875 2815 2835 2770] [2485 2265 2170 2160 1945 2275 2555 2900]
[2650 2860 2795 2705 2745 2725 2895 2750] [2480 2230 2000 2025 2080 1860 2425 2900]
[2825 2720 2870 2905 2845 2710 2715 2755] [2400 2210 2200 1905 1120  860 1375 2430]
[3070 2840 2790 2865 2815 2680 2845 2895] [2440 2240 2215 1435 1035 1000  785 1505]
[2640 2775 2720 2825 2735 2685 2875 2895] [2195 2210 2150 1670 1290 1335 1205  870]
[2715 2935 3075 2960 2810 2970 2625 2625] [2210 2275 2440 1880 1525 1485 1405 1185]
[2995 2830 2965 2865 2675 2850 2710 2610] [2165 2175 2315 2295 1680 1470 1495 1270]
COM3 1 64
4
[2915 2675 2750 2865 2770 2820 2880 2850] [1755 1705 1880 1570  860  890 1050 2380]
[2985 2775 2710 2845 2875 2815 2835 2770] [1490 1785 1765 1280  985 1245 1000 1140]
[2650 2860 2795 2705 2745 2725 2895 2750] [1935 1675 1870 1635 1410 1405 1280 1170]
[2825 2720 2870 2905 2845 2710 2715 2755] [1885 1590 1940 2175 1480 1390 1410 1290]
[3070 2840 2790 2865 2815 2680 2845 2895] [1885 1595 1830 2300 1845 1495 1565 1445]
[2640 2775 2720 2825 2735 2685 2875 2895] [1820 1400 1740 2130 2270 1555 1620 1560]
[2715 2935 3075 2960 2810 2970 2625 2625] [1770 1850 1660 1935 2315 1660 1585 1670]
[2995 2830 2965 2865 2675 2850 2710 2610] [1665 1385 1600 1725 1825 2095 1720 1755]
COM7 0 65
4
[2800 2830 2775 3090 2955 2835 3065 2965] [1755 1705 1880 1570  860  890 1050 2380]
[3125 2960 2940 2975 2980 2905 2920 2920] [1490 1785 1765 1280  985 1245 1000 1140]
[2895 2915 2925 2935 3035 2890 2975 2795] [1935 1675 1870 1635 1410 1405 1280 1170]
[2930 2945 3035 2955 2980 3080 2935 2935] [1885 1590 1940 2175 1480 1390 1410 1290]
[3110 3165 2965 3035 2870 3075 2985 2970] [1885 1595 1830 2300 1845 1495 1565 1445]
[3065 3070 3185 3025 2830 2770 3085 2965] [1820 1400 1740 2130 2270 1555 1620 1560]
[2950 3140 3055 3130 3000 3095 2840 2830] [1770 1850 1660 1935 2315 1660 1585 1670]
[3200 2960 3100 3125 3010 2980 2985 2950] [1665 1385 1600 1725 1825 2095 1720 1755]