COM7 0 6
4
[3215 3170 3230 3160 3195 3220 3305 3420] [2900 3010 3105 3050 3265 3160 2930 3220]
[3265 3345 3245 3170 3200 3275 3305 3345] [2945 3040 3110 3165 2985 3200 3225 3125]
[3045 3380 3300 3270 3295 3230 3320 3310] [2990 3220 3135 3060 3235 3010 3170 3145]
[3065 3110 3280 3090 3345 3285 3425 3390] [2990 3240 3280 3135 3010 3200 3090 2975]
[2710 2945 3200 3195 3240 3275 3380 3460] [3145 3250 3200 3170 3095 3215 3210 3250]
[2560 2685 3160 3355 3230 3385 3445 3345] [3035 3070 3370 3160 3015 3150 3380 3195]
[2265 2565 2775 3195 3290 3540 3355 3315] [3275 3335 3190 3245 3360 3185 3305 3250]
[2195 2315 2510 2850 3140 3370 3475 3325] [3190 3200 3170 3380 3165 3275 3110 3325]
COM3 1 7
4
[3215 3170 3230 3160 3195 3220 3305 3420] [4235 4240 4135 3870 3865 3510 3660 3670]
[3265 3345 3245 3170 3200 3275 3305 3345] [4190 3975 3885 3890 3635 3900 3825 3650]
[3045 3380 3300 3270 3295 3230 3320 3310] [4190 4220 3975 3740 3845 3645 3760 3620]
[3065 3110 3280 3090 3345 3285 3425 3390] [3985 4000 3890 3825 3680 3555 3635 3815]
[2710 2945 3200 3195 3240 3275 3380 3460] [4065 4115 3785 3670 3750 3745 3615 3870]
[2560 2685 3160 3355 3230 3385 3445 3345] [3845 4010 3965 3815 3810 3825 3970 3785]
[2265 2565 2775 3195 3290 3540 3355 3315] [4035 3955 4070 3815 3655 4010 3845 3940]
[2195 2315 2510 2850 3140 3370 3475 3325] [4355 3975 3945 4165 4030 3745 3750 3835]
COM7 0 8
4
[2350 2440 2440 2505 2540 2465 2445 2245] [4235 4240 4135 3870 3865 3510 3660 3670]
[2475 2425 2400 2605 2450 2545 2335 2285] [4190 3975 3885 3890 3635 3900 3825 3650]
[2460 2395 2450 2505 2540 2450 2365 2340] [4190 4220 3975 3740 3845 3645 3760 3620]
[2505 2460 2410 2425 2360 2560 2380 2265] [3985 4000 3890 3825 3680 3555 3635 3815]
[2435 2440 2505 2455 2460 2345 2400 2290] [4065 4115 3785 3670 3750 3745 3615 3870]
[1920 2140 2350 2350 2280 2390 2380 2290] [3845 4010 3965 3815 3810 3825 3970 3785]
[1640 2000 2155 2300 2420 2360 2215 2325] [4035 3955 4070 3815 3655 4010 3845 3940]
[1525 1555 1970 2120 2385 2350 2470 2215] [4355 3975 3945 4165 4030 3745 3750 3835]
COM3 1 9
4
[2350 2440 2440 2505 2540 2465 2445 2245] [3300 3110 3075 3005 3290 3230 3215 3280]
[2475 2425 2400 2605 2450 2545 2335 2285] [3325 3130 3115 3190 3115 3115 3170 3295]
[2460 2395 2450 2505 2540 2450 2365 2340] [3295 3285 3165 3110 3140 3290 3260 3170]
[2505 2460 2410 2425 2360 2560 2380 2265] [3320 3225 3280 3215 3190 3105 3090 3125]
[2435 2440 2505 2455 2460 2345 2400 2290] [3200 3280 3245 3215 3145 3305 3180 3195]
[1920 2140 2350 2350 2280 2390 2380 2290] [3260 3215 3325 3270 3150 3180 3375 3195]
[1640 2000 2155 2300 2420 2360 2215 2325] [3270 3235 3470 3205 3230 3145 3355 3505]
[1525 1555 1970 2120 2385 2350 2470 2215] [3215 3200 3170 3330 3165 3145 3480 3385]
COM7 0 10
4
[3015 3150 3020 3170 3125 3125 3235 3395] [3300 3110 3075 3005 3290 3230 3215 3280]
[2975 3090 3090 3215 3205 3165 3350 3360] [3325 3130 3115 3190 3115 3115 3170 3295]
[2570 2935 3175 3155 3170 3155 3345 3415] [3295 3285 3165 3110 3140 3290 3260 3170]
[2250 2600 2960 3085 3195 3220 3345 3355] [3320 3225 3280 3215 3190 3105 3090 3125]
[2270 2325 2650 2835 3335 3275 3500 3530] [3200 3280 3245 3215 3145 3305 3180 3195]
[2280 2330 2515 2745 2935 3285 3420 3305] [3260 3215 3325 3270 3150 3180 3375 3195]
[2175 2050 2330 2595 2720 3295 3140 3230] [3270 3235 3470 3205 3230 3145 3355 3505]
[2195 2195 2145 2210 2515 3230 3285 3485] [3215 3200 3170 3330 3165 3145 3480 3385]
COM3 1 11
4
[3015 3150 3020 3170 3125 3125 3235 3395] [4120 4000 3685 3760 3840 3555 3685 3735]
[2975 3090 3090 3215 3205 3165 3350 3360] [3840 3795 3765 3750 3610 3730 3625 3725]
[2570 2935 3175 3155 3170 3155 3345 3415] [3850 3915 3760 3640 3850 3550 3560 3465]
[2250 2600 2960 3085 3195 3220 3345 3355] [3825 4045 3700 3750 3630 3810 3615 3625]
[2270 2325 2650 2835 3335 3275 3500 3530] [3820 4000 3755 3705 3620 3850 3555 3630]
[2280 2330 2515 2745 2935 3285 3420 3305] [4010 3765 3735 3885 3735 3670 3695 3665]
[2175 2050 2330 2595 2720 3295 3140 3230] [3880 4010 3965 3800 3740 3770 3730 3685]
[2195 2195 2145 2210 2515 3230 3285 3485] [3840 3900 3940 3770 3780 3725 3670 3720]
COM7 0 12
4
[2020 1745 1955 2360 2530 2570 2620 2375] [4120 4000 3685 3760 3840 3555 3685 3735]
[2220 1915 1900 2140 2520 2580 2490 2330] [3840 3795 3765 3750 3610 3730 3625 3725]
[2120 1920 1925 1955 2315 2420 2475 2420] [3850 3915 3760 3640 3850 3550 3560 3465]
[2380 1935 1940 1995 2230 2380 2470 2380] [3825 4045 3700 3750 3630 3810 3615 3625]
[2315 1980 1940 1750 1965 2220 2450 2505] [3820 4000 3755 3705 3620 3850 3555 3630]
[2235 1825 1840 1760 2050 2190 2490 2500] [4010 3765 3735 3885 3735 3670 3695 3665]
[1835 1765 1895 1915 2060 2235 2255 2395] [3880 4010 3965 3800 3740 3770 3730 3685]
[1825 1780 1860 2070 2110 2380 2550 2525] [3840 3900 3940 3770 3780 3725 3670 3720]
COM3 1 13
4
[2020 1745 1955 2360 2530 2570 2620 2375] [3280 3285 3385 3155 3400 3280 3205 3345]
[2220 1915 1900 2140 2520 2580 2490 2330] [3310 3315 3195 3220 3255 3200 3225 3170]
[2120 1920 1925 1955 2315 2420 2475 2420] [3285 3310 3375 3235 3270 3230 3245 3170]
[2380 1935 1940 1995 2230 2380 2470 2380] [3365 3355 3295 3240 3140 3185 3150 3105]
[2315 1980 1940 1750 1965 2220 2450 2505] [3345 3355 3320 3140 3245 3295 3270 3340]
[2235 1825 1840 1760 2050 2190 2490 2500] [3195 3290 3320 3390 3295 3340 3340 3400]
[1835 1765 1895 1915 2060 2235 2255 2395] [3320 3385 3340 3140 3270 3345 3375 3400]
[1825 1780 1860 2070 2110 2380 2550 2525] [3415 3390 3295 3330 3265 3440 3285 3555]
COM7 0 14
4
[2390 2315 2555 2885 3120 3225 3215 3230] [3280 3285 3385 3155 3400 3280 3205 3345]
[2335 2405 2415 2955 3150 3245 3195 3305] [3310 3315 3195 3220 3255 3200 3225 3170]
[2255 2410 2555 2675 3170 3280 3285 3345] [3285 3310 3375 3235 3270 3230 3245 3170]
[2270 2320 2550 2815 3135 3210 3305 3270] [3365 3355 3295 3240 3140 3185 3150 3105]
[2235 2415 2555 2935 3245 3240 3310 3315] [3345 3355 3320 3140 3245 3295 3270 3340]
[2100 2485 2640 3055 3140 3220 3385 3315] [3195 3290 3320 3390 3295 3340 3340 3400]
[2220 2575 2845 3115 3310 3405 3320 3380] [3320 3385 3340 3140 3270 3345 3375 3400]
[2455 2775 3075 3240 3260 3275 3385 3290] [3415 3390 3295 3330 3265 3440 3285 3555]
COM3 1 15
4
[2390 2315 2555 2885 3120 3225 3215 3230] [3800 3715 3765 3505 3530 3350 3620 3445]
[2335 2405 2415 2955 3150 3245 3195 3305] [3665 3645 3645 3640 3425 3590 3445 3435]
[2255 2410 2555 2675 3170 3280 3285 3345] [3665 3810 3595 3630 3595 3515 3435 3480]
[2270 2320 2550 2815 3135 3210 3305 3270] [3790 3645 3685 3545 3590 3460 3545 3540]
[2235 2415 2555 2935 3245 3240 3310 3315] [3665 3700 3685 3415 3520 3655 3530 3550]
[2100 2485 2640 3055 3140 3220 3385 3315] [3565 3525 3510 3595 3605 3615 3665 3510]
[2220 2575 2845 3115 3310 3405 3320 3380] [3720 3715 3815 3660 3645 3565 3555 3805]
[2455 2775 3075 3240 3260 3275 3385 3290] [3705 3745 3735 3905 3570 3430 3405 3810]
COM7 0 16
4
[1775 1610 1915 2390 2705 2795 2965 2825] [3800 3715 3765 3505 3530 3350 3620 3445]
[1875 1835 1865 2180 2570 2705 3005 2815] [3665 3645 3645 3640 3425 3590 3445 3435]
[1945 1700 1815 1965 2385 2600 3015 2765] [3665 3810 3595 3630 3595 3515 3435 3480]
[1885 1710 1840 1805 2275 2655 2775 2720] [3790 3645 3685 3545 3590 3460 3545 3540]
[1850 1665 1840 2010 2395 2565 2950 2970] [3665 3700 3685 3415 3520 3655 3530 3550]
[1605 1635 2000 2120 2455 2685 2960 2755] [3565 3525 3510 3595 3605 3615 3665 3510]
[1595 1915 1980 2350 2715 2925 2775 2835] [3720 3715 3815 3660 3645 3565 3555 3805]
[1605 1850 2180 2590 2700 2765 2800 2775] [3705 3745 3735 3905 3570 3430 3405 3810]
COM3 1 17
4
[1775 1610 1915 2390 2705 2795 2965 2825] [3310 3405 3405 3350 3215 3250 3295 3220]
[1875 1835 1865 2180 2570 2705 3005 2815] [3345 3265 3495 3245 3190 3310 3230 3125]
[1945 1700 1815 1965 2385 2600 3015 2765] [3425 3155 3330 3130 3370 3070 3165 3290]
[1885 1710 1840 1805 2275 2655 2775 2720] [3290 3325 3335 3370 3255 3315 3280 3225]
[1850 1665 1840 2010 2395 2565 2950 2970] [3200 3310 3395 3365 3275 3435 3210 3270]
[1605 1635 2000 2120 2455 2685 2960 2755] [3175 3400 3440 3325 3255 3350 3200 3400]
[1595 1915 1980 2350 2715 2925 2775 2835] [3275 3325 3470 3435 3165 3315 3205 3450]
[1605 1850 2180 2590 2700 2765 2800 2775] [3465 3450 3615 3775 3355 3235 3260 3440]
COM7 0 18
4
[1835 1645 1725 2250 2510 2585 2670 2535] [3310 3405 3405 3350 3215 3250 3295 3220]
[1845 1660 1825 1955 2290 2590 2620 2560] [3345 3265 3495 3245 3190 3310 3230 3125]
[1865 1560 1510 1595 1860 2250 2480 2700] [3425 3155 3330 3130 3370 3070 3165 3290]
[1950 1515 1590 1545 1695 1810 2250 2405] [3290 3325 3335 3370 3255 3315 3280 3225]
[1835 1610 1515 1410 1615 1585 2015 2110] [3200 3310 3395 3365 3275 3435 3210 3270]
[1700 1560 1755 1545 1425 1450 1620 1880] [3175 3400 3440 3325 3255 3350 3200 3400]
[1475 1625 1575 1575 1245 1370 1515 1735] [3275 3325 3470 3435 3165 3315 3205 3450]
[1490 1480 1550 1440 1235 1465 1670 2140] [3465 3450 3615 3775 3355 3235 3260 3440]
COM3 1 19
4
[1835 1645 1725 2250 2510 2585 2670 2535] [4180 3905 3850 3805 3565 3670 3640 3715]
[1845 1660 1825 1955 2290 2590 2620 2560] [3955 3995 3900 3750 3405 3740 3740 3510]
[1865 1560 1510 1595 1860 2250 2480 2700] [3920 3960 3775 3550 3695 3400 3470 3545]
[1950 1515 1590 1545 1695 1810 2250 2405] [3735 3690 3785 3655 3610 3555 3550 3475]
[1835 1610 1515 1410 1615 1585 2015 2110] [3445 3995 3720 3515 3640 3640 3590 3665]
[1700 1560 1755 1545 1425 1450 1620 1880] [3575 3590 3800 3715 3610 3615 3650 3675]
[1475 1625 1575 1575 1245 1370 1515 1735] [3435 3535 3795 3670 3715 3685 3590 3585]
[1490 1480 1550 1440 1235 1465 1670 2140] [3510 3750 3700 3675 3610 3585 3555 3795]
COM7 0 20
4
[1775 1980 2265 2635 2670 2605 2615 2570] [4180 3905 3850 3805 3565 3670 3640 3715]
[1810 1895 2295 2450 2725 2660 2535 2510] [3955 3995 3900 3750 3405 3740 3740 3510]
[1685 1820 2145 2340 2625 2670 2580 2595] [3920 3960 3775 3550 3695 3400 3470 3545]
[1735 1590 1975 2160 2355 2475 2595 2575] [3735 3690 3785 3655 3610 3555 3550 3475]
[1775 1600 1800 1985 2190 2310 2245 2590] [3445 3995 3720 3515 3640 3640 3590 3665]
[1675 1580 1755 1780 1735 1865 2230 2310] [3575 3590 3800 3715 3610 3615 3650 3675]
[1820 1765 1900 1690 1605 1870 1605 2035] [3435 3535 3795 3670 3715 3685 3590 3585]
[1815 1775 2000 1645 1545 1460 1855 1755] [3510 3750 3700 3675 3610 3585 3555 3795]
COM3 1 21
4
[1775 1980 2265 2635 2670 2605 2615 2570] [2870 2805 2775 2895 3170 2985 3025 3080]
[1810 1895 2295 2450 2725 2660 2535 2510] [2660 2845 3065 2985 3025 3050 2920 2895]
[1685 1820 2145 2340 2625 2670 2580 2595] [2935 3055 3025 2860 3085 2865 3070 2880]
[1735 1590 1975 2160 2355 2475 2595 2575] [3175 3055 2985 3110 3085 2920 2870 3035]
[1775 1600 1800 1985 2190 2310 2245 2590] [3290 3145 3170 2965 3015 3065 3045 3120]
[1675 1580 1755 1780 1735 1865 2230 2310] [2920 3035 3015 3065 2940 3240 3250 3090]
[1820 1765 1900 1690 1605 1870 1605 2035] [3110 3225 3095 3135 3150 3135 3115 3230]
[1815 1775 2000 1645 1545 1460 1855 1755] [3310 3200 3335 3190 3165 3160 2965 3080]
COM7 0 22
4
[2115 2275 2640 2845 2965 2900 2990 3005] [2870 2805 2775 2895 3170 2985 3025 3080]
[2220 2260 2415 2730 2920 2985 3005 2975] [2660 2845 3065 2985 3025 3050 2920 2895]
[1980 2135 2315 2530 2725 2930 3040 3145] [2935 3055 3025 2860 3085 2865 3070 2880]
[2150 1905 2155 2395 2735 2840 2995 2920] [3175 3055 2985 3110 3085 2920 2870 3035]
[2195 1845 1830 2225 2650 2820 3055 3115] [3290 3145 3170 2965 3015 3065 3045 3120]
[2005 1730 1915 2045 2170 2435 2570 2690] [2920 3035 3015 3065 2940 3240 3250 3090]
[1840 1855 1940 2100 2005 2450 2200 2670] [3110 3225 3095 3135 3150 3135 3115 3230]
[1880 1780 2075 1905 2045 1885 2180 2440] [3310 3200 3335 3190 3165 3160 2965 3080]
COM3 1 23
4
[2115 2275 2640 2845 2965 2900 2990 3005] [2460 2485 2695 2530 2795 2655 2820 2870]
[2220 2260 2415 2730 2920 2985 3005 2975] [2615 2535 2575 2545 2705 2840 2815 2785]
[1980 2135 2315 2530 2725 2930 3040 3145] [2855 2710 2575 2640 2930 2720 2905 2645]
[2150 1905 2155 2395 2735 2840 2995 2920] [2900 2865 2890 2780 2795 2900 2850 2855]
[2195 1845 1830 2225 2650 2820 3055 3115] [2990 2940 2860 2725 2760 2970 2855 2830]
[2005 1730 1915 2045 2170 2435 2570 2690] [3030 3100 2845 2875 2865 2915 2875 2865]
[1840 1855 1940 2100 2005 2450 2200 2670] [3250 3160 2970 2935 3000 2955 2985 2960]
[1880 1780 2075 1905 2045 1885 2180 2440] [3405 3090 3045 3085 3085 2695 2870 2965]
COM7 0 24
4
[2330 2405 2765 3310 3305 3410 3630 3745] [2460 2485 2695 2530 2795 2655 2820 2870]
[2320 2460 2770 3045 3370 3390 3625 3655] [2615 2535 2575 2545 2705 2840 2815 2785]
[2430 2345 2475 2870 3100 3375 3620 3770] [2855 2710 2575 2640 2930 2720 2905 2645]
[2215 2290 2430 2640 2805 3235 3405 3565] [2900 2865 2890 2780 2795 2900 2850 2855]
[2525 2245 2085 2330 2605 2880 3350 3425] [2990 2940 2860 2725 2760 2970 2855 2830]
[2165 2265 2450 2405 2385 2495 2680 3265] [3030 3100 2845 2875 2865 2915 2875 2865]
[2355 2540 2315 2790 2580 2470 2390 2680] [3250 3160 2970 2935 3000 2955 2985 2960]
[2320 2445 2485 2810 2610 2555 2505 2700] [3405 3090 3045 3085 3085 2695 2870 2965]
COM3 1 25
4
[2330 2405 2765 3310 3305 3410 3630 3745] [3610 3535 3685 3530 3550 3350 3210 3610]
[2320 2460 2770 3045 3370 3390 3625 3655] [3465 3415 3570 3565 3430 3490 3495 3305]
[2430 2345 2475 2870 3100 3375 3620 3770] [3490 3580 3350 3320 3545 3435 3400 3440]
[2215 2290 2430 2640 2805 3235 3405 3565] [3540 3325 3470 3600 3270 3360 3445 3295]
[2525 2245 2085 2330 2605 2880 3350 3425] [3405 3385 3330 3315 3465 3455 3340 3410]
[2165 2265 2450 2405 2385 2495 2680 3265] [3115 3375 3355 3500 3545 3525 3610 3535]
[2355 2540 2315 2790 2580 2470 2390 2680] [3535 3460 3445 3550 3470 3380 3500 3730]
[2320 2445 2485 2810 2610 2555 2505 2700] [3745 3200 3455 3550 3345 3605 3740 3615]
COM7 0 26
4
[1830 1755 1795 1975 2025 2115 2415 2245] [3610 3535 3685 3530 3550 3350 3210 3610]
[1820 1595 1645 1775 1925 1785 1730 2000] [3465 3415 3570 3565 3430 3490 3495 3305]
[1695 1545 1665 1735 1585 1520 1630 1755] [3490 3580 3350 3320 3545 3435 3400 3440]
[1755 1385 1820 1845 1760 1465 1385 1500] [3540 3325 3470 3600 3270 3360 3445 3295]
[1675 1540 1760 2055 2170 1610 1465 1390] [3405 3385 3330 3315 3465 3455 3340 3410]
[1570 1610 1795 2230 2330 1890 1645 1230] [3115 3375 3355 3500 3545 3525 3610 3535]
[1520 1510 1655 1735 1905 1670 1165 1070] [3535 3460 3445 3550 3470 3380 3500 3730]
[1575 1425 1415 1460 1370 1360 1205 1210] [3745 3200 3455 3550 3345 3605 3740 3615]
COM3 1 27
4
[1830 1755 1795 1975 2025 2115 2415 2245] [3345 3525 3465 3150 3325 3350 3375 3415]
[1820 1595 1645 1775 1925 1785 1730 2000] [3245 3490 3520 3345 3385 3190 3315 3230]
[1695 1545 1665 1735 1585 1520 1630 1755] [3315 3480 3435 3385 3315 3285 3325 3225]
[1755 1385 1820 1845 1760 1465 1385 1500] [3490 3335 3605 3420 3325 3230 3230 3340]
[1675 1540 1760 2055 2170 1610 1465 1390] [3440 3515 3460 3225 3185 3475 3310 3365]
[1570 1610 1795 2230 2330 1890 1645 1230] [3590 3520 3370 3540 3195 3360 3260 3610]
[1520 1510 1655 1735 1905 1670 1165 1070] [3425 3540 3445 3365 3305 3465 3440 3445]
[1575 1425 1415 1460 1370 1360 1205 1210] [3530 3475 3455 3360 3520 3325 3490 3305]
COM7 0 28
4
[2055 1795 1845 1775 1650 1615 1660 2045] [3345 3525 3465 3150 3325 3350 3375 3415]
[2090 1885 1940 1875 1880 1585 1635 1925] [3245 3490 3520 3345 3385 3190 3315 3230]
[2085 1800 1745 1825 1875 1605 1645 1665] [3315 3480 3435 3385 3315 3285 3325 3225]
[2365 1710 1900 1760 1740 1545 1365 1570] [3490 3335 3605 3420 3325 3230 3230 3340]
[2315 1805 1660 1645 1745 1430 1370 1635] [3440 3515 3460 3225 3185 3475 3310 3365]
[2125 1735 1675 1460 1390 1420 1460 1670] [3590 3520 3370 3540 3195 3360 3260 3610]
[2145 1625 1525 1200 1255 1350 1480 1655] [3425 3540 3445 3365 3305 3465 3440 3445]
[1930 1655 1390 1135 1125 1360 1800 2090] [3530 3475 3455 3360 3520 3325 3490 3305]
COM3 1 29
4
[2055 1795 1845 1775 1650 1615 1660 2045] [3165 3175 3150 3040 3195 3015 3110 3080]
[2090 1885 1940 1875 1880 1585 1635 1925] [3215 3175 3135 3075 3090 3305 3195 3105]
[2085 1800 1745 1825 1875 1605 1645 1665] [3150 3235 3130 3110 3195 3195 3165 3090]
[2365 1710 1900 1760 1740 1545 1365 1570] [3215 3265 3125 3270 3170 3195 3280 3180]
[2315 1805 1660 1645 1745 1430 1370 1635] [3265 3305 3230 3195 3135 3115 3205 3175]
[2125 1735 1675 1460 1390 1420 1460 1670] [3035 3290 3200 3275 3275 3345 3240 3305]
[2145 1625 1525 1200 1255 1350 1480 1655] [3210 3250 3225 3140 3235 3175 3410 3510]
[1930 1655 1390 1135 1125 1360 1800 2090] [3220 3370 3120 3285 3150 3030 3235 3380]
COM7 0 30
4
[2745 2265 2005 1765 1920 2095 2535 2710] [3165 3175 3150 3040 3195 3015 3110 3080]
[2880 2740 2310 1900 1735 1875 2195 2570] [3215 3175 3135 3075 3090 3305 3195 3105]
[3010 2710 2400 1880 1550 1820 2150 2640] [3150 3235 3130 3110 3195 3195 3165 3090]
[2830 2895 2370 1730 1660 1580 2070 2500] [3215 3265 3125 3270 3170 3195 3280 3180]
[2950 2685 2070 1655 1470 1650 2235 2680] [3265 3305 3230 3195 3135 3115 3205 3175]
[2775 2440 2040 1570 1365 1905 2295 2900] [3035 3290 3200 3275 3275 3345 3240 3305]
[2625 2170 1785 1540 1440 1830 2215 2815] [3210 3250 3225 3140 3235 3175 3410 3510]
[2410 1985 1640 1325 1535 1860 2560 3045] [3220 3370 3120 3285 3150 3030 3235 3380]
COM3 1 31
4
[2745 2265 2005 1765 1920 2095 2535 2710] [3175 2920 3095 3020 3015 3070 3065 3165]
[2880 2740 2310 1900 1735 1875 2195 2570] [3030 3095 3115 3025 2930 3185 3080 3060]
[3010 2710 2400 1880 1550 1820 2150 2640] [3055 3155 3240 3040 3200 2950 3040 3135]
[2830 2895 2370 1730 1660 1580 2070 2500] [3165 3325 3245 3130 3120 3065 3105 3120]
[2950 2685 2070 1655 1470 1650 2235 2680] [3325 3295 3230 3140 3125 3100 3180 3345]
[2775 2440 2040 1570 1365 1905 2295 2900] [3095 3150 3195 3140 3090 3265 3210 3315]
[2625 2170 1785 1540 1440 1830 2215 2815] [3400 3205 3195 3290 3070 3125 3205 3325]
[2410 1985 1640 1325 1535 1860 2560 3045] [3240 3060 3235 3310 3150 3055 3325 3350]
COM7 0 32
4
[2735 2440 2005 1655 1680 2135 2990 3435] [3175 2920 3095 3020 3015 3070 3065 3165]
[2910 2610 2145 1680 1695 1720 2465 3145] [3030 3095 3115 3025 2930 3185 3080 3060]
[2825 2710 2290 1785 1575 1535 2125 2425] [3055 3155 3240 3040 3200 2950 3040 3135]
[3090 2805 2550 1730 1620 1365 1515 1685] [3165 3325 3245 3130 3120 3065 3105 3120]
[3335 2760 2290 1770 1530 1235 1600 1725] [3325 3295 3230 3140 3125 3100 3180 3345]
[3095 2545 2445 1730 1275 1290 1435 1430] [3095 3150 3195 3140 3090 3265 3210 3315]
[2735 2505 2035 1565 1230 1370 1580 2105] [3400 3205 3195 3290 3070 3125 3205 3325]
[2875 2435 1865 1175 1285 1350 1835 2720] [3240 3060 3235 3310 3150 3055 3325 3350]
COM3 1 33
4
[2735 2440 2005 1655 1680 2135 2990 3435] [3665 3645 3670 3545 3620 3415 3600 3565]
[2910 2610 2145 1680 1695 1720 2465 3145] [3675 3610 3605 3690 3525 3555 3525 3375]
[2825 2710 2290 1785 1575 1535 2125 2425] [3520 3365 3375 3480 3525 3285 3505 3425]
[3090 2805 2550 1730 1620 1365 1515 1685] [3280 3500 3435 3515 3470 3545 3415 3510]
[3335 2760 2290 1770 1530 1235 1600 1725] [3125 3320 3395 3430 3465 3415 3465 3585]
[3095 2545 2445 1730 1275 1290 1435 1430] [2850 3325 3410 3585 3405 3540 3635 3400]
[2735 2505 2035 1565 1230 1370 1580 2105] [3250 3375 3725 3635 3550 3450 3670 3570]
[2875 2435 1865 1175 1285 1350 1835 2720] [3430 3490 3640 3685 3505 3530 3450 3570]
COM7 0 34
4
[2725 2225 1905 1970 2195 2470 2735 2715] [3665 3645 3670 3545 3620 3415 3600 3565]
[2835 2395 1800 1850 2030 2290 2650 2650] [3675 3610 3605 3690 3525 3555 3525 3375]
[2800 2425 2025 1685 1775 2170 2535 2695] [3520 3365 3375 3480 3525 3285 3505 3425]
[2795 2525 2085 1685 1740 1820 2185 2460] [3280 3500 3435 3515 3470 3545 3415 3510]
[2890 2570 2150 1560 1630 1670 2055 2200] [3125 3320 3395 3430 3465 3415 3465 3585]
[3020 2445 2080 1685 1410 1505 1740 1670] [2850 3325 3410 3585 3405 3540 3635 3400]
[2995 2350 1875 1640 1495 1630 1495 1645] [3250 3375 3725 3635 3550 3450 3670 3570]
[2840 2430 1835 1540 1495 1585 1595 1640] [3430 3490 3640 3685 3505 3530 3450 3570]
COM3 1 35
4
[2725 2225 1905 1970 2195 2470 2735 2715] [2525 2615 2675 2645 2860 2735 2820 3065]
[2835 2395 1800 1850 2030 2290 2650 2650] [2420 2630 2615 2720 2560 2825 2825 2755]
[2800 2425 2025 1685 1775 2170 2535 2695] [2760 2630 2900 2745 2975 2735 3045 2750]
[2795 2525 2085 1685 1740 1820 2185 2460] [2975 3015 2810 2885 2830 2695 2995 2935]
[2890 2570 2150 1560 1630 1670 2055 2200] [2780 3125 3090 2910 2800 2830 2950 3105]
[3020 2445 2080 1685 1410 1505 1740 1670] [2480 2930 3035 3000 3065 2800 3010 2955]
[2995 2350 1875 1640 1495 1630 1495 1645] [2280 2865 3210 3140 2870 3000 2880 3030]
[2840 2430 1835 1540 1495 1585 1595 1640] [2300 2910 3135 3385 3230 2845 3090 3040]
COM7 0 36
4
[2835 2575 2270 2205 2395 2530 2945 3020] [2525 2615 2675 2645 2860 2735 2820 3065]
[3070 2715 2300 2235 2225 2475 2840 3045] [2420 2630 2615 2720 2560 2825 2825 2755]
[2885 2675 2405 2135 2145 2250 2700 3065] [2760 2630 2900 2745 2975 2735 3045 2750]
[2850 2925 2540 2150 2070 2315 2725 2795] [2975 3015 2810 2885 2830 2695 2995 2935]
[3135 2955 2595 2300 2000 2125 2480 2775] [2780 3125 3090 2910 2800 2830 2950 3105]
[2670 2835 2400 2280 1960 2115 2300 2390] [2480 2930 3035 3000 3065 2800 3010 2955]
[3180 2945 2535 2215 1980 2020 2120 2250] [2280 2865 3210 3140 2870 3000 2880 3030]
[2975 2965 2655 2005 1860 1920 2070 2210] [2300 2910 3135 3385 3230 2845 3090 3040]
COM3 1 37
4
[2835 2575 2270 2205 2395 2530 2945 3020] [2705 2575 2570 2695 2775 2775 2745 2950]
[3070 2715 2300 2235 2225 2475 2840 3045] [2610 2795 2700 2695 2740 2945 2850 2810]
[2885 2675 2405 2135 2145 2250 2700 3065] [2865 2810 2725 2710 2870 2725 2845 2635]
[2850 2925 2540 2150 2070 2315 2725 2795] [2830 2780 2955 3050 2785 2910 2865 2810]
[3135 2955 2595 2300 2000 2125 2480 2775] [2535 3105 2995 3030 2965 2860 2820 2815]
[2670 2835 2400 2280 1960 2115 2300 2390] [2185 2530 3050 3065 3135 2965 3135 3020]
[3180 2945 2535 2215 1980 2020 2120 2250] [2025 2485 3095 3140 3165 3010 2925 3050]
[2975 2965 2655 2005 1860 1920 2070 2210] [2230 2555 3060 3190 2955 2945 3080 3090]
COM7 0 38
4
[3095 2890 2515 2185 2270 2385 2820 3345] [2705 2575 2570 2695 2775 2775 2745 2950]
[3330 3115 2595 2255 2070 2180 2700 3175] [2610 2795 2700 2695 2740 2945 2850 2810]
[2940 3125 2840 2185 1965 1980 2380 2990] [2865 2810 2725 2710 2870 2725 2845 2635]
[3235 3035 3000 2280 2010 1775 2060 2620] [2830 2780 2955 3050 2785 2910 2865 2810]
[3350 3060 2740 2285 1950 1855 2080 2515] [2535 3105 2995 3030 2965 2860 2820 2815]
[2990 3015 2910 2270 1780 1725 2070 2150] [2185 2530 3050 3065 3135 2965 3135 3020]
[3400 3135 2750 2340 1845 1785 1820 2020] [2025 2485 3095 3140 3165 3010 2925 3050]
[3140 2965 2645 2105 1635 1715 1960 1945] [2230 2555 3060 3190 2955 2945 3080 3090]
COM3 1 39
4
[3095 2890 2515 2185 2270 2385 2820 3345] [2660 3225 3305 3150 3145 3045 3075 3305]
[3330 3115 2595 2255 2070 2180 2700 3175] [2590 3015 3165 2995 3175 3050 3275 3270]
[2940 3125 2840 2185 1965 1980 2380 2990] [2405 2905 3150 3085 3255 3445 3195 2915]
[3235 3035 3000 2280 2010 1775 2060 2620] [2140 2735 2840 3150 3185 3185 3170 3310]
[3350 3060 2740 2285 1950 1855 2080 2515] [2140 2360 2935 3145 3235 3335 3340 3155]
[2990 3015 2910 2270 1780 1725 2070 2150] [2075 2435 3035 3115 3150 3180 3315 3320]
[3400 3135 2750 2340 1845 1785 1820 2020] [2490 3070 3135 3315 3230 3115 3375 3480]
[3140 2965 2645 2105 1635 1715 1960 1945] [2625 3155 3225 3470 3160 3420 3135 3620]
COM7 0 40
4
[2745 2650 2130 1805 1650 1540 1700 1955] [2660 3225 3305 3150 3145 3045 3075 3305]
[2880 2820 2430 2000 1625 1535 1445 1735] [2590 3015 3165 2995 3175 3050 3275 3270]
[2890 2655 2575 2045 1575 1335 1425 1455] [2405 2905 3150 3085 3255 3445 3195 2915]
[2960 2765 2585 2110 1620 1430 1475 1470] [2140 2735 2840 3150 3185 3185 3170 3310]
[2910 2655 2585 1970 1585 1390 1445 1825] [2140 2360 2935 3145 3235 3335 3340 3155]
[3010 2905 2615 2100 1440 1300 1365 1720] [2075 2435 3035 3115 3150 3180 3315 3320]
[3070 2790 2430 1855 1385 1390 1425 1480] [2490 3070 3135 3315 3230 3115 3375 3480]
[2850 2655 2580 1790 1090 1220 1225 1345] [2625 3155 3225 3470 3160 3420 3135 3620]
COM3 1 41
4
[2745 2650 2130 1805 1650 1540 1700 1955] [2595 2945 3240 3270 3330 3280 3205 3335]
[2880 2820 2430 2000 1625 1535 1445 1735] [2325 2790 3245 3225 3200 3255 3315 2960]
[2890 2655 2575 2045 1575 1335 1425 1455] [2165 2535 3070 3200 3290 3475 3335 3490]
[2960 2765 2585 2110 1620 1430 1475 1470] [2420 2960 3130 3330 3400 3330 3415 3250]
[2910 2655 2585 1970 1585 1390 1445 1825] [2665 3120 3230 3220 3245 3265 3370 3490]
[3010 2905 2615 2100 1440 1300 1365 1720] [2755 3215 3245 3420 3375 3350 3380 3370]
[3070 2790 2430 1855 1385 1390 1425 1480] [3105 3440 3390 3440 3420 3245 3495 3520]
[2850 2655 2580 1790 1090 1220 1225 1345] [3430 3485 3425 3690 3520 3425 3525 3440]
COM7 0 42
4
[2895 2845 2755 2390 2020 1900 2125 2055] [2595 2945 3240 3270 3330 3280 3205 3335]
[3145 3020 2945 2545 2220 1845 1805 2035] [2325 2790 3245 3225 3200 3255 3315 2960]
[2950 2840 2940 2730 2275 1945 1945 1965] [2165 2535 3070 3200 3290 3475 3335 3490]
[2875 2775 3050 2790 2525 1960 1780 1885] [2420 2960 3130 3330 3400 3330 3415 3250]
[3250 2940 3080 2905 2430 1865 1870 2010] [2665 3120 3230 3220 3245 3265 3370 3490]
[2795 3165 3115 2965 2260 1925 1705 1710] [2755 3215 3245 3420 3375 3350 3380 3370]
[2845 3140 2795 2695 2145 1745 1600 1585] [3105 3440 3390 3440 3420 3245 3495 3520]
[3015 2790 2810 2275 2085 1630 1615 1580] [3430 3485 3425 3690 3520 3425 3525 3440]
COM3 1 43
4
[2895 2845 2755 2390 2020 1900 2125 2055] [2600 3135 3190 3150 3045 3040 3065 3270]
[3145 3020 2945 2545 2220 1845 1805 2035] [2615 3225 3165 3170 3025 3125 3200 2995]
[2950 2840 2940 2730 2275 1945 1945 1965] [2820 3095 3265 3060 3075 3200 3050 3125]
[2875 2775 3050 2790 2525 1960 1780 1885] [3135 3145 3145 3270 3145 3010 3325 3070]
[3250 2940 3080 2905 2430 1865 1870 2010] [3145 3150 3185 3090 3165 3120 3175 3195]
[2795 3165 3115 2965 2260 1925 1705 1710] [3080 3300 3055 3165 3170 3250 3240 3200]
[2845 3140 2795 2695 2145 1745 1600 1585] [3110 3375 3310 3100 3115 3155 3340 3260]
[3015 2790 2810 2275 2085 1630 1615 1580] [3135 3200 3370 3395 3130 3245 3150 3390]
COM7 0 44
4
[3250 3085 2965 2870 2890 2700 2505 2115] [2600 3135 3190 3150 3045 3040 3065 3270]
[3390 3245 3110 3100 3005 2970 2590 2220] [2615 3225 3165 3170 3025 3125 3200 2995]
[3255 3145 3125 3050 2970 3200 3025 2325] [2820 3095 3265 3060 3075 3200 3050 3125]
[3390 3380 3415 3250 3095 3175 2910 2305] [3135 3145 3145 3270 3145 3010 3325 3070]
[3440 3245 3215 3165 3210 3035 2640 2235] [3145 3150 3185 3090 3165 3120 3175 3195]
[3190 3335 3335 3250 3030 2730 2425 2025] [3080 3300 3055 3165 3170 3250 3240 3200]
[3225 3245 3220 3270 2910 2650 2020 1835] [3110 3375 3310 3100 3115 3155 3340 3260]
[3385 3295 3005 2850 2555 2170 2060 1715] [3135 3200 3370 3395 3130 3245 3150 3390]
COM3 1 45
4
[3250 3085 2965 2870 2890 2700 2505 2115] [2145 2605 3020 3095 3305 3285 3160 3370]
[3390 3245 3110 3100 3005 2970 2590 2220] [1965 2405 2820 3150 3125 3460 3140 3290]
[3255 3145 3125 3050 2970 3200 3025 2325] [1955 2370 2880 3125 3350 3340 3295 3355]
[3390 3380 3415 3250 3095 3175 2910 2305] [2225 2650 3055 3290 3380 3245 3460 3320]
[3440 3245 3215 3165 3210 3035 2640 2235] [2390 3035 3315 3070 3355 3280 3410 3340]
[3190 3335 3335 3250 3030 2730 2425 2025] [2935 3210 3240 3440 3355 3365 3410 3410]
[3225 3245 3220 3270 2910 2650 2020 1835] [3250 3355 3450 3350 3335 3265 3345 3480]
[3385 3295 3005 2850 2555 2170 2060 1715] [3335 3535 3365 3645 3675 3455 3600 3620]
COM7 0 46
4
[3210 3050 2960 3045 3055 2985 2900 2615] [2145 2605 3020 3095 3305 3285 3160 3370]
[3350 3310 3215 3150 3110 3035 2940 2485] [1965 2405 2820 3150 3125 3460 3140 3290]
[3100 3295 3130 3120 3020 3045 3025 2440] [1955 2370 2880 3125 3350 3340 3295 3355]
[3290 3320 3145 3065 3095 3010 2785 2450] [2225 2650 3055 3290 3380 3245 3460 3320]
[3290 3255 3315 3035 3250 2835 2575 2240] [2390 3035 3315 3070 3355 3280 3410 3340]
[3205 3260 3290 3195 2695 2705 2435 1945] [2935 3210 3240 3440 3355 3365 3410 3410]
[3355 3400 3145 2910 2715 2370 2000 1695] [3250 3355 3450 3350 3335 3265 3345 3480]
[3490 3095 3115 2930 2365 2240 2050 1875] [3335 3535 3365 3645 3675 3455 3600 3620]
COM3 1 47
4
[3210 3050 2960 3045 3055 2985 2900 2615] [1880 2485 2840 3010 3050 2950 3040 3000]
[3350 3310 3215 3150 3110 3035 2940 2485] [1590 2055 2500 2910 3005 3065 2960 3125]
[3100 3295 3130 3120 3020 3045 3025 2440] [1695 1695 2110 2530 3140 3270 3050 2875]
[3290 3320 3145 3065 3095 3010 2785 2450] [1385 1670 2160 2510 2935 3110 3095 3045]
[3290 3255 3315 3035 3250 2835 2575 2240] [1505 1595 2080 2440 2930 3205 3210 3025]
[3205 3260 3290 3195 2695 2705 2435 1945] [1500 1795 2350 2670 3030 3065 3180 3110]
[3355 3400 3145 2910 2715 2370 2000 1695] [1965 2570 3050 3050 3025 3310 3170 3215]
[3490 3095 3115 2930 2365 2240 2050 1875] [2640 2840 3175 3305 3135 3235 3360 2915]
COM7 0 48
4
[3145 2980 2990 2905 3035 2800 2820 2360] [1880 2485 2840 3010 3050 2950 3040 3000]
[3190 3130 3045 3200 2970 2985 2805 2515] [1590 2055 2500 2910 3005 3065 2960 3125]
[3045 3005 3105 3010 3020 3125 2725 2500] [1695 1695 2110 2530 3140 3270 3050 2875]
[3235 3150 3075 2895 3100 2885 2675 2335] [1385 1670 2160 2510 2935 3110 3095 3045]
[3475 3120 3145 3200 2915 2840 2605 2360] [1505 1595 2080 2440 2930 3205 3210 3025]
[3130 3140 3140 3110 3050 2605 2380 2260] [1500 1795 2350 2670 3030 3065 3180 3110]
[3045 3160 3085 3070 2740 2570 2255 2225] [1965 2570 3050 3050 3025 3310 3170 3215]
[3165 3205 2855 2900 2650 2515 2255 2110] [2640 2840 3175 3305 3135 3235 3360 2915]
COM3 1 49
4
[3145 2980 2990 2905 3035 2800 2820 2360] [2885 3165 3370 3150 3345 3230 3285 3330]
[3190 3130 3045 3200 2970 2985 2805 2515] [2610 3020 3180 3100 3225 3360 3225 3265]
[3045 3005 3105 3010 3020 3125 2725 2500] [2115 2635 3080 3185 3370 3185 3280 3220]
[3235 3150 3075 2895 3100 2885 2675 2335] [1965 2375 2820 3115 3240 3250 3325 3220]
[3475 3120 3145 3200 2915 2840 2605 2360] [1645 1845 2560 2890 3190 3200 3340 3385]
[3130 3140 3140 3110 3050 2605 2380 2260] [1645 1615 2180 2720 3110 3265 3385 3335]
[3045 3160 3085 3070 2740 2570 2255 2225] [1545 1705 2080 2545 2955 3125 3355 3390]
[3165 3205 2855 2900 2650 2515 2255 2110] [1740 1805 2270 2735 3130 3270 3300 3480]
COM7 0 50
4
[2690 2680 2810 2885 2795 2435 2235 1940] [2885 3165 3370 3150 3345 3230 3285 3330]
[2920 2865 2920 2935 2730 2450 1985 1945] [2610 3020 3180 3100 3225 3360 3225 3265]
[2690 2755 2865 2970 2895 2550 2135 1995] [2115 2635 3080 3185 3370 3185 3280 3220]
[2745 3000 2985 2865 2900 2440 2060 1830] [1965 2375 2820 3115 3240 3250 3325 3220]
[2890 2955 2840 2865 2930 2635 2110 1915] [1645 1845 2560 2890 3190 3200 3340 3385]
[2750 2880 3005 2965 2735 2370 2000 1795] [1645 1615 2180 2720 3110 3265 3385 3335]
[2885 2920 3060 2885 2575 2325 1870 1785] [1545 1705 2080 2545 2955 3125 3355 3390]
[2880 3015 2860 2890 2575 2000 1880 1770] [1740 1805 2270 2735 3130 3270 3300 3480]
COM3 1 51
4
[2690 2680 2810 2885 2795 2435 2235 1940] [3165 3210 3150 3130 3065 3130 3065 3345]
[2920 2865 2920 2935 2730 2450 1985 1945] [2925 3125 3245 3070 3050 3195 3130 3055]
[2690 2755 2865 2970 2895 2550 2135 1995] [2800 3045 3070 3040 3205 3120 3165 3125]
[2745 3000 2985 2865 2900 2440 2060 1830] [2375 2585 2870 3275 3190 3030 3170 3250]
[2890 2955 2840 2865 2930 2635 2110 1915] [1930 2415 2965 2940 3135 3265 3285 3265]
[2750 2880 3005 2965 2735 2370 2000 1795] [1720 2090 2490 3100 3100 3245 3245 3385]
[2885 2920 3060 2885 2575 2325 1870 1785] [1575 1820 2155 2575 2895 3295 3200 3380]
[2880 3015 2860 2890 2575 2000 1880 1770] [1680 1820 2040 2575 3075 3100 3430 3370]
COM7 0 52
4
[3050 3115 2860 3020 2765 2465 2240 2245] [3165 3210 3150 3130 3065 3130 3065 3345]
[3265 3125 3025 3145 2915 2545 2240 2005] [2925 3125 3245 3070 3050 3195 3130 3055]
[2895 3165 3120 3055 2925 2540 2260 2055] [2800 3045 3070 3040 3205 3120 3165 3125]
[3175 3235 3185 3100 3045 2555 2140 1835] [2375 2585 2870 3275 3190 3030 3170 3250]
[3230 3250 3220 2865 3075 2600 2240 1725] [1930 2415 2965 2940 3135 3265 3285 3265]
[3365 3150 3225 3040 2940 2515 2100 1710] [1720 2090 2490 3100 3100 3245 3245 3385]
[2980 3220 3195 3230 2800 2450 1810 1720] [1575 1820 2155 2575 2895 3295 3200 3380]
[3360 3370 3245 3155 2655 2010 1900 1805] [1680 1820 2040 2575 3075 3100 3430 3370]
COM3 1 53
4
[3050 3115 2860 3020 2765 2465 2240 2245] [3275 3325 3415 3345 3445 3370 3505 3570]
[3265 3125 3025 3145 2915 2545 2240 2005] [2995 3260 3375 3455 3270 3460 3380 3425]
[2895 3165 3120 3055 2925 2540 2260 2055] [2545 2940 3345 3225 3325 3355 3390 3305]
[3175 3235 3185 3100 3045 2555 2140 1835] [2250 2455 3110 3250 3245 3335 3445 3455]
[3230 3250 3220 2865 3075 2600 2240 1725] [1990 2420 2710 3135 3265 3430 3380 3400]
[3365 3150 3225 3040 2940 2515 2100 1710] [1795 2135 2480 3080 3120 3375 3425 3485]
[2980 3220 3195 3230 2800 2450 1810 1720] [1690 1870 2315 2630 3000 3390 3405 3505]
[3360 3370 3245 3155 2655 2010 1900 1805] [1820 1870 2170 2790 3000 3245 3390 3440]
COM7 0 54
4
[3115 2860 3040 2840 2800 2520 2410 2375] [3275 3325 3415 3345 3445 3370 3505 3570]
[3140 3065 3070 3105 2950 2670 2235 2355] [2995 3260 3375 3455 3270 3460 3380 3425]
[3095 3125 3130 2975 2925 2740 2335 2150] [2545 2940 3345 3225 3325 3355 3390 3305]
[3170 3210 3170 3145 3085 2595 2330 1965] [2250 2455 3110 3250 3245 3335 3445 3455]
[3385 3115 3135 3010 3000 2555 2195 1980] [1990 2420 2710 3135 3265 3430 3380 3400]
[3165 3215 3195 3110 2810 2440 2280 2110] [1795 2135 2480 3080 3120 3375 3425 3485]
[3445 3260 2940 3025 2710 2405 2025 2120] [1690 1870 2315 2630 3000 3390 3405 3505]
[3265 3050 3040 2775 2775 2310 2100 2040] [1820 1870 2170 2790 3000 3245 3390 3440]
COM3 1 55
4
[3115 2860 3040 2840 2800 2520 2410 2375] [2645 2865 2920 3150 3295 3380 3340 3215]
[3140 3065 3070 3105 2950 2670 2235 2355] [2420 2650 2905 3070 3120 3250 3135 3300]
[3095 3125 3130 2975 2925 2740 2335 2150] [2365 2470 2770 2975 3240 3255 3110 3230]
[3170 3210 3170 3145 3085 2595 2330 1965] [2385 2300 2570 2695 3110 3035 3170 3185]
[3385 3115 3135 3010 3000 2555 2195 1980] [2245 2100 2365 2610 3105 3115 3090 3200]
[3165 3215 3195 3110 2810 2440 2280 2110] [2010 2300 2425 2715 3010 3255 3260 3360]
[3445 3260 2940 3025 2710 2405 2025 2120] [2305 2600 2700 2805 3075 3140 3350 3250]
[3265 3050 3040 2775 2775 2310 2100 2040] [2645 2770 3170 3190 3265 3125 3345 3390]
COM7 0 56
4
[2930 2850 2760 2870 2930 2635 2400 2130] [2645 2865 2920 3150 3295 3380 3340 3215]
[3080 3100 2865 2985 2880 2815 2465 2075] [2420 2650 2905 3070 3120 3250 3135 3300]
[2865 2895 2865 2725 2845 2615 2395 2055] [2365 2470 2770 2975 3240 3255 3110 3230]
[2765 2845 3155 2920 2930 2595 2360 2010] [2385 2300 2570 2695 3110 3035 3170 3185]
[3140 2910 3035 2995 2795 2565 2215 2010] [2245 2100 2365 2610 3105 3115 3090 3200]
[2960 3125 2860 2880 2685 2300 2090 1960] [2010 2300 2425 2715 3010 3255 3260 3360]
[2820 2850 2860 2945 2550 2305 1950 1655] [2305 2600 2700 2805 3075 3140 3350 3250]
[3005 2960 2935 2790 2375 2000 2035 1655] [2645 2770 3170 3190 3265 3125 3345 3390]
COM3 1 57
4
[2930 2850 2760 2870 2930 2635 2400 2130] [1915 2440 2805 3120 3105 3150 3255 3290]
[3080 3100 2865 2985 2880 2815 2465 2075] [1935 2285 2750 3100 3125 3180 3195 3270]
[2865 2895 2865 2725 2845 2615 2395 2055] [1860 2265 2760 3025 3340 3200 3215 3170]
[2765 2845 3155 2920 2930 2595 2360 2010] [2180 2310 2810 3250 3190 3240 3140 3195]
[3140 2910 3035 2995 2795 2565 2215 2010] [2210 2600 3195 2970 3150 3255 3335 3270]
[2960 3125 2860 2880 2685 2300 2090 1960] [2575 2970 3235 3210 3245 3360 3315 3340]
[2820 2850 2860 2945 2550 2305 1950 1655] [2725 3175 3280 3215 3150 3385 3200 3310]
[3005 2960 2935 2790 2375 2000 2035 1655] [3125 3275 3305 3555 3150 3310 3435 3475]
COM7 0 58
4
[3270 3070 3015 2910 2870 2695 2590 2365] [1915 2440 2805 3120 3105 3150 3255 3290]
[3285 3135 2820 3035 2935 2805 2430 2295] [1935 2285 2750 3100 3125 3180 3195 3270]
[3025 3160 3065 3030 3035 2855 2665 2290] [1860 2265 2760 3025 3340 3200 3215 3170]
[3190 2980 3250 3105 3040 3040 2540 2335] [2180 2310 2810 3250 3190 3240 3140 3195]
[3295 3260 3115 3025 3135 2705 2575 2220] [2210 2600 3195 2970 3150 3255 3335 3270]
[3115 3095 3215 3290 2855 2690 2540 2215] [2575 2970 3235 3210 3245 3360 3315 3340]
[3265 3215 3015 3330 2705 2595 2195 1930] [2725 3175 3280 3215 3150 3385 3200 3310]
[3245 3235 3115 3055 2635 2430 2280 1935] [3125 3275 3305 3555 3150 3310 3435 3475]
COM3 1 59
4
[3270 3070 3015 2910 2870 2695 2590 2365] [2425 2935 3195 3155 3045 3065 2985 3215]
[3285 3135 2820 3035 2935 2805 2430 2295] [2485 2970 3155 3065 3210 3180 3075 3295]
[3025 3160 3065 3030 3035 2855 2665 2290] [2480 3135 3070 3110 3275 2930 3245 2870]
[3190 2980 3250 3105 3040 3040 2540 2335] [2810 3060 3310 3075 3180 2980 3085 3345]
[3295 3260 3115 3025 3135 2705 2575 2220] [2980 3300 3240 3040 3240 3010 3365 3265]
[3115 3095 3215 3290 2855 2690 2540 2215] [3040 3210 3260 3225 3300 3100 3260 3085]
[3265 3215 3015 3330 2705 2595 2195 1930] [3115 3245 3300 3200 3160 3330 3335 3115]
[3245 3235 3115 3055 2635 2430 2280 1935] [3185 3185 3310 3265 3160 3240 3290 3645]
COM7 0 60
4
[3180 3050 3020 2960 2970 2935 2710 2205] [2425 2935 3195 3155 3045 3065 2985 3215]
[3225 3200 2965 3070 2970 3080 2975 2550] [2485 2970 3155 3065 3210 3180 3075 3295]
[3115 3030 3105 3070 3045 3145 3075 2840] [2480 3135 3070 3110 3275 2930 3245 2870]
[3365 3120 3145 2950 3170 3030 3200 2585] [2810 3060 3310 3075 3180 2980 3085 3345]
[3305 3195 3305 3075 3080 3240 2990 2600] [2980 3300 3240 3040 3240 3010 3365 3265]
[3260 3205 3270 3090 3055 3110 2895 2215] [3040 3210 3260 3225 3300 3100 3260 3085]
[3270 3090 3040 3110 3055 2965 2545 2085] [3115 3245 3300 3200 3160 3330 3335 3115]
[3305 3235 3170 3085 2830 2800 2240 1955] [3185 3185 3310 3265 3160 3240 3290 3645]
COM3 1 61
4
[3180 3050 3020 2960 2970 2935 2710 2205] [2510 2660 2735 2850 3125 3270 3380 3425]
[3225 3200 2965 3070 2970 3080 2975 2550] [2380 2480 2680 2825 3005 3420 3355 3230]
[3115 3030 3105 3070 3045 3145 3075 2840] [2430 2320 2585 3040 3235 3185 3325 3500]
[3365 3120 3145 2950 3170 3030 3200 2585] [2405 2555 2725 3065 3260 3245 3320 3495]
[3305 3195 3305 3075 3080 3240 2990 2600] [2525 2635 3165 2865 3340 3450 3400 3575]
[3260 3205 3270 3090 3055 3110 2895 2215] [2540 2995 3210 3335 3370 3510 3580 3675]
[3270 3090 3040 3110 3055 2965 2545 2085] [3020 3235 3345 3385 3525 3425 3530 3660]
[3305 3235 3170 3085 2830 2800 2240 1955] [3300 3400 3445 3475 3685 3525 3685 3580]
COM7 0 62
4
[2605 2770 2770 2825 2945 2895 2965 2515] [2510 2660 2735 2850 3125 3270 3380 3425]
[2790 2935 2810 3050 2905 2890 2865 2710] [2380 2480 2680 2825 3005 3420 3355 3230]
[2650 2975 2850 2945 2765 2765 2920 2790] [2430 2320 2585 3040 3235 3185 3325 3500]
[2900 2950 2905 2765 2970 2945 2815 2570] [2405 2555 2725 3065 3260 3245 3320 3495]
[2980 2835 2905 2915 3060 2960 2775 2635] [2525 2635 3165 2865 3340 3450 3400 3575]
[2675 2750 2945 3035 2770 2785 2675 2035] [2540 2995 3210 3335 3370 3510 3580 3675]
[2685 3105 3130 3080 2875 2780 2430 2005] [3020 3235 3345 3385 3525 3425 3530 3660]
[2990 2925 2990 3165 2785 2390 2205 1800] [3300 3400 3445 3475 3685 3525 3685 3580]
COM3 1 63
4
[2605 2770 2770 2825 2945 2895 2965 2515] [2115 2275 2480 2710 2985 2995 3040 2990]
[2790 2935 2810 3050 2905 2890 2865 2710] [2105 2280 2350 2470 2690 3195 2940 2895]
[2650 2975 2850 2945 2765 2765 2920 2790] [2185 1970 2125 2285 2680 2785 3040 2915]
[2900 2950 2905 2765 2970 2945 2815 2570] [2295 1980 2050 2165 2390 2540 3010 3045]
[2980 2835 2905 2915 3060 2960 2775 2635] [2085 2035 2010 2035 2345 2620 3005 3225]
[2675 2750 2945 3035 2770 2785 2675 2035] [2060 2165 2035 2115 2525 2580 3100 3190]
[2685 3105 3130 3080 2875 2780 2430 2005] [2105 2245 2365 2450 2470 2915 3140 3250]
[2990 2925 2990 3165 2785 2390 2205 1800] [2470 2680 2745 2720 3005 3010 3070 3065]
COM7 0 64
4
[3095 2905 2910 3085 2950 2870 2910 2525] [2115 2275 2480 2710 2985 2995 3040 2990]
[3095 3050 2960 3000 2945 2925 2935 2555] [2105 2280 2350 2470 2690 3195 2940 2895]
[3100 2940 3115 2950 2910 3065 2940 2580] [2185 1970 2125 2285 2680 2785 3040 2915]
[3150 3080 3200 3010 3030 2925 3025 2595] [2295 1980 2050 2165 2390 2540 3010 3045]
[3195 3120 3150 2935 3035 3025 3005 2465] [2085 2035 2010 2035 2345 2620 3005 3225]
[3085 2980 3170 3055 2895 3075 2770 1925] [2060 2165 2035 2115 2525 2580 3100 3190]
[3190 2995 3025 3150 2940 2970 2465 1930] [2105 2245 2365 2450 2470 2915 3140 3250]
[3325 3120 3280 3005 2925 2670 2355 1810] [2470 2680 2745 2720 3005 3010 3070 3065]
COM3 1 65
4
[3095 2905 2910 3085 2950 2870 2910 2525] [2275 2395 2685 2925 2995 2730 2715 3040]
[3095 3050 2960 3000 2945 2925 2935 2555] [2125 2030 2585 2875 3025 3105 3020 2865]
[3100 2940 3115 2950 2910 3065 2940 2580] [1865 2135 2220 2495 2900 3070 3000 3035]
[3150 3080 3200 3010 3030 2925 3025 2595] [2000 1975 2035 2165 2555 2875 3080 2860]
[3195 3120 3150 2935 3035 3025 3005 2465] [2045 1925 1965 1790 2205 2640 3025 3185]
[3085 2980 3170 3055 2895 3075 2770 1925] [2085 1955 1715 1950 2100 2385 3130 3175]
[3190 2995 3025 3150 2940 2970 2465 1930] [1905 1855 1740 1735 1900 2405 2955 3070]
[3325 3120 3280 3005 2925 2670 2355 1810] [1745 1725 1775 1810 1765 2400 2915 3295]