COM3 1 6
4
[2860 2725 2765 2765 2870 2840 2835 2580] [3220 3210 3420 3240 2935 2510 1985 1985]
[2935 2895 2805 2920 2840 2820 2835 2655] [3335 3250 3370 3095 2895 2530 2015 1805]
[2885 2875 3030 2955 2845 2890 2725 2795] [3145 3340 3215 3090 3040 2445 1950 1675]
[2785 2840 2970 2790 2880 2750 2765 2865] [3240 3225 3230 3335 3020 2590 2125 1700]
[2875 2925 2640 2740 2875 2840 3225 3005] [3440 3330 3230 3140 3075 2860 2370 2000]
[2800 2870 2810 2965 2755 2665 2790 2880] [3410 3265 3155 3295 3275 3010 2500 2000]
[2920 3030 2915 2780 2915 2990 2575 2745] [3460 3210 3245 3205 3235 3090 2810 2320]
[2910 2830 2710 2850 2735 2740 2920 2950] [3310 3205 3290 3320 3320 3080 2940 2355]
COM7 0 7
4
[3165 3075 3170 3205 3135 2935 3190 3225] [3220 3210 3420 3240 2935 2510 1985 1985]
[3285 3280 3140 3220 3140 3245 3195 3205] [3335 3250 3370 3095 2895 2530 2015 1805]
[3135 3260 3215 3145 3205 3250 3315 3320] [3145 3340 3215 3090 3040 2445 1950 1675]
[3265 3240 3245 3200 3145 3295 3200 3190] [3240 3225 3230 3335 3020 2590 2125 1700]
[3455 3355 3300 3315 3205 3215 3590 3510] [3440 3330 3230 3140 3075 2860 2370 2000]
[3090 3365 3350 3265 3425 3275 3320 3185] [3410 3265 3155 3295 3275 3010 2500 2000]
[3305 3470 3220 3430 3380 3465 3120 3060] [3460 3210 3245 3205 3235 3090 2810 2320]
[3375 2905 3535 3180 3460 3260 3635 3555] [3310 3205 3290 3320 3320 3080 2940 2355]
COM3 1 8
4
[3165 3075 3170 3205 3135 2935 3190 3225] [2620 2850 2745 2580 2515 2225 1780 1715]
[3285 3280 3140 3220 3140 3245 3195 3205] [2705 2905 2895 2550 2170 1955 1665 1615]
[3135 3260 3215 3145 3205 3250 3315 3320] [2855 2875 2730 2555 2325 1970 1650 1480]
[3265 3240 3245 3200 3145 3295 3200 3190] [2875 3030 3065 2610 2475 2035 1730 1520]
[3455 3355 3300 3315 3205 3215 3590 3510] [2860 3140 3045 2735 2440 2055 1840 1710]
[3090 3365 3350 3265 3425 3275 3320 3185] [2700 3035 3010 2860 2620 2330 2075 1785]
[3305 3470 3220 3430 3380 3465 3120 3060] [3010 2995 3060 2910 2785 2605 2100 1880]
[3375 2905 3535 3180 3460 3260 3635 3555] [3105 3015 3225 3255 2850 2515 2240 2000]
COM7 0 9
4
[3125 3350 3105 3135 2980 3160 3195 3310] [2620 2850 2745 2580 2515 2225 1780 1715]
[3125 3280 3110 3220 3060 3170 3365 3325] [2705 2905 2895 2550 2170 1955 1665 1615]
[3045 3255 3320 3160 3115 3280 3310 3290] [2855 2875 2730 2555 2325 1970 1650 1480]
[3250 3195 3200 3210 3140 3240 3190 3280] [2875 3030 3065 2610 2475 2035 1730 1520]
[3300 3470 3125 3270 3245 3255 3300 3245] [2860 3140 3045 2735 2440 2055 1840 1710]
[3125 3250 3250 3315 3070 3145 3465 3290] [2700 3035 3010 2860 2620 2330 2075 1785]
[3365 3225 3375 3295 3440 3450 3150 3150] [3010 2995 3060 2910 2785 2605 2100 1880]
[3110 3475 3000 3265 3260 3310 3360 3425] [3105 3015 3225 3255 2850 2515 2240 2000]
COM3 1 10
4
[3125 3350 3105 3135 2980 3160 3195 3310] [3275 3310 3300 3290 3180 2985 2720 2400]
[3125 3280 3110 3220 3060 3170 3365 3325] [3065 3290 3245 3010 2530 2745 2500 2075]
[3045 3255 3320 3160 3115 3280 3310 3290] [3320 3065 2990 2565 2445 2130 2165 1790]
[3250 3195 3200 3210 3140 3240 3190 3280] [3135 2745 2510 2315 2065 1965 1880 1760]
[3300 3470 3125 3270 3245 3255 3300 3245] [3020 2390 2125 1840 1865 1895 2025 1895]
[3125 3250 3250 3315 3070 3145 3465 3290] [2725 2465 1855 1895 1980 2085 2130 2030]
[3365 3225 3375 3295 3440 3450 3150 3150] [2930 2635 2010 1700 1925 1965 1965 1940]
[3110 3475 3000 3265 3260 3310 3360 3425] [3130 2815 2470 2240 1900 1740 1880 1665]
COM7 0 11
4
[3195 2945 3090 3110 2875 2995 3095 3125] [3275 3310 3300 3290 3180 2985 2720 2400]
[3370 3100 3045 3045 3080 3065 3120 3080] [3065 3290 3245 3010 2530 2745 2500 2075]
[3115 3175 3235 2985 3005 3145 3085 3085] [3320 3065 2990 2565 2445 2130 2165 1790]
[3010 3195 3090 3115 3130 3155 3130 3055] [3135 2745 2510 2315 2065 1965 1880 1760]
[3185 3095 3380 3270 3215 3135 3185 3240] [3020 2390 2125 1840 1865 1895 2025 1895]
[3340 3170 3435 3120 3070 3345 3090 2980] [2725 2465 1855 1895 1980 2085 2130 2030]
[2970 3090 3185 3380 3150 3260 3340 2995] [2930 2635 2010 1700 1925 1965 1965 1940]
[3485 3265 3410 3100 3010 3285 3335 3230] [3130 2815 2470 2240 1900 1740 1880 1665]
COM3 1 12
4
[3195 2945 3090 3110 2875 2995 3095 3125] [3670 3485 3480 3470 3445 3275 3020 2770]
[3370 3100 3045 3045 3080 3065 3120 3080] [3710 3615 3610 3435 3175 3335 2845 2405]
[3115 3175 3235 2985 3005 3145 3085 3085] [3460 3470 3490 3445 3300 2790 2550 1850]
[3010 3195 3090 3115 3130 3155 3130 3055] [3285 3455 3325 3075 2835 2585 2090 1610]
[3185 3095 3380 3270 3215 3135 3185 3240] [3790 3345 2955 2545 2345 2310 2025 1745]
[3340 3170 3435 3120 3070 3345 3090 2980] [3030 2900 2600 2275 2055 1995 2030 1760]
[2970 3090 3185 3380 3150 3260 3340 2995] [2775 2430 2100 1950 1925 2075 2005 2000]
[3485 3265 3410 3100 3010 3285 3335 3230] [2455 2115 2010 2020 2030 2110 2050 1810]
COM7 0 13
4
[3045 3090 2955 3010 2955 2870 3105 3170] [3670 3485 3480 3470 3445 3275 3020 2770]
[3175 3220 3165 3065 3120 3130 2995 2970] [3710 3615 3610 3435 3175 3335 2845 2405]
[3135 3070 3185 3050 3005 3015 3215 3130] [3460 3470 3490 3445 3300 2790 2550 1850]
[3010 3185 3395 3100 3185 3240 3330 3120] [3285 3455 3325 3075 2835 2585 2090 1610]
[3100 3280 3375 3175 3200 3205 3230 3320] [3790 3345 2955 2545 2345 2310 2025 1745]
[3105 3250 3250 3330 3070 3335 3455 3150] [3030 2900 2600 2275 2055 1995 2030 1760]
[3465 3235 3220 3335 3070 3310 3165 3275] [2775 2430 2100 1950 1925 2075 2005 2000]
[3100 3350 3310 3360 3140 3115 3405 3135] [2455 2115 2010 2020 2030 2110 2050 1810]
COM3 1 14
4
[3045 3090 2955 3010 2955 2870 3105 3170] [3610 3545 3440 3430 3245 3330 2950 2470]
[3175 3220 3165 3065 3120 3130 2995 2970] [3425 3555 3595 3240 3145 2925 2535 2205]
[3135 3070 3185 3050 3005 3015 3215 3130] [3790 3370 3320 3095 2910 2620 2350 1980]
[3010 3185 3395 3100 3185 3240 3330 3120] [3660 3275 3400 3045 2580 2540 2045 1795]
[3100 3280 3375 3175 3200 3205 3230 3320] [3520 3040 2590 2470 2365 2170 2065 1980]
[3105 3250 3250 3330 3070 3335 3455 3150] [2940 2570 2290 2380 2395 2270 1955 1860]
[3465 3235 3220 3335 3070 3310 3165 3275] [2585 2570 2430 2410 2145 2330 2120 2010]
[3100 3350 3310 3360 3140 3115 3405 3135] [2595 2450 2315 2460 2535 2270 2100 1845]
COM7 0 15
4
[3235 3040 2765 2935 2910 2885 3110 3165] [3610 3545 3440 3430 3245 3330 2950 2470]
[2925 3055 3000 3110 2915 3075 3010 3085] [3425 3555 3595 3240 3145 2925 2535 2205]
[3020 3055 3025 2975 3165 3040 2965 3080] [3790 3370 3320 3095 2910 2620 2350 1980]
[3195 3060 3205 3035 3130 3025 2895 3170] [3660 3275 3400 3045 2580 2540 2045 1795]
[3140 3260 3025 3000 3205 2850 3155 3215] [3520 3040 2590 2470 2365 2170 2065 1980]
[3180 3145 3110 3240 2950 3040 3010 2990] [2940 2570 2290 2380 2395 2270 1955 1860]
[3100 3075 3135 3140 2950 3100 3060 3090] [2585 2570 2430 2410 2145 2330 2120 2010]
[3135 3055 3135 3160 3160 3180 3350 3005] [2595 2450 2315 2460 2535 2270 2100 1845]
COM3 1 16
4
[3235 3040 2765 2935 2910 2885 3110 3165] [2960 2850 2470 2325 2105 2170 1825 1810]
[2925 3055 3000 3110 2915 3075 3010 3085] [2890 2465 2175 2170 2005 1930 1690 1610]
[3020 3055 3025 2975 3165 3040 2965 3080] [2275 1985 1935 2050 2330 1880 1730 1580]
[3195 3060 3205 3035 3130 3025 2895 3170] [2215 1890 1995 2290 2270 1920 1690 1540]
[3140 3260 3025 3000 3205 2850 3155 3215] [1940 1775 2070 2150 2425 2180 1865 1675]
[3180 3145 3110 3240 2950 3040 3010 2990] [1685 1685 2115 2315 2365 1880 1755 1565]
[3100 3075 3135 3140 2950 3100 3060 3090] [1755 1985 1915 1840 1865 1660 1830 1670]
[3135 3055 3135 3160 3160 3180 3350 3005] [1895 1985 1840 1935 1855 1630 1565 1580]
COM7 0 17
4
[2750 2770 2735 2795 2870 2995 2925 2695] [2960 2850 2470 2325 2105 2170 1825 1810]
[2875 2885 2885 2885 2890 2980 2685 2710] [2890 2465 2175 2170 2005 1930 1690 1610]
[2975 2785 2970 3005 2890 2870 2885 2935] [2275 1985 1935 2050 2330 1880 1730 1580]
[2830 3085 2970 2735 2975 2750 2745 2645] [2215 1890 1995 2290 2270 1920 1690 1540]
[3085 2985 2955 2855 3090 2940 2935 2875] [1940 1775 2070 2150 2425 2180 1865 1675]
[3040 2830 3165 2965 2725 2990 2995 2825] [1685 1685 2115 2315 2365 1880 1755 1565]
[3100 2940 2905 3040 2895 3030 2910 2985] [1755 1985 1915 1840 1865 1660 1830 1670]
[3170 3310 2790 3110 2800 3020 3090 2935] [1895 1985 1840 1935 1855 1630 1565 1580]
COM3 1 18
4
[2750 2770 2735 2795 2870 2995 2925 2695] [1830 1825 2010 2510 2465 2185 1765 1885]
[2875 2885 2885 2885 2890 2980 2685 2710] [1625 2005 2250 2590 2410 1970 1570 1660]
[2975 2785 2970 3005 2890 2870 2885 2935] [1650 1880 2155 2330 2475 1960 1525 1635]
[2830 3085 2970 2735 2975 2750 2745 2645] [1655 1840 2065 2145 1900 1660 1585 1640]
[3085 2985 2955 2855 3090 2940 2935 2875] [1940 1820 1780 1820 1665 1575 1550 1710]
[3040 2830 3165 2965 2725 2990 2995 2825] [2265 1875 1700 1795 1645 1420 1545 1755]
[3100 2940 2905 3040 2895 3030 2910 2985] [2540 2330 2070 1825 1515 1445 1515 1760]
[3170 3310 2790 3110 2800 3020 3090 2935] [3080 2870 2650 2050 1505 1420 1480 1670]
COM7 0 19
4
[2875 2675 2800 2830 2795 2825 2850 2870] [1830 1825 2010 2510 2465 2185 1765 1885]
[3040 2910 2820 2855 2890 2845 2765 2955] [1625 2005 2250 2590 2410 1970 1570 1660]
[2740 2930 2900 2910 2825 2770 2860 2915] [1650 1880 2155 2330 2475 1960 1525 1635]
[2935 2875 3020 2780 2950 2900 2875 2835] [1655 1840 2065 2145 1900 1660 1585 1640]
[2890 2790 2830 2850 2875 2900 2935 2980] [1940 1820 1780 1820 1665 1575 1550 1710]
[2875 2935 3055 3010 2890 2765 2815 2675] [2265 1875 1700 1795 1645 1420 1545 1755]
[3070 2955 2775 2825 2865 2820 2930 2940] [2540 2330 2070 1825 1515 1445 1515 1760]
[2900 3010 2905 2785 2960 2870 2815 2900] [3080 2870 2650 2050 1505 1420 1480 1670]
COM3 1 20
4
[2875 2675 2800 2830 2795 2825 2850 2870] [2345 2025 1705 1615 1950 2215 2525 2920]
[3040 2910 2820 2855 2890 2845 2765 2955] [2615 1905 1590 1665 1855 2320 2625 2940]
[2740 2930 2900 2910 2825 2770 2860 2915] [2625 1955 1730 1720 1980 2285 2705 2960]
[2935 2875 3020 2780 2950 2900 2875 2835] [2980 2225 1695 1665 1730 2025 2470 2770]
[2890 2790 2830 2850 2875 2900 2935 2980] [2875 2320 1935 1475 1690 1915 2290 2830]
[2875 2935 3055 3010 2890 2765 2815 2675] [2940 2510 1965 1750 1670 1805 2170 2745]
[3070 2955 2775 2825 2865 2820 2930 2940] [3295 2840 2300 1710 1570 1815 2020 2575]
[2900 3010 2905 2785 2960 2870 2815 2900] [3200 2880 2485 1935 1680 1710 1885 2290]
COM7 0 21
4
[2870 3085 2960 3025 3070 3025 3055 3005] [2345 2025 1705 1615 1950 2215 2525 2920]
[3045 2980 2920 3005 3150 2970 3030 2990] [2615 1905 1590 1665 1855 2320 2625 2940]
[2895 2890 3030 2955 2870 3040 3030 3035] [2625 1955 1730 1720 1980 2285 2705 2960]
[2940 2970 3070 2885 3095 3035 2945 3105] [2980 2225 1695 1665 1730 2025 2470 2770]
[3170 2970 3070 3115 3030 3030 3175 3015] [2875 2320 1935 1475 1690 1915 2290 2830]
[3015 2990 3095 3095 3075 3205 3220 3105] [2940 2510 1965 1750 1670 1805 2170 2745]
[3220 3035 3170 2980 2965 3195 3065 3065] [3295 2840 2300 1710 1570 1815 2020 2575]
[3140 3305 3120 2975 2975 3350 3175 2725] [3200 2880 2485 1935 1680 1710 1885 2290]
COM3 1 22
4
[2870 3085 2960 3025 3070 3025 3055 3005] [1885 1595 1570 1655 2210 2455 2955 3125]
[3045 2980 2920 3005 3150 2970 3030 2990] [1550 1545 1590 1880 2100 2910 3100 2940]
[2895 2890 3030 2955 2870 3040 3030 3035] [1530 1585 1530 1915 2425 2735 3060 3125]
[2940 2970 3070 2885 3095 3035 2945 3105] [1495 1615 1715 1670 2005 2535 2995 3205]
[3170 2970 3070 3115 3030 3030 3175 3015] [1425 1535 1705 1575 1905 2400 3020 3305]
[3015 2990 3095 3095 3075 3205 3220 3105] [1405 1575 1575 1685 1850 2245 2775 3105]
[3220 3035 3170 2980 2965 3195 3065 3065] [1410 1515 1635 1540 1695 2065 2350 3065]
[3140 3305 3120 2975 2975 3350 3175 2725] [1780 1555 1555 1460 1520 1510 2215 2590]
COM7 0 23
4
[3020 2990 2990 3065 2845 2845 2965 2980] [1885 1595 1570 1655 2210 2455 2955 3125]
[3120 3055 3010 3025 2965 3010 3030 2825] [1550 1545 1590 1880 2100 2910 3100 2940]
[2915 2850 2975 2925 3125 3055 3095 2780] [1530 1585 1530 1915 2425 2735 3060 3125]
[2925 2925 3020 3040 3050 3015 2820 3050] [1495 1615 1715 1670 2005 2535 2995 3205]
[3105 3010 3170 3065 3050 3120 3110 3130] [1425 1535 1705 1575 1905 2400 3020 3305]
[2995 2950 2955 2925 2845 2755 3135 3105] [1405 1575 1575 1685 1850 2245 2775 3105]
[2880 3095 2800 3035 2800 3145 2975 3045] [1410 1515 1635 1540 1695 2065 2350 3065]
[3355 3030 3025 2965 2585 2910 3045 2745] [1780 1555 1555 1460 1520 1510 2215 2590]
COM3 1 24
4
[3020 2990 2990 3065 2845 2845 2965 2980] [2865 2485 2110 1870 2155 2645 3015 3135]
[3120 3055 3010 3025 2965 3010 3030 2825] [2590 2330 1900 1935 2125 2775 3085 3020]
[2915 2850 2975 2925 3125 3055 3095 2780] [2535 2165 1855 1880 2355 2770 3100 3170]
[2925 2925 3020 3040 3050 3015 2820 3050] [2150 1760 1815 1920 2300 2660 2955 3045]
[3105 3010 3170 3065 3050 3120 3110 3130] [1680 1825 1735 1650 2025 2585 2950 3150]
[2995 2950 2955 2925 2845 2755 3135 3105] [1450 1660 1575 1875 2080 2530 3145 3395]
[2880 3095 2800 3035 2800 3145 2975 3045] [1485 1650 1750 1640 1875 2430 2850 3190]
[3355 3030 3025 2965 2585 2910 3045 2745] [1740 1810 1745 1825 1935 2400 2655 3215]
COM7 0 25
4
[2775 2930 2865 3045 2910 2890 2885 2870] [2865 2485 2110 1870 2155 2645 3015 3135]
[2955 3005 2750 2985 2865 2850 2945 2835] [2590 2330 1900 1935 2125 2775 3085 3020]
[2870 2900 2960 2785 2760 2955 2925 2860] [2535 2165 1855 1880 2355 2770 3100 3170]
[3015 3010 3015 2730 2830 3100 2920 2830] [2150 1760 1815 1920 2300 2660 2955 3045]
[3185 2895 3000 2905 2995 3135 3040 3040] [1680 1825 1735 1650 2025 2585 2950 3150]
[3045 2740 3005 2985 2950 3000 2940 2880] [1450 1660 1575 1875 2080 2530 3145 3395]
[2900 3025 2895 3230 3020 3170 2935 2920] [1485 1650 1750 1640 1875 2430 2850 3190]
[3080 3110 2810 3110 2895 3055 3175 2910] [1740 1810 1745 1825 1935 2400 2655 3215]
COM3 1 26
4
[2775 2930 2865 3045 2910 2890 2885 2870] [2755 2310 2205 2210 2700 3255 3105 3130]
[2955 3005 2750 2985 2865 2850 2945 2835] [2600 2230 2160 2365 2800 3230 3210 3100]
[2870 2900 2960 2785 2760 2955 2925 2860] [2515 2035 2115 2355 2790 3285 3120 3105]
[3015 3010 3015 2730 2830 3100 2920 2830] [2620 2040 1915 2335 2915 3150 3135 3080]
[3185 2895 3000 2905 2995 3135 3040 3040] [2500 2110 1945 2190 2735 3040 3225 3180]
[3045 2740 3005 2985 2950 3000 2940 2880] [2145 2060 1840 2225 2585 3175 3375 3295]
[2900 3025 2895 3230 3020 3170 2935 2920] [1935 1920 1805 1940 2485 3015 3095 3320]
[3080 3110 2810 3110 2895 3055 3175 2910] [1930 1765 1805 2100 2325 2735 3310 3135]
COM7 0 27
4
[2800 2915 3055 2970 2925 2955 3045 3045] [2755 2310 2205 2210 2700 3255 3105 3130]
[3075 3075 3025 2960 2825 3010 3085 2875] [2600 2230 2160 2365 2800 3230 3210 3100]
[2850 3015 3200 3040 2925 3070 3035 3145] [2515 2035 2115 2355 2790 3285 3120 3105]
[2840 3085 3195 3120 3275 3020 2945 3045] [2620 2040 1915 2335 2915 3150 3135 3080]
[3260 3200 3170 3045 3155 3305 3210 3040] [2500 2110 1945 2190 2735 3040 3225 3180]
[3110 3050 3110 3085 3160 3010 3140 3015] [2145 2060 1840 2225 2585 3175 3375 3295]
[3370 3150 3150 3280 3305 2925 3360 2965] [1935 1920 1805 1940 2485 3015 3095 3320]
[3175 3000 3015 2935 2845 3030 3145 2880] [1930 1765 1805 2100 2325 2735 3310 3135]
COM3 1 28
4
[2800 2915 3055 2970 2925 2955 3045 3045] [2250 1830 2195 2495 2955 3265 3250 3275]
[3075 3075 3025 2960 2825 3010 3085 2875] [2015 1640 2120 2475 2915 3145 3375 3060]
[2850 3015 3200 3040 2925 3070 3035 3145] [1820 1680 2205 2540 3045 3165 3300 3205]
[2840 3085 3195 3120 3275 3020 2945 3045] [1865 1685 2105 2405 2880 3130 3100 3165]
[3260 3200 3170 3045 3155 3305 3210 3040] [1650 1665 2085 2275 2685 2990 3330 3185]
[3110 3050 3110 3085 3160 3010 3140 3015] [1565 1610 1775 2340 2685 3075 3345 3230]
[3370 3150 3150 3280 3305 2925 3360 2965] [1740 1660 1790 2235 2810 3145 3195 3480]
[3175 3000 3015 2935 2845 3030 3145 2880] [2025 1690 1670 2135 2500 2995 3315 3295]
COM7 0 29
4
[3010 2765 2695 2905 2760 2975 2875 2845] [2250 1830 2195 2495 2955 3265 3250 3275]
[3075 3015 2955 2975 2850 3015 2890 2645] [2015 1640 2120 2475 2915 3145 3375 3060]
[2930 2960 2990 3015 2990 2990 2860 2935] [1820 1680 2205 2540 3045 3165 3300 3205]
[2880 3045 3035 3215 3025 2985 2900 2880] [1865 1685 2105 2405 2880 3130 3100 3165]
[3020 3060 3125 2900 3005 3025 3040 2790] [1650 1665 2085 2275 2685 2990 3330 3185]
[3105 2975 2980 3080 2950 3120 2925 2400] [1565 1610 1775 2340 2685 3075 3345 3230]
[3050 3240 2625 2955 2785 2955 2240 1935] [1740 1660 1790 2235 2810 3145 3195 3480]
[3030 2810 2715 2860 2925 2580 2030 1575] [2025 1690 1670 2135 2500 2995 3315 3295]
COM3 1 30
4
[3010 2765 2695 2905 2760 2975 2875 2845] [1735 2015 2400 2715 3245 2960 3140 3140]
[3075 3015 2955 2975 2850 3015 2890 2645] [1720 1845 2350 2690 3070 3100 3120 3045]
[2930 2960 2990 3015 2990 2990 2860 2935] [1690 1610 2230 2790 3130 3120 3180 3275]
[2880 3045 3035 3215 3025 2985 2900 2880] [1665 1690 2250 2670 3185 3155 3130 3135]
[3020 3060 3125 2900 3005 3025 3040 2790] [2010 1705 2185 2370 2995 3240 3230 3150]
[3105 2975 2980 3080 2950 3120 2925 2400] [1785 1685 2025 2390 2710 3080 3200 3175]
[3050 3240 2625 2955 2785 2955 2240 1935] [1715 1740 1835 2220 2665 3005 3115 3235]
[3030 2810 2715 2860 2925 2580 2030 1575] [1580 1505 1770 2145 2520 2945 3190 3355]
COM7 0 31
4
[2860 2895 2985 2890 2890 2840 2750 2615] [1735 2015 2400 2715 3245 2960 3140 3140]
[3205 3130 2765 3005 2945 2960 2665 2270] [1720 1845 2350 2690 3070 3100 3120 3045]
[2905 3015 2915 3020 2930 2840 2530 2055] [1690 1610 2230 2790 3130 3120 3180 3275]
[2960 2995 3075 2745 2750 2610 2130 1835] [1665 1690 2250 2670 3185 3155 3130 3135]
[2970 3200 2945 2950 2900 2105 2020 1555] [2010 1705 2185 2370 2995 3240 3230 3150]
[2990 2730 3015 2730 2605 2200 1690 1165] [1785 1685 2025 2390 2710 3080 3200 3175]
[3005 3090 2835 3040 2530 2050 1625 1415] [1715 1740 1835 2220 2665 3005 3115 3235]
[2960 3030 3100 3020 2820 2275 2055 1580] [1580 1505 1770 2145 2520 2945 3190 3355]
COM3 1 32
4
[2860 2895 2985 2890 2890 2840 2750 2615] [1940 2095 2555 3020 3015 3200 3145 3285]
[3205 3130 2765 3005 2945 2960 2665 2270] [1885 2100 2630 2900 2995 3310 3005 2940]
[2905 3015 2915 3020 2930 2840 2530 2055] [1640 1995 2485 2945 3245 3055 3300 3100]
[2960 2995 3075 2745 2750 2610 2130 1835] [1715 1905 2390 2980 3165 3135 3250 3195]
[2970 3200 2945 2950 2900 2105 2020 1555] [1775 1965 2420 2870 3110 3295 3170 3330]
[2990 2730 3015 2730 2605 2200 1690 1165] [1575 1780 2335 2935 2975 3250 3245 3315]
[3005 3090 2835 3040 2530 2050 1625 1415] [1575 1615 2010 2715 3190 3015 3350 3300]
[2960 3030 3100 3020 2820 2275 2055 1580] [1715 1745 1970 2460 3155 3130 3305 3390]
COM7 0 33
4
[3010 2975 2785 2885 2870 2925 2930 2615] [1940 2095 2555 3020 3015 3200 3145 3285]
[3140 3055 2805 2955 2880 3080 2795 2575] [1885 2100 2630 2900 2995 3310 3005 2940]
[2765 3025 2945 2805 3005 2860 2635 2395] [1640 1995 2485 2945 3245 3055 3300 3100]
[3020 2900 2885 2910 2940 2815 2730 2440] [1715 1905 2390 2980 3165 3135 3250 3195]
[2810 2995 3150 3030 2940 2910 2660 2185] [1775 1965 2420 2870 3110 3295 3170 3330]
[2735 2850 2810 3095 2825 2780 3045 2450] [1575 1780 2335 2935 2975 3250 3245 3315]
[3090 3040 3005 3075 2830 3020 2950 2645] [1575 1615 2010 2715 3190 3015 3350 3300]
[3050 3110 3000 3085 2840 3165 2950 2525] [1715 1745 1970 2460 3155 3130 3305 3390]
COM3 1 34
4
[3010 2975 2785 2885 2870 2925 2930 2615] [2490 2845 3175 3155 3105 3125 3115 3305]
[3140 3055 2805 2955 2880 3080 2795 2575] [2455 3025 3235 2975 3240 3175 3325 3055]
[2765 3025 2945 2805 3005 2860 2635 2395] [2430 2855 3225 3110 3280 3095 3145 3125]
[3020 2900 2885 2910 2940 2815 2730 2440] [2465 2580 3260 3270 3150 3080 3225 3175]
[2810 2995 3150 3030 2940 2910 2660 2185] [2165 2650 3095 2890 3260 3090 3205 3250]
[2735 2850 2810 3095 2825 2780 3045 2450] [1940 2405 2870 3260 3095 3285 3260 3295]
[3090 3040 3005 3075 2830 3020 2950 2645] [1905 2410 2685 2905 3215 3185 3165 3405]
[3050 3110 3000 3085 2840 3165 2950 2525] [1845 2155 2585 3020 2960 3390 3395 3265]
COM7 0 35
4
[3055 2680 2920 2875 2845 2855 2970 2710] [2490 2845 3175 3155 3105 3125 3115 3305]
[3195 3095 2775 3145 2880 2810 2710 2355] [2455 3025 3235 2975 3240 3175 3325 3055]
[2865 2865 2985 2855 2900 2810 2310 2035] [2430 2855 3225 3110 3280 3095 3145 3125]
[3035 2900 3070 2875 2785 2300 2135 1640] [2465 2580 3260 3270 3150 3080 3225 3175]
[2915 2965 3040 2825 2625 1945 1855 1750] [2165 2650 3095 2890 3260 3090 3205 3250]
[3215 2755 2945 2985 2640 2120 1885 1525] [1940 2405 2870 3260 3095 3285 3260 3295]
[3225 2915 3140 3080 2445 2455 1905 1885] [1905 2410 2685 2905 3215 3185 3165 3405]
[3110 3200 3120 3025 2775 2595 2180 1955] [1845 2155 2585 3020 2960 3390 3395 3265]
COM3 1 36
4
[3055 2680 2920 2875 2845 2855 2970 2710] [3065 3090 3295 3200 3330 3110 3220 3315]
[3195 3095 2775 3145 2880 2810 2710 2355] [3070 3110 3185 3205 3155 3330 3050 3145]
[2865 2865 2985 2855 2900 2810 2310 2035] [2985 3310 3220 3175 3230 3165 3110 2960]
[3035 2900 3070 2875 2785 2300 2135 1640] [2865 3065 3090 3235 3310 3100 3375 3120]
[2915 2965 3040 2825 2625 1945 1855 1750] [2630 3285 3095 2955 3140 3295 3150 3330]
[3215 2755 2945 2985 2640 2120 1885 1525] [2085 2740 3240 3330 3185 3360 3170 3400]
[3225 2915 3140 3080 2445 2455 1905 1885] [2015 2545 3055 3280 3155 3195 3435 3300]
[3110 3200 3120 3025 2775 2595 2180 1955] [1900 2370 2885 3390 3260 3115 3370 3350]
COM7 0 37
4
[2810 2710 2955 2705 2875 3010 3020 3015] [3065 3090 3295 3200 3330 3110 3220 3315]
[2890 3150 3010 3015 2850 2950 2910 2950] [3070 3110 3185 3205 3155 3330 3050 3145]
[2875 2865 3065 2855 3100 3060 2995 2755] [2985 3310 3220 3175 3230 3165 3110 2960]
[2785 3025 3000 2950 3120 2985 2865 2580] [2865 3065 3090 3235 3310 3100 3375 3120]
[2940 3025 3080 2850 2945 2630 2500 2310] [2630 3285 3095 2955 3140 3295 3150 3330]
[2785 3065 3035 3070 2770 2380 2045 1795] [2085 2740 3240 3330 3185 3360 3170 3400]
[3005 3090 2605 2705 2365 1815 1605 1695] [2015 2545 3055 3280 3155 3195 3435 3300]
[2975 2935 2525 2315 1995 1685 1785 1665] [1900 2370 2885 3390 3260 3115 3370 3350]
COM3 1 38
4
[2810 2710 2955 2705 2875 3010 3020 3015] [2750 3340 3195 3125 3375 3295 3215 3290]
[2890 3150 3010 3015 2850 2950 2910 2950] [2710 3100 3290 3105 3090 3410 3180 3100]
[2875 2865 3065 2855 3100 3060 2995 2755] [2815 3175 3180 3025 3200 3235 3320 3100]
[2785 3025 3000 2950 3120 2985 2865 2580] [2560 3220 3205 3170 3195 3105 3205 3075]
[2940 3025 3080 2850 2945 2630 2500 2310] [2610 3275 3380 3035 3205 3105 3275 3385]
[2785 3065 3035 3070 2770 2380 2045 1795] [2565 3005 3065 3200 3190 3300 3300 3385]
[3005 3090 2605 2705 2365 1815 1605 1695] [2380 3140 3380 3265 3485 3260 3250 3290]
[2975 2935 2525 2315 1995 1685 1785 1665] [2240 3010 3225 3435 3490 3290 3290 3270]
COM7 0 39
4
[2850 2850 2645 2810 2890 2895 2940 2920] [2750 3340 3195 3125 3375 3295 3215 3290]
[3025 3040 2805 3040 3025 2920 2775 2815] [2710 3100 3290 3105 3090 3410 3180 3100]
[2755 2825 3030 2970 2815 2970 2820 2990] [2815 3175 3180 3025 3200 3235 3320 3100]
[3130 2905 3035 2975 3045 2980 2815 2840] [2560 3220 3205 3170 3195 3105 3205 3075]
[2975 3075 3090 2995 2940 2660 2950 2960] [2610 3275 3380 3035 3205 3105 3275 3385]
[2895 2810 3125 3010 2975 2845 2910 2760] [2565 3005 3065 3200 3190 3300 3300 3385]
[2840 3090 2695 3125 3095 2800 2620 2485] [2380 3140 3380 3265 3485 3260 3250 3290]
[2930 2935 2820 3020 2695 2580 2405 2080] [2240 3010 3225 3435 3490 3290 3290 3270]
COM3 1 40
4
[2850 2850 2645 2810 2890 2895 2940 2920] [2665 3220 3340 3100 3195 3160 3170 3135]
[3025 3040 2805 3040 3025 2920 2775 2815] [2975 3100 3285 3090 3050 3350 3325 3170]
[2755 2825 3030 2970 2815 2970 2820 2990] [2925 3270 3235 3145 3240 3235 3260 3070]
[3130 2905 3035 2975 3045 2980 2815 2840] [3175 3395 3100 3195 3155 3120 3055 3135]
[2975 3075 3090 2995 2940 2660 2950 2960] [3105 3135 3235 3030 3205 3245 3180 3320]
[2895 2810 3125 3010 2975 2845 2910 2760] [2940 3175 3065 3195 3175 3300 3255 3400]
[2840 3090 2695 3125 3095 2800 2620 2485] [2740 3265 3345 3395 3220 3190 3305 3525]
[2930 2935 2820 3020 2695 2580 2405 2080] [2670 3135 3430 3385 3525 3330 3240 3675]
COM7 0 41
4
[3095 2860 2970 2890 2895 2985 2985 3060] [2665 3220 3340 3100 3195 3160 3170 3135]
[3145 2935 2785 3010 2955 3100 3095 3030] [2975 3100 3285 3090 3050 3350 3325 3170]
[3020 2840 2990 2900 3005 2900 2860 2840] [2925 3270 3235 3145 3240 3235 3260 3070]
[3125 2905 3095 2850 2930 2910 2985 2940] [3175 3395 3100 3195 3155 3120 3055 3135]
[3035 3050 3000 3115 2900 2915 2805 2745] [3105 3135 3235 3030 3205 3245 3180 3320]
[2855 3000 2775 2850 2880 2950 2910 2420] [2940 3175 3065 3195 3175 3300 3255 3400]
[3020 3090 2790 2895 2770 2690 2570 2435] [2740 3265 3345 3395 3220 3190 3305 3525]
[2725 3000 3115 2840 2510 2525 2095 1785] [2670 3135 3430 3385 3525 3330 3240 3675]
COM3 1 42
4
[3095 2860 2970 2890 2895 2985 2985 3060] [3215 3140 3265 3235 3345 3075 3170 3220]
[3145 2935 2785 3010 2955 3100 3095 3030] [3330 3165 3310 3110 3175 3365 3195 3230]
[3020 2840 2990 2900 3005 2900 2860 2840] [3200 3200 3185 3090 3130 3170 3140 3125]
[3125 2905 3095 2850 2930 2910 2985 2940] [3115 3325 3330 3125 3130 3090 3100 3095]
[3035 3050 3000 3115 2900 2915 2805 2745] [3240 3350 3270 3210 3265 3255 3260 3235]
[2855 3000 2775 2850 2880 2950 2910 2420] [3095 3260 3175 3290 3025 3225 3310 3370]
[3020 3090 2790 2895 2770 2690 2570 2435] [3095 3530 3205 3345 3145 3075 3325 3415]
[2725 3000 3115 2840 2510 2525 2095 1785] [2830 3465 3375 3440 3310 3480 3500 3420]
COM7 0 43
4
[3030 2830 2805 2885 2905 2820 2930 2615] [3215 3140 3265 3235 3345 3075 3170 3220]
[2975 3105 3005 2985 2965 2900 2770 2550] [3330 3165 3310 3110 3175 3365 3195 3230]
[2790 3020 2870 2985 2860 2975 2620 2305] [3200 3200 3185 3090 3130 3170 3140 3125]
[2930 2850 3060 2840 2625 2550 2120 1835] [3115 3325 3330 3125 3130 3090 3100 3095]
[2885 3025 3030 2525 2445 2315 2005 1600] [3240 3350 3270 3210 3265 3255 3260 3235]
[3045 3075 2880 2555 2030 1920 1730 1635] [3095 3260 3175 3290 3025 3225 3310 3370]
[3070 2740 2430 2255 1635 1650 1655 1655] [3095 3530 3205 3345 3145 3075 3325 3415]
[3140 2765 2150 1640 1840 1665 1945 1715] [2830 3465 3375 3440 3310 3480 3500 3420]
COM3 1 44
4
[3030 2830 2805 2885 2905 2820 2930 2615] [3100 3220 3245 3160 3145 3180 3080 3215]
[2975 3105 3005 2985 2965 2900 2770 2550] [3075 3215 3340 3205 3090 3255 3050 3265]
[2790 3020 2870 2985 2860 2975 2620 2305] [3135 3395 3235 3145 3355 3165 3295 3300]
[2930 2850 3060 2840 2625 2550 2120 1835] [3280 3105 3265 3225 3180 3230 3330 3230]
[2885 3025 3030 2525 2445 2315 2005 1600] [3305 3145 3175 3080 3215 2990 3180 3300]
[3045 3075 2880 2555 2030 1920 1730 1635] [3195 3090 3255 3260 3080 3370 3200 3185]
[3070 2740 2430 2255 1635 1650 1655 1655] [3095 3200 3385 3185 3135 3180 3335 3305]
[3140 2765 2150 1640 1840 1665 1945 1715] [2535 3255 3160 3515 3380 3295 3305 3345]
COM7 0 45
4
[2885 2845 2890 2995 2545 2335 2170 1550] [3100 3220 3245 3160 3145 3180 3080 3215]
[2865 2805 2865 2550 2185 2030 1655 1445] [3075 3215 3340 3205 3090 3255 3050 3265]
[3020 2640 2425 2220 1800 1665 1740 1490] [3135 3395 3235 3145 3355 3165 3295 3300]
[2730 2645 2300 1940 1675 1720 1620 1485] [3280 3105 3265 3225 3180 3230 3330 3230]
[2950 2455 2070 1700 1570 1675 1865 1625] [3305 3145 3175 3080 3215 2990 3180 3300]
[2550 2195 2075 1620 1475 1855 1755 1575] [3195 3090 3255 3260 3080 3370 3200 3185]
[2660 2520 2030 1595 1595 1515 1475 1410] [3095 3200 3385 3185 3135 3180 3335 3305]
[2745 2480 2010 1620 1610 1610 1500 1335] [2535 3255 3160 3515 3380 3295 3305 3345]
COM3 1 46
4
[2885 2845 2890 2995 2545 2335 2170 1550] [3075 3055 3170 3200 3160 3195 3140 3140]
[2865 2805 2865 2550 2185 2030 1655 1445] [2995 3075 3360 3145 3090 3335 3060 3275]
[3020 2640 2425 2220 1800 1665 1740 1490] [3160 3100 3140 3155 3165 3025 3205 3170]
[2730 2645 2300 1940 1675 1720 1620 1485] [3290 3040 3275 3105 3210 3210 3205 3105]
[2950 2455 2070 1700 1570 1675 1865 1625] [3320 3355 3380 3145 3310 3140 3295 3330]
[2550 2195 2075 1620 1475 1855 1755 1575] [2935 3355 3285 3205 3115 3210 3290 3215]
[2660 2520 2030 1595 1595 1515 1475 1410] [3095 3210 3295 3235 3305 3345 3150 3475]
[2745 2480 2010 1620 1610 1610 1500 1335] [3150 3400 3400 3385 3290 3280 3320 3560]
COM7 0 47
4
[2950 2900 2870 2795 2450 2235 1920 1345] [3075 3055 3170 3200 3160 3195 3140 3140]
[2875 2985 2675 2580 2250 2005 1450 1340] [2995 3075 3360 3145 3090 3335 3060 3275]
[2715 2575 2655 2465 1985 1565 1405 1295] [3160 3100 3140 3155 3165 3025 3205 3170]
[3040 3000 2620 2430 1885 1620 1265 1290] [3290 3040 3275 3105 3210 3210 3205 3105]
[3075 2940 2625 2470 2055 1510 1510 1255] [3320 3355 3380 3145 3310 3140 3295 3330]
[2935 2835 2835 2495 2235 1680 1500 1210] [2935 3355 3285 3205 3115 3210 3290 3215]
[2845 2865 2795 2790 2270 1695 1395 1160] [3095 3210 3295 3235 3305 3345 3150 3475]
[3160 3015 2900 2710 2450 2075 1620 1395] [3150 3400 3400 3385 3290 3280 3320 3560]
COM3 1 48
4
[2950 2900 2870 2795 2450 2235 1920 1345] [3145 3295 3390 3215 3025 3165 3295 3280]
[2875 2985 2675 2580 2250 2005 1450 1340] [3070 3300 3255 3230 3235 3005 3100 3035]
[2715 2575 2655 2465 1985 1565 1405 1295] [3215 3305 3325 3185 3150 3110 3335 3130]
[3040 3000 2620 2430 1885 1620 1265 1290] [3220 3175 3240 3210 3220 3090 3150 3155]
[3075 2940 2625 2470 2055 1510 1510 1255] [3190 3250 3030 3065 3215 3175 3340 3155]
[2935 2835 2835 2495 2235 1680 1500 1210] [3070 3230 3110 3320 3080 3310 3390 3465]
[2845 2865 2795 2790 2270 1695 1395 1160] [3225 3285 3290 3380 3325 3155 3525 3320]
[3160 3015 2900 2710 2450 2075 1620 1395] [3250 3405 3345 3240 3310 3265 3285 3595]
COM7 0 49
4
[2855 2745 2815 2550 2270 1855 1620 1340] [3145 3295 3390 3215 3025 3165 3295 3280]
[2960 3055 2640 2240 1945 1640 1230 1395] [3070 3300 3255 3230 3235 3005 3100 3035]
[2875 2560 2225 1765 1440 1360 1300 1350] [3215 3305 3325 3185 3150 3110 3335 3130]
[2800 2400 1865 1565 1365 1325 1325 1420] [3220 3175 3240 3210 3220 3090 3150 3155]
[2670 2125 1680 1325 1340 1230 1555 1510] [3190 3250 3030 3065 3215 3175 3340 3155]
[2455 2005 1625 1310 1310 1375 1580 1265] [3070 3230 3110 3320 3080 3310 3390 3465]
[2480 2250 1935 1345 1300 1300 1280 1340] [3225 3285 3290 3380 3325 3155 3525 3320]
[2850 2425 1970 1535 1405 1205 1335 1360] [3250 3405 3345 3240 3310 3265 3285 3595]
COM3 1 50
4
[2855 2745 2815 2550 2270 1855 1620 1340] [3290 3145 3085 3045 3150 3240 3175 3160]
[2960 3055 2640 2240 1945 1640 1230 1395] [3155 3310 3285 3135 3105 3155 3200 3140]
[2875 2560 2225 1765 1440 1360 1300 1350] [3280 3165 3175 3040 3195 3255 3220 3180]
[2800 2400 1865 1565 1365 1325 1325 1420] [3210 3040 3215 3185 3205 3280 3195 3190]
[2670 2125 1680 1325 1340 1230 1555 1510] [3210 3165 3090 3100 3185 3095 3110 3330]
[2455 2005 1625 1310 1310 1375 1580 1265] [3160 3240 3395 3220 3320 3320 3345 3380]
[2480 2250 1935 1345 1300 1300 1280 1340] [3090 3330 3175 3300 3175 3145 3300 3215]
[2850 2425 1970 1535 1405 1205 1335 1360] [3240 3180 3385 3445 3155 3340 3285 3320]
COM7 0 51
4
[2845 2805 2920 2900 2795 2795 2645 2305] [3290 3145 3085 3045 3150 3240 3175 3160]
[2955 2980 2835 2940 2825 2700 2530 2025] [3155 3310 3285 3135 3105 3155 3200 3140]
[2820 2845 2890 2765 2595 2590 2305 1905] [3280 3165 3175 3040 3195 3255 3220 3180]
[2860 2960 2525 2420 2235 2080 1930 1705] [3210 3040 3215 3185 3205 3280 3195 3190]
[3015 2590 2590 2025 1980 1640 1605 1590] [3210 3165 3090 3100 3185 3095 3110 3330]
[2785 2500 2205 1675 1430 1385 1460 1500] [3160 3240 3395 3220 3320 3320 3345 3380]
[2440 2045 1775 1530 1415 1385 1310 1335] [3090 3330 3175 3300 3175 3145 3300 3215]
[2120 1560 1570 1265 1360 1390 1650 1455] [3240 3180 3385 3445 3155 3340 3285 3320]
COM3 1 52
4
[2845 2805 2920 2900 2795 2795 2645 2305] [3135 3065 3285 3230 3325 3090 3260 3205]
[2955 2980 2835 2940 2825 2700 2530 2025] [3070 3285 3160 3205 3195 3430 3145 3240]
[2820 2845 2890 2765 2595 2590 2305 1905] [2945 3210 3155 3235 3205 2940 3310 3085]
[2860 2960 2525 2420 2235 2080 1930 1705] [3520 3245 3185 3200 3375 3290 3360 3175]
[3015 2590 2590 2025 1980 1640 1605 1590] [3305 3345 3275 3150 3130 2915 3260 3280]
[2785 2500 2205 1675 1430 1385 1460 1500] [3405 3175 3140 3385 3255 3250 3375 3325]
[2440 2045 1775 1530 1415 1385 1310 1335] [3090 3330 3395 3290 3490 3125 3260 3500]
[2120 1560 1570 1265 1360 1390 1650 1455] [3115 3160 3140 3380 3265 3245 3415 3490]
COM7 0 53
4
[2785 2765 2955 2970 3000 2835 2895 2375] [3135 3065 3285 3230 3325 3090 3260 3205]
[3035 2975 2920 2855 2920 2920 2795 2200] [3070 3285 3160 3205 3195 3430 3145 3240]
[2920 2980 2985 3040 2805 2840 2545 2110] [2945 3210 3155 3235 3205 2940 3310 3085]
[2980 3105 3080 2905 2930 2920 2340 1780] [3520 3245 3185 3200 3375 3290 3360 3175]
[3000 2810 2935 2935 2900 2850 2310 1845] [3305 3345 3275 3150 3130 2915 3260 3280]
[3125 3035 3105 3070 2880 2630 2145 1520] [3405 3175 3140 3385 3255 3250 3375 3325]
[3015 3015 2850 2700 2650 2525 1860 1655] [3090 3330 3395 3290 3490 3125 3260 3500]
[3075 2735 2690 2360 2225 2055 1895 1685] [3115 3160 3140 3380 3265 3245 3415 3490]
COM3 1 54
4
[2785 2765 2955 2970 3000 2835 2895 2375] [3240 3010 3220 3025 3205 3240 2990 3290]
[3035 2975 2920 2855 2920 2920 2795 2200] [3210 3130 3180 3135 3220 3275 3170 3030]
[2920 2980 2985 3040 2805 2840 2545 2110] [3175 3175 3200 3090 3210 3135 3205 3170]
[2980 3105 3080 2905 2930 2920 2340 1780] [3350 3525 3245 3250 3175 3230 3115 3310]
[3000 2810 2935 2935 2900 2850 2310 1845] [3100 3200 3430 3100 3270 3275 3390 3270]
[3125 3035 3105 3070 2880 2630 2145 1520] [3340 3170 3205 3200 3310 3340 3340 3475]
[3015 3015 2850 2700 2650 2525 1860 1655] [3310 3390 3390 3245 3525 3225 3415 3455]
[3075 2735 2690 2360 2225 2055 1895 1685] [3315 3365 3305 3445 3595 3205 3305 3485]
COM7 0 55
4
[3075 2700 3150 2950 2840 2885 2630 2200] [3240 3010 3220 3025 3205 3240 2990 3290]
[2970 2730 2840 3070 2875 2875 2520 1805] [3210 3130 3180 3135 3220 3275 3170 3030]
[2845 2860 2850 2950 2885 2640 2090 1730] [3175 3175 3200 3090 3210 3135 3205 3170]
[2910 2845 3120 2775 2640 2375 2045 1640] [3350 3525 3245 3250 3175 3230 3115 3310]
[2790 3000 2830 2950 2805 2325 1905 1705] [3100 3200 3430 3100 3270 3275 3390 3270]
[2940 3070 2805 2845 2645 2285 2045 1305] [3340 3170 3205 3200 3310 3340 3340 3475]
[2930 2870 2655 2605 2395 1985 1635 1480] [3310 3390 3390 3245 3525 3225 3415 3455]
[3025 2700 2195 1950 1580 1680 1745 1475] [3315 3365 3305 3445 3595 3205 3305 3485]
COM3 1 56
4
[3075 2700 3150 2950 2840 2885 2630 2200] [3185 3330 3165 3225 3270 3085 3245 3240]
[2970 2730 2840 3070 2875 2875 2520 1805] [3225 3200 3300 3180 3170 3250 3085 3125]
[2845 2860 2850 2950 2885 2640 2090 1730] [3305 3230 3200 3260 3265 3160 3155 3235]
[2910 2845 3120 2775 2640 2375 2045 1640] [3470 3245 3275 3275 3295 3315 3355 3220]
[2790 3000 2830 2950 2805 2325 1905 1705] [3380 3170 3375 3175 3225 3090 3350 3275]
[2940 3070 2805 2845 2645 2285 2045 1305] [3140 3240 3350 3335 3240 3395 3405 3415]
[2930 2870 2655 2605 2395 1985 1635 1480] [2890 3365 3405 3225 3190 3480 3310 3370]
[3025 2700 2195 1950 1580 1680 1745 1475] [3310 3410 3290 3300 3230 3630 3395 3410]
COM7 0 57
4
[2905 2875 2955 2650 2705 2480 2355 1885] [3185 3330 3165 3225 3270 3085 3245 3240]
[2890 2955 2755 2690 2425 2365 1830 1670] [3225 3200 3300 3180 3170 3250 3085 3125]
[2925 2590 2650 2210 2255 1980 1660 1535] [3305 3230 3200 3260 3265 3160 3155 3235]
[2860 2545 2290 1965 1860 1645 1450 1470] [3470 3245 3275 3275 3295 3315 3355 3220]
[2680 2025 1855 1585 1515 1365 1385 1370] [3380 3170 3375 3175 3225 3090 3350 3275]
[2330 1825 1575 1485 1515 1540 1485 1300] [3140 3240 3350 3335 3240 3395 3405 3415]
[1790 1490 1485 1485 1575 1760 1565 1510] [2890 3365 3405 3225 3190 3480 3310 3370]
[1585 1375 1590 1705 1820 2035 1815 1385] [3310 3410 3290 3300 3230 3630 3395 3410]
COM3 1 58
4
[2905 2875 2955 2650 2705 2480 2355 1885] [3075 3120 3345 3070 3280 3105 3260 3200]
[2890 2955 2755 2690 2425 2365 1830 1670] [3265 3125 3285 3270 3260 3450 3230 3210]
[2925 2590 2650 2210 2255 1980 1660 1535] [3150 3300 3185 3170 3200 3235 3220 2980]
[2860 2545 2290 1965 1860 1645 1450 1470] [3250 3230 3305 3410 3310 3280 3285 3295]
[2680 2025 1855 1585 1515 1365 1385 1370] [3300 3160 3230 3090 3280 3195 3245 3005]
[2330 1825 1575 1485 1515 1540 1485 1300] [3270 3230 3350 3330 3230 3345 3270 3320]
[1790 1490 1485 1485 1575 1760 1565 1510] [3050 3235 3310 3335 3440 3310 3325 3395]
[1585 1375 1590 1705 1820 2035 1815 1385] [3505 3420 3230 3335 3500 3290 3305 3500]
COM7 0 59
4
[2630 1845 1620 1415 1475 1605 1620 1590] [3075 3120 3345 3070 3280 3105 3260 3200]
[2500 1860 1410 1420 1565 1575 1695 1615] [3265 3125 3285 3270 3260 3450 3230 3210]
[2095 1630 1570 1390 1700 1805 1655 1635] [3150 3300 3185 3170 3200 3235 3220 2980]
[1765 1455 1625 1820 2030 1835 1650 1545] [3250 3230 3305 3410 3310 3280 3285 3295]
[1625 1320 1735 1895 2285 1785 1645 1540] [3300 3160 3230 3090 3280 3195 3245 3005]
[1430 1415 1675 1830 1955 1755 1545 1345] [3270 3230 3350 3330 3230 3345 3270 3320]
[1525 1450 1455 1535 1550 1370 1445 1375] [3050 3235 3310 3335 3440 3310 3325 3395]
[1905 1420 1320 1280 1340 1385 1410 1590] [3505 3420 3230 3335 3500 3290 3305 3500]
COM3 1 60
4
[2630 1845 1620 1415 1475 1605 1620 1590] [3225 3220 3365 3075 3415 3265 3225 3290]
[2500 1860 1410 1420 1565 1575 1695 1615] [3275 3240 3310 3135 3155 3345 3075 3155]
[2095 1630 1570 1390 1700 1805 1655 1635] [3190 3285 3470 3105 3355 3060 3265 3155]
[1765 1455 1625 1820 2030 1835 1650 1545] [3190 3225 3175 3125 3110 3180 3300 3190]
[1625 1320 1735 1895 2285 1785 1645 1540] [3515 3575 3340 3135 3335 3010 3240 3275]
[1430 1415 1675 1830 1955 1755 1545 1345] [3135 2955 3175 3365 3235 3405 3210 2940]
[1525 1450 1455 1535 1550 1370 1445 1375] [3240 3405 3310 3245 3125 3315 3320 3350]
[1905 1420 1320 1280 1340 1385 1410 1590] [3330 3295 3395 3310 3245 3240 3445 3270]
COM7 0 61
4
[2805 2415 1920 1625 1400 1445 1900 2145] [3225 3220 3365 3075 3415 3265 3225 3290]
[2750 2280 1535 1530 1405 1595 2165 2515] [3275 3240 3310 3135 3155 3345 3075 3155]
[2450 2030 1585 1355 1385 1665 2390 2535] [3190 3285 3470 3105 3355 3060 3265 3155]
[2460 1985 1625 1360 1465 1705 2310 2975] [3190 3225 3175 3125 3110 3180 3300 3190]
[2580 2145 1645 1315 1455 1600 2280 2590] [3515 3575 3340 3135 3335 3010 3240 3275]
[2720 1955 1830 1420 1275 1425 1880 2265] [3135 2955 3175 3365 3235 3405 3210 2940]
[2680 2195 1965 1535 1250 1235 1340 1980] [3240 3405 3310 3245 3125 3315 3320 3350]
[2825 2440 2080 1375 1275 1260 1475 1630] [3330 3295 3395 3310 3245 3240 3445 3270]
COM3 1 62
4
[2805 2415 1920 1625 1400 1445 1900 2145] [3135 3265 3340 3270 3535 3095 3295 3335]
[2750 2280 1535 1530 1405 1595 2165 2515] [3290 3215 3090 3065 3105 3255 3275 3145]
[2450 2030 1585 1355 1385 1665 2390 2535] [2980 3040 3335 3145 3385 3190 3335 3335]
[2460 1985 1625 1360 1465 1705 2310 2975] [3210 3320 3440 3165 3315 3390 3370 3245]
[2580 2145 1645 1315 1455 1600 2280 2590] [3160 3345 3275 3110 3300 3310 3455 3330]
[2720 1955 1830 1420 1275 1425 1880 2265] [3220 3190 3350 3310 3255 3405 3360 3100]
[2680 2195 1965 1535 1250 1235 1340 1980] [3295 3480 3350 3425 3150 3310 3380 3445]
[2825 2440 2080 1375 1275 1260 1475 1630] [3390 3215 3280 3435 3380 3435 3405 3535]
COM7 0 63
4
[2380 2070 1655 1590 1605 1670 2215 2640] [3135 3265 3340 3270 3535 3095 3295 3335]
[2420 1920 1475 1485 1520 1765 2420 2695] [3290 3215 3090 3065 3105 3255 3275 3145]
[1855 1635 1325 1305 1435 1900 2450 2775] [2980 3040 3335 3145 3385 3190 3335 3335]
[1700 1415 1475 1305 1585 1780 2385 2655] [3210 3320 3440 3165 3315 3390 3370 3245]
[1770 1485 1430 1355 1410 1640 2220 2740] [3160 3345 3275 3110 3300 3310 3455 3330]
[1440 1595 1685 1390 1290 1525 1960 2435] [3220 3190 3350 3310 3255 3405 3360 3100]
[1360 1450 1585 1355 1255 1335 1595 2005] [3295 3480 3350 3425 3150 3310 3380 3445]
[1860 1460 1555 1280 1225 1310 1520 1785] [3390 3215 3280 3435 3380 3435 3405 3535]
COM3 1 64
4
[2380 2070 1655 1590 1605 1670 2215 2640] [3180 3240 3255 3250 3325 3035 3155 3255]
[2420 1920 1475 1485 1520 1765 2420 2695] [3170 3110 3145 3070 3075 3210 3165 3215]
[1855 1635 1325 1305 1435 1900 2450 2775] [2980 3410 3145 3215 3140 3155 3315 3050]
[1700 1415 1475 1305 1585 1780 2385 2655] [3175 3245 3155 3135 3295 3200 3260 3270]
[1770 1485 1430 1355 1410 1640 2220 2740] [3195 3275 3435 3080 3155 3060 3270 3330]
[1440 1595 1685 1390 1290 1525 1960 2435] [3305 3325 3315 3275 3230 3355 3215 3320]
[1360 1450 1585 1355 1255 1335 1595 2005] [3400 3310 3395 3260 3475 3200 3325 3570]
[1860 1460 1555 1280 1225 1310 1520 1785] [3500 3410 3275 3005 3210 3440 3320 3325]
COM7 0 65
4
[2810 2460 2235 2040 1545 1515 1605 1925] [3180 3240 3255 3250 3325 3035 3155 3255]
[2860 2885 2290 1785 1500 1485 1665 2335] [3170 3110 3145 3070 3075 3210 3165 3215]
[2795 2470 2140 1680 1420 1505 1865 2425] [2980 3410 3145 3215 3140 3155 3315 3050]
[2635 2265 1925 1620 1400 1455 1780 2420] [3175 3245 3155 3135 3295 3200 3260 3270]
[2215 1920 1775 1485 1445 1365 1870 2285] [3195 3275 3435 3080 3155 3060 3270 3330]
[1900 1670 1835 1650 1370 1490 1635 2220] [3305 3325 3315 3275 3230 3355 3215 3320]
[1585 1595 1595 1570 1395 1385 1485 1905] [3400 3310 3395 3260 3475 3200 3325 3570]
[1570 1555 1845 1565 1430 1385 1470 1555] [3500 3410 3275 3005 3210 3440 3320 3325]