COM3 1 6
4
[2815 2810 3070 2900 2955 2890 2930 2765] [2975 3200 3125 2840 2740 2275 1790 1870]
[2945 3025 2855 3005 3050 3040 3060 2920] [2955 2745 2890 2975 2630 2140 1635 1660]
[2820 2930 3000 2920 2960 2990 3010 3020] [3040 2950 3125 2785 2575 1930 1670 1740]
[3055 2930 3010 3035 3005 3090 2890 2770] [2910 2820 3020 2680 2340 1850 1680 1770]
[3110 3015 2965 3030 3190 3070 3175 3020] [2795 2590 2410 2360 2055 1660 1675 1950]
[3035 2980 3125 3185 3015 2940 3270 3050] [2485 2410 2095 2125 1940 1685 1655 1610]
[2880 3095 3085 3065 3095 3240 3020 3105] [2235 2045 2025 1985 1865 1805 1670 2000]
[2960 2950 2875 2840 2975 2925 2935 3070] [2120 1985 1825 1845 1695 1520 1615 1685]
COM7 0 7
4
[3080 2865 2915 2945 2980 2890 3105 2915] [2975 3200 3125 2840 2740 2275 1790 1870]
[3115 3135 3065 2965 3030 3075 3020 2910] [2955 2745 2890 2975 2630 2140 1635 1660]
[3035 3065 2985 2985 2990 3055 3030 3100] [3040 2950 3125 2785 2575 1930 1670 1740]
[2970 3130 3015 3020 2990 3195 3110 2800] [2910 2820 3020 2680 2340 1850 1680 1770]
[3245 3175 3200 3150 3195 2975 3145 3090] [2795 2590 2410 2360 2055 1660 1675 1950]
[3075 3210 3020 3035 2805 3040 3170 3055] [2485 2410 2095 2125 1940 1685 1655 1610]
[3045 2945 2965 3235 3060 3035 2900 2970] [2235 2045 2025 1985 1865 1805 1670 2000]
[2945 3200 3060 3200 3255 3200 3275 2955] [2120 1985 1825 1845 1695 1520 1615 1685]
COM3 1 8
4
[3080 2865 2915 2945 2980 2890 3105 2915] [3075 3400 3195 2785 2605 2095 1865 2320]
[3115 3135 3065 2965 3030 3075 3020 2910] [3255 3300 3185 2705 2235 1825 1790 2075]
[3035 3065 2985 2985 2990 3055 3030 3100] [3165 3035 2860 2480 2290 1665 1750 2085]
[2970 3130 3015 3020 2990 3195 3110 2800] [3055 2570 2560 2425 1985 1625 1835 2070]
[3245 3175 3200 3150 3195 2975 3145 3090] [2555 2470 2190 1915 1805 1625 1805 2235]
[3075 3210 3020 3035 2805 3040 3170 3055] [2185 2190 2240 2215 1870 1645 1805 2000]
[3045 2945 2965 3235 3060 3035 2900 2970] [1980 2125 2250 2180 1845 1675 1805 2035]
[2945 3200 3060 3200 3255 3200 3275 2955] [1995 1880 2235 2275 1740 1640 1665 1945]
COM7 0 9
4
[2860 2965 2895 2825 2965 2835 2900 2775] [3075 3400 3195 2785 2605 2095 1865 2320]
[3165 3100 2720 3000 3030 2980 2945 2920] [3255 3300 3185 2705 2235 1825 1790 2075]
[2750 3010 3110 2900 2995 3055 3000 3000] [3165 3035 2860 2480 2290 1665 1750 2085]
[2825 3020 3120 3035 2970 3080 3130 2895] [3055 2570 2560 2425 1985 1625 1835 2070]
[3120 2855 3170 3050 3105 3060 3175 3135] [2555 2470 2190 1915 1805 1625 1805 2235]
[3095 2930 3190 3215 3015 3145 2920 3075] [2185 2190 2240 2215 1870 1645 1805 2000]
[3180 2825 3240 3300 3250 3070 2980 3050] [1980 2125 2250 2180 1845 1675 1805 2035]
[3110 2940 3050 3130 3180 3130 3205 3015] [1995 1880 2235 2275 1740 1640 1665 1945]
COM3 1 10
4
[2860 2965 2895 2825 2965 2835 2900 2775] [2460 2050 2150 1710 1845 1670 2055 2580]
[3165 3100 2720 3000 3030 2980 2945 2920] [2080 1860 1855 1745 1685 1660 1950 2525]
[2750 3010 3110 2900 2995 3055 3000 3000] [2040 1960 2135 1805 1790 1530 1800 2455]
[2825 3020 3120 3035 2970 3080 3130 2895] [1840 2085 2310 1960 1740 1540 1740 2300]
[3120 2855 3170 3050 3105 3060 3175 3135] [1745 1840 2075 1880 1650 1420 1800 2270]
[3095 2930 3190 3215 3015 3145 2920 3075] [1695 1915 1955 1970 1530 1540 1705 2000]
[3180 2825 3240 3300 3250 3070 2980 3050] [2020 1940 1885 1565 1435 1575 1675 2145]
[3110 2940 3050 3130 3180 3130 3205 3015] [2320 2250 1950 1870 1680 1455 1735 1805]
COM7 0 11
4
[3200 3110 3025 3060 2985 2995 3185 3125] [2460 2050 2150 1710 1845 1670 2055 2580]
[3240 3095 3125 3105 2930 3040 3095 3160] [2080 1860 1855 1745 1685 1660 1950 2525]
[3025 3065 3125 3040 2840 3035 3155 3125] [2040 1960 2135 1805 1790 1530 1800 2455]
[3020 3080 3175 3035 3065 3030 3205 3310] [1840 2085 2310 1960 1740 1540 1740 2300]
[3250 3200 3130 2985 3010 3165 3275 3190] [1745 1840 2075 1880 1650 1420 1800 2270]
[3375 3210 3405 3115 3090 3275 3105 3135] [1695 1915 1955 1970 1530 1540 1705 2000]
[3020 3310 3000 3305 3100 3400 3030 3045] [2020 1940 1885 1565 1435 1575 1675 2145]
[3260 3215 3110 2895 3235 3335 3115 3080] [2320 2250 1950 1870 1680 1455 1735 1805]
COM3 1 12
4
[3200 3110 3025 3060 2985 2995 3185 3125] [2370 2240 2215 2190 2180 2000 2345 2920]
[3240 3095 3125 3105 2930 3040 3095 3160] [1950 2085 2090 1875 1945 1910 2310 2910]
[3025 3065 3125 3040 2840 3035 3155 3125] [2195 2085 2025 1880 1855 1955 2270 3155]
[3020 3080 3175 3035 3065 3030 3205 3310] [2345 2085 1875 1645 1580 1720 2175 2625]
[3250 3200 3130 2985 3010 3165 3275 3190] [2535 2275 1890 1585 1600 1790 2230 2925]
[3375 3210 3405 3115 3090 3275 3105 3135] [2725 2475 2055 1895 1595 1720 2115 2585]
[3020 3310 3000 3305 3100 3400 3030 3045] [3125 2625 2375 1690 1670 1665 1950 2455]
[3260 3215 3110 2895 3235 3335 3115 3080] [3200 2770 2430 2045 1590 1550 1835 2295]
COM7 0 13
4
[2885 2795 2765 2995 2930 2890 3125 3020] [2370 2240 2215 2190 2180 2000 2345 2920]
[2970 3150 3025 2880 3000 2910 2980 3100] [1950 2085 2090 1875 1945 1910 2310 2910]
[2950 3015 3105 2985 2845 2890 3025 3055] [2195 2085 2025 1880 1855 1955 2270 3155]
[3210 3005 3070 3045 2970 3085 2955 3025] [2345 2085 1875 1645 1580 1720 2175 2625]
[3040 2970 3195 3065 3105 2905 2865 3115] [2535 2275 1890 1585 1600 1790 2230 2925]
[2870 2945 3100 2775 3075 3000 3025 2925] [2725 2475 2055 1895 1595 1720 2115 2585]
[2705 3015 3070 3025 3090 3135 3090 2990] [3125 2625 2375 1690 1670 1665 1950 2455]
[3125 3395 3110 3105 2950 3115 3145 3075] [3200 2770 2430 2045 1590 1550 1835 2295]
COM3 1 14
4
[2885 2795 2765 2995 2930 2890 3125 3020] [2320 2030 1855 1740 2410 2830 3115 3330]
[2970 3150 3025 2880 3000 2910 2980 3100] [2050 1815 1805 1990 2270 2575 3165 3340]
[2950 3015 3105 2985 2845 2890 3025 3055] [2195 1740 1785 1835 2170 2570 2965 3110]
[3210 3005 3070 3045 2970 3085 2955 3025] [2300 1970 1670 1825 2130 2330 2965 3125]
[3040 2970 3195 3065 3105 2905 2865 3115] [2515 1940 1725 1695 1920 2385 2735 3140]
[2870 2945 3100 2775 3075 3000 3025 2925] [2500 2385 1785 1795 1840 2245 2825 3060]
[2705 3015 3070 3025 3090 3135 3090 2990] [2830 2250 2100 1625 1875 2000 2525 3250]
[3125 3395 3110 3105 2950 3115 3145 3075] [2990 2465 2005 1880 1670 1995 2345 2690]
COM7 0 15
4
[2875 2905 3065 2950 2895 2905 2970 2830] [2320 2030 1855 1740 2410 2830 3115 3330]
[3035 2895 2750 2945 2840 2835 2920 2885] [2050 1815 1805 1990 2270 2575 3165 3340]
[2905 2805 2960 2885 2885 2965 3010 3020] [2195 1740 1785 1835 2170 2570 2965 3110]
[3020 3080 3000 3055 2720 2755 2800 2985] [2300 1970 1670 1825 2130 2330 2965 3125]
[2850 2905 3090 2880 3110 2860 2895 3155] [2515 1940 1725 1695 1920 2385 2735 3140]
[3005 2825 3070 3130 3010 3300 3000 3000] [2500 2385 1785 1795 1840 2245 2825 3060]
[2920 3005 2800 2945 2780 2845 3035 2910] [2830 2250 2100 1625 1875 2000 2525 3250]
[3050 2940 3020 3050 2935 3085 2910 3050] [2990 2465 2005 1880 1670 1995 2345 2690]
COM3 1 16
4
[2875 2905 3065 2950 2895 2905 2970 2830] [1775 1755 1575 1730 2005 2320 2655 3085]
[3035 2895 2750 2945 2840 2835 2920 2885] [1695 1560 1575 1800 1895 2465 2840 2930]
[2905 2805 2960 2885 2885 2965 3010 3020] [1680 1430 1630 1635 2240 2570 3095 3040]
[3020 3080 3000 3055 2720 2755 2800 2985] [1520 1690 1695 1800 2135 2585 2935 3125]
[2850 2905 3090 2880 3110 2860 2895 3155] [1615 1760 1700 1660 1985 2405 2900 3150]
[3005 2825 3070 3130 3010 3300 3000 3000] [1495 1570 1670 1770 1890 2240 2800 3120]
[2920 3005 2800 2945 2780 2845 3035 2910] [1450 1640 1770 1640 1775 2170 2480 3100]
[3050 2940 3020 3050 2935 3085 2910 3050] [1855 1695 1615 1595 1585 1685 2235 2915]
COM7 0 17
4
[3065 3090 3095 2980 2925 3005 3005 3080] [1775 1755 1575 1730 2005 2320 2655 3085]
[3040 2980 2875 3095 2950 3020 2990 3020] [1695 1560 1575 1800 1895 2465 2840 2930]
[2875 2915 3030 2845 3075 3095 2985 2835] [1680 1430 1630 1635 2240 2570 3095 3040]
[3080 3045 3025 3085 3025 3105 3130 2785] [1520 1690 1695 1800 2135 2585 2935 3125]
[3065 3305 2925 2960 3115 3075 3245 3020] [1615 1760 1700 1660 1985 2405 2900 3150]
[3085 3210 3110 3075 2945 3100 3280 3140] [1495 1570 1670 1770 1890 2240 2800 3120]
[3130 3035 3285 3070 2990 2795 3075 3005] [1450 1640 1770 1640 1775 2170 2480 3100]
[3115 2870 3050 2970 2955 3030 3160 3075] [1855 1695 1615 1595 1585 1685 2235 2915]
COM3 1 18
4
[3065 3090 3095 2980 2925 3005 3005 3080] [3000 3095 2655 2150 1920 2195 2760 3055]
[3040 2980 2875 3095 2950 3020 2990 3020] [2915 2715 2500 2325 2060 2135 2690 3115]
[2875 2915 3030 2845 3075 3095 2985 2835] [2695 2575 2235 1935 2155 2330 2705 2995]
[3080 3045 3025 3085 3025 3105 3130 2785] [2375 2290 1985 1760 1915 2300 2655 2960]
[3065 3305 2925 2960 3115 3075 3245 3020] [1940 1765 1795 1605 1940 2050 2690 3040]
[3085 3210 3110 3075 2945 3100 3280 3140] [1600 1590 1625 1800 1835 2205 2795 3340]
[3130 3035 3285 3070 2990 2795 3075 3005] [1405 1555 1680 1615 1635 1965 2805 3265]
[3115 2870 3050 2970 2955 3030 3160 3075] [1635 1720 1600 1775 1645 2040 2325 3265]
COM7 0 19
4
[2790 2790 2935 2885 2925 2890 2875 2755] [3000 3095 2655 2150 1920 2195 2760 3055]
[2940 3015 2785 2985 2930 2865 2895 2965] [2915 2715 2500 2325 2060 2135 2690 3115]
[2985 2980 2915 2820 3005 2905 2965 2880] [2695 2575 2235 1935 2155 2330 2705 2995]
[3025 2980 2825 2900 2975 3100 2970 2920] [2375 2290 1985 1760 1915 2300 2655 2960]
[3005 3040 3040 3035 3180 3040 2875 3175] [1940 1765 1795 1605 1940 2050 2690 3040]
[3045 2945 3270 2935 2935 3085 2940 2870] [1600 1590 1625 1800 1835 2205 2795 3340]
[2995 2695 2900 3200 3155 2975 2750 3045] [1405 1555 1680 1615 1635 1965 2805 3265]
[2870 2915 3065 3095 3005 2920 2950 3055] [1635 1720 1600 1775 1645 2040 2325 3265]
COM3 1 20
4
[2790 2790 2935 2885 2925 2890 2875 2755] [3475 3165 2785 2275 2360 2365 2525 3120]
[2940 3015 2785 2985 2930 2865 2895 2965] [3340 3125 2705 2215 2095 2440 2985 2940]
[2985 2980 2915 2820 3005 2905 2965 2880] [3335 2940 2360 2105 2320 2420 2995 3050]
[3025 2980 2825 2900 2975 3100 2970 2920] [2720 2940 2465 2190 2090 2535 2985 3095]
[3005 3040 3040 3035 3180 3040 2875 3175] [2530 2160 2085 1835 1990 2660 3005 3225]
[3045 2945 3270 2935 2935 3085 2940 2870] [1885 1730 1870 2015 2025 2515 3040 3295]
[2995 2695 2900 3200 3155 2975 2750 3045] [1625 1820 1940 1780 1855 2350 3050 3165]
[2870 2915 3065 3095 3005 2920 2950 3055] [1660 1675 1845 1970 2135 2580 2935 3425]
COM7 0 21
4
[2775 3035 3015 3015 2970 2865 2990 2990] [3475 3165 2785 2275 2360 2365 2525 3120]
[3240 3060 3000 2875 3060 3010 2885 2955] [3340 3125 2705 2215 2095 2440 2985 2940]
[2930 3085 3100 2725 3015 2985 2865 2975] [3335 2940 2360 2105 2320 2420 2995 3050]
[3150 3230 2930 2960 3110 3325 2920 2860] [2720 2940 2465 2190 2090 2535 2985 3095]
[3125 3015 3295 3105 3080 3165 3035 3020] [2530 2160 2085 1835 1990 2660 3005 3225]
[3095 3015 3150 2970 3010 3010 3115 3065] [1885 1730 1870 2015 2025 2515 3040 3295]
[2930 2970 3265 3070 3100 3285 3155 3045] [1625 1820 1940 1780 1855 2350 3050 3165]
[3215 3285 3195 2995 3180 3130 2995 3200] [1660 1675 1845 1970 2135 2580 2935 3425]
COM3 1 22
4
[2775 3035 3015 3015 2970 2865 2990 2990] [2600 2340 2005 1960 1955 1975 2465 2920]
[3240 3060 3000 2875 3060 3010 2885 2955] [2205 1780 1860 1700 1765 2075 2645 3005]
[2930 3085 3100 2725 3015 2985 2865 2975] [1745 1685 1815 1695 1920 2130 2685 2960]
[3150 3230 2930 2960 3110 3325 2920 2860] [1785 1910 1800 1755 1875 2200 2705 3280]
[3125 3015 3295 3105 3080 3165 3035 3020] [1865 2095 1880 1560 1825 2315 2885 3165]
[3095 3015 3150 2970 3010 3010 3115 3065] [1800 2305 1850 1710 1890 2230 2835 3260]
[2930 2970 3265 3070 3100 3285 3155 3045] [1965 2065 2020 1685 1915 2500 2865 3075]
[3215 3285 3195 2995 3180 3130 2995 3200] [1865 1975 1710 1755 1860 2295 2670 3225]
COM7 0 23
4
[2935 2875 3160 2980 2870 2920 3095 3005] [2600 2340 2005 1960 1955 1975 2465 2920]
[3140 2980 2790 3160 3100 2920 3140 3140] [2205 1780 1860 1700 1765 2075 2645 3005]
[2940 3225 3135 3015 3035 3120 3035 2905] [1745 1685 1815 1695 1920 2130 2685 2960]
[3140 3075 3080 3045 3025 2970 3025 2880] [1785 1910 1800 1755 1875 2200 2705 3280]
[3025 3055 3125 3080 3090 3015 3100 2850] [1865 2095 1880 1560 1825 2315 2885 3165]
[3090 3135 3175 3185 3015 2935 3130 2985] [1800 2305 1850 1710 1890 2230 2835 3260]
[3095 2995 3020 3005 2940 3130 3065 2870] [1965 2065 2020 1685 1915 2500 2865 3075]
[3255 3200 3275 2915 2880 3000 3135 2845] [1865 1975 1710 1755 1860 2295 2670 3225]
COM3 1 24
4
[2935 2875 3160 2980 2870 2920 3095 3005] [2385 2725 2760 2270 2255 2180 2555 2920]
[3140 2980 2790 3160 3100 2920 3140 3140] [2585 2795 2460 2095 2100 2370 2745 3200]
[2940 3225 3135 3015 3035 3120 3035 2905] [2850 2940 2440 2155 1995 2540 2800 3000]
[3140 3075 3080 3045 3025 2970 3025 2880] [2900 2745 2240 2025 2035 2355 3070 3060]
[3025 3055 3125 3080 3090 3015 3100 2850] [2400 2140 2050 1820 2165 2545 3005 3390]
[3090 3135 3175 3185 3015 2935 3130 2985] [1705 1675 1700 1910 2100 2505 2955 3275]
[3095 2995 3020 3005 2940 3130 3065 2870] [1545 1695 1895 1670 1960 2495 2835 3335]
[3255 3200 3275 2915 2880 3000 3135 2845] [1675 1645 1635 1665 1875 2265 2960 3385]
COM7 0 25
4
[2825 2735 2935 2855 2945 2895 3060 2945] [2385 2725 2760 2270 2255 2180 2555 2920]
[2905 3010 2890 2895 2905 3000 2820 2930] [2585 2795 2460 2095 2100 2370 2745 3200]
[2925 2850 2955 2935 2845 2925 3030 3125] [2850 2940 2440 2155 1995 2540 2800 3000]
[3095 2945 2825 2830 3135 2840 3125 2870] [2900 2745 2240 2025 2035 2355 3070 3060]
[3110 2785 3190 2840 3145 2845 3090 3000] [2400 2140 2050 1820 2165 2545 3005 3390]
[2765 2995 3100 3285 2900 2860 2900 2880] [1705 1675 1700 1910 2100 2505 2955 3275]
[3030 2975 2910 2835 2900 2940 2865 2845] [1545 1695 1895 1670 1960 2495 2835 3335]
[2695 3150 3015 3095 2645 2935 2975 3080] [1675 1645 1635 1665 1875 2265 2960 3385]
COM3 1 26
4
[2825 2735 2935 2855 2945 2895 3060 2945] [2030 2090 1960 2000 2395 2660 3035 3225]
[2905 3010 2890 2895 2905 3000 2820 2930] [1950 1820 1920 2010 2475 2875 2940 3005]
[2925 2850 2955 2935 2845 2925 3030 3125] [1660 1670 1760 1990 2625 2910 3040 2965]
[3095 2945 2825 2830 3135 2840 3125 2870] [1515 1705 1855 2160 2440 2800 3170 2960]
[3110 2785 3190 2840 3145 2845 3090 3000] [1390 1555 1870 1955 2560 2780 3050 3115]
[2765 2995 3100 3285 2900 2860 2900 2880] [1410 1470 1675 2125 2510 2955 2960 3190]
[3030 2975 2910 2835 2900 2940 2865 2845] [1595 1555 1615 1845 2320 2715 2905 3205]
[2695 3150 3015 3095 2645 2935 2975 3080] [1705 1675 1600 1820 2145 2535 2595 3055]
COM7 0 27
4
[2905 3065 2950 3015 3020 2910 3040 3120] [2030 2090 1960 2000 2395 2660 3035 3225]
[3145 3050 2945 3060 3060 3015 3000 2905] [1950 1820 1920 2010 2475 2875 2940 3005]
[2940 2910 3080 2900 2900 2950 3135 3095] [1660 1670 1760 1990 2625 2910 3040 2965]
[3025 2900 3265 3015 3100 3070 2995 3150] [1515 1705 1855 2160 2440 2800 3170 2960]
[3125 3180 3170 2995 2980 3025 3175 3125] [1390 1555 1870 1955 2560 2780 3050 3115]
[3090 2950 2955 3030 3010 3120 3165 2810] [1410 1470 1675 2125 2510 2955 2960 3190]
[3250 3035 3025 3090 3060 3130 3035 3015] [1595 1555 1615 1845 2320 2715 2905 3205]
[3370 3150 3115 2905 3200 2990 3205 3445] [1705 1675 1600 1820 2145 2535 2595 3055]
COM3 1 28
4
[2905 3065 2950 3015 3020 2910 3040 3120] [1835 2040 2695 2935 2985 3145 3035 2915]
[3145 3050 2945 3060 3060 3015 3000 2905] [1570 2295 2630 3105 2975 3145 3075 3185]
[2940 2910 3080 2900 2900 2950 3135 3095] [1550 1910 2605 2665 3205 3330 3115 3145]
[3025 2900 3265 3015 3100 3070 2995 3150] [1435 1820 2420 2845 3045 3035 3325 2985]
[3125 3180 3170 2995 2980 3025 3175 3125] [1480 1655 1995 2560 3095 3090 3160 3310]
[3090 2950 2955 3030 3010 3120 3165 2810] [1355 1490 1900 2545 2890 3215 3190 3160]
[3250 3035 3025 3090 3060 3130 3035 3015] [1535 1595 1875 2135 2715 3030 3145 3190]
[3370 3150 3115 2905 3200 2990 3205 3445] [1665 1545 1625 2035 2145 2850 3065 3180]
COM7 0 29
4
[2945 2985 3055 2930 2905 2920 2945 3150] [1835 2040 2695 2935 2985 3145 3035 2915]
[3075 3025 2860 3010 2910 3085 3095 3125] [1570 2295 2630 3105 2975 3145 3075 3185]
[3005 3060 3165 2900 3055 3230 3080 3015] [1550 1910 2605 2665 3205 3330 3115 3145]
[2975 3225 3110 3075 3110 3010 2995 2850] [1435 1820 2420 2845 3045 3035 3325 2985]
[2970 3095 3180 3065 3150 3060 3065 3020] [1480 1655 1995 2560 3095 3090 3160 3310]
[3140 3145 3155 3055 3090 3085 3165 2770] [1355 1490 1900 2545 2890 3215 3190 3160]
[3055 2810 2905 3145 2985 2985 3070 3070] [1535 1595 1875 2135 2715 3030 3145 3190]
[3265 3200 3030 3145 3115 3130 2995 3080] [1665 1545 1625 2035 2145 2850 3065 3180]
COM3 1 30
4
[2945 2985 3055 2930 2905 2920 2945 3150] [2020 2610 3050 3060 3430 3070 3085 3245]
[3075 3025 2860 3010 2910 3085 3095 3125] [1980 2325 2885 3010 3105 3175 3220 3070]
[3005 3060 3165 2900 3055 3230 3080 3015] [1920 2060 2790 2985 3180 3090 3245 3265]
[2975 3225 3110 3075 3110 3010 2995 2850] [1700 2440 2700 3205 3155 3200 3190 3195]
[2970 3095 3180 3065 3150 3060 3065 3020] [1695 2045 2360 2645 3015 3035 3240 3335]
[3140 3145 3155 3055 3090 3085 3165 2770] [1565 1810 2170 2690 3320 3180 3140 3370]
[3055 2810 2905 3145 2985 2985 3070 3070] [1725 1735 2045 2415 3095 3155 3305 3370]
[3265 3200 3030 3145 3115 3130 2995 3080] [1880 1610 2075 2205 2720 3235 3285 3305]
COM7 0 31
4
[2970 2845 2900 2930 2945 2890 2985 2925] [2020 2610 3050 3060 3430 3070 3085 3245]
[3000 3170 2805 2925 2990 3020 3095 2960] [1980 2325 2885 3010 3105 3175 3220 3070]
[2955 3125 3040 3015 2965 2915 3030 3030] [1920 2060 2790 2985 3180 3090 3245 3265]
[3150 2960 2935 3070 3120 2980 3140 2775] [1700 2440 2700 3205 3155 3200 3190 3195]
[3110 2950 3025 3045 3095 3060 3070 2815] [1695 2045 2360 2645 3015 3035 3240 3335]
[3070 2945 3095 3265 3015 3090 3205 3070] [1565 1810 2170 2690 3320 3180 3140 3370]
[2845 3035 3170 3225 3040 3020 2725 2925] [1725 1735 2045 2415 3095 3155 3305 3370]
[3415 3025 3115 3080 2875 2815 3125 2460] [1880 1610 2075 2205 2720 3235 3285 3305]
COM3 1 32
4
[2970 2845 2900 2930 2945 2890 2985 2925] [2055 2190 2595 3105 3255 3140 3250 3275]
[3000 3170 2805 2925 2990 3020 3095 2960] [2055 2225 2855 3100 3210 3245 3200 3080]
[2955 3125 3040 3015 2965 2915 3030 3030] [1995 2320 2730 3205 3070 3045 3105 3285]
[3150 2960 2935 3070 3120 2980 3140 2775] [2040 2310 2785 3215 3005 3100 3165 3120]
[3110 2950 3025 3045 3095 3060 3070 2815] [1820 2115 2465 2835 3120 3000 3435 3140]
[3070 2945 3095 3265 3015 3090 3205 3070] [1735 1960 2390 3015 3090 3205 3145 3360]
[2845 3035 3170 3225 3040 3020 2725 2925] [1830 2195 2375 2905 3450 3180 3395 3225]
[3415 3025 3115 3080 2875 2815 3125 2460] [1885 1880 2215 2870 3155 2940 3135 3615]
COM7 0 33
4
[3080 2860 2775 3045 2980 2945 3055 3085] [2055 2190 2595 3105 3255 3140 3250 3275]
[3175 3000 3090 2910 2910 2985 2975 3035] [2055 2225 2855 3100 3210 3245 3200 3080]
[3010 2925 3090 3000 2965 2965 3005 3055] [1995 2320 2730 3205 3070 3045 3105 3285]
[3065 3085 3205 3095 3085 2880 2885 3010] [2040 2310 2785 3215 3005 3100 3165 3120]
[3210 3085 3180 2855 3025 2910 2910 3095] [1820 2115 2465 2835 3120 3000 3435 3140]
[3075 3065 3145 3085 2830 2835 3075 3015] [1735 1960 2390 3015 3090 3205 3145 3360]
[3015 3015 2820 2665 3195 2990 3040 3000] [1830 2195 2375 2905 3450 3180 3395 3225]
[3110 3430 3115 3005 2595 3100 3050 2800] [1885 1880 2215 2870 3155 2940 3135 3615]
COM3 1 34
4
[3080 2860 2775 3045 2980 2945 3055 3085] [1885 1935 2340 2895 3200 3010 3345 3095]
[3175 3000 3090 2910 2910 2985 2975 3035] [1885 2180 2580 2965 2970 3255 3425 3140]
[3010 2925 3090 3000 2965 2965 3005 3055] [1875 2420 2565 2995 3300 3140 3175 3015]
[3065 3085 3205 3095 3085 2880 2885 3010] [1670 2185 2675 3045 2950 3070 3210 3205]
[3210 3085 3180 2855 3025 2910 2910 3095] [1925 2005 2790 2965 3065 3080 3270 3105]
[3075 3065 3145 3085 2830 2835 3075 3015] [1630 2065 2510 3125 3145 3370 3400 3370]
[3015 3015 2820 2665 3195 2990 3040 3000] [1830 2045 2660 3045 3175 3265 3200 3210]
[3110 3430 3115 3005 2595 3100 3050 2800] [1745 2035 2470 2765 3190 3245 3125 3410]
COM7 0 35
4
[3050 2845 2835 3000 2815 2880 2980 2795] [1885 1935 2340 2895 3200 3010 3345 3095]
[3030 2930 2925 3000 2840 2845 3025 2985] [1885 2180 2580 2965 2970 3255 3425 3140]
[2735 3000 3150 2950 2925 3060 2860 2970] [1875 2420 2565 2995 3300 3140 3175 3015]
[3135 3025 2925 3040 3120 3030 3060 2920] [1670 2185 2675 3045 2950 3070 3210 3205]
[3240 3005 3010 2915 3175 2645 2940 3040] [1925 2005 2790 2965 3065 3080 3270 3105]
[2885 2910 2735 3010 3110 3135 3215 2770] [1630 2065 2510 3125 3145 3370 3400 3370]
[3100 2945 3125 3065 3000 2825 2900 3040] [1830 2045 2660 3045 3175 3265 3200 3210]
[3035 2960 2860 3035 2940 3020 3035 2940] [1745 2035 2470 2765 3190 3245 3125 3410]
COM3 1 36
4
[3050 2845 2835 3000 2815 2880 2980 2795] [2030 2335 2825 3215 3550 3070 3310 3205]
[3030 2930 2925 3000 2840 2845 3025 2985] [2030 2355 2735 3000 3345 3375 3035 3135]
[2735 3000 3150 2950 2925 3060 2860 2970] [2125 2295 3025 3125 3335 3005 3045 3160]
[3135 3025 2925 3040 3120 3030 3060 2920] [2025 2425 2815 3035 3185 2970 3250 3245]
[3240 3005 3010 2915 3175 2645 2940 3040] [1885 2425 3070 3005 3330 3310 3335 3190]
[2885 2910 2735 3010 3110 3135 3215 2770] [1705 2325 2890 3160 3210 3300 3305 3540]
[3100 2945 3125 3065 3000 2825 2900 3040] [1730 2225 2690 3155 3245 3180 3080 3350]
[3035 2960 2860 3035 2940 3020 3035 2940] [1935 1895 2605 2965 3605 3575 3340 3275]
COM7 0 37
4
[2890 2875 2800 3035 2850 2935 2860 2875] [2030 2335 2825 3215 3550 3070 3310 3205]
[2920 2900 2885 2815 2985 2840 2815 2690] [2030 2355 2735 3000 3345 3375 3035 3135]
[2740 3095 2915 2760 2885 2850 2615 2365] [2125 2295 3025 3125 3335 3005 3045 3160]
[2905 3070 3085 2970 3045 2865 2570 2220] [2025 2425 2815 3035 3185 2970 3250 3245]
[2965 3065 3145 2940 3150 2685 2470 2010] [1885 2425 3070 3005 3330 3310 3335 3190]
[2995 3100 3105 2885 2880 2905 2465 2205] [1705 2325 2890 3160 3210 3300 3305 3540]
[2925 2925 3125 3235 3095 2850 2655 2300] [1730 2225 2690 3155 3245 3180 3080 3350]
[3120 3135 2960 2850 3065 2915 2840 2380] [1935 1895 2605 2965 3605 3575 3340 3275]
COM3 1 38
4
[2890 2875 2800 3035 2850 2935 2860 2875] [1805 2215 2605 2995 3080 3100 2985 3230]
[2920 2900 2885 2815 2985 2840 2815 2690] [1745 2315 3065 3100 3070 3110 3245 3125]
[2740 3095 2915 2760 2885 2850 2615 2365] [1925 2305 2985 3150 3335 3040 3175 3210]
[2905 3070 3085 2970 3045 2865 2570 2220] [1825 2370 3150 3250 2980 3080 3165 3270]
[2965 3065 3145 2940 3150 2685 2470 2010] [1775 2095 2805 3075 3185 3285 3370 3260]
[2995 3100 3105 2885 2880 2905 2465 2205] [1490 2115 2565 3175 3095 3340 3295 3750]
[2925 2925 3125 3235 3095 2850 2655 2300] [1725 1905 2415 2915 3090 3150 3260 3215]
[3120 3135 2960 2850 3065 2915 2840 2380] [1670 1825 2370 3000 3185 3035 3175 3225]
COM7 0 39
4
[2875 2935 2940 2720 2965 2830 3000 3020] [1805 2215 2605 2995 3080 3100 2985 3230]
[2990 3020 2690 2795 3035 2795 3035 2820] [1745 2315 3065 3100 3070 3110 3245 3125]
[2620 3035 3135 2770 2715 2985 2840 2895] [1925 2305 2985 3150 3335 3040 3175 3210]
[2950 3025 3065 2885 3050 2945 2830 2590] [1825 2370 3150 3250 2980 3080 3165 3270]
[2990 2990 3045 2910 2930 2780 2620 2220] [1775 2095 2805 3075 3185 3285 3370 3260]
[2955 2945 2985 2995 2825 2440 2155 1900] [1490 2115 2565 3175 3095 3340 3295 3750]
[2935 3040 3005 2990 2390 2065 1570 1490] [1725 1905 2415 2915 3090 3150 3260 3215]
[3130 3150 2685 2675 2150 1900 1650 1555] [1670 1825 2370 3000 3185 3035 3175 3225]
COM3 1 40
4
[2875 2935 2940 2720 2965 2830 3000 3020] [1885 2580 2640 2905 2860 3045 3080 3185]
[2990 3020 2690 2795 3035 2795 3035 2820] [1930 2440 3050 3005 3005 3120 3075 2960]
[2620 3035 3135 2770 2715 2985 2840 2895] [1920 2420 3065 2930 3155 3140 3010 3020]
[2950 3025 3065 2885 3050 2945 2830 2590] [1855 2215 2900 2845 3035 3195 3090 3050]
[2990 2990 3045 2910 2930 2780 2620 2220] [1850 2400 2955 2705 3185 3160 3160 3115]
[2955 2945 2985 2995 2825 2440 2155 1900] [1745 2310 2650 3195 3115 3230 3270 3365]
[2935 3040 3005 2990 2390 2065 1570 1490] [1555 2295 2800 3265 3215 3100 3175 3410]
[3130 3150 2685 2675 2150 1900 1650 1555] [1705 2080 2535 3405 3495 3240 3150 3240]
COM7 0 41
4
[2780 2810 2900 2845 2895 2875 2990 2835] [1885 2580 2640 2905 2860 3045 3080 3185]
[3105 3060 2690 2920 3045 2875 3000 2900] [1930 2440 3050 3005 3005 3120 3075 2960]
[3045 3095 3060 2995 2740 2915 2900 2790] [1920 2420 3065 2930 3155 3140 3010 3020]
[3125 2830 2995 2950 3035 2850 2950 2980] [1855 2215 2900 2845 3035 3195 3090 3050]
[3125 3045 2940 2910 2885 3075 3100 3040] [1850 2400 2955 2705 3185 3160 3160 3115]
[3020 3205 3120 2990 2840 2895 2910 2875] [1745 2310 2650 3195 3115 3230 3270 3365]
[3175 3035 2990 3080 2945 3030 2545 2210] [1555 2295 2800 3265 3215 3100 3175 3410]
[3215 3060 2910 2850 2960 2670 2075 1575] [1705 2080 2535 3405 3495 3240 3150 3240]
COM3 1 42
4
[2780 2810 2900 2845 2895 2875 2990 2835] [3095 3110 3040 2980 3160 3070 3145 3180]
[3105 3060 2690 2920 3045 2875 3000 2900] [2860 2985 3040 3105 3130 3055 3245 2930]
[3045 3095 3060 2995 2740 2915 2900 2790] [2865 3105 3140 3125 3140 3010 3110 3175]
[3125 2830 2995 2950 3035 2850 2950 2980] [2760 3405 3220 3240 3090 3085 2945 2965]
[3125 3045 2940 2910 2885 3075 3100 3040] [2500 2835 3220 2995 3190 2960 3345 3320]
[3020 3205 3120 2990 2840 2895 2910 2875] [2575 2905 3020 3490 3285 3125 3270 3025]
[3175 3035 2990 3080 2945 3030 2545 2210] [2230 2905 3100 3430 3295 3340 3365 3585]
[3215 3060 2910 2850 2960 2670 2075 1575] [2125 2540 3250 3285 3230 3250 3535 2905]
COM7 0 43
4
[3195 2720 2805 3050 2965 3075 3000 2970] [3095 3110 3040 2980 3160 3070 3145 3180]
[3090 3085 2855 3220 2930 3020 2945 2915] [2860 2985 3040 3105 3130 3055 3245 2930]
[2870 3080 3000 2795 2940 2985 2895 2960] [2865 3105 3140 3125 3140 3010 3110 3175]
[2995 3065 2740 3025 2940 3045 2985 2925] [2760 3405 3220 3240 3090 3085 2945 2965]
[3320 3325 3190 3045 3105 3015 3080 3335] [2500 2835 3220 2995 3190 2960 3345 3320]
[2920 3130 3110 2925 2840 3310 3075 2830] [2575 2905 3020 3490 3285 3125 3270 3025]
[3170 2850 2940 2985 2850 2910 2740 2510] [2230 2905 3100 3430 3295 3340 3365 3585]
[3275 3055 3015 2870 3035 2685 2270 2005] [2125 2540 3250 3285 3230 3250 3535 2905]
COM3 1 44
4
[3195 2720 2805 3050 2965 3075 3000 2970] [2815 3215 3045 3240 3465 3305 3250 3405]
[3090 3085 2855 3220 2930 3020 2945 2915] [3090 3110 3235 3230 3155 3270 3300 3165]
[2870 3080 3000 2795 2940 2985 2895 2960] [3220 3295 3345 3225 3295 3315 3265 3235]
[2995 3065 2740 3025 2940 3045 2985 2925] [2705 3395 3175 3145 3155 3195 3325 3230]
[3320 3325 3190 3045 3105 3015 3080 3335] [2560 3120 3300 2910 3325 3300 3275 3310]
[2920 3130 3110 2925 2840 3310 3075 2830] [2385 2880 3360 3305 3165 3075 3485 3430]
[3170 2850 2940 2985 2850 2910 2740 2510] [2085 2945 3245 3245 3420 3605 3415 3180]
[3275 3055 3015 2870 3035 2685 2270 2005] [2055 2680 3320 3310 3375 3080 3360 3430]
COM7 0 45
4
[3035 3015 2910 2875 2845 2995 2995 2870] [2815 3215 3045 3240 3465 3305 3250 3405]
[2970 3175 3030 3105 3035 2935 3045 2835] [3090 3110 3235 3230 3155 3270 3300 3165]
[2795 3125 2990 3050 3025 3225 2920 2740] [3220 3295 3345 3225 3295 3315 3265 3235]
[3210 2875 3100 2980 2995 2830 2790 2335] [2705 3395 3175 3145 3155 3195 3325 3230]
[3015 3020 3060 2975 3130 2705 2645 2215] [2560 3120 3300 2910 3325 3300 3275 3310]
[3085 2995 3025 3095 2465 2485 2030 1920] [2385 2880 3360 3305 3165 3075 3485 3430]
[3340 2985 3085 2745 2510 2025 1730 2045] [2085 2945 3245 3245 3420 3605 3415 3180]
[3360 3065 3025 2620 2325 1895 1625 1925] [2055 2680 3320 3310 3375 3080 3360 3430]
COM3 1 46
4
[3035 3015 2910 2875 2845 2995 2995 2870] [3005 3195 3285 3200 3220 3290 3355 3250]
[2970 3175 3030 3105 3035 2935 3045 2835] [3100 3160 3455 3225 3215 3335 3295 3305]
[2795 3125 2990 3050 3025 3225 2920 2740] [2930 3210 3345 3050 3255 3335 3245 3035]
[3210 2875 3100 2980 2995 2830 2790 2335] [2895 3270 3420 3200 3275 3295 3320 3245]
[3015 3020 3060 2975 3130 2705 2645 2215] [2445 3060 3255 3165 3295 3375 3435 3380]
[3085 2995 3025 3095 2465 2485 2030 1920] [2195 2785 3200 3265 3335 3440 3390 3495]
[3340 2985 3085 2745 2510 2025 1730 2045] [2065 2715 2895 3155 3300 3265 3415 3585]
[3360 3065 3025 2620 2325 1895 1625 1925] [1960 2410 2950 3125 3305 3010 3710 3565]
COM7 0 47
4
[2940 3025 3040 3020 3035 2880 2700 2540] [3005 3195 3285 3200 3220 3290 3355 3250]
[3175 3140 2840 2855 2845 2700 2510 2210] [3100 3160 3455 3225 3215 3335 3295 3305]
[3025 2950 3045 2860 2700 2300 2225 2180] [2930 3210 3345 3050 3255 3335 3245 3035]
[2895 2945 3040 2845 2350 2175 1835 2015] [2895 3270 3420 3200 3275 3295 3320 3245]
[3185 2940 3030 2480 2355 1995 2060 2270] [2445 3060 3255 3165 3295 3375 3435 3380]
[2880 2830 2790 2510 2055 1965 2070 2360] [2195 2785 3200 3265 3335 3440 3390 3495]
[3170 2900 2530 2245 1825 1835 2070 2365] [2065 2715 2895 3155 3300 3265 3415 3585]
[2975 2815 2225 2085 1770 1845 2095 2100] [1960 2410 2950 3125 3305 3010 3710 3565]
COM3 1 48
4
[2940 3025 3040 3020 3035 2880 2700 2540] [2560 3115 3245 3235 3250 3075 3190 3015]
[3175 3140 2840 2855 2845 2700 2510 2210] [2515 3255 3035 2865 3115 3245 3080 3030]
[3025 2950 3045 2860 2700 2300 2225 2180] [2610 3005 2950 3290 3195 3005 3100 3065]
[2895 2945 3040 2845 2350 2175 1835 2015] [2355 3035 2975 3180 3340 3270 3260 3315]
[3185 2940 3030 2480 2355 1995 2060 2270] [2505 3095 3255 2970 3045 3105 3090 3115]
[2880 2830 2790 2510 2055 1965 2070 2360] [2340 3035 3220 3115 3015 3255 3395 3235]
[3170 2900 2530 2245 1825 1835 2070 2365] [2105 2945 3365 3315 3350 3215 3240 3280]
[2975 2815 2225 2085 1770 1845 2095 2100] [2055 2500 3155 3345 3185 3265 3310 3345]
COM7 0 49
4
[2910 2835 2965 3100 2825 2665 2370 2035] [2560 3115 3245 3235 3250 3075 3190 3015]
[3120 2845 2760 2925 2770 2465 2105 1985] [2515 3255 3035 2865 3115 3245 3080 3030]
[2665 2835 2935 2765 2520 2220 1995 2020] [2610 3005 2950 3290 3195 3005 3100 3065]
[2775 3075 2945 2565 2315 1980 1875 2040] [2355 3035 2975 3180 3340 3270 3260 3315]
[2825 3050 2965 2705 2270 1895 1850 2105] [2505 3095 3255 2970 3045 3105 3090 3115]
[3005 3000 2875 2465 2195 1940 1865 2100] [2340 3035 3220 3115 3015 3255 3395 3235]
[2780 3035 2740 2545 2325 2070 1590 1670] [2105 2945 3365 3315 3350 3215 3240 3280]
[2960 3050 2775 2840 2440 2205 2215 1640] [2055 2500 3155 3345 3185 3265 3310 3345]
COM3 1 50
4
[2910 2835 2965 3100 2825 2665 2370 2035] [2745 3265 3245 3195 3100 3035 3245 3335]
[3120 2845 2760 2925 2770 2465 2105 1985] [2835 3175 3175 3075 3300 3365 3170 2995]
[2665 2835 2935 2765 2520 2220 1995 2020] [2765 3225 3225 3170 3320 3255 3220 2975]
[2775 3075 2945 2565 2315 1980 1875 2040] [2655 3310 3240 3305 3125 3265 3205 3195]
[2825 3050 2965 2705 2270 1895 1850 2105] [2580 3155 3215 3330 3265 3285 3430 3185]
[3005 3000 2875 2465 2195 1940 1865 2100] [2635 2995 3125 3440 3190 3425 3370 3610]
[2780 3035 2740 2545 2325 2070 1590 1670] [2370 2895 3415 3305 3435 3505 3320 3545]
[2960 3050 2775 2840 2440 2205 2215 1640] [2380 2960 3215 3515 3180 3360 3660 3280]
COM7 0 51
4
[2930 2750 2925 2880 2820 2905 2755 2140] [2745 3265 3245 3195 3100 3035 3245 3335]
[3045 3060 2845 3025 2825 2810 2615 2085] [2835 3175 3175 3075 3300 3365 3170 2995]
[2900 3125 3050 2790 2960 2605 2245 1845] [2765 3225 3225 3170 3320 3255 3220 2975]
[2865 3000 3080 2815 2925 2530 2220 1535] [2655 3310 3240 3305 3125 3265 3205 3195]
[3105 2845 3080 2825 3010 2675 2210 1625] [2580 3155 3215 3330 3265 3285 3430 3185]
[2945 3200 3155 3110 2770 2635 2305 1725] [2635 2995 3125 3440 3190 3425 3370 3610]
[3275 3095 3040 3175 3090 2965 2290 1690] [2370 2895 3415 3305 3435 3505 3320 3545]
[2980 3055 3020 2865 3035 3110 2535 2045] [2380 2960 3215 3515 3180 3360 3660 3280]
COM3 1 52
4
[2930 2750 2925 2880 2820 2905 2755 2140] [2245 2865 3125 3040 3130 3125 3025 3200]
[3045 3060 2845 3025 2825 2810 2615 2085] [2485 2955 3210 3235 3025 3225 3095 3135]
[2900 3125 3050 2790 2960 2605 2245 1845] [2435 3155 3140 3160 3070 3300 3185 3105]
[2865 3000 3080 2815 2925 2530 2220 1535] [2525 3245 3220 3425 3295 3015 3100 3315]
[3105 2845 3080 2825 3010 2675 2210 1625] [2570 2985 3080 3040 3040 3205 3200 3115]
[2945 3200 3155 3110 2770 2635 2305 1725] [2280 3045 3240 3365 3115 3225 3145 3320]
[3275 3095 3040 3175 3090 2965 2290 1690] [2290 3200 3265 3405 3170 3195 3460 3235]
[2980 3055 3020 2865 3035 3110 2535 2045] [2210 2610 3160 3215 3305 3570 3550 3570]
COM7 0 53
4
[2785 2765 2940 3010 2710 2515 2235 1855] [2245 2865 3125 3040 3130 3125 3025 3200]
[2990 3055 3020 2905 2580 2375 1905 1610] [2485 2955 3210 3235 3025 3225 3095 3135]
[2865 2865 2880 2695 2345 2010 1685 1410] [2435 3155 3140 3160 3070 3300 3185 3105]
[2945 2825 2925 2370 2025 1605 1495 1370] [2525 3245 3220 3425 3295 3015 3100 3315]
[2980 2750 2575 2140 1715 1445 1550 1415] [2570 2985 3080 3040 3040 3205 3200 3115]
[2800 3090 2775 1970 1670 1390 1565 1425] [2280 3045 3240 3365 3115 3225 3145 3320]
[3075 2750 2705 2145 1710 1565 1250 1285] [2290 3200 3265 3405 3170 3195 3460 3235]
[2975 2910 2655 2205 1780 1600 1645 1495] [2210 2610 3160 3215 3305 3570 3550 3570]
COM3 1 54
4
[2785 2765 2940 3010 2710 2515 2235 1855] [2470 3005 3275 3275 3220 3285 3265 3400]
[2990 3055 3020 2905 2580 2375 1905 1610] [2680 3100 3305 3310 3240 3595 3270 3350]
[2865 2865 2880 2695 2345 2010 1685 1410] [2590 3070 3195 3110 3385 3070 3335 3290]
[2945 2825 2925 2370 2025 1605 1495 1370] [2725 3485 3330 3390 3290 3270 3300 3240]
[2980 2750 2575 2140 1715 1445 1550 1415] [2680 3065 3120 3130 3245 3350 3275 3390]
[2800 3090 2775 1970 1670 1390 1565 1425] [2470 2775 2955 3285 3170 3160 3405 3360]
[3075 2750 2705 2145 1710 1565 1250 1285] [2280 2835 2900 2910 3145 3495 3370 3240]
[2975 2910 2655 2205 1780 1600 1645 1495] [2290 2695 2695 3075 3070 3255 3375 3120]
COM7 0 55
4
[2935 3035 2750 2760 2780 2855 2730 2285] [2470 3005 3275 3275 3220 3285 3265 3400]
[2920 3070 3020 3035 2730 2790 2665 2175] [2680 3100 3305 3310 3240 3595 3270 3350]
[2920 2980 2870 2745 2575 2350 2065 1965] [2590 3070 3195 3110 3385 3070 3335 3290]
[2935 2940 3035 2510 2475 1940 1690 1585] [2725 3485 3330 3390 3290 3270 3300 3240]
[3120 2830 3145 2355 1970 1660 1735 1660] [2680 3065 3120 3130 3245 3350 3275 3390]
[2975 2860 2720 2075 1750 1425 1735 1635] [2470 2775 2955 3285 3170 3160 3405 3360]
[3005 2680 2215 1800 1575 1670 1570 1795] [2280 2835 2900 2910 3145 3495 3370 3240]
[3070 2410 2070 1585 1395 1485 1800 1980] [2290 2695 2695 3075 3070 3255 3375 3120]
COM3 1 56
4
[2935 3035 2750 2760 2780 2855 2730 2285] [3180 3235 3045 3145 3200 3305 3330 3245]
[2920 3070 3020 3035 2730 2790 2665 2175] [3245 3070 3225 3110 3065 3095 3320 3145]
[2920 2980 2870 2745 2575 2350 2065 1965] [3085 3175 3300 3230 3275 3235 3165 3080]
[2935 2940 3035 2510 2475 1940 1690 1585] [3030 3040 3470 3340 3180 3325 3165 3150]
[3120 2830 3145 2355 1970 1660 1735 1660] [3175 3130 3320 3245 3180 3305 3455 3260]
[2975 2860 2720 2075 1750 1425 1735 1635] [2595 3055 3120 3445 3225 3205 3275 3360]
[3005 2680 2215 1800 1575 1670 1570 1795] [2555 2945 3020 2960 3220 3200 3210 3465]
[3070 2410 2070 1585 1395 1485 1800 1980] [2255 2530 3125 3240 3455 3380 3065 3250]
COM7 0 57
4
[2945 2875 3005 2865 2855 2690 2670 2870] [3180 3235 3045 3145 3200 3305 3330 3245]
[3175 2825 2735 2905 2720 2535 2455 2555] [3245 3070 3225 3110 3065 3095 3320 3145]
[2790 3005 2795 2790 2590 2485 2140 2220] [3085 3175 3300 3230 3275 3235 3165 3080]
[2765 3025 3075 2750 2635 2180 2060 2360] [3030 3040 3470 3340 3180 3325 3165 3150]
[2965 3060 2950 2560 2260 1865 2205 2220] [3175 3130 3320 3245 3180 3305 3455 3260]
[3140 2775 2745 2270 1730 1705 2155 2410] [2595 3055 3120 3445 3225 3205 3275 3360]
[3175 2785 2625 2055 1625 1720 1830 2410] [2555 2945 3020 2960 3220 3200 3210 3465]
[3050 2810 2565 1920 1570 1920 2145 2525] [2255 2530 3125 3240 3455 3380 3065 3250]
COM3 1 58
4
[2945 2875 3005 2865 2855 2690 2670 2870] [3100 2965 3105 2740 3015 2985 3035 2970]
[3175 2825 2735 2905 2720 2535 2455 2555] [3250 2805 3135 2920 2875 2895 2970 2965]
[2790 3005 2795 2790 2590 2485 2140 2220] [3045 3295 3160 2885 3055 2970 2945 3020]
[2765 3025 3075 2750 2635 2180 2060 2360] [3070 3485 3075 3085 3075 2935 3070 2850]
[2965 3060 2950 2560 2260 1865 2205 2220] [3235 3470 3125 3125 3250 2860 2985 3070]
[3140 2775 2745 2270 1730 1705 2155 2410] [3075 3140 3410 3260 3280 3215 3160 3060]
[3175 2785 2625 2055 1625 1720 1830 2410] [3115 3405 3405 3035 3095 3445 3185 2945]
[3050 2810 2565 1920 1570 1920 2145 2525] [2655 3380 3025 3305 3150 3265 3085 3085]
COM7 0 59
4
[3115 2760 2765 2905 2790 2580 2690 2945] [3100 2965 3105 2740 3015 2985 3035 2970]
[3145 3060 2880 2930 2595 2620 2615 2580] [3250 2805 3135 2920 2875 2895 2970 2965]
[2765 2900 2965 2780 2505 2395 2235 2195] [3045 3295 3160 2885 3055 2970 2945 3020]
[3285 3040 3050 2655 2330 2075 1940 2060] [3070 3485 3075 3085 3075 2935 3070 2850]
[3045 3185 2715 2500 2245 1670 1920 2035] [3235 3470 3125 3125 3250 2860 2985 3070]
[3090 3015 2670 2275 1715 1725 1830 2245] [3075 3140 3410 3260 3280 3215 3160 3060]
[2920 2935 2615 2110 1365 1755 2040 2310] [3115 3405 3405 3035 3095 3445 3185 2945]
[3015 2915 2360 1900 1475 1655 2210 2320] [2655 3380 3025 3305 3150 3265 3085 3085]
COM3 1 60
4
[3115 2760 2765 2905 2790 2580 2690 2945] [3240 3120 3240 3195 3200 3175 2965 3130]
[3145 3060 2880 2930 2595 2620 2615 2580] [3410 3285 3235 3195 3220 3305 2970 2955]
[2765 2900 2965 2780 2505 2395 2235 2195] [3025 3030 3215 3045 3305 3285 3070 3025]
[3285 3040 3050 2655 2330 2075 1940 2060] [3330 3125 3245 3330 3145 3030 3205 3050]
[3045 3185 2715 2500 2245 1670 1920 2035] [3045 3250 3300 2985 3310 3215 3310 3390]
[3090 3015 2670 2275 1715 1725 1830 2245] [3210 3210 3230 3290 3195 3370 3260 3245]
[2920 2935 2615 2110 1365 1755 2040 2310] [3385 3615 3415 3335 3130 3305 3330 3380]
[3015 2915 2360 1900 1475 1655 2210 2320] [3220 3430 3200 3455 3370 3275 3425 3215]
COM7 0 61
4
[2905 3025 2910 2785 2635 2535 2410 2470] [3240 3120 3240 3195 3200 3175 2965 3130]
[2965 3035 2860 2885 2710 2335 2120 2370] [3410 3285 3235 3195 3220 3305 2970 2955]
[2865 2865 2970 2535 2430 1970 1995 2205] [3025 3030 3215 3045 3305 3285 3070 3025]
[3175 2810 2780 2340 2190 1805 1855 2100] [3330 3125 3245 3330 3145 3030 3205 3050]
[3200 2910 2575 2240 1895 1635 1900 2335] [3045 3250 3300 2985 3310 3215 3310 3390]
[2795 2620 2465 1975 1560 1645 2070 2245] [3210 3210 3230 3290 3195 3370 3260 3245]
[3030 2650 2325 1825 1710 1760 2200 2220] [3385 3615 3415 3335 3130 3305 3330 3380]
[3105 2340 2010 1700 1605 1685 2080 2130] [3220 3430 3200 3455 3370 3275 3425 3215]
COM3 1 62
4
[2905 3025 2910 2785 2635 2535 2410 2470] [2975 2880 3070 3210 2995 3255 3110 2875]
[2965 3035 2860 2885 2710 2335 2120 2370] [2945 2985 3145 2940 2975 3055 3035 2815]
[2865 2865 2970 2535 2430 1970 1995 2205] [3075 3225 3130 3040 3065 3105 3105 3110]
[3175 2810 2780 2340 2190 1805 1855 2100] [3050 2680 3030 3135 2890 3100 2945 2985]
[3200 2910 2575 2240 1895 1635 1900 2335] [3065 3320 3215 2770 3065 3120 3215 3140]
[2795 2620 2465 1975 1560 1645 2070 2245] [3210 3235 3025 2920 3120 3250 3280 3135]
[3030 2650 2325 1825 1710 1760 2200 2220] [3215 3105 3275 3155 3090 2955 3200 3075]
[3105 2340 2010 1700 1605 1685 2080 2130] [2805 3220 3465 3380 3045 2990 3050 3185]
COM7 0 63
4
[2940 2900 2805 2795 2375 2120 1890 1920] [2975 2880 3070 3210 2995 3255 3110 2875]
[3125 2995 2720 2445 2150 1815 1905 1820] [2945 2985 3145 2940 2975 3055 3035 2815]
[2920 2965 2670 2125 1735 1655 1735 2250] [3075 3225 3130 3040 3065 3105 3105 3110]
[2735 2705 2420 2010 1735 1695 1970 2395] [3050 2680 3030 3135 2890 3100 2945 2985]
[3010 2615 2375 1720 1690 1670 2275 2395] [3065 3320 3215 2770 3065 3120 3215 3140]
[2860 2580 2105 1730 1565 1745 2175 2205] [3210 3235 3025 2920 3120 3250 3280 3135]
[3025 2380 2145 1635 1610 1610 1655 1905] [3215 3105 3275 3155 3090 2955 3200 3075]
[2775 2525 2070 1825 1570 1630 1590 1555] [2805 3220 3465 3380 3045 2990 3050 3185]
COM3 1 64
4
[2940 2900 2805 2795 2375 2120 1890 1920] [3175 3285 3360 2990 3200 3240 3165 2970]
[3125 2995 2720 2445 2150 1815 1905 1820] [3380 3285 3110 3310 3010 3280 3285 3325]
[2920 2965 2670 2125 1735 1655 1735 2250] [3110 3350 3225 3225 3275 3275 3085 2940]
[2735 2705 2420 2010 1735 1695 1970 2395] [3280 3210 3020 3135 3220 3120 3430 3185]
[3010 2615 2375 1720 1690 1670 2275 2395] [3205 3370 3135 3005 3180 3265 3250 3180]
[2860 2580 2105 1730 1565 1745 2175 2205] [3465 3275 3125 3290 3190 3075 3170 3280]
[3025 2380 2145 1635 1610 1610 1655 1905] [3235 3270 3040 3240 3190 3300 3565 3340]
[2775 2525 2070 1825 1570 1630 1590 1555] [3420 3535 3270 3725 3350 3395 3220 3520]
COM7 0 65
4
[2905 3000 2850 2790 2395 2130 1720 1490] [3175 3285 3360 2990 3200 3240 3165 2970]
[3080 2875 2875 2805 2270 1835 1530 1420] [3380 3285 3110 3310 3010 3280 3285 3325]
[2905 2925 2815 2340 1920 1535 1445 1540] [3110 3350 3225 3225 3275 3275 3085 2940]
[3080 3195 3110 2290 1770 1405 1545 1500] [3280 3210 3020 3135 3220 3120 3430 3185]
[3225 2900 3075 2265 1930 1365 1545 1605] [3205 3370 3135 3005 3180 3265 3250 3180]
[2715 2940 2965 2405 2085 1550 1470 1315] [3465 3275 3125 3290 3190 3075 3170 3280]
[3180 3095 2980 2675 2145 1735 1370 1205] [3235 3270 3040 3240 3190 3300 3565 3340]
[3085 2750 2760 2825 2400 2000 1620 1345] [3420 3535 3270 3725 3350 3395 3220 3520]