COM3 1 6
4
[2945 2815 2900 2810 2820 2870 2920 2895] [3280 3090 3115 2950 3180 3040 2990 2670]
[3050 3055 2875 2900 2815 2835 2850 2915] [3070 3140 3130 2915 3095 3195 2760 1715]
[2765 2970 2900 2930 2890 2975 3010 2965] [3215 3160 3080 2950 3120 2860 1920 1620]
[2890 2940 2905 2910 3060 2855 2925 2900] [2990 3315 3090 3125 3000 2680 1715 1805]
[3035 2880 3025 2880 3025 2850 3070 2940] [3225 3350 3295 2985 2780 2250 1890 2060]
[2995 3025 3160 3010 2975 3040 2960 3020] [3065 3385 3240 3070 2815 2005 2070 2150]
[3085 3125 2700 3210 2985 2705 2890 3005] [3090 3265 3305 3125 2620 2105 2200 2260]
[3220 3045 3030 3135 3095 3030 3295 2850] [3385 3125 3205 2995 2800 2275 2260 2270]
COM7 0 7
4
[2845 2815 2905 2845 2850 2895 2920 2980] [3280 3090 3115 2950 3180 3040 2990 2670]
[2970 2890 2920 2880 2870 2885 2890 2895] [3070 3140 3130 2915 3095 3195 2760 1715]
[2735 2885 2985 2875 2815 2890 2915 2940] [3215 3160 3080 2950 3120 2860 1920 1620]
[2925 2895 3110 2945 2975 2980 2915 2880] [2990 3315 3090 3125 3000 2680 1715 1805]
[2890 2990 3005 2845 3100 2865 2960 2975] [3225 3350 3295 2985 2780 2250 1890 2060]
[2875 3070 3190 3100 2975 2975 3070 2840] [3065 3385 3240 3070 2815 2005 2070 2150]
[3030 2950 3015 2870 2920 3050 2870 2955] [3090 3265 3305 3125 2620 2105 2200 2260]
[3035 3030 3015 3025 3030 2920 2935 2990] [3385 3125 3205 2995 2800 2275 2260 2270]
COM3 1 8
4
[2845 2815 2905 2845 2850 2895 2920 2980] [3200 3245 3215 3050 2980 2865 2255 2030]
[2970 2890 2920 2880 2870 2885 2890 2895] [3140 3035 3270 3150 3005 2770 2090 2020]
[2735 2885 2985 2875 2815 2890 2915 2940] [3125 3315 3205 3070 3085 2585 2090 2105]
[2925 2895 3110 2945 2975 2980 2915 2880] [3175 3230 3235 3195 3090 2505 2200 2185]
[2890 2990 3005 2845 3100 2865 2960 2975] [3225 3310 3070 3140 3065 2775 2485 2285]
[2875 3070 3190 3100 2975 2975 3070 2840] [3050 3195 3020 3290 3145 2970 2640 2535]
[3030 2950 3015 2870 2920 3050 2870 2955] [3235 3375 3475 3190 2975 3165 2795 2575]
[3035 3030 3015 3025 3030 2920 2935 2990] [3110 3085 3350 3320 3225 2970 3105 2560]
COM7 0 9
4
[2805 2540 2745 2695 2765 2795 2730 2580] [3200 3245 3215 3050 2980 2865 2255 2030]
[2880 2830 2785 2775 2795 2735 2705 2745] [3140 3035 3270 3150 3005 2770 2090 2020]
[2755 2670 2870 2805 2720 2860 2720 2765] [3125 3315 3205 3070 3085 2585 2090 2105]
[2845 2740 2850 2645 2805 2925 2755 2575] [3175 3230 3235 3195 3090 2505 2200 2185]
[2675 2815 2650 2885 2845 2840 2745 2695] [3225 3310 3070 3140 3065 2775 2485 2285]
[2750 2905 2870 2725 2795 2775 2820 2520] [3050 3195 3020 3290 3145 2970 2640 2535]
[2740 2825 2790 2795 2915 2655 2670 2635] [3235 3375 3475 3190 2975 3165 2795 2575]
[2925 2730 2750 2835 2885 2775 2915 2930] [3110 3085 3350 3320 3225 2970 3105 2560]
COM3 1 10
4
[2805 2540 2745 2695 2765 2795 2730 2580] [3275 3165 3250 3150 3195 3070 2850 2175]
[2880 2830 2785 2775 2795 2735 2705 2745] [3285 3165 3195 3140 3215 3210 2890 2135]
[2755 2670 2870 2805 2720 2860 2720 2765] [3125 3170 3195 3180 3250 3105 2890 2460]
[2845 2740 2850 2645 2805 2925 2755 2575] [3320 3260 3155 3180 3115 3110 2850 2620]
[2675 2815 2650 2885 2845 2840 2745 2695] [3510 3195 3185 3010 3070 3200 3000 2560]
[2750 2905 2870 2725 2795 2775 2820 2520] [3055 3240 3375 3265 3270 3285 3065 2900]
[2740 2825 2790 2795 2915 2655 2670 2635] [3420 3450 3140 3310 3120 3635 3310 2900]
[2925 2730 2750 2835 2885 2775 2915 2930] [3290 3320 3340 3475 3405 3190 3010 2925]
COM7 0 11
4
[2610 2640 2775 2785 2780 2650 2755 2770] [3275 3165 3250 3150 3195 3070 2850 2175]
[2620 2750 2680 2670 2630 2675 2730 2710] [3285 3165 3195 3140 3215 3210 2890 2135]
[2665 2575 2815 2660 2690 2815 2845 2850] [3125 3170 3195 3180 3250 3105 2890 2460]
[2765 2605 2745 2700 2825 2875 2960 2545] [3320 3260 3155 3180 3115 3110 2850 2620]
[2660 2750 2905 2785 2905 2795 2820 2705] [3510 3195 3185 3010 3070 3200 3000 2560]
[2670 2905 2810 2820 2725 2790 2945 2485] [3055 3240 3375 3265 3270 3285 3065 2900]
[2880 2780 2750 2730 2675 2985 2560 2605] [3420 3450 3140 3310 3120 3635 3310 2900]
[2915 2790 2725 2835 2655 2770 2955 2760] [3290 3320 3340 3475 3405 3190 3010 2925]
COM3 1 12
4
[2610 2640 2775 2785 2780 2650 2755 2770] [3175 3285 3065 3065 2925 2750 1985 2170]
[2620 2750 2680 2670 2630 2675 2730 2710] [3050 3000 3305 3145 2895 2860 2170 2080]
[2665 2575 2815 2660 2690 2815 2845 2850] [2970 3220 3135 3160 3235 2685 2545 2345]
[2765 2605 2745 2700 2825 2875 2960 2545] [3180 3240 3125 3030 3090 2790 2520 2230]
[2660 2750 2905 2785 2905 2795 2820 2705] [3115 3050 3230 2870 3170 2990 2550 2350]
[2670 2905 2810 2820 2725 2790 2945 2485] [3095 3175 3190 3605 3230 3175 2965 2485]
[2880 2780 2750 2730 2675 2985 2560 2605] [3300 3270 3400 3225 3155 3185 2840 2445]
[2915 2790 2725 2835 2655 2770 2955 2760] [3290 3280 3400 3450 3175 3400 2615 2635]
COM7 0 13
4
[2845 2705 2785 2855 2905 2820 2845 2720] [3175 3285 3065 3065 2925 2750 1985 2170]
[2905 2995 2800 3015 2875 2820 2870 2685] [3050 3000 3305 3145 2895 2860 2170 2080]
[2765 2805 2995 2925 3020 3005 2795 2700] [2970 3220 3135 3160 3235 2685 2545 2345]
[2785 2805 2975 2880 2980 2935 2805 2500] [3180 3240 3125 3030 3090 2790 2520 2230]
[2915 2955 2940 2890 3000 2950 2915 2710] [3115 3050 3230 2870 3170 2990 2550 2350]
[2950 2915 2930 3005 2835 3020 2915 2805] [3095 3175 3190 3605 3230 3175 2965 2485]
[2765 2935 3065 2905 2995 2890 2850 2935] [3300 3270 3400 3225 3155 3185 2840 2445]
[2950 2870 3040 2980 2895 3000 3010 2805] [3290 3280 3400 3450 3175 3400 2615 2635]
COM3 1 14
4
[2845 2705 2785 2855 2905 2820 2845 2720] [3305 3215 3300 3170 2845 2120 2025 2180]
[2905 2995 2800 3015 2875 2820 2870 2685] [3225 3065 3115 3200 2915 2540 2145 2165]
[2765 2805 2995 2925 3020 3005 2795 2700] [3325 3260 3170 3145 3110 2580 2385 2310]
[2785 2805 2975 2880 2980 2935 2805 2500] [3195 3335 3285 3065 3105 2645 2385 2295]
[2915 2955 2940 2890 3000 2950 2915 2710] [3050 3350 3505 3065 3305 2880 2625 2170]
[2950 2915 2930 3005 2835 3020 2915 2805] [3245 3440 3225 3130 3290 3000 2665 2320]
[2765 2935 3065 2905 2995 2890 2850 2935] [3160 3270 3200 3065 3215 3130 2625 2575]
[2950 2870 3040 2980 2895 3000 3010 2805] [3115 3355 3365 3345 3255 2955 3080 2495]
COM7 0 15
4
[2885 2755 2945 2840 2920 2890 2925 2955] [3305 3215 3300 3170 2845 2120 2025 2180]
[2985 3040 3025 2915 2900 2900 2890 2915] [3225 3065 3115 3200 2915 2540 2145 2165]
[2875 2915 2985 3015 2925 2965 2860 2725] [3325 3260 3170 3145 3110 2580 2385 2310]
[2945 2965 2975 2930 3020 2830 2880 2890] [3195 3335 3285 3065 3105 2645 2385 2295]
[2995 2965 2970 2910 3145 2940 2905 2880] [3050 3350 3505 3065 3305 2880 2625 2170]
[3000 3015 2985 3090 2805 2985 2785 2555] [3245 3440 3225 3130 3290 3000 2665 2320]
[2970 2925 2930 2935 2895 2770 2510 2320] [3160 3270 3200 3065 3215 3130 2625 2575]
[3165 3110 2875 2890 2765 2790 2435 1690] [3115 3355 3365 3345 3255 2955 3080 2495]
COM3 1 16
4
[2885 2755 2945 2840 2920 2890 2925 2955] [3195 3205 3135 2805 2665 2185 2080 2105]
[2985 3040 3025 2915 2900 2900 2890 2915] [3200 2970 3095 2970 2735 2415 2070 2165]
[2875 2915 2985 3015 2925 2965 2860 2725] [3320 3200 3220 2795 2760 2425 2325 2380]
[2945 2965 2975 2930 3020 2830 2880 2890] [3230 3445 3090 2950 2805 2525 2265 2245]
[2995 2965 2970 2910 3145 2940 2905 2880] [3050 3320 3325 3030 2970 2680 2435 2380]
[3000 3015 2985 3090 2805 2985 2785 2555] [3105 3365 3225 3070 3100 2675 2575 2375]
[2970 2925 2930 2935 2895 2770 2510 2320] [3230 3410 3460 3325 3185 2985 2580 2445]
[3165 3110 2875 2890 2765 2790 2435 1690] [3485 3420 3245 3480 3285 2870 2570 2530]
COM7 0 17
4
[3230 3095 3255 3010 3210 3045 3300 3400] [3195 3205 3135 2805 2665 2185 2080 2105]
[3310 3110 3095 3195 3050 3075 3140 3390] [3200 2970 3095 2970 2735 2415 2070 2165]
[3180 3245 3435 3215 3025 3210 3255 3035] [3320 3200 3220 2795 2760 2425 2325 2380]
[3310 3230 3290 3195 3040 3130 3160 3100] [3230 3445 3090 2950 2805 2525 2265 2245]
[3355 3250 3465 3350 3395 3250 3345 2930] [3050 3320 3325 3030 2970 2680 2435 2380]
[3405 3355 3375 3310 3280 3000 3290 2680] [3105 3365 3225 3070 3100 2675 2575 2375]
[3520 3470 3220 3355 3415 3185 2865 2180] [3230 3410 3460 3325 3185 2985 2580 2445]
[3515 3205 3275 3255 3200 2980 2760 1570] [3485 3420 3245 3480 3285 2870 2570 2530]
COM3 1 18
4
[3230 3095 3255 3010 3210 3045 3300 3400] [3105 3310 3115 3005 2815 2780 2310 2110]
[3310 3110 3095 3195 3050 3075 3140 3390] [2865 2890 3105 2780 2735 2555 2335 2000]
[3180 3245 3435 3215 3025 3210 3255 3035] [3090 3155 2940 2835 2645 2515 2415 2105]
[3310 3230 3290 3195 3040 3130 3160 3100] [3320 2930 2870 2430 2460 2285 2270 2225]
[3355 3250 3465 3350 3395 3250 3345 2930] [3175 3125 2940 2460 2485 2450 2220 2270]
[3405 3355 3375 3310 3280 3000 3290 2680] [3045 3130 2805 2690 2545 2385 2215 2050]
[3520 3470 3220 3355 3415 3185 2865 2180] [3045 3245 3285 2940 2515 2410 2390 2335]
[3515 3205 3275 3255 3200 2980 2760 1570] [3320 3220 3080 3265 2620 2430 2395 2240]
COM7 0 19
4
[2975 3095 3075 2850 2865 2950 2860 2795] [3105 3310 3115 3005 2815 2780 2310 2110]
[3190 2950 2895 3125 2935 2755 2805 2735] [2865 2890 3105 2780 2735 2555 2335 2000]
[2665 2745 2815 2800 2970 2875 2840 2475] [3090 3155 2940 2835 2645 2515 2415 2105]
[2915 3220 3065 2815 3040 2850 2695 2520] [3320 2930 2870 2430 2460 2285 2270 2225]
[3170 2945 3070 3010 2890 2840 2800 2210] [3175 3125 2940 2460 2485 2450 2220 2270]
[3220 2820 3420 3040 2755 2835 2375 1405] [3045 3130 2805 2690 2545 2385 2215 2050]
[3135 3000 2975 3135 2960 2705 1395 1700] [3045 3245 3285 2940 2515 2410 2390 2335]
[3090 3025 2995 3110 2825 2385 1440 1755] [3320 3220 3080 3265 2620 2430 2395 2240]
COM3 1 20
4
[2975 3095 3075 2850 2865 2950 2860 2795] [3085 3075 3180 2925 3155 2615 2680 2030]
[3190 2950 2895 3125 2935 2755 2805 2735] [3205 3025 2985 2880 2900 2585 2550 1925]
[2665 2745 2815 2800 2970 2875 2840 2475] [3245 3150 2880 2675 2840 2465 2525 1980]
[2915 3220 3065 2815 3040 2850 2695 2520] [3070 2835 2790 2700 2575 2485 2485 2300]
[3170 2945 3070 3010 2890 2840 2800 2210] [3165 3020 2575 2505 2695 2900 2630 2310]
[3220 2820 3420 3040 2755 2835 2375 1405] [2870 2780 2645 2480 2490 2440 2450 2420]
[3135 3000 2975 3135 2960 2705 1395 1700] [3015 2815 2675 2340 2410 2470 2515 2485]
[3090 3025 2995 3110 2825 2385 1440 1755] [3260 2745 2985 2710 2485 2305 2550 2285]
COM7 0 21
4
[2785 2540 2835 2645 2620 2565 2595 2510] [3085 3075 3180 2925 3155 2615 2680 2030]
[2945 2865 2715 2860 2720 2455 2195 2300] [3205 3025 2985 2880 2900 2585 2550 1925]
[2825 2785 2955 2835 2710 2610 2250 1850] [3245 3150 2880 2675 2840 2465 2525 1980]
[2805 2715 2760 2600 2825 2705 1555 1460] [3070 2835 2790 2700 2575 2485 2485 2300]
[2735 2725 2840 2740 2645 2045 1555 1695] [3165 3020 2575 2505 2695 2900 2630 2310]
[2870 2980 2935 2830 2560 1550 1740 1660] [2870 2780 2645 2480 2490 2440 2450 2420]
[2870 2995 2610 2830 2310 1505 1685 1850] [3015 2815 2675 2340 2410 2470 2515 2485]
[2710 2770 2580 2725 2155 1615 1905 1900] [3260 2745 2985 2710 2485 2305 2550 2285]
COM3 1 22
4
[2785 2540 2835 2645 2620 2565 2595 2510] [3340 3170 3165 3015 3055 2940 2770 2070]
[2945 2865 2715 2860 2720 2455 2195 2300] [3395 3300 3000 2895 2915 2715 2620 2000]
[2825 2785 2955 2835 2710 2610 2250 1850] [3365 3135 2940 2930 2875 2715 2735 2095]
[2805 2715 2760 2600 2825 2705 1555 1460] [3320 3155 2800 2800 2995 2890 2520 2510]
[2735 2725 2840 2740 2645 2045 1555 1695] [3135 2935 2990 2665 2850 3060 2605 2545]
[2870 2980 2935 2830 2560 1550 1740 1660] [3045 2870 2615 2895 2855 2620 2575 2365]
[2870 2995 2610 2830 2310 1505 1685 1850] [3135 2745 2735 2770 3060 2715 2615 2500]
[2710 2770 2580 2725 2155 1615 1905 1900] [3200 2830 2885 2680 2620 2385 2385 2345]
COM7 0 23
4
[3550 3185 3105 3050 3100 3040 2710 2100] [3340 3170 3165 3015 3055 2940 2770 2070]
[3495 3425 3075 2985 2935 2910 1695 1635] [3395 3300 3000 2895 2915 2715 2620 2000]
[3210 3520 3340 3130 2925 2710 1735 1740] [3365 3135 2940 2930 2875 2715 2735 2095]
[3310 3230 3220 3040 3020 2355 1800 1845] [3320 3155 2800 2800 2995 2890 2520 2510]
[3395 3175 2995 3130 2900 2060 1995 1920] [3135 2935 2990 2665 2850 3060 2605 2545]
[3370 3165 3270 3085 2575 1955 2045 1960] [3045 2870 2615 2895 2855 2620 2575 2365]
[3270 3435 3130 2950 2605 2060 1985 2065] [3135 2745 2735 2770 3060 2715 2615 2500]
[3500 3180 3305 2940 2725 2295 2290 2190] [3200 2830 2885 2680 2620 2385 2385 2345]
COM3 1 24
4
[3550 3185 3105 3050 3100 3040 2710 2100] [3175 3310 2840 2600 2670 2460 2080 2155]
[3495 3425 3075 2985 2935 2910 1695 1635] [3010 2985 2890 2760 2900 2705 2250 2105]
[3210 3520 3340 3130 2925 2710 1735 1740] [2955 2775 2815 2605 2875 2700 2500 2335]
[3310 3230 3220 3040 3020 2355 1800 1845] [2925 2910 2710 2830 2895 2580 2395 2415]
[3395 3175 2995 3130 2900 2060 1995 1920] [2645 2665 2605 2665 2715 2530 2465 2365]
[3370 3165 3270 3085 2575 1955 2045 1960] [2700 2590 2435 2640 2925 2435 2385 2250]
[3270 3435 3130 2950 2605 2060 1985 2065] [2770 2785 2665 2550 2645 2615 2330 2450]
[3500 3180 3305 2940 2725 2295 2290 2190] [2845 2820 2755 2695 2485 2615 2305 2315]
COM7 0 25
4
[2585 2675 2580 2725 2790 2590 2570 1870] [3175 3310 2840 2600 2670 2460 2080 2155]
[2570 2885 2660 2895 2845 2655 2525 1855] [3010 2985 2890 2760 2900 2705 2250 2105]
[2520 2480 2850 2745 2845 2555 2310 1920] [2955 2775 2815 2605 2875 2700 2500 2335]
[2605 2465 2890 2710 2805 2660 2130 1955] [2925 2910 2710 2830 2895 2580 2395 2415]
[3060 2855 3120 2690 2875 2595 2220 2035] [2645 2665 2605 2665 2715 2530 2465 2365]
[2770 2620 2865 3090 2475 2560 2380 1995] [2700 2590 2435 2640 2925 2435 2385 2250]
[2615 2830 2790 2775 2725 2510 2500 2220] [2770 2785 2665 2550 2645 2615 2330 2450]
[3025 2820 2810 2805 2845 2835 2600 2245] [2845 2820 2755 2695 2485 2615 2305 2315]
COM3 1 26
4
[2585 2675 2580 2725 2790 2590 2570 1870] [3175 2945 2880 3010 2995 2520 2145 2245]
[2570 2885 2660 2895 2845 2655 2525 1855] [2955 2900 3000 2945 2690 2715 2405 2375]
[2520 2480 2850 2745 2845 2555 2310 1920] [2940 2685 2925 2920 2690 2520 2450 2610]
[2605 2465 2890 2710 2805 2660 2130 1955] [2870 2620 2815 2855 2555 2470 2375 2565]
[3060 2855 3120 2690 2875 2595 2220 2035] [2915 2995 2710 2585 2560 2365 2455 2610]
[2770 2620 2865 3090 2475 2560 2380 1995] [2895 2870 2735 2685 2420 2485 2365 2755]
[2615 2830 2790 2775 2725 2510 2500 2220] [2905 3340 2860 2715 2560 2460 2295 2555]
[3025 2820 2810 2805 2845 2835 2600 2245] [3215 3305 3140 2970 2665 2260 2290 2255]
COM7 0 27
4
[2725 2775 3015 2790 2855 2845 2710 2500] [3175 2945 2880 3010 2995 2520 2145 2245]
[3015 3115 2890 2910 3000 2870 2670 2310] [2955 2900 3000 2945 2690 2715 2405 2375]
[2900 2810 2965 2980 2900 2810 2655 2185] [2940 2685 2925 2920 2690 2520 2450 2610]
[2930 2840 3240 2955 2925 2865 2610 2360] [2870 2620 2815 2855 2555 2470 2375 2565]
[2980 2945 3145 2855 2910 2930 2780 2555] [2915 2995 2710 2585 2560 2365 2455 2610]
[2755 3050 3295 3090 2880 2915 2700 2475] [2895 2870 2735 2685 2420 2485 2365 2755]
[3240 2995 3125 2970 2865 3035 2565 2590] [2905 3340 2860 2715 2560 2460 2295 2555]
[3155 3000 3220 3175 3070 2765 2965 2575] [3215 3305 3140 2970 2665 2260 2290 2255]
COM3 1 28
4
[2725 2775 3015 2790 2855 2845 2710 2500] [2740 2445 2785 2935 2835 2380 2080 2235]
[3015 3115 2890 2910 3000 2870 2670 2310] [2710 2670 2740 2790 2630 2490 2265 2255]
[2900 2810 2965 2980 2900 2810 2655 2185] [2550 2400 2645 2765 2530 2270 2380 2565]
[2930 2840 3240 2955 2925 2865 2610 2360] [2550 2425 2560 2605 2410 2260 2400 2620]
[2980 2945 3145 2855 2910 2930 2780 2555] [2755 2540 2540 2485 2320 2255 2390 2465]
[2755 3050 3295 3090 2880 2915 2700 2475] [2905 2875 2765 2440 2355 2290 2160 2540]
[3240 2995 3125 2970 2865 3035 2565 2590] [3030 3040 2595 2440 2350 2215 2150 2520]
[3155 3000 3220 3175 3070 2765 2965 2575] [3130 3255 2860 2750 2455 2075 2140 2420]
COM7 0 29
4
[3085 3075 2960 3065 2860 2820 2665 1740] [2740 2445 2785 2935 2835 2380 2080 2235]
[2995 3205 3085 2935 2810 2615 2475 1695] [2710 2670 2740 2790 2630 2490 2265 2255]
[3035 3245 2900 2925 2665 2555 2310 1730] [2550 2400 2645 2765 2530 2270 2380 2565]
[3135 2995 3215 2830 2895 2520 2330 2025] [2550 2425 2560 2605 2410 2260 2400 2620]
[3220 3055 3150 3040 2900 2460 2460 2385] [2755 2540 2540 2485 2320 2255 2390 2465]
[3175 3140 3020 3035 2965 2755 2500 2295] [2905 2875 2765 2440 2355 2290 2160 2540]
[3005 3165 2975 3240 3210 2775 2705 2435] [3030 3040 2595 2440 2350 2215 2150 2520]
[3200 3260 3075 2910 2900 2675 2870 2760] [3130 3255 2860 2750 2455 2075 2140 2420]
COM3 1 30
4
[3085 3075 2960 3065 2860 2820 2665 1740] [2765 2650 2635 2845 2925 2200 2095 2240]
[2995 3205 3085 2935 2810 2615 2475 1695] [2745 2625 2650 2715 2485 2465 2145 2175]
[3035 3245 2900 2925 2665 2555 2310 1730] [2820 2555 2555 2550 2505 2260 2485 2630]
[3135 2995 3215 2830 2895 2520 2330 2025] [2780 2850 2480 2450 2420 2335 2525 2690]
[3220 3055 3150 3040 2900 2460 2460 2385] [2990 2725 2650 2365 2310 2190 2490 2745]
[3175 3140 3020 3035 2965 2755 2500 2295] [3130 2850 2570 2470 2290 2450 2390 2660]
[3005 3165 2975 3240 3210 2775 2705 2435] [3260 3120 2625 2290 1975 2340 2310 2480]
[3200 3260 3075 2910 2900 2675 2870 2760] [3450 3225 2800 2460 2400 2520 2380 2590]
COM7 0 31
4
[2945 2835 2950 2910 2760 2680 2555 1740] [2765 2650 2635 2845 2925 2200 2095 2240]
[3065 2875 2845 2950 2655 2500 2225 1810] [2745 2625 2650 2715 2485 2465 2145 2175]
[2970 2890 3070 2795 2480 2505 2225 1885] [2820 2555 2555 2550 2505 2260 2485 2630]
[2900 2780 2730 2550 2370 2225 2240 1990] [2780 2850 2480 2450 2420 2335 2525 2690]
[3065 2890 2575 2485 2380 2260 1935 2190] [2990 2725 2650 2365 2310 2190 2490 2745]
[3000 2915 3025 2585 2085 2045 2120 1895] [3130 2850 2570 2470 2290 2450 2390 2660]
[2900 2920 2730 2665 2605 2305 2100 1735] [3260 3120 2625 2290 1975 2340 2310 2480]
[2940 2850 2870 2685 2710 2680 2545 2070] [3450 3225 2800 2460 2400 2520 2380 2590]
COM3 1 32
4
[2945 2835 2950 2910 2760 2680 2555 1740] [2535 2550 2700 2520 2060 2025 2160 2390]
[3065 2875 2845 2950 2655 2500 2225 1810] [2270 2515 2500 2350 2105 2235 2345 2700]
[2970 2890 3070 2795 2480 2505 2225 1885] [2505 2530 2300 2110 2380 2425 2785 2860]
[2900 2780 2730 2550 2370 2225 2240 1990] [2675 2545 2250 2295 2115 2170 2865 2955]
[3065 2890 2575 2485 2380 2260 1935 2190] [2690 2765 2425 2130 2200 2430 2670 3065]
[3000 2915 3025 2585 2085 2045 2120 1895] [3070 2610 2205 2380 2140 2425 2635 2750]
[2900 2920 2730 2665 2605 2305 2100 1735] [2765 3120 2440 2110 2195 2355 2730 3040]
[2940 2850 2870 2685 2710 2680 2545 2070] [3095 2925 2490 2240 2360 2395 2820 2750]
COM7 0 33
4
[2695 2705 2950 2910 2810 2645 2495 1845] [2535 2550 2700 2520 2060 2025 2160 2390]
[2800 2845 2775 2820 2765 2600 2470 1830] [2270 2515 2500 2350 2105 2235 2345 2700]
[2910 2770 2880 2705 2720 2645 2285 1870] [2505 2530 2300 2110 2380 2425 2785 2860]
[2825 2760 2925 2575 2525 2415 2355 1880] [2675 2545 2250 2295 2115 2170 2865 2955]
[3165 2655 2550 2410 2385 2150 2230 2050] [2690 2765 2425 2130 2200 2430 2670 3065]
[2750 2675 2535 2460 2210 2100 2470 1940] [3070 2610 2205 2380 2140 2425 2635 2750]
[2735 2765 2325 2410 2195 2390 2070 2070] [2765 3120 2440 2110 2195 2355 2730 3040]
[2910 2645 2700 2165 2140 2090 2560 2075] [3095 2925 2490 2240 2360 2395 2820 2750]
COM3 1 34
4
[2695 2705 2950 2910 2810 2645 2495 1845] [2475 2190 1820 1895 2160 2355 2860 3105]
[2800 2845 2775 2820 2765 2600 2470 1830] [2220 2145 2165 2165 2265 2900 2955 2850]
[2910 2770 2880 2705 2720 2645 2285 1870] [2405 2420 2150 2305 2760 2850 2900 2965]
[2825 2760 2925 2575 2525 2415 2355 1880] [2605 2250 2370 2300 2665 2880 2970 2890]
[3165 2655 2550 2410 2385 2150 2230 2050] [2560 2380 2220 2195 2525 2675 2865 3040]
[2750 2675 2535 2460 2210 2100 2470 1940] [2630 2420 2295 2315 2335 2685 2680 2825]
[2735 2765 2325 2410 2195 2390 2070 2070] [2855 2630 2410 2240 2515 2535 2700 2850]
[2910 2645 2700 2165 2140 2090 2560 2075] [2740 2645 2690 2485 2480 2515 2810 3000]
COM7 0 35
4
[2945 2890 2925 2855 2630 2670 2795 2895] [2475 2190 1820 1895 2160 2355 2860 3105]
[3015 3075 2830 2910 2735 2655 2575 2630] [2220 2145 2165 2165 2265 2900 2955 2850]
[2770 3020 2940 2950 2610 2720 2540 2490] [2405 2420 2150 2305 2760 2850 2900 2965]
[3040 3045 3085 2780 2710 2510 2495 2455] [2605 2250 2370 2300 2665 2880 2970 2890]
[2995 3105 2890 2745 2590 2530 2650 2315] [2560 2380 2220 2195 2525 2675 2865 3040]
[2830 2955 2570 2570 2465 2705 2660 2545] [2630 2420 2295 2315 2335 2685 2680 2825]
[3085 2995 2585 2755 2785 3000 2640 2545] [2855 2630 2410 2240 2515 2535 2700 2850]
[2685 2725 2665 2465 2515 2780 2950 2400] [2740 2645 2690 2485 2480 2515 2810 3000]
COM3 1 36
4
[2945 2890 2925 2855 2630 2670 2795 2895] [1720 2030 1965 1970 2190 2495 3060 3140]
[3015 3075 2830 2910 2735 2655 2575 2630] [1600 1900 1900 2135 2740 3080 3125 3175]
[2770 3020 2940 2950 2610 2720 2540 2490] [1940 1820 2150 2705 2980 3105 3070 3030]
[3040 3045 3085 2780 2710 2510 2495 2455] [2530 2350 2295 2475 2875 2810 3315 3030]
[2995 3105 2890 2745 2590 2530 2650 2315] [2540 2320 2230 2385 2705 2900 2955 2870]
[2830 2955 2570 2570 2465 2705 2660 2545] [2590 2385 2275 2455 2465 2670 2985 3305]
[3085 2995 2585 2755 2785 3000 2640 2545] [2870 2715 2240 2385 2530 2615 2880 3335]
[2685 2725 2665 2465 2515 2780 2950 2400] [2910 2540 2470 2390 2490 2690 2940 3165]
COM7 0 37
4
[2780 2665 2870 2925 2870 2765 2915 2985] [1720 2030 1965 1970 2190 2495 3060 3140]
[2995 3010 2595 2805 2720 2715 2920 2525] [1600 1900 1900 2135 2740 3080 3125 3175]
[2615 2800 2800 2645 2535 2750 2810 2800] [1940 1820 2150 2705 2980 3105 3070 3030]
[2895 3210 2805 2515 2505 2550 2690 2520] [2530 2350 2295 2475 2875 2810 3315 3030]
[2875 2805 2715 2500 2590 2635 2585 2575] [2540 2320 2230 2385 2705 2900 2955 2870]
[2825 2795 2620 2550 2540 2580 2670 2510] [2590 2385 2275 2455 2465 2670 2985 3305]
[2790 2840 2470 2665 2550 2810 2595 2390] [2870 2715 2240 2385 2530 2615 2880 3335]
[2960 2670 2640 2555 2275 2865 2805 2425] [2910 2540 2470 2390 2490 2690 2940 3165]
COM3 1 38
4
[2780 2665 2870 2925 2870 2765 2915 2985] [2175 2165 2300 2295 2525 2710 3075 3140]
[2995 3010 2595 2805 2720 2715 2920 2525] [1955 2105 2170 2155 2320 3070 3005 3075]
[2615 2800 2800 2645 2535 2750 2810 2800] [1975 1985 2005 1995 2805 3050 3185 3185]
[2895 3210 2805 2515 2505 2550 2690 2520] [1805 1605 2055 2645 2960 2890 3105 3045]
[2875 2805 2715 2500 2590 2635 2585 2575] [1600 1985 2580 2510 2910 2895 3155 3315]
[2825 2795 2620 2550 2540 2580 2670 2510] [1955 2320 2330 2670 2630 2940 3060 2945]
[2790 2840 2470 2665 2550 2810 2595 2390] [2245 2220 2400 2385 2325 2825 2985 3030]
[2960 2670 2640 2555 2275 2865 2805 2425] [2770 2410 2240 2195 2360 2670 3330 3300]
COM7 0 39
4
[3000 2685 2860 2805 2995 2830 2965 2895] [2175 2165 2300 2295 2525 2710 3075 3140]
[3010 2850 2750 2790 2805 2870 2870 2590] [1955 2105 2170 2155 2320 3070 3005 3075]
[2775 2810 2645 2585 2785 2895 2780 2550] [1975 1985 2005 1995 2805 3050 3185 3185]
[2790 2950 2705 2630 2740 2665 2755 2785] [1805 1605 2055 2645 2960 2890 3105 3045]
[3065 3015 2720 2770 2850 2675 3090 2630] [1600 1985 2580 2510 2910 2895 3155 3315]
[2850 2770 2650 2575 2565 2830 2915 2595] [1955 2320 2330 2670 2630 2940 3060 2945]
[2525 2900 2800 2845 2710 3040 2670 2610] [2245 2220 2400 2385 2325 2825 2985 3030]
[3000 2670 2510 2745 3040 2865 2845 2315] [2770 2410 2240 2195 2360 2670 3330 3300]
COM3 1 40
4
[3000 2685 2860 2805 2995 2830 2965 2895] [2905 2590 2765 2640 3100 2850 2985 3190]
[3010 2850 2750 2790 2805 2870 2870 2590] [2515 2430 2690 2835 3095 3145 3200 3160]
[2775 2810 2645 2585 2785 2895 2780 2550] [2185 2320 2455 2815 3050 3015 3105 3070]
[2790 2950 2705 2630 2740 2665 2755 2785] [2235 2185 2395 2815 3000 3075 3020 3130]
[3065 3015 2720 2770 2850 2675 3090 2630] [2110 2205 2470 2775 3035 3070 3240 3215]
[2850 2770 2650 2575 2565 2830 2915 2595] [1940 2270 2590 2795 3000 2995 3260 3190]
[2525 2900 2800 2845 2710 3040 2670 2610] [2085 2565 2680 2690 2780 3045 3235 3045]
[3000 2670 2510 2745 3040 2865 2845 2315] [2410 2350 2215 2580 2810 2835 3080 3240]
COM7 0 41
4
[2950 2685 2720 2880 2945 2830 3035 2555] [2905 2590 2765 2640 3100 2850 2985 3190]
[2955 2790 2760 2805 2825 2950 2970 2645] [2515 2430 2690 2835 3095 3145 3200 3160]
[2920 2860 2770 2750 2860 3120 2810 2370] [2185 2320 2455 2815 3050 3015 3105 3070]
[2775 2785 2715 2685 2800 2855 3005 2505] [2235 2185 2395 2815 3000 3075 3020 3130]
[2960 2905 2610 2790 3120 3000 2970 2425] [2110 2205 2470 2775 3035 3070 3240 3215]
[3020 2575 2805 2800 2870 3015 2785 2640] [1940 2270 2590 2795 3000 2995 3260 3190]
[2835 2655 2675 2550 2955 3090 2925 2380] [2085 2565 2680 2690 2780 3045 3235 3045]
[2705 2550 2775 2755 2660 2915 2620 2540] [2410 2350 2215 2580 2810 2835 3080 3240]
COM3 1 42
4
[2950 2685 2720 2880 2945 2830 3035 2555] [2620 2505 2510 2830 2965 3025 3170 3165]
[2955 2790 2760 2805 2825 2950 2970 2645] [2550 2410 2645 2760 3030 3210 3100 3025]
[2920 2860 2770 2750 2860 3120 2810 2370] [2460 2570 2585 2765 3130 2995 3080 3030]
[2775 2785 2715 2685 2800 2855 3005 2505] [2300 2685 2845 2795 3140 3050 3220 3230]
[2960 2905 2610 2790 3120 3000 2970 2425] [2405 2690 2735 2775 2970 3165 3225 3225]
[3020 2575 2805 2800 2870 3015 2785 2640] [2485 2585 2720 2785 3140 3195 3160 3265]
[2835 2655 2675 2550 2955 3090 2925 2380] [2800 2510 2755 2775 3070 3120 3375 3230]
[2705 2550 2775 2755 2660 2915 2620 2540] [2630 2415 2540 2805 2700 2855 3250 3135]
COM7 0 43
4
[2775 2555 2655 2700 2775 2950 2830 2695] [2620 2505 2510 2830 2965 3025 3170 3165]
[2840 2865 2565 2785 2775 2750 2630 2515] [2550 2410 2645 2760 3030 3210 3100 3025]
[2890 2645 2580 2685 2645 2995 2770 2510] [2460 2570 2585 2765 3130 2995 3080 3030]
[2900 2760 2605 2750 2785 3110 2700 2445] [2300 2685 2845 2795 3140 3050 3220 3230]
[2885 2550 2630 2700 2835 2925 2900 2450] [2405 2690 2735 2775 2970 3165 3225 3225]
[2590 2580 2415 2650 2715 2705 2620 2370] [2485 2585 2720 2785 3140 3195 3160 3265]
[2880 2455 2470 2505 2560 2725 2450 2375] [2800 2510 2755 2775 3070 3120 3375 3230]
[2655 2410 2450 2510 2155 2300 2295 2175] [2630 2415 2540 2805 2700 2855 3250 3135]
COM3 1 44
4
[2775 2555 2655 2700 2775 2950 2830 2695] [2730 2750 2525 3040 3230 3310 3185 3410]
[2840 2865 2565 2785 2775 2750 2630 2515] [2580 2495 2755 2840 3235 3200 3110 3110]
[2890 2645 2580 2685 2645 2995 2770 2510] [2675 2455 2670 2890 3175 3020 3245 2960]
[2900 2760 2605 2750 2785 3110 2700 2445] [2740 2720 2660 3015 3105 3025 3045 3220]
[2885 2550 2630 2700 2835 2925 2900 2450] [2640 2420 2580 2710 2965 3105 3245 3230]
[2590 2580 2415 2650 2715 2705 2620 2370] [2580 2240 2510 2800 2955 3030 3225 3620]
[2880 2455 2470 2505 2560 2725 2450 2375] [2090 2300 2605 2680 2585 3055 3340 3135]
[2655 2410 2450 2510 2155 2300 2295 2175] [2285 2245 2355 2470 2710 2745 2925 3485]
COM7 0 45
4
[3015 2790 2575 2805 2700 2950 2795 2585] [2730 2750 2525 3040 3230 3310 3185 3410]
[3015 2785 2495 2775 2765 2760 2930 2615] [2580 2495 2755 2840 3235 3200 3110 3110]
[2920 2825 2585 2450 2790 2895 2895 2625] [2675 2455 2670 2890 3175 3020 3245 2960]
[2735 2615 3000 2465 2755 3015 2840 2475] [2740 2720 2660 3015 3105 3025 3045 3220]
[2970 2570 2655 2450 2760 2855 3120 2550] [2640 2420 2580 2710 2965 3105 3245 3230]
[2610 2565 2845 2615 2650 2780 2660 2515] [2580 2240 2510 2800 2955 3030 3225 3620]
[2995 2655 2335 2580 2585 2725 2490 2185] [2090 2300 2605 2680 2585 3055 3340 3135]
[3155 3015 2715 2515 2455 2460 2395 2340] [2285 2245 2355 2470 2710 2745 2925 3485]
COM3 1 46
4
[3015 2790 2575 2805 2700 2950 2795 2585] [2930 2710 2675 2840 3295 3190 3060 3195]
[3015 2785 2495 2775 2765 2760 2930 2615] [2465 2475 2720 3005 3025 3140 3345 3070]
[2920 2825 2585 2450 2790 2895 2895 2625] [2870 2675 2700 2925 3010 3140 3045 3070]
[2735 2615 3000 2465 2755 3015 2840 2475] [2580 2410 2770 2815 3005 3035 3325 3080]
[2970 2570 2655 2450 2760 2855 3120 2550] [2490 2440 2685 2830 2975 2895 3230 3235]
[2610 2565 2845 2615 2650 2780 2660 2515] [2415 2490 2480 2685 2830 3045 2955 3350]
[2995 2655 2335 2580 2585 2725 2490 2185] [2405 2465 2475 2770 2965 3165 3230 3210]
[3155 3015 2715 2515 2455 2460 2395 2340] [2455 2490 2385 2570 2805 2965 3255 3445]
COM7 0 47
4
[3030 2935 2640 2735 2550 2510 2855 2635] [2930 2710 2675 2840 3295 3190 3060 3195]
[2955 2865 2705 2710 2635 2720 2670 2630] [2465 2475 2720 3005 3025 3140 3345 3070]
[2945 2895 2620 2460 2530 2815 2610 2525] [2870 2675 2700 2925 3010 3140 3045 3070]
[2830 2965 2620 2460 2415 2560 2735 2375] [2580 2410 2770 2815 3005 3035 3325 3080]
[2755 2850 2875 2270 2545 2600 2760 2535] [2490 2440 2685 2830 2975 2895 3230 3235]
[2895 2965 2665 2485 2450 2335 2360 2230] [2415 2490 2480 2685 2830 3045 2955 3350]
[3050 2995 2650 2560 2270 2395 2450 2320] [2405 2465 2475 2770 2965 3165 3230 3210]
[3040 2925 2800 2565 2575 2240 2325 2270] [2455 2490 2385 2570 2805 2965 3255 3445]
COM3 1 48
4
[3030 2935 2640 2735 2550 2510 2855 2635] [2820 2635 2685 2635 3055 3205 3225 3205]
[2955 2865 2705 2710 2635 2720 2670 2630] [2720 2540 2570 2820 3015 3145 3230 3115]
[2945 2895 2620 2460 2530 2815 2610 2525] [2770 2575 2460 2635 3110 3085 3140 3085]
[2830 2965 2620 2460 2415 2560 2735 2375] [2530 2535 2595 2950 3130 3150 3090 3070]
[2755 2850 2875 2270 2545 2600 2760 2535] [2440 2545 2655 2865 3200 3045 3175 3010]
[2895 2965 2665 2485 2450 2335 2360 2230] [2105 2360 2510 2795 3000 3035 3265 3365]
[3050 2995 2650 2560 2270 2395 2450 2320] [2045 2245 2545 2645 2765 2985 3225 3115]
[3040 2925 2800 2565 2575 2240 2325 2270] [2370 2125 2455 2915 2560 3250 3010 3230]
COM7 0 49
4
[3200 2860 2580 2665 2510 2280 2005 1385] [2820 2635 2685 2635 3055 3205 3225 3205]
[3245 3010 2725 2565 2575 2235 1445 1535] [2720 2540 2570 2820 3015 3145 3230 3115]
[2955 2885 2670 2475 2365 2105 1435 1670] [2770 2575 2460 2635 3110 3085 3140 3085]
[3115 2780 2745 2510 2390 2270 1835 1575] [2530 2535 2595 2950 3130 3150 3090 3070]
[3070 2705 2700 2510 2285 2105 2200 2000] [2440 2545 2655 2865 3200 3045 3175 3010]
[2870 2700 2765 2430 2255 2255 2260 2175] [2105 2360 2510 2795 3000 3035 3265 3365]
[2735 2915 2630 2515 2370 2155 2110 2200] [2045 2245 2545 2645 2765 2985 3225 3115]
[3165 3235 2995 2745 2535 2325 2050 2135] [2370 2125 2455 2915 2560 3250 3010 3230]
COM3 1 50
4
[3200 2860 2580 2665 2510 2280 2005 1385] [2515 2825 2765 2790 3075 3025 3225 3155]
[3245 3010 2725 2565 2575 2235 1445 1535] [2705 2610 2775 2720 2970 3245 3155 3115]
[2955 2885 2670 2475 2365 2105 1435 1670] [2720 2860 2625 2865 3125 2975 3040 3060]
[3115 2780 2745 2510 2390 2270 1835 1575] [2715 2560 3010 3020 3115 3090 3165 2965]
[3070 2705 2700 2510 2285 2105 2200 2000] [2510 2520 2880 2850 2965 2890 3065 3140]
[2870 2700 2765 2430 2255 2255 2260 2175] [2580 2505 2795 3035 3115 3045 3220 3125]
[2735 2915 2630 2515 2370 2155 2110 2200] [2540 2500 2640 2680 3050 3090 3140 3205]
[3165 3235 2995 2745 2535 2325 2050 2135] [2635 2435 2640 2820 2795 2860 3020 3415]
COM7 0 51
4
[2935 2695 2640 2485 2065 1440 1655 1875] [2515 2825 2765 2790 3075 3025 3225 3155]
[2890 2750 2525 2150 1645 1475 1595 1805] [2705 2610 2775 2720 2970 3245 3155 3115]
[2640 2650 2445 1785 1205 1470 1695 1640] [2720 2860 2625 2865 3125 2975 3040 3060]
[2735 2820 2480 1720 1295 1610 1520 1735] [2715 2560 3010 3020 3115 3090 3165 2965]
[2720 2620 2560 1735 1470 1425 1725 2295] [2510 2520 2880 2850 2965 2890 3065 3140]
[3050 2850 2915 2170 1695 1660 1925 2265] [2580 2505 2795 3035 3115 3045 3220 3125]
[2955 2720 2645 2420 2125 1885 2040 2220] [2540 2500 2640 2680 3050 3090 3140 3205]
[3145 3085 2965 2635 2450 1960 2105 2295] [2635 2435 2640 2820 2795 2860 3020 3415]
COM3 1 52
4
[2935 2695 2640 2485 2065 1440 1655 1875] [2060 2575 2705 2930 2875 3060 2980 3000]
[2890 2750 2525 2150 1645 1475 1595 1805] [2445 2800 2875 2895 3010 3120 3050 2975]
[2640 2650 2445 1785 1205 1470 1695 1640] [2615 2695 2690 2815 3005 3070 3050 2940]
[2735 2820 2480 1720 1295 1610 1520 1735] [2515 2780 2815 3035 3095 2960 3175 3050]
[2720 2620 2560 1735 1470 1425 1725 2295] [2495 2640 2705 2630 3115 3275 3235 3115]
[3050 2850 2915 2170 1695 1660 1925 2265] [2295 2595 2600 2745 2955 3235 3200 3210]
[2955 2720 2645 2420 2125 1885 2040 2220] [2510 2625 2570 2720 2840 2955 3125 3300]
[3145 3085 2965 2635 2450 1960 2105 2295] [2560 2520 2485 2865 2890 3045 3000 3470]
COM7 0 53
4
[2980 2710 2540 2375 2495 2445 2585 2640] [2060 2575 2705 2930 2875 3060 2980 3000]
[3115 2880 2435 2390 2365 2260 2315 2435] [2445 2800 2875 2895 3010 3120 3050 2975]
[2710 2585 2340 2275 1880 2010 2025 2230] [2615 2695 2690 2815 3005 3070 3050 2940]
[2575 2535 2390 1895 1780 1845 1930 2060] [2515 2780 2815 3035 3095 2960 3175 3050]
[2535 2270 1945 1580 1665 1725 1830 2075] [2495 2640 2705 2630 3115 3275 3235 3115]
[2735 2205 1640 1455 1545 1600 1590 2560] [2295 2595 2600 2745 2955 3235 3200 3210]
[2690 1840 1315 1460 1390 1370 2025 2595] [2510 2625 2570 2720 2840 2955 3125 3300]
[2875 2360 1395 1340 1260 1955 2295 2425] [2560 2520 2485 2865 2890 3045 3000 3470]
COM3 1 54
4
[2980 2710 2540 2375 2495 2445 2585 2640] [2290 2810 2920 2740 2610 2730 2805 2960]
[3115 2880 2435 2390 2365 2260 2315 2435] [2555 2785 2880 2885 2755 3005 2870 2810]
[2710 2585 2340 2275 1880 2010 2025 2230] [2430 2665 3025 2875 2855 3085 2980 2845]
[2575 2535 2390 1895 1780 1845 1930 2060] [2145 2460 2760 2945 2875 3040 3025 2945]
[2535 2270 1945 1580 1665 1725 1830 2075] [1960 2300 2545 2920 2900 2995 2990 3035]
[2735 2205 1640 1455 1545 1600 1590 2560] [1745 2060 2110 2625 2875 2985 3210 2985]
[2690 1840 1315 1460 1390 1370 2025 2595] [2005 2070 2170 2460 2960 2950 3005 3105]
[2875 2360 1395 1340 1260 1955 2295 2425] [2005 2120 2335 2890 2880 2955 3275 3090]
COM7 0 55
4
[2725 2635 2560 2595 2395 2170 2210 2265] [2290 2810 2920 2740 2610 2730 2805 2960]
[3050 2920 2895 2520 2320 2390 2200 2515] [2555 2785 2880 2885 2755 3005 2870 2810]
[2680 2840 2690 2565 2195 1960 2350 2380] [2430 2665 3025 2875 2855 3085 2980 2845]
[2940 2590 2795 2515 2245 2375 2235 2305] [2145 2460 2760 2945 2875 3040 3025 2945]
[2685 2840 2750 2510 2470 2445 2560 2520] [1960 2300 2545 2920 2900 2995 2990 3035]
[2965 2560 2665 2210 1940 2095 2350 2505] [1745 2060 2110 2625 2875 2985 3210 2985]
[2575 2535 2115 1900 1880 1870 2040 2505] [2005 2070 2170 2460 2960 2950 3005 3105]
[2475 2335 1775 1625 1755 1745 2125 2370] [2005 2120 2335 2890 2880 2955 3275 3090]
COM3 1 56
4
[2725 2635 2560 2595 2395 2170 2210 2265] [2835 2910 3190 3075 3015 3095 3115 3205]
[3050 2920 2895 2520 2320 2390 2200 2515] [2755 2795 2995 2895 2910 3145 3070 3185]
[2680 2840 2690 2565 2195 1960 2350 2380] [2490 2690 2955 3065 3250 3120 3190 3225]
[2940 2590 2795 2515 2245 2375 2235 2305] [2305 2610 3010 3045 3135 3120 3100 3125]
[2685 2840 2750 2510 2470 2445 2560 2520] [2385 2405 2635 2830 3135 3050 3110 3195]
[2965 2560 2665 2210 1940 2095 2350 2505] [2260 2500 2560 2935 2995 3270 3135 3340]
[2575 2535 2115 1900 1880 1870 2040 2505] [2480 2420 2675 2680 3235 3275 3290 3415]
[2475 2335 1775 1625 1755 1745 2125 2370] [2505 2475 2805 3075 2970 3095 3425 3125]
COM7 0 57
4
[3265 2940 3005 2845 2710 2555 2675 2915] [2835 2910 3190 3075 3015 3095 3115 3205]
[3185 3025 2770 2685 2525 2695 2860 3160] [2755 2795 2995 2895 2910 3145 3070 3185]
[2950 2925 2945 2530 2295 2625 2850 3030] [2490 2690 2955 3065 3250 3120 3190 3225]
[3150 2770 2725 2685 2555 2430 2790 2995] [2305 2610 3010 3045 3135 3120 3100 3125]
[3070 3070 2670 2600 2360 2495 2890 3055] [2385 2405 2635 2830 3135 3050 3110 3195]
[2945 3025 2695 2455 2390 2530 2745 2925] [2260 2500 2560 2935 2995 3270 3135 3340]
[3225 2900 2495 2305 2240 2430 2530 3055] [2480 2420 2675 2680 3235 3275 3290 3415]
[2925 2310 1840 1810 1845 2165 2855 2935] [2505 2475 2805 3075 2970 3095 3425 3125]
COM3 1 58
4
[3265 2940 3005 2845 2710 2555 2675 2915] [2745 3000 3170 3185 3060 3145 3040 3410]
[3185 3025 2770 2685 2525 2695 2860 3160] [2610 2900 2995 2975 3015 3150 3075 3170]
[2950 2925 2945 2530 2295 2625 2850 3030] [2705 2930 2950 3125 3265 3100 3115 3015]
[3150 2770 2725 2685 2555 2430 2790 2995] [2440 2830 2985 3075 3050 3215 3235 3215]
[3070 3070 2670 2600 2360 2495 2890 3055] [2250 2530 2640 3030 3115 3025 3265 3315]
[2945 3025 2695 2455 2390 2530 2745 2925] [2205 2495 2570 3090 3210 3365 3160 3415]
[3225 2900 2495 2305 2240 2430 2530 3055] [2260 2465 2670 3065 3335 3385 3245 3370]
[2925 2310 1840 1810 1845 2165 2855 2935] [2435 2515 2610 2975 3275 3205 3490 3355]
COM7 0 59
4
[2965 2980 2790 2635 2745 2640 2635 3115] [2745 3000 3170 3185 3060 3145 3040 3410]
[3085 2970 2750 2765 2620 2570 2920 2985] [2610 2900 2995 2975 3015 3150 3075 3170]
[2840 2875 2680 2400 2360 2570 2815 2965] [2705 2930 2950 3125 3265 3100 3115 3015]
[3150 2855 2545 2535 2430 2440 2650 3025] [2440 2830 2985 3075 3050 3215 3235 3215]
[2895 2755 2510 2320 2545 2380 2955 3135] [2250 2530 2640 3030 3115 3025 3265 3315]
[2915 2805 2610 2205 2295 2505 2940 2830] [2205 2495 2570 3090 3210 3365 3160 3415]
[2910 2580 1895 1940 2060 2335 2590 2910] [2260 2465 2670 3065 3335 3385 3245 3370]
[2685 1625 1660 1715 1695 2530 2970 3015] [2435 2515 2610 2975 3275 3205 3490 3355]
COM3 1 60
4
[2965 2980 2790 2635 2745 2640 2635 3115] [1805 2985 3195 3085 3075 2995 3100 3190]
[3085 2970 2750 2765 2620 2570 2920 2985] [2205 3195 2985 3015 2865 3095 3050 3240]
[2840 2875 2680 2400 2360 2570 2815 2965] [2515 2950 3220 3175 3165 3010 3150 3105]
[3150 2855 2545 2535 2430 2440 2650 3025] [2600 2935 3235 3045 2970 3020 3050 3110]
[2895 2755 2510 2320 2545 2380 2955 3135] [2350 2790 2925 3050 3200 3210 3240 3150]
[2915 2805 2610 2205 2295 2505 2940 2830] [2150 2685 3000 3395 3325 3230 3210 3335]
[2910 2580 1895 1940 2060 2335 2590 2910] [2145 2540 2810 3300 3220 3205 3225 3345]
[2685 1625 1660 1715 1695 2530 2970 3015] [2345 2460 2900 3195 3070 3350 3220 3260]
COM7 0 61
4
[2910 2935 2975 2690 2645 2500 2735 3020] [1805 2985 3195 3085 3075 2995 3100 3190]
[2915 3095 2635 2470 2645 2575 2975 3170] [2205 3195 2985 3015 2865 3095 3050 3240]
[2765 2740 2635 2280 2370 2645 2885 3035] [2515 2950 3220 3175 3165 3010 3150 3105]
[2865 2575 2535 2375 2270 2735 2835 3100] [2600 2935 3235 3045 2970 3020 3050 3110]
[3065 2625 2630 2285 2295 2425 2970 3150] [2350 2790 2925 3050 3200 3210 3240 3150]
[2825 2480 1955 1775 1960 2445 2910 2975] [2150 2685 3000 3395 3325 3230 3210 3335]
[2420 1515 1565 1660 1670 2390 2660 3040] [2145 2540 2810 3300 3220 3205 3225 3345]
[1925 1565 1750 1580 1705 2540 2855 3235] [2345 2460 2900 3195 3070 3350 3220 3260]
COM3 1 62
4
[2910 2935 2975 2690 2645 2500 2735 3020] [2100 2010 2675 2930 3060 3165 3145 3225]
[2915 3095 2635 2470 2645 2575 2975 3170] [2035 2070 2690 2970 2965 3325 3095 3170]
[2765 2740 2635 2280 2370 2645 2885 3035] [2000 2345 2935 3070 3270 2915 3325 3120]
[2865 2575 2535 2375 2270 2735 2835 3100] [2555 3175 3350 3035 3145 3170 3175 2975]
[3065 2625 2630 2285 2295 2425 2970 3150] [2605 2815 3125 3025 3135 3155 3295 3060]
[2825 2480 1955 1775 1960 2445 2910 2975] [2290 2880 3145 3500 3270 3310 3165 3395]
[2420 1515 1565 1660 1670 2390 2660 3040] [2275 2865 3015 3135 3195 3400 3245 3275]
[1925 1565 1750 1580 1705 2540 2855 3235] [2460 2515 2950 3240 3310 3150 3275 3395]
COM7 0 63
4
[2935 2655 2465 2535 2385 2530 2765 2885] [2100 2010 2675 2930 3060 3165 3145 3225]
[2815 2565 2570 2385 2425 2490 2855 2965] [2035 2070 2690 2970 2965 3325 3095 3170]
[2650 2535 2300 2170 2260 2415 2665 3025] [2000 2345 2935 3070 3270 2915 3325 3120]
[2930 2340 1675 1810 2040 2300 2735 2755] [2555 3175 3350 3035 3145 3170 3175 2975]
[2685 1445 1315 1325 1420 2435 2975 2890] [2605 2815 3125 3025 3135 3155 3295 3060]
[2070 1445 1715 1565 1440 2430 2750 2910] [2290 2880 3145 3500 3270 3310 3165 3395]
[1585 1605 1725 1645 1760 2510 2690 2970] [2275 2865 3015 3135 3195 3400 3245 3275]
[1695 1800 1710 1660 2335 2440 2910 3095] [2460 2515 2950 3240 3310 3150 3275 3395]
COM3 1 64
4
[2935 2655 2465 2535 2385 2530 2765 2885] [2125 2110 2240 3145 3055 3065 3250 3000]
[2815 2565 2570 2385 2425 2490 2855 2965] [2135 2100 2465 2960 2905 3155 3080 2915]
[2650 2535 2300 2170 2260 2415 2665 3025] [2145 2170 2750 2905 3130 3250 3110 3015]
[2930 2340 1675 1810 2040 2300 2735 2755] [2340 2590 2910 3185 2940 3180 3100 3035]
[2685 1445 1315 1325 1420 2435 2975 2890] [2415 2925 3335 2995 3205 3340 3070 3385]
[2070 1445 1715 1565 1440 2430 2750 2910] [2490 2885 2980 3270 2990 3315 3115 3430]
[1585 1605 1725 1645 1760 2510 2690 2970] [2330 2960 3185 3010 3280 3105 3170 3175]
[1695 1800 1710 1660 2335 2440 2910 3095] [2410 2885 3195 3480 3060 3095 3050 3390]
COM7 0 65
4
[2680 1605 1310 1505 1535 2375 2800 3130] [2125 2110 2240 3145 3055 3065 3250 3000]
[2410 1445 1435 1495 1525 2495 2640 2850] [2135 2100 2465 2960 2905 3155 3080 2915]
[2160 1600 1655 1615 1630 2410 2595 3030] [2145 2170 2750 2905 3130 3250 3110 3015]
[1940 1835 1780 1735 2075 2560 2815 2960] [2340 2590 2910 3185 2940 3180 3100 3035]
[1800 1875 1870 1835 2470 2745 3040 3010] [2415 2925 3335 2995 3205 3340 3070 3385]
[1835 1975 2055 2000 2435 2735 2810 3210] [2490 2885 2980 3270 2990 3315 3115 3430]
[2280 2030 2030 2200 2545 2615 2765 2870] [2330 2960 3185 3010 3280 3105 3170 3175]
[2415 2200 2250 2345 2430 2825 3145 2930] [2410 2885 3195 3480 3060 3095 3050 3390]