COM7 0 6
0
[2695 2930 2715 2895 2750 2955 3005 2985] [3185 3050 3275 3195 3315 3020 3065 3160]
[3135 3085 2765 3015 2980 3000 2855 3060] [3320 3195 3190 3165 3185 3235 2965 3055]
[2710 3035 3005 2985 2755 2925 2980 2925] [3280 3265 3195 3145 3235 3000 3110 3095]
[3055 3005 3035 2925 2965 3030 2940 3055] [3245 3125 3350 3150 3155 3065 3060 3075]
[3250 3100 2920 3045 3245 2870 3070 3020] [3220 3380 3295 3265 3075 3115 3305 3205]
[3010 3110 2995 3120 3070 2915 3180 3020] [3230 3160 3315 3220 3195 3285 3235 3090]
[3075 3080 2815 2985 2935 3215 3065 2840] [3085 3205 3265 3235 3170 3180 3440 3060]
[3115 3295 3125 3170 3120 3090 3240 2980] [3170 3380 3405 3265 3065 3055 3330 3235]
COM3 1 7
0
[2695 2930 2715 2895 2750 2955 3005 2985] [3260 3305 3205 3180 3045 3045 3190 3120]
[3135 3085 2765 3015 2980 3000 2855 3060] [3145 3195 3195 3145 3120 3280 3055 3115]
[2710 3035 3005 2985 2755 2925 2980 2925] [3130 3045 3190 3145 3095 3090 3170 3120]
[3055 3005 3035 2925 2965 3030 2940 3055] [3160 3310 3160 3180 3125 3070 3180 3100]
[3250 3100 2920 3045 3245 2870 3070 3020] [3225 3105 3215 3115 3170 3255 3195 3150]
[3010 3110 2995 3120 3070 2915 3180 3020] [3135 3095 3245 3210 3080 3230 3285 3305]
[3075 3080 2815 2985 2935 3215 3065 2840] [3400 3270 3370 3030 3205 3180 3080 3200]
[3115 3295 3125 3170 3120 3090 3240 2980] [3260 3415 3230 3370 2950 3175 3165 3265]
COM7 0 8
0
[2835 2735 2740 2885 2890 2900 3005 3020] [3260 3305 3205 3180 3045 3045 3190 3120]
[2890 3145 2865 2965 2985 2905 2750 2865] [3145 3195 3195 3145 3120 3280 3055 3115]
[2855 2835 3025 2850 2980 2895 2885 3030] [3130 3045 3190 3145 3095 3090 3170 3120]
[3050 2990 3005 2690 2970 3015 2950 2940] [3160 3310 3160 3180 3125 3070 3180 3100]
[2965 3010 2850 2820 2940 2830 3160 2935] [3225 3105 3215 3115 3170 3255 3195 3150]
[2690 3105 3105 3100 2755 3110 3050 2840] [3135 3095 3245 3210 3080 3230 3285 3305]
[2895 3000 2945 3310 2720 3100 2975 3015] [3400 3270 3370 3030 3205 3180 3080 3200]
[2945 2590 3355 2990 2995 2895 3065 3135] [3260 3415 3230 3370 2950 3175 3165 3265]
COM3 1 9
0
[2835 2735 2740 2885 2890 2900 3005 3020] [3175 3175 3140 3125 3220 3025 2970 3225]
[2890 3145 2865 2965 2985 2905 2750 2865] [3215 3180 3225 3105 3095 3165 3285 3005]
[2855 2835 3025 2850 2980 2895 2885 3030] [3295 3190 3380 3030 3135 3095 3145 3125]
[3050 2990 3005 2690 2970 3015 2950 2940] [3260 3275 3265 3210 3070 2995 3140 3000]
[2965 3010 2850 2820 2940 2830 3160 2935] [3485 3220 3250 3170 3215 3160 3225 3280]
[2690 3105 3105 3100 2755 3110 3050 2840] [3175 3170 3240 3210 3045 3265 3290 3150]
[2895 3000 2945 3310 2720 3100 2975 3015] [3300 3420 3525 2975 3320 3205 3290 3200]
[2945 2590 3355 2990 2995 2895 3065 3135] [3105 3390 3270 3080 3235 3180 3235 3055]
COM7 0 10
0
[2965 2790 2760 2970 2930 2750 3040 3020] [3175 3175 3140 3125 3220 3025 2970 3225]
[3065 2930 3095 2940 3000 3015 2985 2860] [3215 3180 3225 3105 3095 3165 3285 3005]
[2920 3040 2985 2890 2950 3125 2835 2815] [3295 3190 3380 3030 3135 3095 3145 3125]
[3265 3045 3110 2870 2980 2830 3045 2900] [3260 3275 3265 3210 3070 2995 3140 3000]
[3205 2865 3110 3010 2885 2975 3075 3050] [3485 3220 3250 3170 3215 3160 3225 3280]
[3040 2810 3070 3025 2855 2990 3020 2920] [3175 3170 3240 3210 3045 3265 3290 3150]
[2880 3030 3075 3155 2870 2990 3010 3020] [3300 3420 3525 2975 3320 3205 3290 3200]
[3030 2895 3195 3030 2840 3035 3050 2955] [3105 3390 3270 3080 3235 3180 3235 3055]
COM3 1 11
0
[2965 2790 2760 2970 2930 2750 3040 3020] [3180 3070 3005 2990 3130 3075 3085 3110]
[3065 2930 3095 2940 3000 3015 2985 2860] [3015 3005 2985 2950 3115 3145 3140 3080]
[2920 3040 2985 2890 2950 3125 2835 2815] [3135 3045 3035 2985 3125 3100 3185 2960]
[3265 3045 3110 2870 2980 2830 3045 2900] [3095 3210 3095 3210 3065 3070 3100 3050]
[3205 2865 3110 3010 2885 2975 3075 3050] [3065 3245 3345 3105 3040 2975 3090 3105]
[3040 2810 3070 3025 2855 2990 3020 2920] [3080 2885 3110 3190 3065 2960 3220 3085]
[2880 3030 3075 3155 2870 2990 3010 3020] [3235 3115 3175 3025 3270 3145 3055 3100]
[3030 2895 3195 3030 2840 3035 3050 2955] [3190 3195 3310 3225 2935 3050 3175 3055]
COM7 0 12
0
[3050 2745 3060 2960 2930 2845 3115 3170] [3180 3070 3005 2990 3130 3075 3085 3110]
[3010 3335 2935 3045 2930 2945 3035 3145] [3015 3005 2985 2950 3115 3145 3140 3080]
[2790 3140 3040 2975 3005 3000 3100 3135] [3135 3045 3035 2985 3125 3100 3185 2960]
[3050 2785 3045 3035 3000 3090 3195 3120] [3095 3210 3095 3210 3065 3070 3100 3050]
[3200 2890 3010 3065 3105 2975 3225 3175] [3065 3245 3345 3105 3040 2975 3090 3105]
[3130 3010 3255 3130 2975 3100 3200 3040] [3080 2885 3110 3190 3065 2960 3220 3085]
[3210 3185 3180 2985 2995 3170 2920 3140] [3235 3115 3175 3025 3270 3145 3055 3100]
[3395 3520 2940 2975 3110 3150 3380 3165] [3190 3195 3310 3225 2935 3050 3175 3055]
COM3 1 13
0
[3050 2745 3060 2960 2930 2845 3115 3170] [3175 3085 3165 3110 3380 2950 3230 3270]
[3010 3335 2935 3045 2930 2945 3035 3145] [3105 3180 3085 3135 3285 3260 3120 3085]
[2790 3140 3040 2975 3005 3000 3100 3135] [3230 3295 3145 3070 3135 3070 3115 3095]
[3050 2785 3045 3035 3000 3090 3195 3120] [3300 3245 3180 3100 2990 3225 3060 3130]
[3200 2890 3010 3065 3105 2975 3225 3175] [3370 3160 3250 3045 3130 3160 3200 3150]
[3130 3010 3255 3130 2975 3100 3200 3040] [3180 3095 3195 3235 3150 3150 3145 3215]
[3210 3185 3180 2985 2995 3170 2920 3140] [3250 3345 3450 3105 2960 3165 3275 3100]
[3395 3520 2940 2975 3110 3150 3380 3165] [3305 3075 3365 3095 3145 3050 3110 3195]
COM7 0 14
0
[2835 2800 2905 3005 3010 2935 2915 2880] [3175 3085 3165 3110 3380 2950 3230 3270]
[2905 2935 2750 2880 2860 2845 2915 2790] [3105 3180 3085 3135 3285 3260 3120 3085]
[2720 2845 2995 2840 2765 2845 2805 2915] [3230 3295 3145 3070 3135 3070 3115 3095]
[3005 2830 3010 2805 2945 2850 2875 2920] [3300 3245 3180 3100 2990 3225 3060 3130]
[2795 2990 2940 2840 3100 2970 3030 2865] [3370 3160 3250 3045 3130 3160 3200 3150]
[3065 3025 3070 3100 2820 2810 3070 2845] [3180 3095 3195 3235 3150 3150 3145 3215]
[2890 2920 2860 2975 3005 2910 2930 3000] [3250 3345 3450 3105 2960 3165 3275 3100]
[3130 3090 3025 2700 3015 2930 2960 2905] [3305 3075 3365 3095 3145 3050 3110 3195]
COM3 1 15
0
[2835 2800 2905 3005 3010 2935 2915 2880] [2935 3035 3140 2980 3175 2920 3040 3075]
[2905 2935 2750 2880 2860 2845 2915 2790] [2905 2865 3040 2970 2985 3150 3020 2920]
[2720 2845 2995 2840 2765 2845 2805 2915] [2970 3045 3040 3025 3110 2995 3005 3010]
[3005 2830 3010 2805 2945 2850 2875 2920] [3020 3105 3085 3030 3085 3000 3050 3000]
[2795 2990 2940 2840 3100 2970 3030 2865] [3060 3120 3025 2955 3120 3050 2985 3085]
[3065 3025 3070 3100 2820 2810 3070 2845] [3005 2910 3145 3235 3085 3070 3150 3225]
[2890 2920 2860 2975 3005 2910 2930 3000] [3270 3250 3180 2960 3065 3075 3095 3135]
[3130 3090 3025 2700 3015 2930 2960 2905] [3160 3205 3170 3220 3280 3050 3140 3195]
COM7 0 16
0
[3125 2980 2905 3170 2980 3130 3255 3160] [2935 3035 3140 2980 3175 2920 3040 3075]
[3140 3075 3020 3045 2900 3080 3100 3205] [2905 2865 3040 2970 2985 3150 3020 2920]
[3060 2960 3090 2955 2995 3090 3070 3130] [2970 3045 3040 3025 3110 2995 3005 3010]
[3030 3240 3080 3065 3240 2880 3050 3055] [3020 3105 3085 3030 3085 3000 3050 3000]
[3305 3135 3105 3190 3265 2970 3070 3085] [3060 3120 3025 2955 3120 3050 2985 3085]
[3065 3265 3260 3135 2885 2975 3240 3375] [3005 2910 3145 3235 3085 3070 3150 3225]
[3060 3005 2965 3105 3310 3180 3185 3170] [3270 3250 3180 2960 3065 3075 3095 3135]
[3320 3145 3115 3175 3400 3275 3400 3090] [3160 3205 3170 3220 3280 3050 3140 3195]
COM3 1 17
0
[3125 2980 2905 3170 2980 3130 3255 3160] [3550 3375 3275 3290 3335 3190 3145 3175]
[3140 3075 3020 3045 2900 3080 3100 3205] [3390 3180 3235 3150 3095 3245 3180 3135]
[3060 2960 3090 2955 2995 3090 3070 3130] [3275 3390 3315 3260 3320 3090 3005 3125]
[3030 3240 3080 3065 3240 2880 3050 3055] [3365 3270 3310 3335 3195 3170 3060 3135]
[3305 3135 3105 3190 3265 2970 3070 3085] [3320 3410 3290 3030 3300 3240 3290 3205]
[3065 3265 3260 3135 2885 2975 3240 3375] [3290 3230 3290 3330 3265 3410 3140 3270]
[3060 3005 2965 3105 3310 3180 3185 3170] [3265 3550 3400 3305 3160 3075 3245 3200]
[3320 3145 3115 3175 3400 3275 3400 3090] [3480 3420 3350 3390 3200 3415 3305 3195]
COM7 0 18
0
[2910 2750 2640 2655 2675 2700 2690 2715] [3550 3375 3275 3290 3335 3190 3145 3175]
[2720 2780 2865 2960 2805 2850 2840 2675] [3390 3180 3235 3150 3095 3245 3180 3135]
[2710 2620 2990 2845 2720 2725 2635 2650] [3275 3390 3315 3260 3320 3090 3005 3125]
[3220 2990 2790 2715 3020 2750 2725 2915] [3365 3270 3310 3335 3195 3170 3060 3135]
[2755 2650 3075 2645 2745 2750 3050 2795] [3320 3410 3290 3030 3300 3240 3290 3205]
[2660 2680 2930 3040 2790 2795 2855 2680] [3290 3230 3290 3330 3265 3410 3140 3270]
[2690 2730 2730 2895 2745 2835 2745 2860] [3265 3550 3400 3305 3160 3075 3245 3200]
[2775 2915 2900 2630 2935 3030 2870 2905] [3480 3420 3350 3390 3200 3415 3305 3195]
COM3 1 19
0
[2910 2750 2640 2655 2675 2700 2690 2715] [3215 3330 3225 3235 3315 3200 3175 3220]
[2720 2780 2865 2960 2805 2850 2840 2675] [3255 3295 3315 3205 3195 3190 3195 3195]
[2710 2620 2990 2845 2720 2725 2635 2650] [3345 3310 3185 3220 3290 3015 3140 3130]
[3220 2990 2790 2715 3020 2750 2725 2915] [3355 3390 3260 3275 3155 3215 3150 3000]
[2755 2650 3075 2645 2745 2750 3050 2795] [3290 3335 3325 3180 3230 3120 3045 2875]
[2660 2680 2930 3040 2790 2795 2855 2680] [3340 3320 3250 3215 3210 3145 3135 2805]
[2690 2730 2730 2895 2745 2835 2745 2860] [3165 3415 3265 3280 3225 3165 3395 2845]
[2775 2915 2900 2630 2935 3030 2870 2905] [3215 3160 3245 3380 3145 3365 3225 2935]
COM7 0 20
0
[3030 2990 2950 2890 2710 2900 3095 3080] [3215 3330 3225 3235 3315 3200 3175 3220]
[3080 3160 3045 3050 2870 2850 2845 2995] [3255 3295 3315 3205 3195 3190 3195 3195]
[2810 2815 2970 2960 2845 2985 2770 2925] [3345 3310 3185 3220 3290 3015 3140 3130]
[3080 3000 3105 2810 2930 3050 2970 2945] [3355 3390 3260 3275 3155 3215 3150 3000]
[2995 2920 3210 3010 3065 2890 3160 3035] [3290 3335 3325 3180 3230 3120 3045 2875]
[2770 3005 3070 3045 2845 2945 3255 2875] [3340 3320 3250 3215 3210 3145 3135 2805]
[3245 3215 2825 3130 2965 3050 3030 2960] [3165 3415 3265 3280 3225 3165 3395 2845]
[3015 2975 3010 3120 2985 3170 3195 2885] [3215 3160 3245 3380 3145 3365 3225 2935]
COM3 1 21
0
[3030 2990 2950 2890 2710 2900 3095 3080] [2995 3205 3320 3120 3245 3110 3005 3170]
[3080 3160 3045 3050 2870 2850 2845 2995] [3140 3200 3140 3090 3095 3255 3180 2940]
[2810 2815 2970 2960 2845 2985 2770 2925] [3350 3200 3235 3240 3235 2995 3060 2795]
[3080 3000 3105 2810 2930 3050 2970 2945] [3355 3130 3305 3350 3265 3135 3295 2640]
[2995 2920 3210 3010 3065 2890 3160 3035] [3230 3295 3210 3080 3340 3105 2940 2255]
[2770 3005 3070 3045 2845 2945 3255 2875] [3080 3320 3290 3120 3170 3130 2750 2210]
[3245 3215 2825 3130 2965 3050 3030 2960] [3270 3355 3300 3395 3310 3130 2685 2420]
[3015 2975 3010 3120 2985 3170 3195 2885] [3160 3365 3290 3305 3125 2935 2770 2340]
COM7 0 22
0
[2945 2650 2910 2930 2855 2745 2915 2995] [2995 3205 3320 3120 3245 3110 3005 3170]
[2895 2900 2795 2860 2765 3005 2645 2975] [3140 3200 3140 3090 3095 3255 3180 2940]
[2620 2875 3005 2900 2780 2950 2855 2895] [3350 3200 3235 3240 3235 2995 3060 2795]
[2930 2840 3015 2770 3040 3010 2865 2845] [3355 3130 3305 3350 3265 3135 3295 2640]
[2860 3000 3015 2935 2915 2770 2970 3040] [3230 3295 3210 3080 3340 3105 2940 2255]
[2950 3010 2995 2975 3125 2960 2785 2840] [3080 3320 3290 3120 3170 3130 2750 2210]
[3200 3000 2990 3195 2815 2750 2970 2940] [3270 3355 3300 3395 3310 3130 2685 2420]
[3030 2850 2910 2940 3000 3170 3235 2895] [3160 3365 3290 3305 3125 2935 2770 2340]
COM3 1 23
0
[2945 2650 2910 2930 2855 2745 2915 2995] [3275 3115 3065 3225 3265 3085 3005 3040]
[2895 2900 2795 2860 2765 3005 2645 2975] [3140 3065 3090 3085 3180 3135 2955 2795]
[2620 2875 3005 2900 2780 2950 2855 2895] [2995 3165 3145 2985 3215 3065 3040 2475]
[2930 2840 3015 2770 3040 3010 2865 2845] [3165 3355 3225 3155 3210 3065 2940 2315]
[2860 3000 3015 2935 2915 2770 2970 3040] [3280 3105 3155 2955 3075 3165 2785 2240]
[2950 3010 2995 2975 3125 2960 2785 2840] [2875 3060 2935 3110 3200 3130 2765 2355]
[3200 3000 2990 3195 2815 2750 2970 2940] [3160 3110 3210 3170 3045 3075 2790 2440]
[3030 2850 2910 2940 3000 3170 3235 2895] [3105 3315 3235 3360 3235 3010 2765 2460]
COM7 0 24
0
[2890 2640 2670 2880 2840 2880 2900 2870] [3275 3115 3065 3225 3265 3085 3005 3040]
[3015 2980 2920 2920 2825 2955 2745 2915] [3140 3065 3090 3085 3180 3135 2955 2795]
[2720 2705 2990 2980 2890 2895 2905 2875] [2995 3165 3145 2985 3215 3065 3040 2475]
[2910 2875 3005 2905 2870 3040 2840 2845] [3165 3355 3225 3155 3210 3065 2940 2315]
[2990 2830 3025 2765 2850 2795 3020 2995] [3280 3105 3155 2955 3075 3165 2785 2240]
[2845 3105 2900 3040 2775 2935 2825 2890] [2875 3060 2935 3110 3200 3130 2765 2355]
[2925 2940 3000 2900 3150 2855 2600 3015] [3160 3110 3210 3170 3045 3075 2790 2440]
[3220 2825 2835 2850 2950 3235 2795 2800] [3105 3315 3235 3360 3235 3010 2765 2460]
COM3 1 25
0
[2890 2640 2670 2880 2840 2880 2900 2870] [3145 3020 3215 2995 3215 2955 2950 2640]
[3015 2980 2920 2920 2825 2955 2745 2915] [3215 3165 3305 3110 3075 3100 3030 2460]
[2720 2705 2990 2980 2890 2895 2905 2875] [3220 3120 3155 3235 3200 3120 2805 2425]
[2910 2875 3005 2905 2870 3040 2840 2845] [3400 2995 3015 3030 3035 3110 2840 2315]
[2990 2830 3025 2765 2850 2795 3020 2995] [3085 3305 3265 3175 3050 2990 2845 2260]
[2845 3105 2900 3040 2775 2935 2825 2890] [3340 3230 3150 3205 3070 3015 2900 2425]
[2925 2940 3000 2900 3150 2855 2600 3015] [3275 3245 3225 3175 3175 3170 2930 2480]
[3220 2825 2835 2850 2950 3235 2795 2800] [3165 3060 3195 3285 3120 3290 3030 2430]
COM7 0 26
0
[2765 2715 2850 2670 2725 2820 2755 2595] [3145 3020 3215 2995 3215 2955 2950 2640]
[2710 2730 2800 2740 2795 2770 2800 2885] [3215 3165 3305 3110 3075 3100 3030 2460]
[2595 2800 2835 2615 2780 2940 2730 2650] [3220 3120 3155 3235 3200 3120 2805 2425]
[2870 2885 2945 2825 2925 2935 2820 2940] [3400 2995 3015 3030 3035 3110 2840 2315]
[2930 2945 2865 2810 3100 2725 2890 2690] [3085 3305 3265 3175 3050 2990 2845 2260]
[2655 3065 2790 2735 2915 2810 2965 2650] [3340 3230 3150 3205 3070 3015 2900 2425]
[3030 2940 2725 2865 2960 2835 2760 2570] [3275 3245 3225 3175 3175 3170 2930 2480]
[3005 2850 3020 2785 2950 3010 3000 2880] [3165 3060 3195 3285 3120 3290 3030 2430]
COM3 1 27
0
[2765 2715 2850 2670 2725 2820 2755 2595] [3180 3195 3235 3150 3090 2960 2730 2475]
[2710 2730 2800 2740 2795 2770 2800 2885] [3215 3100 3090 3060 3075 3190 3020 2285]
[2595 2800 2835 2615 2780 2940 2730 2650] [3150 3225 3215 2855 3355 3155 2890 2245]
[2870 2885 2945 2825 2925 2935 2820 2940] [3095 2995 3175 3200 3135 3050 2710 2075]
[2930 2945 2865 2810 3100 2725 2890 2690] [3225 3225 3235 3010 3210 2990 2780 2220]
[2655 3065 2790 2735 2915 2810 2965 2650] [3140 3320 3295 3240 3085 3040 2910 2270]
[3030 2940 2725 2865 2960 2835 2760 2570] [3240 3275 3215 3095 3060 2965 2825 2335]
[3005 2850 3020 2785 2950 3010 3000 2880] [3330 3345 3325 3360 3310 3040 2780 2215]
COM7 0 28
0
[2930 2740 2975 2950 2845 2800 2915 2995] [3180 3195 3235 3150 3090 2960 2730 2475]
[2970 3085 2890 2970 2880 3095 2975 2820] [3215 3100 3090 3060 3075 3190 3020 2285]
[2685 2945 2965 2955 2730 2850 2945 2945] [3150 3225 3215 2855 3355 3155 2890 2245]
[3115 2990 3090 2935 2995 2950 2715 2980] [3095 2995 3175 3200 3135 3050 2710 2075]
[3025 3045 3105 2990 3010 2890 3220 3225] [3225 3225 3235 3010 3210 2990 2780 2220]
[2720 3045 3090 3130 2800 3035 2815 2925] [3140 3320 3295 3240 3085 3040 2910 2270]
[3075 3005 3005 2990 3000 3235 2805 2860] [3240 3275 3215 3095 3060 2965 2825 2335]
[3215 3120 3245 2910 3165 2995 3360 2985] [3330 3345 3325 3360 3310 3040 2780 2215]
COM3 1 29
0
[2930 2740 2975 2950 2845 2800 2915 2995] [2950 2890 3060 2855 2875 2935 2645 2335]
[2970 3085 2890 2970 2880 3095 2975 2820] [3015 2935 3025 2905 2860 3090 2740 2220]
[2685 2945 2965 2955 2730 2850 2945 2945] [3000 3025 2880 2980 3105 2920 2690 2195]
[3115 2990 3090 2935 2995 2950 2715 2980] [2990 3000 3070 2945 3040 2835 2560 2065]
[3025 3045 3105 2990 3010 2890 3220 3225] [3200 3145 3080 2960 3065 2865 2560 2080]
[2720 3045 3090 3130 2800 3035 2815 2925] [3005 3040 2990 3045 2990 3030 2425 2010]
[3075 3005 3005 2990 3000 3235 2805 2860] [2980 3080 3235 2955 3120 2985 2400 2125]
[3215 3120 3245 2910 3165 2995 3360 2985] [3085 2905 3065 3145 3065 2790 2640 1915]
COM7 0 30
0
[2730 2575 2890 3065 2800 2670 2780 2875] [2950 2890 3060 2855 2875 2935 2645 2335]
[3015 2795 2685 2985 2860 2835 2695 2915] [3015 2935 3025 2905 2860 3090 2740 2220]
[2785 2745 2850 2815 2905 3000 2900 3020] [3000 3025 2880 2980 3105 2920 2690 2195]
[2825 2815 3065 2805 2790 2870 2890 2870] [2990 3000 3070 2945 3040 2835 2560 2065]
[2965 2960 2870 2880 2760 2880 2635 2995] [3200 3145 3080 2960 3065 2865 2560 2080]
[2810 2785 2995 2905 2900 3010 2945 2980] [3005 3040 2990 3045 2990 3030 2425 2010]
[2970 2940 2930 2840 2880 3005 2575 2835] [2980 3080 3235 2955 3120 2985 2400 2125]
[3240 3180 2880 2900 3130 2945 2800 2790] [3085 2905 3065 3145 3065 2790 2640 1915]
COM3 1 31
0
[2730 2575 2890 3065 2800 2670 2780 2875] [3230 3275 3365 3100 3085 3005 2785 2375]
[3015 2795 2685 2985 2860 2835 2695 2915] [3120 3220 3235 3110 3115 3310 2690 2275]
[2785 2745 2850 2815 2905 3000 2900 3020] [3195 3205 3190 3070 3415 2925 2685 2115]
[2825 2815 3065 2805 2790 2870 2890 2870] [3215 3355 3330 3350 3075 2935 2515 2085]
[2965 2960 2870 2880 2760 2880 2635 2995] [3065 3150 3155 2955 3270 2905 2500 2060]
[2810 2785 2995 2905 2900 3010 2945 2980] [3150 3250 3360 3135 3200 2960 2530 1865]
[2970 2940 2930 2840 2880 3005 2575 2835] [3285 3445 3195 3280 3050 2820 2255 1865]
[3240 3180 2880 2900 3130 2945 2800 2790] [3165 3380 3300 3465 3145 2800 2290 1895]
COM7 0 32
0
[3115 2655 2995 3025 2925 3060 2960 3155] [3230 3275 3365 3100 3085 3005 2785 2375]
[2995 3040 2955 2955 2920 2850 2985 2840] [3120 3220 3235 3110 3115 3310 2690 2275]
[2950 3035 3090 3020 2970 2905 3005 3030] [3195 3205 3190 3070 3415 2925 2685 2115]
[2905 3020 2925 2910 2980 3050 2950 3145] [3215 3355 3330 3350 3075 2935 2515 2085]
[2965 2965 3065 2925 3030 2960 3075 3115] [3065 3150 3155 2955 3270 2905 2500 2060]
[2630 3025 3110 3040 2910 3040 3320 2940] [3150 3250 3360 3135 3200 2960 2530 1865]
[3240 3020 2805 2985 3070 3025 2930 3200] [3285 3445 3195 3280 3050 2820 2255 1865]
[3025 2970 2950 3035 2835 2805 3210 3245] [3165 3380 3300 3465 3145 2800 2290 1895]
COM3 1 33
0
[3115 2655 2995 3025 2925 3060 2960 3155] [2935 3150 3085 3035 3180 2885 2590 2350]
[2995 3040 2955 2955 2920 2850 2985 2840] [3205 3065 3070 3135 3065 3135 2605 2190]
[2950 3035 3090 3020 2970 2905 3005 3030] [3160 3115 3050 3090 2975 2970 2475 2020]
[2905 3020 2925 2910 2980 3050 2950 3145] [3020 3035 3210 3040 3085 2950 2315 1885]
[2965 2965 3065 2925 3030 2960 3075 3115] [3370 3145 3140 2905 3015 2825 2350 1845]
[2630 3025 3110 3040 2910 3040 3320 2940] [3005 3195 3160 3170 3075 2640 2145 1675]
[3240 3020 2805 2985 3070 3025 2930 3200] [3230 3250 3180 3030 2975 2600 2180 1705]
[3025 2970 2950 3035 2835 2805 3210 3245] [3510 3175 3225 3320 2875 2525 2115 1785]
COM7 0 34
0
[2730 2660 2840 2760 2690 2690 2795 2790] [2935 3150 3085 3035 3180 2885 2590 2350]
[2800 2680 2765 3065 2700 2890 2675 2740] [3205 3065 3070 3135 3065 3135 2605 2190]
[2860 2915 2905 2735 2755 2845 2720 2775] [3160 3115 3050 3090 2975 2970 2475 2020]
[2725 2785 2995 2645 2925 2795 2790 2740] [3020 3035 3210 3040 3085 2950 2315 1885]
[3095 3020 2750 2850 2825 2890 2950 2890] [3370 3145 3140 2905 3015 2825 2350 1845]
[2745 2670 3070 2735 2785 2860 2840 2815] [3005 3195 3160 3170 3075 2640 2145 1675]
[2780 2840 2680 2765 2715 2870 2555 2955] [3230 3250 3180 3030 2975 2600 2180 1705]
[2930 2865 2850 2945 2725 2865 2875 2580] [3510 3175 3225 3320 2875 2525 2115 1785]
COM3 1 35
0
[2730 2660 2840 2760 2690 2690 2795 2790] [2960 3020 3090 3010 3205 2835 2545 2305]
[2800 2680 2765 3065 2700 2890 2675 2740] [3145 2995 2985 3125 3005 2930 2530 1950]
[2860 2915 2905 2735 2755 2845 2720 2775] [3025 3135 3060 3135 3090 2670 2370 1855]
[2725 2785 2995 2645 2925 2795 2790 2740] [3085 3000 3135 3025 3040 2595 2090 1720]
[3095 3020 2750 2850 2825 2890 2950 2890] [2960 3170 3220 3040 2860 2555 1880 1785]
[2745 2670 3070 2735 2785 2860 2840 2815] [2990 3000 3005 3045 2950 2360 1855 1585]
[2780 2840 2680 2765 2715 2870 2555 2955] [3050 3300 3250 3215 2790 2095 1830 1605]
[2930 2865 2850 2945 2725 2865 2875 2580] [2895 3170 3315 3285 2680 2050 1660 1600]
COM7 0 36
0
[3135 2965 3000 3065 2865 3000 3005 3020] [2960 3020 3090 3010 3205 2835 2545 2305]
[3055 3085 2995 3050 2905 3105 3110 2975] [3145 2995 2985 3125 3005 2930 2530 1950]
[2955 3140 2910 2895 2980 2925 2985 3135] [3025 3135 3060 3135 3090 2670 2370 1855]
[3115 2885 3170 2970 3065 3180 3170 2840] [3085 3000 3135 3025 3040 2595 2090 1720]
[2965 3040 3225 3205 3245 3045 3285 3415] [2960 3170 3220 3040 2860 2555 1880 1785]
[3065 2935 3225 3125 3035 3285 3025 3020] [2990 3000 3005 3045 2950 2360 1855 1585]
[3285 3150 3005 3180 2895 2960 3240 3115] [3050 3300 3250 3215 2790 2095 1830 1605]
[3300 3155 3230 3115 3415 3090 3265 3105] [2895 3170 3315 3285 2680 2050 1660 1600]
COM3 1 37
0
[3135 2965 3000 3065 2865 3000 3005 3020] [3290 3080 3220 3010 3265 2935 2545 2060]
[3055 3085 2995 3050 2905 3105 3110 2975] [3050 3000 3065 2980 2915 2770 2245 1720]
[2955 3140 2910 2895 2980 2925 2985 3135] [3270 3200 3255 2925 2785 2315 1910 1575]
[3115 2885 3170 2970 3065 3180 3170 2840] [3240 3105 3120 2895 2430 1905 1750 1480]
[2965 3040 3225 3205 3245 3045 3285 3415] [3335 3350 3270 2585 2220 1660 1620 1560]
[3065 2935 3225 3125 3035 3285 3025 3020] [3195 2955 3230 2700 2005 1680 1470 1480]
[3285 3150 3005 3180 2895 2960 3240 3115] [2960 3035 3050 2555 1960 1500 1515 1590]
[3300 3155 3230 3115 3415 3090 3265 3105] [3290 3065 3055 2510 1785 1525 1455 1580]
COM7 0 38
0
[2885 2845 2690 2885 2750 2815 2925 2775] [3290 3080 3220 3010 3265 2935 2545 2060]
[2975 3150 2995 2910 2835 2970 2925 2820] [3050 3000 3065 2980 2915 2770 2245 1720]
[2845 3040 2925 2875 3005 2845 2865 2965] [3270 3200 3255 2925 2785 2315 1910 1575]
[3075 2900 3080 2725 3000 2935 2950 2985] [3240 3105 3120 2895 2430 1905 1750 1480]
[3210 3015 2850 3005 3030 3045 3155 2825] [3335 3350 3270 2585 2220 1660 1620 1560]
[2970 3010 3005 2895 2885 2900 3115 2665] [3195 2955 3230 2700 2005 1680 1470 1480]
[2905 3000 3025 2840 2935 3040 3055 3015] [2960 3035 3050 2555 1960 1500 1515 1590]
[3320 2970 2755 3030 3020 3225 2990 3115] [3290 3065 3055 2510 1785 1525 1455 1580]
COM3 1 39
0
[2885 2845 2690 2885 2750 2815 2925 2775] [3140 3150 3215 3120 3185 2755 2315 1975]
[2975 3150 2995 2910 2835 2970 2925 2820] [3230 3145 3160 2935 2760 2440 2020 1855]
[2845 3040 2925 2875 3005 2845 2865 2965] [3125 3120 3115 2500 2470 1920 1715 1635]
[3075 2900 3080 2725 3000 2935 2950 2985] [3090 3170 3005 2440 1980 1720 1660 1505]
[3210 3015 2850 3005 3030 3045 3155 2825] [3195 3180 2645 2010 1820 1575 1735 1810]
[2970 3010 3005 2895 2885 2900 3115 2665] [3100 3020 2535 2085 1630 1490 1680 1775]
[2905 3000 3025 2840 2935 3040 3055 3015] [3315 3135 2480 1930 1635 1515 1540 1705]
[3320 2970 2755 3030 3020 3225 2990 3115] [3310 3010 2765 2110 1590 1500 1540 1755]
COM7 0 40
0
[2850 2680 2715 2845 2930 2825 2980 2880] [3140 3150 3215 3120 3185 2755 2315 1975]
[3040 2980 2580 3040 2815 2875 2985 2940] [3230 3145 3160 2935 2760 2440 2020 1855]
[2985 2940 2970 2675 2925 2845 2770 2865] [3125 3120 3115 2500 2470 1920 1715 1635]
[2850 2970 3025 2825 2865 3015 2940 2665] [3090 3170 3005 2440 1980 1720 1660 1505]
[3155 2760 3105 2895 2970 2935 2835 2605] [3195 3180 2645 2010 1820 1575 1735 1810]
[2850 2950 2865 2880 2710 3035 3040 2725] [3100 3020 2535 2085 1630 1490 1680 1775]
[3160 2785 2700 3050 2895 2985 3135 2840] [3315 3135 2480 1930 1635 1515 1540 1705]
[2900 2885 2915 2750 2805 2930 2845 2970] [3310 3010 2765 2110 1590 1500 1540 1755]
COM3 1 41
0
[2850 2680 2715 2845 2930 2825 2980 2880] [3225 3245 3070 2775 2515 2210 1715 1665]
[3040 2980 2580 3040 2815 2875 2985 2940] [3235 3090 3145 2745 2275 1800 1625 1540]
[2985 2940 2970 2675 2925 2845 2770 2865] [3125 3040 2950 2425 1975 1615 1645 1565]
[2850 2970 3025 2825 2865 3015 2940 2665] [3195 3025 2700 2000 1660 1520 1635 1625]
[3155 2760 3105 2895 2970 2935 2835 2605] [3335 2795 2335 1610 1585 1555 1675 1725]
[2850 2950 2865 2880 2710 3035 3040 2725] [2880 2820 2160 1895 1595 1595 1730 1705]
[3160 2785 2700 3050 2895 2985 3135 2840] [3235 2790 2390 1745 1555 1645 1750 1835]
[2900 2885 2915 2750 2805 2930 2845 2970] [3240 2970 2315 1885 1580 1525 1725 1875]
COM7 0 42
0
[2770 2865 2600 2840 2820 2800 2875 2900] [3225 3245 3070 2775 2515 2210 1715 1665]
[3115 2850 2840 2970 2905 2840 2945 3005] [3235 3090 3145 2745 2275 1800 1625 1540]
[2775 3010 2935 2845 2860 3020 2935 2870] [3125 3040 2950 2425 1975 1615 1645 1565]
[2940 2900 2935 2765 2900 2985 2875 2845] [3195 3025 2700 2000 1660 1520 1635 1625]
[3095 3050 3005 2700 3050 2820 3195 2860] [3335 2795 2335 1610 1585 1555 1675 1725]
[2810 2755 2870 3115 2885 3175 2915 2785] [2880 2820 2160 1895 1595 1595 1730 1705]
[2780 3125 2640 2950 2805 3190 2640 2910] [3235 2790 2390 1745 1555 1645 1750 1835]
[3105 3045 3005 2890 3020 2890 2935 2985] [3240 2970 2315 1885 1580 1525 1725 1875]
COM3 1 43
0
[2770 2865 2600 2840 2820 2800 2875 2900] [3290 3310 2975 2475 1815 1765 1660 1805]
[3115 2850 2840 2970 2905 2840 2945 3005] [3145 3095 2745 2285 1820 1655 1640 1635]
[2775 3010 2935 2845 2860 3020 2935 2870] [3020 3040 2475 1995 1680 1645 1705 1675]
[2940 2900 2935 2765 2900 2985 2875 2845] [3050 2730 2415 1860 1675 1645 1765 1685]
[3095 3050 3005 2700 3050 2820 3195 2860] [3175 2685 2180 1605 1555 1600 1690 1895]
[2810 2755 2870 3115 2885 3175 2915 2785] [3135 2695 2115 1755 1575 1715 1720 1920]
[2780 3125 2640 2950 2805 3190 2640 2910] [3165 2630 2190 1655 1495 1590 1805 1850]
[3105 3045 3005 2890 3020 2890 2935 2985] [3490 2765 2225 1970 1545 1550 1760 1830]
COM7 0 44
0
[2895 2700 2920 3025 2870 2840 3035 2985] [3290 3310 2975 2475 1815 1765 1660 1805]
[2870 3015 2765 3045 2795 3005 2900 2680] [3145 3095 2745 2285 1820 1655 1640 1635]
[2860 2970 3045 2845 3015 3000 2875 3030] [3020 3040 2475 1995 1680 1645 1705 1675]
[3180 2960 2930 2980 2890 3045 2830 2935] [3050 2730 2415 1860 1675 1645 1765 1685]
[2940 3005 2915 2975 3165 2780 3135 2910] [3175 2685 2180 1605 1555 1600 1690 1895]
[2910 2860 2985 2915 2875 2915 3020 3040] [3135 2695 2115 1755 1575 1715 1720 1920]
[2995 3005 2895 2955 2940 3020 2835 3160] [3165 2630 2190 1655 1495 1590 1805 1850]
[3030 3110 3205 2825 2905 3025 3225 2800] [3490 2765 2225 1970 1545 1550 1760 1830]
COM3 1 45
0
[2895 2700 2920 3025 2870 2840 3035 2985] [2905 2690 2535 1770 1755 1695 1825 2010]
[2870 3015 2765 3045 2795 3005 2900 2680] [3075 3000 2380 1780 1570 1665 1780 1780]
[2860 2970 3045 2845 3015 3000 2875 3030] [2920 2950 2185 1780 1635 1605 1720 1760]
[3180 2960 2930 2980 2890 3045 2830 2935] [3235 2810 2270 1640 1500 1610 1690 1770]
[2940 3005 2915 2975 3165 2780 3135 2910] [3140 2620 2025 1555 1500 1555 1760 1905]
[2910 2860 2985 2915 2875 2915 3020 3040] [2985 2820 2110 1800 1625 1590 1820 1940]
[2995 3005 2895 2955 2940 3020 2835 3160] [2920 2605 2085 1610 1355 1580 1715 2025]
[3030 3110 3205 2825 2905 3025 3225 2800] [3120 2705 2165 1705 1450 1565 1720 1985]
COM7 0 46
0
[2895 2665 2810 2760 2680 2825 2810 2835] [2905 2690 2535 1770 1755 1695 1825 2010]
[2960 2880 2795 3050 2825 2860 2890 2780] [3075 3000 2380 1780 1570 1665 1780 1780]
[2810 2705 2925 2750 2750 2840 2835 2890] [2920 2950 2185 1780 1635 1605 1720 1760]
[3010 2840 2840 2730 2785 2950 2870 2750] [3235 2810 2270 1640 1500 1610 1690 1770]
[2900 2865 2955 2815 2910 2805 3070 2970] [3140 2620 2025 1555 1500 1555 1760 1905]
[3010 2995 2915 3115 2865 2830 2860 2915] [2985 2820 2110 1800 1625 1590 1820 1940]
[2790 2875 3035 2925 2755 2875 2700 2745] [2920 2605 2085 1610 1355 1580 1715 2025]
[2905 2870 2760 2725 2690 3005 3030 2885] [3120 2705 2165 1705 1450 1565 1720 1985]
COM3 1 47
0
[2895 2665 2810 2760 2680 2825 2810 2835] [2875 2655 2285 1810 1700 1680 1750 2020]
[2960 2880 2795 3050 2825 2860 2890 2780] [2875 2640 2285 1735 1590 1765 1705 1870]
[2810 2705 2925 2750 2750 2840 2835 2890] [2935 2630 2140 1785 1595 1650 1700 1800]
[3010 2840 2840 2730 2785 2950 2870 2750] [3075 2310 2070 1680 1515 1590 1815 1805]
[2900 2865 2955 2815 2910 2805 3070 2970] [2950 2535 1965 1585 1540 1520 1820 2000]
[3010 2995 2915 3115 2865 2830 2860 2915] [2675 2450 2055 1755 1605 1635 1870 1995]
[2790 2875 3035 2925 2755 2875 2700 2745] [2815 2560 1965 1640 1570 1630 1850 2120]
[2905 2870 2760 2725 2690 3005 3030 2885] [3020 2580 1950 1850 1490 1625 1725 2170]
COM7 0 48
0
[2660 2785 2795 2830 2725 2840 2880 2820] [2875 2655 2285 1810 1700 1680 1750 2020]
[2955 3150 2785 2800 2785 2840 2725 3025] [2875 2640 2285 1735 1590 1765 1705 1870]
[2720 2795 2890 2825 2845 2905 2845 2770] [2935 2630 2140 1785 1595 1650 1700 1800]
[2925 2925 2755 2810 2960 2890 2715 2880] [3075 2310 2070 1680 1515 1590 1815 1805]
[3035 2805 3035 2810 2875 2950 2885 2770] [2950 2535 1965 1585 1540 1520 1820 2000]
[2990 3005 3065 3035 2865 2975 2910 2965] [2675 2450 2055 1755 1605 1635 1870 1995]
[2910 3095 3200 2900 2710 2890 2710 2810] [2815 2560 1965 1640 1570 1630 1850 2120]
[3105 2785 3150 2765 2900 2675 2970 2720] [3020 2580 1950 1850 1490 1625 1725 2170]
COM3 1 49
0
[2660 2785 2795 2830 2725 2840 2880 2820] [3035 2710 2160 1735 1705 1660 1730 2005]
[2955 3150 2785 2800 2785 2840 2725 3025] [3270 2690 2245 1805 1505 1655 1665 1805]
[2720 2795 2890 2825 2845 2905 2845 2770] [3045 2630 2060 1645 1585 1535 1600 1980]
[2925 2925 2755 2810 2960 2890 2715 2880] [2795 2395 2050 1640 1540 1645 1875 2000]
[3035 2805 3035 2810 2875 2950 2885 2770] [2945 2365 2000 1490 1585 1520 1905 2235]
[2990 3005 3065 3035 2865 2975 2910 2965] [2735 2330 1880 1650 1540 1620 1975 2395]
[2910 3095 3200 2900 2710 2890 2710 2810] [2925 2445 1935 1465 1565 1660 2035 2505]
[3105 2785 3150 2765 2900 2675 2970 2720] [3105 2370 1855 1675 1520 1475 1985 2380]
COM7 0 50
0
[2895 2585 2920 3010 2895 2800 2740 2995] [3035 2710 2160 1735 1705 1660 1730 2005]
[2970 2855 3010 2875 2915 2865 2965 2960] [3270 2690 2245 1805 1505 1655 1665 1805]
[2750 2940 2815 2895 2925 3000 2940 3110] [3045 2630 2060 1645 1585 1535 1600 1980]
[2935 2930 3035 2955 2860 2855 2920 2835] [2795 2395 2050 1640 1540 1645 1875 2000]
[2910 3120 2985 2910 3100 2940 2990 3115] [2945 2365 2000 1490 1585 1520 1905 2235]
[2910 2860 2850 2925 2810 2995 2990 3005] [2735 2330 1880 1650 1540 1620 1975 2395]
[2855 2840 3040 2990 2900 3255 2780 2970] [2925 2445 1935 1465 1565 1660 2035 2505]
[2940 2955 2925 2915 2770 3030 2910 2770] [3105 2370 1855 1675 1520 1475 1985 2380]
COM3 1 51
0
[2895 2585 2920 3010 2895 2800 2740 2995] [3155 2795 2065 1685 1650 1550 1730 2085]
[2970 2855 3010 2875 2915 2865 2965 2960] [3115 2585 2205 1720 1590 1645 1705 1995]
[2750 2940 2815 2895 2925 3000 2940 3110] [2925 2470 2050 1585 1580 1560 1755 2210]
[2935 2930 3035 2955 2860 2855 2920 2835] [2980 2365 1700 1605 1495 1640 1930 2245]
[2910 3120 2985 2910 3100 2940 2990 3115] [2665 2240 1880 1530 1575 1695 2110 2565]
[2910 2860 2850 2925 2810 2995 2990 3005] [2550 2090 1775 1675 1630 1720 2270 2710]
[2855 2840 3040 2990 2900 3255 2780 2970] [2730 2235 1790 1520 1535 1735 2215 2840]
[2940 2955 2925 2915 2770 3030 2910 2770] [2725 2140 1750 1620 1575 1765 2455 3010]
COM7 0 52
0
[2840 2845 2830 2810 2705 2640 2810 2780] [3155 2795 2065 1685 1650 1550 1730 2085]
[2900 2720 2665 2875 2835 2875 2770 2730] [3115 2585 2205 1720 1590 1645 1705 1995]
[2780 2790 2970 2810 2815 2840 2725 2715] [2925 2470 2050 1585 1580 1560 1755 2210]
[2705 2785 2840 2975 2850 3040 2805 2860] [2980 2365 1700 1605 1495 1640 1930 2245]
[2625 2830 2865 2750 2795 2690 2890 3075] [2665 2240 1880 1530 1575 1695 2110 2565]
[2595 2750 2900 2910 2800 2805 2940 2785] [2550 2090 1775 1675 1630 1720 2270 2710]
[3080 2845 2695 2890 2915 2800 2715 2755] [2730 2235 1790 1520 1535 1735 2215 2840]
[2700 2970 2805 2660 3000 2875 2990 2895] [2725 2140 1750 1620 1575 1765 2455 3010]
COM3 1 53
0
[2840 2845 2830 2810 2705 2640 2810 2780] [3040 2715 2295 1880 1700 1635 1890 2345]
[2900 2720 2665 2875 2835 2875 2770 2730] [3145 2540 2105 1780 1550 1715 1970 2310]
[2780 2790 2970 2810 2815 2840 2725 2715] [3035 2560 1955 1665 1615 1610 2100 2475]
[2705 2785 2840 2975 2850 3040 2805 2860] [2895 2390 1925 1670 1565 1800 2210 2520]
[2625 2830 2865 2750 2795 2690 2890 3075] [2665 2260 1820 1535 1700 1915 2445 3050]
[2595 2750 2900 2910 2800 2805 2940 2785] [2540 2075 1655 1675 1730 2075 2705 3270]
[3080 2845 2695 2890 2915 2800 2715 2755] [2570 2115 1795 1570 1725 2060 2700 3300]
[2700 2970 2805 2660 3000 2875 2990 2895] [2450 1755 1745 1595 1615 2035 2610 3165]
COM7 0 54
0
[3020 3035 2870 3055 2990 2875 3035 2950] [3040 2715 2295 1880 1700 1635 1890 2345]
[2955 3065 3030 2990 2830 3075 2900 3175] [3145 2540 2105 1780 1550 1715 1970 2310]
[2970 2965 3080 2875 2840 2915 2905 3030] [3035 2560 1955 1665 1615 1610 2100 2475]
[2875 2990 3065 3005 2970 3095 3045 2940] [2895 2390 1925 1670 1565 1800 2210 2520]
[2995 3190 3165 3005 3100 2915 3020 3040] [2665 2260 1820 1535 1700 1915 2445 3050]
[3010 2855 3045 3130 2915 2965 2860 3045] [2540 2075 1655 1675 1730 2075 2705 3270]
[2950 3160 3035 3260 2955 2790 3160 3010] [2570 2115 1795 1570 1725 2060 2700 3300]
[3290 3070 3125 2965 2940 3110 3190 3055] [2450 1755 1745 1595 1615 2035 2610 3165]
COM3 1 55
0
[3020 3035 2870 3055 2990 2875 3035 2950] [3105 2815 2190 1730 1755 1735 2065 2535]
[2955 3065 3030 2990 2830 3075 2900 3175] [3110 2660 2165 1745 1645 1895 2255 2620]
[2970 2965 3080 2875 2840 2915 2905 3030] [3045 2490 2070 1635 1775 1885 2565 2765]
[2875 2990 3065 3005 2970 3095 3045 2940] [2850 2280 1905 1675 1670 2180 2720 2995]
[2995 3190 3165 3005 3100 2915 3020 3040] [2645 2125 1775 1510 1815 2300 2750 3150]
[3010 2855 3045 3130 2915 2965 2860 3045] [2500 1965 1680 1745 1870 2415 3060 3075]
[2950 3160 3035 3260 2955 2790 3160 3010] [2470 2015 1760 1660 1920 2355 3030 3230]
[3290 3070 3125 2965 2940 3110 3190 3055] [2310 1775 1680 1790 1815 2370 2935 3330]
COM7 0 56
0
[2885 2675 2895 2805 2990 2870 2965 2985] [3105 2815 2190 1730 1755 1735 2065 2535]
[3100 2950 2860 2950 2980 3030 2900 3060] [3110 2660 2165 1745 1645 1895 2255 2620]
[2700 3035 2985 2925 2910 2940 2995 2845] [3045 2490 2070 1635 1775 1885 2565 2765]
[3020 2970 2780 2805 3120 2930 3050 2925] [2850 2280 1905 1675 1670 2180 2720 2995]
[3010 2995 3105 3045 3080 2925 3070 3085] [2645 2125 1775 1510 1815 2300 2750 3150]
[3060 2915 3105 2845 2915 3040 3060 2935] [2500 1965 1680 1745 1870 2415 3060 3075]
[2670 2940 2770 2970 3185 2885 2920 2810] [2470 2015 1760 1660 1920 2355 3030 3230]
[2975 3100 3230 3050 2885 3225 3055 2745] [2310 1775 1680 1790 1815 2370 2935 3330]
COM3 1 57
0
[2885 2675 2895 2805 2990 2870 2965 2985] [2930 2605 2005 1585 1800 1960 2440 2930]
[3100 2950 2860 2950 2980 3030 2900 3060] [2995 2370 1990 1585 1655 2135 2600 2890]
[2700 3035 2985 2925 2910 2940 2995 2845] [2585 2155 1755 1585 1740 2145 2700 3020]
[3020 2970 2780 2805 3120 2930 3050 2925] [2320 1705 1670 1580 1775 2155 2955 2995]
[3010 2995 3105 3045 3080 2925 3070 3085] [2000 1745 1685 1500 1805 2350 2900 3150]
[3060 2915 3105 2845 2915 3040 3060 2935] [1940 1645 1530 1720 1890 2455 3085 3290]
[2670 2940 2770 2970 3185 2885 2920 2810] [1885 1815 1665 1530 1965 2400 2905 3315]
[2975 3100 3230 3050 2885 3225 3055 2745] [2015 1580 1570 1680 1880 2350 3140 3160]
COM7 0 58
0
[3175 2775 2805 3015 2970 2915 2880 2900] [2930 2605 2005 1585 1800 1960 2440 2930]
[3135 2980 2920 3065 2900 3005 2985 3060] [2995 2370 1990 1585 1655 2135 2600 2890]
[2605 3020 2970 2930 3085 2930 2995 2965] [2585 2155 1755 1585 1740 2145 2700 3020]
[2795 3150 3100 3035 3015 2960 3035 3055] [2320 1705 1670 1580 1775 2155 2955 2995]
[3090 3220 3105 2925 3070 2975 3075 2905] [2000 1745 1685 1500 1805 2350 2900 3150]
[3030 3000 3165 2870 2880 3125 2995 2880] [1940 1645 1530 1720 1890 2455 3085 3290]
[3275 2850 3070 3180 3065 2970 2985 2975] [1885 1815 1665 1530 1965 2400 2905 3315]
[3160 2875 2940 2930 3105 2855 2545 3065] [2015 1580 1570 1680 1880 2350 3140 3160]
COM3 1 59
0
[3175 2775 2805 3015 2970 2915 2880 2900] [2815 2350 2005 1660 1770 2220 2790 3120]
[3135 2980 2920 3065 2900 3005 2985 3060] [2545 2145 1770 1575 1725 2170 2765 3000]
[2605 3020 2970 2930 3085 2930 2995 2965] [2155 1830 1565 1510 1805 2220 2755 3095]
[2795 3150 3100 3035 3015 2960 3035 3055] [2040 1640 1660 1585 1775 2235 2875 3100]
[3090 3220 3105 2925 3070 2975 3075 2905] [1725 1675 1590 1470 1825 2290 3005 3125]
[3030 3000 3165 2870 2880 3125 2995 2880] [1565 1480 1545 1695 1900 2420 3150 3295]
[3275 2850 3070 3180 3065 2970 2985 2975] [1665 1510 1570 1615 1945 2555 3065 3330]
[3160 2875 2940 2930 3105 2855 2545 3065] [1740 1525 1555 1740 1980 2575 2950 3390]
COM7 0 60
0
[2855 2935 2815 3015 2820 2895 2985 2810] [2815 2350 2005 1660 1770 2220 2790 3120]
[3125 3015 2775 2965 2970 3105 2985 2875] [2545 2145 1770 1575 1725 2170 2765 3000]
[2855 2950 3160 2985 2945 3095 2900 3020] [2155 1830 1565 1510 1805 2220 2755 3095]
[3025 3125 2870 2780 2950 2910 2955 3025] [2040 1640 1660 1585 1775 2235 2875 3100]
[2890 3200 2995 2840 3060 2975 3075 3030] [1725 1675 1590 1470 1825 2290 3005 3125]
[2900 3110 2970 2945 2900 2960 2915 2580] [1565 1480 1545 1695 1900 2420 3150 3295]
[2830 3065 3085 2955 2805 2955 2855 2770] [1665 1510 1570 1615 1945 2555 3065 3330]
[3165 2970 2985 3025 3020 2850 3330 2940] [1740 1525 1555 1740 1980 2575 2950 3390]
COM3 1 61
0
[2855 2935 2815 3015 2820 2895 2985 2810] [2215 1870 1720 1630 1860 2245 2720 3040]
[3125 3015 2775 2965 2970 3105 2985 2875] [2090 1840 1625 1575 1765 2300 2815 2970]
[2855 2950 3160 2985 2945 3095 2900 3020] [2025 1800 1645 1625 1965 2220 2745 2930]
[3025 3125 2870 2780 2950 2910 2955 3025] [1855 1705 1640 1670 1885 2275 2900 2855]
[2890 3200 2995 2840 3060 2975 3075 3030] [1715 1735 1695 1505 1950 2455 3090 3210]
[2900 3110 2970 2945 2900 2960 2915 2580] [1645 1675 1565 1735 1960 2550 3085 3000]
[2830 3065 3085 2955 2805 2955 2855 2770] [1785 1690 1695 1685 2100 2625 3090 3280]
[3165 2970 2985 3025 3020 2850 3330 2940] [1760 1640 1680 1915 2105 2520 3175 3050]
COM7 0 62
0
[2815 2845 2835 2845 2850 2765 3035 2970] [2215 1870 1720 1630 1860 2245 2720 3040]
[2995 2885 2715 2900 2920 2920 2895 2925] [2090 1840 1625 1575 1765 2300 2815 2970]
[2710 3090 2915 2825 2700 2955 2940 2810] [2025 1800 1645 1625 1965 2220 2745 2930]
[2965 2795 2865 2885 3085 2930 3010 2740] [1855 1705 1640 1670 1885 2275 2900 2855]
[3035 2880 2960 2795 3010 2940 3005 3085] [1715 1735 1695 1505 1950 2455 3090 3210]
[2790 2915 3065 3025 2915 3160 3115 2735] [1645 1675 1565 1735 1960 2550 3085 3000]
[2835 3025 3040 3200 2965 3110 2830 2565] [1785 1690 1695 1685 2100 2625 3090 3280]
[2950 2890 2850 2910 2785 3165 3105 2730] [1760 1640 1680 1915 2105 2520 3175 3050]
COM3 1 63
0
[2815 2845 2835 2845 2850 2765 3035 2970] [1785 1635 1715 1615 1865 2225 2720 3175]
[2995 2885 2715 2900 2920 2920 2895 2925] [1880 1615 1640 1485 1710 2260 2675 2850]
[2710 3090 2915 2825 2700 2955 2940 2810] [1675 1645 1595 1560 1790 2215 2675 3050]
[2965 2795 2865 2885 3085 2930 3010 2740] [1690 1540 1645 1570 1840 2370 2955 2925]
[3035 2880 2960 2795 3010 2940 3005 3085] [1550 1570 1575 1460 1915 2390 2970 3240]
[2790 2915 3065 3025 2915 3160 3115 2735] [1575 1555 1590 1730 2005 2565 3145 3085]
[2835 3025 3040 3200 2965 3110 2830 2565] [1490 1575 1590 1650 2095 2825 3090 3295]
[2950 2890 2850 2910 2785 3165 3105 2730] [1630 1515 1595 1830 2095 2790 3025 3085]
COM7 0 64
0
[3235 2775 2960 3065 2940 2955 3040 2955] [1785 1635 1715 1615 1865 2225 2720 3175]
[3030 3075 3095 3050 2835 3020 2900 3005] [1880 1615 1640 1485 1710 2260 2675 2850]
[2745 3000 2990 3010 2990 2925 2900 2780] [1675 1645 1595 1560 1790 2215 2675 3050]
[3095 3090 3100 2790 2960 3095 2950 2720] [1690 1540 1645 1570 1840 2370 2955 2925]
[3195 3100 3035 3160 2905 2905 3005 2665] [1550 1570 1575 1460 1915 2390 2970 3240]
[3045 2955 3280 3040 2915 3040 3180 2595] [1575 1555 1590 1730 2005 2565 3145 3085]
[3070 3065 3085 2955 2770 2920 2810 2525] [1490 1575 1590 1650 2095 2825 3090 3295]
[3025 3255 3025 3275 3200 2895 2815 2385] [1630 1515 1595 1830 2095 2790 3025 3085]
COM3 1 65
0
[3235 2775 2960 3065 2940 2955 3040 2955] [1975 1980 1780 1630 1860 2250 2800 3165]
[3030 3075 3095 3050 2835 3020 2900 3005] [1880 1915 1685 1595 1685 2260 2890 2860]
[2745 3000 2990 3010 2990 2925 2900 2780] [1765 1810 1665 1620 1860 2250 2800 3050]
[3095 3090 3100 2790 2960 3095 2950 2720] [1745 1775 1660 1660 1860 2330 3055 2920]
[3195 3100 3035 3160 2905 2905 3005 2665] [1590 1600 1565 1605 2050 2610 3070 3100]
[3045 2955 3280 3040 2915 3040 3180 2595] [1515 1515 1410 1895 2245 2735 3130 3200]
[3070 3065 3085 2955 2770 2920 2810 2525] [1550 1505 1575 1725 2145 2570 3280 3190]
[3025 3255 3025 3275 3200 2895 2815 2385] [1645 1505 1530 1885 2365 2750 3105 3395]