COM4 1 6
0
[3030 2990 2880 2960 2995 2880 3020 2965] [2790 3025 2790 2765 3060 3020 2855 2995]
[3185 3035 2985 2800 2895 2955 3020 2840] [2795 2770 2890 2730 2900 2985 2860 2855]
[2895 2960 2940 3015 2975 2865 3025 2990] [2895 2885 2875 2845 2865 2755 2945 2875]
[2960 3070 2905 2945 3115 2975 3085 3020] [2900 2980 2810 2795 2880 2810 3030 2895]
[3065 3040 2975 2885 2895 2990 2995 3095] [2895 3130 3090 2905 2885 2950 3070 3060]
[3055 2850 3120 2965 2875 2970 3135 3065] [2820 3000 3000 2780 3175 2945 2990 2995]
[3200 3200 2905 2990 3040 3015 2735 3015] [3200 2960 2950 2840 3055 3155 3125 3135]
[3150 3110 3055 3305 2990 3040 3135 2780] [3270 2995 3175 3105 2880 2895 2985 3050]
COM6 0 7
0
[2975 2790 3000 2990 2920 2955 3065 3110] [2790 3025 2790 2765 3060 3020 2855 2995]
[3005 2975 2875 3150 3025 2980 2915 2990] [2795 2770 2890 2730 2900 2985 2860 2855]
[2885 3060 3015 2960 2970 2965 2965 2945] [2895 2885 2875 2845 2865 2755 2945 2875]
[2995 2960 3055 3025 3025 2955 2960 3010] [2900 2980 2810 2795 2880 2810 3030 2895]
[3055 2975 3190 3010 3030 2900 3195 3130] [2895 3130 3090 2905 2885 2950 3070 3060]
[3095 2965 3045 3070 2945 2940 3145 2925] [2820 3000 3000 2780 3175 2945 2990 2995]
[3040 3135 3040 3015 3035 3070 2995 3045] [3200 2960 2950 2840 3055 3155 3125 3135]
[2735 3150 2845 3035 2895 3055 3025 2860] [3270 2995 3175 3105 2880 2895 2985 3050]
COM4 1 8
0
[2975 2790 3000 2990 2920 2955 3065 3110] [3365 3500 3445 3345 3390 3265 3235 3245]
[3005 2975 2875 3150 3025 2980 2915 2990] [3505 3340 3295 3190 3145 3365 3175 3240]
[2885 3060 3015 2960 2970 2965 2965 2945] [3355 3125 3400 3240 3365 3115 3150 3215]
[2995 2960 3055 3025 3025 2955 2960 3010] [3550 3445 3375 3335 3375 3260 3320 3075]
[3055 2975 3190 3010 3030 2900 3195 3130] [3325 3245 3295 3425 3170 3200 3135 3305]
[3095 2965 3045 3070 2945 2940 3145 2925] [3160 3325 3255 3340 3225 3145 3290 3235]
[3040 3135 3040 3015 3035 3070 2995 3045] [3340 3610 3185 3395 3200 3155 3375 3345]
[2735 3150 2845 3035 2895 3055 3025 2860] [3455 3530 3415 3425 3445 3350 3110 3420]
COM6 0 9
0
[2755 2865 2765 2755 2715 2960 2960 2830] [3365 3500 3445 3345 3390 3265 3235 3245]
[2790 3025 2885 3000 2840 2905 2780 2835] [3505 3340 3295 3190 3145 3365 3175 3240]
[2760 2895 2875 2975 2925 2850 2875 2870] [3355 3125 3400 3240 3365 3115 3150 3215]
[3045 2845 2920 2835 3025 2950 2910 2800] [3550 3445 3375 3335 3375 3260 3320 3075]
[2840 2885 3035 3050 3010 2895 3050 3055] [3325 3245 3295 3425 3170 3200 3135 3305]
[3055 2830 3140 3035 2830 3050 3130 2640] [3160 3325 3255 3340 3225 3145 3290 3235]
[3105 2870 2620 2880 2925 3010 2945 2845] [3340 3610 3185 3395 3200 3155 3375 3345]
[3180 3075 2795 2855 2910 3170 2960 3010] [3455 3530 3415 3425 3445 3350 3110 3420]
COM4 1 10
0
[2755 2865 2765 2755 2715 2960 2960 2830] [2860 2740 2920 2855 2630 2790 2935 2915]
[2790 3025 2885 3000 2840 2905 2780 2835] [2950 2935 2925 2720 2910 3010 2985 2845]
[2760 2895 2875 2975 2925 2850 2875 2870] [2975 3010 2965 2865 3010 2815 3040 2870]
[3045 2845 2920 2835 3025 2950 2910 2800] [2755 3275 2980 2885 2935 2895 2910 2840]
[2840 2885 3035 3050 3010 2895 3050 3055] [2770 3045 2965 2770 2975 2840 3020 3085]
[3055 2830 3140 3035 2830 3050 3130 2640] [2940 2910 3095 3100 2920 2890 3125 3235]
[3105 2870 2620 2880 2925 3010 2945 2845] [3070 3050 3090 2975 3105 2990 3215 3070]
[3180 3075 2795 2855 2910 3170 2960 3010] [3030 2925 3210 2915 2835 3105 3210 3035]
COM6 0 11
0
[2990 2865 2770 2915 2765 2830 3075 2885] [2860 2740 2920 2855 2630 2790 2935 2915]
[3185 2910 2800 3095 2980 2945 2935 2920] [2950 2935 2925 2720 2910 3010 2985 2845]
[2805 3070 2865 2920 2895 2950 2920 2995] [2975 3010 2965 2865 3010 2815 3040 2870]
[3150 3030 3110 3075 3010 3070 2995 2865] [2755 3275 2980 2885 2935 2895 2910 2840]
[2965 3040 3030 2915 3125 2995 3080 3145] [2770 3045 2965 2770 2975 2840 3020 3085]
[2975 3040 2985 3130 2905 3075 3070 2945] [2940 2910 3095 3100 2920 2890 3125 3235]
[3225 3080 3075 2880 3000 3040 3040 2950] [3070 3050 3090 2975 3105 2990 3215 3070]
[3310 2840 2795 2980 2820 3070 3095 3095] [3030 2925 3210 2915 2835 3105 3210 3035]
COM4 1 12
0
[2990 2865 2770 2915 2765 2830 3075 2885] [2625 2750 2845 2765 2800 2775 2930 2885]
[3185 2910 2800 3095 2980 2945 2935 2920] [2710 2820 2905 2820 2845 2935 2795 2915]
[2805 3070 2865 2920 2895 2950 2920 2995] [2860 2755 2780 2860 2815 2800 2835 2900]
[3150 3030 3110 3075 3010 3070 2995 2865] [3015 2840 3030 2770 2785 2885 2890 2805]
[2965 3040 3030 2915 3125 2995 3080 3145] [3010 2865 2850 2810 2820 2840 2865 3085]
[2975 3040 2985 3130 2905 3075 3070 2945] [2830 2905 2770 2970 2890 2955 3060 2990]
[3225 3080 3075 2880 3000 3040 3040 2950] [3010 3200 2810 2955 3085 2915 3020 3065]
[3310 2840 2795 2980 2820 3070 3095 3095] [2800 3020 2835 3050 3055 2965 2960 2910]
COM6 0 13
0
[3080 2580 2920 2960 2950 2935 3040 2805] [2625 2750 2845 2765 2800 2775 2930 2885]
[2970 3100 2985 3045 2915 2955 2870 2855] [2710 2820 2905 2820 2845 2935 2795 2915]
[3070 3065 2960 2890 2845 2955 2900 2995] [2860 2755 2780 2860 2815 2800 2835 2900]
[3150 3040 2955 2935 3030 2810 2945 3100] [3015 2840 3030 2770 2785 2885 2890 2805]
[2965 3105 3010 2900 3090 2870 3100 3050] [3010 2865 2850 2810 2820 2840 2865 3085]
[2985 2965 3145 2990 2745 2805 3150 2815] [2830 2905 2770 2970 2890 2955 3060 2990]
[2905 3095 3115 2965 3115 2970 2905 2815] [3010 3200 2810 2955 3085 2915 3020 3065]
[2960 3010 2895 3200 2725 3065 3260 2885] [2800 3020 2835 3050 3055 2965 2960 2910]
COM4 1 14
0
[3080 2580 2920 2960 2950 2935 3040 2805] [2795 2750 2765 2765 2765 2805 2930 2945]
[2970 3100 2985 3045 2915 2955 2870 2855] [2750 2835 3000 2770 2895 3025 2940 2840]
[3070 3065 2960 2890 2845 2955 2900 2995] [2825 2835 2890 2820 2930 2815 2870 2795]
[3150 3040 2955 2935 3030 2810 2945 3100] [2815 3130 3000 2835 2930 2880 3040 2825]
[2965 3105 3010 2900 3090 2870 3100 3050] [2780 2865 2815 3000 2900 2975 2990 2815]
[2985 2965 3145 2990 2745 2805 3150 2815] [2955 3060 2830 2885 2850 3080 3050 2755]
[2905 3095 3115 2965 3115 2970 2905 2815] [3010 2895 3025 2880 2835 3055 2745 2675]
[2960 3010 2895 3200 2725 3065 3260 2885] [2970 2925 3070 3150 3265 2860 2870 2680]
COM6 0 15
0
[2785 2805 2970 3050 2760 2875 3005 2910] [2795 2750 2765 2765 2765 2805 2930 2945]
[3120 2925 2825 2925 2880 3040 2950 2965] [2750 2835 3000 2770 2895 3025 2940 2840]
[2875 3065 2950 2930 2895 2810 2935 2960] [2825 2835 2890 2820 2930 2815 2870 2795]
[2990 2930 3120 3065 2960 2945 2905 2865] [2815 3130 3000 2835 2930 2880 3040 2825]
[3165 2990 3005 2940 2840 3000 3100 3000] [2780 2865 2815 3000 2900 2975 2990 2815]
[2970 3025 3200 3135 2945 2960 3145 2940] [2955 3060 2830 2885 2850 3080 3050 2755]
[3055 2870 2840 2835 3035 3130 2995 2910] [3010 2895 3025 2880 2835 3055 2745 2675]
[2800 3235 2820 2870 2960 3170 3085 2975] [2970 2925 3070 3150 3265 2860 2870 2680]
COM4 1 16
0
[2785 2805 2970 3050 2760 2875 3005 2910] [3065 2875 2830 2700 2835 2875 2915 2905]
[3120 2925 2825 2925 2880 3040 2950 2965] [2900 2790 2900 2945 2825 2935 2965 2860]
[2875 3065 2950 2930 2895 2810 2935 2960] [2870 2810 3025 2855 3015 2955 2980 2720]
[2990 2930 3120 3065 2960 2945 2905 2865] [2935 2855 2850 2970 2915 2830 2800 2510]
[3165 2990 3005 2940 2840 3000 3100 3000] [2980 2950 2910 2860 2995 2830 2835 2425]
[2970 3025 3200 3135 2945 2960 3145 2940] [2830 2935 2860 3105 3030 2985 2625 2550]
[3055 2870 2840 2835 3035 3130 2995 2910] [2995 2960 3125 2875 2965 2915 2640 2310]
[2800 3235 2820 2870 2960 3170 3085 2975] [2830 3240 3045 3150 3145 2900 2960 2375]
COM6 0 17
0
[2915 2765 2740 2805 2895 2875 2845 2930] [3065 2875 2830 2700 2835 2875 2915 2905]
[2895 2905 2760 2945 2765 2905 2820 2935] [2900 2790 2900 2945 2825 2935 2965 2860]
[2940 2865 2995 2735 2800 2850 2900 2905] [2870 2810 3025 2855 3015 2955 2980 2720]
[2895 3060 3265 3035 3010 3015 3050 2870] [2935 2855 2850 2970 2915 2830 2800 2510]
[3045 3145 3005 2945 3090 2780 2995 3035] [2980 2950 2910 2860 2995 2830 2835 2425]
[3010 3210 3225 3170 2755 3010 3040 2800] [2830 2935 2860 3105 3030 2985 2625 2550]
[3085 2725 2800 2960 2800 3015 2725 3150] [2995 2960 3125 2875 2965 2915 2640 2310]
[3065 2920 2965 3045 2785 3050 3080 3135] [2830 3240 3045 3150 3145 2900 2960 2375]
COM4 1 18
0
[2915 2765 2740 2805 2895 2875 2845 2930] [3545 3305 3385 3380 3370 3310 3235 3215]
[2895 2905 2760 2945 2765 2905 2820 2935] [3380 3380 3525 3275 3410 3340 3175 2955]
[2940 2865 2995 2735 2800 2850 2900 2905] [3505 3535 3330 3280 3435 3120 3095 2650]
[2895 3060 3265 3035 3010 3015 3050 2870] [3565 3555 3585 3320 3190 3225 2905 2535]
[3045 3145 3005 2945 3090 2780 2995 3035] [3455 3590 3440 3250 3260 3015 2995 2510]
[3010 3210 3225 3170 2755 3010 3040 2800] [3165 3405 2975 3340 3330 2985 2615 2525]
[3085 2725 2800 2960 2800 3015 2725 3150] [3295 3355 3420 3440 3405 2850 2595 2480]
[3065 2920 2965 3045 2785 3050 3080 3135] [3420 3540 3425 3440 3190 3005 2825 2500]
COM6 0 19
0
[2950 2970 2830 2980 2850 2900 3005 2880] [3545 3305 3385 3380 3370 3310 3235 3215]
[3080 3005 2720 3095 2980 2920 2960 2945] [3380 3380 3525 3275 3410 3340 3175 2955]
[2895 2940 2875 2985 2845 2990 2855 2975] [3505 3535 3330 3280 3435 3120 3095 2650]
[2860 3060 3030 2850 2945 2900 2885 2855] [3565 3555 3585 3320 3190 3225 2905 2535]
[3060 3020 3000 2895 3080 2895 2950 3075] [3455 3590 3440 3250 3260 3015 2995 2510]
[2750 2965 3135 3025 2885 3070 3050 2895] [3165 3405 2975 3340 3330 2985 2615 2525]
[3110 2870 2960 3010 3035 3185 3060 3010] [3295 3355 3420 3440 3405 2850 2595 2480]
[3275 3000 2870 3080 3050 2820 2870 2770] [3420 3540 3425 3440 3190 3005 2825 2500]
COM4 1 20
0
[2950 2970 2830 2980 2850 2900 3005 2880] [2940 3035 3045 3035 2850 2775 2540 2530]
[3080 3005 2720 3095 2980 2920 2960 2945] [2985 2835 3015 2960 2845 2925 2555 2460]
[2895 2940 2875 2985 2845 2990 2855 2975] [2860 2885 2995 2995 2885 2750 2515 2340]
[2860 3060 3030 2850 2945 2900 2885 2855] [2900 2965 3045 2880 2915 2590 2390 2380]
[3060 3020 3000 2895 3080 2895 2950 3075] [2915 2995 2940 2890 2885 2650 2605 2480]
[2750 2965 3135 3025 2885 3070 3050 2895] [2820 2920 2840 3010 2890 2550 2525 2230]
[3110 2870 2960 3010 3035 3185 3060 3010] [2985 2975 2915 3170 3070 2820 2370 2385]
[3275 3000 2870 3080 3050 2820 2870 2770] [3105 3235 2910 2910 3005 2690 2515 2380]
COM6 0 21
0
[2825 2715 2895 3000 2835 2745 2960 2685] [2940 3035 3045 3035 2850 2775 2540 2530]
[2985 2925 2775 3095 2940 2960 2995 2990] [2985 2835 3015 2960 2845 2925 2555 2460]
[2730 3005 2995 2885 2885 2970 2995 2790] [2860 2885 2995 2995 2885 2750 2515 2340]
[3010 2975 3045 2955 2940 2855 2985 2720] [2900 2965 3045 2880 2915 2590 2390 2380]
[3040 3050 3100 2880 3100 2890 3040 3015] [2915 2995 2940 2890 2885 2650 2605 2480]
[3010 3230 3200 2990 2900 2925 3145 2660] [2820 2920 2840 3010 2890 2550 2525 2230]
[2845 2955 3035 3015 3025 3240 2765 2890] [2985 2975 2915 3170 3070 2820 2370 2385]
[3045 2715 3210 2825 3035 2955 3040 3010] [3105 3235 2910 2910 3005 2690 2515 2380]
COM4 1 22
0
[2825 2715 2895 3000 2835 2745 2960 2685] [3270 3115 3320 3205 3075 2700 2530 2600]
[2985 2925 2775 3095 2940 2960 2995 2990] [3160 3205 3385 3100 3095 2720 2640 2605]
[2730 3005 2995 2885 2885 2970 2995 2790] [3235 3150 3255 3240 3225 2795 2540 2500]
[3010 2975 3045 2955 2940 2855 2985 2720] [3245 3225 3305 3290 3120 2710 2530 2420]
[3040 3050 3100 2880 3100 2890 3040 3015] [3215 3250 3285 3220 3015 2795 2445 2315]
[3010 3230 3200 2990 2900 2925 3145 2660] [3165 3210 3005 3350 3080 2825 2335 2325]
[2845 2955 3035 3015 3025 3240 2765 2890] [3345 3385 3335 3115 3355 2820 2520 2460]
[3045 2715 3210 2825 3035 2955 3040 3010] [3510 3175 3520 3375 3140 2900 2425 2280]
COM6 0 23
0
[2915 2870 3050 3005 2850 2800 2950 2855] [3270 3115 3320 3205 3075 2700 2530 2600]
[3160 3045 3070 2975 2955 2885 2895 2995] [3160 3205 3385 3100 3095 2720 2640 2605]
[2795 2930 2865 2885 2950 2955 2900 2905] [3235 3150 3255 3240 3225 2795 2540 2500]
[3115 2965 3135 2865 3005 2920 2940 2975] [3245 3225 3305 3290 3120 2710 2530 2420]
[3065 2910 2985 3030 2990 2845 3100 3060] [3215 3250 3285 3220 3015 2795 2445 2315]
[3165 2930 3215 3210 2950 3195 3140 2985] [3165 3210 3005 3350 3080 2825 2335 2325]
[3090 3150 3100 2955 3005 3005 2865 2875] [3345 3385 3335 3115 3355 2820 2520 2460]
[3205 3010 3025 2905 3055 3150 3105 3145] [3510 3175 3520 3375 3140 2900 2425 2280]
COM4 1 24
0
[2915 2870 3050 3005 2850 2800 2950 2855] [2995 3000 2880 2845 2770 2515 2335 2680]
[3160 3045 3070 2975 2955 2885 2895 2995] [2985 3085 3095 2820 2725 2570 2435 2560]
[2795 2930 2865 2885 2950 2955 2900 2905] [3125 2885 3040 2925 2975 2410 2495 2390]
[3115 2965 3135 2865 3005 2920 2940 2975] [3125 3100 3045 2880 2875 2400 2205 2340]
[3065 2910 2985 3030 2990 2845 3100 3060] [3020 3060 2990 3005 2840 2360 2345 2240]
[3165 2930 3215 3210 2950 3195 3140 2985] [2915 3040 3060 3070 2630 2505 2280 2085]
[3090 3150 3100 2955 3005 3005 2865 2875] [2945 3270 3045 2975 2590 2340 2235 2105]
[3205 3010 3025 2905 3055 3150 3105 3145] [3045 3070 2905 2995 2820 2415 2210 2060]
COM6 0 25
0
[2805 2800 2965 3025 2760 2795 3125 2955] [2995 3000 2880 2845 2770 2515 2335 2680]
[3140 2910 2690 3075 2980 2785 2975 2915] [2985 3085 3095 2820 2725 2570 2435 2560]
[2760 2770 2910 3005 2915 2980 3010 2770] [3125 2885 3040 2925 2975 2410 2495 2390]
[3040 3175 3000 3005 3055 2920 2975 3080] [3125 3100 3045 2880 2875 2400 2205 2340]
[3060 2905 3065 2910 3080 3000 3080 3000] [3020 3060 2990 3005 2840 2360 2345 2240]
[2875 3020 3070 3070 2945 3015 2965 2890] [2915 3040 3060 3070 2630 2505 2280 2085]
[2840 2900 2995 3025 3115 2795 2910 2985] [2945 3270 3045 2975 2590 2340 2235 2105]
[2900 3185 2735 3140 3150 2980 3290 2800] [3045 3070 2905 2995 2820 2415 2210 2060]
COM4 1 26
0
[2805 2800 2965 3025 2760 2795 3125 2955] [2875 2940 2840 2835 2710 2630 2565 2640]
[3140 2910 2690 3075 2980 2785 2975 2915] [3165 3075 3095 2955 2730 2545 2470 2345]
[2760 2770 2910 3005 2915 2980 3010 2770] [3010 3205 2950 2815 2785 2485 2370 2255]
[3040 3175 3000 3005 3055 2920 2975 3080] [3300 2945 3260 3015 2680 2470 2175 2155]
[3060 2905 3065 2910 3080 3000 3080 3000] [2915 3235 3165 2765 2505 2235 2035 2095]
[2875 3020 3070 3070 2945 3015 2965 2890] [3040 2905 2925 3010 2605 2290 2125 1895]
[2840 2900 2995 3025 3115 2795 2910 2985] [3070 3175 3075 2875 2685 2145 2090 2010]
[2900 3185 2735 3140 3150 2980 3290 2800] [3175 3185 3110 3115 2725 2120 2175 1940]
COM6 0 27
0
[2910 2770 2940 2740 2985 2900 3000 2805] [2875 2940 2840 2835 2710 2630 2565 2640]
[3115 2800 2810 3055 2860 3000 2990 2930] [3165 3075 3095 2955 2730 2545 2470 2345]
[2810 2860 3000 2905 3020 2975 2780 2790] [3010 3205 2950 2815 2785 2485 2370 2255]
[2810 2785 2955 2835 2990 3125 2920 2880] [3300 2945 3260 3015 2680 2470 2175 2155]
[2860 2935 3010 2975 3070 2885 2940 2905] [2915 3235 3165 2765 2505 2235 2035 2095]
[2835 3135 3145 2970 2880 3030 3050 2775] [3040 2905 2925 3010 2605 2290 2125 1895]
[3105 2970 2850 3090 3150 2940 2905 2940] [3070 3175 3075 2875 2685 2145 2090 2010]
[3145 3395 2850 3165 2805 2920 3085 3125] [3175 3185 3110 3115 2725 2120 2175 1940]
COM4 1 28
0
[2910 2770 2940 2740 2985 2900 3000 2805] [3070 3100 3165 2835 2630 2340 2510 2580]
[3115 2800 2810 3055 2860 3000 2990 2930] [3070 3190 2915 2895 2510 2385 2330 2185]
[2810 2860 3000 2905 3020 2975 2780 2790] [3025 2950 3240 2980 2640 2340 2285 2115]
[2810 2785 2955 2835 2990 3125 2920 2880] [3050 3125 3150 2935 2580 2140 2050 2065]
[2860 2935 3010 2975 3070 2885 2940 2905] [3190 3130 2995 2765 2530 2125 1995 2220]
[2835 3135 3145 2970 2880 3030 3050 2775] [2830 2935 2770 2770 2545 2045 2240 2390]
[3105 2970 2850 3090 3150 2940 2905 2940] [3150 3220 3155 2765 2490 1955 2105 2520]
[3145 3395 2850 3165 2805 2920 3085 3125] [3325 3185 3050 2995 2310 2230 2080 2505]
COM6 0 29
0
[2860 2790 3180 2980 2770 2865 2895 2850] [3070 3100 3165 2835 2630 2340 2510 2580]
[2825 3175 2855 2920 2920 2785 3075 2925] [3070 3190 2915 2895 2510 2385 2330 2185]
[2745 2950 2965 2925 2910 2885 3015 2870] [3025 2950 3240 2980 2640 2340 2285 2115]
[2960 3015 2865 2985 3090 2955 3025 3085] [3050 3125 3150 2935 2580 2140 2050 2065]
[2975 2870 3130 3080 3125 3005 3050 3025] [3190 3130 2995 2765 2530 2125 1995 2220]
[2950 3095 3140 3195 3020 3050 3065 2965] [2830 2935 2770 2770 2545 2045 2240 2390]
[2820 2935 2930 2955 2965 3070 2745 3035] [3150 3220 3155 2765 2490 1955 2105 2520]
[3135 2995 2970 2980 3005 3225 2885 2915] [3325 3185 3050 2995 2310 2230 2080 2505]
COM4 1 30
0
[2860 2790 3180 2980 2770 2865 2895 2850] [3120 3070 3165 3005 2625 2205 2200 2340]
[2825 3175 2855 2920 2920 2785 3075 2925] [3110 2960 3150 2970 2580 2485 2195 2300]
[2745 2950 2965 2925 2910 2885 3015 2870] [3215 3045 3125 2735 2450 2195 2110 2250]
[2960 3015 2865 2985 3090 2955 3025 3085] [3225 3150 2930 2710 2305 2135 2070 2375]
[2975 2870 3130 3080 3125 3005 3050 3025] [3070 2985 2840 2310 2055 2150 2360 2630]
[2950 3095 3140 3195 3020 3050 3065 2965] [3210 3055 2670 2500 2115 1995 2450 2595]
[2820 2935 2930 2955 2965 3070 2745 3035] [3110 3080 2700 2360 1980 2190 2540 2985]
[3135 2995 2970 2980 3005 3225 2885 2915] [3045 3080 2570 2335 1895 2135 2575 2940]
COM6 0 31
0
[2815 2915 2735 2885 2820 2680 2885 2800] [3120 3070 3165 3005 2625 2205 2200 2340]
[3040 2935 2905 2795 2895 2895 2885 2945] [3110 2960 3150 2970 2580 2485 2195 2300]
[2835 2860 2900 2945 2845 2985 3030 2960] [3215 3045 3125 2735 2450 2195 2110 2250]
[3130 2825 3035 2935 2845 2995 2965 2855] [3225 3150 2930 2710 2305 2135 2070 2375]
[2790 3130 2970 2855 2840 2960 2915 3005] [3070 2985 2840 2310 2055 2150 2360 2630]
[2920 3025 3300 2800 2925 2955 2910 2890] [3210 3055 2670 2500 2115 1995 2450 2595]
[2700 2745 3035 2975 3115 3070 2580 3025] [3110 3080 2700 2360 1980 2190 2540 2985]
[3190 2580 2905 3075 2745 2945 2900 3010] [3045 3080 2570 2335 1895 2135 2575 2940]
COM4 1 32
0
[2815 2915 2735 2885 2820 2680 2885 2800] [3010 3055 3045 2845 2610 2135 1955 2300]
[3040 2935 2905 2795 2895 2895 2885 2945] [3070 3015 2915 2605 2170 2060 2125 2175]
[2835 2860 2900 2945 2845 2985 3030 2960] [3095 3035 2805 2460 2295 1900 2105 2200]
[3130 2825 3035 2935 2845 2995 2965 2855] [3045 2935 2510 2210 2045 2005 2285 2550]
[2790 3130 2970 2855 2840 2960 2915 3005] [3060 2505 2050 1900 1935 2025 2445 2990]
[2920 3025 3300 2800 2925 2955 2910 2890] [2580 2370 2100 1875 1985 2250 2720 2925]
[2700 2745 3035 2975 3115 3070 2580 3025] [2590 2280 2020 1885 2000 2295 2790 3270]
[3190 2580 2905 3075 2745 2945 2900 3010] [3005 2475 2145 2125 2125 2280 2685 3105]
COM6 0 33
0
[2695 2995 2740 2760 2920 2890 2875 2910] [3010 3055 3045 2845 2610 2135 1955 2300]
[2875 2890 2915 2875 2835 2815 2890 2750] [3070 3015 2915 2605 2170 2060 2125 2175]
[2890 2950 3065 2975 2990 2935 2865 2925] [3095 3035 2805 2460 2295 1900 2105 2200]
[2900 2835 3120 2955 2830 2985 2950 3005] [3045 2935 2510 2210 2045 2005 2285 2550]
[2865 2700 2910 2840 2930 2895 3085 2980] [3060 2505 2050 1900 1935 2025 2445 2990]
[2900 2855 3000 2935 2725 2960 3005 2765] [2580 2370 2100 1875 1985 2250 2720 2925]
[2745 3085 3070 3015 3180 2865 2775 3015] [2590 2280 2020 1885 2000 2295 2790 3270]
[2875 3000 2995 3060 3135 2895 3140 2805] [3005 2475 2145 2125 2125 2280 2685 3105]
COM4 1 34
0
[2695 2995 2740 2760 2920 2890 2875 2910] [3380 3190 3365 2825 2445 2315 2400 2740]
[2875 2890 2915 2875 2835 2815 2890 2750] [3225 3260 3095 2475 2370 2390 2510 2730]
[2890 2950 3065 2975 2990 2935 2865 2925] [3285 3035 2715 2420 2290 2310 2590 2875]
[2900 2835 3120 2955 2830 2985 2950 3005] [3260 2695 2585 2295 2115 2290 2585 3030]
[2865 2700 2910 2840 2930 2895 3085 2980] [2655 2335 2350 2135 2145 2360 2750 2950]
[2900 2855 3000 2935 2725 2960 3005 2765] [2565 2370 2105 2240 2320 2670 2940 3135]
[2745 3085 3070 3015 3180 2865 2775 3015] [2575 2365 2330 2175 2255 2635 2910 2985]
[2875 3000 2995 3060 3135 2895 3140 2805] [2635 2330 2190 2255 2145 2585 3180 3305]
COM6 0 35
0
[2835 2805 2860 3005 2925 2895 3075 3025] [3380 3190 3365 2825 2445 2315 2400 2740]
[2890 2975 3050 3015 2915 2970 2770 2905] [3225 3260 3095 2475 2370 2390 2510 2730]
[2865 2770 2940 2890 2900 2905 2870 3005] [3285 3035 2715 2420 2290 2310 2590 2875]
[3070 2970 2825 2875 2850 3005 3160 2960] [3260 2695 2585 2295 2115 2290 2585 3030]
[2980 3000 2915 2885 3095 2905 2925 3090] [2655 2335 2350 2135 2145 2360 2750 2950]
[2775 3005 3010 3040 2905 3145 2945 2970] [2565 2370 2105 2240 2320 2670 2940 3135]
[3025 3145 3015 3175 2945 3020 3015 2830] [2575 2365 2330 2175 2255 2635 2910 2985]
[3045 3000 3195 3020 2970 3070 3025 2955] [2635 2330 2190 2255 2145 2585 3180 3305]
COM4 1 36
0
[2835 2805 2860 3005 2925 2895 3075 3025] [3080 2735 2410 2445 2305 2445 2690 2905]
[2890 2975 3050 3015 2915 2970 2770 2905] [3110 2670 2440 2140 2100 2515 2780 2855]
[2865 2770 2940 2890 2900 2905 2870 3005] [3045 2535 2250 2150 2295 2485 2730 2890]
[3070 2970 2825 2875 2850 3005 3160 2960] [2600 2340 2430 2250 2365 2425 2815 2840]
[2980 3000 2915 2885 3095 2905 2925 3090] [2510 2485 2465 2270 2445 2595 2840 3070]
[2775 3005 3010 3040 2905 3145 2945 2970] [2415 2205 2150 2340 2390 2535 2990 3310]
[3025 3145 3015 3175 2945 3020 3015 2830] [2500 2345 2300 2445 2415 2585 3035 3160]
[3045 3000 3195 3020 2970 3070 3025 2955] [2445 2280 2260 2220 2340 2670 2870 3035]
COM6 0 37
0
[2810 2645 2950 2805 2780 2780 2715 2770] [3080 2735 2410 2445 2305 2445 2690 2905]
[2920 3005 2960 3000 2835 2955 2840 3000] [3110 2670 2440 2140 2100 2515 2780 2855]
[2745 2800 2900 2845 2905 2810 2870 2910] [3045 2535 2250 2150 2295 2485 2730 2890]
[2790 2750 2960 3005 2960 2920 2905 2960] [2600 2340 2430 2250 2365 2425 2815 2840]
[2990 2955 2900 2755 2950 2900 3055 3030] [2510 2485 2465 2270 2445 2595 2840 3070]
[2645 3000 2980 2900 2945 2955 2890 2625] [2415 2205 2150 2340 2390 2535 2990 3310]
[2700 3075 2645 3010 2915 3205 2935 2850] [2500 2345 2300 2445 2415 2585 3035 3160]
[3005 2850 2925 2790 2880 3140 3015 2770] [2445 2280 2260 2220 2340 2670 2870 3035]
COM4 1 38
0
[2810 2645 2950 2805 2780 2780 2715 2770] [2075 2245 2195 2360 2400 2470 2525 2860]
[2920 3005 2960 3000 2835 2955 2840 3000] [2330 2010 2195 2235 2415 2500 2650 2955]
[2745 2800 2900 2845 2905 2810 2870 2910] [2025 2020 2145 2295 2365 2320 2675 2990]
[2790 2750 2960 3005 2960 2920 2905 2960] [2140 2140 2125 2350 2275 2435 2680 2895]
[2990 2955 2900 2755 2950 2900 3055 3030] [2095 1945 2120 2045 2315 2475 2825 3015]
[2645 3000 2980 2900 2945 2955 2890 2625] [2060 1935 2055 2210 2285 2560 2970 3015]
[2700 3075 2645 3010 2915 3205 2935 2850] [1995 2035 1985 2130 2400 2605 3010 3355]
[3005 2850 2925 2790 2880 3140 3015 2770] [2290 1985 1935 2200 2320 2765 3045 2950]
COM6 0 39
0
[2870 2915 3015 2935 2845 2745 2805 2860] [2075 2245 2195 2360 2400 2470 2525 2860]
[2985 2900 2840 2945 2865 2945 2820 2845] [2330 2010 2195 2235 2415 2500 2650 2955]
[2925 2990 2940 2900 2845 2955 2900 3000] [2025 2020 2145 2295 2365 2320 2675 2990]
[3070 2960 3130 2855 3075 2935 2740 2935] [2140 2140 2125 2350 2275 2435 2680 2895]
[2795 2905 3005 2795 3065 2960 3055 3010] [2095 1945 2120 2045 2315 2475 2825 3015]
[3020 2940 2910 2950 2870 2890 2815 2860] [2060 1935 2055 2210 2285 2560 2970 3015]
[3090 2950 3000 3005 3145 2915 2905 2825] [1995 2035 1985 2130 2400 2605 3010 3355]
[2905 3000 2975 2890 2805 3125 2945 2975] [2290 1985 1935 2200 2320 2765 3045 2950]
COM4 1 40
0
[2870 2915 3015 2935 2845 2745 2805 2860] [2505 2545 2785 3025 2835 2700 2885 3060]
[2985 2900 2840 2945 2865 2945 2820 2845] [2610 2475 2690 2915 2595 2760 2955 2955]
[2925 2990 2940 2900 2845 2955 2900 3000] [2600 2375 2590 2835 2665 2545 2900 3035]
[3070 2960 3130 2855 3075 2935 2740 2935] [2560 2435 2480 2425 2545 2715 2825 3165]
[2795 2905 3005 2795 3065 2960 3055 3010] [2430 2550 2240 2130 2430 2675 3035 3140]
[3020 2940 2910 2950 2870 2890 2815 2860] [2485 2240 2075 2440 2485 2905 3240 3235]
[3090 2950 3000 3005 3145 2915 2905 2825] [2655 2390 2320 2420 2590 2920 3295 3325]
[2905 3000 2975 2890 2805 3125 2945 2975] [2745 2235 2215 2485 2640 2860 3135 3365]
COM6 0 41
0
[2620 2725 2900 2880 2890 2755 2820 2525] [2505 2545 2785 3025 2835 2700 2885 3060]
[2990 2795 2955 2935 2990 3015 2875 2750] [2610 2475 2690 2915 2595 2760 2955 2955]
[2620 2965 2735 2945 2860 2920 2885 2835] [2600 2375 2590 2835 2665 2545 2900 3035]
[2680 3195 2970 2830 2945 2935 2965 2700] [2560 2435 2480 2425 2545 2715 2825 3165]
[2950 3040 2865 2830 2970 2960 2960 2990] [2430 2550 2240 2130 2430 2675 3035 3140]
[3055 2740 3025 2945 2885 2990 3085 2705] [2485 2240 2075 2440 2485 2905 3240 3235]
[2945 3175 2900 3010 2895 3010 2970 2840] [2655 2390 2320 2420 2590 2920 3295 3325]
[3020 3105 2745 2980 2965 3045 3305 2995] [2745 2235 2215 2485 2640 2860 3135 3365]
COM4 1 42
0
[2620 2725 2900 2880 2890 2755 2820 2525] [2010 2245 2450 2590 2395 2570 2745 2950]
[2990 2795 2955 2935 2990 3015 2875 2750] [1900 2130 2350 2295 2430 2450 2855 2815]
[2620 2965 2735 2945 2860 2920 2885 2835] [1965 2125 2075 2300 2530 2620 2835 2900]
[2680 3195 2970 2830 2945 2935 2965 2700] [2005 2215 2120 2365 2375 2630 2905 3050]
[2950 3040 2865 2830 2970 2960 2960 2990] [1905 2030 2120 2075 2575 2840 2925 3170]
[3055 2740 3025 2945 2885 2990 3085 2705] [1890 1865 1975 2415 2575 2940 3110 2995]
[2945 3175 2900 3010 2895 3010 2970 2840] [1855 1840 2075 2435 2695 2920 3150 3135]
[3020 3105 2745 2980 2965 3045 3305 2995] [1885 1900 2150 2515 2915 2900 3100 3195]
COM6 0 43
0
[2930 2830 2710 2910 2865 2790 2795 2470] [2010 2245 2450 2590 2395 2570 2745 2950]
[2805 2835 2870 3035 2860 2935 2910 2690] [1900 2130 2350 2295 2430 2450 2855 2815]
[2770 2715 2905 2865 2820 2845 2860 2790] [1965 2125 2075 2300 2530 2620 2835 2900]
[3030 2990 3105 2995 2940 3040 2925 2655] [2005 2215 2120 2365 2375 2630 2905 3050]
[2980 2880 2790 2960 2990 2840 2970 2715] [1905 2030 2120 2075 2575 2840 2925 3170]
[3055 3020 2975 2895 2695 2870 3130 2590] [1890 1865 1975 2415 2575 2940 3110 2995]
[2885 2935 2940 3130 2870 2870 2905 2445] [1855 1840 2075 2435 2695 2920 3150 3135]
[2870 2990 3015 2840 3120 3170 3090 2600] [1885 1900 2150 2515 2915 2900 3100 3195]
COM4 1 44
0
[2930 2830 2710 2910 2865 2790 2795 2470] [2195 2370 2550 2375 2370 2435 2745 2950]
[2805 2835 2870 3035 2860 2935 2910 2690] [2000 2260 2350 2310 2355 2655 2805 2840]
[2770 2715 2905 2865 2820 2845 2860 2790] [2165 2260 2255 2295 2680 2735 3035 2900]
[3030 2990 3105 2995 2940 3040 2925 2655] [1775 1910 2200 2330 2505 2810 3055 2920]
[2980 2880 2790 2960 2990 2840 2970 2715] [1885 1920 2195 2355 2685 3005 3100 3010]
[3055 3020 2975 2895 2695 2870 3130 2590] [1815 2005 2185 2630 2935 2990 2990 2915]
[2885 2935 2940 3130 2870 2870 2905 2445] [1820 1835 2485 2660 2990 2985 2930 3085]
[2870 2990 3015 2840 3120 3170 3090 2600] [1860 2000 2510 2875 3150 2890 2870 2945]
COM6 0 45
0
[3065 2870 2745 2615 2810 2840 2925 2205] [2195 2370 2550 2375 2370 2435 2745 2950]
[2950 3070 2965 3020 3000 3035 2795 2460] [2000 2260 2350 2310 2355 2655 2805 2840]
[3015 2810 3035 2815 2810 2905 2920 2505] [2165 2260 2255 2295 2680 2735 3035 2900]
[3115 2995 3035 3025 3115 2985 2875 2550] [1775 1910 2200 2330 2505 2810 3055 2920]
[3050 3020 3075 2880 2980 2945 2985 2395] [1885 1920 2195 2355 2685 3005 3100 3010]
[2960 3025 3145 3045 2905 2865 2975 2370] [1815 2005 2185 2630 2935 2990 2990 2915]
[3075 2975 3180 3030 3175 3015 2595 2335] [1820 1835 2485 2660 2990 2985 2930 3085]
[2990 2865 3125 2775 2805 2915 2900 2325] [1860 2000 2510 2875 3150 2890 2870 2945]
COM4 1 46
0
[3065 2870 2745 2615 2810 2840 2925 2205] [2375 2310 2440 2370 2480 2695 2895 3055]
[2950 3070 2965 3020 3000 3035 2795 2460] [2120 2170 2475 2345 2615 2825 2885 2940]
[3015 2810 3035 2815 2810 2905 2920 2505] [1945 2060 2255 2470 2710 2975 3040 3020]
[3115 2995 3035 3025 3115 2985 2875 2550] [1920 2315 2530 2490 2875 2945 2955 3020]
[3050 3020 3075 2880 2980 2945 2985 2395] [1865 2255 2580 2755 2965 2840 3030 2930]
[2960 3025 3145 3045 2905 2865 2975 2370] [1985 2255 2620 3125 2925 2875 2990 3085]
[3075 2975 3180 3030 3175 3015 2595 2335] [2025 2525 2905 3015 3130 2895 3120 3100]
[2990 2865 3125 2775 2805 2915 2900 2325] [1970 2560 2700 3080 2910 3165 2870 2845]
COM6 0 47
0
[2925 3025 2675 2845 2930 2835 2735 2355] [2375 2310 2440 2370 2480 2695 2895 3055]
[3050 2870 2980 2760 2745 2805 2725 2405] [2120 2170 2475 2345 2615 2825 2885 2940]
[2785 2900 3065 2945 3000 2915 2615 2470] [1945 2060 2255 2470 2710 2975 3040 3020]
[3025 3060 3015 2810 3015 2850 2765 2280] [1920 2315 2530 2490 2875 2945 2955 3020]
[3145 2905 2810 2925 2905 2835 2940 2415] [1865 2255 2580 2755 2965 2840 3030 2930]
[3340 2880 3145 3070 2845 2985 2920 2135] [1985 2255 2620 3125 2925 2875 2990 3085]
[2910 2970 3070 3190 2825 2780 2585 2315] [2025 2525 2905 3015 3130 2895 3120 3100]
[3065 2925 2740 2850 2910 2670 2545 2080] [1970 2560 2700 3080 2910 3165 2870 2845]
COM4 1 48
0
[2925 3025 2675 2845 2930 2835 2735 2355] [2510 2605 2695 2495 2805 3110 3095 3200]
[3050 2870 2980 2760 2745 2805 2725 2405] [2350 2360 2620 2730 3025 3135 3300 3210]
[2785 2900 3065 2945 3000 2915 2615 2470] [2340 2460 2645 2855 3270 3010 3165 3150]
[3025 3060 3015 2810 3015 2850 2765 2280] [2510 2770 3015 3040 3220 3270 3305 3335]
[3145 2905 2810 2925 2905 2835 2940 2415] [2440 2865 3075 3090 3100 3100 3460 3360]
[3340 2880 3145 3070 2845 2985 2920 2135] [2375 2880 3175 3270 3170 3430 3455 3410]
[2910 2970 3070 3190 2825 2780 2585 2315] [2610 3065 3200 3205 3265 3310 3350 3355]
[3065 2925 2740 2850 2910 2670 2545 2080] [2545 3045 3225 3385 3155 3285 3100 3315]
COM6 0 49
0
[2845 2740 2865 2850 2885 2740 2630 2210] [2510 2605 2695 2495 2805 3110 3095 3200]
[3050 3000 2875 3000 2725 2820 2695 2350] [2350 2360 2620 2730 3025 3135 3300 3210]
[2870 2840 2945 2825 2840 2925 2600 2230] [2340 2460 2645 2855 3270 3010 3165 3150]
[2865 2975 3010 2855 3010 2755 2415 2025] [2510 2770 3015 3040 3220 3270 3305 3335]
[3065 2950 2870 2865 2860 2610 2330 1935] [2440 2865 3075 3090 3100 3100 3460 3360]
[3010 3070 3205 3045 2635 2505 2015 1725] [2375 2880 3175 3270 3170 3430 3455 3410]
[3010 2880 2865 3095 2780 2235 1845 1645] [2610 3065 3200 3205 3265 3310 3350 3355]
[2830 2720 3020 3095 2705 2370 2180 1590] [2545 3045 3225 3385 3155 3285 3100 3315]
COM4 1 50
0
[2845 2740 2865 2850 2885 2740 2630 2210] [2215 2415 2420 2660 3040 2945 2930 3115]
[3050 3000 2875 3000 2725 2820 2695 2350] [2110 2445 2775 2785 2925 3025 2975 2925]
[2870 2840 2945 2825 2840 2925 2600 2230] [2125 2505 2800 2855 3035 2910 3025 2895]
[2865 2975 3010 2855 3010 2755 2415 2025] [2410 2710 3120 2880 2980 2960 2905 2840]
[3065 2950 2870 2865 2860 2610 2330 1935] [2430 3025 3145 3125 3030 3035 3105 3055]
[3010 3070 3205 3045 2635 2505 2015 1725] [2400 3130 3170 3130 3100 3205 2995 3205]
[3010 2880 2865 3095 2780 2235 1845 1645] [2410 3155 3220 3060 3210 2985 3030 3170]
[2830 2720 3020 3095 2705 2370 2180 1590] [2550 2920 3060 3140 3220 3010 2855 2805]
COM6 0 51
0
[2725 2795 2800 2980 2835 2815 2700 2270] [2215 2415 2420 2660 3040 2945 2930 3115]
[2975 2995 2885 3050 2930 2985 2505 2250] [2110 2445 2775 2785 2925 3025 2975 2925]
[2920 2925 2860 2945 2795 2690 2505 2215] [2125 2505 2800 2855 3035 2910 3025 2895]
[2800 2805 2820 2670 2720 2570 2335 1900] [2410 2710 3120 2880 2980 2960 2905 2840]
[3055 2800 2750 2835 2585 2350 2095 1850] [2430 3025 3145 3125 3030 3035 3105 3055]
[2885 2965 2955 2945 2510 2210 1740 1800] [2400 3130 3170 3130 3100 3205 2995 3205]
[3390 2890 2835 2555 2430 1850 1730 1715] [2410 3155 3220 3060 3210 2985 3030 3170]
[3145 3000 3190 2845 2395 2145 1955 1870] [2550 2920 3060 3140 3220 3010 2855 2805]
COM4 1 52
0
[2725 2795 2800 2980 2835 2815 2700 2270] [2500 2715 2920 3090 3360 3275 3210 3325]
[2975 2995 2885 3050 2930 2985 2505 2250] [2370 2900 3130 3125 3225 3210 3155 3225]
[2920 2925 2860 2945 2795 2690 2505 2215] [2650 3065 3125 3120 3280 3255 3320 3375]
[2800 2805 2820 2670 2720 2570 2335 1900] [2635 3385 3215 3230 3245 3295 3150 3195]
[3055 2800 2750 2835 2585 2350 2095 1850] [2875 2945 3225 3225 3200 3205 3215 3350]
[2885 2965 2955 2945 2510 2210 1740 1800] [2745 3125 3370 3210 3100 3195 3240 3485]
[3390 2890 2835 2555 2430 1850 1730 1715] [2795 3165 3235 3395 3250 3215 3370 3415]
[3145 3000 3190 2845 2395 2145 1955 1870] [2830 3205 3355 3375 3400 3075 3430 3675]
COM6 0 53
0
[2850 2895 2865 2895 2770 2630 2485 1780] [2500 2715 2920 3090 3360 3275 3210 3325]
[2955 2745 2785 3055 2800 2665 2235 2045] [2370 2900 3130 3125 3225 3210 3155 3225]
[2725 2890 2955 2745 2685 2425 2285 1825] [2650 3065 3125 3120 3280 3255 3320 3375]
[2950 3060 2895 2580 2475 2330 1980 1730] [2635 3385 3215 3230 3245 3295 3150 3195]
[3170 2905 2825 2580 2300 2055 1955 1830] [2875 2945 3225 3225 3200 3205 3215 3350]
[2770 2740 2640 2595 2190 2065 1985 1795] [2745 3125 3370 3210 3100 3195 3240 3485]
[2930 2870 2685 2525 2000 2060 1720 1610] [2795 3165 3235 3395 3250 3215 3370 3415]
[3205 2680 2810 2400 2185 2005 2000 1620] [2830 3205 3355 3375 3400 3075 3430 3675]
COM4 1 54
0
[2850 2895 2865 2895 2770 2630 2485 1780] [2700 3175 3150 3270 3365 3310 3280 3265]
[2955 2745 2785 3055 2800 2665 2235 2045] [2670 3095 3200 3175 3190 3330 3320 3155]
[2725 2890 2955 2745 2685 2425 2285 1825] [2615 3250 3120 3150 3275 3245 3190 3090]
[2950 3060 2895 2580 2475 2330 1980 1730] [3000 3025 3235 3325 3140 3255 3285 3340]
[3170 2905 2825 2580 2300 2055 1955 1830] [2705 3295 3265 3110 3180 3305 3375 3320]
[2770 2740 2640 2595 2190 2065 1985 1795] [2835 3060 3240 3235 3325 3480 3355 3455]
[2930 2870 2685 2525 2000 2060 1720 1610] [2975 3335 3255 3175 3200 3345 3300 3470]
[3205 2680 2810 2400 2185 2005 2000 1620] [3010 3450 3490 3465 3275 3225 3210 3420]
COM6 0 55
0
[3045 2890 2810 2485 2225 2380 2315 1960] [2700 3175 3150 3270 3365 3310 3280 3265]
[2985 2905 2820 2485 2350 2220 2245 2170] [2670 3095 3200 3175 3190 3330 3320 3155]
[2745 3030 2735 2280 2315 2425 2330 2210] [2615 3250 3120 3150 3275 3245 3190 3090]
[2910 2895 2600 2405 2170 2250 2215 1965] [3000 3025 3235 3325 3140 3255 3285 3340]
[2825 2870 2415 2310 2305 2150 2355 2165] [2705 3295 3265 3110 3180 3305 3375 3320]
[2665 2695 2685 2120 2140 2210 2130 1675] [2835 3060 3240 3235 3325 3480 3355 3455]
[3005 2665 2455 2395 2180 2065 2100 1830] [2975 3335 3255 3175 3200 3345 3300 3470]
[3065 2600 2515 2300 1975 1895 1625 1775] [3010 3450 3490 3465 3275 3225 3210 3420]
COM4 1 56
0
[3045 2890 2810 2485 2225 2380 2315 1960] [2960 2985 3110 3065 3325 3205 3125 3185]
[2985 2905 2820 2485 2350 2220 2245 2170] [2600 3075 3315 3135 3215 3305 3220 3080]
[2745 3030 2735 2280 2315 2425 2330 2210] [2975 3090 2985 3035 3295 3310 3175 3055]
[2910 2895 2600 2405 2170 2250 2215 1965] [2935 3045 3330 3195 3260 3025 3200 3350]
[2825 2870 2415 2310 2305 2150 2355 2165] [3040 3205 3280 3175 3175 3210 3265 3235]
[2665 2695 2685 2120 2140 2210 2130 1675] [2835 3115 3110 3390 3220 3200 3225 3155]
[3005 2665 2455 2395 2180 2065 2100 1830] [3075 3135 3395 3465 3325 3305 3305 3355]
[3065 2600 2515 2300 1975 1895 1625 1775] [3275 3200 3220 3315 3320 3015 3315 3270]
COM6 0 57
0
[2745 2475 2390 2245 2480 2655 2620 2305] [2960 2985 3110 3065 3325 3205 3125 3185]
[2825 2525 2305 2250 2545 2615 2590 2210] [2600 3075 3315 3135 3215 3305 3220 3080]
[2825 2715 2545 2360 2505 2670 2545 2355] [2975 3090 2985 3035 3295 3310 3175 3055]
[2900 2770 2435 2295 2340 2630 2345 2145] [2935 3045 3330 3195 3260 3025 3200 3350]
[2905 2500 2440 2310 2390 2345 2410 2145] [3040 3205 3280 3175 3175 3210 3265 3235]
[3000 2595 2330 2340 2200 2245 2180 1920] [2835 3115 3110 3390 3220 3200 3225 3155]
[2900 2790 2385 2260 2115 2025 1920 1740] [3075 3135 3395 3465 3325 3305 3305 3355]
[2930 2815 2740 2245 1815 1975 1915 1770] [3275 3200 3220 3315 3320 3015 3315 3270]
COM4 1 58
0
[2745 2475 2390 2245 2480 2655 2620 2305] [2565 3140 3225 3045 3270 3140 3225 3195]
[2825 2525 2305 2250 2545 2615 2590 2210] [2725 3270 3115 3220 3225 3230 3170 2970]
[2825 2715 2545 2360 2505 2670 2545 2355] [2795 3225 3185 3180 3270 3140 3080 3180]
[2900 2770 2435 2295 2340 2630 2345 2145] [3110 3230 3080 3290 3260 3195 3275 3170]
[2905 2500 2440 2310 2390 2345 2410 2145] [3235 3095 3405 3115 3325 3240 3160 3190]
[3000 2595 2330 2340 2200 2245 2180 1920] [3040 3200 3170 3200 3210 2985 3175 3065]
[2900 2790 2385 2260 2115 2025 1920 1740] [3140 3310 3380 3270 3150 3360 3385 3175]
[2930 2815 2740 2245 1815 1975 1915 1770] [3505 3300 3175 3585 3405 3235 3385 3365]
COM6 0 59
0
[2390 2320 2325 2575 2445 2835 2525 2075] [2565 3140 3225 3045 3270 3140 3225 3195]
[2490 2460 2325 2510 2650 2850 2530 2215] [2725 3270 3115 3220 3225 3230 3170 2970]
[2610 2395 2440 2415 2555 2725 2430 2230] [2795 3225 3185 3180 3270 3140 3080 3180]
[2565 2300 2430 2320 2470 2595 2320 2060] [3110 3230 3080 3290 3260 3195 3275 3170]
[2855 2410 2365 2145 2435 2365 2315 2070] [3235 3095 3405 3115 3325 3240 3160 3190]
[2975 2540 2300 2235 2210 2075 1940 1965] [3040 3200 3170 3200 3210 2985 3175 3065]
[2910 2460 2200 2215 2000 1740 1755 2010] [3140 3310 3380 3270 3150 3360 3385 3175]
[2960 2565 2305 2000 1805 1790 2000 2035] [3505 3300 3175 3585 3405 3235 3385 3365]
COM4 1 60
0
[2390 2320 2325 2575 2445 2835 2525 2075] [2795 3065 3200 3310 3325 3065 3135 3115]
[2490 2460 2325 2510 2650 2850 2530 2215] [2845 3160 3205 3170 3305 3305 3135 3110]
[2610 2395 2440 2415 2555 2725 2430 2230] [3250 3235 3125 3385 3275 3225 3255 3085]
[2565 2300 2430 2320 2470 2595 2320 2060] [3115 3045 3410 3190 3200 3260 3235 3145]
[2855 2410 2365 2145 2435 2365 2315 2070] [3275 3085 3235 3030 3245 3155 3300 3210]
[2975 2540 2300 2235 2210 2075 1940 1965] [2835 3145 3135 3315 3225 3270 3310 3405]
[2910 2460 2200 2215 2000 1740 1755 2010] [3205 3235 3300 3300 3375 3235 3005 3335]
[2960 2565 2305 2000 1805 1790 2000 2035] [3090 3330 3240 3405 3310 3265 3175 3235]
COM6 0 61
0
[2450 2220 2235 2495 2825 2565 2320 2250] [2795 3065 3200 3310 3325 3065 3135 3115]
[2555 2240 2325 2445 2730 2575 2245 2335] [2845 3160 3205 3170 3305 3305 3135 3110]
[2495 2305 2310 2420 2680 2580 2360 2330] [3250 3235 3125 3385 3275 3225 3255 3085]
[2585 2285 2465 2420 2540 2345 2155 2165] [3115 3045 3410 3190 3200 3260 3235 3145]
[2695 2370 2330 2135 2410 2070 1975 2095] [3275 3085 3235 3030 3245 3155 3300 3210]
[2565 2160 2360 2175 1920 1975 1985 2270] [2835 3145 3135 3315 3225 3270 3310 3405]
[2590 2405 1895 2100 1865 1965 2095 2385] [3205 3235 3300 3300 3375 3235 3005 3335]
[2745 2365 2180 2170 1680 1800 1930 2465] [3090 3330 3240 3405 3310 3265 3175 3235]
COM4 1 62
0
[2450 2220 2235 2495 2825 2565 2320 2250] [2945 3170 3265 3075 3305 3140 3235 3095]
[2555 2240 2325 2445 2730 2575 2245 2335] [2985 3100 3195 3180 2970 3175 3025 3095]
[2495 2305 2310 2420 2680 2580 2360 2330] [2975 3110 3070 3015 3120 3065 3195 3175]
[2585 2285 2465 2420 2540 2345 2155 2165] [3180 3340 3085 3195 3050 3070 3110 3070]
[2695 2370 2330 2135 2410 2070 1975 2095] [3155 3090 3245 2990 3225 3065 3240 3140]
[2565 2160 2360 2175 1920 1975 1985 2270] [3070 3105 3135 3425 3055 2985 3275 2930]
[2590 2405 1895 2100 1865 1965 2095 2385] [3200 3255 3305 3125 3125 3020 3095 3310]
[2745 2365 2180 2170 1680 1800 1930 2465] [3295 3200 3235 3475 3145 2750 3220 3365]
COM6 0 63
0
[2405 2065 2665 2670 2770 2585 2380 2225] [2945 3170 3265 3075 3305 3140 3235 3095]
[2290 2335 2275 2855 2595 2330 2245 2315] [2985 3100 3195 3180 2970 3175 3025 3095]
[2250 2300 2360 2455 2485 2305 2015 2255] [2975 3110 3070 3015 3120 3065 3195 3175]
[2370 2435 2375 2495 2335 2050 2110 2135] [3180 3340 3085 3195 3050 3070 3110 3070]
[2575 2220 2185 2215 2325 2080 2135 2520] [3155 3090 3245 2990 3225 3065 3240 3140]
[2215 2100 2375 1925 1830 2125 2260 2550] [3070 3105 3135 3425 3055 2985 3275 2930]
[2355 1850 2010 1825 1855 1820 2370 2705] [3200 3255 3305 3125 3125 3020 3095 3310]
[2480 2195 1775 1700 1730 1980 2430 2780] [3295 3200 3235 3475 3145 2750 3220 3365]
COM4 1 64
0
[2405 2065 2665 2670 2770 2585 2380 2225] [3085 3140 3260 3045 2995 3170 3080 2950]
[2290 2335 2275 2855 2595 2330 2245 2315] [3075 3250 3220 3230 3005 3175 3190 3030]
[2250 2300 2360 2455 2485 2305 2015 2255] [3205 3050 3100 3000 3020 3085 3045 3200]
[2370 2435 2375 2495 2335 2050 2110 2135] [3245 3030 3240 3150 2930 3025 3260 3200]
[2575 2220 2185 2215 2325 2080 2135 2520] [3225 3300 3400 2945 2960 3195 3235 3280]
[2215 2100 2375 1925 1830 2125 2260 2550] [2915 3065 3150 3455 3065 3400 3320 3325]
[2355 1850 2010 1825 1855 1820 2370 2705] [3190 3320 3330 3110 3320 3240 3140 3085]
[2480 2195 1775 1700 1730 1980 2430 2780] [3365 3135 3285 3205 3330 3305 3260 3290]
COM6 0 65
0
[2355 2320 2400 2885 2530 2320 2175 2320] [3085 3140 3260 3045 2995 3170 3080 2950]
[2300 2335 2450 2540 2440 2360 2220 2305] [3075 3250 3220 3230 3005 3175 3190 3030]
[2310 2200 2340 2265 2270 2045 2010 2450] [3205 3050 3100 3000 3020 3085 3045 3200]
[2360 2135 2245 2095 2150 2065 2080 2375] [3245 3030 3240 3150 2930 3025 3260 3200]
[2355 1985 2050 2180 2195 2045 2445 2550] [3225 3300 3400 2945 2960 3195 3235 3280]
[2110 1750 2145 1870 1920 2345 2485 2825] [2915 3065 3150 3455 3065 3400 3320 3325]
[2240 2010 1840 1845 2105 2450 2620 2665] [3190 3320 3330 3110 3320 3240 3140 3085]
[2225 1705 1895 1770 2030 2515 2700 3085] [3365 3135 3285 3205 3330 3305 3260 3290]