COM6 0 6
0
[2890 2670 2900 2805 2935 2710 3025 2850] [3005 3095 2900 2940 3075 3075 3095 3270]
[2750 2975 2720 2895 2850 2930 2875 2695] [3295 3065 3235 3115 3010 3230 3100 2910]
[2650 2805 2825 2730 2845 2820 2865 2800] [2970 3095 2995 3050 3120 3055 3035 3005]
[2810 3010 2980 2850 2950 2950 2825 2745] [3190 2835 3200 3015 3050 3045 3140 2965]
[3090 2920 2995 3060 3000 2860 3020 3030] [3110 3105 3120 3095 3155 3100 3065 2995]
[2845 2805 3005 2875 2540 2875 2855 2760] [2810 3130 3325 2990 3110 3135 2960 3215]
[3005 2940 2740 2935 2985 2965 2760 2925] [3285 3370 3325 3080 2995 3245 3230 3100]
[2940 3130 2910 2890 2915 2900 3225 2980] [3310 3365 3295 3245 3050 3065 3210 3065]
COM4 1 7
0
[2890 2670 2900 2805 2935 2710 3025 2850] [3145 3110 3240 3060 3260 3110 3080 3100]
[2750 2975 2720 2895 2850 2930 2875 2695] [3265 3045 3150 3135 3025 3255 3130 3025]
[2650 2805 2825 2730 2845 2820 2865 2800] [3220 3115 3105 3080 3210 3060 3045 3035]
[2810 3010 2980 2850 2950 2950 2825 2745] [3270 3320 3230 3335 3175 3090 3085 2940]
[3090 2920 2995 3060 3000 2860 3020 3030] [3315 3085 3220 3105 3280 3400 3180 3195]
[2845 2805 3005 2875 2540 2875 2855 2760] [3065 3345 3110 3275 3105 3255 3205 3040]
[3005 2940 2740 2935 2985 2965 2760 2925] [3100 3095 3240 3025 3155 3275 3290 3310]
[2940 3130 2910 2890 2915 2900 3225 2980] [3115 3395 3345 3480 3165 3145 3405 3370]
COM6 0 8
0
[2810 2955 2870 2950 2650 2845 2930 2970] [3145 3110 3240 3060 3260 3110 3080 3100]
[3145 2885 2750 2940 2990 3000 2815 3060] [3265 3045 3150 3135 3025 3255 3130 3025]
[2895 2965 3075 2750 2990 2865 2920 2970] [3220 3115 3105 3080 3210 3060 3045 3035]
[2915 2935 3015 2890 3005 2975 2915 2855] [3270 3320 3230 3335 3175 3090 3085 2940]
[3025 3065 3000 3050 3025 2870 3050 3040] [3315 3085 3220 3105 3280 3400 3180 3195]
[2900 2980 3105 2910 2910 3035 3100 2925] [3065 3345 3110 3275 3105 3255 3205 3040]
[2830 3105 3070 2950 3220 2935 3175 2975] [3100 3095 3240 3025 3155 3275 3290 3310]
[3175 2950 2970 3030 3025 3015 2775 3355] [3115 3395 3345 3480 3165 3145 3405 3370]
COM4 1 9
0
[2810 2955 2870 2950 2650 2845 2930 2970] [2960 2890 3175 2940 3215 2990 2990 2980]
[3145 2885 2750 2940 2990 3000 2815 3060] [3090 3055 3225 2990 3030 3150 3025 2985]
[2895 2965 3075 2750 2990 2865 2920 2970] [3000 2995 3050 3000 3085 2900 3025 3005]
[2915 2935 3015 2890 3005 2975 2915 2855] [3065 3070 2985 2920 3030 3090 3115 2895]
[3025 3065 3000 3050 3025 2870 3050 3040] [3010 3135 3240 3025 2890 2905 3220 3175]
[2900 2980 3105 2910 2910 3035 3100 2925] [2905 2920 3115 3160 2910 2965 3145 3090]
[2830 3105 3070 2950 3220 2935 3175 2975] [2970 3340 3105 3145 3025 3035 3100 3070]
[3175 2950 2970 3030 3025 3015 2775 3355] [3300 3410 3285 3070 3170 3140 3320 3305]
COM6 0 10
0
[2975 2805 2975 3145 3005 2850 2925 2975] [2960 2890 3175 2940 3215 2990 2990 2980]
[3020 3070 3005 2865 2920 2995 2980 2985] [3090 3055 3225 2990 3030 3150 3025 2985]
[2855 3030 3080 2800 2900 2965 2920 2880] [3000 2995 3050 3000 3085 2900 3025 3005]
[3245 3100 3075 3015 3035 3040 3000 3000] [3065 3070 2985 2920 3030 3090 3115 2895]
[3245 3100 2970 3000 3155 2875 2955 3030] [3010 3135 3240 3025 2890 2905 3220 3175]
[2995 3100 3100 3135 3195 3015 3040 3035] [2905 2920 3115 3160 2910 2965 3145 3090]
[3075 3415 2975 3275 2995 2995 2805 3010] [2970 3340 3105 3145 3025 3035 3100 3070]
[3160 3135 3025 3125 2765 3085 3390 3095] [3300 3410 3285 3070 3170 3140 3320 3305]
COM4 1 11
0
[2975 2805 2975 3145 3005 2850 2925 2975] [3310 2930 2960 3060 3095 2960 2995 3155]
[3020 3070 3005 2865 2920 2995 2980 2985] [2940 3140 3200 3045 2910 3255 3020 3050]
[2855 3030 3080 2800 2900 2965 2920 2880] [3105 3045 3015 2970 3095 3060 3020 2945]
[3245 3100 3075 3015 3035 3040 3000 3000] [2975 3050 3110 3025 3125 3065 3130 2995]
[3245 3100 2970 3000 3155 2875 2955 3030] [3070 3160 2970 2875 2940 3035 3160 3050]
[2995 3100 3100 3135 3195 3015 3040 3035] [3040 3125 3125 3205 3110 3120 3035 2915]
[3075 3415 2975 3275 2995 2995 2805 3010] [3070 3225 3065 3200 3140 3025 2910 3175]
[3160 3135 3025 3125 2765 3085 3390 3095] [3300 3100 3290 3260 3270 3225 3030 3070]
COM6 0 12
0
[2905 2790 2745 2850 2885 2635 2950 2845] [3310 2930 2960 3060 3095 2960 2995 3155]
[3095 2810 2630 2935 2930 2785 2815 2815] [2940 3140 3200 3045 2910 3255 3020 3050]
[2605 2770 2900 2895 2965 2755 2740 2865] [3105 3045 3015 2970 3095 3060 3020 2945]
[2685 2945 2815 2840 3020 2900 2870 2850] [2975 3050 3110 3025 3125 3065 3130 2995]
[3115 2970 2845 2800 2970 2910 2890 2935] [3070 3160 2970 2875 2940 3035 3160 3050]
[2795 2795 3105 2935 2875 2920 2975 2550] [3040 3125 3125 3205 3110 3120 3035 2915]
[3200 3155 2675 2950 2760 2940 2885 2865] [3070 3225 3065 3200 3140 3025 2910 3175]
[3135 2850 3150 3025 2835 2895 2865 2930] [3300 3100 3290 3260 3270 3225 3030 3070]
COM4 1 13
0
[2905 2790 2745 2850 2885 2635 2950 2845] [3245 3280 3280 3025 3145 3060 3020 2925]
[3095 2810 2630 2935 2930 2785 2815 2815] [2955 2975 3195 2995 2970 3280 3170 2695]
[2605 2770 2900 2895 2965 2755 2740 2865] [2985 3060 3115 3040 3105 2975 2925 2930]
[2685 2945 2815 2840 3020 2900 2870 2850] [3210 3210 3220 3135 3065 3150 2990 2775]
[3115 2970 2845 2800 2970 2910 2890 2935] [3050 3300 3325 2975 3195 3040 3155 2775]
[2795 2795 3105 2935 2875 2920 2975 2550] [3055 3130 3365 3130 3025 3370 3170 2515]
[3200 3155 2675 2950 2760 2940 2885 2865] [3075 3350 3125 2960 3020 3145 2885 2625]
[3135 2850 3150 3025 2835 2895 2865 2930] [3375 3035 3315 3275 3105 2975 3110 2665]
COM6 0 14
0
[3020 2915 3045 2720 2970 2945 3020 3085] [3245 3280 3280 3025 3145 3060 3020 2925]
[3110 3315 2985 2985 2965 3015 2970 3070] [2955 2975 3195 2995 2970 3280 3170 2695]
[2980 3030 3240 3020 2910 3085 3000 3135] [2985 3060 3115 3040 3105 2975 2925 2930]
[3035 3035 3180 3070 3165 2980 3175 3035] [3210 3210 3220 3135 3065 3150 2990 2775]
[3230 3130 3205 3045 3260 3120 3255 3175] [3050 3300 3325 2975 3195 3040 3155 2775]
[3180 3110 3250 3160 2990 3120 3100 3020] [3055 3130 3365 3130 3025 3370 3170 2515]
[3265 3405 3195 3225 3330 3180 2995 3205] [3075 3350 3125 2960 3020 3145 2885 2625]
[3015 3050 3000 3155 3295 3420 3250 3185] [3375 3035 3315 3275 3105 2975 3110 2665]
COM4 1 15
0
[3020 2915 3045 2720 2970 2945 3020 3085] [3165 3200 3160 3275 3250 3020 3055 2985]
[3110 3315 2985 2985 2965 3015 2970 3070] [3190 3170 3250 3025 2990 3235 3145 2915]
[2980 3030 3240 3020 2910 3085 3000 3135] [3200 3035 3185 3080 3000 2995 3045 2875]
[3035 3035 3180 3070 3165 2980 3175 3035] [3225 3100 3350 3095 3060 3125 3050 2820]
[3230 3130 3205 3045 3260 3120 3255 3175] [3425 3245 3355 3040 3275 3025 2870 2690]
[3180 3110 3250 3160 2990 3120 3100 3020] [3160 3125 3055 3150 3210 3220 3055 2555]
[3265 3405 3195 3225 3330 3180 2995 3205] [3075 3420 3240 3080 3250 3190 2880 2715]
[3015 3050 3000 3155 3295 3420 3250 3185] [3465 3305 2975 3430 2990 3175 2775 2435]
COM6 0 16
0
[3080 2950 3055 2910 3025 2885 3175 3275] [3165 3200 3160 3275 3250 3020 3055 2985]
[3085 3135 3165 3220 3040 3120 3165 3230] [3190 3170 3250 3025 2990 3235 3145 2915]
[2885 3150 3165 3020 3000 3140 3110 3280] [3200 3035 3185 3080 3000 2995 3045 2875]
[3110 3260 3240 3050 3245 3250 3015 3250] [3225 3100 3350 3095 3060 3125 3050 2820]
[3255 3100 3310 3040 3295 3030 3370 3265] [3425 3245 3355 3040 3275 3025 2870 2690]
[2975 3105 3220 3170 3125 3280 3110 3245] [3160 3125 3055 3150 3210 3220 3055 2555]
[3415 3170 3400 3330 3475 3440 3280 3205] [3075 3420 3240 3080 3250 3190 2880 2715]
[3155 3205 3355 3045 3375 3540 3315 3185] [3465 3305 2975 3430 2990 3175 2775 2435]
COM4 1 17
0
[3080 2950 3055 2910 3025 2885 3175 3275] [3185 3015 2960 3110 3055 3065 2990 2830]
[3085 3135 3165 3220 3040 3120 3165 3230] [3080 3240 3030 3085 2985 3205 3130 2670]
[2885 3150 3165 3020 3000 3140 3110 3280] [3190 3205 3220 3040 3255 3105 2895 2630]
[3110 3260 3240 3050 3245 3250 3015 3250] [3130 3125 3200 3070 3020 2995 2705 2560]
[3255 3100 3310 3040 3295 3030 3370 3265] [3170 3130 3215 2790 3005 2810 2725 2330]
[2975 3105 3220 3170 3125 3280 3110 3245] [3305 2885 3170 3100 2905 2790 2550 2025]
[3415 3170 3400 3330 3475 3440 3280 3205] [3130 3315 3425 3035 3005 2775 2325 2250]
[3155 3205 3355 3045 3375 3540 3315 3185] [3255 3280 3230 3325 3130 2885 2325 2100]
COM6 0 18
0
[2600 2690 2575 2745 2725 2765 2555 2600] [3185 3015 2960 3110 3055 3065 2990 2830]
[2940 2695 2560 2705 2730 2705 2620 2585] [3080 3240 3030 3085 2985 3205 3130 2670]
[2585 2610 2675 2745 2635 2775 2675 2745] [3190 3205 3220 3040 3255 3105 2895 2630]
[2595 2775 2860 2735 2765 2785 2580 2705] [3130 3125 3200 3070 3020 2995 2705 2560]
[2525 2695 2585 2755 2870 2635 2740 2700] [3170 3130 3215 2790 3005 2810 2725 2330]
[2800 2645 3000 2790 2680 2995 2840 2565] [3305 2885 3170 3100 2905 2790 2550 2025]
[2870 2835 2680 2830 2815 2765 2700 2375] [3130 3315 3425 3035 3005 2775 2325 2250]
[2730 2530 2810 2675 2915 2680 2765 2535] [3255 3280 3230 3325 3130 2885 2325 2100]
COM4 1 19
0
[2600 2690 2575 2745 2725 2765 2555 2600] [3345 3245 3200 3125 3170 3180 3020 2880]
[2940 2695 2560 2705 2730 2705 2620 2585] [2965 3255 3340 3015 3045 3120 2790 2640]
[2585 2610 2675 2745 2635 2775 2675 2745] [3160 3395 3040 3205 3115 2840 2790 2440]
[2595 2775 2860 2735 2765 2785 2580 2705] [3325 2960 3330 3215 2910 2740 2450 2275]
[2525 2695 2585 2755 2870 2635 2740 2700] [3175 3220 3200 3060 2780 2575 2420 2095]
[2800 2645 3000 2790 2680 2995 2840 2565] [3220 3310 3275 3170 2595 2390 2145 1885]
[2870 2835 2680 2830 2815 2765 2700 2375] [3125 3350 3465 3090 2790 2485 2360 2165]
[2730 2530 2810 2675 2915 2680 2765 2535] [3385 2975 3055 3360 3040 2460 2170 1925]
COM6 0 20
0
[2575 2600 2785 2675 2745 2630 2665 2650] [3345 3245 3200 3125 3170 3180 3020 2880]
[2880 2805 2660 2805 2690 2665 2660 2550] [2965 3255 3340 3015 3045 3120 2790 2640]
[2545 2935 2740 2640 2760 2610 2675 2785] [3160 3395 3040 3205 3115 2840 2790 2440]
[2880 2655 2790 2805 2810 2850 2690 2485] [3325 2960 3330 3215 2910 2740 2450 2275]
[3010 2720 2740 2695 2815 2840 2760 2810] [3175 3220 3200 3060 2780 2575 2420 2095]
[2560 2845 2870 2730 2725 2690 2870 2675] [3220 3310 3275 3170 2595 2390 2145 1885]
[3040 2860 2855 2830 2580 2635 2635 2685] [3125 3350 3465 3090 2790 2485 2360 2165]
[2830 2565 2725 2990 2670 2790 2725 2670] [3385 2975 3055 3360 3040 2460 2170 1925]
COM4 1 21
0
[2575 2600 2785 2675 2745 2630 2665 2650] [3180 3225 3260 3055 3270 2905 2905 2505]
[2880 2805 2660 2805 2690 2665 2660 2550] [3145 3110 3070 3175 2880 2870 2645 2250]
[2545 2935 2740 2640 2760 2610 2675 2785] [3025 3215 3275 2985 3010 2665 2400 2255]
[2880 2655 2790 2805 2810 2850 2690 2485] [3010 3250 3145 2945 2575 2410 2435 2215]
[3010 2720 2740 2695 2815 2840 2760 2810] [3270 3175 2965 2785 2595 2345 2285 2060]
[2560 2845 2870 2730 2725 2690 2870 2675] [3190 2915 3010 2860 2525 2375 2115 1985]
[3040 2860 2855 2830 2580 2635 2635 2685] [3265 3465 3050 2935 2540 2345 2290 2055]
[2830 2565 2725 2990 2670 2790 2725 2670] [3335 3300 3100 3080 2550 2405 2080 2080]
COM6 0 22
0
[2550 2645 2625 2710 2795 2665 2760 2595] [3180 3225 3260 3055 3270 2905 2905 2505]
[2815 2765 2835 2750 2785 2700 2820 2720] [3145 3110 3070 3175 2880 2870 2645 2250]
[2680 2710 2835 2640 2785 2725 2665 2590] [3025 3215 3275 2985 3010 2665 2400 2255]
[2795 2735 2685 2715 2805 2740 2730 2615] [3010 3250 3145 2945 2575 2410 2435 2215]
[3025 2700 2960 2740 2900 2790 2610 2620] [3270 3175 2965 2785 2595 2345 2285 2060]
[2570 2915 2905 2860 2585 2680 2805 2825] [3190 2915 3010 2860 2525 2375 2115 1985]
[2815 2705 2640 2660 2585 2780 2530 2640] [3265 3465 3050 2935 2540 2345 2290 2055]
[3020 2715 2845 2895 2560 2655 2810 2590] [3335 3300 3100 3080 2550 2405 2080 2080]
COM4 1 23
0
[2550 2645 2625 2710 2795 2665 2760 2595] [3230 3100 3375 3000 2840 2525 2600 2580]
[2815 2765 2835 2750 2785 2700 2820 2720] [3355 3285 3070 3010 2830 2590 2550 2435]
[2680 2710 2835 2640 2785 2725 2665 2590] [3235 3245 3130 2835 2795 2375 2480 2320]
[2795 2735 2685 2715 2805 2740 2730 2615] [3340 3335 2970 2865 2650 2350 2450 2290]
[3025 2700 2960 2740 2900 2790 2610 2620] [2965 2925 3125 2685 2395 2240 2240 2145]
[2570 2915 2905 2860 2585 2680 2805 2825] [2990 2860 2930 2810 2525 2340 2265 2085]
[2815 2705 2640 2660 2585 2780 2530 2640] [3240 3305 3405 2730 2450 2365 2085 2285]
[3020 2715 2845 2895 2560 2655 2810 2590] [3315 3490 3105 3025 2450 2440 1975 2100]
COM6 0 24
0
[2735 2670 2555 2685 2530 2790 2765 2650] [3230 3100 3375 3000 2840 2525 2600 2580]
[2565 2825 2610 2815 2845 2695 2645 2665] [3355 3285 3070 3010 2830 2590 2550 2435]
[2765 2685 2815 2670 2730 2825 2760 2635] [3235 3245 3130 2835 2795 2375 2480 2320]
[2835 2715 2825 2825 2725 2825 2805 2735] [3340 3335 2970 2865 2650 2350 2450 2290]
[2660 2855 2995 2885 2875 2585 2845 2845] [2965 2925 3125 2685 2395 2240 2240 2145]
[2645 2980 2720 2785 2865 2560 2855 2600] [2990 2860 2930 2810 2525 2340 2265 2085]
[2800 2920 2750 2915 2715 2740 2550 2675] [3240 3305 3405 2730 2450 2365 2085 2285]
[2810 2970 2530 2660 2745 2950 2705 2875] [3315 3490 3105 3025 2450 2440 1975 2100]
COM4 1 25
0
[2735 2670 2555 2685 2530 2790 2765 2650] [3180 3090 3175 2615 2570 2605 2755 2735]
[2565 2825 2610 2815 2845 2695 2645 2665] [3080 3085 3080 2745 2475 2575 2685 2585]
[2765 2685 2815 2670 2730 2825 2760 2635] [3100 3265 3060 2625 2450 2460 2425 2365]
[2835 2715 2825 2825 2725 2825 2805 2735] [3235 3230 3135 2840 2555 2395 2360 2285]
[2660 2855 2995 2885 2875 2585 2845 2845] [3105 3085 3235 2670 2475 2215 2270 2240]
[2645 2980 2720 2785 2865 2560 2855 2600] [3285 2915 3135 2845 2505 2100 2045 2160]
[2800 2920 2750 2915 2715 2740 2550 2675] [3045 3330 3210 2785 2520 2045 2075 2180]
[2810 2970 2530 2660 2745 2950 2705 2875] [2960 3240 3020 2980 2590 2195 1985 2250]
COM6 0 26
0
[2660 2910 2720 2805 2795 2615 2760 2730] [3180 3090 3175 2615 2570 2605 2755 2735]
[2880 2800 2660 2805 2830 2745 2925 2790] [3080 3085 3080 2745 2475 2575 2685 2585]
[2860 2770 2680 3000 2820 2885 2715 2840] [3100 3265 3060 2625 2450 2460 2425 2365]
[2550 3005 2675 2765 2915 2890 2775 2790] [3235 3230 3135 2840 2555 2395 2360 2285]
[2825 2735 2775 2805 2785 2715 2815 2860] [3105 3085 3235 2670 2475 2215 2270 2240]
[3025 2765 2745 2870 2780 2945 2620 2965] [3285 2915 3135 2845 2505 2100 2045 2160]
[3060 2730 2805 3130 2565 2735 2740 2700] [3045 3330 3210 2785 2520 2045 2075 2180]
[2910 2920 2825 3050 2850 2780 2870 2980] [2960 3240 3020 2980 2590 2195 1985 2250]
COM4 1 27
0
[2660 2910 2720 2805 2795 2615 2760 2730] [3120 2725 3020 2490 2480 2595 2640 2530]
[2880 2800 2660 2805 2830 2745 2925 2790] [3185 3205 3025 2510 2370 2485 2440 2415]
[2860 2770 2680 3000 2820 2885 2715 2840] [3020 3070 2870 2460 2530 2500 2330 2275]
[2550 3005 2675 2765 2915 2890 2775 2790] [3255 3070 3005 2545 2295 2255 2230 2090]
[2825 2735 2775 2805 2785 2715 2815 2860] [3230 2960 2955 2450 2225 2000 2025 2180]
[3025 2765 2745 2870 2780 2945 2620 2965] [2790 3040 2830 2505 2165 2135 2085 2355]
[3060 2730 2805 3130 2565 2735 2740 2700] [2985 3115 3000 2565 2020 1955 2050 2410]
[2910 2920 2825 3050 2850 2780 2870 2980] [3135 3195 2965 2535 2395 1975 2095 2410]
COM6 0 28
0
[3040 2935 2745 3045 2860 2870 2995 3015] [3120 2725 3020 2490 2480 2595 2640 2530]
[3065 3160 3105 2955 2945 2890 2955 3035] [3185 3205 3025 2510 2370 2485 2440 2415]
[2865 3195 3030 2960 3015 3015 3105 3080] [3020 3070 2870 2460 2530 2500 2330 2275]
[3105 2980 3080 2835 3130 3085 3205 3045] [3255 3070 3005 2545 2295 2255 2230 2090]
[3020 3130 3155 2880 3080 2965 3000 3085] [3230 2960 2955 2450 2225 2000 2025 2180]
[3055 3100 3220 3190 3065 3215 3290 2985] [2790 3040 2830 2505 2165 2135 2085 2355]
[3075 3210 3075 3185 3060 2925 3005 2770] [2985 3115 3000 2565 2020 1955 2050 2410]
[3235 2960 3025 3045 3420 3170 3245 3330] [3135 3195 2965 2535 2395 1975 2095 2410]
COM4 1 29
0
[3040 2935 2745 3045 2860 2870 2995 3015] [3000 3105 2785 2220 2435 2570 2435 2320]
[3065 3160 3105 2955 2945 2890 2955 3035] [3410 3040 2640 2380 2415 2415 2270 2210]
[2865 3195 3030 2960 3015 3015 3105 3080] [3400 3165 2745 2255 2305 2100 2165 2190]
[3105 2980 3080 2835 3130 3085 3205 3045] [3025 2745 2630 2385 2015 1885 2125 2235]
[3020 3130 3155 2880 3080 2965 3000 3085] [3280 3110 2775 2075 1940 1920 2075 2500]
[3055 3100 3220 3190 3065 3215 3290 2985] [3430 2805 2575 2260 1780 1995 2240 2680]
[3075 3210 3075 3185 3060 2925 3005 2770] [2885 3270 2685 2135 2015 2060 2405 2900]
[3235 2960 3025 3045 3420 3170 3245 3330] [3010 2990 2510 2130 1865 2050 2455 3040]
COM6 0 30
0
[2730 2540 2640 3015 2975 2810 2915 2655] [3000 3105 2785 2220 2435 2570 2435 2320]
[3035 2825 2850 2875 2830 2890 2805 2865] [3410 3040 2640 2380 2415 2415 2270 2210]
[2870 2915 3080 2870 2860 2920 2800 2960] [3400 3165 2745 2255 2305 2100 2165 2190]
[2990 3035 2950 2775 2990 2820 2895 2770] [3025 2745 2630 2385 2015 1885 2125 2235]
[3160 2895 3065 2890 3030 2925 3050 2945] [3280 3110 2775 2075 1940 1920 2075 2500]
[2900 2920 3005 3200 3020 2920 3000 2880] [3430 2805 2575 2260 1780 1995 2240 2680]
[2790 2920 2930 2955 3000 3235 2885 2960] [2885 3270 2685 2135 2015 2060 2405 2900]
[2935 2945 2700 2910 2850 2915 3000 2935] [3010 2990 2510 2130 1865 2050 2455 3040]
COM4 1 31
0
[2730 2540 2640 3015 2975 2810 2915 2655] [3180 2920 2895 2480 2415 2320 2385 2495]
[3035 2825 2850 2875 2830 2890 2805 2865] [3090 3015 2685 2525 2220 2305 2280 2265]
[2870 2915 3080 2870 2860 2920 2800 2960] [3110 3115 2630 2345 2255 2050 2265 2540]
[2990 3035 2950 2775 2990 2820 2895 2770] [3215 2935 2715 2260 2065 2140 2350 2765]
[3160 2895 3065 2890 3030 2925 3050 2945] [3075 2840 2505 2130 2115 2365 2740 2965]
[2900 2920 3005 3200 3020 2920 3000 2880] [3005 2725 2390 2310 2145 2430 2790 3050]
[2790 2920 2930 2955 3000 3235 2885 2960] [3265 2845 2450 2270 2320 2705 2905 3130]
[2935 2945 2700 2910 2850 2915 3000 2935] [3335 2635 2470 2395 2480 2670 3165 3065]
COM6 0 32
0
[2870 2825 2805 2990 2775 2810 2850 2810] [3180 2920 2895 2480 2415 2320 2385 2495]
[3115 2955 2920 2990 2915 2910 2775 2890] [3090 3015 2685 2525 2220 2305 2280 2265]
[2845 3035 2715 3000 2795 2810 2870 2965] [3110 3115 2630 2345 2255 2050 2265 2540]
[3110 2975 3030 2950 3060 2905 2935 3005] [3215 2935 2715 2260 2065 2140 2350 2765]
[2935 3000 3015 3060 2895 2865 2965 3010] [3075 2840 2505 2130 2115 2365 2740 2965]
[3060 3105 2985 3010 2915 3040 3195 2785] [3005 2725 2390 2310 2145 2430 2790 3050]
[2735 2920 2990 2970 3000 3205 2885 3015] [3265 2845 2450 2270 2320 2705 2905 3130]
[3030 2890 2690 3050 3175 3095 2905 2940] [3335 2635 2470 2395 2480 2670 3165 3065]
COM4 1 33
0
[2870 2825 2805 2990 2775 2810 2850 2810] [3280 2905 2515 2295 2180 2220 2110 2460]
[3115 2955 2920 2990 2915 2910 2775 2890] [3295 2810 2600 2190 1955 2155 2280 2590]
[2845 3035 2715 3000 2795 2810 2870 2965] [2990 2615 2425 2090 2190 2230 2545 2800]
[3110 2975 3030 2950 3060 2905 2935 3005] [2865 2710 2265 1920 2180 2535 2850 3035]
[2935 3000 3015 3060 2895 2865 2965 3010] [2525 2385 2030 2025 2310 2810 2905 3165]
[3060 3105 2985 3010 2915 3040 3195 2785] [2410 1980 1865 2175 2310 2945 3290 3235]
[2735 2920 2990 2970 3000 3205 2885 3015] [2350 2050 1935 2130 2575 2895 3015 3415]
[3030 2890 2690 3050 3175 3095 2905 2940] [2635 2235 2045 2130 2735 2780 3220 3235]
COM6 0 34
0
[3165 3035 2950 2950 2935 2770 2795 3095] [3280 2905 2515 2295 2180 2220 2110 2460]
[3025 3015 2645 2945 2850 2890 2920 2805] [3295 2810 2600 2190 1955 2155 2280 2590]
[2980 3100 2990 2895 2860 2990 3000 2990] [2990 2615 2425 2090 2190 2230 2545 2800]
[3315 3120 2985 2945 2970 3010 3020 3050] [2865 2710 2265 1920 2180 2535 2850 3035]
[3330 2890 3155 3040 3090 3125 3045 3090] [2525 2385 2030 2025 2310 2810 2905 3165]
[2920 3435 3220 3020 3075 3020 3110 2990] [2410 1980 1865 2175 2310 2945 3290 3235]
[3160 3030 3190 3280 2825 3125 2970 2950] [2350 2050 1935 2130 2575 2895 3015 3415]
[3225 3295 2985 2940 3155 3340 2960 3085] [2635 2235 2045 2130 2735 2780 3220 3235]
COM4 1 35
0
[3165 3035 2950 2950 2935 2770 2795 3095] [3100 2840 2630 2330 2195 2310 2510 2835]
[3025 3015 2645 2945 2850 2890 2920 2805] [3040 2625 2410 2190 2105 2420 2705 2985]
[2980 3100 2990 2895 2860 2990 3000 2990] [2695 2475 2310 2185 2420 2590 2940 3030]
[3315 3120 2985 2945 2970 3010 3020 3050] [2260 2310 2080 2115 2540 2775 2995 2965]
[3330 2890 3155 3040 3090 3125 3045 3090] [2345 2145 2230 2110 2625 2820 3100 2990]
[2920 3435 3220 3020 3075 3020 3110 2990] [1955 1955 2160 2440 2675 2935 3090 3320]
[3160 3030 3190 3280 2825 3125 2970 2950] [2070 2040 2235 2470 2755 3005 3080 3265]
[3225 3295 2985 2940 3155 3340 2960 3085] [2285 2125 2240 2460 2720 3000 3165 3075]
COM6 0 36
0
[2900 2625 2845 2965 2870 2715 2900 2810] [3100 2840 2630 2330 2195 2310 2510 2835]
[2860 2935 2755 2965 2755 2955 2985 2700] [3040 2625 2410 2190 2105 2420 2705 2985]
[2720 2930 2740 2760 2835 2685 2875 2825] [2695 2475 2310 2185 2420 2590 2940 3030]
[2925 3020 2785 2775 2755 2875 2745 2925] [2260 2310 2080 2115 2540 2775 2995 2965]
[2810 2805 2790 2765 2990 2845 2900 2950] [2345 2145 2230 2110 2625 2820 3100 2990]
[2705 3040 2905 2925 2725 3110 2975 2930] [1955 1955 2160 2440 2675 2935 3090 3320]
[2790 2845 2735 2755 2945 2905 2870 2575] [2070 2040 2235 2470 2755 3005 3080 3265]
[2650 2940 2710 3110 2670 2885 3010 2710] [2285 2125 2240 2460 2720 3000 3165 3075]
COM4 1 37
0
[2900 2625 2845 2965 2870 2715 2900 2810] [3160 2500 2250 2105 2745 2840 2990 3095]
[2860 2935 2755 2965 2755 2955 2985 2700] [2690 2225 2215 2170 2455 3095 3125 3085]
[2720 2930 2740 2760 2835 2685 2875 2825] [2320 2070 2055 2195 2755 3040 3155 3080]
[2925 3020 2785 2775 2755 2875 2745 2925] [2190 2175 2090 2420 2765 2960 3115 3115]
[2810 2805 2790 2765 2990 2845 2900 2950] [2125 2095 2235 2275 2760 2900 3185 3105]
[2705 3040 2905 2925 2725 3110 2975 2930] [1965 1920 2125 2435 2905 3050 3280 3295]
[2790 2845 2735 2755 2945 2905 2870 2575] [2005 2100 2530 2520 2875 3235 3300 3195]
[2650 2940 2710 3110 2670 2885 3010 2710] [1925 1905 2255 2540 2895 3230 3065 3270]
COM6 0 38
0
[2940 3030 3110 3010 3030 3040 2950 2925] [3160 2500 2250 2105 2745 2840 2990 3095]
[3140 3130 3095 3145 2955 3080 3035 2850] [2690 2225 2215 2170 2455 3095 3125 3085]
[2975 3030 3075 3150 3050 3000 2815 2925] [2320 2070 2055 2195 2755 3040 3155 3080]
[2950 3025 3335 3170 3055 3020 2935 2935] [2190 2175 2090 2420 2765 2960 3115 3115]
[3020 3195 3100 2990 2980 2965 3215 2805] [2125 2095 2235 2275 2760 2900 3185 3105]
[3060 3045 3255 3105 2910 3355 2995 2495] [1965 1920 2125 2435 2905 3050 3280 3295]
[3070 3120 2970 2985 2890 2835 2840 2585] [2005 2100 2530 2520 2875 3235 3300 3195]
[3210 3160 3230 3035 2870 3190 2840 2515] [1925 1905 2255 2540 2895 3230 3065 3270]
COM4 1 39
0
[2940 3030 3110 3010 3030 3040 2950 2925] [2175 2180 2275 2480 2680 2915 3075 3110]
[3140 3130 3095 3145 2955 3080 3035 2850] [2270 2100 2360 2460 2690 2910 3085 2990]
[2975 3030 3075 3150 3050 3000 2815 2925] [1980 2220 2340 2450 2845 2970 3040 3065]
[2950 3025 3335 3170 3055 3020 2935 2935] [2055 2435 2440 2685 2880 3095 3175 3085]
[3020 3195 3100 2990 2980 2965 3215 2805] [2050 2285 2380 2415 2795 2820 3075 3040]
[3060 3045 3255 3105 2910 3355 2995 2495] [1820 2190 2390 2570 2905 3070 2965 3375]
[3070 3120 2970 2985 2890 2835 2840 2585] [2075 2295 2410 2610 2860 2900 3025 3210]
[3210 3160 3230 3035 2870 3190 2840 2515] [2015 2285 2430 2805 3140 3145 3165 3265]
COM6 0 40
0
[2620 2565 2805 2800 2885 2840 2850 2360] [2175 2180 2275 2480 2680 2915 3075 3110]
[2785 2730 2565 3050 2845 2935 2875 2555] [2270 2100 2360 2460 2690 2910 3085 2990]
[2635 2765 2795 2770 2825 2840 2720 2550] [1980 2220 2340 2450 2845 2970 3040 3065]
[2945 2690 2840 2765 2880 2890 2770 2385] [2055 2435 2440 2685 2880 3095 3175 3085]
[2835 2600 2970 2705 3095 2710 3065 2450] [2050 2285 2380 2415 2795 2820 3075 3040]
[3040 2955 3040 2985 2750 2875 2850 2215] [1820 2190 2390 2570 2905 3070 2965 3375]
[2985 2935 2750 2910 2810 3035 2690 2165] [2075 2295 2410 2610 2860 2900 3025 3210]
[3030 2910 2560 2775 2915 2805 2805 2135] [2015 2285 2430 2805 3140 3145 3165 3265]
COM4 1 41
0
[2620 2565 2805 2800 2885 2840 2850 2360] [2410 2540 2590 2430 2795 2935 3145 3065]
[2785 2730 2565 3050 2845 2935 2875 2555] [2305 2465 2455 2550 2720 3160 3055 2885]
[2635 2765 2795 2770 2825 2840 2720 2550] [2195 2495 2500 2425 2840 2990 3130 2935]
[2945 2690 2840 2765 2880 2890 2770 2385] [2030 2190 2510 2445 2800 2810 3065 3070]
[2835 2600 2970 2705 3095 2710 3065 2450] [2020 2320 2330 2560 2810 3165 3205 3040]
[3040 2955 3040 2985 2750 2875 2850 2215] [1980 2245 2305 2655 3140 3255 3180 3295]
[2985 2935 2750 2910 2810 3035 2690 2165] [2005 2270 2560 2755 3055 3125 3195 3225]
[3030 2910 2560 2775 2915 2805 2805 2135] [2075 2430 2530 2890 3095 3025 3270 3310]
COM6 0 42
0
[2865 2970 2910 2840 2930 2785 2555 2220] [2410 2540 2590 2430 2795 2935 3145 3065]
[3230 3140 3095 3015 3090 3140 2790 2395] [2305 2465 2455 2550 2720 3160 3055 2885]
[3045 3095 3035 2780 3020 2935 2810 2390] [2195 2495 2500 2425 2840 2990 3130 2935]
[3200 3030 3090 2970 3045 2765 2740 2320] [2030 2190 2510 2445 2800 2810 3065 3070]
[3150 3305 3180 2950 3145 2900 2810 2400] [2020 2320 2330 2560 2810 3165 3205 3040]
[3145 3100 3045 3095 2795 3150 2955 2315] [1980 2245 2305 2655 3140 3255 3180 3295]
[3180 3075 2875 3380 3100 3035 2640 2520] [2005 2270 2560 2755 3055 3125 3195 3225]
[3190 3265 3265 3310 3020 3020 2905 2415] [2075 2430 2530 2890 3095 3025 3270 3310]
COM4 1 43
0
[2865 2970 2910 2840 2930 2785 2555 2220] [2560 2400 2575 2485 2825 3040 3120 3105]
[3230 3140 3095 3015 3090 3140 2790 2395] [2445 2355 2600 2560 2825 2980 3095 3055]
[3045 3095 3035 2780 3020 2935 2810 2390] [2215 2420 2435 2710 2935 2985 3050 2970]
[3200 3030 3090 2970 3045 2765 2740 2320] [2245 2395 2590 2725 2890 3080 3105 2925]
[3150 3305 3180 2950 3145 2900 2810 2400] [2085 2310 2680 2630 3050 3035 3150 3090]
[3145 3100 3045 3095 2795 3150 2955 2315] [1920 2200 2635 2860 3050 3310 3280 3140]
[3180 3075 2875 3380 3100 3035 2640 2520] [2160 2365 2790 3095 3205 3335 3215 3295]
[3190 3265 3265 3310 3020 3020 2905 2415] [2210 2535 2755 3215 3225 3195 3200 3505]
COM6 0 44
0
[3020 3015 3160 2975 3040 2635 2405 2255] [2560 2400 2575 2485 2825 3040 3120 3105]
[3200 3070 3000 2825 3035 3005 2600 2345] [2445 2355 2600 2560 2825 2980 3095 3055]
[3135 2930 3135 3085 3030 2900 2555 2390] [2215 2420 2435 2710 2935 2985 3050 2970]
[3105 3145 3010 3005 2895 2890 2510 2075] [2245 2395 2590 2725 2890 3080 3105 2925]
[3150 3250 3100 3060 3095 2725 2545 2210] [2085 2310 2680 2630 3050 3035 3150 3090]
[3055 3085 3225 3110 2910 2765 2555 2080] [1920 2200 2635 2860 3050 3310 3280 3140]
[3255 3080 2910 3050 3180 2775 2545 2195] [2160 2365 2790 3095 3205 3335 3215 3295]
[3375 3100 3150 2975 2965 2935 2570 2185] [2210 2535 2755 3215 3225 3195 3200 3505]
COM4 1 45
0
[3020 3015 3160 2975 3040 2635 2405 2255] [2700 2485 2525 2655 3110 2970 2910 3195]
[3200 3070 3000 2825 3035 3005 2600 2345] [2370 2485 2525 2695 2825 3080 2955 3080]
[3135 2930 3135 3085 3030 2900 2555 2390] [2335 2430 2420 2700 3090 2955 3055 2960]
[3105 3145 3010 3005 2895 2890 2510 2075] [2350 2370 2660 2855 3035 3245 3110 3010]
[3150 3250 3100 3060 3095 2725 2545 2210] [2285 2535 2905 2785 2975 3175 3120 2975]
[3055 3085 3225 3110 2910 2765 2555 2080] [2285 2500 2945 3270 3135 3015 3205 3335]
[3255 3080 2910 3050 3180 2775 2545 2195] [2235 2605 2910 3305 3155 3200 3100 3290]
[3375 3100 3150 2975 2965 2935 2570 2185] [2370 2735 3170 3135 3165 3180 3385 3145]
COM6 0 46
0
[3050 2740 2605 2880 2740 2555 2380 2350] [2700 2485 2525 2655 3110 2970 2910 3195]
[3305 3240 2920 3015 2990 2805 2610 2250] [2370 2485 2525 2695 2825 3080 2955 3080]
[2890 3035 3070 2835 2925 2735 2425 2190] [2335 2430 2420 2700 3090 2955 3055 2960]
[3095 3195 3020 3020 2925 2945 2280 2120] [2350 2370 2660 2855 3035 3245 3110 3010]
[3320 3025 2865 3065 3090 2780 2330 2220] [2285 2535 2905 2785 2975 3175 3120 2975]
[3130 3365 3170 3110 2780 2570 2360 1960] [2285 2500 2945 3270 3135 3015 3205 3335]
[3265 3095 2975 3170 2765 2515 2120 1955] [2235 2605 2910 3305 3155 3200 3100 3290]
[3135 2970 3020 3045 2960 2745 2520 2205] [2370 2735 3170 3135 3165 3180 3385 3145]
COM4 1 47
0
[3050 2740 2605 2880 2740 2555 2380 2350] [2495 2525 2540 2755 3285 3075 3110 3150]
[3305 3240 2920 3015 2990 2805 2610 2250] [2495 2560 2855 2970 2825 3105 3135 3050]
[2890 3035 3070 2835 2925 2735 2425 2190] [2560 2500 2840 3070 3235 3000 3080 2935]
[3095 3195 3020 3020 2925 2945 2280 2120] [2555 2735 2890 3110 3055 3120 3050 3175]
[3320 3025 2865 3065 3090 2780 2330 2220] [2530 2810 3095 3030 3240 3185 3290 3140]
[3130 3365 3170 3110 2780 2570 2360 1960] [2505 3115 3120 3295 3050 3040 3095 3260]
[3265 3095 2975 3170 2765 2515 2120 1955] [2685 3125 3075 3380 3025 3225 3140 3315]
[3135 2970 3020 3045 2960 2745 2520 2205] [2625 3180 3085 3385 3270 3170 3315 3095]
COM6 0 48
0
[2625 2870 2580 2675 2630 2225 1935 1675] [2495 2525 2540 2755 3285 3075 3110 3150]
[2905 2805 2665 2865 2665 2615 2090 1820] [2495 2560 2855 2970 2825 3105 3135 3050]
[2635 3020 2985 2970 2795 2415 2065 1785] [2560 2500 2840 3070 3235 3000 3080 2935]
[2750 2840 2825 2885 2870 2410 1895 1505] [2555 2735 2890 3110 3055 3120 3050 3175]
[2785 2885 2765 2805 2800 2290 1815 1500] [2530 2810 3095 3030 3240 3185 3290 3140]
[2830 2895 3045 3020 2555 2145 1960 1625] [2505 3115 3120 3295 3050 3040 3095 3260]
[2945 2875 2720 2875 2655 2125 1700 1585] [2685 3125 3075 3380 3025 3225 3140 3315]
[2960 2890 3100 2700 2770 2295 1785 1555] [2625 3180 3085 3385 3270 3170 3315 3095]
COM4 1 49
0
[2625 2870 2580 2675 2630 2225 1935 1675] [2545 2575 2670 3145 3215 3035 3055 3225]
[2905 2805 2665 2865 2665 2615 2090 1820] [2525 2610 2960 2925 3100 3185 3125 3030]
[2635 3020 2985 2970 2795 2415 2065 1785] [2695 2860 3115 2985 3130 3050 3040 3010]
[2750 2840 2825 2885 2870 2410 1895 1505] [2910 2965 3195 2955 3080 3200 3075 3100]
[2785 2885 2765 2805 2800 2290 1815 1500] [3050 3070 3200 3060 3155 3355 3170 3195]
[2830 2895 3045 3020 2555 2145 1960 1625] [2965 3070 3160 3170 3080 3195 3100 3210]
[2945 2875 2720 2875 2655 2125 1700 1585] [2910 3135 3115 3105 3065 3280 3215 3410]
[2960 2890 3100 2700 2770 2295 1785 1555] [3140 3045 2880 3225 3330 3250 3075 3305]
COM6 0 50
0
[2755 2610 2745 2875 2685 2345 1995 1845] [2545 2575 2670 3145 3215 3035 3055 3225]
[2810 2795 3030 2965 2795 2585 1940 1690] [2525 2610 2960 2925 3100 3185 3125 3030]
[2925 2790 2835 2820 2620 2230 2040 1615] [2695 2860 3115 2985 3130 3050 3040 3010]
[2685 2815 3025 2730 2565 2190 1705 1610] [2910 2965 3195 2955 3080 3200 3075 3100]
[3010 2660 2835 2710 2395 1945 1715 1560] [3050 3070 3200 3060 3155 3355 3170 3195]
[3000 2845 2725 2440 2170 1880 1545 1520] [2965 3070 3160 3170 3080 3195 3100 3210]
[2760 2880 2800 2590 2130 1590 1505 1515] [2910 3135 3115 3105 3065 3280 3215 3410]
[2900 2705 2990 2615 2200 1655 1665 1635] [3140 3045 2880 3225 3330 3250 3075 3305]
COM4 1 51
0
[2755 2610 2745 2875 2685 2345 1995 1845] [2570 2555 2870 3070 3125 3135 2975 2935]
[2810 2795 3030 2965 2795 2585 1940 1690] [2625 2685 3110 3065 2935 3120 3025 3005]
[2925 2790 2835 2820 2620 2230 2040 1615] [2875 3065 3070 3145 3100 2980 3085 3025]
[2685 2815 3025 2730 2565 2190 1705 1610] [2915 3125 3170 3155 3015 2970 3100 3010]
[3010 2660 2835 2710 2395 1945 1715 1560] [3060 3285 3285 3245 3030 2990 3170 3170]
[3000 2845 2725 2440 2170 1880 1545 1520] [3050 3210 3090 3130 3135 3195 3165 3050]
[2760 2880 2800 2590 2130 1590 1505 1515] [3165 3320 3090 3200 3170 3345 3265 3090]
[2900 2705 2990 2615 2200 1655 1665 1635] [3240 3145 3065 3180 3230 3150 3290 3140]
COM6 0 52
0
[3015 2940 2715 2825 2655 2300 2170 2085] [2570 2555 2870 3070 3125 3135 2975 2935]
[3140 3070 2715 2950 2735 2440 2280 2115] [2625 2685 3110 3065 2935 3120 3025 3005]
[2770 2935 2910 2955 2520 2405 2115 2140] [2875 3065 3070 3145 3100 2980 3085 3025]
[3110 3015 2855 2600 2540 2180 2235 2035] [2915 3125 3170 3155 3015 2970 3100 3010]
[3175 2815 2675 2465 2340 2035 2045 2080] [3060 3285 3285 3245 3030 2990 3170 3170]
[3055 2995 2615 2305 2075 1785 1985 2200] [3050 3210 3090 3130 3135 3195 3165 3050]
[3030 2935 2580 2255 1710 1820 1805 2355] [3165 3320 3090 3200 3170 3345 3265 3090]
[2815 2465 2520 2155 1965 1775 2070 2130] [3240 3145 3065 3180 3230 3150 3290 3140]
COM4 1 53
0
[3015 2940 2715 2825 2655 2300 2170 2085] [3045 2900 3230 3205 3080 3045 2980 3100]
[3140 3070 2715 2950 2735 2440 2280 2115] [3075 3180 3050 3035 3025 3345 3080 2995]
[2770 2935 2910 2955 2520 2405 2115 2140] [3035 3190 3215 3015 3110 3005 3100 3090]
[3110 3015 2855 2600 2540 2180 2235 2035] [3200 3280 3225 3265 3050 3120 3055 2965]
[3175 2815 2675 2465 2340 2035 2045 2080] [3195 3020 3210 3050 3105 3105 3110 3155]
[3055 2995 2615 2305 2075 1785 1985 2200] [3095 3140 3150 3275 3265 3125 3125 3385]
[3030 2935 2580 2255 1710 1820 1805 2355] [3350 3320 3175 3305 3110 3080 3160 3260]
[2815 2465 2520 2155 1965 1775 2070 2130] [3170 3515 3220 3395 3285 2990 3415 3215]
COM6 0 54
0
[2650 2815 2810 2795 2370 1940 1875 1875] [3045 2900 3230 3205 3080 3045 2980 3100]
[2915 2970 2805 2820 2340 2160 1785 1715] [3075 3180 3050 3035 3025 3345 3080 2995]
[2915 3085 2775 2435 2180 1785 1645 1845] [3035 3190 3215 3015 3110 3005 3100 3090]
[2960 2965 2570 2225 2075 1800 1630 1825] [3200 3280 3225 3265 3050 3120 3055 2965]
[3020 2895 2605 2055 1885 1515 1755 1950] [3195 3020 3210 3050 3105 3105 3110 3155]
[2790 2610 2255 2200 1740 1685 1735 1995] [3095 3140 3150 3275 3265 3125 3125 3385]
[2980 2615 2445 1675 1855 1625 1635 2020] [3350 3320 3175 3305 3110 3080 3160 3260]
[3150 2595 2185 1900 1520 1565 1885 2135] [3170 3515 3220 3395 3285 2990 3415 3215]
COM4 1 55
0
[2650 2815 2810 2795 2370 1940 1875 1875] [3195 3085 3265 2990 3125 3045 3110 3120]
[2915 2970 2805 2820 2340 2160 1785 1715] [3100 3015 3235 2860 2915 3095 2950 3055]
[2915 3085 2775 2435 2180 1785 1645 1845] [3175 3235 3115 3055 3040 3105 3090 3045]
[2960 2965 2570 2225 2075 1800 1630 1825] [2995 3270 3080 3105 3030 3035 3110 3005]
[3020 2895 2605 2055 1885 1515 1755 1950] [2960 3175 3310 2940 3125 3005 3205 3060]
[2790 2610 2255 2200 1740 1685 1735 1995] [3005 3225 3305 3015 3035 3125 3345 3090]
[2980 2615 2445 1675 1855 1625 1635 2020] [2985 3260 3155 3215 3075 3065 3060 3180]
[3150 2595 2185 1900 1520 1565 1885 2135] [3375 3215 3030 3275 3165 3110 2990 3290]
COM6 0 56
0
[2885 2705 2415 2165 2040 1700 1885 2155] [3195 3085 3265 2990 3125 3045 3110 3120]
[2905 2710 2425 2295 2025 1970 1855 2085] [3100 3015 3235 2860 2915 3095 2950 3055]
[2855 2620 2225 2225 1955 1815 1975 2125] [3175 3235 3115 3055 3040 3105 3090 3045]
[2760 2700 2365 2245 1865 1870 1825 2100] [2995 3270 3080 3105 3030 3035 3110 3005]
[2755 2160 2335 2100 1950 1675 2045 2345] [2960 3175 3310 2940 3125 3005 3205 3060]
[2490 2380 2045 1920 1695 1850 1790 2245] [3005 3225 3305 3015 3035 3125 3345 3090]
[2670 2425 2245 1955 1740 1650 1685 2115] [2985 3260 3155 3215 3075 3065 3060 3180]
[2765 2500 2130 1615 1805 1775 2070 2050] [3375 3215 3030 3275 3165 3110 2990 3290]
COM4 1 57
0
[2885 2705 2415 2165 2040 1700 1885 2155] [3120 2940 3105 2925 3145 3085 3110 3100]
[2905 2710 2425 2295 2025 1970 1855 2085] [3080 3245 3285 3150 3080 3115 3115 3070]
[2855 2620 2225 2225 1955 1815 1975 2125] [3260 3070 3205 3130 3190 3065 3050 2965]
[2760 2700 2365 2245 1865 1870 1825 2100] [3285 3120 3070 3120 3120 3160 3045 3075]
[2755 2160 2335 2100 1950 1675 2045 2345] [3100 3170 3175 3090 3165 3210 3105 3150]
[2490 2380 2045 1920 1695 1850 1790 2245] [2950 3095 3240 3175 3040 3210 3230 3210]
[2670 2425 2245 1955 1740 1650 1685 2115] [3255 3260 3235 3200 3055 3300 3150 3105]
[2765 2500 2130 1615 1805 1775 2070 2050] [3360 3320 3280 3565 3160 3200 3295 3300]
COM6 0 58
0
[2300 2000 2285 2590 2330 2090 2060 2110] [3120 2940 3105 2925 3145 3085 3110 3100]
[2530 2395 2310 2430 2360 2070 2050 2230] [3080 3245 3285 3150 3080 3115 3115 3070]
[2535 2305 2325 2260 2365 2020 2065 2205] [3260 3070 3205 3130 3190 3065 3050 2965]
[2570 2345 2195 2250 2235 2030 2005 2115] [3285 3120 3070 3120 3120 3160 3045 3075]
[2540 2380 2085 2230 2235 1985 1965 2415] [3100 3170 3175 3090 3165 3210 3105 3150]
[2255 2160 2195 2135 1830 1920 1830 2285] [2950 3095 3240 3175 3040 3210 3230 3210]
[2410 2275 1905 1985 1895 1850 1785 2435] [3255 3260 3235 3200 3055 3300 3150 3105]
[2770 2170 1860 1590 1765 1630 2100 2330] [3360 3320 3280 3565 3160 3200 3295 3300]
COM4 1 59
0
[2300 2000 2285 2590 2330 2090 2060 2110] [3015 3100 3280 2975 3060 3055 3150 2985]
[2530 2395 2310 2430 2360 2070 2050 2230] [3185 3055 3080 3190 3030 3075 3165 3075]
[2535 2305 2325 2260 2365 2020 2065 2205] [3090 3040 3045 3020 3175 2980 3115 3015]
[2570 2345 2195 2250 2235 2030 2005 2115] [3150 3240 3215 3085 3095 3150 3020 3070]
[2540 2380 2085 2230 2235 1985 1965 2415] [2990 3260 3415 3100 2945 3145 3150 3110]
[2255 2160 2195 2135 1830 1920 1830 2285] [3150 3110 3155 3145 3195 3120 3135 3355]
[2410 2275 1905 1985 1895 1850 1785 2435] [2890 3260 3095 3025 3170 3295 3105 3200]
[2770 2170 1860 1590 1765 1630 2100 2330] [3235 3080 3210 3175 3175 3245 2995 3390]
COM6 0 60
0
[2220 2260 2600 2960 2380 2135 2315 2235] [3015 3100 3280 2975 3060 3055 3150 2985]
[2335 2335 2580 2800 2385 1950 2215 2410] [3185 3055 3080 3190 3030 3075 3165 3075]
[2135 2225 2590 2525 2170 1970 2200 2495] [3090 3040 3045 3020 3175 2980 3115 3015]
[2390 2200 2340 2490 2240 2065 1985 2670] [3150 3240 3215 3085 3095 3150 3020 3070]
[2220 2020 2165 2200 2130 1975 2280 2575] [2990 3260 3415 3100 2945 3145 3150 3110]
[2410 2125 2145 1985 1920 1865 2390 2610] [3150 3110 3155 3145 3195 3120 3135 3355]
[2555 2190 2020 2000 1875 2140 2270 2920] [2890 3260 3095 3025 3170 3295 3105 3200]
[2555 2260 2030 1565 1750 2060 2540 3075] [3235 3080 3210 3175 3175 3245 2995 3390]
COM4 1 61
0
[2220 2260 2600 2960 2380 2135 2315 2235] [3440 2875 3300 3270 3210 3010 3140 3210]
[2335 2335 2580 2800 2385 1950 2215 2410] [3145 3025 3200 3110 3165 3210 3210 2995]
[2135 2225 2590 2525 2170 1970 2200 2495] [3035 3120 3115 3135 3275 3155 3040 2980]
[2390 2200 2340 2490 2240 2065 1985 2670] [3195 3235 3195 3070 3030 3260 3205 2935]
[2220 2020 2165 2200 2130 1975 2280 2575] [3175 3380 3270 3010 3040 3265 3070 3235]
[2410 2125 2145 1985 1920 1865 2390 2610] [3125 3215 3045 3165 3140 3205 3320 3135]
[2555 2190 2020 2000 1875 2140 2270 2920] [3355 3420 3325 3170 2875 3225 3380 3225]
[2555 2260 2030 1565 1750 2060 2540 3075] [3345 3105 3435 3315 3075 2955 3125 3215]
COM6 0 62
0
[2105 2245 2235 2525 2110 1640 1865 2055] [3440 2875 3300 3270 3210 3010 3140 3210]
[2085 2245 2440 2510 1935 1840 2090 2235] [3145 3025 3200 3110 3165 3210 3210 2995]
[1915 2200 2480 2165 1875 1910 2000 2495] [3035 3120 3115 3135 3275 3155 3040 2980]
[1800 2150 2180 2030 1815 1935 2030 2450] [3195 3235 3195 3070 3030 3260 3205 2935]
[1905 2060 2035 1985 1835 1745 2370 2640] [3175 3380 3270 3010 3040 3265 3070 3235]
[2155 1725 1885 1825 1815 2045 2425 2495] [3125 3215 3045 3165 3140 3205 3320 3135]
[1915 1665 1735 1770 1715 1890 2360 2830] [3355 3420 3325 3170 2875 3225 3380 3225]
[2205 1575 1650 1525 1740 2105 2695 2695] [3345 3105 3435 3315 3075 2955 3125 3215]
COM4 1 63
0
[2105 2245 2235 2525 2110 1640 1865 2055] [3140 3070 3280 3090 3335 2975 3025 3125]
[2085 2245 2440 2510 1935 1840 2090 2235] [3200 3285 3320 3015 2920 3105 3085 3000]
[1915 2200 2480 2165 1875 1910 2000 2495] [3020 2840 3170 3075 3130 3010 3100 3175]
[1800 2150 2180 2030 1815 1935 2030 2450] [3220 3185 3185 3095 2980 3120 3045 3080]
[1905 2060 2035 1985 1835 1745 2370 2640] [3085 3305 3210 2995 3095 3025 3305 3130]
[2155 1725 1885 1825 1815 2045 2425 2495] [2960 3190 3285 3270 3015 3100 3110 3215]
[1915 1665 1735 1770 1715 1890 2360 2830] [3045 3315 3235 3275 3270 3190 3290 3415]
[2205 1575 1650 1525 1740 2105 2695 2695] [3340 3260 3185 3400 3325 3280 3335 3275]
COM6 0 64
0
[2345 2425 2700 2630 2235 2090 2355 2635] [3140 3070 3280 3090 3335 2975 3025 3125]
[2495 2560 2505 2375 2280 2235 2535 3030] [3200 3285 3320 3015 2920 3105 3085 3000]
[2260 2380 2575 2205 1905 2235 2675 3020] [3020 2840 3170 3075 3130 3010 3100 3175]
[2265 2355 2300 2000 2150 2390 2770 3250] [3220 3185 3185 3095 2980 3120 3045 3080]
[2045 2085 2360 2115 2320 2490 2915 3225] [3085 3305 3210 2995 3095 3025 3305 3130]
[2075 2125 2180 1860 2105 2775 3110 3120] [2960 3190 3285 3270 3015 3100 3110 3215]
[1900 1855 1790 2315 2440 2795 3340 3260] [3045 3315 3235 3275 3270 3190 3290 3415]
[1735 1655 1855 2070 2630 3015 3485 3115] [3340 3260 3185 3400 3325 3280 3335 3275]
COM4 1 65
0
[2345 2425 2700 2630 2235 2090 2355 2635] [2960 2965 3275 3155 3070 3110 3150 3150]
[2495 2560 2505 2375 2280 2235 2535 3030] [3140 3140 3215 3070 3095 3205 3070 3265]
[2260 2380 2575 2205 1905 2235 2675 3020] [3015 3165 3115 3040 3195 3135 3140 3010]
[2265 2355 2300 2000 2150 2390 2770 3250] [3410 3045 3290 3215 3135 2970 3190 3045]
[2045 2085 2360 2115 2320 2490 2915 3225] [3320 3235 3220 2890 3060 3100 3220 3085]
[2075 2125 2180 1860 2105 2775 3110 3120] [3010 3140 3160 3185 3050 3195 3180 3380]
[1900 1855 1790 2315 2440 2795 3340 3260] [3400 3405 3145 3135 3120 3280 2985 3365]
[1735 1655 1855 2070 2630 3015 3485 3115] [3265 3120 3255 3360 3075 3065 3190 3135]