COM7 0 6
1
[3020 2830 2880 3060 3050 3025 2885 2935] [3300 3195 3260 3175 3120 3055 3110 3265]
[3215 3005 2975 3170 2970 3015 3010 2995] [3090 3275 3175 3145 3025 3045 3125 2945]
[2915 3055 2995 3040 3080 2985 2955 2935] [3290 3285 3240 3230 3170 3035 3135 3135]
[2975 3090 3070 2835 3130 3025 3010 2965] [2980 3130 3265 3195 3455 3315 3225 3135]
[3025 2925 3155 3095 3060 3155 3015 3180] [3250 3175 3440 3255 3250 3245 3280 3100]
[3070 3005 3105 3245 3120 3125 3280 2910] [3115 3440 3400 3250 3150 3395 3230 3250]
[2970 3145 3045 3080 3105 3100 3060 2990] [3265 3290 3305 3170 3330 3310 3415 3415]
[3235 3315 3250 3205 2905 3200 3215 3085] [3725 3245 3195 3275 3525 3345 3340 3425]
COM3 1 7
1
[3020 2830 2880 3060 3050 3025 2885 2935] [3300 3395 3240 3250 3540 3270 3205 3370]
[3215 3005 2975 3170 2970 3015 3010 2995] [3300 3255 3320 3205 3140 3270 3235 3240]
[2915 3055 2995 3040 3080 2985 2955 2935] [3385 3315 3320 3180 3125 3110 3095 3240]
[2975 3090 3070 2835 3130 3025 3010 2965] [3365 3405 3470 3280 3305 3295 3300 3355]
[3025 2925 3155 3095 3060 3155 3015 3180] [3585 3370 3365 3235 3280 3075 3325 3215]
[3070 3005 3105 3245 3120 3125 3280 2910] [3245 3395 3470 3400 3105 3365 3290 3335]
[2970 3145 3045 3080 3105 3100 3060 2990] [3285 3255 3405 3435 3380 3355 3375 3080]
[3235 3315 3250 3205 2905 3200 3215 3085] [3415 3450 3435 3395 3495 3430 3440 3160]
COM7 0 8
1
[2835 2695 2840 2605 2895 2635 2720 2625] [3300 3395 3240 3250 3540 3270 3205 3370]
[2775 2750 2650 2720 2680 2700 2810 2710] [3300 3255 3320 3205 3140 3270 3235 3240]
[2745 2925 2835 2725 2615 2790 2705 2740] [3385 3315 3320 3180 3125 3110 3095 3240]
[2710 2675 2955 2755 2830 2960 2775 2720] [3365 3405 3470 3280 3305 3295 3300 3355]
[2935 2865 2775 2785 2790 2915 2805 2795] [3585 3370 3365 3235 3280 3075 3325 3215]
[2860 2870 2840 2955 2865 2950 3100 2765] [3245 3395 3470 3400 3105 3365 3290 3335]
[2875 2865 2800 2960 2755 2825 2905 2890] [3285 3255 3405 3435 3380 3355 3375 3080]
[2870 2755 3010 2760 2820 2980 2910 2795] [3415 3450 3435 3395 3495 3430 3440 3160]
COM3 1 9
1
[2835 2695 2840 2605 2895 2635 2720 2625] [3310 3330 3230 3350 3210 3220 3175 3385]
[2775 2750 2650 2720 2680 2700 2810 2710] [3275 3325 3310 3190 3210 3200 3100 3310]
[2745 2925 2835 2725 2615 2790 2705 2740] [3150 3280 3170 3225 3435 3045 3280 3145]
[2710 2675 2955 2755 2830 2960 2775 2720] [3535 3215 3470 3185 3315 3220 3135 3110]
[2935 2865 2775 2785 2790 2915 2805 2795] [3115 3100 3320 3275 3265 3270 3245 3270]
[2860 2870 2840 2955 2865 2950 3100 2765] [3210 3360 3155 3350 3330 3230 3310 3390]
[2875 2865 2800 2960 2755 2825 2905 2890] [3050 3425 3510 3250 3075 3300 3240 3305]
[2870 2755 3010 2760 2820 2980 2910 2795] [3350 3315 3300 3390 3015 3225 3325 3365]
COM7 0 10
1
[2990 2950 2900 2990 3010 3055 3115 2965] [3310 3330 3230 3350 3210 3220 3175 3385]
[3065 3110 2935 3005 2975 3010 2985 3120] [3275 3325 3310 3190 3210 3200 3100 3310]
[3040 3020 2905 3040 3005 3020 2900 3185] [3150 3280 3170 3225 3435 3045 3280 3145]
[3205 3040 3185 2985 3245 3180 2975 2830] [3535 3215 3470 3185 3315 3220 3135 3110]
[3140 3060 3115 2900 3100 3035 3170 3115] [3115 3100 3320 3275 3265 3270 3245 3270]
[3080 3165 3190 3205 2955 3150 3225 3095] [3210 3360 3155 3350 3330 3230 3310 3390]
[3195 3145 2970 3195 3100 3310 3145 3045] [3050 3425 3510 3250 3075 3300 3240 3305]
[3135 3205 3340 3195 3025 3130 3080 3305] [3350 3315 3300 3390 3015 3225 3325 3365]
COM3 1 11
1
[2990 2950 2900 2990 3010 3055 3115 2965] [2905 3100 3140 2945 3195 3140 3185 3125]
[3065 3110 2935 3005 2975 3010 2985 3120] [3075 3075 3115 3220 2925 3120 3110 3115]
[3040 3020 2905 3040 3005 3020 2900 3185] [3000 3140 3150 3060 3195 2955 3225 2875]
[3205 3040 3185 2985 3245 3180 2975 2830] [3160 3235 3150 3070 3095 3155 3160 3000]
[3140 3060 3115 2900 3100 3035 3170 3115] [3290 3060 3300 2965 3015 3090 3155 3205]
[3080 3165 3190 3205 2955 3150 3225 3095] [2805 3275 3120 3420 3035 3155 3300 3405]
[3195 3145 2970 3195 3100 3310 3145 3045] [3050 3325 3230 3395 3205 3125 3290 3235]
[3135 3205 3340 3195 3025 3130 3080 3305] [3210 2925 3275 3410 3330 3000 3220 3290]
COM7 0 12
1
[3140 2935 3045 2965 3020 3025 3145 3130] [2905 3100 3140 2945 3195 3140 3185 3125]
[3120 3250 3065 3145 3105 3125 3230 3120] [3075 3075 3115 3220 2925 3120 3110 3115]
[2920 3100 3185 2980 2990 3240 3150 3195] [3000 3140 3150 3060 3195 2955 3225 2875]
[2940 2980 3300 3210 3135 3200 3090 3235] [3160 3235 3150 3070 3095 3155 3160 3000]
[3310 3165 3200 3105 3260 3145 3155 3395] [3290 3060 3300 2965 3015 3090 3155 3205]
[3010 3070 3210 3215 3085 3285 3205 3120] [2805 3275 3120 3420 3035 3155 3300 3405]
[3080 3265 3140 3175 3210 3190 3165 3200] [3050 3325 3230 3395 3205 3125 3290 3235]
[3265 3075 3280 3255 3255 3295 3210 3005] [3210 2925 3275 3410 3330 3000 3220 3290]
COM3 1 13
1
[3140 2935 3045 2965 3020 3025 3145 3130] [3185 2990 3500 3125 3480 3215 3215 3235]
[3120 3250 3065 3145 3105 3125 3230 3120] [3360 3105 3270 3265 3295 3285 3170 3200]
[2920 3100 3185 2980 2990 3240 3150 3195] [3345 3265 3240 3105 3270 3245 3115 3120]
[2940 2980 3300 3210 3135 3200 3090 3235] [3435 3235 3280 3295 3250 3295 3355 3130]
[3310 3165 3200 3105 3260 3145 3155 3395] [3325 3115 3300 3435 3340 3195 3155 3180]
[3010 3070 3210 3215 3085 3285 3205 3120] [3350 3250 3195 3190 3385 3320 3340 3455]
[3080 3265 3140 3175 3210 3190 3165 3200] [3490 3410 3180 3480 3380 3220 3400 3310]
[3265 3075 3280 3255 3255 3295 3210 3005] [3610 3550 3300 3335 3660 3300 3500 3490]
COM7 0 14
1
[2930 2805 2720 2835 2825 2610 2860 2805] [3185 2990 3500 3125 3480 3215 3215 3235]
[2970 2850 2855 2915 2730 2725 2835 2825] [3360 3105 3270 3265 3295 3285 3170 3200]
[2575 2935 3010 2835 2750 2945 2755 2680] [3345 3265 3240 3105 3270 3245 3115 3120]
[2940 2865 3055 2745 2825 2810 2795 2815] [3435 3235 3280 3295 3250 3295 3355 3130]
[3095 2855 3045 2945 2835 2970 3155 3040] [3325 3115 3300 3435 3340 3195 3155 3180]
[3060 2935 2970 2985 2920 2735 2960 2750] [3350 3250 3195 3190 3385 3320 3340 3455]
[3080 2835 3115 3050 2810 3015 2855 2975] [3490 3410 3180 3480 3380 3220 3400 3310]
[2995 2995 3045 3055 2665 2965 2900 3085] [3610 3550 3300 3335 3660 3300 3500 3490]
COM3 1 15
1
[2930 2805 2720 2835 2825 2610 2860 2805] [3125 3275 3195 3110 3350 3130 3035 3160]
[2970 2850 2855 2915 2730 2725 2835 2825] [3040 3160 3285 3180 3065 3235 3100 3105]
[2575 2935 3010 2835 2750 2945 2755 2680] [3170 3315 3220 3220 3290 3020 3120 3125]
[2940 2865 3055 2745 2825 2810 2795 2815] [3280 3590 3250 3275 3295 3135 3315 3290]
[3095 2855 3045 2945 2835 2970 3155 3040] [3410 3500 3415 3140 3260 3140 3185 3295]
[3060 2935 2970 2985 2920 2735 2960 2750] [3100 3230 3430 3385 3200 3365 3270 3215]
[3080 2835 3115 3050 2810 3015 2855 2975] [3255 3330 3425 3425 3255 3265 3380 3080]
[2995 2995 3045 3055 2665 2965 2900 3085] [3405 3320 3355 3325 3085 3125 3180 3425]
COM7 0 16
1
[2915 3010 2920 2975 3080 3005 3095 3005] [3125 3275 3195 3110 3350 3130 3035 3160]
[3075 2910 3055 3060 2965 3120 3020 3120] [3040 3160 3285 3180 3065 3235 3100 3105]
[2940 3060 3090 3085 3025 3020 3085 3035] [3170 3315 3220 3220 3290 3020 3120 3125]
[3145 2960 3135 2950 3065 3025 3060 2965] [3280 3590 3250 3275 3295 3135 3315 3290]
[2950 3060 3170 3065 3200 2900 3095 3300] [3410 3500 3415 3140 3260 3140 3185 3295]
[3050 3180 3265 3120 3025 3245 3140 3150] [3100 3230 3430 3385 3200 3365 3270 3215]
[3055 3215 3125 3080 3160 3265 2945 3225] [3255 3330 3425 3425 3255 3265 3380 3080]
[3270 3000 2990 3070 2955 3135 3395 2875] [3405 3320 3355 3325 3085 3125 3180 3425]
COM3 1 17
1
[2915 3010 2920 2975 3080 3005 3095 3005] [3280 3095 3240 3240 3000 3270 3220 3240]
[3075 2910 3055 3060 2965 3120 3020 3120] [3090 3300 3460 3150 3105 3390 3270 3105]
[2940 3060 3090 3085 3025 3020 3085 3035] [3355 3210 3340 3305 3270 3085 3245 3240]
[3145 2960 3135 2950 3065 3025 3060 2965] [3435 3210 3300 3210 3265 3225 3320 3100]
[2950 3060 3170 3065 3200 2900 3095 3300] [3395 3060 3230 2995 3290 3140 3175 3265]
[3050 3180 3265 3120 3025 3245 3140 3150] [3180 3300 3370 3330 3215 3240 3265 3230]
[3055 3215 3125 3080 3160 3265 2945 3225] [3415 3405 3490 3355 3335 3265 3375 3305]
[3270 3000 2990 3070 2955 3135 3395 2875] [3405 3300 3395 3410 3195 3275 3430 3510]
COM7 0 18
1
[3035 3045 3150 2870 3050 3150 3205 3165] [3280 3095 3240 3240 3000 3270 3220 3240]
[3245 3245 3170 3015 3100 3120 3050 3240] [3090 3300 3460 3150 3105 3390 3270 3105]
[2905 3215 3120 3195 3175 3125 3320 3130] [3355 3210 3340 3305 3270 3085 3245 3240]
[3300 3385 3260 3085 3275 3205 3280 3140] [3435 3210 3300 3210 3265 3225 3320 3100]
[3290 3320 3300 3045 3335 3090 3345 3310] [3395 3060 3230 2995 3290 3140 3175 3265]
[3160 3215 3405 3200 3080 3305 3290 3210] [3180 3300 3370 3330 3215 3240 3265 3230]
[3265 3325 3240 3375 3100 3325 3250 3110] [3415 3405 3490 3355 3335 3265 3375 3305]
[3400 2990 3400 3315 3290 3420 3270 3305] [3405 3300 3395 3410 3195 3275 3430 3510]
COM3 1 19
1
[3035 3045 3150 2870 3050 3150 3205 3165] [3540 3335 3440 3430 3120 3350 3260 3420]
[3245 3245 3170 3015 3100 3120 3050 3240] [3275 3340 3470 3170 3120 3470 3350 3295]
[2905 3215 3120 3195 3175 3125 3320 3130] [3395 3505 3445 3290 3365 3285 3345 3300]
[3300 3385 3260 3085 3275 3205 3280 3140] [3505 3460 3470 3625 3510 3295 3230 3280]
[3290 3320 3300 3045 3335 3090 3345 3310] [3485 3170 3395 3380 3310 3405 3475 3350]
[3160 3215 3405 3200 3080 3305 3290 3210] [3530 3545 3485 3575 3285 3395 3420 3360]
[3265 3325 3240 3375 3100 3325 3250 3110] [3525 3635 3530 3440 3430 3465 3360 3445]
[3400 2990 3400 3315 3290 3420 3270 3305] [3490 3435 3500 3570 3500 3255 3330 3480]
COM7 0 20
1
[2810 2835 2805 2890 2945 2925 2970 2960] [3540 3335 3440 3430 3120 3350 3260 3420]
[3225 3050 3035 3000 3030 3015 2950 2990] [3275 3340 3470 3170 3120 3470 3350 3295]
[2740 2905 2685 2945 3025 3060 2975 3105] [3395 3505 3445 3290 3365 3285 3345 3300]
[3080 2935 3095 3025 3060 2955 2935 3030] [3505 3460 3470 3625 3510 3295 3230 3280]
[2980 3125 2975 3005 3045 3155 3175 2965] [3485 3170 3395 3380 3310 3405 3475 3350]
[3150 3340 3315 3045 2885 3135 3215 2965] [3530 3545 3485 3575 3285 3395 3420 3360]
[2835 3245 3075 3250 3040 3005 2870 3010] [3525 3635 3530 3440 3430 3465 3360 3445]
[3415 3065 3015 3295 3110 3115 3385 3080] [3490 3435 3500 3570 3500 3255 3330 3480]
COM3 1 21
1
[2810 2835 2805 2890 2945 2925 2970 2960] [3270 3195 3245 3300 3245 2990 3220 3270]
[3225 3050 3035 3000 3030 3015 2950 2990] [3280 3280 3215 3105 3145 3250 3155 2950]
[2740 2905 2685 2945 3025 3060 2975 3105] [3325 3070 3110 3050 3110 3020 3085 3050]
[3080 2935 3095 3025 3060 2955 2935 3030] [3225 3285 3255 3260 3225 3285 3165 3000]
[2980 3125 2975 3005 3045 3155 3175 2965] [3240 3210 3390 3060 3145 3210 3175 3100]
[3150 3340 3315 3045 2885 3135 3215 2965] [3165 3330 3120 3250 3165 3085 3250 3190]
[2835 3245 3075 3250 3040 3005 2870 3010] [3390 3490 3285 3270 3345 3080 3215 3265]
[3415 3065 3015 3295 3110 3115 3385 3080] [3255 3380 3300 3330 3085 3310 3295 3425]
COM7 0 22
1
[2910 3095 2970 3145 3030 3040 3225 3145] [3270 3195 3245 3300 3245 2990 3220 3270]
[3005 3140 3005 2985 3060 3005 3095 3170] [3280 3280 3215 3105 3145 3250 3155 2950]
[3015 3055 3090 3085 2885 3095 3025 3125] [3325 3070 3110 3050 3110 3020 3085 3050]
[3220 3050 3250 2950 3235 3105 3140 3085] [3225 3285 3255 3260 3225 3285 3165 3000]
[3290 3230 3110 3140 3265 3035 3145 3070] [3240 3210 3390 3060 3145 3210 3175 3100]
[3060 3215 3195 3140 3020 3015 3265 3035] [3165 3330 3120 3250 3165 3085 3250 3190]
[3195 3260 3280 3095 3175 3110 3070 3240] [3390 3490 3285 3270 3345 3080 3215 3265]
[3120 3295 3070 3085 3175 3200 3400 3240] [3255 3380 3300 3330 3085 3310 3295 3425]
COM3 1 23
1
[2910 3095 2970 3145 3030 3040 3225 3145] [3365 3495 3260 3300 3405 3280 3405 3405]
[3005 3140 3005 2985 3060 3005 3095 3170] [3425 3450 3275 3365 3210 3410 3210 3175]
[3015 3055 3090 3085 2885 3095 3025 3125] [3435 3310 3445 3355 3440 3355 3165 3130]
[3220 3050 3250 2950 3235 3105 3140 3085] [3305 3280 3315 3290 3175 3245 3280 3140]
[3290 3230 3110 3140 3265 3035 3145 3070] [3495 3405 3425 3315 3250 3430 3410 3165]
[3060 3215 3195 3140 3020 3015 3265 3035] [3400 3250 3370 3530 3240 3440 3310 3205]
[3195 3260 3280 3095 3175 3110 3070 3240] [3260 3650 3425 3360 3375 3365 3450 3430]
[3120 3295 3070 3085 3175 3200 3400 3240] [3520 3495 3420 3675 3400 3445 3275 3280]
COM7 0 24
1
[2885 2935 2735 2950 3015 2905 2995 2835] [3365 3495 3260 3300 3405 3280 3405 3405]
[3140 3165 2980 3025 2900 3025 3035 2885] [3425 3450 3275 3365 3210 3410 3210 3175]
[2965 3035 3035 2845 2950 3055 3005 2905] [3435 3310 3445 3355 3440 3355 3165 3130]
[2930 3025 3105 3110 2925 2970 2895 3105] [3305 3280 3315 3290 3175 3245 3280 3140]
[3040 3130 3135 2985 3180 3145 3100 3100] [3495 3405 3425 3315 3250 3430 3410 3165]
[3025 3050 3255 3025 3150 3155 3195 2850] [3400 3250 3370 3530 3240 3440 3310 3205]
[2890 2905 2995 3155 3105 3010 2780 2920] [3260 3650 3425 3360 3375 3365 3450 3430]
[3290 2905 3265 3140 2820 3190 3275 3265] [3520 3495 3420 3675 3400 3445 3275 3280]
COM3 1 25
1
[2885 2935 2735 2950 3015 2905 2995 2835] [3365 3160 3095 3320 3240 3115 3135 3365]
[3140 3165 2980 3025 2900 3025 3035 2885] [3190 3495 3160 3335 3225 3360 3345 3135]
[2965 3035 3035 2845 2950 3055 3005 2905] [3175 3280 3335 3250 3215 2965 3155 3130]
[2930 3025 3105 3110 2925 2970 2895 3105] [3040 3390 3130 3405 3155 3330 3150 3150]
[3040 3130 3135 2985 3180 3145 3100 3100] [3445 2965 3535 3215 3330 3125 3120 3180]
[3025 3050 3255 3025 3150 3155 3195 2850] [3260 3470 3215 3305 3035 3395 3245 3270]
[2890 2905 2995 3155 3105 3010 2780 2920] [3320 3485 3465 3140 2985 3155 3300 3315]
[3290 2905 3265 3140 2820 3190 3275 3265] [3520 3390 3355 3280 3425 3290 3300 3480]
COM7 0 26
1
[2970 2905 2935 2925 2920 2925 2870 2990] [3365 3160 3095 3320 3240 3115 3135 3365]
[3245 3110 2975 3045 2880 3125 2940 3075] [3190 3495 3160 3335 3225 3360 3345 3135]
[2900 2975 3095 3060 2990 2930 3015 3200] [3175 3280 3335 3250 3215 2965 3155 3130]
[3005 3090 3135 3070 3050 3205 2960 3075] [3040 3390 3130 3405 3155 3330 3150 3150]
[3040 3010 3045 2965 3130 3070 3000 3065] [3445 2965 3535 3215 3330 3125 3120 3180]
[3025 3175 3075 3140 3000 3235 3160 2980] [3260 3470 3215 3305 3035 3395 3245 3270]
[3195 3045 3180 3030 2910 3220 3035 3210] [3320 3485 3465 3140 2985 3155 3300 3315]
[3200 3075 2960 3225 3035 3135 3210 3235] [3520 3390 3355 3280 3425 3290 3300 3480]
COM3 1 27
1
[2970 2905 2935 2925 2920 2925 2870 2990] [3050 3315 3245 3195 3215 3085 3215 3170]
[3245 3110 2975 3045 2880 3125 2940 3075] [3215 3175 3220 3070 3005 3225 3125 3175]
[2900 2975 3095 3060 2990 2930 3015 3200] [3365 3325 3330 3260 3320 3105 3140 3270]
[3005 3090 3135 3070 3050 3205 2960 3075] [3490 3150 3205 3390 3300 3310 3055 3230]
[3040 3010 3045 2965 3130 3070 3000 3065] [3340 3105 3180 3030 3240 3160 3030 3270]
[3025 3175 3075 3140 3000 3235 3160 2980] [3170 3230 3205 3275 3195 3230 3165 3245]
[3195 3045 3180 3030 2910 3220 3035 3210] [3105 3420 3345 3270 3205 3245 3250 3320]
[3200 3075 2960 3225 3035 3135 3210 3235] [3590 3195 3250 3335 3210 3335 3065 3270]
COM7 0 28
1
[3035 2765 2915 2865 2985 2940 3015 3000] [3050 3315 3245 3195 3215 3085 3215 3170]
[2945 3100 3020 3130 3105 3080 2920 3245] [3215 3175 3220 3070 3005 3225 3125 3175]
[2895 2935 3065 2895 3070 3120 3025 2970] [3365 3325 3330 3260 3320 3105 3140 3270]
[3180 2965 3125 3050 3135 3125 2965 2960] [3490 3150 3205 3390 3300 3310 3055 3230]
[3280 3115 3140 3130 3115 3050 3415 3155] [3340 3105 3180 3030 3240 3160 3030 3270]
[3170 3215 3040 3185 3080 3210 3275 3145] [3170 3230 3205 3275 3195 3230 3165 3245]
[3135 3200 3055 3215 3200 3080 2925 2995] [3105 3420 3345 3270 3205 3245 3250 3320]
[3250 3335 3125 3130 3200 3115 3300 3015] [3590 3195 3250 3335 3210 3335 3065 3270]
COM3 1 29
1
[3035 2765 2915 2865 2985 2940 3015 3000] [3105 3285 3025 3340 3280 3135 3145 3205]
[2945 3100 3020 3130 3105 3080 2920 3245] [2925 3420 3200 3065 3005 3120 3070 3145]
[2895 2935 3065 2895 3070 3120 3025 2970] [3225 3380 3195 3195 3220 3210 3240 3145]
[3180 2965 3125 3050 3135 3125 2965 2960] [3295 3530 3425 3315 3270 3335 3285 3245]
[3280 3115 3140 3130 3115 3050 3415 3155] [3100 3125 3100 3065 3015 3305 3160 3355]
[3170 3215 3040 3185 3080 3210 3275 3145] [3345 3160 2875 3335 3265 3245 3435 3195]
[3135 3200 3055 3215 3200 3080 2925 2995] [3255 3245 3345 3395 3235 3190 3290 3365]
[3250 3335 3125 3130 3200 3115 3300 3015] [3125 3445 3190 3430 3435 3465 3285 3465]
COM7 0 30
1
[2980 2905 2810 2745 2975 2820 2825 2870] [3105 3285 3025 3340 3280 3135 3145 3205]
[2955 2945 2790 2910 2700 3000 2870 2715] [2925 3420 3200 3065 3005 3120 3070 3145]
[2815 3050 2870 2930 2915 2855 2860 2850] [3225 3380 3195 3195 3220 3210 3240 3145]
[3055 3005 3060 2825 2880 3040 2885 2875] [3295 3530 3425 3315 3270 3335 3285 3245]
[3120 2890 3065 2955 3035 3070 3120 2980] [3100 3125 3100 3065 3015 3305 3160 3355]
[3095 2965 3015 2995 2630 2940 3125 2845] [3345 3160 2875 3335 3265 3245 3435 3195]
[2925 3000 3000 3070 3000 2955 2855 2970] [3255 3245 3345 3395 3235 3190 3290 3365]
[3250 3020 3055 2950 2995 3105 3205 2995] [3125 3445 3190 3430 3435 3465 3285 3465]
COM3 1 31
1
[2980 2905 2810 2745 2975 2820 2825 2870] [3490 3535 3365 3380 3380 3210 3325 3395]
[2955 2945 2790 2910 2700 3000 2870 2715] [3280 3415 3500 3255 3100 3305 3260 3440]
[2815 3050 2870 2930 2915 2855 2860 2850] [3650 3580 3655 3265 3500 3265 3345 3280]
[3055 3005 3060 2825 2880 3040 2885 2875] [3545 3620 3245 3250 3205 3465 3380 3320]
[3120 2890 3065 2955 3035 3070 3120 2980] [3335 3595 3525 3220 3320 3275 3405 3330]
[3095 2965 3015 2995 2630 2940 3125 2845] [3260 3205 3420 3340 3425 3550 3500 3335]
[2925 3000 3000 3070 3000 2955 2855 2970] [3595 3435 3615 3310 3520 3500 3375 3430]
[3250 3020 3055 2950 2995 3105 3205 2995] [3735 3445 3690 3665 3400 3635 3405 3540]
COM7 0 32
1
[2990 2720 2900 2850 3050 3025 2940 3160] [3490 3535 3365 3380 3380 3210 3325 3395]
[3135 3075 3000 3100 3090 3065 2930 2945] [3280 3415 3500 3255 3100 3305 3260 3440]
[2935 2975 2920 3005 2975 3095 2915 3085] [3650 3580 3655 3265 3500 3265 3345 3280]
[3125 3085 3130 3045 3090 3030 3075 2985] [3545 3620 3245 3250 3205 3465 3380 3320]
[3070 3035 3075 3045 3070 3025 3170 3195] [3335 3595 3525 3220 3320 3275 3405 3330]
[3215 3205 3195 3175 2895 3200 3110 2975] [3260 3205 3420 3340 3425 3550 3500 3335]
[2955 3105 2990 3040 3145 3055 3090 3245] [3595 3435 3615 3310 3520 3500 3375 3430]
[3040 3125 3220 3035 3110 3220 3295 3015] [3735 3445 3690 3665 3400 3635 3405 3540]
COM3 1 33
1
[2990 2720 2900 2850 3050 3025 2940 3160] [3380 3240 3085 3035 3235 3175 3295 3325]
[3135 3075 3000 3100 3090 3065 2930 2945] [3370 3280 3130 3245 3105 3125 3145 3045]
[2935 2975 2920 3005 2975 3095 2915 3085] [3130 3315 3110 3065 3295 3205 3165 3000]
[3125 3085 3130 3045 3090 3030 3075 2985] [3170 3265 3395 3175 3270 2930 3200 3110]
[3070 3035 3075 3045 3070 3025 3170 3195] [3240 3360 3230 3140 3270 3220 3255 3065]
[3215 3205 3195 3175 2895 3200 3110 2975] [3035 3465 3245 3255 3170 3280 3335 3400]
[2955 3105 2990 3040 3145 3055 3090 3245] [3435 3415 3210 3340 3190 3155 3315 3250]
[3040 3125 3220 3035 3110 3220 3295 3015] [3315 3300 3295 3640 3345 3055 3440 3355]
COM7 0 34
1
[3195 2925 2900 2875 2850 2935 2965 2885] [3380 3240 3085 3035 3235 3175 3295 3325]
[3080 3190 2940 2920 2995 3080 3100 3085] [3370 3280 3130 3245 3105 3125 3145 3045]
[2795 3135 3165 2930 2990 2970 3055 3020] [3130 3315 3110 3065 3295 3205 3165 3000]
[3100 2990 3085 3025 3090 3080 3105 2980] [3170 3265 3395 3175 3270 2930 3200 3110]
[2890 3005 3115 2965 3105 2995 3185 3135] [3240 3360 3230 3140 3270 3220 3255 3065]
[3060 3065 3160 3050 3000 2985 3125 3095] [3035 3465 3245 3255 3170 3280 3335 3400]
[3070 3120 3180 3095 3025 3140 2800 2870] [3435 3415 3210 3340 3190 3155 3315 3250]
[3135 3075 3125 2995 3085 3130 3270 2795] [3315 3300 3295 3640 3345 3055 3440 3355]
COM3 1 35
1
[3195 2925 2900 2875 2850 2935 2965 2885] [2870 2860 2910 2800 2895 2885 2885 2945]
[3080 3190 2940 2920 2995 3080 3100 3085] [2590 2765 3030 2765 2725 2975 2810 2950]
[2795 3135 3165 2930 2990 2970 3055 3020] [2915 2950 2895 2845 3090 2955 2940 2785]
[3100 2990 3085 3025 3090 3080 3105 2980] [2960 2950 2955 2970 2875 2885 3055 2900]
[2890 3005 3115 2965 3105 2995 3185 3135] [2975 2760 3015 2805 2805 3115 3015 2995]
[3060 3065 3160 3050 3000 2985 3125 3095] [2740 2885 3015 3075 2920 3200 3010 3015]
[3070 3120 3180 3095 3025 3140 2800 2870] [3015 3030 3170 2970 3235 3020 3115 3010]
[3135 3075 3125 2995 3085 3130 3270 2795] [3030 2775 3070 3025 2970 2825 2925 2965]
COM7 0 36
1
[3025 3010 2945 2940 3020 3060 3230 3130] [2870 2860 2910 2800 2895 2885 2885 2945]
[3185 3100 3025 3130 3130 3005 3085 3205] [2590 2765 3030 2765 2725 2975 2810 2950]
[2850 3095 3030 2995 3065 3165 3215 3200] [2915 2950 2895 2845 3090 2955 2940 2785]
[3170 3175 3240 3050 3100 3050 3140 3025] [2960 2950 2955 2970 2875 2885 3055 2900]
[3125 3130 3190 3010 3100 3045 3130 3105] [2975 2760 3015 2805 2805 3115 3015 2995]
[3160 3160 3305 3120 3165 3135 3340 3050] [2740 2885 3015 3075 2920 3200 3010 3015]
[3055 3090 3170 3165 3170 3125 3060 3200] [3015 3030 3170 2970 3235 3020 3115 3010]
[3315 3060 3115 3225 3085 3240 3175 3080] [3030 2775 3070 3025 2970 2825 2925 2965]
COM3 1 37
1
[3025 3010 2945 2940 3020 3060 3230 3130] [3120 3005 3215 3270 3445 3100 3265 3205]
[3185 3100 3025 3130 3130 3005 3085 3205] [3220 3260 3255 3175 3155 3170 2985 2955]
[2850 3095 3030 2995 3065 3165 3215 3200] [3505 3280 3225 3215 3155 3140 3065 3100]
[3170 3175 3240 3050 3100 3050 3140 3025] [3180 3240 3180 3265 3305 3095 3390 3195]
[3125 3130 3190 3010 3100 3045 3130 3105] [3305 3110 3045 3105 3210 3095 3135 3265]
[3160 3160 3305 3120 3165 3135 3340 3050] [3165 3240 3305 3265 3170 3090 3320 3315]
[3055 3090 3170 3165 3170 3125 3060 3200] [3100 3310 3240 3275 3215 3215 3295 3260]
[3315 3060 3115 3225 3085 3240 3175 3080] [3195 3255 3185 3515 3320 3280 3215 3405]
COM7 0 38
1
[2870 2825 2900 2830 2905 2740 2720 2665] [3120 3005 3215 3270 3445 3100 3265 3205]
[2880 2885 2685 2785 2725 2870 2610 2745] [3220 3260 3255 3175 3155 3170 2985 2955]
[2680 2905 2715 2745 2795 2785 2835 2780] [3505 3280 3225 3215 3155 3140 3065 3100]
[2875 2840 2935 2715 2940 2830 2900 2820] [3180 3240 3180 3265 3305 3095 3390 3195]
[2860 2735 3025 2760 3040 2790 3005 2785] [3305 3110 3045 3105 3210 3095 3135 3265]
[2740 3085 2905 3005 2855 2935 2945 2675] [3165 3240 3305 3265 3170 3090 3320 3315]
[2910 3115 2965 2990 2880 2870 2655 2800] [3100 3310 3240 3275 3215 3215 3295 3260]
[3305 2990 2875 3195 3040 3020 2990 2980] [3195 3255 3185 3515 3320 3280 3215 3405]
COM3 1 39
1
[2870 2825 2900 2830 2905 2740 2720 2665] [3295 3275 3005 3130 3395 3195 3100 3130]
[2880 2885 2685 2785 2725 2870 2610 2745] [3210 3270 3160 3125 3070 3250 3080 3100]
[2680 2905 2715 2745 2795 2785 2835 2780] [3385 3310 3330 3110 3285 3105 3130 3230]
[2875 2840 2935 2715 2940 2830 2900 2820] [3555 3080 3195 3140 3215 3155 3235 2935]
[2860 2735 3025 2760 3040 2790 3005 2785] [3095 3420 3390 3220 3150 3210 3205 3225]
[2740 3085 2905 3005 2855 2935 2945 2675] [3225 3125 3035 3215 3185 3365 3205 3330]
[2910 3115 2965 2990 2880 2870 2655 2800] [3215 3555 3275 3235 3215 3180 3335 3425]
[3305 2990 2875 3195 3040 3020 2990 2980] [3520 3260 3520 3520 3370 3315 3375 3420]
COM7 0 40
1
[2870 2800 2815 3020 2845 2875 3055 2780] [3295 3275 3005 3130 3395 3195 3100 3130]
[2620 3015 2750 3025 2880 2805 3025 2755] [3210 3270 3160 3125 3070 3250 3080 3100]
[2850 2870 2815 2960 2890 2955 2925 2785] [3385 3310 3330 3110 3285 3105 3130 3230]
[3025 2880 2970 2895 3115 2925 2620 2850] [3555 3080 3195 3140 3215 3155 3235 2935]
[2950 2940 2810 2935 3025 2770 3010 2940] [3095 3420 3390 3220 3150 3210 3205 3225]
[2805 2870 3000 3090 2830 2995 3025 3010] [3225 3125 3035 3215 3185 3365 3205 3330]
[2955 3085 2730 3080 3090 3055 2850 3035] [3215 3555 3275 3235 3215 3180 3335 3425]
[3245 2995 3080 3010 2970 2875 2865 3030] [3520 3260 3520 3520 3370 3315 3375 3420]
COM3 1 41
1
[2870 2800 2815 3020 2845 2875 3055 2780] [3165 3040 3250 3210 3200 3125 3175 3290]
[2620 3015 2750 3025 2880 2805 3025 2755] [3260 3015 3285 3150 3120 3170 3210 2940]
[2850 2870 2815 2960 2890 2955 2925 2785] [3160 3235 3240 3180 3205 3135 3285 3000]
[3025 2880 2970 2895 3115 2925 2620 2850] [3175 3120 3255 3135 3315 3150 3305 3110]
[2950 2940 2810 2935 3025 2770 3010 2940] [3175 3380 3350 3180 3185 3240 3260 3100]
[2805 2870 3000 3090 2830 2995 3025 3010] [3075 3005 3245 3260 3365 3310 3250 3095]
[2955 3085 2730 3080 3090 3055 2850 3035] [3360 3375 3520 3260 3265 3435 3355 3540]
[3245 2995 3080 3010 2970 2875 2865 3030] [3615 3025 3300 3375 3160 3160 3265 3310]
COM7 0 42
1
[3045 2790 2915 2990 2985 2875 2955 2885] [3165 3040 3250 3210 3200 3125 3175 3290]
[3225 3090 2945 3065 2925 2945 2970 2910] [3260 3015 3285 3150 3120 3170 3210 2940]
[2925 3005 2955 3005 3015 3125 3150 3060] [3160 3235 3240 3180 3205 3135 3285 3000]
[3040 2965 3095 2905 3095 3030 3060 3030] [3175 3120 3255 3135 3315 3150 3305 3110]
[3005 3060 3000 3010 2980 3035 3150 3120] [3175 3380 3350 3180 3185 3240 3260 3100]
[3000 2980 3125 2885 2975 3055 3375 2990] [3075 3005 3245 3260 3365 3310 3250 3095]
[3130 3245 3015 3075 2910 3105 2885 3105] [3360 3375 3520 3260 3265 3435 3355 3540]
[3135 2825 3050 2865 3035 2950 3355 3070] [3615 3025 3300 3375 3160 3160 3265 3310]
COM3 1 43
1
[3045 2790 2915 2990 2985 2875 2955 2885] [3685 3610 3865 3755 3505 3505 3570 3510]
[3225 3090 2945 3065 2925 2945 2970 2910] [3680 3705 3605 3590 3485 3675 3535 3475]
[2925 3005 2955 3005 3015 3125 3150 3060] [3680 3655 3450 3570 3620 3485 3475 3630]
[3040 2965 3095 2905 3095 3030 3060 3030] [3855 3700 3755 3655 3640 3430 3470 3510]
[3005 3060 3000 3010 2980 3035 3150 3120] [3820 3630 3610 3715 3505 3545 3295 3535]
[3000 2980 3125 2885 2975 3055 3375 2990] [3810 3770 3630 3600 3570 3740 3695 3500]
[3130 3245 3015 3075 2910 3105 2885 3105] [3875 3890 3800 3495 3515 3625 3675 3755]
[3135 2825 3050 2865 3035 2950 3355 3070] [3695 3945 3750 3660 3505 3395 3515 3750]
COM7 0 44
1
[2905 2950 3055 3145 3015 3005 3040 3140] [3685 3610 3865 3755 3505 3505 3570 3510]
[2985 3095 3065 3020 3010 2955 3200 3120] [3680 3705 3605 3590 3485 3675 3535 3475]
[2900 2875 3150 3000 3065 3110 3005 3085] [3680 3655 3450 3570 3620 3485 3475 3630]
[2905 3210 3205 3000 3130 2955 3070 3105] [3855 3700 3755 3655 3640 3430 3470 3510]
[3220 3005 2970 3080 3070 2940 3130 3125] [3820 3630 3610 3715 3505 3545 3295 3535]
[3160 3265 3125 3085 3000 3090 3055 3070] [3810 3770 3630 3600 3570 3740 3695 3500]
[3090 3110 3035 3190 3050 3215 3000 3085] [3875 3890 3800 3495 3515 3625 3675 3755]
[3255 2995 3115 3120 3110 3125 3355 3175] [3695 3945 3750 3660 3505 3395 3515 3750]
COM3 1 45
1
[2905 2950 3055 3145 3015 3005 3040 3140] [3165 3225 3370 3120 3360 3085 3025 3190]
[2985 3095 3065 3020 3010 2955 3200 3120] [3355 3070 3305 3200 3255 3260 3110 2950]
[2900 2875 3150 3000 3065 3110 3005 3085] [3235 3350 3185 3120 3245 3110 3090 3055]
[2905 3210 3205 3000 3130 2955 3070 3105] [3335 3240 3280 3105 3130 3350 3235 3315]
[3220 3005 2970 3080 3070 2940 3130 3125] [3155 3300 3440 3160 3235 3140 3280 3380]
[3160 3265 3125 3085 3000 3090 3055 3070] [3315 3385 3320 3350 3365 3195 3315 3335]
[3090 3110 3035 3190 3050 3215 3000 3085] [3325 3435 3495 3370 3215 3205 3290 3455]
[3255 2995 3115 3120 3110 3125 3355 3175] [3735 3265 3245 3550 3335 3245 3270 3330]
COM7 0 46
1
[2950 2760 2740 2765 2840 2830 2920 2755] [3165 3225 3370 3120 3360 3085 3025 3190]
[2985 2815 2735 3015 2710 2855 2810 2865] [3355 3070 3305 3200 3255 3260 3110 2950]
[2770 2960 2920 2850 2750 2945 2765 2895] [3235 3350 3185 3120 3245 3110 3090 3055]
[2905 2910 2980 2865 2925 2845 2830 2825] [3335 3240 3280 3105 3130 3350 3235 3315]
[2895 2845 3115 2785 2960 2790 3075 2940] [3155 3300 3440 3160 3235 3140 3280 3380]
[2985 2985 3010 2900 2890 2955 2870 2825] [3315 3385 3320 3350 3365 3195 3315 3335]
[2875 2870 3025 3100 2935 2890 3005 2935] [3325 3435 3495 3370 3215 3205 3290 3455]
[3045 3155 2925 2925 2995 3055 3020 2915] [3735 3265 3245 3550 3335 3245 3270 3330]
COM3 1 47
1
[2950 2760 2740 2765 2840 2830 2920 2755] [3375 3340 3160 3125 3230 2985 2995 3280]
[2985 2815 2735 3015 2710 2855 2810 2865] [3370 3250 3290 3060 3175 3250 3170 3210]
[2770 2960 2920 2850 2750 2945 2765 2895] [3445 3280 3235 3160 3190 3025 3325 3135]
[2905 2910 2980 2865 2925 2845 2830 2825] [3265 3095 3375 3100 3155 3105 3315 3000]
[2895 2845 3115 2785 2960 2790 3075 2940] [3225 3275 3210 3030 3365 3255 3270 3395]
[2985 2985 3010 2900 2890 2955 2870 2825] [3080 3210 3450 3325 3135 3155 3265 3370]
[2875 2870 3025 3100 2935 2890 3005 2935] [3255 3355 3310 3425 3170 2975 3305 2990]
[3045 3155 2925 2925 2995 3055 3020 2915] [3455 3445 3200 3465 3145 3150 3275 3345]
COM7 0 48
1
[2975 3025 2900 2825 2905 2885 3075 2870] [3375 3340 3160 3125 3230 2985 2995 3280]
[2985 3000 2975 3060 2805 2950 3045 2875] [3370 3250 3290 3060 3175 3250 3170 3210]
[2820 3000 2920 3045 2850 2910 2980 2915] [3445 3280 3235 3160 3190 3025 3325 3135]
[3065 3210 2975 2955 3070 3050 2925 3055] [3265 3095 3375 3100 3155 3105 3315 3000]
[3310 3105 2905 2975 3060 3035 3130 3040] [3225 3275 3210 3030 3365 3255 3270 3395]
[2900 3010 3140 3020 3005 3010 3175 2945] [3080 3210 3450 3325 3135 3155 3265 3370]
[2900 3035 3015 3095 3015 3045 3015 3070] [3255 3355 3310 3425 3170 2975 3305 2990]
[3185 3170 3200 3120 3125 3125 3150 3035] [3455 3445 3200 3465 3145 3150 3275 3345]
COM3 1 49
1
[2975 3025 2900 2825 2905 2885 3075 2870] [3295 3240 3415 3185 3160 3110 3170 3230]
[2985 3000 2975 3060 2805 2950 3045 2875] [3210 3220 3240 3220 3040 3165 3110 3105]
[2820 3000 2920 3045 2850 2910 2980 2915] [3330 3260 3175 3255 3305 3095 3185 3280]
[3065 3210 2975 2955 3070 3050 2925 3055] [3440 3160 3295 3400 3080 3125 3190 3170]
[3310 3105 2905 2975 3060 3035 3130 3040] [3380 3405 3370 3200 3275 3290 3250 3340]
[2900 3010 3140 3020 3005 3010 3175 2945] [3070 3035 3175 3270 3085 3230 3300 3305]
[2900 3035 3015 3095 3015 3045 3015 3070] [3230 3565 3485 3325 3440 3120 3240 3365]
[3185 3170 3200 3120 3125 3125 3150 3035] [3555 3285 3220 3275 3270 3340 3355 3205]
COM7 0 50
1
[3045 2985 3145 2880 3010 2895 3150 3140] [3295 3240 3415 3185 3160 3110 3170 3230]
[3245 3245 3110 3025 3105 3100 3165 3145] [3210 3220 3240 3220 3040 3165 3110 3105]
[2950 2975 3160 3105 3110 3055 3050 3005] [3330 3260 3175 3255 3305 3095 3185 3280]
[3075 3125 3090 3150 3045 3155 3000 3155] [3440 3160 3295 3400 3080 3125 3190 3170]
[3230 2995 3245 3080 3340 3180 3310 3225] [3380 3405 3370 3200 3275 3290 3250 3340]
[3275 3020 3195 3140 3105 3215 3305 3015] [3070 3035 3175 3270 3085 3230 3300 3305]
[3175 3335 3120 3165 2925 3140 3025 3240] [3230 3565 3485 3325 3440 3120 3240 3365]
[3275 3395 3125 3325 3200 3255 3340 3215] [3555 3285 3220 3275 3270 3340 3355 3205]
COM3 1 51
1
[3045 2985 3145 2880 3010 2895 3150 3140] [3400 3365 3320 3085 3370 3235 3320 3325]
[3245 3245 3110 3025 3105 3100 3165 3145] [3280 3070 3360 3055 3305 3235 3080 3170]
[2950 2975 3160 3105 3110 3055 3050 3005] [3250 3325 3470 3180 3205 3250 3245 3135]
[3075 3125 3090 3150 3045 3155 3000 3155] [3340 3500 3235 3465 3210 3090 3370 3210]
[3230 2995 3245 3080 3340 3180 3310 3225] [3445 3555 3385 3110 3205 3300 3195 3360]
[3275 3020 3195 3140 3105 3215 3305 3015] [3275 3335 3435 3180 3125 3235 3370 3430]
[3175 3335 3120 3165 2925 3140 3025 3240] [3460 3065 3515 3590 3635 3265 3260 3440]
[3275 3395 3125 3325 3200 3255 3340 3215] [3470 3425 3285 3360 3440 3500 3315 3355]
COM7 0 52
1
[3155 2980 3135 2990 3075 2960 3045 3065] [3400 3365 3320 3085 3370 3235 3320 3325]
[3245 3170 3015 3070 3150 3165 3150 3235] [3280 3070 3360 3055 3305 3235 3080 3170]
[2950 2915 3165 3010 3080 2950 3155 3125] [3250 3325 3470 3180 3205 3250 3245 3135]
[3130 3135 3255 3125 3175 3245 3110 3075] [3340 3500 3235 3465 3210 3090 3370 3210]
[3140 3150 3205 3030 3200 3245 3245 3105] [3445 3555 3385 3110 3205 3300 3195 3360]
[2905 3095 3210 3110 3010 3135 3315 3200] [3275 3335 3435 3180 3125 3235 3370 3430]
[3195 3215 3180 3230 3105 3140 3025 3270] [3460 3065 3515 3590 3635 3265 3260 3440]
[3405 3260 3135 3205 3120 3285 3105 3185] [3470 3425 3285 3360 3440 3500 3315 3355]
COM3 1 53
1
[3155 2980 3135 2990 3075 2960 3045 3065] [3180 3425 3310 3295 3335 3130 3105 3175]
[3245 3170 3015 3070 3150 3165 3150 3235] [3215 3400 3255 3125 3225 3165 3050 3095]
[2950 2915 3165 3010 3080 2950 3155 3125] [3200 3155 3190 3260 3285 3120 3055 3090]
[3130 3135 3255 3125 3175 3245 3110 3075] [3465 3305 3185 3195 3240 2930 3355 3095]
[3140 3150 3205 3030 3200 3245 3245 3105] [3140 3085 3165 3145 3185 3050 3510 3260]
[2905 3095 3210 3110 3010 3135 3315 3200] [3265 3335 3165 3435 3235 3390 3305 3020]
[3195 3215 3180 3230 3105 3140 3025 3270] [3105 3410 3395 3200 3120 3180 3205 3415]
[3405 3260 3135 3205 3120 3285 3105 3185] [3580 3630 3280 3480 3175 3240 3375 3280]
COM7 0 54
1
[3180 3270 3170 3265 3330 3160 3365 3385] [3180 3425 3310 3295 3335 3130 3105 3175]
[3250 3260 3070 3225 3290 3190 3375 3225] [3215 3400 3255 3125 3225 3165 3050 3095]
[3190 3260 3320 3185 3180 3330 3245 3360] [3200 3155 3190 3260 3285 3120 3055 3090]
[3205 3475 3365 3165 3180 3410 3280 3170] [3465 3305 3185 3195 3240 2930 3355 3095]
[3320 3435 3255 3330 3385 3320 3270 3455] [3140 3085 3165 3145 3185 3050 3510 3260]
[3295 3360 3490 3500 3375 3560 3380 3095] [3265 3335 3165 3435 3235 3390 3305 3020]
[3350 3335 3365 3165 3235 3315 3335 3110] [3105 3410 3395 3200 3120 3180 3205 3415]
[3405 3310 3325 3200 3460 3455 3475 3325] [3580 3630 3280 3480 3175 3240 3375 3280]
COM3 1 55
1
[3180 3270 3170 3265 3330 3160 3365 3385] [2980 2840 3020 2795 2800 2895 3155 3005]
[3250 3260 3070 3225 3290 3190 3375 3225] [2915 2925 2955 2770 2745 3040 2910 2940]
[3190 3260 3320 3185 3180 3330 3245 3360] [2885 2990 2850 3025 2810 2950 3090 2950]
[3205 3475 3365 3165 3180 3410 3280 3170] [3035 3100 3020 2930 3080 2865 3165 2860]
[3320 3435 3255 3330 3385 3320 3270 3455] [2905 2965 3080 2725 2935 3070 3090 3095]
[3295 3360 3490 3500 3375 3560 3380 3095] [2805 3035 2940 2990 3025 3065 3025 3020]
[3350 3335 3365 3165 3235 3315 3335 3110] [3085 3345 2890 3075 3165 3100 2960 3060]
[3405 3310 3325 3200 3460 3455 3475 3325] [2950 3000 2820 3240 3005 2930 2955 3265]
COM7 0 56
1
[2970 2875 2945 2940 2975 2935 3020 2930] [2980 2840 3020 2795 2800 2895 3155 3005]
[3025 2985 2955 2945 2990 2975 2990 2965] [2915 2925 2955 2770 2745 3040 2910 2940]
[2825 2975 2995 2885 3000 2980 2885 3120] [2885 2990 2850 3025 2810 2950 3090 2950]
[3100 2945 3080 2790 2965 2935 3015 2865] [3035 3100 3020 2930 3080 2865 3165 2860]
[3055 2965 3195 2965 3080 2990 3235 3040] [2905 2965 3080 2725 2935 3070 3090 3095]
[3080 3005 3105 3210 3065 3040 3100 3010] [2805 3035 2940 2990 3025 3065 3025 3020]
[3035 3035 3010 3060 2965 3085 2840 3070] [3085 3345 2890 3075 3165 3100 2960 3060]
[3270 3015 2985 3075 2945 3105 3110 3045] [2950 3000 2820 3240 3005 2930 2955 3265]
COM3 1 57
1
[2970 2875 2945 2940 2975 2935 3020 2930] [3280 3290 3345 3225 3215 3205 3200 3185]
[3025 2985 2955 2945 2990 2975 2990 2965] [3210 3325 3340 3190 3095 3020 3225 3115]
[2825 2975 2995 2885 3000 2980 2885 3120] [3105 2995 3265 3155 3255 3255 3220 3150]
[3100 2945 3080 2790 2965 2935 3015 2865] [3405 3310 3275 2985 3195 3305 3225 3100]
[3055 2965 3195 2965 3080 2990 3235 3040] [3415 3420 3285 2850 3270 3035 3215 3420]
[3080 3005 3105 3210 3065 3040 3100 3010] [3485 3190 3295 3205 3215 3410 3290 3460]
[3035 3035 3010 3060 2965 3085 2840 3070] [3325 3525 3440 3215 3610 3360 3385 3275]
[3270 3015 2985 3075 2945 3105 3110 3045] [3320 3285 3375 3390 3310 3435 3325 3325]
COM7 0 58
1
[3020 2930 2830 3050 3035 2915 3115 2940] [3280 3290 3345 3225 3215 3205 3200 3185]
[2955 3095 2935 2855 2875 3030 3005 2940] [3210 3325 3340 3190 3095 3020 3225 3115]
[2985 2915 2940 3005 3005 3105 3040 3050] [3105 2995 3265 3155 3255 3255 3220 3150]
[3110 2935 3090 3080 2990 2950 3200 3135] [3405 3310 3275 2985 3195 3305 3225 3100]
[3240 3075 2990 3070 3145 3035 3110 3270] [3415 3420 3285 2850 3270 3035 3215 3420]
[3055 3110 3040 3030 3170 3120 3115 3090] [3485 3190 3295 3205 3215 3410 3290 3460]
[3130 3020 3060 3100 3060 3045 3030 2880] [3325 3525 3440 3215 3610 3360 3385 3275]
[3185 2985 2945 3010 3100 3040 3165 3005] [3320 3285 3375 3390 3310 3435 3325 3325]
COM3 1 59
1
[3020 2930 2830 3050 3035 2915 3115 2940] [3115 3140 3360 3295 3265 3150 3325 3195]
[2955 3095 2935 2855 2875 3030 3005 2940] [3220 3350 3095 3265 3100 3420 3280 3265]
[2985 2915 2940 3005 3005 3105 3040 3050] [3200 3220 3220 3180 3310 3175 3030 3130]
[3110 2935 3090 3080 2990 2950 3200 3135] [3270 3510 3175 3305 3165 3305 3225 3175]
[3240 3075 2990 3070 3145 3035 3110 3270] [3260 3320 3240 3050 3205 3200 3255 3230]
[3055 3110 3040 3030 3170 3120 3115 3090] [3100 3420 3435 3390 3320 3255 3260 3250]
[3130 3020 3060 3100 3060 3045 3030 2880] [3395 3075 3330 3060 3500 3080 3225 3210]
[3185 2985 2945 3010 3100 3040 3165 3005] [3405 3460 3360 3430 3230 3190 3385 3270]
COM7 0 60
1
[3265 3065 3065 3005 3070 3045 3040 3055] [3115 3140 3360 3295 3265 3150 3325 3195]
[3140 3140 3065 3140 2975 3100 3030 3075] [3220 3350 3095 3265 3100 3420 3280 3265]
[2985 2965 3135 3085 2965 3105 3180 3225] [3200 3220 3220 3180 3310 3175 3030 3130]
[3110 3135 3170 2970 3265 3100 3100 3135] [3270 3510 3175 3305 3165 3305 3225 3175]
[3050 3230 3165 3220 3175 3215 3105 3275] [3260 3320 3240 3050 3205 3200 3255 3230]
[2925 3275 3145 3190 3080 3225 3165 3200] [3100 3420 3435 3390 3320 3255 3260 3250]
[3360 3255 2980 3270 3155 3220 3125 3195] [3395 3075 3330 3060 3500 3080 3225 3210]
[3340 3060 3125 3140 3095 3135 3135 2985] [3405 3460 3360 3430 3230 3190 3385 3270]
COM3 1 61
1
[3265 3065 3065 3005 3070 3045 3040 3055] [3280 3175 3305 3135 3265 3095 3155 3295]
[3140 3140 3065 3140 2975 3100 3030 3075] [3285 3070 3335 3125 3095 3205 3135 3005]
[2985 2965 3135 3085 2965 3105 3180 3225] [3210 3255 3095 3145 3310 3280 3180 3155]
[3110 3135 3170 2970 3265 3100 3100 3135] [3210 3260 3420 3240 3195 3160 3235 3190]
[3050 3230 3165 3220 3175 3215 3105 3275] [3290 3255 3310 2970 3155 3080 3205 3265]
[2925 3275 3145 3190 3080 3225 3165 3200] [3015 3495 3120 3115 3135 3195 3265 3390]
[3360 3255 2980 3270 3155 3220 3125 3195] [3260 3375 3310 3235 3005 3310 3125 3250]
[3340 3060 3125 3140 3095 3135 3135 2985] [3470 3490 3360 3505 3475 3145 3260 3430]
COM7 0 62
1
[2935 2815 2715 2905 2780 2605 2895 2690] [3280 3175 3305 3135 3265 3095 3155 3295]
[2810 2895 2625 2875 2900 2715 2805 2775] [3285 3070 3335 3125 3095 3205 3135 3005]
[2670 2810 2810 2850 2760 2920 2835 2945] [3210 3255 3095 3145 3310 3280 3180 3155]
[2860 2770 3005 2780 2965 2775 2720 2835] [3210 3260 3420 3240 3195 3160 3235 3190]
[2850 2900 2960 2915 2905 2745 2785 2930] [3290 3255 3310 2970 3155 3080 3205 3265]
[2750 2775 2745 2910 2870 2790 2935 2815] [3015 3495 3120 3115 3135 3195 3265 3390]
[2950 3045 2730 2890 2915 2895 3015 2750] [3260 3375 3310 3235 3005 3310 3125 3250]
[3100 2880 3125 3155 2935 3000 3110 2870] [3470 3490 3360 3505 3475 3145 3260 3430]
COM3 1 63
1
[2935 2815 2715 2905 2780 2605 2895 2690] [3325 3170 2965 3205 3370 3205 3020 3195]
[2810 2895 2625 2875 2900 2715 2805 2775] [3260 3175 3245 3175 3200 3220 3080 3020]
[2670 2810 2810 2850 2760 2920 2835 2945] [3380 3235 3285 3060 3210 3110 3140 3205]
[2860 2770 3005 2780 2965 2775 2720 2835] [3465 3260 3335 3370 3135 3405 3225 3085]
[2850 2900 2960 2915 2905 2745 2785 2930] [3310 3385 3200 3040 3205 3195 3145 3260]
[2750 2775 2745 2910 2870 2790 2935 2815] [3255 3225 3210 3335 3125 3345 3250 3310]
[2950 3045 2730 2890 2915 2895 3015 2750] [3300 3485 3395 3365 3305 3310 3355 3160]
[3100 2880 3125 3155 2935 3000 3110 2870] [3370 3125 3205 3575 3235 3285 3245 3505]
COM7 0 64
1
[2970 2765 2840 2835 3030 2895 2950 3140] [3325 3170 2965 3205 3370 3205 3020 3195]
[2995 3175 2790 2935 2830 2855 2910 2875] [3260 3175 3245 3175 3200 3220 3080 3020]
[2810 3005 2940 3040 2965 3065 3050 3060] [3380 3235 3285 3060 3210 3110 3140 3205]
[2940 3025 3005 2905 3055 2925 3040 3030] [3465 3260 3335 3370 3135 3405 3225 3085]
[3100 2915 3050 2960 3195 2895 3055 3090] [3310 3385 3200 3040 3205 3195 3145 3260]
[3060 2970 3160 3130 3090 3065 3040 2985] [3255 3225 3210 3335 3125 3345 3250 3310]
[3255 3045 3120 3095 2970 2985 2960 3080] [3300 3485 3395 3365 3305 3310 3355 3160]
[3135 3185 3075 3055 2845 3130 3140 3230] [3370 3125 3205 3575 3235 3285 3245 3505]
COM3 1 65
1
[2970 2765 2840 2835 3030 2895 2950 3140] [2990 3005 3090 3195 2995 3125 3095 3185]
[2995 3175 2790 2935 2830 2855 2910 2875] [3255 3175 3140 3165 3050 3200 3045 3245]
[2810 3005 2940 3040 2965 3065 3050 3060] [3145 3350 3190 3090 3215 3375 3010 3150]
[2940 3025 3005 2905 3055 2925 3040 3030] [3200 3420 3200 3340 3155 3120 3140 3025]
[3100 2915 3050 2960 3195 2895 3055 3090] [3475 3350 3355 3330 3275 3090 3445 3295]
[3060 2970 3160 3130 3090 3065 3040 2985] [3095 3315 3085 3275 3090 3375 3265 3415]
[3255 3045 3120 3095 2970 2985 2960 3080] [3215 3400 3370 3115 3495 3240 3270 3300]
[3135 3185 3075 3055 2845 3130 3140 3230] [3350 3355 3400 3435 3185 3200 3265 3445]