COM3 1 6
1
[3175 2895 2945 2935 2855 2785 3060 2975] [3305 3310 3240 3075 3240 3220 3120 3295]
[3030 3085 2960 3160 2965 3045 3085 2915] [3225 3095 3255 3065 2920 3105 3105 3005]
[3035 2935 3000 2860 2885 3005 3080 3020] [3220 3275 3155 3150 3185 3115 3205 3045]
[3115 3040 3130 3030 3070 3120 2870 3025] [3215 3025 3250 3145 3110 3050 3055 3020]
[3205 2920 3130 3140 3045 3080 3150 3235] [3295 3260 3310 3105 3050 3200 3150 3175]
[3035 3160 3220 3025 3030 3125 3075 2980] [3225 3325 3340 3290 3165 3300 3175 3205]
[3320 3205 2995 3105 3020 3310 2985 3065] [3340 3290 3390 3260 3200 3125 3235 3235]
[3255 3185 3220 3020 3200 3145 3335 3100] [3510 3300 3205 3360 3200 3135 3330 3205]
COM7 0 7
1
[3010 2995 3010 3025 2935 2945 3135 2875] [3305 3310 3240 3075 3240 3220 3120 3295]
[3135 3005 2790 3105 3025 3030 2990 3035] [3225 3095 3255 3065 2920 3105 3105 3005]
[2950 2970 3075 3015 3080 2930 3045 3005] [3220 3275 3155 3150 3185 3115 3205 3045]
[3140 3025 3110 2980 3070 2960 2925 2955] [3215 3025 3250 3145 3110 3050 3055 3020]
[3145 3035 3210 3125 3075 3045 3195 2960] [3295 3260 3310 3105 3050 3200 3150 3175]
[3035 2895 3035 3035 3020 3130 3195 3000] [3225 3325 3340 3290 3165 3300 3175 3205]
[2865 3270 2975 3265 3115 3080 3065 3210] [3340 3290 3390 3260 3200 3125 3235 3235]
[3285 2830 3140 3255 2915 3045 3165 3095] [3510 3300 3205 3360 3200 3135 3330 3205]
COM3 1 8
1
[3010 2995 3010 3025 2935 2945 3135 2875] [3095 3040 2990 3070 3035 3055 3170 3145]
[3135 3005 2790 3105 3025 3030 2990 3035] [3155 3135 3155 3095 3030 3185 3080 2950]
[2950 2970 3075 3015 3080 2930 3045 3005] [3275 3155 3165 3030 3310 3055 3135 2980]
[3140 3025 3110 2980 3070 2960 2925 2955] [3170 3095 3125 3045 3125 3015 3195 3035]
[3145 3035 3210 3125 3075 3045 3195 2960] [3265 3120 3240 3050 3090 3160 2975 3105]
[3035 2895 3035 3035 3020 3130 3195 3000] [3180 3260 3205 3290 3185 3090 3235 3115]
[2865 3270 2975 3265 3115 3080 3065 3210] [3215 3140 3350 3200 3175 3185 3115 3320]
[3285 2830 3140 3255 2915 3045 3165 3095] [3040 3130 3370 3255 3250 3005 3495 3095]
COM7 0 9
1
[3065 2930 2960 2990 2930 2990 3055 3115] [3095 3040 2990 3070 3035 3055 3170 3145]
[3110 3065 3035 3000 3025 2930 3005 3045] [3155 3135 3155 3095 3030 3185 3080 2950]
[2955 2980 3010 3075 2950 3055 3145 3100] [3275 3155 3165 3030 3310 3055 3135 2980]
[3170 3095 3110 3025 3085 3100 3160 3030] [3170 3095 3125 3045 3125 3015 3195 3035]
[3205 3150 3090 3025 3205 3075 3025 3370] [3265 3120 3240 3050 3090 3160 2975 3105]
[2970 3235 3010 3150 3090 3265 3180 2935] [3180 3260 3205 3290 3185 3090 3235 3115]
[3205 3185 3135 3275 3115 3100 2955 3340] [3215 3140 3350 3200 3175 3185 3115 3320]
[3340 3160 3105 3165 3200 3145 3360 3210] [3040 3130 3370 3255 3250 3005 3495 3095]
COM3 1 10
1
[3065 2930 2960 2990 2930 2990 3055 3115] [3145 3125 3195 3040 3025 3125 3100 3195]
[3110 3065 3035 3000 3025 2930 3005 3045] [3050 3105 3105 3100 3075 3190 3045 3115]
[2955 2980 3010 3075 2950 3055 3145 3100] [3065 3040 3235 3135 3190 2955 3065 2990]
[3170 3095 3110 3025 3085 3100 3160 3030] [3190 3040 3225 3095 3095 3105 3165 3175]
[3205 3150 3090 3025 3205 3075 3025 3370] [3245 3185 3110 3000 3135 3250 3145 3190]
[2970 3235 3010 3150 3090 3265 3180 2935] [3090 3165 3205 3225 3025 3090 3205 3200]
[3205 3185 3135 3275 3115 3100 2955 3340] [3325 3465 3325 3270 3125 3150 3165 3175]
[3340 3160 3105 3165 3200 3145 3360 3210] [3250 3285 3340 3450 3165 3100 3245 3240]
COM7 0 11
1
[3045 2935 2985 3155 3110 3055 3015 3000] [3145 3125 3195 3040 3025 3125 3100 3195]
[3120 3140 3020 3145 3110 3130 3035 2900] [3050 3105 3105 3100 3075 3190 3045 3115]
[3060 2960 3165 3025 2940 3065 3050 2990] [3065 3040 3235 3135 3190 2955 3065 2990]
[3005 3130 3110 2835 3120 3075 3055 2875] [3190 3040 3225 3095 3095 3105 3165 3175]
[3200 3005 3120 3150 3145 2960 3045 3210] [3245 3185 3110 3000 3135 3250 3145 3190]
[3070 3190 3220 3115 2855 3160 3275 2990] [3090 3165 3205 3225 3025 3090 3205 3200]
[3100 2990 3060 3210 3035 3135 3170 3125] [3325 3465 3325 3270 3125 3150 3165 3175]
[3240 2970 3230 3300 3130 3145 3190 3035] [3250 3285 3340 3450 3165 3100 3245 3240]
COM3 1 12
1
[3045 2935 2985 3155 3110 3055 3015 3000] [3055 3070 3015 3040 2990 3020 2985 3190]
[3120 3140 3020 3145 3110 3130 3035 2900] [2965 3090 3170 2925 3040 3135 2975 3140]
[3060 2960 3165 3025 2940 3065 3050 2990] [3140 3125 3315 3075 3185 3095 3040 3060]
[3005 3130 3110 2835 3120 3075 3055 2875] [3230 3235 3145 3000 3185 3135 3045 3105]
[3200 3005 3120 3150 3145 2960 3045 3210] [3230 3195 3170 2955 3080 3290 3230 3080]
[3070 3190 3220 3115 2855 3160 3275 2990] [3035 3200 3100 3260 3030 3185 3240 3165]
[3100 2990 3060 3210 3035 3135 3170 3125] [3265 3295 3305 3130 3175 3155 3100 3180]
[3240 2970 3230 3300 3130 3145 3190 3035] [3160 3315 3270 3320 3295 3195 3115 3200]
COM7 0 13
1
[3140 2845 2945 2745 2905 2945 3025 2950] [3055 3070 3015 3040 2990 3020 2985 3190]
[3075 3085 3015 3000 3015 3135 2985 3045] [2965 3090 3170 2925 3040 3135 2975 3140]
[2955 3125 3165 3075 3040 3065 3040 2830] [3140 3125 3315 3075 3185 3095 3040 3060]
[3075 3050 3135 2985 3025 3045 2915 3080] [3230 3235 3145 3000 3185 3135 3045 3105]
[3125 3005 3095 3040 3075 3045 3075 3075] [3230 3195 3170 2955 3080 3290 3230 3080]
[2995 3215 3115 3030 2915 3005 3175 2995] [3035 3200 3100 3260 3030 3185 3240 3165]
[3195 3330 3090 3115 3010 3055 3160 3240] [3265 3295 3305 3130 3175 3155 3100 3180]
[3135 3085 3275 3415 3065 3065 3200 3205] [3160 3315 3270 3320 3295 3195 3115 3200]
COM3 1 14
1
[3140 2845 2945 2745 2905 2945 3025 2950] [3275 3165 3220 3185 3230 3075 3175 3290]
[3075 3085 3015 3000 3015 3135 2985 3045] [3170 3285 3175 3245 3165 3305 3110 3085]
[2955 3125 3165 3075 3040 3065 3040 2830] [3190 3305 3325 3135 3225 3100 3195 3085]
[3075 3050 3135 2985 3025 3045 2915 3080] [3405 3300 3245 3170 3215 3135 3220 3145]
[3125 3005 3095 3040 3075 3045 3075 3075] [3230 3230 3240 3180 3170 3215 3350 3240]
[2995 3215 3115 3030 2915 3005 3175 2995] [3095 3235 3320 3275 3135 3175 3240 3250]
[3195 3330 3090 3115 3010 3055 3160 3240] [3290 3410 3540 3310 3275 3285 3190 3410]
[3135 3085 3275 3415 3065 3065 3200 3205] [3405 3395 3285 3435 3110 3280 3275 3350]
COM7 0 15
1
[2805 2760 2845 2995 3060 3020 3155 3095] [3275 3165 3220 3185 3230 3075 3175 3290]
[2975 3085 3050 3125 2970 2850 3070 2990] [3170 3285 3175 3245 3165 3305 3110 3085]
[2940 3100 2975 2985 2845 3060 3015 3035] [3190 3305 3325 3135 3225 3100 3195 3085]
[2945 3060 2995 2905 3135 3090 2970 2835] [3405 3300 3245 3170 3215 3135 3220 3145]
[2980 3020 3100 3075 3115 3095 3195 3100] [3230 3230 3240 3180 3170 3215 3350 3240]
[3095 3210 3140 3125 2920 2995 3285 3005] [3095 3235 3320 3275 3135 3175 3240 3250]
[3200 3225 3290 2920 3185 3315 3050 3000] [3290 3410 3540 3310 3275 3285 3190 3410]
[3195 3200 3225 3240 3100 3075 3215 3000] [3405 3395 3285 3435 3110 3280 3275 3350]
COM3 1 16
1
[2805 2760 2845 2995 3060 3020 3155 3095] [3085 3255 3210 3225 3080 3145 3040 3225]
[2975 3085 3050 3125 2970 2850 3070 2990] [3335 3095 3220 3090 3140 3200 3060 3035]
[2940 3100 2975 2985 2845 3060 3015 3035] [3145 3240 3160 3205 3305 3150 3125 3010]
[2945 3060 2995 2905 3135 3090 2970 2835] [3240 3220 3335 3120 3175 3150 3195 3095]
[2980 3020 3100 3075 3115 3095 3195 3100] [3305 3295 3105 3010 3170 3310 3270 3190]
[3095 3210 3140 3125 2920 2995 3285 3005] [3165 3290 3155 3275 3210 3240 3290 3145]
[3200 3225 3290 2920 3185 3315 3050 3000] [3365 3370 3315 3130 3085 3225 3360 3205]
[3195 3200 3225 3240 3100 3075 3215 3000] [3350 3380 3270 3370 3085 3240 3225 3315]
COM7 0 17
1
[2965 2915 2845 3035 2945 2955 2965 3035] [3085 3255 3210 3225 3080 3145 3040 3225]
[3250 2970 2980 3095 2935 3090 3055 3080] [3335 3095 3220 3090 3140 3200 3060 3035]
[3035 3025 3000 3090 2935 2915 3015 2810] [3145 3240 3160 3205 3305 3150 3125 3010]
[2890 2970 3170 3070 3080 3090 2960 2945] [3240 3220 3335 3120 3175 3150 3195 3095]
[3240 3075 3155 3150 3065 3060 3135 3125] [3305 3295 3105 3010 3170 3310 3270 3190]
[3065 3100 3265 3070 2950 3085 3230 3105] [3165 3290 3155 3275 3210 3240 3290 3145]
[3315 3150 3185 3190 3025 2945 2895 2890] [3365 3370 3315 3130 3085 3225 3360 3205]
[3420 3205 3115 2870 3125 3030 3135 2985] [3350 3380 3270 3370 3085 3240 3225 3315]
COM3 1 18
1
[2965 2915 2845 3035 2945 2955 2965 3035] [3200 3055 3310 3200 3230 3230 3240 3295]
[3250 2970 2980 3095 2935 3090 3055 3080] [3240 3235 3225 3085 3140 3195 3220 3145]
[3035 3025 3000 3090 2935 2915 3015 2810] [3300 3235 3310 3230 3340 3105 3180 3080]
[2890 2970 3170 3070 3080 3090 2960 2945] [3330 3230 3305 3270 3185 3105 3345 3105]
[3240 3075 3155 3150 3065 3060 3135 3125] [3350 3400 3265 3045 3235 3230 3395 3140]
[3065 3100 3265 3070 2950 3085 3230 3105] [3260 3315 3255 3235 3275 3145 3165 3295]
[3315 3150 3185 3190 3025 2945 2895 2890] [3395 3465 3315 3120 3270 3275 3305 3305]
[3420 3205 3115 2870 3125 3030 3135 2985] [3135 3350 3425 3385 3260 3245 3165 3370]
COM7 0 19
1
[2970 2980 3085 2965 2980 2910 3055 3110] [3200 3055 3310 3200 3230 3230 3240 3295]
[3100 3135 3050 3055 3050 2950 3030 3020] [3240 3235 3225 3085 3140 3195 3220 3145]
[2875 2960 3115 3080 3050 3055 3070 3145] [3300 3235 3310 3230 3340 3105 3180 3080]
[3075 3050 3225 3080 3025 3125 3010 3100] [3330 3230 3305 3270 3185 3105 3345 3105]
[3075 3120 3255 3235 3080 3095 3185 3170] [3350 3400 3265 3045 3235 3230 3395 3140]
[3040 3160 3200 3130 2995 2970 3205 3155] [3260 3315 3255 3235 3275 3145 3165 3295]
[3200 2945 3285 3105 3025 3300 3160 3125] [3395 3465 3315 3120 3270 3275 3305 3305]
[3050 2825 3135 3145 3225 3145 3225 3075] [3135 3350 3425 3385 3260 3245 3165 3370]
COM3 1 20
1
[2970 2980 3085 2965 2980 2910 3055 3110] [3370 3330 3130 3225 3110 3020 3155 3245]
[3100 3135 3050 3055 3050 2950 3030 3020] [3155 3215 3295 3145 3185 3305 3100 3160]
[2875 2960 3115 3080 3050 3055 3070 3145] [3145 3335 3225 3155 3310 3175 3240 3150]
[3075 3050 3225 3080 3025 3125 3010 3100] [3330 3080 3250 3180 3085 3210 3165 3230]
[3075 3120 3255 3235 3080 3095 3185 3170] [3315 3420 3190 3180 3235 3220 3205 3235]
[3040 3160 3200 3130 2995 2970 3205 3155] [3195 3335 3190 3340 3220 3175 3170 3280]
[3200 2945 3285 3105 3025 3300 3160 3125] [3455 3480 3350 3235 3290 3235 3250 3340]
[3050 2825 3135 3145 3225 3145 3225 3075] [3510 3385 3535 3470 3225 3205 3420 3100]
COM7 0 21
1
[3115 2895 2905 3060 3045 2975 3075 3005] [3370 3330 3130 3225 3110 3020 3155 3245]
[3075 3235 2795 3135 3045 3035 3080 3075] [3155 3215 3295 3145 3185 3305 3100 3160]
[2810 3000 3070 3030 3065 3075 3005 2965] [3145 3335 3225 3155 3310 3175 3240 3150]
[3075 3035 3200 3110 3020 3170 2950 3025] [3330 3080 3250 3180 3085 3210 3165 3230]
[3150 3155 3060 2950 3115 3005 3195 3185] [3315 3420 3190 3180 3235 3220 3205 3235]
[3260 3150 3125 3235 3015 3125 3285 3070] [3195 3335 3190 3340 3220 3175 3170 3280]
[3265 3020 3070 3105 3005 3145 3065 2985] [3455 3480 3350 3235 3290 3235 3250 3340]
[3285 3070 3065 3075 3270 3095 3130 3215] [3510 3385 3535 3470 3225 3205 3420 3100]
COM3 1 22
1
[3115 2895 2905 3060 3045 2975 3075 3005] [3235 3190 3085 3050 3325 3230 3115 3200]
[3075 3235 2795 3135 3045 3035 3080 3075] [3150 3175 3195 3135 3005 3170 3195 3135]
[2810 3000 3070 3030 3065 3075 3005 2965] [3265 3205 3235 3105 3155 3165 3080 3060]
[3075 3035 3200 3110 3020 3170 2950 3025] [3305 3170 3445 3135 3100 3035 3135 3035]
[3150 3155 3060 2950 3115 3005 3195 3185] [3165 3405 3225 3060 3155 3000 3210 3185]
[3260 3150 3125 3235 3015 3125 3285 3070] [3160 3240 3275 3340 3105 3275 3195 3090]
[3265 3020 3070 3105 3005 3145 3065 2985] [3170 3295 3345 3190 3370 3235 3260 3315]
[3285 3070 3065 3075 3270 3095 3130 3215] [3320 3425 3295 3390 3190 3220 3375 3345]
COM7 0 23
1
[2960 2985 3090 3025 3065 3025 3135 3110] [3235 3190 3085 3050 3325 3230 3115 3200]
[3165 3010 3020 3105 3155 3130 3170 3275] [3150 3175 3195 3135 3005 3170 3195 3135]
[3050 3010 3190 3025 3080 3090 3185 3085] [3265 3205 3235 3105 3155 3165 3080 3060]
[2965 3150 3110 3080 3275 3090 3060 3070] [3305 3170 3445 3135 3100 3035 3135 3035]
[3125 3185 3145 3180 3305 3060 3245 3210] [3165 3405 3225 3060 3155 3000 3210 3185]
[3170 3175 3085 3105 3000 3095 3225 3120] [3160 3240 3275 3340 3105 3275 3195 3090]
[3095 3215 3185 3250 3100 3255 3300 3180] [3170 3295 3345 3190 3370 3235 3260 3315]
[3285 3150 3245 3215 3240 3105 3130 3235] [3320 3425 3295 3390 3190 3220 3375 3345]
COM3 1 24
1
[2960 2985 3090 3025 3065 3025 3135 3110] [3075 3200 3170 3060 3100 3205 3125 3160]
[3165 3010 3020 3105 3155 3130 3170 3275] [3090 3190 3210 3075 3215 3100 3020 3100]
[3050 3010 3190 3025 3080 3090 3185 3085] [3235 3265 3200 2975 3180 3215 3060 3095]
[2965 3150 3110 3080 3275 3090 3060 3070] [3260 3080 3300 3215 3250 3085 3255 3140]
[3125 3185 3145 3180 3305 3060 3245 3210] [3185 3250 3310 3115 3195 3135 3180 3215]
[3170 3175 3085 3105 3000 3095 3225 3120] [3050 3335 3280 3220 3145 3195 3240 3225]
[3095 3215 3185 3250 3100 3255 3300 3180] [3255 3310 3345 3250 3245 3310 3270 3400]
[3285 3150 3245 3215 3240 3105 3130 3235] [3385 3430 3400 3360 3200 3165 3275 3355]
COM7 0 25
1
[3035 2950 3010 3010 2945 2900 2975 3100] [3075 3200 3170 3060 3100 3205 3125 3160]
[3085 3105 3035 2975 3095 3130 2890 2940] [3090 3190 3210 3075 3215 3100 3020 3100]
[2890 3020 3110 2960 2940 3050 3010 3005] [3235 3265 3200 2975 3180 3215 3060 3095]
[2830 3105 3035 3020 3070 3100 2985 3070] [3260 3080 3300 3215 3250 3085 3255 3140]
[3060 3110 3200 3035 3185 3095 3105 3120] [3185 3250 3310 3115 3195 3135 3180 3215]
[3180 3210 3220 3200 3090 3065 3220 2915] [3050 3335 3280 3220 3145 3195 3240 3225]
[3200 3185 2895 3170 2915 3105 3150 3125] [3255 3310 3345 3250 3245 3310 3270 3400]
[3140 2940 3300 3205 2970 3095 3195 3050] [3385 3430 3400 3360 3200 3165 3275 3355]
COM3 1 26
1
[3035 2950 3010 3010 2945 2900 2975 3100] [2995 3080 3070 3035 3080 3100 3040 3130]
[3085 3105 3035 2975 3095 3130 2890 2940] [2990 3045 3135 3040 2955 3205 2995 2990]
[2890 3020 3110 2960 2940 3050 3010 3005] [3060 3205 3180 3145 3245 3015 3085 3135]
[2830 3105 3035 3020 3070 3100 2985 3070] [3170 3050 3160 3110 3040 3160 2925 2985]
[3060 3110 3200 3035 3185 3095 3105 3120] [3200 3045 3075 3070 3090 3275 3230 3100]
[3180 3210 3220 3200 3090 3065 3220 2915] [3140 3100 3140 3160 3275 3180 3285 3295]
[3200 3185 2895 3170 2915 3105 3150 3125] [3030 3300 3275 3110 3155 3025 3145 3250]
[3140 2940 3300 3205 2970 3095 3195 3050] [3295 3170 3110 3310 3130 2980 3310 3300]
COM7 0 27
1
[2940 3040 2895 2850 3075 2990 3110 3045] [2995 3080 3070 3035 3080 3100 3040 3130]
[3260 3125 3145 3075 3030 3010 3150 3170] [2990 3045 3135 3040 2955 3205 2995 2990]
[2890 3065 3140 2920 3055 2945 3015 3000] [3060 3205 3180 3145 3245 3015 3085 3135]
[3105 3065 3085 3035 3055 3105 3235 2960] [3170 3050 3160 3110 3040 3160 2925 2985]
[3250 3075 3290 3070 3175 3010 3200 3320] [3200 3045 3075 3070 3090 3275 3230 3100]
[3325 3000 3225 3120 2780 3080 3200 3125] [3140 3100 3140 3160 3275 3180 3285 3295]
[3150 3200 3250 3335 3115 2925 3075 3050] [3030 3300 3275 3110 3155 3025 3145 3250]
[3340 3085 3230 3075 2975 3145 3370 3325] [3295 3170 3110 3310 3130 2980 3310 3300]
COM3 1 28
1
[2940 3040 2895 2850 3075 2990 3110 3045] [3180 3170 3270 3170 2970 3035 3120 3220]
[3260 3125 3145 3075 3030 3010 3150 3170] [3095 3255 3150 3040 3080 3155 2985 2930]
[2890 3065 3140 2920 3055 2945 3015 3000] [3285 3265 3065 3160 3135 3055 3025 3125]
[3105 3065 3085 3035 3055 3105 3235 2960] [3235 3025 3245 3110 3090 3015 3075 3115]
[3250 3075 3290 3070 3175 3010 3200 3320] [3240 3115 3220 3045 3110 3255 3260 3320]
[3325 3000 3225 3120 2780 3080 3200 3125] [3150 3200 3120 3210 3125 3255 3235 3190]
[3150 3200 3250 3335 3115 2925 3075 3050] [3230 3355 3220 3250 3295 3150 3190 3370]
[3340 3085 3230 3075 2975 3145 3370 3325] [3350 3265 3250 3375 3255 3195 3270 3355]
COM7 0 29
1
[3035 2895 2940 3065 2955 2890 3025 3105] [3180 3170 3270 3170 2970 3035 3120 3220]
[3160 3095 3015 2960 2990 3010 2925 2890] [3095 3255 3150 3040 3080 3155 2985 2930]
[2925 3000 3025 2955 2800 3070 3055 3060] [3285 3265 3065 3160 3135 3055 3025 3125]
[2925 3060 3130 3070 3070 3180 3035 3055] [3235 3025 3245 3110 3090 3015 3075 3115]
[3145 2925 3105 3060 3305 3095 3195 3145] [3240 3115 3220 3045 3110 3255 3260 3320]
[3300 3420 3035 3115 3010 3255 3130 3105] [3150 3200 3120 3210 3125 3255 3235 3190]
[3200 2990 3150 3190 2995 3070 3070 3030] [3230 3355 3220 3250 3295 3150 3190 3370]
[3335 2900 2940 3120 2920 2865 3125 3055] [3350 3265 3250 3375 3255 3195 3270 3355]
COM3 1 30
1
[3035 2895 2940 3065 2955 2890 3025 3105] [3135 2990 3160 2975 3130 3060 3160 3165]
[3160 3095 3015 2960 2990 3010 2925 2890] [3070 3020 2995 2910 2920 3140 2915 2955]
[2925 3000 3025 2955 2800 3070 3055 3060] [3175 3050 3120 3060 3125 2965 3020 3000]
[2925 3060 3130 3070 3070 3180 3035 3055] [3040 3070 3205 3045 3070 3025 3015 2980]
[3145 2925 3105 3060 3305 3095 3195 3145] [3205 2975 3165 2900 3025 3045 3110 3100]
[3300 3420 3035 3115 3010 3255 3130 3105] [3190 3175 3115 3120 3100 3255 3150 3150]
[3200 2990 3150 3190 2995 3070 3070 3030] [3065 3195 3190 3205 3065 3090 3030 3190]
[3335 2900 2940 3120 2920 2865 3125 3055] [3250 3375 3225 3120 3095 3215 3150 3100]
COM7 0 31
1
[3030 3030 3005 3060 3000 3010 3080 2950] [3135 2990 3160 2975 3130 3060 3160 3165]
[3035 3170 2980 3085 2995 3025 3165 3145] [3070 3020 2995 2910 2920 3140 2915 2955]
[2945 3030 3040 3015 2895 3120 3050 3020] [3175 3050 3120 3060 3125 2965 3020 3000]
[2890 3055 3200 2810 3050 3025 2955 3150] [3040 3070 3205 3045 3070 3025 3015 2980]
[3135 3150 3130 3065 3205 3100 3275 3170] [3205 2975 3165 2900 3025 3045 3110 3100]
[3085 3335 3225 3120 3085 3085 3110 2890] [3190 3175 3115 3120 3100 3255 3150 3150]
[3205 3115 3125 3110 3115 3090 3175 3265] [3065 3195 3190 3205 3065 3090 3030 3190]
[3275 3085 3140 3165 3035 3045 3225 3280] [3250 3375 3225 3120 3095 3215 3150 3100]
COM3 1 32
1
[3030 3030 3005 3060 3000 3010 3080 2950] [3185 3140 3075 3105 3125 3015 3040 3195]
[3035 3170 2980 3085 2995 3025 3165 3145] [3140 3100 3170 3000 3100 3140 3125 2920]
[2945 3030 3040 3015 2895 3120 3050 3020] [3235 3230 3160 3120 3130 3160 3045 3005]
[2890 3055 3200 2810 3050 3025 2955 3150] [3105 3050 3100 3125 3150 3215 3105 3060]
[3135 3150 3130 3065 3205 3100 3275 3170] [3185 3160 3235 3115 3060 3140 3120 3205]
[3085 3335 3225 3120 3085 3085 3110 2890] [3070 3295 3220 3155 3085 3220 3280 3125]
[3205 3115 3125 3110 3115 3090 3175 3265] [3215 3390 3055 3115 3065 3175 3135 3250]
[3275 3085 3140 3165 3035 3045 3225 3280] [3215 3175 3160 3285 3190 3140 3295 3300]
COM7 0 33
1
[3045 2895 2950 3125 3025 2945 3145 2935] [3185 3140 3075 3105 3125 3015 3040 3195]
[3125 3110 3000 3075 2955 2975 3020 3165] [3140 3100 3170 3000 3100 3140 3125 2920]
[2955 3000 3075 3085 3035 3070 3100 2995] [3235 3230 3160 3120 3130 3160 3045 3005]
[3015 3030 3145 2910 3055 3070 2950 3095] [3105 3050 3100 3125 3150 3215 3105 3060]
[3255 3050 2995 2925 3190 3045 3245 3290] [3185 3160 3235 3115 3060 3140 3120 3205]
[3010 2970 3200 3285 3030 3160 3305 3105] [3070 3295 3220 3155 3085 3220 3280 3125]
[3170 3335 3105 3010 3010 3100 2995 3100] [3215 3390 3055 3115 3065 3175 3135 3250]
[3355 3005 3135 3120 3030 3210 3410 3260] [3215 3175 3160 3285 3190 3140 3295 3300]
COM3 1 34
1
[3045 2895 2950 3125 3025 2945 3145 2935] [3065 3150 3070 3075 3175 3125 3105 3210]
[3125 3110 3000 3075 2955 2975 3020 3165] [3090 3175 3205 3205 3105 3135 2985 2990]
[2955 3000 3075 3085 3035 3070 3100 2995] [3145 3070 3295 3090 3225 3065 3065 3070]
[3015 3030 3145 2910 3055 3070 2950 3095] [3130 3150 3200 3140 3040 2980 3105 3095]
[3255 3050 2995 2925 3190 3045 3245 3290] [3185 3250 3010 3030 3130 3180 3255 3100]
[3010 2970 3200 3285 3030 3160 3305 3105] [3160 3165 3215 3210 3150 3210 3300 3175]
[3170 3335 3105 3010 3010 3100 2995 3100] [3275 3215 3410 3235 3195 3235 3045 3205]
[3355 3005 3135 3120 3030 3210 3410 3260] [3375 3335 3230 3240 3140 3150 3205 3330]
COM7 0 35
1
[2960 2735 3040 2965 3000 2970 3080 3065] [3065 3150 3070 3075 3175 3125 3105 3210]
[2940 3160 2985 3000 2995 3135 3110 2895] [3090 3175 3205 3205 3105 3135 2985 2990]
[2945 2895 3090 2925 3190 3045 2945 2970] [3145 3070 3295 3090 3225 3065 3065 3070]
[3035 3155 3045 2980 3145 2980 3035 3045] [3130 3150 3200 3140 3040 2980 3105 3095]
[3040 3160 3125 3040 3125 3100 3175 3115] [3185 3250 3010 3030 3130 3180 3255 3100]
[2905 3130 3340 3045 2995 3035 3160 3140] [3160 3165 3215 3210 3150 3210 3300 3175]
[3030 3265 3195 3170 3105 3135 3240 3130] [3275 3215 3410 3235 3195 3235 3045 3205]
[3275 3255 3140 3170 3105 3025 3225 3080] [3375 3335 3230 3240 3140 3150 3205 3330]
COM3 1 36
1
[2960 2735 3040 2965 3000 2970 3080 3065] [3205 3120 3240 3205 3235 3135 3120 3135]
[2940 3160 2985 3000 2995 3135 3110 2895] [3260 3225 3165 3095 3095 3185 3130 3070]
[2945 2895 3090 2925 3190 3045 2945 2970] [3060 3310 3220 3065 3205 3200 3110 3175]
[3035 3155 3045 2980 3145 2980 3035 3045] [3195 3245 3260 3150 3165 3255 3145 3200]
[3040 3160 3125 3040 3125 3100 3175 3115] [3310 3205 3150 3050 3150 3225 3255 3225]
[2905 3130 3340 3045 2995 3035 3160 3140] [3010 3215 3265 3210 3030 3090 3335 3170]
[3030 3265 3195 3170 3105 3135 3240 3130] [3215 3300 3375 3190 3295 3145 3300 3280]
[3275 3255 3140 3170 3105 3025 3225 3080] [3255 3155 3365 3255 3225 3170 3205 3125]
COM7 0 37
1
[2960 3030 2970 2910 3060 2855 2930 3085] [3205 3120 3240 3205 3235 3135 3120 3135]
[3135 3180 3030 3050 2965 2860 3020 2950] [3260 3225 3165 3095 3095 3185 3130 3070]
[2780 3025 3105 2875 3025 2850 3065 3005] [3060 3310 3220 3065 3205 3200 3110 3175]
[3110 3015 3315 2960 2935 3090 2895 3115] [3195 3245 3260 3150 3165 3255 3145 3200]
[3145 3050 3115 3035 3210 3070 3110 3150] [3310 3205 3150 3050 3150 3225 3255 3225]
[3010 2775 3035 3145 3010 3150 2970 2965] [3010 3215 3265 3210 3030 3090 3335 3170]
[2905 3200 3105 3050 2985 3050 2980 3055] [3215 3300 3375 3190 3295 3145 3300 3280]
[3305 3240 3100 2980 2995 3030 3130 3180] [3255 3155 3365 3255 3225 3170 3205 3125]
COM3 1 38
1
[2960 3030 2970 2910 3060 2855 2930 3085] [3220 3250 3350 3290 3210 3215 3145 3175]
[3135 3180 3030 3050 2965 2860 3020 2950] [3165 3110 3285 3100 3200 3260 3210 3110]
[2780 3025 3105 2875 3025 2850 3065 3005] [3270 3285 3310 3245 3255 3065 3235 3095]
[3110 3015 3315 2960 2935 3090 2895 3115] [3280 2980 3315 3205 3180 3085 3065 3110]
[3145 3050 3115 3035 3210 3070 3110 3150] [3255 3310 3395 3180 3150 3155 3210 3240]
[3010 2775 3035 3145 3010 3150 2970 2965] [3225 3295 3160 3270 3230 3200 3270 3330]
[2905 3200 3105 3050 2985 3050 2980 3055] [3290 3455 3320 3365 3305 3190 3175 3390]
[3305 3240 3100 2980 2995 3030 3130 3180] [3385 3345 3370 3380 3325 3295 3195 3305]
COM7 0 39
1
[2900 2970 2985 3125 2995 2935 2980 3060] [3220 3250 3350 3290 3210 3215 3145 3175]
[3050 3150 2935 3150 2995 2950 3055 2990] [3165 3110 3285 3100 3200 3260 3210 3110]
[2900 2790 3010 2905 2815 3015 2890 3010] [3270 3285 3310 3245 3255 3065 3235 3095]
[3045 2965 3170 3065 3090 2900 3130 2880] [3280 2980 3315 3205 3180 3085 3065 3110]
[3215 2880 2945 2905 3170 3010 3110 3190] [3255 3310 3395 3180 3150 3155 3210 3240]
[3010 2995 3085 2995 2945 2995 3145 3010] [3225 3295 3160 3270 3230 3200 3270 3330]
[3200 3120 3065 3100 3035 3065 3010 3115] [3290 3455 3320 3365 3305 3190 3175 3390]
[3205 3040 3105 3025 3110 2940 3320 3225] [3385 3345 3370 3380 3325 3295 3195 3305]
COM3 1 40
1
[2900 2970 2985 3125 2995 2935 2980 3060] [3245 3050 3250 3070 3295 3015 3100 3140]
[3050 3150 2935 3150 2995 2950 3055 2990] [3235 3225 3095 2980 3035 3110 2980 3135]
[2900 2790 3010 2905 2815 3015 2890 3010] [3260 3110 3125 3120 3225 2965 3065 3010]
[3045 2965 3170 3065 3090 2900 3130 2880] [3130 3120 3130 3185 3195 3045 3065 3110]
[3215 2880 2945 2905 3170 3010 3110 3190] [3325 3430 3280 3065 3065 3115 3255 3140]
[3010 2995 3085 2995 2945 2995 3145 3010] [3125 3090 3305 3295 3170 3225 3205 3245]
[3200 3120 3065 3100 3035 3065 3010 3115] [3110 3255 3040 3295 3140 3130 3345 3230]
[3205 3040 3105 3025 3110 2940 3320 3225] [3415 3340 3295 3345 3245 3195 3270 3195]
COM7 0 41
1
[2975 2880 2975 2990 2870 2840 3020 2830] [3245 3050 3250 3070 3295 3015 3100 3140]
[3120 2775 2905 3060 2840 3015 2815 3055] [3235 3225 3095 2980 3035 3110 2980 3135]
[2850 3075 2990 2910 2960 2905 2985 2970] [3260 3110 3125 3120 3225 2965 3065 3010]
[3105 3120 3145 3030 3130 2975 2945 2885] [3130 3120 3130 3185 3195 3045 3065 3110]
[3150 2990 3135 3080 2975 2950 3125 3030] [3325 3430 3280 3065 3065 3115 3255 3140]
[3035 3110 3110 3100 2885 3040 3085 3075] [3125 3090 3305 3295 3170 3225 3205 3245]
[2935 3170 2910 3000 3120 3050 2865 2965] [3110 3255 3040 3295 3140 3130 3345 3230]
[3245 3205 2970 3160 3135 3040 3020 2990] [3415 3340 3295 3345 3245 3195 3270 3195]
COM3 1 42
1
[2975 2880 2975 2990 2870 2840 3020 2830] [3245 3105 3110 2940 3045 2960 3170 3195]
[3120 2775 2905 3060 2840 3015 2815 3055] [3160 3135 3105 2990 3100 3155 3235 2990]
[2850 3075 2990 2910 2960 2905 2985 2970] [3135 3115 3150 3110 3055 3015 3020 3010]
[3105 3120 3145 3030 3130 2975 2945 2885] [3190 3070 3200 2995 3040 3065 3125 3105]
[3150 2990 3135 3080 2975 2950 3125 3030] [3090 3380 3080 3130 3155 3235 3260 3170]
[3035 3110 3110 3100 2885 3040 3085 3075] [3175 3225 2970 3165 3225 3180 3265 3225]
[2935 3170 2910 3000 3120 3050 2865 2965] [3170 3240 3190 3270 3215 3145 3175 3345]
[3245 3205 2970 3160 3135 3040 3020 2990] [3345 3305 3255 3160 3195 3125 3300 3125]
COM7 0 43
1
[2980 2955 2960 2915 2995 3105 3145 2965] [3245 3105 3110 2940 3045 2960 3170 3195]
[3240 3015 2820 3025 2950 2960 2965 2995] [3160 3135 3105 2990 3100 3155 3235 2990]
[2940 2975 3075 3055 3145 3085 3085 3250] [3135 3115 3150 3110 3055 3015 3020 3010]
[2925 3010 3210 2975 3065 3085 3015 3150] [3190 3070 3200 2995 3040 3065 3125 3105]
[3150 3135 3320 2970 3265 3015 3120 3185] [3090 3380 3080 3130 3155 3235 3260 3170]
[3065 3015 3170 3150 3035 3170 3150 3000] [3175 3225 2970 3165 3225 3180 3265 3225]
[3090 3190 3195 3200 3070 3010 3005 2955] [3170 3240 3190 3270 3215 3145 3175 3345]
[3220 3160 3200 3305 2970 3145 3285 3200] [3345 3305 3255 3160 3195 3125 3300 3125]
COM3 1 44
1
[2980 2955 2960 2915 2995 3105 3145 2965] [2965 3125 3315 3125 3145 3075 3035 3175]
[3240 3015 2820 3025 2950 2960 2965 2995] [3230 3100 3175 3090 3070 3205 3145 3170]
[2940 2975 3075 3055 3145 3085 3085 3250] [3225 3060 3100 2980 3145 3155 3085 3000]
[2925 3010 3210 2975 3065 3085 3015 3150] [3145 3090 3255 3145 3035 3080 3090 3145]
[3150 3135 3320 2970 3265 3015 3120 3185] [3150 3230 3235 3005 3025 3035 3240 3275]
[3065 3015 3170 3150 3035 3170 3150 3000] [3195 3130 3110 3235 3225 3055 3240 3035]
[3090 3190 3195 3200 3070 3010 3005 2955] [3180 3195 3170 3270 3145 3105 3275 3245]
[3220 3160 3200 3305 2970 3145 3285 3200] [3255 3340 3310 3360 3245 3150 3275 3175]
COM7 0 45
1
[3050 2875 3015 2975 3045 3010 2970 3240] [2965 3125 3315 3125 3145 3075 3035 3175]
[3145 3065 3070 3150 3010 3025 3020 2945] [3230 3100 3175 3090 3070 3205 3145 3170]
[2955 2970 2985 3025 2945 3075 3180 3150] [3225 3060 3100 2980 3145 3155 3085 3000]
[3215 3205 3170 2880 3165 3015 3170 3175] [3145 3090 3255 3145 3035 3080 3090 3145]
[3010 3025 3120 3140 3190 3010 3200 3065] [3150 3230 3235 3005 3025 3035 3240 3275]
[3160 3045 3085 3025 3080 3215 3210 3160] [3195 3130 3110 3235 3225 3055 3240 3035]
[3105 3125 3125 3165 2940 3120 2980 3135] [3180 3195 3170 3270 3145 3105 3275 3245]
[3145 3185 3205 3150 3040 3145 3235 3270] [3255 3340 3310 3360 3245 3150 3275 3175]
COM3 1 46
1
[3050 2875 3015 2975 3045 3010 2970 3240] [3085 3105 3090 3160 3200 3050 3235 3145]
[3145 3065 3070 3150 3010 3025 3020 2945] [3170 3145 3250 3085 3120 3170 3110 3030]
[2955 2970 2985 3025 2945 3075 3180 3150] [3190 3195 3220 3235 3140 3110 3115 3010]
[3215 3205 3170 2880 3165 3015 3170 3175] [3240 3035 3255 3150 3145 3135 3195 3130]
[3010 3025 3120 3140 3190 3010 3200 3065] [3185 3300 3180 3080 3185 3270 3235 3155]
[3160 3045 3085 3025 3080 3215 3210 3160] [3140 3225 3240 3380 3110 3255 3105 3145]
[3105 3125 3125 3165 2940 3120 2980 3135] [3320 3340 3345 3225 3305 3240 3270 3305]
[3145 3185 3205 3150 3040 3145 3235 3270] [3455 3260 3310 3330 3240 3205 3405 3125]
COM7 0 47
1
[3040 3030 2845 3000 3000 3010 2845 3110] [3085 3105 3090 3160 3200 3050 3235 3145]
[3225 3195 2905 2875 3110 3050 2905 3055] [3170 3145 3250 3085 3120 3170 3110 3030]
[2940 2940 2965 2910 3045 3055 3205 3145] [3190 3195 3220 3235 3140 3110 3115 3010]
[3025 3025 3015 2935 3000 3130 3105 3085] [3240 3035 3255 3150 3145 3135 3195 3130]
[3110 3015 3025 3100 3065 3080 3160 2980] [3185 3300 3180 3080 3185 3270 3235 3155]
[2935 3195 3025 3100 2950 3150 3140 3245] [3140 3225 3240 3380 3110 3255 3105 3145]
[3170 3295 3070 3105 3045 3135 3155 3180] [3320 3340 3345 3225 3305 3240 3270 3305]
[3335 3410 3215 3035 3110 3080 3295 3215] [3455 3260 3310 3330 3240 3205 3405 3125]
COM3 1 48
1
[3040 3030 2845 3000 3000 3010 2845 3110] [3215 3105 3025 3035 3065 3045 3040 3170]
[3225 3195 2905 2875 3110 3050 2905 3055] [3050 3190 3175 2930 3025 3185 3060 3020]
[2940 2940 2965 2910 3045 3055 3205 3145] [3060 3080 3225 3070 3110 3000 3035 3085]
[3025 3025 3015 2935 3000 3130 3105 3085] [3200 3120 3135 3035 3155 3135 3015 3035]
[3110 3015 3025 3100 3065 3080 3160 2980] [3190 3125 3005 3070 3100 3180 3075 3100]
[2935 3195 3025 3100 2950 3150 3140 3245] [3270 3130 3245 3335 3145 3090 3195 3395]
[3170 3295 3070 3105 3045 3135 3155 3180] [3260 3285 3235 3370 3085 3095 3335 3165]
[3335 3410 3215 3035 3110 3080 3295 3215] [3140 3135 3370 3330 3085 3070 3350 3475]
COM7 0 49
1
[2915 2865 2955 3000 2910 3025 3040 2845] [3215 3105 3025 3035 3065 3045 3040 3170]
[3145 3105 3100 3140 3045 3070 2910 2995] [3050 3190 3175 2930 3025 3185 3060 3020]
[2845 3010 3025 2850 2815 3055 2995 3040] [3060 3080 3225 3070 3110 3000 3035 3085]
[3115 3055 3100 2980 3155 3065 2855 3130] [3200 3120 3135 3035 3155 3135 3015 3035]
[3045 3000 2995 3110 3175 3035 3265 3205] [3190 3125 3005 3070 3100 3180 3075 3100]
[3165 2860 3220 3145 2945 3080 3115 2970] [3270 3130 3245 3335 3145 3090 3195 3395]
[3340 3120 3075 3180 3050 3105 3030 2965] [3260 3285 3235 3370 3085 3095 3335 3165]
[3305 3300 3035 3060 3025 3220 3220 3095] [3140 3135 3370 3330 3085 3070 3350 3475]
COM3 1 50
1
[2915 2865 2955 3000 2910 3025 3040 2845] [2965 3110 3035 2975 2940 3065 3035 3170]
[3145 3105 3100 3140 3045 3070 2910 2995] [3090 3095 3080 2980 3030 3185 2980 2990]
[2845 3010 3025 2850 2815 3055 2995 3040] [2945 3185 3140 3160 3235 3005 3170 3080]
[3115 3055 3100 2980 3155 3065 2855 3130] [3230 3245 3255 3085 3105 3010 3080 3000]
[3045 3000 2995 3110 3175 3035 3265 3205] [3085 3155 3105 2975 3115 3165 3145 3205]
[3165 2860 3220 3145 2945 3080 3115 2970] [3195 3195 3160 3210 3020 3150 3240 3310]
[3340 3120 3075 3180 3050 3105 3030 2965] [3035 3420 3270 3125 3150 3025 3370 3320]
[3305 3300 3035 3060 3025 3220 3220 3095] [3255 3180 3295 3260 3165 3050 3290 3225]
COM7 0 51
1
[3070 2710 2925 2895 3055 2670 2880 2880] [2965 3110 3035 2975 2940 3065 3035 3170]
[3115 3180 2905 2955 2985 2910 2825 2995] [3090 3095 3080 2980 3030 3185 2980 2990]
[2870 2930 2965 2900 2960 3045 2810 3105] [2945 3185 3140 3160 3235 3005 3170 3080]
[2925 2960 3220 2995 3070 3010 3015 2980] [3230 3245 3255 3085 3105 3010 3080 3000]
[2960 3065 3120 2970 3060 2980 3000 3110] [3085 3155 3105 2975 3115 3165 3145 3205]
[2905 3005 3170 3115 3195 3135 3235 2870] [3195 3195 3160 3210 3020 3150 3240 3310]
[3150 3160 3125 3215 3040 2950 2885 2965] [3035 3420 3270 3125 3150 3025 3370 3320]
[3115 2965 3135 3275 3010 2995 3110 3210] [3255 3180 3295 3260 3165 3050 3290 3225]
COM3 1 52
1
[3070 2710 2925 2895 3055 2670 2880 2880] [3195 3110 3025 3085 3110 3090 3115 3155]
[3115 3180 2905 2955 2985 2910 2825 2995] [3025 3325 3235 3085 3095 3085 3070 3110]
[2870 2930 2965 2900 2960 3045 2810 3105] [3135 3135 3180 3175 3205 3100 3135 3060]
[2925 2960 3220 2995 3070 3010 3015 2980] [3105 3180 3225 3120 3090 3155 3200 3035]
[2960 3065 3120 2970 3060 2980 3000 3110] [2980 3180 3150 2945 3060 3115 3265 3350]
[2905 3005 3170 3115 3195 3135 3235 2870] [3165 3145 3210 3245 3200 3130 3300 3145]
[3150 3160 3125 3215 3040 2950 2885 2965] [3255 3340 3330 3190 3145 3130 3250 3215]
[3115 2965 3135 3275 3010 2995 3110 3210] [3170 3415 3375 3245 3275 3160 3335 3300]
COM7 0 53
1
[3025 2840 2895 2830 2945 2915 2985 2855] [3195 3110 3025 3085 3110 3090 3115 3155]
[2975 3140 2985 2920 2905 2905 2985 2980] [3025 3325 3235 3085 3095 3085 3070 3110]
[2770 3030 2900 2995 2940 3000 3005 2875] [3135 3135 3180 3175 3205 3100 3135 3060]
[2940 2925 3125 2875 2980 2805 2920 2925] [3105 3180 3225 3120 3090 3155 3200 3035]
[3065 2790 2985 2945 3080 2975 3100 3120] [2980 3180 3150 2945 3060 3115 3265 3350]
[3165 2930 3085 3215 2925 3050 3195 3065] [3165 3145 3210 3245 3200 3130 3300 3145]
[2850 2945 3085 2960 2940 3050 2810 2990] [3255 3340 3330 3190 3145 3130 3250 3215]
[3130 2985 2965 2890 2950 3055 3085 2875] [3170 3415 3375 3245 3275 3160 3335 3300]
COM3 1 54
1
[3025 2840 2895 2830 2945 2915 2985 2855] [2940 3040 3085 2850 3055 2975 2980 3255]
[2975 3140 2985 2920 2905 2905 2985 2980] [3050 3060 3020 2935 2955 3160 3010 3045]
[2770 3030 2900 2995 2940 3000 3005 2875] [3115 3160 3065 3050 3175 3035 3065 3075]
[2940 2925 3125 2875 2980 2805 2920 2925] [3170 3205 3090 2995 3085 3075 3145 3025]
[3065 2790 2985 2945 3080 2975 3100 3120] [3200 3100 3185 2910 3025 2990 3145 3205]
[3165 2930 3085 3215 2925 3050 3195 3065] [2945 3005 3000 3000 3215 3075 3105 3200]
[2850 2945 3085 2960 2940 3050 2810 2990] [3110 3190 3365 3175 3150 3190 3175 3405]
[3130 2985 2965 2890 2950 3055 3085 2875] [3240 3120 3100 3195 3140 3190 3160 3240]
COM7 0 55
1
[3035 2835 3045 2980 3010 2900 3155 3055] [2940 3040 3085 2850 3055 2975 2980 3255]
[3150 3195 3050 3015 2970 2950 3045 2975] [3050 3060 3020 2935 2955 3160 3010 3045]
[2735 3050 3010 3015 3055 2975 3065 3090] [3115 3160 3065 3050 3175 3035 3065 3075]
[3125 2965 3130 3015 3020 3045 3055 3035] [3170 3205 3090 2995 3085 3075 3145 3025]
[3265 3155 3120 3040 3040 3300 3260 3115] [3200 3100 3185 2910 3025 2990 3145 3205]
[2965 3025 3020 3190 3120 3000 3145 2980] [2945 3005 3000 3000 3215 3075 3105 3200]
[3200 3220 3090 3200 3035 3215 3100 3060] [3110 3190 3365 3175 3150 3190 3175 3405]
[3195 3260 3140 3220 2965 3330 3225 3235] [3240 3120 3100 3195 3140 3190 3160 3240]
COM3 1 56
1
[3035 2835 3045 2980 3010 2900 3155 3055] [3175 3220 3145 3130 3235 3170 3190 3200]
[3150 3195 3050 3015 2970 2950 3045 2975] [3340 3195 3375 3205 3185 3170 3170 3160]
[2735 3050 3010 3015 3055 2975 3065 3090] [3275 3215 3295 3225 3285 3100 3165 3010]
[3125 2965 3130 3015 3020 3045 3055 3035] [3325 3185 3315 3290 3170 3105 3105 3070]
[3265 3155 3120 3040 3040 3300 3260 3115] [3220 3370 3370 3135 3195 3115 3230 3235]
[2965 3025 3020 3190 3120 3000 3145 2980] [2950 3340 3220 3315 3230 3200 3300 3305]
[3200 3220 3090 3200 3035 3215 3100 3060] [3315 3480 3240 3195 3375 3330 3260 3415]
[3195 3260 3140 3220 2965 3330 3225 3235] [3390 3450 3325 3360 3380 3230 3130 3395]
COM7 0 57
1
[2900 2800 2920 3145 2870 2985 3145 3095] [3175 3220 3145 3130 3235 3170 3190 3200]
[3165 3085 2960 3015 3110 3105 3010 2950] [3340 3195 3375 3205 3185 3170 3170 3160]
[3060 3065 3105 3025 2950 3015 3030 3015] [3275 3215 3295 3225 3285 3100 3165 3010]
[3095 3065 3305 3005 3065 2955 3160 3045] [3325 3185 3315 3290 3170 3105 3105 3070]
[3150 3165 3210 3075 3130 2970 3235 3100] [3220 3370 3370 3135 3195 3115 3230 3235]
[3130 3230 3265 3145 3005 3120 3075 3005] [2950 3340 3220 3315 3230 3200 3300 3305]
[2955 3290 2930 3360 3230 3030 2975 3035] [3315 3480 3240 3195 3375 3330 3260 3415]
[3275 2955 3210 3215 3175 3305 3190 3180] [3390 3450 3325 3360 3380 3230 3130 3395]
COM3 1 58
1
[2900 2800 2920 3145 2870 2985 3145 3095] [3175 3205 3205 3265 3265 3160 3175 3265]
[3165 3085 2960 3015 3110 3105 3010 2950] [3090 3010 3220 3115 3130 3250 3105 3125]
[3060 3065 3105 3025 2950 3015 3030 3015] [3235 3115 3195 3120 3250 3010 3090 3000]
[3095 3065 3305 3005 3065 2955 3160 3045] [3265 3300 3255 3230 3085 3000 3205 3080]
[3150 3165 3210 3075 3130 2970 3235 3100] [3200 3235 3365 3010 3130 3175 3120 3210]
[3130 3230 3265 3145 3005 3120 3075 3005] [3200 3195 3280 3200 3150 3090 3245 3160]
[2955 3290 2930 3360 3230 3030 2975 3035] [3240 3435 3245 3200 3200 3195 3315 3135]
[3275 2955 3210 3215 3175 3305 3190 3180] [3330 3375 3470 3370 3280 3150 3215 3425]
COM7 0 59
1
[3005 2920 2880 3000 2905 3050 3080 2950] [3175 3205 3205 3265 3265 3160 3175 3265]
[3085 3145 3025 3045 3110 3040 2985 3150] [3090 3010 3220 3115 3130 3250 3105 3125]
[2890 3010 3115 2945 2960 3095 3100 3030] [3235 3115 3195 3120 3250 3010 3090 3000]
[3035 3240 3075 3080 2990 3170 3005 3220] [3265 3300 3255 3230 3085 3000 3205 3080]
[3205 3130 3210 3160 3050 3010 3010 3040] [3200 3235 3365 3010 3130 3175 3120 3210]
[3125 3050 3035 3120 2960 3095 3285 3140] [3200 3195 3280 3200 3150 3090 3245 3160]
[3200 3030 3135 3090 3110 3125 3140 3095] [3240 3435 3245 3200 3200 3195 3315 3135]
[3330 2995 3200 3145 3110 3140 3275 2990] [3330 3375 3470 3370 3280 3150 3215 3425]
COM3 1 60
1
[3005 2920 2880 3000 2905 3050 3080 2950] [3215 3255 3025 3085 3210 3100 3115 3225]
[3085 3145 3025 3045 3110 3040 2985 3150] [3150 3325 3245 3115 3025 3130 3130 3005]
[2890 3010 3115 2945 2960 3095 3100 3030] [3210 3275 3285 2970 3190 3145 3100 3050]
[3035 3240 3075 3080 2990 3170 3005 3220] [3235 3220 3295 3265 3145 3025 3210 3115]
[3205 3130 3210 3160 3050 3010 3010 3040] [3295 3185 3305 3070 3215 3225 3015 3185]
[3125 3050 3035 3120 2960 3095 3285 3140] [3020 3175 3210 3305 3120 3145 3230 3175]
[3200 3030 3135 3090 3110 3125 3140 3095] [3090 3175 3275 3190 3220 3090 3265 3365]
[3330 2995 3200 3145 3110 3140 3275 2990] [3545 3350 3265 3330 3155 3115 3235 3105]
COM7 0 61
1
[2895 3045 2945 3105 2970 3035 3160 3100] [3215 3255 3025 3085 3210 3100 3115 3225]
[3015 3055 3110 3110 3115 3135 3080 3080] [3150 3325 3245 3115 3025 3130 3130 3005]
[2955 3125 3160 3005 3040 3020 3085 3150] [3210 3275 3285 2970 3190 3145 3100 3050]
[2980 3025 3205 2995 3075 3000 3150 3135] [3235 3220 3295 3265 3145 3025 3210 3115]
[3235 3010 3165 3075 3110 3040 3090 3135] [3295 3185 3305 3070 3215 3225 3015 3185]
[3075 3310 3270 3075 3110 3100 3200 3160] [3020 3175 3210 3305 3120 3145 3230 3175]
[3195 3125 3105 3185 3065 3115 3045 3105] [3090 3175 3275 3190 3220 3090 3265 3365]
[3250 3085 3075 3075 3095 3285 3290 3100] [3545 3350 3265 3330 3155 3115 3235 3105]
COM3 1 62
1
[2895 3045 2945 3105 2970 3035 3160 3100] [3160 3220 3265 3280 3235 3150 3105 3180]
[3015 3055 3110 3110 3115 3135 3080 3080] [3230 3255 3185 3145 3215 3180 3080 3105]
[2955 3125 3160 3005 3040 3020 3085 3150] [3295 3205 3370 3095 3230 3060 3090 3095]
[2980 3025 3205 2995 3075 3000 3150 3135] [3220 3225 3065 3230 3150 3240 3255 3175]
[3235 3010 3165 3075 3110 3040 3090 3135] [3385 3430 3425 3255 3115 3195 3400 3105]
[3075 3310 3270 3075 3110 3100 3200 3160] [3240 3315 3170 3375 3090 3160 3285 3195]
[3195 3125 3105 3185 3065 3115 3045 3105] [3295 3350 3420 3130 3270 3245 3340 3290]
[3250 3085 3075 3075 3095 3285 3290 3100] [3325 3370 3165 3465 3160 3140 3250 3230]
COM7 0 63
1
[2930 2995 2925 3065 3025 2915 3125 2965] [3160 3220 3265 3280 3235 3150 3105 3180]
[3085 3010 3020 2980 3050 3100 2935 2845] [3230 3255 3185 3145 3215 3180 3080 3105]
[2885 2890 3095 2995 2975 3110 2915 2970] [3295 3205 3370 3095 3230 3060 3090 3095]
[3090 2965 3125 3000 3080 2890 3025 2995] [3220 3225 3065 3230 3150 3240 3255 3175]
[3075 3085 3095 3140 3040 3005 3160 3190] [3385 3430 3425 3255 3115 3195 3400 3105]
[3075 3020 3195 2995 2955 3160 3230 2925] [3240 3315 3170 3375 3090 3160 3285 3195]
[3060 3320 3085 3105 3110 3095 3060 2870] [3295 3350 3420 3130 3270 3245 3340 3290]
[3220 3080 3140 3060 3040 3090 3200 3175] [3325 3370 3165 3465 3160 3140 3250 3230]
COM3 1 64
1
[2930 2995 2925 3065 3025 2915 3125 2965] [3185 3155 3170 3060 3080 3190 3205 3205]
[3085 3010 3020 2980 3050 3100 2935 2845] [3200 3275 3255 3090 2990 3195 3110 3070]
[2885 2890 3095 2995 2975 3110 2915 2970] [3190 3215 3140 3155 3205 3040 3060 3070]
[3090 2965 3125 3000 3080 2890 3025 2995] [3285 3145 3315 3210 3130 3145 3160 3080]
[3075 3085 3095 3140 3040 3005 3160 3190] [3250 3380 3255 3125 3140 3145 3120 3235]
[3075 3020 3195 2995 2955 3160 3230 2925] [3295 3320 3135 3215 3255 3220 3320 3245]
[3060 3320 3085 3105 3110 3095 3060 2870] [3305 3435 3390 3230 3225 3110 3400 3320]
[3220 3080 3140 3060 3040 3090 3200 3175] [3365 3150 3360 3395 3240 3285 3315 3415]
COM7 0 65
1
[3045 2785 2735 2835 2890 2910 2955 2925] [3185 3155 3170 3060 3080 3190 3205 3205]
[2955 3145 2865 2955 2970 2760 2945 2920] [3200 3275 3255 3090 2990 3195 3110 3070]
[2795 2865 2910 2850 2890 2855 2865 2990] [3190 3215 3140 3155 3205 3040 3060 3070]
[2965 2890 3035 3000 3100 3040 2960 2980] [3285 3145 3315 3210 3130 3145 3160 3080]
[3145 3155 2985 2995 3115 3060 3045 3080] [3250 3380 3255 3125 3140 3145 3120 3235]
[3080 3065 3170 3025 3005 3045 2975 2990] [3295 3320 3135 3215 3255 3220 3320 3245]
[3200 2810 3035 3205 3065 2815 2740 2845] [3305 3435 3390 3230 3225 3110 3400 3320]
[3215 3145 2915 3070 3120 3130 3040 3095] [3365 3150 3360 3395 3240 3285 3315 3415]