COM7 0 6
1
[3090 3030 3095 3145 3090 3110 3135 3195] [3220 3135 3225 3195 3315 3110 3200 3165]
[3155 3130 2935 3135 3110 3125 3095 3100] [3370 3210 3165 3190 3150 3275 3185 3230]
[3095 3055 2985 3080 3045 3025 3145 3220] [3435 3190 3285 3205 3335 3170 3200 3050]
[3180 3145 3330 3000 3185 3040 3080 3250] [3340 3405 3295 3245 3185 3125 3295 3395]
[3045 3170 3170 3005 3195 3200 3285 3130] [3235 3135 3445 3140 3290 3270 3265 3395]
[3150 3160 3365 3120 3125 3205 3230 3295] [3200 3380 3400 3270 3295 3340 3345 3065]
[3130 3245 3125 3215 3235 3140 3050 3275] [3495 3620 3380 3415 3415 3300 3340 3130]
[3300 3295 3200 3265 3190 3310 3355 3250] [3545 3490 3185 3390 3335 3040 3150 3415]
COM3 1 7
1
[3090 3030 3095 3145 3090 3110 3135 3195] [3340 3310 3320 3025 3175 3025 3085 3035]
[3155 3130 2935 3135 3110 3125 3095 3100] [3040 3255 3185 3190 3110 3015 3080 2995]
[3095 3055 2985 3080 3045 3025 3145 3220] [3150 3235 3015 3235 3265 3095 3125 3010]
[3180 3145 3330 3000 3185 3040 3080 3250] [3050 3345 3015 3035 3285 3255 3160 2975]
[3045 3170 3170 3005 3195 3200 3285 3130] [3290 3255 3210 3420 3320 3210 3265 3240]
[3150 3160 3365 3120 3125 3205 3230 3295] [3080 3200 3100 3355 3080 3135 3380 3325]
[3130 3245 3125 3215 3235 3140 3050 3275] [3140 3310 3290 3330 3245 3170 3090 3330]
[3300 3295 3200 3265 3190 3310 3355 3250] [3300 3315 3265 3625 3060 3495 3360 3280]
COM7 0 8
1
[3065 2970 2910 3120 3105 3005 3120 2885] [3340 3310 3320 3025 3175 3025 3085 3035]
[3125 3085 3010 3035 3030 3090 2925 3085] [3040 3255 3185 3190 3110 3015 3080 2995]
[2860 2965 3110 3250 3185 3025 3175 3020] [3150 3235 3015 3235 3265 3095 3125 3010]
[2945 3035 3220 3030 3115 3000 2915 3025] [3050 3345 3015 3035 3285 3255 3160 2975]
[3145 3040 3080 3175 3170 2970 3160 3050] [3290 3255 3210 3420 3320 3210 3265 3240]
[2975 3055 3115 3070 3220 2950 3285 3100] [3080 3200 3100 3355 3080 3135 3380 3325]
[3170 3210 2990 3150 3165 3145 3020 3265] [3140 3310 3290 3330 3245 3170 3090 3330]
[3210 3155 3135 3100 3115 3205 3305 3250] [3300 3315 3265 3625 3060 3495 3360 3280]
COM3 1 9
1
[3065 2970 2910 3120 3105 3005 3120 2885] [3100 3370 3290 3225 3170 3180 3155 3275]
[3125 3085 3010 3035 3030 3090 2925 3085] [3350 3180 3220 3190 3285 3285 3180 3080]
[2860 2965 3110 3250 3185 3025 3175 3020] [3150 3350 3460 3320 3270 3225 3200 3015]
[2945 3035 3220 3030 3115 3000 2915 3025] [3490 3315 3255 3125 3080 3240 3180 3225]
[3145 3040 3080 3175 3170 2970 3160 3050] [3150 3640 3420 3250 3245 3135 3265 3200]
[2975 3055 3115 3070 3220 2950 3285 3100] [3215 3405 3155 3405 3295 3295 3255 3425]
[3170 3210 2990 3150 3165 3145 3020 3265] [3350 3490 3290 3315 3140 3415 3450 3400]
[3210 3155 3135 3100 3115 3205 3305 3250] [3535 3390 3310 3500 3270 3245 3030 3265]
COM7 0 10
1
[2930 2715 2795 2925 2865 2765 2955 2930] [3100 3370 3290 3225 3170 3180 3155 3275]
[2940 2900 2735 3005 2835 2955 2860 2960] [3350 3180 3220 3190 3285 3285 3180 3080]
[2755 2825 3040 2975 2840 2840 2860 2780] [3150 3350 3460 3320 3270 3225 3200 3015]
[2860 2975 2920 2875 2925 2865 2940 2735] [3490 3315 3255 3125 3080 3240 3180 3225]
[3035 3115 2920 2900 2995 2840 2990 2895] [3150 3640 3420 3250 3245 3135 3265 3200]
[2745 2785 3150 3110 2895 2685 3035 2775] [3215 3405 3155 3405 3295 3295 3255 3425]
[3045 2970 2835 3070 2715 3025 2775 3105] [3350 3490 3290 3315 3140 3415 3450 3400]
[3080 3145 3115 3025 3010 3015 3175 2920] [3535 3390 3310 3500 3270 3245 3030 3265]
COM3 1 11
1
[2930 2715 2795 2925 2865 2765 2955 2930] [3140 3215 3465 3180 3245 3235 3185 3195]
[2940 2900 2735 3005 2835 2955 2860 2960] [3330 3225 3445 3205 3065 3285 3150 3095]
[2755 2825 3040 2975 2840 2840 2860 2780] [3355 3190 3360 3215 3200 3065 3090 3175]
[2860 2975 2920 2875 2925 2865 2940 2735] [3325 3345 3300 3035 3215 3315 3220 3095]
[3035 3115 2920 2900 2995 2840 2990 2895] [3405 3150 3430 3080 3215 3155 3150 3140]
[2745 2785 3150 3110 2895 2685 3035 2775] [3205 3430 3345 3250 3165 3295 3260 3225]
[3045 2970 2835 3070 2715 3025 2775 3105] [3545 3220 3340 3320 3510 3240 3365 3480]
[3080 3145 3115 3025 3010 3015 3175 2920] [3395 3610 3285 3305 3510 3395 3210 3495]
COM7 0 12
1
[2925 2695 2905 2935 2815 2935 2950 2915] [3140 3215 3465 3180 3245 3235 3185 3195]
[2950 3160 3015 2955 2865 2970 3025 3110] [3330 3225 3445 3205 3065 3285 3150 3095]
[2840 2975 3150 2935 2795 2870 2890 2865] [3355 3190 3360 3215 3200 3065 3090 3175]
[2810 2965 2970 2895 3010 3130 3030 2790] [3325 3345 3300 3035 3215 3315 3220 3095]
[3100 2885 3025 2920 2945 2770 3130 2935] [3405 3150 3430 3080 3215 3155 3150 3140]
[3170 3090 3110 3195 2915 2910 3140 2925] [3205 3430 3345 3250 3165 3295 3260 3225]
[2925 3025 2970 2970 3230 2970 2910 2910] [3545 3220 3340 3320 3510 3240 3365 3480]
[3245 3225 3060 2995 3045 3070 3325 3010] [3395 3610 3285 3305 3510 3395 3210 3495]
COM3 1 13
1
[2925 2695 2905 2935 2815 2935 2950 2915] [3035 3050 3300 2990 3415 3245 3055 3170]
[2950 3160 3015 2955 2865 2970 3025 3110] [3260 3100 3200 3115 3140 3295 3070 3110]
[2840 2975 3150 2935 2795 2870 2890 2865] [3315 3270 3185 3305 3280 3095 3170 3105]
[2810 2965 2970 2895 3010 3130 3030 2790] [3370 3365 3235 3175 3245 3110 3250 3170]
[3100 2885 3025 2920 2945 2770 3130 2935] [3300 3600 3355 3015 3200 3350 3230 3205]
[3170 3090 3110 3195 2915 2910 3140 2925] [3440 3430 3475 3325 3290 3080 3285 3070]
[2925 3025 2970 2970 3230 2970 2910 2910] [3470 3320 3395 3210 3450 3140 3340 3320]
[3245 3225 3060 2995 3045 3070 3325 3010] [3145 3415 3340 3505 3310 3200 3325 3270]
COM7 0 14
1
[2860 3000 2765 2910 3050 3025 3150 2910] [3035 3050 3300 2990 3415 3245 3055 3170]
[3150 3105 2840 3085 2935 3055 3075 2805] [3260 3100 3200 3115 3140 3295 3070 3110]
[2845 2715 2955 2945 2895 2985 3085 3060] [3315 3270 3185 3305 3280 3095 3170 3105]
[3045 3145 3120 3110 3100 3145 2990 3045] [3370 3365 3235 3175 3245 3110 3250 3170]
[3095 3175 3070 2990 3030 3000 3070 3280] [3300 3600 3355 3015 3200 3350 3230 3205]
[2870 2910 3060 3195 3160 3160 3170 2980] [3440 3430 3475 3325 3290 3080 3285 3070]
[2895 3050 3090 3155 3085 3140 3170 3075] [3470 3320 3395 3210 3450 3140 3340 3320]
[3035 3065 3015 3145 2885 2815 3220 3050] [3145 3415 3340 3505 3310 3200 3325 3270]
COM3 1 15
1
[2860 3000 2765 2910 3050 3025 3150 2910] [3295 3265 3210 3270 3280 3165 3260 3160]
[3150 3105 2840 3085 2935 3055 3075 2805] [3135 3350 3385 3240 3135 3340 3070 3075]
[2845 2715 2955 2945 2895 2985 3085 3060] [3375 3460 3480 3285 3235 3140 3170 3125]
[3045 3145 3120 3110 3100 3145 2990 3045] [3535 3410 3340 3330 3265 3170 3275 3210]
[3095 3175 3070 2990 3030 3000 3070 3280] [3435 3570 3290 3035 3360 3205 3295 3275]
[2870 2910 3060 3195 3160 3160 3170 2980] [3485 3170 3445 3630 3420 3410 3385 3355]
[2895 3050 3090 3155 3085 3140 3170 3075] [3485 3430 3335 3190 3275 3310 3265 3350]
[3035 3065 3015 3145 2885 2815 3220 3050] [3365 3445 3480 3355 3435 3440 3320 3550]
COM7 0 16
1
[3080 2940 2935 3015 2990 2975 3065 3100] [3295 3265 3210 3270 3280 3165 3260 3160]
[3065 3075 2920 3075 2935 2960 2995 3135] [3135 3350 3385 3240 3135 3340 3070 3075]
[2765 3045 3015 3040 3085 3115 3100 2990] [3375 3460 3480 3285 3235 3140 3170 3125]
[2925 3055 3125 2955 3115 2935 2910 3125] [3535 3410 3340 3330 3265 3170 3275 3210]
[3240 3070 3115 3050 3060 3070 3195 3180] [3435 3570 3290 3035 3360 3205 3295 3275]
[3165 2965 3070 3115 2905 2915 3210 3115] [3485 3170 3445 3630 3420 3410 3385 3355]
[2935 3210 3035 2925 3095 3125 3070 3200] [3485 3430 3335 3190 3275 3310 3265 3350]
[3275 3145 3115 3245 3125 3115 3345 3095] [3365 3445 3480 3355 3435 3440 3320 3550]
COM3 1 17
1
[3080 2940 2935 3015 2990 2975 3065 3100] [3285 3395 3360 3180 3375 3115 3170 3235]
[3065 3075 2920 3075 2935 2960 2995 3135] [3415 3200 3315 3130 3215 3170 3210 3150]
[2765 3045 3015 3040 3085 3115 3100 2990] [3250 3265 3330 3145 3295 3335 3070 3245]
[2925 3055 3125 2955 3115 2935 2910 3125] [3475 3265 3325 3275 3210 3040 3330 3185]
[3240 3070 3115 3050 3060 3070 3195 3180] [3265 3220 3325 3115 3180 3295 3230 3140]
[3165 2965 3070 3115 2905 2915 3210 3115] [3310 3260 3220 3350 3015 3295 3295 3145]
[2935 3210 3035 2925 3095 3125 3070 3200] [3420 3445 3410 3400 3370 3245 3145 3405]
[3275 3145 3115 3245 3125 3115 3345 3095] [3465 3570 3430 3560 3400 3205 3360 3520]
COM7 0 18
1
[3225 3115 2925 3075 3090 2950 3040 3055] [3285 3395 3360 3180 3375 3115 3170 3235]
[3215 3145 2945 3100 3035 3110 3005 3075] [3415 3200 3315 3130 3215 3170 3210 3150]
[3020 3045 3015 3000 3085 3115 3060 3070] [3250 3265 3330 3145 3295 3335 3070 3245]
[3105 3015 3085 2890 3110 3055 3045 2960] [3475 3265 3325 3275 3210 3040 3330 3185]
[3145 3065 3170 3010 3195 3095 3260 3185] [3265 3220 3325 3115 3180 3295 3230 3140]
[3145 3115 3290 3195 3105 3130 3300 3045] [3310 3260 3220 3350 3015 3295 3295 3145]
[3140 3310 3085 3060 2900 3255 3135 3055] [3420 3445 3410 3400 3370 3245 3145 3405]
[3275 3180 3115 3115 3250 3095 3210 3090] [3465 3570 3430 3560 3400 3205 3360 3520]
COM3 1 19
1
[3225 3115 2925 3075 3090 2950 3040 3055] [2770 2525 2630 2570 2595 2605 2725 2925]
[3215 3145 2945 3100 3035 3110 3005 3075] [2570 2620 2555 2715 2680 2895 2860 2745]
[3020 3045 3015 3000 3085 3115 3060 3070] [2635 2615 2680 2640 2915 2560 2720 2780]
[3105 3015 3085 2890 3110 3055 3045 2960] [2980 2680 2680 2745 2840 2695 2995 2635]
[3145 3065 3170 3010 3195 3095 3260 3185] [2770 2600 2695 2545 2760 2840 2695 2970]
[3145 3115 3290 3195 3105 3130 3300 3045] [2695 2895 2830 2725 2735 2765 2970 2920]
[3140 3310 3085 3060 2900 3255 3135 3055] [2725 2850 2855 2765 2770 2915 2865 2965]
[3275 3180 3115 3115 3250 3095 3210 3090] [2485 2590 3010 3020 2810 2865 3020 2740]
COM7 0 20
1
[2855 2940 2945 3000 3025 2820 3115 2795] [2770 2525 2630 2570 2595 2605 2725 2925]
[3230 3115 2955 2880 3035 3090 2980 2925] [2570 2620 2555 2715 2680 2895 2860 2745]
[2990 3005 3010 3040 3005 2930 3045 3015] [2635 2615 2680 2640 2915 2560 2720 2780]
[2945 3020 3070 3040 3040 3005 2880 3005] [2980 2680 2680 2745 2840 2695 2995 2635]
[3145 3000 3010 3050 2975 2840 3185 3040] [2770 2600 2695 2545 2760 2840 2695 2970]
[3135 3140 3215 3145 3025 3105 3095 3005] [2695 2895 2830 2725 2735 2765 2970 2920]
[3200 3105 2900 3165 2805 2990 3005 3180] [2725 2850 2855 2765 2770 2915 2865 2965]
[3310 3080 3115 3055 3065 3125 3325 3330] [2485 2590 3010 3020 2810 2865 3020 2740]
COM3 1 21
1
[2855 2940 2945 3000 3025 2820 3115 2795] [3280 3215 3370 3155 3235 3250 3320 3340]
[3230 3115 2955 2880 3035 3090 2980 2925] [3435 3205 3390 3280 3110 3345 3270 3155]
[2990 3005 3010 3040 3005 2930 3045 3015] [3395 3410 3275 3295 3285 3245 3320 3205]
[2945 3020 3070 3040 3040 3005 2880 3005] [3315 3210 3390 3140 3220 3240 3110 3195]
[3145 3000 3010 3050 2975 2840 3185 3040] [3455 3325 3385 3080 3385 3515 3290 3250]
[3135 3140 3215 3145 3025 3105 3095 3005] [3390 3370 3370 3250 3425 3475 3205 3325]
[3200 3105 2900 3165 2805 2990 3005 3180] [3350 3380 3375 3395 3210 3300 3410 3275]
[3310 3080 3115 3055 3065 3125 3325 3330] [3450 3455 3340 3340 3345 3365 3395 3345]
COM7 0 22
1
[2995 2945 2985 2900 2950 2865 3040 3025] [3280 3215 3370 3155 3235 3250 3320 3340]
[3075 3190 3030 3065 2955 3100 3105 2960] [3435 3205 3390 3280 3110 3345 3270 3155]
[2865 3075 3075 2925 2975 3110 3100 3195] [3395 3410 3275 3295 3285 3245 3320 3205]
[2915 3060 3150 3015 3165 2960 2910 3120] [3315 3210 3390 3140 3220 3240 3110 3195]
[3140 3065 3060 2990 3130 3080 3185 3135] [3455 3325 3385 3080 3385 3515 3290 3250]
[3065 3150 3185 3135 3025 3125 3100 3140] [3390 3370 3370 3250 3425 3475 3205 3325]
[3195 3150 3020 3240 3015 3070 3120 3070] [3350 3380 3375 3395 3210 3300 3410 3275]
[3025 3065 3270 3215 3125 3025 3210 3260] [3450 3455 3340 3340 3345 3365 3395 3345]
COM3 1 23
1
[2995 2945 2985 2900 2950 2865 3040 3025] [3090 3115 3265 3265 3210 3090 3275 3255]
[3075 3190 3030 3065 2955 3100 3105 2960] [3320 3415 3175 3200 3345 3235 3200 3080]
[2865 3075 3075 2925 2975 3110 3100 3195] [3355 3135 3160 3145 3275 3255 3125 3265]
[2915 3060 3150 3015 3165 2960 2910 3120] [3205 3315 3205 3185 3185 3100 3275 3225]
[3140 3065 3060 2990 3130 3080 3185 3135] [3225 3395 3290 3070 3275 3265 3375 3350]
[3065 3150 3185 3135 3025 3125 3100 3140] [3205 3280 3175 3235 3250 3210 3405 3345]
[3195 3150 3020 3240 3015 3070 3120 3070] [3225 3520 3300 3175 3305 3315 3225 3320]
[3025 3065 3270 3215 3125 3025 3210 3260] [3565 3395 3290 3285 3310 3100 3385 3385]
COM7 0 24
1
[3000 3075 3060 3075 3145 2975 2955 3105] [3090 3115 3265 3265 3210 3090 3275 3255]
[3155 3115 2955 3065 3065 2955 3095 3080] [3320 3415 3175 3200 3345 3235 3200 3080]
[2910 2960 3095 3055 3010 3115 3050 2975] [3355 3135 3160 3145 3275 3255 3125 3265]
[2995 3040 3050 3020 3075 3090 2995 3025] [3205 3315 3205 3185 3185 3100 3275 3225]
[3195 3045 2995 3060 3180 3015 3160 3175] [3225 3395 3290 3070 3275 3265 3375 3350]
[3175 3090 3055 3235 3165 3010 3230 3205] [3205 3280 3175 3235 3250 3210 3405 3345]
[3305 3210 3090 2995 2970 3110 2910 3175] [3225 3520 3300 3175 3305 3315 3225 3320]
[3245 3175 3205 3240 2925 3100 3170 3055] [3565 3395 3290 3285 3310 3100 3385 3385]
COM3 1 25
1
[3000 3075 3060 3075 3145 2975 2955 3105] [3295 3030 3475 3180 3250 3010 3205 3255]
[3155 3115 2955 3065 3065 2955 3095 3080] [3215 3050 3220 3255 3190 3195 3150 3155]
[2910 2960 3095 3055 3010 3115 3050 2975] [3265 3270 3180 3220 3455 3225 3285 3090]
[2995 3040 3050 3020 3075 3090 2995 3025] [3280 3160 3160 3100 3365 3210 3230 3215]
[3195 3045 2995 3060 3180 3015 3160 3175] [3140 3400 3215 3240 3210 3205 3075 3265]
[3175 3090 3055 3235 3165 3010 3230 3205] [3405 3265 3135 3160 3155 3195 3070 3430]
[3305 3210 3090 2995 2970 3110 2910 3175] [3305 3640 3240 3340 3160 3255 3380 3370]
[3245 3175 3205 3240 2925 3100 3170 3055] [3480 3315 3255 3405 3110 3005 3430 3280]
COM7 0 26
1
[2815 2695 2710 2945 2835 2875 2895 2885] [3295 3030 3475 3180 3250 3010 3205 3255]
[2915 3150 2740 2905 2850 2790 2970 2910] [3215 3050 3220 3255 3190 3195 3150 3155]
[2765 3035 2880 2850 3010 3125 2820 2935] [3265 3270 3180 3220 3455 3225 3285 3090]
[2870 2965 2970 2845 3035 2960 2950 2880] [3280 3160 3160 3100 3365 3210 3230 3215]
[3040 2985 3015 2895 3025 2900 2940 3060] [3140 3400 3215 3240 3210 3205 3075 3265]
[3010 3060 3105 3045 2970 3050 3055 3015] [3405 3265 3135 3160 3155 3195 3070 3430]
[3045 3015 3035 3065 2920 2970 2780 3000] [3305 3640 3240 3340 3160 3255 3380 3370]
[3085 3000 3090 2935 2985 2955 3100 3020] [3480 3315 3255 3405 3110 3005 3430 3280]
COM3 1 27
1
[2815 2695 2710 2945 2835 2875 2895 2885] [3325 3340 3140 2990 3255 3195 3080 3240]
[2915 3150 2740 2905 2850 2790 2970 2910] [3325 3110 3335 3205 3095 3225 3195 3060]
[2765 3035 2880 2850 3010 3125 2820 2935] [3205 3145 3280 3005 3240 3125 3165 3095]
[2870 2965 2970 2845 3035 2960 2950 2880] [3295 3015 3240 3145 3270 3120 3180 3050]
[3040 2985 3015 2895 3025 2900 2940 3060] [3350 3165 3195 3130 3205 3095 3215 3190]
[3010 3060 3105 3045 2970 3050 3055 3015] [3255 3240 3195 3345 3225 3195 3340 3155]
[3045 3015 3035 3065 2920 2970 2780 3000] [3230 3385 3165 3445 3240 3165 3260 3350]
[3085 3000 3090 2935 2985 2955 3100 3020] [3375 3245 3235 3395 3190 3335 3225 3185]
COM7 0 28
1
[2805 2910 2770 2850 2835 2885 2850 2810] [3325 3340 3140 2990 3255 3195 3080 3240]
[3195 2920 2715 2925 2995 2820 2725 2850] [3325 3110 3335 3205 3095 3225 3195 3060]
[2895 2965 3005 2985 3025 2925 2825 2765] [3205 3145 3280 3005 3240 3125 3165 3095]
[2915 2885 2995 2910 2960 2930 2935 2845] [3295 3015 3240 3145 3270 3120 3180 3050]
[3110 2995 3000 2935 2935 2840 3090 2960] [3350 3165 3195 3130 3205 3095 3215 3190]
[3025 3050 3035 2885 2800 2890 2995 2760] [3255 3240 3195 3345 3225 3195 3340 3155]
[2935 3020 3015 2950 2915 3015 2970 2850] [3230 3385 3165 3445 3240 3165 3260 3350]
[3140 2925 3195 3120 2970 3110 3100 2810] [3375 3245 3235 3395 3190 3335 3225 3185]
COM3 1 29
1
[2805 2910 2770 2850 2835 2885 2850 2810] [2885 3270 3190 3020 3150 3220 3075 3160]
[3195 2920 2715 2925 2995 2820 2725 2850] [3415 3335 3245 3240 3195 3260 3190 3165]
[2895 2965 3005 2985 3025 2925 2825 2765] [3245 3200 3280 3160 3280 3125 3180 3250]
[2915 2885 2995 2910 2960 2930 2935 2845] [3375 3420 3185 3235 3190 3250 3110 2995]
[3110 2995 3000 2935 2935 2840 3090 2960] [3205 3270 3255 3255 3060 3205 3145 3245]
[3025 3050 3035 2885 2800 2890 2995 2760] [3130 3175 3360 3200 3285 3345 3315 3245]
[2935 3020 3015 2950 2915 3015 2970 2850] [3305 3525 3325 3405 3540 3320 3195 3380]
[3140 2925 3195 3120 2970 3110 3100 2810] [3365 3145 3400 3545 3375 3435 3150 3310]
COM7 0 30
1
[2925 2865 2825 2675 2905 2730 3055 2745] [2885 3270 3190 3020 3150 3220 3075 3160]
[2950 2955 2865 2920 3005 2900 2810 2995] [3415 3335 3245 3240 3195 3260 3190 3165]
[2805 3020 3165 3040 2865 3025 2820 2870] [3245 3200 3280 3160 3280 3125 3180 3250]
[2860 2990 3045 2830 2925 2945 3125 2945] [3375 3420 3185 3235 3190 3250 3110 2995]
[3105 2965 2955 2935 3005 3180 3195 3130] [3205 3270 3255 3255 3060 3205 3145 3245]
[3010 3165 2950 3145 3025 2970 3130 3040] [3130 3175 3360 3200 3285 3345 3315 3245]
[2825 3015 2935 2865 3010 2865 2885 2825] [3305 3525 3325 3405 3540 3320 3195 3380]
[3050 3310 3115 2950 3100 2995 3195 3075] [3365 3145 3400 3545 3375 3435 3150 3310]
COM3 1 31
1
[2925 2865 2825 2675 2905 2730 3055 2745] [3090 3120 3195 3160 2920 3025 3045 3245]
[2950 2955 2865 2920 3005 2900 2810 2995] [3035 3200 3205 3110 2965 3175 2885 3105]
[2805 3020 3165 3040 2865 3025 2820 2870] [2950 3225 3360 3200 3350 2980 3075 3155]
[2860 2990 3045 2830 2925 2945 3125 2945] [2975 3435 3075 3270 3065 3065 3035 3125]
[3105 2965 2955 2935 3005 3180 3195 3130] [3215 3100 3140 3090 3130 3215 3070 3095]
[3010 3165 2950 3145 3025 2970 3130 3040] [3095 3075 3190 3215 3285 3230 3135 3205]
[2825 3015 2935 2865 3010 2865 2885 2825] [3230 3380 3100 3330 3130 3050 3310 3210]
[3050 3310 3115 2950 3100 2995 3195 3075] [3225 3255 3425 3060 3185 3030 3160 2985]
COM7 0 32
1
[3145 2990 2740 3045 2940 2920 2990 2905] [3090 3120 3195 3160 2920 3025 3045 3245]
[3215 3165 3130 3000 3165 3040 3020 2915] [3035 3200 3205 3110 2965 3175 2885 3105]
[2920 3030 3090 2925 3165 2990 3015 3215] [2950 3225 3360 3200 3350 2980 3075 3155]
[3145 3040 3220 3055 3115 3045 2950 3145] [2975 3435 3075 3270 3065 3065 3035 3125]
[3340 3040 3255 3060 3105 3040 3110 3090] [3215 3100 3140 3090 3130 3215 3070 3095]
[3010 3040 3220 3095 2955 3030 3115 3115] [3095 3075 3190 3215 3285 3230 3135 3205]
[3170 3315 3165 3245 3095 3110 2875 3115] [3230 3380 3100 3330 3130 3050 3310 3210]
[3315 3170 3045 2925 3250 3125 3160 3050] [3225 3255 3425 3060 3185 3030 3160 2985]
COM3 1 33
1
[3145 2990 2740 3045 2940 2920 2990 2905] [3235 3205 3280 3225 3250 3170 3165 3105]
[3215 3165 3130 3000 3165 3040 3020 2915] [3295 3310 3285 3280 3270 3235 3195 3205]
[2920 3030 3090 2925 3165 2990 3015 3215] [3315 3305 3330 3240 3325 3115 3240 3250]
[3145 3040 3220 3055 3115 3045 2950 3145] [3335 3305 3285 3225 3365 3210 3325 3220]
[3340 3040 3255 3060 3105 3040 3110 3090] [3280 3395 3430 3175 3325 3315 3305 3225]
[3010 3040 3220 3095 2955 3030 3115 3115] [3245 3175 3445 3250 3380 3385 3420 3165]
[3170 3315 3165 3245 3095 3110 2875 3115] [3300 3460 3425 3450 3440 3410 3295 3235]
[3315 3170 3045 2925 3250 3125 3160 3050] [3360 3350 3360 3245 3425 3350 3325 3660]
COM7 0 34
1
[3120 3190 3235 3105 3120 3070 3280 3300] [3235 3205 3280 3225 3250 3170 3165 3105]
[3235 3140 3095 3130 3110 3230 3210 3075] [3295 3310 3285 3280 3270 3235 3195 3205]
[3215 3145 3165 3280 3175 3215 3100 3225] [3315 3305 3330 3240 3325 3115 3240 3250]
[3045 3035 3175 3185 3185 3210 3220 3175] [3335 3305 3285 3225 3365 3210 3325 3220]
[3280 3175 3285 3065 3330 3250 3285 3230] [3280 3395 3430 3175 3325 3315 3305 3225]
[3240 3230 3195 3250 3140 3310 3220 3020] [3245 3175 3445 3250 3380 3385 3420 3165]
[3200 3265 3185 3375 3265 3345 3150 3125] [3300 3460 3425 3450 3440 3410 3295 3235]
[3080 3185 3195 3260 3180 3290 3620 3095] [3360 3350 3360 3245 3425 3350 3325 3660]
COM3 1 35
1
[3120 3190 3235 3105 3120 3070 3280 3300] [3205 3250 3310 3260 3170 3235 3145 3115]
[3235 3140 3095 3130 3110 3230 3210 3075] [3045 3115 3360 3115 3225 3170 3275 3055]
[3215 3145 3165 3280 3175 3215 3100 3225] [3210 3140 3285 3105 3105 3005 3165 3105]
[3045 3035 3175 3185 3185 3210 3220 3175] [3090 3495 3150 3140 3155 3075 3340 3150]
[3280 3175 3285 3065 3330 3250 3285 3230] [3545 3470 3295 3165 3205 3235 3245 3205]
[3240 3230 3195 3250 3140 3310 3220 3020] [3105 3360 3220 3305 3225 3280 3355 3290]
[3200 3265 3185 3375 3265 3345 3150 3125] [3525 3435 3380 3340 3295 3380 3295 3300]
[3080 3185 3195 3260 3180 3290 3620 3095] [3550 3370 3325 3595 3180 3255 3395 3325]
COM7 0 36
1
[3090 2895 2920 3010 2930 3090 3120 3170] [3205 3250 3310 3260 3170 3235 3145 3115]
[3110 3190 3020 3215 3015 3090 3235 3005] [3045 3115 3360 3115 3225 3170 3275 3055]
[2820 3035 3130 3040 3150 3020 3085 3005] [3210 3140 3285 3105 3105 3005 3165 3105]
[3040 3110 3175 3075 3120 3110 3005 2935] [3090 3495 3150 3140 3155 3075 3340 3150]
[3215 3155 3185 3130 3315 3070 3260 3070] [3545 3470 3295 3165 3205 3235 3245 3205]
[3065 3150 3115 3145 3085 3265 3135 3135] [3105 3360 3220 3305 3225 3280 3355 3290]
[3190 3145 3125 3100 3065 3340 3100 3085] [3525 3435 3380 3340 3295 3380 3295 3300]
[3275 3155 2985 3220 3070 3205 3510 3330] [3550 3370 3325 3595 3180 3255 3395 3325]
COM3 1 37
1
[3090 2895 2920 3010 2930 3090 3120 3170] [3235 3280 3355 3180 2995 3025 3175 3100]
[3110 3190 3020 3215 3015 3090 3235 3005] [3120 3200 3145 2965 2965 3160 3135 3140]
[2820 3035 3130 3040 3150 3020 3085 3005] [3100 3205 3235 3240 3190 2940 2890 3015]
[3040 3110 3175 3075 3120 3110 3005 2935] [3260 3400 3290 3215 3040 3205 3250 3130]
[3215 3155 3185 3130 3315 3070 3260 3070] [3310 3225 3200 3075 3050 3125 3215 3305]
[3065 3150 3115 3145 3085 3265 3135 3135] [3110 3345 3160 3135 3070 3090 3350 3350]
[3190 3145 3125 3100 3065 3340 3100 3085] [3270 3310 3180 3300 3180 3225 3190 3275]
[3275 3155 2985 3220 3070 3205 3510 3330] [3000 3325 3360 3175 3225 3290 3170 3480]
COM7 0 38
1
[3075 3040 2895 3175 2995 3070 3040 2975] [3235 3280 3355 3180 2995 3025 3175 3100]
[3080 3150 3180 3020 3155 3015 3030 3075] [3120 3200 3145 2965 2965 3160 3135 3140]
[3005 3065 2940 3045 3010 3135 2995 3100] [3100 3205 3235 3240 3190 2940 2890 3015]
[3210 3065 3220 2950 3145 3100 3035 3165] [3260 3400 3290 3215 3040 3205 3250 3130]
[3330 2975 3210 3125 3135 2980 3185 3225] [3310 3225 3200 3075 3050 3125 3215 3305]
[3180 3230 3215 3105 3105 3415 3195 3045] [3110 3345 3160 3135 3070 3090 3350 3350]
[3265 3190 3190 3165 3170 3135 3115 3130] [3270 3310 3180 3300 3180 3225 3190 3275]
[3140 3275 3105 3125 3050 3260 3415 3305] [3000 3325 3360 3175 3225 3290 3170 3480]
COM3 1 39
1
[3075 3040 2895 3175 2995 3070 3040 2975] [3335 3370 3440 3175 3095 3170 3245 3225]
[3080 3150 3180 3020 3155 3015 3030 3075] [3415 3275 3205 3300 3110 3245 3190 3290]
[3005 3065 2940 3045 3010 3135 2995 3100] [3195 3325 3200 3185 3350 3330 3150 3150]
[3210 3065 3220 2950 3145 3100 3035 3165] [3255 3410 3400 3215 3260 3240 3020 3110]
[3330 2975 3210 3125 3135 2980 3185 3225] [3285 3360 3125 3070 3305 3075 3425 3320]
[3180 3230 3215 3105 3105 3415 3195 3045] [3045 3340 3290 3170 3220 3130 3130 3340]
[3265 3190 3190 3165 3170 3135 3115 3130] [3325 3420 3465 3430 3225 3200 3405 3440]
[3140 3275 3105 3125 3050 3260 3415 3305] [3630 3215 3365 3525 3210 3425 3375 3395]
COM7 0 40
1
[3015 2995 2940 3145 3070 3010 3040 3045] [3335 3370 3440 3175 3095 3170 3245 3225]
[3230 3125 3105 3105 3185 3030 3180 3060] [3415 3275 3205 3300 3110 3245 3190 3290]
[2920 3125 3170 3030 2865 3115 3030 3055] [3195 3325 3200 3185 3350 3330 3150 3150]
[3100 3065 3195 3075 3055 3125 3005 3055] [3255 3410 3400 3215 3260 3240 3020 3110]
[3000 3175 3210 3095 3135 3015 3265 3395] [3285 3360 3125 3070 3305 3075 3425 3320]
[3180 2990 3215 3135 3150 3150 3205 3025] [3045 3340 3290 3170 3220 3130 3130 3340]
[3095 3165 3090 3190 3115 3340 3170 3105] [3325 3420 3465 3430 3225 3200 3405 3440]
[3205 3235 3320 3330 3195 3125 3295 3335] [3630 3215 3365 3525 3210 3425 3375 3395]
COM3 1 41
1
[3015 2995 2940 3145 3070 3010 3040 3045] [3205 3125 3300 3155 3295 3000 3190 3165]
[3230 3125 3105 3105 3185 3030 3180 3060] [3200 3140 3085 3275 3295 3185 3060 3260]
[2920 3125 3170 3030 2865 3115 3030 3055] [3145 3175 3225 3305 3105 3205 3200 3195]
[3100 3065 3195 3075 3055 3125 3005 3055] [3375 3585 3215 3445 3255 3250 3335 3140]
[3000 3175 3210 3095 3135 3015 3265 3395] [3245 3235 3285 3190 3215 3185 3080 3065]
[3180 2990 3215 3135 3150 3150 3205 3025] [3075 3400 3305 3245 3255 3475 3380 3395]
[3095 3165 3090 3190 3115 3340 3170 3105] [3445 3470 3545 3230 3115 3300 3185 3320]
[3205 3235 3320 3330 3195 3125 3295 3335] [3470 3655 3420 3535 3195 3335 3210 3260]
COM7 0 42
1
[2935 3025 2905 3005 3075 2985 3225 2935] [3205 3125 3300 3155 3295 3000 3190 3165]
[2955 3010 3035 3020 3015 3050 3105 2865] [3200 3140 3085 3275 3295 3185 3060 3260]
[2910 3140 3190 3065 2960 3050 3065 3110] [3145 3175 3225 3305 3105 3205 3200 3195]
[3340 3075 3220 3085 3270 2955 3095 3085] [3375 3585 3215 3445 3255 3250 3335 3140]
[3100 3150 3105 2905 3145 3095 3075 3140] [3245 3235 3285 3190 3215 3185 3080 3065]
[3080 3315 3120 3145 3150 3110 3170 3205] [3075 3400 3305 3245 3255 3475 3380 3395]
[3090 3110 3185 3185 3025 3150 2985 3060] [3445 3470 3545 3230 3115 3300 3185 3320]
[3115 3080 3300 3020 3005 3100 3385 3365] [3470 3655 3420 3535 3195 3335 3210 3260]
COM3 1 43
1
[2935 3025 2905 3005 3075 2985 3225 2935] [2960 2845 2850 2895 3130 3050 2965 2955]
[2955 3010 3035 3020 3015 3050 3105 2865] [2805 2985 2905 2895 2870 3065 2835 2755]
[2910 3140 3190 3065 2960 3050 3065 3110] [3040 3030 3160 2845 3025 2950 3040 3025]
[3340 3075 3220 3085 3270 2955 3095 3085] [3220 3100 3225 3115 2945 2975 3040 2960]
[3100 3150 3105 2905 3145 3095 3075 3140] [3025 3100 3140 2925 3050 2975 3070 3045]
[3080 3315 3120 3145 3150 3110 3170 3205] [3065 3310 3150 2940 3140 3080 3070 3055]
[3090 3110 3185 3185 3025 3150 2985 3060] [2930 3075 3375 3140 3025 3115 3195 3235]
[3115 3080 3300 3020 3005 3100 3385 3365] [3070 3160 3190 3220 2970 3015 3220 3040]
COM7 0 44
1
[3135 2970 2940 3005 2915 2890 3045 3160] [2960 2845 2850 2895 3130 3050 2965 2955]
[3085 3090 3140 2965 2985 3090 3165 3025] [2805 2985 2905 2895 2870 3065 2835 2755]
[2915 3095 3015 3030 3030 3190 3080 2905] [3040 3030 3160 2845 3025 2950 3040 3025]
[3195 3240 3090 3090 3220 3035 3160 3115] [3220 3100 3225 3115 2945 2975 3040 2960]
[3015 3170 3105 3065 3275 3070 2940 3215] [3025 3100 3140 2925 3050 2975 3070 3045]
[3070 3230 3320 3205 2925 3160 3235 3085] [3065 3310 3150 2940 3140 3080 3070 3055]
[3170 3055 3190 3190 3050 3245 3005 3215] [2930 3075 3375 3140 3025 3115 3195 3235]
[3270 3410 3325 3160 3255 3230 3370 3250] [3070 3160 3190 3220 2970 3015 3220 3040]
COM3 1 45
1
[3135 2970 2940 3005 2915 2890 3045 3160] [3320 3080 3050 2990 3160 3115 3215 3230]
[3085 3090 3140 2965 2985 3090 3165 3025] [3210 3070 3280 3265 3105 3200 3260 3145]
[2915 3095 3015 3030 3030 3190 3080 2905] [3040 3225 3295 3055 3115 3240 3235 3180]
[3195 3240 3090 3090 3220 3035 3160 3115] [3410 3325 3325 3320 3270 3175 3235 3130]
[3015 3170 3105 3065 3275 3070 2940 3215] [3175 3305 3215 3250 3215 3045 3070 3120]
[3070 3230 3320 3205 2925 3160 3235 3085] [3210 3165 3340 3315 3430 3130 3295 3275]
[3170 3055 3190 3190 3050 3245 3005 3215] [3315 3550 3290 3200 3220 3350 3295 3455]
[3270 3410 3325 3160 3255 3230 3370 3250] [3380 3400 3490 3405 3420 3325 3335 3375]
COM7 0 46
1
[2965 2895 3050 2925 3045 3045 3205 2995] [3320 3080 3050 2990 3160 3115 3215 3230]
[2985 3090 3070 3135 3105 3090 3050 3160] [3210 3070 3280 3265 3105 3200 3260 3145]
[3070 2970 3080 2935 3105 3070 3150 3120] [3040 3225 3295 3055 3115 3240 3235 3180]
[3100 3060 3220 3065 3105 3205 2915 3115] [3410 3325 3325 3320 3270 3175 3235 3130]
[3255 3190 3170 3100 3145 3095 3175 3165] [3175 3305 3215 3250 3215 3045 3070 3120]
[3380 3205 3220 3255 3010 3245 3140 3105] [3210 3165 3340 3315 3430 3130 3295 3275]
[3340 3205 3095 3030 3115 3115 3025 3125] [3315 3550 3290 3200 3220 3350 3295 3455]
[3215 3285 2935 3150 3130 3085 3220 3390] [3380 3400 3490 3405 3420 3325 3335 3375]
COM3 1 47
1
[2965 2895 3050 2925 3045 3045 3205 2995] [3260 3185 3180 3250 3090 3135 3210 3270]
[2985 3090 3070 3135 3105 3090 3050 3160] [3305 3460 3220 3190 3190 3295 3220 3050]
[3070 2970 3080 2935 3105 3070 3150 3120] [3310 3455 3170 3220 3420 3195 2995 3155]
[3100 3060 3220 3065 3105 3205 2915 3115] [3085 3325 3155 3430 3255 3265 3220 3070]
[3255 3190 3170 3100 3145 3095 3175 3165] [3245 3385 3310 3060 3140 3075 3235 3135]
[3380 3205 3220 3255 3010 3245 3140 3105] [3240 3315 3105 3205 3210 3210 3295 3400]
[3340 3205 3095 3030 3115 3115 3025 3125] [3255 3115 3415 3360 3370 3120 3300 3450]
[3215 3285 2935 3150 3130 3085 3220 3390] [3630 3240 3340 3385 3050 3170 3400 3355]
COM7 0 48
1
[3015 3020 2825 3000 3055 3000 3045 3015] [3260 3185 3180 3250 3090 3135 3210 3270]
[3225 3070 2985 2975 2975 3025 3075 3050] [3305 3460 3220 3190 3190 3295 3220 3050]
[2860 3045 3130 3065 3080 3100 3195 3030] [3310 3455 3170 3220 3420 3195 2995 3155]
[3110 3150 3260 3115 3100 3080 3105 2995] [3085 3325 3155 3430 3255 3265 3220 3070]
[3140 3115 3190 2995 3130 3175 3180 3125] [3245 3385 3310 3060 3140 3075 3235 3135]
[3025 3210 3220 3135 3155 3155 3230 3140] [3240 3315 3105 3205 3210 3210 3295 3400]
[3115 3120 3150 3155 2965 3295 3150 3085] [3255 3115 3415 3360 3370 3120 3300 3450]
[3305 3325 3140 3205 3490 3295 3275 3195] [3630 3240 3340 3385 3050 3170 3400 3355]
COM3 1 49
1
[3015 3020 2825 3000 3055 3000 3045 3015] [2865 3125 3265 3075 3295 3275 3150 3240]
[3225 3070 2985 2975 2975 3025 3075 3050] [3340 3290 3300 3235 3235 3210 3255 3260]
[2860 3045 3130 3065 3080 3100 3195 3030] [3210 3170 3275 3310 3315 3275 3175 3095]
[3110 3150 3260 3115 3100 3080 3105 2995] [3430 3210 3415 3275 3300 3200 3295 3185]
[3140 3115 3190 2995 3130 3175 3180 3125] [3340 3335 3295 3290 3395 3255 3310 3425]
[3025 3210 3220 3135 3155 3155 3230 3140] [3070 3295 3260 3245 3195 3125 3225 3375]
[3115 3120 3150 3155 2965 3295 3150 3085] [3365 3350 3380 3135 3175 3240 3275 3205]
[3305 3325 3140 3205 3490 3295 3275 3195] [3300 3425 3295 3405 3050 3305 3320 3585]
COM7 0 50
1
[3050 3050 2970 3060 3130 2990 2955 3170] [2865 3125 3265 3075 3295 3275 3150 3240]
[3120 3070 3065 3090 3090 3130 3060 2960] [3340 3290 3300 3235 3235 3210 3255 3260]
[2835 3025 2995 2855 2900 3065 3080 3080] [3210 3170 3275 3310 3315 3275 3175 3095]
[3205 3100 3075 3095 3000 3180 3105 3000] [3430 3210 3415 3275 3300 3200 3295 3185]
[3145 3005 3165 3100 3205 3095 3180 3280] [3340 3335 3295 3290 3395 3255 3310 3425]
[3090 3280 3200 3125 3125 3035 3105 3210] [3070 3295 3260 3245 3195 3125 3225 3375]
[3145 3250 3170 3205 3190 3235 2975 3180] [3365 3350 3380 3135 3175 3240 3275 3205]
[3275 3305 3365 3265 3125 3020 3345 3175] [3300 3425 3295 3405 3050 3305 3320 3585]
COM3 1 51
1
[3050 3050 2970 3060 3130 2990 2955 3170] [3020 3310 3340 3000 3075 3165 3040 3430]
[3120 3070 3065 3090 3090 3130 3060 2960] [3315 3440 3355 3210 3075 3150 3200 2950]
[2835 3025 2995 2855 2900 3065 3080 3080] [2935 3120 3220 3150 3165 3215 3205 3025]
[3205 3100 3075 3095 3000 3180 3105 3000] [3365 3455 3325 3260 3185 3205 3180 3120]
[3145 3005 3165 3100 3205 3095 3180 3280] [3455 3280 3345 2940 3245 3295 3070 3225]
[3090 3280 3200 3125 3125 3035 3105 3210] [3255 3275 3145 3240 3235 3125 3260 3065]
[3145 3250 3170 3205 3190 3235 2975 3180] [3365 3585 3270 3405 3320 3235 3385 3265]
[3275 3305 3365 3265 3125 3020 3345 3175] [3305 3400 3300 3380 3285 3150 3320 3410]
COM7 0 52
1
[3040 3085 2835 3060 3070 2925 3020 3295] [3020 3310 3340 3000 3075 3165 3040 3430]
[3080 3145 3085 3110 3105 3100 3030 3110] [3315 3440 3355 3210 3075 3150 3200 2950]
[2970 2925 2990 3110 3030 3025 3030 2965] [2935 3120 3220 3150 3165 3215 3205 3025]
[3045 3045 3145 2930 3050 3160 3110 2975] [3365 3455 3325 3260 3185 3205 3180 3120]
[3195 3205 3115 3080 3100 2940 3170 3170] [3455 3280 3345 2940 3245 3295 3070 3225]
[3175 3135 3140 3125 3075 3220 3235 3040] [3255 3275 3145 3240 3235 3125 3260 3065]
[3280 3225 3095 3320 3165 3215 3120 3245] [3365 3585 3270 3405 3320 3235 3385 3265]
[3305 2915 3135 3265 3235 3125 3430 3175] [3305 3400 3300 3380 3285 3150 3320 3410]
COM3 1 53
1
[3040 3085 2835 3060 3070 2925 3020 3295] [3410 3300 3385 3310 3370 3075 3175 3225]
[3080 3145 3085 3110 3105 3100 3030 3110] [3370 3245 3295 3330 3265 3280 3115 3175]
[2970 2925 2990 3110 3030 3025 3030 2965] [3245 3435 3335 3205 3315 3140 3195 3180]
[3045 3045 3145 2930 3050 3160 3110 2975] [3380 3295 3315 3420 3330 3130 3300 3070]
[3195 3205 3115 3080 3100 2940 3170 3170] [3440 3520 3320 3235 3345 3315 3295 3505]
[3175 3135 3140 3125 3075 3220 3235 3040] [3455 3310 3270 3345 3220 3355 3300 3225]
[3280 3225 3095 3320 3165 3215 3120 3245] [3350 3405 3450 3375 3425 3325 3505 3425]
[3305 2915 3135 3265 3235 3125 3430 3175] [3565 3485 3255 3450 3235 3175 3380 3510]
COM7 0 54
1
[3140 2985 2925 3070 2985 3035 3060 3180] [3410 3300 3385 3310 3370 3075 3175 3225]
[3145 3245 3035 3090 2995 3045 2905 2940] [3370 3245 3295 3330 3265 3280 3115 3175]
[3020 3115 3125 2935 3030 3185 3145 3110] [3245 3435 3335 3205 3315 3140 3195 3180]
[3085 3065 3215 2925 3000 3050 3140 3175] [3380 3295 3315 3420 3330 3130 3300 3070]
[3225 3285 3060 3060 3185 2990 3185 3060] [3440 3520 3320 3235 3345 3315 3295 3505]
[3080 3230 3215 3195 3105 3155 3270 3125] [3455 3310 3270 3345 3220 3355 3300 3225]
[3200 3035 3190 3245 3165 3030 3105 3075] [3350 3405 3450 3375 3425 3325 3505 3425]
[3250 3195 3140 3055 3250 3285 3415 3385] [3565 3485 3255 3450 3235 3175 3380 3510]
COM3 1 55
1
[3140 2985 2925 3070 2985 3035 3060 3180] [3210 2985 3260 3215 3120 3165 3220 3295]
[3145 3245 3035 3090 2995 3045 2905 2940] [3435 3200 3310 3325 3120 3270 3175 3290]
[3020 3115 3125 2935 3030 3185 3145 3110] [3170 3315 3265 3010 3220 3125 3185 3040]
[3085 3065 3215 2925 3000 3050 3140 3175] [3175 3220 3365 3340 3250 3100 3200 3270]
[3225 3285 3060 3060 3185 2990 3185 3060] [3450 3160 3480 3015 3150 3340 3075 3325]
[3080 3230 3215 3195 3105 3155 3270 3125] [3315 3330 3140 3340 3065 3210 3395 3230]
[3200 3035 3190 3245 3165 3030 3105 3075] [3320 3080 3505 3315 3275 3195 3315 3110]
[3250 3195 3140 3055 3250 3285 3415 3385] [3145 3535 3225 3365 3435 3150 3320 3085]
COM7 0 56
1
[3105 2970 2955 2975 3015 2955 3105 3265] [3210 2985 3260 3215 3120 3165 3220 3295]
[3065 3085 2955 3105 3010 2950 3220 2945] [3435 3200 3310 3325 3120 3270 3175 3290]
[2995 3125 3175 3110 3120 3035 3100 2995] [3170 3315 3265 3010 3220 3125 3185 3040]
[3010 3060 3180 2905 3120 3095 3045 2915] [3175 3220 3365 3340 3250 3100 3200 3270]
[3240 3100 3200 3065 3110 3095 3110 3140] [3450 3160 3480 3015 3150 3340 3075 3325]
[3110 3175 3260 3135 3150 3105 3165 3205] [3315 3330 3140 3340 3065 3210 3395 3230]
[3340 3255 3250 3070 2850 3085 3260 3115] [3320 3080 3505 3315 3275 3195 3315 3110]
[3415 3300 3385 2980 3090 3260 3305 3090] [3145 3535 3225 3365 3435 3150 3320 3085]
COM3 1 57
1
[3105 2970 2955 2975 3015 2955 3105 3265] [3165 3190 3350 3240 3185 3180 3230 3275]
[3065 3085 2955 3105 3010 2950 3220 2945] [3345 3165 3340 3145 3090 3150 3170 3080]
[2995 3125 3175 3110 3120 3035 3100 2995] [3165 3400 3240 3065 3340 3105 3115 3185]
[3010 3060 3180 2905 3120 3095 3045 2915] [3365 3130 3170 3135 3125 3395 3205 3155]
[3240 3100 3200 3065 3110 3095 3110 3140] [3205 3445 3285 3050 3200 3215 3240 3380]
[3110 3175 3260 3135 3150 3105 3165 3205] [3105 3260 3245 3195 3330 3440 3340 3275]
[3340 3255 3250 3070 2850 3085 3260 3115] [3230 3485 3335 3230 3240 3195 3410 3490]
[3415 3300 3385 2980 3090 3260 3305 3090] [3440 3700 3280 3385 3170 3325 3170 3375]
COM7 0 58
1
[2950 3080 2905 3145 2985 3005 3040 3095] [3165 3190 3350 3240 3185 3180 3230 3275]
[3160 3075 2915 3105 3015 3125 3210 3060] [3345 3165 3340 3145 3090 3150 3170 3080]
[3010 2910 3235 3040 3020 3135 2965 3070] [3165 3400 3240 3065 3340 3105 3115 3185]
[2995 3145 3205 2955 3110 2980 3030 2855] [3365 3130 3170 3135 3125 3395 3205 3155]
[3255 3130 3210 3130 3300 3035 3170 3185] [3205 3445 3285 3050 3200 3215 3240 3380]
[3180 3100 3170 3300 2915 3150 3230 3205] [3105 3260 3245 3195 3330 3440 3340 3275]
[3085 3035 3095 3215 3100 3145 3075 2915] [3230 3485 3335 3230 3240 3195 3410 3490]
[3325 3080 3080 2945 3060 3135 3335 3095] [3440 3700 3280 3385 3170 3325 3170 3375]
COM3 1 59
1
[2950 3080 2905 3145 2985 3005 3040 3095] [3315 3235 3370 3195 3440 3070 3225 3215]
[3160 3075 2915 3105 3015 3125 3210 3060] [3425 3450 3495 3270 3145 3465 3220 3070]
[3010 2910 3235 3040 3020 3135 2965 3070] [3470 3250 3425 3395 3205 3060 3325 3040]
[2995 3145 3205 2955 3110 2980 3030 2855] [3470 3305 3430 3390 3150 3225 3160 3255]
[3255 3130 3210 3130 3300 3035 3170 3185] [3260 3330 3280 3315 3325 3160 3365 3340]
[3180 3100 3170 3300 2915 3150 3230 3205] [3380 3405 3505 3170 3160 3130 3295 3510]
[3085 3035 3095 3215 3100 3145 3075 2915] [3455 3590 3605 3295 3320 3310 3445 3490]
[3325 3080 3080 2945 3060 3135 3335 3095] [3625 3305 3415 3645 3325 3245 3225 3465]
COM7 0 60
1
[3095 2890 3040 3005 3110 2885 3150 3040] [3315 3235 3370 3195 3440 3070 3225 3215]
[3225 3065 3065 3055 2970 2960 3150 2915] [3425 3450 3495 3270 3145 3465 3220 3070]
[2980 2885 3030 3080 3035 3125 3150 3040] [3470 3250 3425 3395 3205 3060 3325 3040]
[3090 3050 3265 2995 3105 2975 3035 3050] [3470 3305 3430 3390 3150 3225 3160 3255]
[3265 2960 3185 3125 3270 3175 3245 3365] [3260 3330 3280 3315 3325 3160 3365 3340]
[3080 3295 3215 3065 3205 3160 3115 3135] [3380 3405 3505 3170 3160 3130 3295 3510]
[3200 3225 3180 3155 3160 3070 3155 3030] [3455 3590 3605 3295 3320 3310 3445 3490]
[3140 3135 3135 3285 3125 3230 3385 3320] [3625 3305 3415 3645 3325 3245 3225 3465]
COM3 1 61
1
[3095 2890 3040 3005 3110 2885 3150 3040] [3275 3240 3150 3205 3155 3060 3225 3210]
[3225 3065 3065 3055 2970 2960 3150 2915] [3405 3195 3160 3190 3170 3280 3210 3115]
[2980 2885 3030 3080 3035 3125 3150 3040] [3380 3270 3235 3240 3465 3150 3305 3045]
[3090 3050 3265 2995 3105 2975 3035 3050] [3205 3215 3315 3385 3180 3270 3105 3190]
[3265 2960 3185 3125 3270 3175 3245 3365] [3370 3325 3255 3230 3250 3365 3265 3290]
[3080 3295 3215 3065 3205 3160 3115 3135] [3245 3240 3295 3395 3175 3210 3350 3155]
[3200 3225 3180 3155 3160 3070 3155 3030] [3145 3340 3470 3400 3190 3240 3250 3355]
[3140 3135 3135 3285 3125 3230 3385 3320] [3100 3490 3310 3215 3415 3475 3145 3515]
COM7 0 62
1
[3105 2975 2900 2925 3080 2985 3060 3000] [3275 3240 3150 3205 3155 3060 3225 3210]
[3220 3240 2965 3225 3065 2890 3145 2935] [3405 3195 3160 3190 3170 3280 3210 3115]
[2915 2925 3155 2975 2925 3135 3085 3130] [3380 3270 3235 3240 3465 3150 3305 3045]
[3095 3080 3220 3040 3235 3100 3060 2895] [3205 3215 3315 3385 3180 3270 3105 3190]
[3145 3075 3255 3110 3175 2970 3075 3140] [3370 3325 3255 3230 3250 3365 3265 3290]
[3145 3000 3125 3200 3030 3265 3075 2950] [3245 3240 3295 3395 3175 3210 3350 3155]
[3125 3190 3000 3190 3180 3220 3120 3075] [3145 3340 3470 3400 3190 3240 3250 3355]
[3270 2985 3205 3315 3295 3205 3290 3250] [3100 3490 3310 3215 3415 3475 3145 3515]
COM3 1 63
1
[3105 2975 2900 2925 3080 2985 3060 3000] [3275 3050 3310 3125 3045 3195 3060 3255]
[3220 3240 2965 3225 3065 2890 3145 2935] [3230 3090 3200 3025 3105 3250 3230 3170]
[2915 2925 3155 2975 2925 3135 3085 3130] [3290 3330 3375 3215 3315 3105 3115 3090]
[3095 3080 3220 3040 3235 3100 3060 2895] [3220 3195 3175 3320 3125 3130 3175 3075]
[3145 3075 3255 3110 3175 2970 3075 3140] [3430 3370 3340 3095 3060 3115 3230 3230]
[3145 3000 3125 3200 3030 3265 3075 2950] [3220 3200 3325 3350 3170 3225 3195 3050]
[3125 3190 3000 3190 3180 3220 3120 3075] [3145 3335 3340 3260 3275 3115 3210 3320]
[3270 2985 3205 3315 3295 3205 3290 3250] [3330 3335 3240 3390 3045 3020 3345 3395]
COM7 0 64
1
[2975 2860 3035 2970 2990 2910 3205 3155] [3275 3050 3310 3125 3045 3195 3060 3255]
[3170 3190 3070 2995 3000 3055 2990 3140] [3230 3090 3200 3025 3105 3250 3230 3170]
[2955 3035 3175 3105 2980 3095 3040 3055] [3290 3330 3375 3215 3315 3105 3115 3090]
[3195 3080 3220 3065 3145 3100 2945 3060] [3220 3195 3175 3320 3125 3130 3175 3075]
[3265 3055 3195 3105 3195 3175 3195 3320] [3430 3370 3340 3095 3060 3115 3230 3230]
[2960 3065 3220 3145 2960 3155 3235 3055] [3220 3200 3325 3350 3170 3225 3195 3050]
[3135 3170 3115 3240 3185 3240 3170 3105] [3145 3335 3340 3260 3275 3115 3210 3320]
[3240 3080 3075 3240 3090 3110 3180 3330] [3330 3335 3240 3390 3045 3020 3345 3395]
COM3 1 65
1
[2975 2860 3035 2970 2990 2910 3205 3155] [3335 3205 3295 3365 3360 3455 3270 3305]
[3170 3190 3070 2995 3000 3055 2990 3140] [3285 3325 3145 3290 3450 3210 3185 3140]
[2955 3035 3175 3105 2980 3095 3040 3055] [3290 3440 3235 3205 3165 3325 3320 3265]
[3195 3080 3220 3065 3145 3100 2945 3060] [3445 3295 3335 3385 3295 3240 3275 3200]
[3265 3055 3195 3105 3195 3175 3195 3320] [3470 3420 3640 3255 3355 3330 3300 3320]
[2960 3065 3220 3145 2960 3155 3235 3055] [3420 3310 3245 3320 3405 3350 3310 3365]
[3135 3170 3115 3240 3185 3240 3170 3105] [3235 3415 3445 3590 3500 3275 3345 3385]
[3240 3080 3075 3240 3090 3110 3180 3330] [3480 3495 3345 3420 3500 3240 3320 3430]