COM7 0 6
1
[3040 2975 3065 3025 3120 3110 3105 3155] [2930 2830 2995 2905 3170 2890 3005 3045]
[2950 3135 2905 3000 3060 3085 3175 3200] [3005 2880 2885 2800 2870 2930 2965 2965]
[2920 3040 3145 3110 3070 3075 3125 3030] [2855 3195 3000 2910 3045 3000 2975 3020]
[3235 3075 3160 3035 3215 3280 3110 3180] [3070 3035 2995 2885 3135 3050 3020 2945]
[3095 3250 3140 3115 3265 3120 3245 3260] [2980 3015 3000 2885 2965 2995 3075 3080]
[3340 3175 3300 3260 3065 3265 3230 3260] [2990 3000 3035 3240 2825 2925 3135 2995]
[3045 3335 3325 3250 3165 3215 3330 3060] [3070 2895 3020 3030 3065 3205 2995 3135]
[3380 3325 3095 3255 3195 3225 3500 3400] [3015 3035 3220 3095 3035 2990 3100 3175]
COM3 1 7
1
[3040 2975 3065 3025 3120 3110 3105 3155] [3305 3230 3420 3150 3470 3180 3215 3215]
[2950 3135 2905 3000 3060 3085 3175 3200] [3500 3265 3305 3290 3100 3340 3195 3190]
[2920 3040 3145 3110 3070 3075 3125 3030] [3245 3225 3190 3275 3365 3235 3395 3170]
[3235 3075 3160 3035 3215 3280 3110 3180] [3255 3525 3295 3265 3285 3150 3230 3150]
[3095 3250 3140 3115 3265 3120 3245 3260] [3090 3175 3345 3160 3235 3255 3480 3155]
[3340 3175 3300 3260 3065 3265 3230 3260] [3085 3265 3245 3290 3380 3295 3265 3095]
[3045 3335 3325 3250 3165 3215 3330 3060] [3540 3575 3565 3405 3290 3535 3470 3355]
[3380 3325 3095 3255 3195 3225 3500 3400] [3400 3550 3325 3440 3360 3165 3465 3565]
COM7 0 8
1
[3055 2915 3010 2990 2970 2865 3000 2900] [3305 3230 3420 3150 3470 3180 3215 3215]
[3105 3020 2745 3005 2765 2890 2930 3105] [3500 3265 3305 3290 3100 3340 3195 3190]
[2950 2905 3080 2850 2815 2930 3055 2950] [3245 3225 3190 3275 3365 3235 3395 3170]
[3100 2880 3020 2935 3025 2970 3000 2825] [3255 3525 3295 3265 3285 3150 3230 3150]
[2935 2940 2900 2945 3215 3035 2990 3180] [3090 3175 3345 3160 3235 3255 3480 3155]
[3025 2805 2975 3005 2935 2995 2955 3155] [3085 3265 3245 3290 3380 3295 3265 3095]
[2745 3165 3220 3270 2995 2990 2840 3035] [3540 3575 3565 3405 3290 3535 3470 3355]
[3160 3130 3050 3095 2865 3095 3170 2980] [3400 3550 3325 3440 3360 3165 3465 3565]
COM3 1 9
1
[3055 2915 3010 2990 2970 2865 3000 2900] [3045 3265 3295 3295 3015 3055 3195 3255]
[3105 3020 2745 3005 2765 2890 2930 3105] [3290 3140 3245 3130 3070 3200 3120 3085]
[2950 2905 3080 2850 2815 2930 3055 2950] [3215 3225 3305 3185 3250 3085 3135 3280]
[3100 2880 3020 2935 3025 2970 3000 2825] [3245 3505 3250 3210 3380 3125 3340 3180]
[2935 2940 2900 2945 3215 3035 2990 3180] [3300 3180 3290 3215 3265 3175 3175 3455]
[3025 2805 2975 3005 2935 2995 2955 3155] [3095 3100 3245 3345 3195 3225 3350 3260]
[2745 3165 3220 3270 2995 2990 2840 3035] [3325 3290 3290 3305 3325 2975 3265 3475]
[3160 3130 3050 3095 2865 3095 3170 2980] [3310 3455 3320 3340 3125 3040 3370 3305]
COM7 0 10
1
[2840 2790 2865 2695 2645 2765 2750 2580] [3045 3265 3295 3295 3015 3055 3195 3255]
[2985 2930 2915 2925 2840 2885 2795 2810] [3290 3140 3245 3130 3070 3200 3120 3085]
[2795 2805 2910 2785 2545 2750 2780 2800] [3215 3225 3305 3185 3250 3085 3135 3280]
[2705 2820 2905 2710 2895 2715 2715 2630] [3245 3505 3250 3210 3380 3125 3340 3180]
[3015 3045 2915 2795 2980 2950 2990 2935] [3300 3180 3290 3215 3265 3175 3175 3455]
[2660 3020 2935 2925 2820 3030 2975 2790] [3095 3100 3245 3345 3195 3225 3350 3260]
[2975 2830 3045 2910 2850 2755 2525 2965] [3325 3290 3290 3305 3325 2975 3265 3475]
[3225 2775 2905 2740 2825 2885 3330 2665] [3310 3455 3320 3340 3125 3040 3370 3305]
COM3 1 11
1
[2840 2790 2865 2695 2645 2765 2750 2580] [3165 3395 3310 3160 3275 3205 3185 3285]
[2985 2930 2915 2925 2840 2885 2795 2810] [3140 3350 3175 3210 3005 3250 3130 3085]
[2795 2805 2910 2785 2545 2750 2780 2800] [3340 3325 3280 3290 3360 3140 3190 3105]
[2705 2820 2905 2710 2895 2715 2715 2630] [3265 3255 3360 3340 3250 3065 3205 3000]
[3015 3045 2915 2795 2980 2950 2990 2935] [3470 3285 3245 3160 3350 3165 3345 3490]
[2660 3020 2935 2925 2820 3030 2975 2790] [3430 3455 3355 3370 3235 3230 3360 3360]
[2975 2830 3045 2910 2850 2755 2525 2965] [3805 3495 3585 3490 3370 3280 3340 3135]
[3225 2775 2905 2740 2825 2885 3330 2665] [3375 3495 3360 3350 3150 3300 3375 3405]
COM7 0 12
1
[2915 3085 3020 3185 2995 3085 2975 2990] [3165 3395 3310 3160 3275 3205 3185 3285]
[3170 3130 2980 3245 2975 3005 2930 2945] [3140 3350 3175 3210 3005 3250 3130 3085]
[2920 2995 3045 3040 3045 3025 3045 3215] [3340 3325 3280 3290 3360 3140 3190 3105]
[2960 3090 3070 3025 3065 3055 3175 3130] [3265 3255 3360 3340 3250 3065 3205 3000]
[2945 2945 3060 2995 3265 2935 3225 3135] [3470 3285 3245 3160 3350 3165 3345 3490]
[3190 3320 3155 3175 2990 3105 3235 2920] [3430 3455 3355 3370 3235 3230 3360 3360]
[3215 3070 3135 3060 3185 3015 2925 3170] [3805 3495 3585 3490 3370 3280 3340 3135]
[3105 3145 3165 3190 3075 3055 3190 3265] [3375 3495 3360 3350 3150 3300 3375 3405]
COM3 1 13
1
[2915 3085 3020 3185 2995 3085 2975 2990] [3195 3235 3145 3105 3490 3170 3035 3125]
[3170 3130 2980 3245 2975 3005 2930 2945] [3140 3235 3290 3050 3000 3260 3225 3140]
[2920 2995 3045 3040 3045 3025 3045 3215] [3115 3210 3200 3160 3375 3105 3100 2975]
[2960 3090 3070 3025 3065 3055 3175 3130] [3440 3180 3365 3310 3135 3145 3140 3170]
[2945 2945 3060 2995 3265 2935 3225 3135] [3340 3565 3290 3275 3355 3225 3180 3375]
[3190 3320 3155 3175 2990 3105 3235 2920] [3180 3280 3260 3335 3275 3130 3295 3195]
[3215 3070 3135 3060 3185 3015 2925 3170] [3295 3475 3355 3325 3325 3235 3315 3195]
[3105 3145 3165 3190 3075 3055 3190 3265] [3510 3450 3320 3225 3240 3620 3395 3455]
COM7 0 14
1
[3125 3000 2975 2865 3025 2855 3095 3020] [3195 3235 3145 3105 3490 3170 3035 3125]
[3090 3075 2900 3130 3115 2955 3150 3085] [3140 3235 3290 3050 3000 3260 3225 3140]
[2930 2980 3080 2930 3065 3090 3020 3040] [3115 3210 3200 3160 3375 3105 3100 2975]
[2970 3050 2905 3080 3065 3075 3090 3105] [3440 3180 3365 3310 3135 3145 3140 3170]
[3100 3010 2975 3125 3025 3105 3025 3135] [3340 3565 3290 3275 3355 3225 3180 3375]
[3190 3165 3160 3260 2880 3215 3060 3010] [3180 3280 3260 3335 3275 3130 3295 3195]
[2895 3000 3145 3060 3135 3105 3110 2985] [3295 3475 3355 3325 3325 3235 3315 3195]
[3150 3160 3090 3055 3090 3295 3285 3050] [3510 3450 3320 3225 3240 3620 3395 3455]
COM3 1 15
1
[3125 3000 2975 2865 3025 2855 3095 3020] [3165 3280 3430 3110 3220 2960 3255 3200]
[3090 3075 2900 3130 3115 2955 3150 3085] [3385 3235 3325 3135 3240 3285 3245 3240]
[2930 2980 3080 2930 3065 3090 3020 3040] [3240 3395 3340 3315 3195 3165 3155 3250]
[2970 3050 2905 3080 3065 3075 3090 3105] [3100 3295 3290 3295 3225 3000 3050 3070]
[3100 3010 2975 3125 3025 3105 3025 3135] [3525 3385 3280 3115 3075 3235 3335 3155]
[3190 3165 3160 3260 2880 3215 3060 3010] [3105 3300 3165 3370 3250 3325 3220 3355]
[2895 3000 3145 3060 3135 3105 3110 2985] [3375 3245 3440 3305 3205 3135 3330 3345]
[3150 3160 3090 3055 3090 3295 3285 3050] [3260 3540 3410 3470 3245 3050 3170 3095]
COM7 0 16
1
[2905 2840 2945 2970 2975 2985 3235 2930] [3165 3280 3430 3110 3220 2960 3255 3200]
[3165 3070 3000 3130 2980 3125 2995 3080] [3385 3235 3325 3135 3240 3285 3245 3240]
[2945 3015 2915 2945 2995 3005 2940 3145] [3240 3395 3340 3315 3195 3165 3155 3250]
[2880 2875 3035 2970 2995 3020 3110 2945] [3100 3295 3290 3295 3225 3000 3050 3070]
[3205 3125 3310 2970 3225 2925 3195 3240] [3525 3385 3280 3115 3075 3235 3335 3155]
[2960 3110 3145 3315 3085 2960 3115 3015] [3105 3300 3165 3370 3250 3325 3220 3355]
[3235 3190 3205 2965 3040 3180 2970 3180] [3375 3245 3440 3305 3205 3135 3330 3345]
[3200 3225 3020 3185 3140 3075 3020 3340] [3260 3540 3410 3470 3245 3050 3170 3095]
COM3 1 17
1
[2905 2840 2945 2970 2975 2985 3235 2930] [3470 3380 3455 3405 3505 3380 3320 3425]
[3165 3070 3000 3130 2980 3125 2995 3080] [3650 3410 3470 3495 3295 3555 3435 3520]
[2945 3015 2915 2945 2995 3005 2940 3145] [3450 3455 3480 3360 3420 3365 3305 3445]
[2880 2875 3035 2970 2995 3020 3110 2945] [3520 3620 3460 3400 3495 3450 3325 3320]
[3205 3125 3310 2970 3225 2925 3195 3240] [3590 3675 3435 3430 3365 3275 3365 3370]
[2960 3110 3145 3315 3085 2960 3115 3015] [3475 3505 3530 3600 3290 3605 3335 3410]
[3235 3190 3205 2965 3040 3180 2970 3180] [3835 3540 3850 3310 3485 3345 3510 3385]
[3200 3225 3020 3185 3140 3075 3020 3340] [3670 3750 3670 3700 3795 3470 3740 3295]
COM7 0 18
1
[2860 2895 2845 2910 2870 2780 2920 2935] [3470 3380 3455 3405 3505 3380 3320 3425]
[2940 2950 2890 2795 2945 2895 2795 2835] [3650 3410 3470 3495 3295 3555 3435 3520]
[2780 3010 2830 2895 2745 2970 2865 2755] [3450 3455 3480 3360 3420 3365 3305 3445]
[2815 2925 2925 2895 3065 2905 2765 2775] [3520 3620 3460 3400 3495 3450 3325 3320]
[3020 2900 2955 2945 3070 2915 2940 2930] [3590 3675 3435 3430 3365 3275 3365 3370]
[3035 3000 3135 2835 2900 2970 3040 2935] [3475 3505 3530 3600 3290 3605 3335 3410]
[3110 3095 2975 3065 2830 2955 2870 2870] [3835 3540 3850 3310 3485 3345 3510 3385]
[2950 2950 3055 3050 3040 2875 3035 3050] [3670 3750 3670 3700 3795 3470 3740 3295]
COM3 1 19
1
[2860 2895 2845 2910 2870 2780 2920 2935] [3210 3190 3305 2960 3240 3105 3150 3160]
[2940 2950 2890 2795 2945 2895 2795 2835] [3255 3255 3140 3200 3075 3135 3170 2985]
[2780 3010 2830 2895 2745 2970 2865 2755] [3105 3040 3050 3110 3185 2995 3045 3215]
[2815 2925 2925 2895 3065 2905 2765 2775] [3210 3185 3265 3205 3250 3150 3210 3180]
[3020 2900 2955 2945 3070 2915 2940 2930] [3255 3180 3230 3075 3070 3145 3080 3205]
[3035 3000 3135 2835 2900 2970 3040 2935] [3245 3230 3220 3250 3295 3215 3310 3390]
[3110 3095 2975 3065 2830 2955 2870 2870] [3290 3240 3305 3330 3295 3140 3350 3385]
[2950 2950 3055 3050 3040 2875 3035 3050] [3135 3365 3055 3470 3440 3210 3170 3215]
COM7 0 20
1
[2930 2925 2835 3000 2895 2920 2990 2990] [3210 3190 3305 2960 3240 3105 3150 3160]
[3005 3050 2915 2975 2970 2980 2895 3030] [3255 3255 3140 3200 3075 3135 3170 2985]
[2855 2850 3155 2855 2970 3015 3060 3055] [3105 3040 3050 3110 3185 2995 3045 3215]
[3020 3100 3045 2945 3105 2870 2905 3130] [3210 3185 3265 3205 3250 3150 3210 3180]
[3155 3145 3145 2990 3025 2975 3200 3240] [3255 3180 3230 3075 3070 3145 3080 3205]
[3110 3135 3110 3195 2965 3040 3115 3200] [3245 3230 3220 3250 3295 3215 3310 3390]
[3085 2950 3040 3215 3065 3005 2995 3140] [3290 3240 3305 3330 3295 3140 3350 3385]
[3245 3000 3095 2935 2950 3210 3320 3010] [3135 3365 3055 3470 3440 3210 3170 3215]
COM3 1 21
1
[2930 2925 2835 3000 2895 2920 2990 2990] [3025 3315 3350 3145 3270 3170 3150 3235]
[3005 3050 2915 2975 2970 2980 2895 3030] [3275 3145 3090 3060 3205 3175 3135 2990]
[2855 2850 3155 2855 2970 3015 3060 3055] [3280 3120 3330 3025 3185 3010 3130 3040]
[3020 3100 3045 2945 3105 2870 2905 3130] [3080 3390 3130 3370 3150 3135 3285 3055]
[3155 3145 3145 2990 3025 2975 3200 3240] [3295 3260 3295 2875 3265 3285 3170 3090]
[3110 3135 3110 3195 2965 3040 3115 3200] [3005 3200 3255 3285 3315 3375 3320 3150]
[3085 2950 3040 3215 3065 3005 2995 3140] [3345 3315 3370 3030 3200 3075 3095 3270]
[3245 3000 3095 2935 2950 3210 3320 3010] [3185 3455 3440 3285 3125 3045 3370 3230]
COM7 0 22
1
[2935 2640 2905 2910 2780 2790 2765 2775] [3025 3315 3350 3145 3270 3170 3150 3235]
[2965 3135 2715 2945 2935 2985 2890 2870] [3275 3145 3090 3060 3205 3175 3135 2990]
[2765 2840 2940 2980 2775 2915 3025 2950] [3280 3120 3330 3025 3185 3010 3130 3040]
[3055 2910 3080 2835 2990 3000 2850 2805] [3080 3390 3130 3370 3150 3135 3285 3055]
[2895 2985 3095 2985 3090 2860 3085 3085] [3295 3260 3295 2875 3265 3285 3170 3090]
[3000 3090 3155 3105 2985 3235 3075 3005] [3005 3200 3255 3285 3315 3375 3320 3150]
[3010 2940 2925 3165 3025 3040 2835 3080] [3345 3315 3370 3030 3200 3075 3095 3270]
[3215 2950 3090 3010 3085 3200 3075 3105] [3185 3455 3440 3285 3125 3045 3370 3230]
COM3 1 23
1
[2935 2640 2905 2910 2780 2790 2765 2775] [2975 2975 3075 3015 3065 3135 3075 3185]
[2965 3135 2715 2945 2935 2985 2890 2870] [3115 3165 3175 2845 2955 3040 3005 3070]
[2765 2840 2940 2980 2775 2915 3025 2950] [3235 3175 3160 3135 3255 3005 3080 3050]
[3055 2910 3080 2835 2990 3000 2850 2805] [3005 3355 3015 3105 3040 3065 3150 2945]
[2895 2985 3095 2985 3090 2860 3085 3085] [3075 3255 3225 3200 3125 3135 3170 3120]
[3000 3090 3155 3105 2985 3235 3075 3005] [2995 3205 3090 3260 3230 3120 3125 3205]
[3010 2940 2925 3165 3025 3040 2835 3080] [3110 3385 3285 3095 3050 3065 3265 3280]
[3215 2950 3090 3010 3085 3200 3075 3105] [3160 3285 3375 3195 2945 3300 3025 3270]
COM7 0 24
1
[2975 2965 2760 2970 2985 2865 2960 2810] [2975 2975 3075 3015 3065 3135 3075 3185]
[2955 3125 2845 3040 3040 2900 2905 3025] [3115 3165 3175 2845 2955 3040 3005 3070]
[2900 2995 3120 2970 2935 3010 3035 2950] [3235 3175 3160 3135 3255 3005 3080 3050]
[3085 3010 3125 2875 3100 3135 3085 2840] [3005 3355 3015 3105 3040 3065 3150 2945]
[3050 2975 2985 2860 3170 3025 2945 3180] [3075 3255 3225 3200 3125 3135 3170 3120]
[2860 3005 3120 3220 3035 2985 3245 2850] [2995 3205 3090 3260 3230 3120 3125 3205]
[3115 3010 3005 3115 2975 3020 2985 2955] [3110 3385 3285 3095 3050 3065 3265 3280]
[3225 3120 2965 3050 3045 3245 3080 3320] [3160 3285 3375 3195 2945 3300 3025 3270]
COM3 1 25
1
[2975 2965 2760 2970 2985 2865 2960 2810] [3320 3495 3570 3410 3545 3225 3305 3290]
[2955 3125 2845 3040 3040 2900 2905 3025] [3550 3425 3550 3460 3365 3395 3455 3265]
[2900 2995 3120 2970 2935 3010 3035 2950] [3385 3460 3525 3350 3420 3295 3370 3320]
[3085 3010 3125 2875 3100 3135 3085 2840] [3610 3495 3545 3590 3445 3345 3350 3405]
[3050 2975 2985 2860 3170 3025 2945 3180] [3510 3650 3530 3510 3520 3345 3330 3305]
[2860 3005 3120 3220 3035 2985 3245 2850] [3395 3675 3605 3395 3430 3410 3355 3540]
[3115 3010 3005 3115 2975 3020 2985 2955] [3590 3535 3565 3475 3480 3530 3535 3555]
[3225 3120 2965 3050 3045 3245 3080 3320] [3725 3715 3690 3485 3420 3690 3485 3745]
COM7 0 26
1
[3100 2980 3040 2970 3020 2985 3075 2885] [3320 3495 3570 3410 3545 3225 3305 3290]
[3050 3100 2890 3050 3060 3065 2925 3075] [3550 3425 3550 3460 3365 3395 3455 3265]
[2925 2980 3115 2900 2900 3085 3005 3180] [3385 3460 3525 3350 3420 3295 3370 3320]
[3080 3080 3065 2835 3110 2980 2920 3095] [3610 3495 3545 3590 3445 3345 3350 3405]
[3185 3100 3225 3045 3205 3095 3020 3140] [3510 3650 3530 3510 3520 3345 3330 3305]
[3115 3060 3115 3175 2985 3105 3160 3065] [3395 3675 3605 3395 3430 3410 3355 3540]
[3150 3105 2940 3110 2955 3105 2900 3040] [3590 3535 3565 3475 3480 3530 3535 3555]
[3235 3040 3255 2990 3060 3195 3175 3140] [3725 3715 3690 3485 3420 3690 3485 3745]
COM3 1 27
1
[3100 2980 3040 2970 3020 2985 3075 2885] [3255 3095 3235 3195 3035 3075 3230 3120]
[3050 3100 2890 3050 3060 3065 2925 3075] [3025 3250 3240 3280 3120 3190 3195 2965]
[2925 2980 3115 2900 2900 3085 3005 3180] [3245 3220 3295 3170 3215 3125 3145 3050]
[3080 3080 3065 2835 3110 2980 2920 3095] [3405 3370 3345 3175 3335 3195 3300 3055]
[3185 3100 3225 3045 3205 3095 3020 3140] [3280 3425 3310 3065 3270 3140 3235 3140]
[3115 3060 3115 3175 2985 3105 3160 3065] [3130 3280 3220 3330 3295 3220 3280 3170]
[3150 3105 2940 3110 2955 3105 2900 3040] [3450 3275 3250 3280 3200 3430 3290 3270]
[3235 3040 3255 2990 3060 3195 3175 3140] [3685 3275 3115 3435 3335 3330 3455 3385]
COM7 0 28
1
[3155 3030 2870 3105 3055 2975 2985 2970] [3255 3095 3235 3195 3035 3075 3230 3120]
[3185 3135 3070 3115 3060 2955 3050 2960] [3025 3250 3240 3280 3120 3190 3195 2965]
[2920 3050 3080 2855 2960 3015 3110 3060] [3245 3220 3295 3170 3215 3125 3145 3050]
[3085 3065 3160 3035 3050 3040 3070 3125] [3405 3370 3345 3175 3335 3195 3300 3055]
[3100 3095 3110 2920 3240 3105 3220 3235] [3280 3425 3310 3065 3270 3140 3235 3140]
[3025 3235 3155 3310 3075 3170 3190 3105] [3130 3280 3220 3330 3295 3220 3280 3170]
[2975 3240 3100 3135 3205 3070 2870 3130] [3450 3275 3250 3280 3200 3430 3290 3270]
[3265 3130 3060 3110 3085 3235 3330 3045] [3685 3275 3115 3435 3335 3330 3455 3385]
COM3 1 29
1
[3155 3030 2870 3105 3055 2975 2985 2970] [2935 3005 2990 2940 2995 2850 3020 3100]
[3185 3135 3070 3115 3060 2955 3050 2960] [2985 2960 3015 2815 2955 3075 2940 2925]
[2920 3050 3080 2855 2960 3015 3110 3060] [2955 2950 3120 3020 3110 2875 2955 2950]
[3085 3065 3160 3035 3050 3040 3070 3125] [2940 2970 3160 3015 3065 2875 3105 2870]
[3100 3095 3110 2920 3240 3105 3220 3235] [3060 3165 3080 2955 3000 3125 3045 3060]
[3025 3235 3155 3310 3075 3170 3190 3105] [3000 3050 2930 3120 3080 3075 3025 3175]
[2975 3240 3100 3135 3205 3070 2870 3130] [2945 3125 3115 3105 2905 2975 3250 3225]
[3265 3130 3060 3110 3085 3235 3330 3045] [2995 2915 3225 3400 2880 3180 3090 3070]
COM7 0 30
1
[2950 2985 3025 2995 3025 2900 3060 2835] [2935 3005 2990 2940 2995 2850 3020 3100]
[2920 3130 3040 3050 3000 2970 3045 3135] [2985 2960 3015 2815 2955 3075 2940 2925]
[2905 3015 3045 2985 3125 3175 3175 3095] [2955 2950 3120 3020 3110 2875 2955 2950]
[3065 3075 3310 3055 3095 3050 3160 3200] [2940 2970 3160 3015 3065 2875 3105 2870]
[3100 3175 3080 2975 3225 3205 3235 3260] [3060 3165 3080 2955 3000 3125 3045 3060]
[3040 3265 3265 2950 3125 2970 3190 3050] [3000 3050 2930 3120 3080 3075 3025 3175]
[3145 3295 3240 3050 2985 3010 3125 3060] [2945 3125 3115 3105 2905 2975 3250 3225]
[3365 3260 2955 3260 2995 3160 3325 3050] [2995 2915 3225 3400 2880 3180 3090 3070]
COM3 1 31
1
[2950 2985 3025 2995 3025 2900 3060 2835] [3520 3315 3150 3205 3325 3070 3285 3375]
[2920 3130 3040 3050 3000 2970 3045 3135] [3250 3245 3395 3125 3115 3340 3195 3060]
[2905 3015 3045 2985 3125 3175 3175 3095] [3235 3100 3475 3350 3280 3235 3275 3210]
[3065 3075 3310 3055 3095 3050 3160 3200] [3315 3455 3240 3125 3155 3260 3230 3150]
[3100 3175 3080 2975 3225 3205 3235 3260] [3470 3710 3300 3105 3070 3165 3230 3360]
[3040 3265 3265 2950 3125 2970 3190 3050] [3225 3315 3320 3315 3135 3340 3420 3340]
[3145 3295 3240 3050 2985 3010 3125 3060] [3285 3335 3315 3415 3330 3405 3450 3350]
[3365 3260 2955 3260 2995 3160 3325 3050] [3510 3380 3230 3425 3385 3515 3195 3525]
COM7 0 32
1
[2990 2895 2815 3015 2805 2935 3105 3005] [3520 3315 3150 3205 3325 3070 3285 3375]
[3085 3095 2885 3115 2940 2890 3025 3085] [3250 3245 3395 3125 3115 3340 3195 3060]
[2790 2885 2995 3035 2960 3015 3045 2915] [3235 3100 3475 3350 3280 3235 3275 3210]
[3160 3005 3155 2985 3105 3030 3045 3125] [3315 3455 3240 3125 3155 3260 3230 3150]
[3075 3000 3165 3035 3015 3005 3005 3030] [3470 3710 3300 3105 3070 3165 3230 3360]
[3045 3045 3155 3075 2985 3075 3265 3040] [3225 3315 3320 3315 3135 3340 3420 3340]
[3050 2985 3140 3135 3060 3085 2975 3080] [3285 3335 3315 3415 3330 3405 3450 3350]
[3080 3095 3090 3265 3060 3280 3170 3370] [3510 3380 3230 3425 3385 3515 3195 3525]
COM3 1 33
1
[2990 2895 2815 3015 2805 2935 3105 3005] [3105 3150 3250 3450 3260 3145 2985 3280]
[3085 3095 2885 3115 2940 2890 3025 3085] [3415 3300 3090 3245 3200 3225 3125 3070]
[2790 2885 2995 3035 2960 3015 3045 2915] [3325 3430 3320 3065 3255 2985 3150 3150]
[3160 3005 3155 2985 3105 3030 3045 3125] [3415 3305 3300 3300 3130 3120 3300 3115]
[3075 3000 3165 3035 3015 3005 3005 3030] [3355 3480 3285 3290 3125 3105 3280 3305]
[3045 3045 3155 3075 2985 3075 3265 3040] [2965 3180 3405 3335 3315 3365 3385 3435]
[3050 2985 3140 3135 3060 3085 2975 3080] [3275 3345 3285 3125 3295 3295 3270 3390]
[3080 3095 3090 3265 3060 3280 3170 3370] [3295 3425 3325 3400 3320 3300 3330 3390]
COM7 0 34
1
[3070 2715 2945 2840 2920 2855 2910 2905] [3105 3150 3250 3450 3260 3145 2985 3280]
[2835 2855 2920 3015 3025 3065 3050 3000] [3415 3300 3090 3245 3200 3225 3125 3070]
[2815 3000 2965 2805 2790 2990 2960 2800] [3325 3430 3320 3065 3255 2985 3150 3150]
[3045 2785 3085 2865 3035 3000 3000 3105] [3415 3305 3300 3300 3130 3120 3300 3115]
[3010 2905 3080 3010 2975 2845 2910 3100] [3355 3480 3285 3290 3125 3105 3280 3305]
[2850 3125 3100 3035 2880 2870 3095 2940] [2965 3180 3405 3335 3315 3365 3385 3435]
[3085 3055 2890 2920 2880 2840 2895 2975] [3275 3345 3285 3125 3295 3295 3270 3390]
[3105 3160 3005 3095 3075 3270 3045 2940] [3295 3425 3325 3400 3320 3300 3330 3390]
COM3 1 35
1
[3070 2715 2945 2840 2920 2855 2910 2905] [3375 3125 3235 3370 3070 3110 3200 3225]
[2835 2855 2920 3015 3025 3065 3050 3000] [3140 3005 3245 3095 3175 3220 3230 3260]
[2815 3000 2965 2805 2790 2990 2960 2800] [3205 3170 2990 3170 3125 3255 3235 3285]
[3045 2785 3085 2865 3035 3000 3000 3105] [3420 3225 3215 3300 3165 3130 3340 3115]
[3010 2905 3080 3010 2975 2845 2910 3100] [3185 3335 3290 3010 3290 3160 3290 3335]
[2850 3125 3100 3035 2880 2870 3095 2940] [3165 3245 3135 3210 3190 3255 3435 3470]
[3085 3055 2890 2920 2880 2840 2895 2975] [3280 3275 3295 3125 3140 3195 3245 3265]
[3105 3160 3005 3095 3075 3270 3045 2940] [3370 3495 3340 3390 3310 3040 3320 3490]
COM7 0 36
1
[3105 2970 3025 3045 2950 3075 3160 3035] [3375 3125 3235 3370 3070 3110 3200 3225]
[3170 3215 3035 3105 3070 3070 3060 3190] [3140 3005 3245 3095 3175 3220 3230 3260]
[2975 3075 3050 3155 2970 3055 3040 3070] [3205 3170 2990 3170 3125 3255 3235 3285]
[2980 3070 3225 3070 3140 3085 3015 3060] [3420 3225 3215 3300 3165 3130 3340 3115]
[3100 3050 3175 2970 3125 3040 3230 3260] [3185 3335 3290 3010 3290 3160 3290 3335]
[3075 3240 3170 3260 2965 3215 3265 2935] [3165 3245 3135 3210 3190 3255 3435 3470]
[3045 3260 3210 3280 3070 3265 3095 3080] [3280 3275 3295 3125 3140 3195 3245 3265]
[3240 3040 3030 2960 3235 3180 3005 3050] [3370 3495 3340 3390 3310 3040 3320 3490]
COM3 1 37
1
[3105 2970 3025 3045 2950 3075 3160 3035] [3235 3185 3230 3215 3175 3135 3085 3075]
[3170 3215 3035 3105 3070 3070 3060 3190] [3040 3105 3235 3060 2875 3220 3230 3070]
[2975 3075 3050 3155 2970 3055 3040 3070] [3205 3190 3255 3090 3195 3165 3185 3010]
[2980 3070 3225 3070 3140 3085 3015 3060] [3180 3220 3300 3095 3135 3195 3105 3145]
[3100 3050 3175 2970 3125 3040 3230 3260] [3060 3020 3155 3235 3270 3135 3240 3350]
[3075 3240 3170 3260 2965 3215 3265 2935] [3000 3245 3385 3325 3200 3205 3205 3225]
[3045 3260 3210 3280 3070 3265 3095 3080] [3365 3540 3195 3275 3440 3170 3225 3310]
[3240 3040 3030 2960 3235 3180 3005 3050] [3305 3285 3440 3410 3185 2985 3380 3450]
COM7 0 38
1
[2725 2625 2775 3050 2780 2670 2905 2885] [3235 3185 3230 3215 3175 3135 3085 3075]
[2895 2935 2630 2975 2970 2925 2730 2865] [3040 3105 3235 3060 2875 3220 3230 3070]
[2745 2790 2805 2925 2835 2905 2980 3060] [3205 3190 3255 3090 3195 3165 3185 3010]
[2740 2840 3000 2835 2880 2950 2850 3010] [3180 3220 3300 3095 3135 3195 3105 3145]
[2845 2750 3100 2860 2925 2880 3025 2980] [3060 3020 3155 3235 3270 3135 3240 3350]
[2925 2910 2955 3000 2915 2720 3035 2740] [3000 3245 3385 3325 3200 3205 3205 3225]
[2950 2860 3050 3040 3015 2890 2835 2720] [3365 3540 3195 3275 3440 3170 3225 3310]
[3155 3035 3020 3050 2950 3090 3000 2930] [3305 3285 3440 3410 3185 2985 3380 3450]
COM3 1 39
1
[2725 2625 2775 3050 2780 2670 2905 2885] [3040 3265 3195 3090 3220 3100 3175 3245]
[2895 2935 2630 2975 2970 2925 2730 2865] [3350 3275 3350 3205 3275 3255 3255 3225]
[2745 2790 2805 2925 2835 2905 2980 3060] [3335 3330 3420 2960 3185 3070 3225 3210]
[2740 2840 3000 2835 2880 2950 2850 3010] [3315 3155 3330 3315 3235 2995 3255 3130]
[2845 2750 3100 2860 2925 2880 3025 2980] [3525 3170 3215 3105 3180 3280 3315 3365]
[2925 2910 2955 3000 2915 2720 3035 2740] [3220 3290 3365 3215 3370 3250 3285 3250]
[2950 2860 3050 3040 3015 2890 2835 2720] [3165 3555 3325 3125 3380 3295 3305 3555]
[3155 3035 3020 3050 2950 3090 3000 2930] [3390 3385 3305 3385 3300 3045 3190 3180]
COM7 0 40
1
[2885 2750 2805 2865 3015 2885 2940 2955] [3040 3265 3195 3090 3220 3100 3175 3245]
[3040 3050 2840 3040 2870 2855 2815 2905] [3350 3275 3350 3205 3275 3255 3255 3225]
[2855 2965 2925 2800 2940 3000 2915 2930] [3335 3330 3420 2960 3185 3070 3225 3210]
[2950 2940 2985 2845 3045 2970 3040 2765] [3315 3155 3330 3315 3235 2995 3255 3130]
[3095 3070 3075 2905 3000 2905 3035 3080] [3525 3170 3215 3105 3180 3280 3315 3365]
[2900 3015 2980 3090 2990 3005 3000 2980] [3220 3290 3365 3215 3370 3250 3285 3250]
[3005 2965 3000 3170 2985 3110 3005 2785] [3165 3555 3325 3125 3380 3295 3305 3555]
[3255 2955 2845 3115 3015 3175 3175 3050] [3390 3385 3305 3385 3300 3045 3190 3180]
COM3 1 41
1
[2885 2750 2805 2865 3015 2885 2940 2955] [3210 3290 3145 3100 3220 3200 3095 3215]
[3040 3050 2840 3040 2870 2855 2815 2905] [3350 3230 3315 3165 3325 3345 3210 3000]
[2855 2965 2925 2800 2940 3000 2915 2930] [3230 3375 3255 3230 3140 3225 3275 3050]
[2950 2940 2985 2845 3045 2970 3040 2765] [3315 3485 3300 3270 3215 3260 3170 3125]
[3095 3070 3075 2905 3000 2905 3035 3080] [3210 3285 3365 3135 3170 3215 3405 3150]
[2900 3015 2980 3090 2990 3005 3000 2980] [3290 3205 3400 3295 3065 3275 3335 3165]
[3005 2965 3000 3170 2985 3110 3005 2785] [3370 3525 3370 3340 3210 3315 3480 3290]
[3255 2955 2845 3115 3015 3175 3175 3050] [3530 3430 3360 3370 3265 3420 3335 3195]
COM7 0 42
1
[2840 2875 2615 2880 2815 2780 2945 2830] [3210 3290 3145 3100 3220 3200 3095 3215]
[2880 2950 2805 2950 2805 2670 2825 2810] [3350 3230 3315 3165 3325 3345 3210 3000]
[2755 2805 2890 2820 2900 2915 2835 2835] [3230 3375 3255 3230 3140 3225 3275 3050]
[2835 3025 2995 2985 3065 2810 2795 2870] [3315 3485 3300 3270 3215 3260 3170 3125]
[2845 2940 3080 2915 2950 2970 3145 3020] [3210 3285 3365 3135 3170 3215 3405 3150]
[2905 2825 3075 3150 2935 2745 2965 2910] [3290 3205 3400 3295 3065 3275 3335 3165]
[3060 3015 2825 3015 2865 2935 3000 2935] [3370 3525 3370 3340 3210 3315 3480 3290]
[3090 3045 3050 2930 3055 3050 3100 3000] [3530 3430 3360 3370 3265 3420 3335 3195]
COM3 1 43
1
[2840 2875 2615 2880 2815 2780 2945 2830] [3205 3400 3285 3280 3255 3215 3250 3160]
[2880 2950 2805 2950 2805 2670 2825 2810] [3335 3140 3195 3220 3110 3180 3270 3145]
[2755 2805 2890 2820 2900 2915 2835 2835] [3275 3265 3105 3245 3235 3270 3285 3185]
[2835 3025 2995 2985 3065 2810 2795 2870] [3220 3145 3465 3370 3155 3215 3425 3175]
[2845 2940 3080 2915 2950 2970 3145 3020] [3310 3355 3335 3130 3130 3160 3425 3440]
[2905 2825 3075 3150 2935 2745 2965 2910] [3350 3235 3425 3235 3185 3365 3365 3565]
[3060 3015 2825 3015 2865 2935 3000 2935] [3240 3380 3515 3245 3420 3235 3200 3460]
[3090 3045 3050 2930 3055 3050 3100 3000] [3575 3295 3440 3725 3115 3365 3205 3380]
COM7 0 44
1
[2800 2825 2775 2720 2680 2690 2725 2650] [3205 3400 3285 3280 3255 3215 3250 3160]
[2745 2800 2760 2880 2780 2815 2800 2870] [3335 3140 3195 3220 3110 3180 3270 3145]
[2695 2760 2915 2815 2800 2795 2845 2530] [3275 3265 3105 3245 3235 3270 3285 3185]
[2915 2910 2960 2870 2775 2850 2945 2855] [3220 3145 3465 3370 3155 3215 3425 3175]
[3105 2925 2985 2825 2770 2905 3035 2905] [3310 3355 3335 3130 3130 3160 3425 3440]
[2795 2750 3050 2925 2905 2925 3065 2790] [3350 3235 3425 3235 3185 3365 3365 3565]
[2935 2845 2795 2910 3060 2945 2890 2905] [3240 3380 3515 3245 3420 3235 3200 3460]
[2945 2945 2950 3170 2795 3065 3175 2880] [3575 3295 3440 3725 3115 3365 3205 3380]
COM3 1 45
1
[2800 2825 2775 2720 2680 2690 2725 2650] [3415 3210 3335 3185 3345 3210 3295 3295]
[2745 2800 2760 2880 2780 2815 2800 2870] [3590 3075 3385 3255 3190 3210 3245 3260]
[2695 2760 2915 2815 2800 2795 2845 2530] [3415 3285 3370 3020 3240 3155 3135 3405]
[2915 2910 2960 2870 2775 2850 2945 2855] [3435 3395 3335 3240 3265 3130 3255 3240]
[3105 2925 2985 2825 2770 2905 3035 2905] [3505 3425 3290 3180 3240 3185 3370 3360]
[2795 2750 3050 2925 2905 2925 3065 2790] [3265 3370 3375 3170 3370 3385 3300 3350]
[2935 2845 2795 2910 3060 2945 2890 2905] [3455 3500 3425 3335 3425 3435 3320 3290]
[2945 2945 2950 3170 2795 3065 3175 2880] [3335 3340 3485 3505 3410 3260 3360 3410]
COM7 0 46
1
[2855 2865 2900 2950 2835 2845 2910 3060] [3415 3210 3335 3185 3345 3210 3295 3295]
[2970 3110 2905 2985 2900 3075 2810 2895] [3590 3075 3385 3255 3190 3210 3245 3260]
[2730 2990 3125 2995 2970 2870 2955 2930] [3415 3285 3370 3020 3240 3155 3135 3405]
[3045 2830 3095 2805 3075 2960 2940 2860] [3435 3395 3335 3240 3265 3130 3255 3240]
[3330 3015 3040 2940 2965 2945 2935 3075] [3505 3425 3290 3180 3240 3185 3370 3360]
[2995 2995 3070 3015 3080 2970 3240 2980] [3265 3370 3375 3170 3370 3385 3300 3350]
[2975 3075 2965 3115 2995 3010 2920 2945] [3455 3500 3425 3335 3425 3435 3320 3290]
[2840 3150 3095 3285 2945 3160 3170 3185] [3335 3340 3485 3505 3410 3260 3360 3410]
COM3 1 47
1
[2855 2865 2900 2950 2835 2845 2910 3060] [3365 3125 3325 3310 3435 3075 3075 3100]
[2970 3110 2905 2985 2900 3075 2810 2895] [3140 3305 3240 3150 3125 3245 3070 3210]
[2730 2990 3125 2995 2970 2870 2955 2930] [3435 3275 3305 3240 3150 3075 3125 3050]
[3045 2830 3095 2805 3075 2960 2940 2860] [3270 3170 3150 3230 3205 3135 3255 3110]
[3330 3015 3040 2940 2965 2945 2935 3075] [2990 3325 3300 3060 3155 3045 3210 3210]
[2995 2995 3070 3015 3080 2970 3240 2980] [3055 3290 3235 3290 3275 3230 3145 3335]
[2975 3075 2965 3115 2995 3010 2920 2945] [3365 3400 3345 3135 3205 3340 3405 3195]
[2840 3150 3095 3285 2945 3160 3170 3185] [3265 3480 3310 3435 3330 3135 3110 3385]
COM7 0 48
1
[2965 2690 2790 2965 2920 3010 2920 2940] [3365 3125 3325 3310 3435 3075 3075 3100]
[3005 2925 2705 3015 2945 2855 2930 2930] [3140 3305 3240 3150 3125 3245 3070 3210]
[2820 3005 3060 2945 2980 2835 2865 2800] [3435 3275 3305 3240 3150 3075 3125 3050]
[2975 2910 3095 3005 2980 3020 3020 2995] [3270 3170 3150 3230 3205 3135 3255 3110]
[3090 2995 2995 2885 3095 2925 3075 3060] [2990 3325 3300 3060 3155 3045 3210 3210]
[3135 2970 2910 2935 2910 3035 3105 3075] [3055 3290 3235 3290 3275 3230 3145 3335]
[2985 3090 3075 2955 2955 3005 3075 3080] [3365 3400 3345 3135 3205 3340 3405 3195]
[3205 2940 3010 3170 2835 3095 3050 3055] [3265 3480 3310 3435 3330 3135 3110 3385]
COM3 1 49
1
[2965 2690 2790 2965 2920 3010 2920 2940] [3350 3485 3365 3085 3315 3150 3290 3180]
[3005 2925 2705 3015 2945 2855 2930 2930] [3415 3395 3315 3485 3250 3475 3250 3390]
[2820 3005 3060 2945 2980 2835 2865 2800] [3205 3465 3360 3185 3295 3185 3275 3350]
[2975 2910 3095 3005 2980 3020 3020 2995] [3525 3310 3280 3375 3415 3235 3355 3175]
[3090 2995 2995 2885 3095 2925 3075 3060] [3465 3140 3430 3165 3060 3195 3360 3335]
[3135 2970 2910 2935 2910 3035 3105 3075] [3135 3240 3465 3330 3295 3300 3320 3405]
[2985 3090 3075 2955 2955 3005 3075 3080] [3450 3540 3615 3170 3385 3390 3225 3405]
[3205 2940 3010 3170 2835 3095 3050 3055] [3710 3485 3445 3490 3355 3325 3090 3390]
COM7 0 50
1
[3025 3015 2905 2950 3080 3020 3100 2970] [3350 3485 3365 3085 3315 3150 3290 3180]
[3210 3035 2980 3060 2970 3010 3280 3050] [3415 3395 3315 3485 3250 3475 3250 3390]
[2935 3205 3065 3075 3045 3060 3065 3205] [3205 3465 3360 3185 3295 3185 3275 3350]
[3190 3195 3290 3065 3075 2730 3115 3045] [3525 3310 3280 3375 3415 3235 3355 3175]
[3210 3065 3220 3095 3215 3145 3025 3095] [3465 3140 3430 3165 3060 3195 3360 3335]
[3095 3090 3235 3240 3105 3025 3040 3240] [3135 3240 3465 3330 3295 3300 3320 3405]
[3220 3245 3305 3300 3170 3260 3075 3225] [3450 3540 3615 3170 3385 3390 3225 3405]
[3300 3395 3245 3000 3160 3100 3180 3155] [3710 3485 3445 3490 3355 3325 3090 3390]
COM3 1 51
1
[3025 3015 2905 2950 3080 3020 3100 2970] [3365 3140 3385 3175 3415 3165 3170 3295]
[3210 3035 2980 3060 2970 3010 3280 3050] [3255 3215 3320 3250 3170 3230 3185 3165]
[2935 3205 3065 3075 3045 3060 3065 3205] [3270 3330 3310 3305 3195 3170 3245 3185]
[3190 3195 3290 3065 3075 2730 3115 3045] [3385 3235 3310 3235 3045 3280 3245 3195]
[3210 3065 3220 3095 3215 3145 3025 3095] [3450 3425 3365 3255 3400 3050 3315 3275]
[3095 3090 3235 3240 3105 3025 3040 3240] [3455 3245 3265 3255 3205 3300 3225 3315]
[3220 3245 3305 3300 3170 3260 3075 3225] [3240 3405 3455 3400 3335 3335 3205 3390]
[3300 3395 3245 3000 3160 3100 3180 3155] [3620 3465 3390 3650 3185 3205 3375 3440]
COM7 0 52
1
[2825 2875 2695 2750 2775 2710 2695 2675] [3365 3140 3385 3175 3415 3165 3170 3295]
[2870 2835 2755 2735 2655 2820 2775 2735] [3255 3215 3320 3250 3170 3230 3185 3165]
[2810 2845 2865 2805 2760 2825 2870 3000] [3270 3330 3310 3305 3195 3170 3245 3185]
[2845 2750 3005 2865 2975 2920 2785 2855] [3385 3235 3310 3235 3045 3280 3245 3195]
[2935 2890 2900 2940 2960 2820 2985 2895] [3450 3425 3365 3255 3400 3050 3315 3275]
[2935 2900 3075 2975 2855 2795 3000 2895] [3455 3245 3265 3255 3205 3300 3225 3315]
[2895 3225 2960 2890 2805 3015 2880 2835] [3240 3405 3455 3400 3335 3335 3205 3390]
[3020 2750 2950 3010 2920 2920 3070 3010] [3620 3465 3390 3650 3185 3205 3375 3440]
COM3 1 53
1
[2825 2875 2695 2750 2775 2710 2695 2675] [3115 3240 3140 3130 3300 3180 3195 3115]
[2870 2835 2755 2735 2655 2820 2775 2735] [3140 3225 3350 3150 3070 3170 3235 3210]
[2810 2845 2865 2805 2760 2825 2870 3000] [3405 3240 3120 3185 3375 3120 3100 3045]
[2845 2750 3005 2865 2975 2920 2785 2855] [3095 3085 3420 3125 3395 3155 3350 3135]
[2935 2890 2900 2940 2960 2820 2985 2895] [3060 3460 3395 3060 3195 3205 3235 3215]
[2935 2900 3075 2975 2855 2795 3000 2895] [3200 3435 3305 3285 3225 3235 3205 3380]
[2895 3225 2960 2890 2805 3015 2880 2835] [3365 3375 3265 3290 3180 3125 3195 3190]
[3020 2750 2950 3010 2920 2920 3070 3010] [3325 3220 3525 3175 3195 3260 3190 3305]
COM7 0 54
1
[3075 3065 3035 3055 3185 3010 3225 3155] [3115 3240 3140 3130 3300 3180 3195 3115]
[3185 3110 2980 3055 3110 3040 3010 3045] [3140 3225 3350 3150 3070 3170 3235 3210]
[3035 3205 3195 3080 2885 3295 3170 3070] [3405 3240 3120 3185 3375 3120 3100 3045]
[3010 3310 3250 3070 3010 3170 3380 3205] [3095 3085 3420 3125 3395 3155 3350 3135]
[3250 3150 3175 3195 3215 3145 3135 3175] [3060 3460 3395 3060 3195 3205 3235 3215]
[3065 3055 3230 3100 2970 3110 3145 3060] [3200 3435 3305 3285 3225 3235 3205 3380]
[3105 3270 3290 3185 3375 3330 3095 3305] [3365 3375 3265 3290 3180 3125 3195 3190]
[3215 3310 3155 3335 3080 2815 3490 3480] [3325 3220 3525 3175 3195 3260 3190 3305]
COM3 1 55
1
[3075 3065 3035 3055 3185 3010 3225 3155] [3145 3265 3215 3205 3215 3245 3235 3235]
[3185 3110 2980 3055 3110 3040 3010 3045] [3295 3205 3350 3165 3220 3245 3135 3165]
[3035 3205 3195 3080 2885 3295 3170 3070] [3340 3315 3475 3340 3350 3210 3195 3200]
[3010 3310 3250 3070 3010 3170 3380 3205] [3365 3155 3350 3330 3200 3300 3275 3265]
[3250 3150 3175 3195 3215 3145 3135 3175] [3295 3415 3210 3195 3305 3265 3235 3320]
[3065 3055 3230 3100 2970 3110 3145 3060] [3265 3425 3235 3375 3295 3290 3235 3510]
[3105 3270 3290 3185 3375 3330 3095 3305] [3355 3135 3385 3350 3300 3345 3365 3595]
[3215 3310 3155 3335 3080 2815 3490 3480] [3415 3445 3345 3555 3400 3505 3245 3290]
COM7 0 56
1
[2895 2765 2840 2785 2890 2730 2830 2855] [3145 3265 3215 3205 3215 3245 3235 3235]
[2675 2900 2810 2780 2790 2820 2725 2915] [3295 3205 3350 3165 3220 3245 3135 3165]
[2790 2840 2990 2805 2760 2845 3025 2680] [3340 3315 3475 3340 3350 3210 3195 3200]
[2790 2875 2995 2945 3065 2850 2945 2770] [3365 3155 3350 3330 3200 3300 3275 3265]
[3105 3040 2895 2985 2910 2940 2960 2940] [3295 3415 3210 3195 3305 3265 3235 3320]
[2910 3055 2950 2950 2810 2955 3015 2835] [3265 3425 3235 3375 3295 3290 3235 3510]
[2935 3100 2870 2940 2800 2900 2830 2790] [3355 3135 3385 3350 3300 3345 3365 3595]
[3020 2645 3005 2850 2950 2820 3030 2900] [3415 3445 3345 3555 3400 3505 3245 3290]
COM3 1 57
1
[2895 2765 2840 2785 2890 2730 2830 2855] [3355 3095 3285 3075 3105 3045 3055 3180]
[2675 2900 2810 2780 2790 2820 2725 2915] [3310 3140 3165 3195 2925 3135 3145 3155]
[2790 2840 2990 2805 2760 2845 3025 2680] [3315 3225 3195 3130 3180 3170 3180 3205]
[2790 2875 2995 2945 3065 2850 2945 2770] [3305 3185 3315 3020 3285 3045 3300 3135]
[3105 3040 2895 2985 2910 2940 2960 2940] [3055 3355 3205 3150 3065 3210 3200 3125]
[2910 3055 2950 2950 2810 2955 3015 2835] [2970 3275 3220 3250 3250 3290 3290 3250]
[2935 3100 2870 2940 2800 2900 2830 2790] [3260 3510 3440 3385 3180 3125 3360 3245]
[3020 2645 3005 2850 2950 2820 3030 2900] [3235 3450 3420 3330 3185 3130 3305 3370]
COM7 0 58
1
[2900 2915 2875 2880 2950 2940 3100 3165] [3355 3095 3285 3075 3105 3045 3055 3180]
[3075 3150 3005 3000 2965 2950 3060 2725] [3310 3140 3165 3195 2925 3135 3145 3155]
[2950 2980 3015 2860 3030 2990 3065 2965] [3315 3225 3195 3130 3180 3170 3180 3205]
[3055 3095 3125 2955 3130 2980 2925 2955] [3305 3185 3315 3020 3285 3045 3300 3135]
[3205 3050 2985 2950 2995 2960 3070 3005] [3055 3355 3205 3150 3065 3210 3200 3125]
[2975 2990 3175 3015 2915 3005 3240 3115] [2970 3275 3220 3250 3250 3290 3290 3250]
[2890 3015 3015 3175 3060 3045 3045 3025] [3260 3510 3440 3385 3180 3125 3360 3245]
[3015 3110 3225 3035 2940 3085 3240 3210] [3235 3450 3420 3330 3185 3130 3305 3370]
COM3 1 59
1
[2900 2915 2875 2880 2950 2940 3100 3165] [3210 3175 3315 3020 3215 3015 3060 3245]
[3075 3150 3005 3000 2965 2950 3060 2725] [3320 3360 3445 3100 3145 3370 3100 2925]
[2950 2980 3015 2860 3030 2990 3065 2965] [3345 3545 3275 3065 3315 3255 3365 3245]
[3055 3095 3125 2955 3130 2980 2925 2955] [3175 3210 3235 3240 3295 3085 3100 3085]
[3205 3050 2985 2950 2995 2960 3070 3005] [3400 3405 3300 3190 3210 3140 3305 3140]
[2975 2990 3175 3015 2915 3005 3240 3115] [3000 3240 3150 3270 3230 3365 3285 3200]
[2890 3015 3015 3175 3060 3045 3045 3025] [3160 3420 3275 3310 3330 3140 3495 3410]
[3015 3110 3225 3035 2940 3085 3240 3210] [3535 3350 3345 3240 3185 3040 3195 3335]
COM7 0 60
1
[2915 2990 2970 2835 2750 2775 2990 2825] [3210 3175 3315 3020 3215 3015 3060 3245]
[2955 3020 2825 2795 2870 2885 2875 2810] [3320 3360 3445 3100 3145 3370 3100 2925]
[2855 2995 2950 2840 2730 2965 2820 2945] [3345 3545 3275 3065 3315 3255 3365 3245]
[3005 3035 2975 2885 3140 2975 2965 2965] [3175 3210 3235 3240 3295 3085 3100 3085]
[2865 2945 3000 2870 3070 2870 3145 3065] [3400 3405 3300 3190 3210 3140 3305 3140]
[2775 2830 3065 3005 2955 2995 3070 2925] [3000 3240 3150 3270 3230 3365 3285 3200]
[3010 3075 3035 3030 2960 3220 3025 2935] [3160 3420 3275 3310 3330 3140 3495 3410]
[2960 2925 2925 3060 2905 3070 3285 2820] [3535 3350 3345 3240 3185 3040 3195 3335]
COM3 1 61
1
[2915 2990 2970 2835 2750 2775 2990 2825] [3325 3370 3300 3300 3135 3230 3065 3310]
[2955 3020 2825 2795 2870 2885 2875 2810] [3295 3380 3230 3095 3245 3530 3185 3260]
[2855 2995 2950 2840 2730 2965 2820 2945] [3260 3425 3285 3235 3270 3085 3275 3040]
[3005 3035 2975 2885 3140 2975 2965 2965] [3320 3310 3325 3280 3310 3260 3305 3095]
[2865 2945 3000 2870 3070 2870 3145 3065] [3520 3210 3320 3130 3050 2980 3245 3230]
[2775 2830 3065 3005 2955 2995 3070 2925] [3145 3335 3490 3340 3290 3280 3285 3150]
[3010 3075 3035 3030 2960 3220 3025 2935] [3245 3490 3320 3470 3305 3175 3320 3330]
[2960 2925 2925 3060 2905 3070 3285 2820] [3350 3385 3405 3515 3455 3180 3425 3425]
COM7 0 62
1
[3105 2975 2970 3040 3075 2940 3075 3215] [3325 3370 3300 3300 3135 3230 3065 3310]
[3100 3150 3160 2995 3005 3030 3025 2875] [3295 3380 3230 3095 3245 3530 3185 3260]
[3050 3080 3145 2895 3045 3055 3135 3180] [3260 3425 3285 3235 3270 3085 3275 3040]
[3260 3175 3035 3070 3125 3125 3115 3110] [3320 3310 3325 3280 3310 3260 3305 3095]
[3220 3095 3130 3100 3280 3040 3150 3125] [3520 3210 3320 3130 3050 2980 3245 3230]
[3195 3330 3170 3235 2995 3070 3085 3190] [3145 3335 3490 3340 3290 3280 3285 3150]
[3230 3165 3150 3145 3200 3185 2985 3020] [3245 3490 3320 3470 3305 3175 3320 3330]
[3235 3135 3215 3170 3090 3020 3370 3245] [3350 3385 3405 3515 3455 3180 3425 3425]
COM3 1 63
1
[3105 2975 2970 3040 3075 2940 3075 3215] [3105 3175 3070 3145 3085 2925 3210 3110]
[3100 3150 3160 2995 3005 3030 3025 2875] [3265 3060 3320 3100 3105 3185 3110 3080]
[3050 3080 3145 2895 3045 3055 3135 3180] [3215 3095 3295 3070 3325 3140 3185 3100]
[3260 3175 3035 3070 3125 3125 3115 3110] [3255 3310 3230 3345 3170 3210 3170 3140]
[3220 3095 3130 3100 3280 3040 3150 3125] [3370 3325 3480 3110 3280 3105 3080 3315]
[3195 3330 3170 3235 2995 3070 3085 3190] [3125 3300 3075 3170 3075 3130 3265 3070]
[3230 3165 3150 3145 3200 3185 2985 3020] [3305 3275 3380 3185 3230 3310 3240 3345]
[3235 3135 3215 3170 3090 3020 3370 3245] [3430 3315 3245 3220 3265 3210 3255 3325]
COM7 0 64
1
[2690 2795 2835 2925 2760 2845 2900 2895] [3105 3175 3070 3145 3085 2925 3210 3110]
[3015 2930 2885 2875 2790 2910 2850 3030] [3265 3060 3320 3100 3105 3185 3110 3080]
[2910 2760 2985 2885 2855 2890 2850 2960] [3215 3095 3295 3070 3325 3140 3185 3100]
[2775 2890 3110 3005 2915 3005 2925 3030] [3255 3310 3230 3345 3170 3210 3170 3140]
[3020 3025 3095 2935 3210 2925 3045 2915] [3370 3325 3480 3110 3280 3105 3080 3315]
[3135 3035 3160 3005 3030 2825 3020 2805] [3125 3300 3075 3170 3075 3130 3265 3070]
[2790 3015 3015 2980 3005 2875 2745 2975] [3305 3275 3380 3185 3230 3310 3240 3345]
[2970 2995 3035 3035 3050 2985 3055 3015] [3430 3315 3245 3220 3265 3210 3255 3325]
COM3 1 65
1
[2690 2795 2835 2925 2760 2845 2900 2895] [3200 3285 3265 3110 3235 3110 3165 3205]
[3015 2930 2885 2875 2790 2910 2850 3030] [3115 3220 3285 3070 2985 3155 3125 3055]
[2910 2760 2985 2885 2855 2890 2850 2960] [3375 3330 3190 3160 3350 3220 3295 3210]
[2775 2890 3110 3005 2915 3005 2925 3030] [3325 3175 3305 3155 3300 3230 3235 3200]
[3020 3025 3095 2935 3210 2925 3045 2915] [3190 3475 3300 3080 3295 3180 3425 3355]
[3135 3035 3160 3005 3030 2825 3020 2805] [2975 3250 3205 3295 3230 3465 3310 3370]
[2790 3015 3015 2980 3005 2875 2745 2975] [3485 3435 3285 3105 3055 3340 3280 3365]
[2970 2995 3035 3035 3050 2985 3055 3015] [3480 3205 3395 3430 3140 3435 3405 3215]