COM3 1 6
4
[1775 1530 1575 1855 2350 2650 2985 2970] [3230 3275 3365 3260 3330 3225 3335 3200]
[1820 1670 1585 1920 2375 2615 3000 3030] [3070 3265 3145 3205 3155 3185 3075 3160]
[1570 1545 1635 1895 2405 2810 2935 3025] [3190 3190 3355 3210 3190 3035 3150 3075]
[1615 1565 1800 2055 2645 2985 3045 2870] [3450 3450 3195 3190 3245 3175 3260 3075]
[1690 1590 1700 1930 2520 2875 3200 3155] [3240 3285 3165 3150 3230 3285 3220 3240]
[1615 1670 1870 2180 2555 2845 3015 3195] [3225 3375 3165 3300 3215 3375 3425 3495]
[1790 1695 1895 2105 2290 3005 3120 3180] [3215 3500 3245 3240 3100 3285 3210 3445]
[1985 1795 1730 2040 2330 2820 3360 3100] [3430 3375 3355 3265 3240 3425 3265 3470]
COM7 0 7
4
[1655 1500 1625 1670 2045 2400 2950 2900] [3230 3275 3365 3260 3330 3225 3335 3200]
[1770 1525 1545 1830 2195 2465 2740 2920] [3070 3265 3145 3205 3155 3185 3075 3160]
[1405 1445 1650 1940 2250 2585 2925 2875] [3190 3190 3355 3210 3190 3035 3150 3075]
[1495 1505 1650 1795 2460 2855 2975 2900] [3450 3450 3195 3190 3245 3175 3260 3075]
[1620 1560 1705 1900 2450 2790 3135 3140] [3240 3285 3165 3150 3230 3285 3220 3240]
[1500 1610 1660 2045 2475 2825 3110 2945] [3225 3375 3165 3300 3215 3375 3425 3495]
[1695 1610 1655 2140 2305 2815 2765 3070] [3215 3500 3245 3240 3100 3285 3210 3445]
[2000 1565 1680 1935 2105 2740 2995 2885] [3430 3375 3355 3265 3240 3425 3265 3470]
COM3 1 8
4
[1655 1500 1625 1670 2045 2400 2950 2900] [3430 3170 3465 3400 3085 3370 3350 3180]
[1770 1525 1545 1830 2195 2465 2740 2920] [3210 3255 3470 3255 3225 3315 3300 3320]
[1405 1445 1650 1940 2250 2585 2925 2875] [3270 3145 3125 3295 3355 3220 3215 3215]
[1495 1505 1650 1795 2460 2855 2975 2900] [3320 3460 3300 3310 3310 3350 3500 3190]
[1620 1560 1705 1900 2450 2790 3135 3140] [3200 3230 3500 3110 3405 3335 3395 3350]
[1500 1610 1660 2045 2475 2825 3110 2945] [3260 3405 3535 3355 3300 3340 3435 3450]
[1695 1610 1655 2140 2305 2815 2765 3070] [3410 3275 3330 3175 3280 3410 3430 3145]
[2000 1565 1680 1935 2105 2740 2995 2885] [3380 3630 3455 3565 3490 3220 3350 3335]
COM7 0 9
4
[2000 1565 1460 1600 1615 1720 2230 2345] [3430 3170 3465 3400 3085 3370 3350 3180]
[1940 1625 1510 1590 1755 1985 2290 2605] [3210 3255 3470 3255 3225 3315 3300 3320]
[1615 1550 1490 1685 1665 2280 2590 2870] [3270 3145 3125 3295 3355 3220 3215 3215]
[1630 1520 1625 1725 2175 2570 2900 2805] [3320 3460 3300 3310 3310 3350 3500 3190]
[1635 1525 1575 1865 2325 2600 3055 3055] [3200 3230 3500 3110 3405 3335 3395 3350]
[1525 1605 1745 1845 2265 2680 3135 3060] [3260 3405 3535 3355 3300 3340 3435 3450]
[1715 1675 1545 1955 2195 2590 2815 3130] [3410 3275 3330 3175 3280 3410 3430 3145]
[2140 1660 1675 1830 2060 2640 3150 2935] [3380 3630 3455 3565 3490 3220 3350 3335]
COM3 1 10
4
[2000 1565 1460 1600 1615 1720 2230 2345] [3320 3325 3385 3135 3360 3240 3085 3235]
[1940 1625 1510 1590 1755 1985 2290 2605] [3450 3290 3190 3200 3095 3345 3035 3135]
[1615 1550 1490 1685 1665 2280 2590 2870] [3205 3090 3390 3200 3285 3195 3300 2980]
[1630 1520 1625 1725 2175 2570 2900 2805] [3335 3515 3205 3335 3275 2975 3280 3140]
[1635 1525 1575 1865 2325 2600 3055 3055] [3315 3200 3425 3245 3365 3160 3360 3370]
[1525 1605 1745 1845 2265 2680 3135 3060] [3135 3400 3150 3185 3190 3135 3320 3280]
[1715 1675 1545 1955 2195 2590 2815 3130] [3375 3320 3140 3405 3305 3460 3500 3460]
[2140 1660 1675 1830 2060 2640 3150 2935] [3310 3420 3185 3385 3250 3220 3195 3140]
COM7 0 11
4
[2465 2025 1535 1480 1650 1960 2470 2700] [3320 3325 3385 3135 3360 3240 3085 3235]
[2550 2060 1625 1580 1645 1880 2350 2745] [3450 3290 3190 3200 3095 3345 3035 3135]
[2305 1905 1635 1510 1490 1935 2385 2705] [3205 3090 3390 3200 3285 3195 3300 2980]
[2310 1925 1715 1555 1750 1985 2670 2870] [3335 3515 3205 3335 3275 2975 3280 3140]
[2465 1940 1680 1525 1765 2055 2765 3000] [3315 3200 3425 3245 3365 3160 3360 3370]
[2165 1770 1720 1605 1590 2260 2950 2925] [3135 3400 3150 3185 3190 3135 3320 3280]
[2355 1735 1675 1665 1860 2170 2615 2840] [3375 3320 3140 3405 3305 3460 3500 3460]
[2525 1735 1680 1645 1975 2305 2910 2965] [3310 3420 3185 3385 3250 3220 3195 3140]
COM3 1 12
4
[2465 2025 1535 1480 1650 1960 2470 2700] [3265 3185 3160 3245 3400 2970 2965 3035]
[2550 2060 1625 1580 1645 1880 2350 2745] [3370 3210 3280 3170 3075 3170 3195 3135]
[2305 1905 1635 1510 1490 1935 2385 2705] [2980 3425 3310 3065 3095 3205 3080 3200]
[2310 1925 1715 1555 1750 1985 2670 2870] [3390 3255 3180 3350 3110 3250 2990 3225]
[2465 1940 1680 1525 1765 2055 2765 3000] [3290 3075 3395 3170 3215 3245 3215 3040]
[2165 1770 1720 1605 1590 2260 2950 2925] [3285 3280 3145 3145 3150 3240 3250 3340]
[2355 1735 1675 1665 1860 2170 2615 2840] [3255 3310 3495 3235 3180 3105 3240 3335]
[2525 1735 1680 1645 1975 2305 2910 2965] [3355 3535 3450 3315 3310 3410 3100 3340]
COM7 0 13
4
[2700 2390 1895 1920 1785 1675 1785 1935] [3265 3185 3160 3245 3400 2970 2965 3035]
[2670 2315 1835 1735 1760 1735 1870 2130] [3370 3210 3280 3170 3075 3170 3195 3135]
[2415 2170 1770 1770 1610 1635 2075 2480] [2980 3425 3310 3065 3095 3205 3080 3200]
[2455 1900 1840 1605 1820 1885 2015 2590] [3390 3255 3180 3350 3110 3250 2990 3225]
[2625 2035 1780 1705 1855 1855 2470 3035] [3290 3075 3395 3170 3215 3245 3215 3040]
[2480 2115 1935 1705 1680 2195 2450 2860] [3285 3280 3145 3145 3150 3240 3250 3340]
[2620 2235 1840 1930 1900 2155 2470 2715] [3255 3310 3495 3235 3180 3105 3240 3335]
[2780 2460 2160 1950 1820 2150 2595 2915] [3355 3535 3450 3315 3310 3410 3100 3340]
COM3 1 14
4
[2700 2390 1895 1920 1785 1675 1785 1935] [3370 3140 3350 3120 3310 3070 3160 3180]
[2670 2315 1835 1735 1760 1735 1870 2130] [3240 3140 3365 3210 3115 3190 3110 3235]
[2415 2170 1770 1770 1610 1635 2075 2480] [3085 3160 3285 3155 3265 3155 3280 3150]
[2455 1900 1840 1605 1820 1885 2015 2590] [3360 3390 3345 3300 3340 3225 3235 3100]
[2625 2035 1780 1705 1855 1855 2470 3035] [3305 3325 3205 3195 3230 3060 3215 3080]
[2480 2115 1935 1705 1680 2195 2450 2860] [3295 3295 3210 3245 3335 3220 3280 3370]
[2620 2235 1840 1930 1900 2155 2470 2715] [3175 3380 3540 3235 3575 3410 3355 3300]
[2780 2460 2160 1950 1820 2150 2595 2915] [3470 3225 3140 3300 3095 3270 3135 3365]
COM7 0 15
4
[2755 2445 1855 1790 1745 1590 1890 2045] [3370 3140 3350 3120 3310 3070 3160 3180]
[2770 2535 1885 1920 1735 1760 1850 2355] [3240 3140 3365 3210 3115 3190 3110 3235]
[2585 2480 1940 1640 1600 1655 2100 2480] [3085 3160 3285 3155 3265 3155 3280 3150]
[2575 2390 1860 1720 1700 1860 2140 2520] [3360 3390 3345 3300 3340 3225 3235 3100]
[2645 2240 1865 1685 1825 1820 2415 2880] [3305 3325 3205 3195 3230 3060 3215 3080]
[2585 2470 2060 1885 1830 2130 2255 2700] [3295 3295 3210 3245 3335 3220 3280 3370]
[2770 2525 2165 2165 1845 1835 2405 2535] [3175 3380 3540 3235 3575 3410 3355 3300]
[2975 3015 2390 1965 1895 1900 2440 2620] [3470 3225 3140 3300 3095 3270 3135 3365]
COM3 1 16
4
[2755 2445 1855 1790 1745 1590 1890 2045] [3330 3210 3420 3295 3200 3190 3190 3115]
[2770 2535 1885 1920 1735 1760 1850 2355] [3065 3315 3315 3215 3150 3140 3310 3140]
[2585 2480 1940 1640 1600 1655 2100 2480] [3215 3270 3275 3270 3045 3160 3085 3060]
[2575 2390 1860 1720 1700 1860 2140 2520] [3315 3240 3270 3370 3175 3175 3235 3005]
[2645 2240 1865 1685 1825 1820 2415 2880] [3135 3540 3390 3200 3410 3265 3235 3365]
[2585 2470 2060 1885 1830 2130 2255 2700] [3390 3355 3310 3275 3370 3225 3320 3195]
[2770 2525 2165 2165 1845 1835 2405 2535] [3350 3465 3535 3390 3230 3240 3295 3350]
[2975 3015 2390 1965 1895 1900 2440 2620] [3330 3490 3360 3675 3305 3160 3385 3345]
COM7 0 17
4
[2950 2615 2190 2065 1605 1600 1730 2005] [3330 3210 3420 3295 3200 3190 3190 3115]
[2810 2870 2210 1955 1720 1535 1645 1950] [3065 3315 3315 3215 3150 3140 3310 3140]
[2860 2685 2250 1855 1510 1595 1790 2200] [3215 3270 3275 3270 3045 3160 3085 3060]
[2750 2485 2200 1805 1615 1565 1895 2295] [3315 3240 3270 3370 3175 3175 3235 3005]
[2820 2510 2080 1635 1635 1600 1940 2305] [3135 3540 3390 3200 3410 3265 3235 3365]
[2830 2515 1965 1795 1560 1645 1835 2315] [3390 3355 3310 3275 3370 3225 3320 3195]
[3050 2705 2225 1670 1460 1555 1875 2420] [3350 3465 3535 3390 3230 3240 3295 3350]
[3100 2865 2200 1775 1595 1675 2070 2330] [3330 3490 3360 3675 3305 3160 3385 3345]
COM3 1 18
4
[2950 2615 2190 2065 1605 1600 1730 2005] [3275 3160 3235 3205 3285 3270 3105 3340]
[2810 2870 2210 1955 1720 1535 1645 1950] [3065 3015 3200 3205 3045 3125 3310 3095]
[2860 2685 2250 1855 1510 1595 1790 2200] [3315 3390 3335 3180 3235 3235 3245 3205]
[2750 2485 2200 1805 1615 1565 1895 2295] [3270 3120 3250 3340 3260 3110 3135 3170]
[2820 2510 2080 1635 1635 1600 1940 2305] [3415 3535 3245 3100 3235 3175 3200 3305]
[2830 2515 1965 1795 1560 1645 1835 2315] [3175 3165 3125 3355 3225 3275 3365 3150]
[3050 2705 2225 1670 1460 1555 1875 2420] [3230 3440 3315 3295 3465 3205 3120 3335]
[3100 2865 2200 1775 1595 1675 2070 2330] [3220 3330 3360 3315 3280 3240 3270 3370]
COM7 0 19
4
[3010 2670 2095 1805 1660 1480 1645 1695] [3275 3160 3235 3205 3285 3270 3105 3340]
[3015 2790 2310 1825 1685 1550 1610 1755] [3065 3015 3200 3205 3045 3125 3310 3095]
[2605 2580 2220 1730 1550 1555 1670 1845] [3315 3390 3335 3180 3235 3235 3245 3205]
[2650 2635 2165 1650 1635 1595 1750 2070] [3270 3120 3250 3340 3260 3110 3135 3170]
[3155 2645 2135 1650 1690 1545 1870 2120] [3415 3535 3245 3100 3235 3175 3200 3305]
[2720 2535 2255 1930 1550 1655 1695 1985] [3175 3165 3125 3355 3225 3275 3365 3150]
[3080 2695 2270 1845 1600 1650 1585 2135] [3230 3440 3315 3295 3465 3205 3120 3335]
[3275 2825 2335 1990 1735 1695 1855 2220] [3220 3330 3360 3315 3280 3240 3270 3370]
COM3 1 20
4
[3010 2670 2095 1805 1660 1480 1645 1695] [3180 3190 3070 3310 3055 3045 3170 3240]
[3015 2790 2310 1825 1685 1550 1610 1755] [3195 3015 3160 3250 2925 3175 3305 2985]
[2605 2580 2220 1730 1550 1555 1670 1845] [3145 3155 3195 3110 3050 3055 3130 3170]
[2650 2635 2165 1650 1635 1595 1750 2070] [3175 3665 3315 3080 3335 3235 3115 2900]
[3155 2645 2135 1650 1690 1545 1870 2120] [3115 3395 3400 3130 3065 3395 3100 3080]
[2720 2535 2255 1930 1550 1655 1695 1985] [3345 3270 3360 3350 3150 3280 3455 3320]
[3080 2695 2270 1845 1600 1650 1585 2135] [3070 3470 3375 3295 3275 3225 3340 3215]
[3275 2825 2335 1990 1735 1695 1855 2220] [3465 3235 3355 3330 3300 3405 3440 3235]
COM7 0 21
4
[3000 2580 2355 2005 1590 1505 1670 1735] [3180 3190 3070 3310 3055 3045 3170 3240]
[2770 3040 2310 1955 1735 1590 1570 1695] [3195 3015 3160 3250 2925 3175 3305 2985]
[2980 2875 2380 1875 1655 1595 1575 1670] [3145 3155 3195 3110 3050 3055 3130 3170]
[3210 2825 2280 1745 1615 1540 1720 1620] [3175 3665 3315 3080 3335 3235 3115 2900]
[3125 2535 2145 1855 1600 1565 1805 1930] [3115 3395 3400 3130 3065 3395 3100 3080]
[3010 2750 2035 1860 1490 1560 1720 1905] [3345 3270 3360 3350 3150 3280 3455 3320]
[2625 2665 2120 1845 1510 1565 1525 2105] [3070 3470 3375 3295 3275 3225 3340 3215]
[3515 2735 2245 2005 1640 1675 1740 2030] [3465 3235 3355 3330 3300 3405 3440 3235]
COM3 1 22
4
[3000 2580 2355 2005 1590 1505 1670 1735] [3245 3230 3345 3205 3395 3150 3150 3295]
[2770 3040 2310 1955 1735 1590 1570 1695] [3070 3040 3285 3365 3340 3300 3210 3005]
[2980 2875 2380 1875 1655 1595 1575 1670] [3320 3340 3205 3250 3345 3110 3205 3210]
[3210 2825 2280 1745 1615 1540 1720 1620] [3245 3485 3255 3355 3205 3215 3375 3215]
[3125 2535 2145 1855 1600 1565 1805 1930] [3230 3550 3370 3320 3180 3410 3105 3080]
[3010 2750 2035 1860 1490 1560 1720 1905] [3330 3325 3105 3255 3255 3240 3475 3445]
[2625 2665 2120 1845 1510 1565 1525 2105] [3275 3490 3425 3150 3415 3475 3260 3260]
[3515 2735 2245 2005 1640 1675 1740 2030] [3235 3185 3155 3535 3255 3205 3290 3490]
COM7 0 23
4
[2835 2865 2380 1675 1565 1360 1535 1440] [3245 3230 3345 3205 3395 3150 3150 3295]
[2985 2735 2330 1705 1495 1390 1370 1365] [3070 3040 3285 3365 3340 3300 3210 3005]
[2925 2760 2150 1655 1440 1300 1365 1375] [3320 3340 3205 3250 3345 3110 3205 3210]
[3035 2610 2130 1660 1470 1350 1370 1565] [3245 3485 3255 3355 3205 3215 3375 3215]
[3100 2475 1955 1610 1480 1395 1545 1545] [3230 3550 3370 3320 3180 3410 3105 3080]
[3410 2740 2355 1680 1380 1450 1615 1540] [3330 3325 3105 3255 3255 3240 3475 3445]
[2945 3165 2095 1635 1385 1375 1405 1635] [3275 3490 3425 3150 3415 3475 3260 3260]
[3115 2730 2160 1680 1440 1500 1690 1705] [3235 3185 3155 3535 3255 3205 3290 3490]
COM3 1 24
4
[2835 2865 2380 1675 1565 1360 1535 1440] [3075 3195 3285 3065 3315 2965 3155 3040]
[2985 2735 2330 1705 1495 1390 1370 1365] [2800 3195 3185 3050 3285 3280 3135 3140]
[2925 2760 2150 1655 1440 1300 1365 1375] [3060 3165 3110 3245 3230 3235 3315 3220]
[3035 2610 2130 1660 1470 1350 1370 1565] [3410 3095 3285 3185 3140 3150 3180 2975]
[3100 2475 1955 1610 1480 1395 1545 1545] [3320 3500 3065 3065 3260 3290 3265 3320]
[3410 2740 2355 1680 1380 1450 1615 1540] [3245 3225 3250 3215 3220 3295 3240 3430]
[2945 3165 2095 1635 1385 1375 1405 1635] [3225 3395 3450 3200 3335 3165 3325 3215]
[3115 2730 2160 1680 1440 1500 1690 1705] [3200 3325 3285 3260 3100 3285 3200 3020]
COM7 0 25
4
[2970 2945 2515 2170 1645 1440 1600 1695] [3075 3195 3285 3065 3315 2965 3155 3040]
[3070 3075 2520 2010 1695 1435 1530 1595] [2800 3195 3185 3050 3285 3280 3135 3140]
[2905 2925 2335 1850 1485 1465 1445 1745] [3060 3165 3110 3245 3230 3235 3315 3220]
[2965 2765 2450 1800 1695 1495 1640 1670] [3410 3095 3285 3185 3140 3150 3180 2975]
[2945 2935 2170 1650 1625 1405 1735 1950] [3320 3500 3065 3065 3260 3290 3265 3320]
[2800 2780 2385 1955 1530 1620 1580 1720] [3245 3225 3250 3215 3220 3295 3240 3430]
[3175 2890 2540 1840 1545 1680 1515 1880] [3225 3395 3450 3200 3335 3165 3325 3215]
[3120 2900 2315 1580 1595 1575 1625 2025] [3200 3325 3285 3260 3100 3285 3200 3020]
COM3 1 26
4
[2970 2945 2515 2170 1645 1440 1600 1695] [2965 3110 3350 3110 3245 3215 3200 3160]
[3070 3075 2520 2010 1695 1435 1530 1595] [2800 3070 3185 3085 3110 3125 3105 2985]
[2905 2925 2335 1850 1485 1465 1445 1745] [2980 3075 3445 3160 3200 3075 3180 3200]
[2965 2765 2450 1800 1695 1495 1640 1670] [3210 3285 3275 3105 3010 3225 3110 3140]
[2945 2935 2170 1650 1625 1405 1735 1950] [2990 3105 3205 3235 3165 3210 3240 3205]
[2800 2780 2385 1955 1530 1620 1580 1720] [2920 3295 3455 3190 3210 3300 3180 3170]
[3175 2890 2540 1840 1545 1680 1515 1880] [3415 3225 3250 3135 2975 3215 3365 3320]
[3120 2900 2315 1580 1595 1575 1625 2025] [3330 3465 3240 3595 3145 3045 3265 3185]
COM7 0 27
4
[3120 2930 2710 2290 1875 1645 1975 1775] [2965 3110 3350 3110 3245 3215 3200 3160]
[3185 3075 2420 2380 1820 1880 1750 1895] [2800 3070 3185 3085 3110 3125 3105 2985]
[2975 3030 2670 2230 1630 1690 1845 1955] [2980 3075 3445 3160 3200 3075 3180 3200]
[2800 2890 2625 2070 1845 1780 1765 1850] [3210 3285 3275 3105 3010 3225 3110 3140]
[3035 2890 2380 2000 1880 1845 1855 2130] [2990 3105 3205 3235 3165 3210 3240 3205]
[2810 2850 2645 2045 1660 1850 1805 2060] [2920 3295 3455 3190 3210 3300 3180 3170]
[3150 3025 2440 2320 1925 1855 1805 1980] [3415 3225 3250 3135 2975 3215 3365 3320]
[3405 3055 2680 2260 2050 1780 2060 2240] [3330 3465 3240 3595 3145 3045 3265 3185]
COM3 1 28
4
[3120 2930 2710 2290 1875 1645 1975 1775] [2900 3150 3295 3275 3335 3260 3240 3135]
[3185 3075 2420 2380 1820 1880 1750 1895] [2695 2920 3125 3195 3030 3225 3235 3155]
[2975 3030 2670 2230 1630 1690 1845 1955] [2420 2900 3245 3225 3195 3190 3090 3275]
[2800 2890 2625 2070 1845 1780 1765 1850] [2970 3185 3365 3305 3225 3270 3355 3205]
[3035 2890 2380 2000 1880 1845 1855 2130] [3070 3470 3240 3045 3215 3340 3180 3240]
[2810 2850 2645 2045 1660 1850 1805 2060] [3455 3325 3290 3380 3315 3350 3400 3385]
[3150 3025 2440 2320 1925 1855 1805 1980] [3300 3310 3515 3440 3120 3335 3320 3330]
[3405 3055 2680 2260 2050 1780 2060 2240] [3510 3395 3270 3480 3440 3510 3410 3095]
COM7 0 29
4
[3040 2980 2725 2390 1860 1490 1535 1470] [2900 3150 3295 3275 3335 3260 3240 3135]
[3105 2905 2655 2235 1855 1495 1435 1425] [2695 2920 3125 3195 3030 3225 3235 3155]
[2865 2855 2840 2070 1760 1395 1420 1590] [2420 2900 3245 3225 3195 3190 3090 3275]
[3165 3080 2560 1725 1520 1485 1385 1550] [2970 3185 3365 3305 3225 3270 3355 3205]
[3115 2685 2535 1930 1725 1435 1500 1795] [3070 3470 3240 3045 3215 3340 3180 3240]
[3045 2755 2555 2110 1665 1425 1560 1500] [3455 3325 3290 3380 3315 3350 3400 3385]
[3175 2850 2605 2115 1965 1605 1360 1660] [3300 3310 3515 3440 3120 3335 3320 3330]
[3120 3055 2570 2460 1885 1515 1700 1835] [3510 3395 3270 3480 3440 3510 3410 3095]
COM3 1 30
4
[3040 2980 2725 2390 1860 1490 1535 1470] [3135 3285 3105 3155 3090 3090 3085 3180]
[3105 2905 2655 2235 1855 1495 1435 1425] [2735 3165 3325 3050 3190 3325 3135 3100]
[2865 2855 2840 2070 1760 1395 1420 1590] [2525 3105 3110 3170 3185 3110 3100 3175]
[3165 3080 2560 1725 1520 1485 1385 1550] [2710 2775 3330 3175 3260 3315 3145 3230]
[3115 2685 2535 1930 1725 1435 1500 1795] [2930 3015 3320 3010 3145 3070 3270 3290]
[3045 2755 2555 2110 1665 1425 1560 1500] [3175 3190 3305 3395 3300 3180 3365 3155]
[3175 2850 2605 2115 1965 1605 1360 1660] [3505 3400 3495 3430 3250 3145 3160 3490]
[3120 3055 2570 2460 1885 1515 1700 1835] [3530 3375 3385 3500 3440 3325 3340 3245]
COM7 0 31
4
[2820 2875 2840 2420 2180 1565 1490 1525] [3135 3285 3105 3155 3090 3090 3085 3180]
[2905 3075 2860 2470 2115 1560 1380 1515] [2735 3165 3325 3050 3190 3325 3135 3100]
[2905 2885 2605 2285 1695 1605 1475 1490] [2525 3105 3110 3170 3185 3110 3100 3175]
[2925 2895 2635 2170 1740 1475 1385 1460] [2710 2775 3330 3175 3260 3315 3145 3230]
[3085 2830 2630 2270 1780 1480 1630 1505] [2930 3015 3320 3010 3145 3070 3270 3290]
[2640 2970 2560 2160 1625 1545 1580 1465] [3175 3190 3305 3395 3300 3180 3365 3155]
[3075 2950 2645 2375 1800 1530 1500 1640] [3505 3400 3495 3430 3250 3145 3160 3490]
[3040 3195 2895 2370 1905 1590 1700 1490] [3530 3375 3385 3500 3440 3325 3340 3245]
COM3 1 32
4
[2820 2875 2840 2420 2180 1565 1490 1525] [3070 3420 3220 3360 3180 3190 2945 3310]
[2905 3075 2860 2470 2115 1560 1380 1515] [2690 3115 3435 3045 3005 3140 3110 3185]
[2905 2885 2605 2285 1695 1605 1475 1490] [2645 2895 3405 3160 3250 3170 3235 3120]
[2925 2895 2635 2170 1740 1475 1385 1460] [2940 3055 3120 3270 3135 3310 3210 3115]
[3085 2830 2630 2270 1780 1480 1630 1505] [2960 3180 3420 3145 3245 3275 3185 3135]
[2640 2970 2560 2160 1625 1545 1580 1465] [2995 3225 3165 3410 3290 3265 3380 3350]
[3075 2950 2645 2375 1800 1530 1500 1640] [3470 3380 3250 3250 3305 3245 3460 3345]
[3040 3195 2895 2370 1905 1590 1700 1490] [3560 3300 3430 3375 3195 3205 3335 3350]
COM7 0 33
4
[2810 2795 2975 3060 2380 1815 1695 1445] [3070 3420 3220 3360 3180 3190 2945 3310]
[2995 3085 2925 2690 2370 1745 1460 1585] [2690 3115 3435 3045 3005 3140 3110 3185]
[3035 3010 3035 2445 2315 1790 1535 1550] [2645 2895 3405 3160 3250 3170 3235 3120]
[2980 3010 3185 2525 2070 1595 1440 1450] [2940 3055 3120 3270 3135 3310 3210 3115]
[3025 3130 3010 2720 2235 1595 1525 1535] [2960 3180 3420 3145 3245 3275 3185 3135]
[3150 3105 3020 2585 2000 1625 1515 1325] [2995 3225 3165 3410 3290 3265 3380 3350]
[2955 3215 3060 2585 2065 1660 1310 1540] [3470 3380 3250 3250 3305 3245 3460 3345]
[3115 3180 3365 2500 1985 1595 1550 1505] [3560 3300 3430 3375 3195 3205 3335 3350]
COM3 1 34
4
[2810 2795 2975 3060 2380 1815 1695 1445] [3025 3185 3450 3150 3265 3220 3095 3185]
[2995 3085 2925 2690 2370 1745 1460 1585] [2875 3200 3245 3305 3215 3305 3050 3100]
[3035 3010 3035 2445 2315 1790 1535 1550] [2925 3175 3385 3175 3375 3155 3155 3080]
[2980 3010 3185 2525 2070 1595 1440 1450] [3220 3100 3480 3165 3150 3185 3270 3100]
[3025 3130 3010 2720 2235 1595 1525 1535] [3365 3470 3490 3060 3140 3195 3290 3290]
[3150 3105 3020 2585 2000 1625 1515 1325] [3055 3195 3295 3305 3240 3405 3255 3090]
[2955 3215 3060 2585 2065 1660 1310 1540] [3230 3265 3275 3325 3435 3130 3145 3325]
[3115 3180 3365 2500 1985 1595 1550 1505] [3350 3145 3290 3730 3305 3260 3180 3270]
COM7 0 35
4
[2805 2955 2825 2685 2380 2205 1650 1515] [3025 3185 3450 3150 3265 3220 3095 3185]
[2795 2805 2800 3060 2610 1960 1615 1555] [2875 3200 3245 3305 3215 3305 3050 3100]
[2765 2860 3025 2785 2515 2035 1655 1605] [2925 3175 3385 3175 3375 3155 3155 3080]
[3190 2875 3170 2740 2555 2125 1705 1510] [3220 3100 3480 3165 3150 3185 3270 3100]
[3115 3055 2965 2595 2425 1885 1805 1445] [3365 3470 3490 3060 3140 3195 3290 3290]
[3000 3130 3360 2810 2225 1935 1685 1635] [3055 3195 3295 3305 3240 3405 3255 3090]
[2975 2965 2835 2960 2330 1985 1720 1520] [3230 3265 3275 3325 3435 3130 3145 3325]
[2825 2820 3115 2595 2515 2220 1660 1650] [3350 3145 3290 3730 3305 3260 3180 3270]
COM3 1 36
4
[2805 2955 2825 2685 2380 2205 1650 1515] [2630 3105 3255 3215 3155 3085 3120 3235]
[2795 2805 2800 3060 2610 1960 1615 1555] [2830 3000 3095 3305 3080 3250 3135 3080]
[2765 2860 3025 2785 2515 2035 1655 1605] [2640 2975 3135 3135 3155 3155 3260 3035]
[3190 2875 3170 2740 2555 2125 1705 1510] [2765 3260 3240 3065 3205 3205 3205 3150]
[3115 3055 2965 2595 2425 1885 1805 1445] [3010 3140 3460 3205 3190 3185 3275 3240]
[3000 3130 3360 2810 2225 1935 1685 1635] [2925 3320 3315 3340 3350 3300 3260 3380]
[2975 2965 2835 2960 2330 1985 1720 1520] [3205 3380 3275 3325 3215 3310 3345 3490]
[2825 2820 3115 2595 2515 2220 1660 1650] [3330 3330 3355 3510 3205 3040 3410 3405]
COM7 0 37
4
[2930 3120 3115 3050 2860 2415 2400 1995] [2630 3105 3255 3215 3155 3085 3120 3235]
[3375 3270 2855 3070 2880 2580 2355 1995] [2830 3000 3095 3305 3080 3250 3135 3080]
[2975 3250 3170 3020 2645 2505 2165 2035] [2640 2975 3135 3135 3155 3155 3260 3035]
[3290 3315 3345 3070 2695 2295 1930 1915] [2765 3260 3240 3065 3205 3205 3205 3150]
[3215 3285 3075 2970 2855 2250 2285 2095] [3010 3140 3460 3205 3190 3185 3275 3240]
[3100 3370 3340 3125 2640 2355 2105 1860] [2925 3320 3315 3340 3350 3300 3260 3380]
[3440 3100 2845 3235 2745 2490 1920 2010] [3205 3380 3275 3325 3215 3310 3345 3490]
[3115 3055 3280 2900 2585 2460 2290 2040] [3330 3330 3355 3510 3205 3040 3410 3405]
COM3 1 38
4
[2930 3120 3115 3050 2860 2415 2400 1995] [2390 2715 3170 3290 2975 3180 3060 3325]
[3375 3270 2855 3070 2880 2580 2355 1995] [2270 2700 2920 2980 3125 3200 3190 3005]
[2975 3250 3170 3020 2645 2505 2165 2035] [2370 2670 3120 3090 3120 3085 3040 3200]
[3290 3315 3345 3070 2695 2295 1930 1915] [2465 2935 3240 3180 3000 3215 3245 3045]
[3215 3285 3075 2970 2855 2250 2285 2095] [2825 3050 3310 3265 3130 3045 3110 3260]
[3100 3370 3340 3125 2640 2355 2105 1860] [3090 3200 3070 3250 3145 3035 3285 2990]
[3440 3100 2845 3235 2745 2490 1920 2010] [2995 3210 3460 3025 3110 3275 3300 3180]
[3115 3055 3280 2900 2585 2460 2290 2040] [3135 3090 3365 3245 3330 3360 3315 3325]
COM7 0 39
4
[2740 2870 2920 2760 2530 2485 1875 1900] [2390 2715 3170 3290 2975 3180 3060 3325]
[2795 2955 2770 2970 2785 2435 1985 1750] [2270 2700 2920 2980 3125 3200 3190 3005]
[2995 2885 2945 2920 2570 2080 2040 1610] [2370 2670 3120 3090 3120 3085 3040 3200]
[2910 2910 3055 3085 2660 2315 2045 1720] [2465 2935 3240 3180 3000 3215 3245 3045]
[3095 3135 2825 2755 2600 2295 2060 1955] [2825 3050 3310 3265 3130 3045 3110 3260]
[3015 2975 3125 3120 2675 2195 1975 1895] [3090 3200 3070 3250 3145 3035 3285 2990]
[3170 2920 3105 3075 2640 2480 2025 1675] [2995 3210 3460 3025 3110 3275 3300 3180]
[2860 3145 2805 3135 3095 3045 2360 1905] [3135 3090 3365 3245 3330 3360 3315 3325]
COM3 1 40
4
[2740 2870 2920 2760 2530 2485 1875 1900] [2370 2805 3130 2900 3180 3040 2905 3295]
[2795 2955 2770 2970 2785 2435 1985 1750] [2280 2435 3020 3125 3090 3080 3125 3005]
[2995 2885 2945 2920 2570 2080 2040 1610] [2280 2740 3175 2945 3240 3205 3070 3195]
[2910 2910 3055 3085 2660 2315 2045 1720] [2415 2640 3095 3215 3135 3050 3320 2985]
[3095 3135 2825 2755 2600 2295 2060 1955] [2715 3075 3255 3170 3230 3140 3260 3150]
[3015 2975 3125 3120 2675 2195 1975 1895] [3055 3215 3445 3365 3285 3435 3190 3360]
[3170 2920 3105 3075 2640 2480 2025 1675] [3080 3245 3415 3150 3130 3325 3190 3055]
[2860 3145 2805 3135 3095 3045 2360 1905] [3140 3400 3115 3380 3320 3350 3320 3345]
COM7 0 41
4
[2630 2520 2625 2765 2530 2455 1840 1810] [2370 2805 3130 2900 3180 3040 2905 3295]
[2945 3035 2850 2960 2575 2410 1755 1505] [2280 2435 3020 3125 3090 3080 3125 3005]
[2770 3015 2960 2730 2605 2110 1735 1600] [2280 2740 3175 2945 3240 3205 3070 3195]
[2925 2945 3295 2955 2635 2245 1730 1615] [2415 2640 3095 3215 3135 3050 3320 2985]
[2935 3120 3185 2940 2630 2075 2175 1560] [2715 3075 3255 3170 3230 3140 3260 3150]
[2560 3105 3120 3115 2940 2325 1880 1695] [3055 3215 3445 3365 3285 3435 3190 3360]
[2590 3005 3250 2840 2870 2590 2025 1580] [3080 3245 3415 3150 3130 3325 3190 3055]
[3085 3135 3085 2980 2855 2840 2160 1985] [3140 3400 3115 3380 3320 3350 3320 3345]
COM3 1 42
4
[2630 2520 2625 2765 2530 2455 1840 1810] [2655 2830 3245 3245 3000 3175 3155 3245]
[2945 3035 2850 2960 2575 2410 1755 1505] [2155 2840 3320 3280 3040 3175 3220 3000]
[2770 3015 2960 2730 2605 2110 1735 1600] [2320 2835 2950 3000 3190 3045 3240 3085]
[2925 2945 3295 2955 2635 2245 1730 1615] [2445 2695 3015 3115 3000 3100 3170 3025]
[2935 3120 3185 2940 2630 2075 2175 1560] [2560 3100 3275 3190 3245 3050 3285 3200]
[2560 3105 3120 3115 2940 2325 1880 1695] [2705 3265 3050 3295 3120 3295 3245 3215]
[2590 3005 3250 2840 2870 2590 2025 1580] [3040 3290 3265 3125 3370 3310 3310 3355]
[3085 3135 3085 2980 2855 2840 2160 1985] [3005 3200 3255 3360 3215 3440 3335 3375]
COM7 0 43
4
[3140 2815 3250 3020 2680 2540 2305 1715] [2655 2830 3245 3245 3000 3175 3155 3245]
[3380 3175 2960 3095 2745 2455 1990 1845] [2155 2840 3320 3280 3040 3175 3220 3000]
[3070 3045 3155 3015 2740 2430 2035 1955] [2320 2835 2950 3000 3190 3045 3240 3085]
[3205 3125 3160 2985 2875 2440 1950 1540] [2445 2695 3015 3115 3000 3100 3170 3025]
[3295 3025 3300 3035 2960 2345 2110 1890] [2560 3100 3275 3190 3245 3050 3285 3200]
[3265 3200 3300 3285 2955 2425 2070 1725] [2705 3265 3050 3295 3120 3295 3245 3215]
[3455 3300 2895 3075 2830 2475 2130 1965] [3040 3290 3265 3125 3370 3310 3310 3355]
[3405 3050 3105 2905 3050 2795 2600 2150] [3005 3200 3255 3360 3215 3440 3335 3375]
COM3 1 44
4
[3140 2815 3250 3020 2680 2540 2305 1715] [2550 2920 3285 3055 3010 3105 3095 3235]
[3380 3175 2960 3095 2745 2455 1990 1845] [2280 2670 3235 3140 3035 3165 3180 2990]
[3070 3045 3155 3015 2740 2430 2035 1955] [2335 2825 3130 3160 3180 2985 3135 3080]
[3205 3125 3160 2985 2875 2440 1950 1540] [2555 2935 3305 3275 3345 3110 3130 3170]
[3295 3025 3300 3035 2960 2345 2110 1890] [2515 3170 3285 3210 3170 3160 3280 3165]
[3265 3200 3300 3285 2955 2425 2070 1725] [2910 2940 3245 3250 3120 3035 3210 3365]
[3455 3300 2895 3075 2830 2475 2130 1965] [3070 3420 3395 3095 3215 3135 3340 3335]
[3405 3050 3105 2905 3050 2795 2600 2150] [3180 2995 3280 3320 3205 3295 3425 3260]
COM7 0 45
4
[2660 2725 2715 2855 2530 2360 2005 1805] [2550 2920 3285 3055 3010 3105 3095 3235]
[2870 2960 2860 2950 2520 2420 1840 1705] [2280 2670 3235 3140 3035 3165 3180 2990]
[2650 2835 2870 2895 2640 2195 1905 1680] [2335 2825 3130 3160 3180 2985 3135 3080]
[3125 3055 2935 2895 2575 2330 1885 1665] [2555 2935 3305 3275 3345 3110 3130 3170]
[2995 2795 3095 2810 2765 2350 1855 1845] [2515 3170 3285 3210 3170 3160 3280 3165]
[2560 2690 3120 2905 2600 2420 1790 1520] [2910 2940 3245 3250 3120 3035 3210 3365]
[3110 3020 3155 3075 2625 2525 2110 1520] [3070 3420 3395 3095 3215 3135 3340 3335]
[2850 3005 2845 2975 2800 2695 2335 2135] [3180 2995 3280 3320 3205 3295 3425 3260]
COM3 1 46
4
[2660 2725 2715 2855 2530 2360 2005 1805] [2400 2830 3060 3200 2975 3060 3175 3140]
[2870 2960 2860 2950 2520 2420 1840 1705] [2300 2710 3310 3165 3135 2995 3105 2905]
[2650 2835 2870 2895 2640 2195 1905 1680] [2240 2870 3115 3095 3115 3135 3130 3185]
[3125 3055 2935 2895 2575 2330 1885 1665] [2590 3130 3305 3145 3050 3125 3095 3025]
[2995 2795 3095 2810 2765 2350 1855 1845] [2780 3255 3330 3100 3240 3265 3080 3130]
[2560 2690 3120 2905 2600 2420 1790 1520] [2735 3125 3210 3305 3250 3155 3325 3270]
[3110 3020 3155 3075 2625 2525 2110 1520] [3070 3315 3150 3170 3160 3345 2930 3250]
[2850 3005 2845 2975 2800 2695 2335 2135] [3005 3350 3115 3540 3210 3260 3190 3395]
COM7 0 47
4
[3070 2840 2825 3095 2715 2535 2280 1885] [2400 2830 3060 3200 2975 3060 3175 3140]
[3065 2800 2855 3040 2850 2615 2190 1800] [2300 2710 3310 3165 3135 2995 3105 2905]
[2940 3100 3140 2900 2670 2440 1895 1770] [2240 2870 3115 3095 3115 3135 3130 3185]
[2965 2815 3095 2895 2840 2320 2015 1720] [2590 3130 3305 3145 3050 3125 3095 3025]
[3250 3210 3100 3160 2560 2425 2040 1720] [2780 3255 3330 3100 3240 3265 3080 3130]
[3130 3175 3270 3045 3285 2580 1955 1635] [2735 3125 3210 3305 3250 3155 3325 3270]
[3065 3030 3090 3205 3210 2600 2190 1885] [3070 3315 3150 3170 3160 3345 2930 3250]
[3345 3215 2985 3225 3105 2745 2395 2205] [3005 3350 3115 3540 3210 3260 3190 3395]
COM3 1 48
4
[3070 2840 2825 3095 2715 2535 2280 1885] [2235 2725 3115 3280 3130 2855 3230 3215]
[3065 2800 2855 3040 2850 2615 2190 1800] [2285 2550 3115 3045 3180 3180 3220 3030]
[2940 3100 3140 2900 2670 2440 1895 1770] [2450 3035 3125 2930 3295 2845 3070 3080]
[2965 2815 3095 2895 2840 2320 2015 1720] [2555 3275 3335 3050 3100 3180 3230 3175]
[3250 3210 3100 3160 2560 2425 2040 1720] [2680 3135 3285 3190 3110 3300 3225 3320]
[3130 3175 3270 3045 3285 2580 1955 1635] [2805 3210 2975 3385 3310 3245 3135 3325]
[3065 3030 3090 3205 3210 2600 2190 1885] [2880 3335 3525 3345 3230 3365 3430 3115]
[3345 3215 2985 3225 3105 2745 2395 2205] [2805 2995 3285 3485 3255 3080 3365 3300]
COM7 0 49
4
[3040 3120 3130 3070 2855 2600 2515 2145] [2235 2725 3115 3280 3130 2855 3230 3215]
[3230 3230 3040 3315 2945 2945 2305 1975] [2285 2550 3115 3045 3180 3180 3220 3030]
[3340 3305 3120 3035 2710 2980 2225 2100] [2450 3035 3125 2930 3295 2845 3070 3080]
[3285 3120 3150 2950 2840 2560 2135 1935] [2555 3275 3335 3050 3100 3180 3230 3175]
[3400 3410 3265 3060 2935 2325 2390 1930] [2680 3135 3285 3190 3110 3300 3225 3320]
[3280 3020 3185 3120 3090 2865 2450 2145] [2805 3210 2975 3385 3310 3245 3135 3325]
[3165 3260 3300 3210 3085 2780 2250 2435] [2880 3335 3525 3345 3230 3365 3430 3115]
[3500 3380 3470 3135 3200 3005 2990 2135] [2805 2995 3285 3485 3255 3080 3365 3300]
COM3 1 50
4
[3040 3120 3130 3070 2855 2600 2515 2145] [2320 2475 2995 3090 3090 3325 3295 3340]
[3230 3230 3040 3315 2945 2945 2305 1975] [2365 2655 3170 3035 3165 3230 3220 3115]
[3340 3305 3120 3035 2710 2980 2225 2100] [2360 2850 3080 3105 3300 3125 3175 3045]
[3285 3120 3150 2950 2840 2560 2135 1935] [2445 3220 3015 3130 3170 3090 3170 3245]
[3400 3410 3265 3060 2935 2325 2390 1930] [2665 3065 3295 3100 2980 3100 3220 3300]
[3280 3020 3185 3120 3090 2865 2450 2145] [2895 3095 3210 3135 3215 3345 3365 3305]
[3165 3260 3300 3210 3085 2780 2250 2435] [2730 3335 3420 3280 2975 3300 3405 3110]
[3500 3380 3470 3135 3200 3005 2990 2135] [2680 3275 3365 3510 3190 3260 3175 3320]
COM7 0 51
4
[3255 3000 3145 2845 2895 2535 2450 2265] [2320 2475 2995 3090 3090 3325 3295 3340]
[3230 3075 3115 3135 2795 2685 2380 1985] [2365 2655 3170 3035 3165 3230 3220 3115]
[3175 3100 3145 2920 2835 2750 2140 2140] [2360 2850 3080 3105 3300 3125 3175 3045]
[3280 3110 3120 3155 2960 2705 2305 2090] [2445 3220 3015 3130 3170 3090 3170 3245]
[3085 3210 3440 2965 2980 2605 2210 2395] [2665 3065 3295 3100 2980 3100 3220 3300]
[3145 3270 3500 3105 2775 2870 2635 2195] [2895 3095 3210 3135 3215 3345 3365 3305]
[3165 3405 3085 3315 3000 2785 2590 2345] [2730 3335 3420 3280 2975 3300 3405 3110]
[3520 3420 3340 3000 3285 3035 2885 2520] [2680 3275 3365 3510 3190 3260 3175 3320]
COM3 1 52
4
[3255 3000 3145 2845 2895 2535 2450 2265] [2595 2785 3230 3200 3130 3100 3200 3265]
[3230 3075 3115 3135 2795 2685 2380 1985] [2555 2825 3150 3010 3140 3180 3195 3210]
[3175 3100 3145 2920 2835 2750 2140 2140] [2560 3025 3275 3130 3205 2990 3135 2970]
[3280 3110 3120 3155 2960 2705 2305 2090] [2465 3160 3460 3365 3145 3205 3100 3190]
[3085 3210 3440 2965 2980 2605 2210 2395] [2900 2935 3285 3035 3130 3090 3290 3215]
[3145 3270 3500 3105 2775 2870 2635 2195] [2735 2940 3140 3255 3000 3215 3245 3300]
[3165 3405 3085 3315 3000 2785 2590 2345] [2815 3220 3200 3410 3325 3255 3115 3300]
[3520 3420 3340 3000 3285 3035 2885 2520] [2515 2995 3060 3520 3295 3230 3390 3080]
COM7 0 53
4
[3250 3105 3085 3000 3095 2630 2620 2135] [2595 2785 3230 3200 3130 3100 3200 3265]
[3285 3300 3085 3135 2955 2590 2495 2080] [2555 2825 3150 3010 3140 3180 3195 3210]
[3220 3115 2990 3090 3045 2665 2490 2115] [2560 3025 3275 3130 3205 2990 3135 2970]
[3325 3030 3475 3020 2900 2560 2335 1950] [2465 3160 3460 3365 3145 3205 3100 3190]
[3185 3470 3150 2945 3090 2740 2590 2275] [2900 2935 3285 3035 3130 3090 3290 3215]
[3245 2955 3320 3310 2960 2950 2420 2035] [2735 2940 3140 3255 3000 3215 3245 3300]
[3165 3615 3370 3215 3200 2800 2875 2390] [2815 3220 3200 3410 3325 3255 3115 3300]
[3530 3185 3495 3130 3030 2990 3130 2540] [2515 2995 3060 3520 3295 3230 3390 3080]
COM3 1 54
4
[3250 3105 3085 3000 3095 2630 2620 2135] [2805 3085 3240 3020 3375 3170 3060 3330]
[3285 3300 3085 3135 2955 2590 2495 2080] [2605 2815 3210 3205 3215 3275 3295 2975]
[3220 3115 2990 3090 3045 2665 2490 2115] [2560 2945 3185 2930 3250 3290 3225 3120]
[3325 3030 3475 3020 2900 2560 2335 1950] [2580 3070 3360 3245 3120 3160 3115 3220]
[3185 3470 3150 2945 3090 2740 2590 2275] [2485 3050 3190 2955 3275 3275 3315 3215]
[3245 2955 3320 3310 2960 2950 2420 2035] [2545 2850 3220 3485 3190 3360 3350 3260]
[3165 3615 3370 3215 3200 2800 2875 2390] [2465 3220 3175 3110 3130 3410 3215 3320]
[3530 3185 3495 3130 3030 2990 3130 2540] [2635 3095 3390 3365 3360 3220 3415 3140]
COM7 0 55
4
[2870 2625 2650 2905 2820 2665 2665 1980] [2805 3085 3240 3020 3375 3170 3060 3330]
[2805 2780 2765 2900 2970 2725 2285 1885] [2605 2815 3210 3205 3215 3275 3295 2975]
[2865 2860 2905 2970 2930 2640 2275 1860] [2560 2945 3185 2930 3250 3290 3225 3120]
[3035 3035 3000 2775 2910 2865 2345 1725] [2580 3070 3360 3245 3120 3160 3115 3220]
[2745 2950 2945 2860 2935 2770 2315 1755] [2485 3050 3190 2955 3275 3275 3315 3215]
[3115 2845 3365 3255 2935 2990 2570 1785] [2545 2850 3220 3485 3190 3360 3350 3260]
[2845 3345 2930 3030 3040 3100 2500 2015] [2465 3220 3175 3110 3130 3410 3215 3320]
[3335 3000 3100 2915 2995 2865 2695 2170] [2635 3095 3390 3365 3360 3220 3415 3140]
COM3 1 56
4
[2870 2625 2650 2905 2820 2665 2665 1980] [2515 2620 3095 3180 3105 2945 3285 3165]
[2805 2780 2765 2900 2970 2725 2285 1885] [2160 2460 2840 3160 3115 3305 3025 3120]
[2865 2860 2905 2970 2930 2640 2275 1860] [2120 2400 2705 3120 3180 3355 3150 3110]
[3035 3035 3000 2775 2910 2865 2345 1725] [2230 2565 2905 3180 3185 3120 3140 2975]
[2745 2950 2945 2860 2935 2770 2315 1755] [2305 2870 2940 3000 3135 3195 3120 3190]
[3115 2845 3365 3255 2935 2990 2570 1785] [2305 2705 3090 3315 3365 3130 3415 3260]
[2845 3345 2930 3030 3040 3100 2500 2015] [2485 3030 3225 3205 3280 3380 3155 3260]
[3335 3000 3100 2915 2995 2865 2695 2170] [2685 3100 3255 3370 3140 3345 3435 3415]
COM7 0 57
4
[3045 2835 3140 2930 2940 2720 2575 2390] [2515 2620 3095 3180 3105 2945 3285 3165]
[2975 3065 2915 3070 3010 3020 2780 2125] [2160 2460 2840 3160 3115 3305 3025 3120]
[2950 2950 2990 2950 2945 2900 2700 2190] [2120 2400 2705 3120 3180 3355 3150 3110]
[2770 2965 3135 3025 2965 2875 2445 2125] [2230 2565 2905 3180 3185 3120 3140 2975]
[2945 3140 2910 2880 2870 2850 2605 2220] [2305 2870 2940 3000 3135 3195 3120 3190]
[3060 3020 2930 2730 2995 2875 2465 1815] [2305 2705 3090 3315 3365 3130 3415 3260]
[2845 2835 2885 3345 2910 3085 2635 2180] [2485 3030 3225 3205 3280 3380 3155 3260]
[3110 2960 3100 3100 3200 3110 2600 2560] [2685 3100 3255 3370 3140 3345 3435 3415]
COM3 1 58
4
[3045 2835 3140 2930 2940 2720 2575 2390] [2465 2595 2810 3095 3305 3200 3255 3395]
[2975 3065 2915 3070 3010 3020 2780 2125] [2485 2370 2630 2665 3245 3325 3235 3235]
[2950 2950 2990 2950 2945 2900 2700 2190] [2340 2510 2460 2885 3150 3270 3295 3085]
[2770 2965 3135 3025 2965 2875 2445 2125] [2460 2640 2755 3075 3165 3350 3160 3250]
[2945 3140 2910 2880 2870 2850 2605 2220] [2420 2620 3035 2975 3400 3585 3350 3570]
[3060 3020 2930 2730 2995 2875 2465 1815] [2285 2925 3040 3265 3300 3590 3575 3450]
[2845 2835 2885 3345 2910 3085 2635 2180] [2660 3050 3395 3305 3330 3475 3330 3540]
[3110 2960 3100 3100 3200 3110 2600 2560] [2585 3365 3420 3360 3380 3400 3540 3500]
COM7 0 59
4
[3255 3100 3145 3355 2980 2890 2905 2725] [2465 2595 2810 3095 3305 3200 3255 3395]
[3135 3240 3065 3315 3080 3035 2790 2455] [2485 2370 2630 2665 3245 3325 3235 3235]
[3145 3220 3145 3180 3095 3165 2790 2530] [2340 2510 2460 2885 3150 3270 3295 3085]
[3305 3265 3405 3420 3130 3180 2905 2500] [2460 2640 2755 3075 3165 3350 3160 3250]
[3560 3210 3365 3280 3185 3245 2975 2465] [2420 2620 3035 2975 3400 3585 3350 3570]
[3335 3170 3440 3260 3270 3125 3210 2220] [2285 2925 3040 3265 3300 3590 3575 3450]
[3275 3120 3150 3520 3255 3120 2700 2310] [2660 3050 3395 3305 3330 3475 3330 3540]
[3450 3205 3430 3350 3095 2990 2580 2395] [2585 3365 3420 3360 3380 3400 3540 3500]
COM3 1 60
4
[3255 3100 3145 3355 2980 2890 2905 2725] [2380 2490 2740 2870 3330 3220 3195 3125]
[3135 3240 3065 3315 3080 3035 2790 2455] [2070 2170 2430 2690 2815 3295 3285 3025]
[3145 3220 3145 3180 3095 3165 2790 2530] [1945 2010 2245 2630 3070 3145 3180 3185]
[3305 3265 3405 3420 3130 3180 2905 2500] [1895 2360 2640 3025 3055 3125 3320 3130]
[3560 3210 3365 3280 3185 3245 2975 2465] [2055 2385 2870 2875 3290 3100 3175 3185]
[3335 3170 3440 3260 3270 3125 3210 2220] [2310 2410 3005 3265 3185 3205 3060 3260]
[3275 3120 3150 3520 3255 3120 2700 2310] [2410 2550 3180 3120 3335 3255 3290 3435]
[3450 3205 3430 3350 3095 2990 2580 2395] [2435 3160 3240 3440 3255 3190 3170 3355]
COM7 0 61
4
[2765 3025 3110 2960 3065 3025 2880 2675] [2380 2490 2740 2870 3330 3220 3195 3125]
[3135 3145 3075 3210 2850 3055 2870 2555] [2070 2170 2430 2690 2815 3295 3285 3025]
[3065 3115 3050 3045 3010 2925 3050 2450] [1945 2010 2245 2630 3070 3145 3180 3185]
[2860 3065 3195 3055 3100 3105 3010 2375] [1895 2360 2640 3025 3055 3125 3320 3130]
[3205 3210 3280 3035 3125 3000 2805 2415] [2055 2385 2870 2875 3290 3100 3175 3185]
[2970 3090 3190 3025 2900 3125 2765 2195] [2310 2410 3005 3265 3185 3205 3060 3260]
[2995 2825 3165 3300 2905 3120 2750 2360] [2410 2550 3180 3120 3335 3255 3290 3435]
[3195 2965 3275 2735 3080 2915 2805 2525] [2435 3160 3240 3440 3255 3190 3170 3355]
COM3 1 62
4
[2765 3025 3110 2960 3065 3025 2880 2675] [2510 2375 2575 3025 3040 2975 3200 3015]
[3135 3145 3075 3210 2850 3055 2870 2555] [2120 2255 2505 2670 3005 3185 3095 3195]
[3065 3115 3050 3045 3010 2925 3050 2450] [2040 1900 2305 2540 3115 3110 3055 3040]
[2860 3065 3195 3055 3100 3105 3010 2375] [2055 2060 2390 2815 3055 3230 3080 3130]
[3205 3210 3280 3035 3125 3000 2805 2415] [2035 2325 2540 2585 3435 3140 3170 3445]
[2970 3090 3190 3025 2900 3125 2765 2195] [2025 2405 2830 3290 3230 3345 3360 3215]
[2995 2825 3165 3300 2905 3120 2750 2360] [2295 2935 3210 3140 3355 3240 3160 3305]
[3195 2965 3275 2735 3080 2915 2805 2525] [2455 3095 3250 3320 3405 3300 3215 3290]
COM7 0 63
4
[3255 3205 3210 3245 3235 2840 2990 2725] [2510 2375 2575 3025 3040 2975 3200 3015]
[3345 3260 3235 3210 3080 2925 2885 2595] [2120 2255 2505 2670 3005 3185 3095 3195]
[3130 3280 3255 3305 2975 3040 2765 2570] [2040 1900 2305 2540 3115 3110 3055 3040]
[3410 3565 3340 3150 3140 3145 2900 2290] [2055 2060 2390 2815 3055 3230 3080 3130]
[3560 3370 3185 3045 3170 2960 2695 2295] [2035 2325 2540 2585 3435 3140 3170 3445]
[3080 3300 3410 3290 3000 3065 2820 2325] [2025 2405 2830 3290 3230 3345 3360 3215]
[3375 3240 3450 3410 3085 3330 2710 2795] [2295 2935 3210 3140 3355 3240 3160 3305]
[3755 3430 3410 3205 3205 3190 3145 2675] [2455 3095 3250 3320 3405 3300 3215 3290]
COM3 1 64
4
[3255 3205 3210 3245 3235 2840 2990 2725] [2575 2560 2640 2825 3110 3130 3160 3220]
[3345 3260 3235 3210 3080 2925 2885 2595] [2235 2295 2385 2770 3100 3175 3190 3145]
[3130 3280 3255 3305 2975 3040 2765 2570] [2055 2145 2360 2605 3205 3120 3200 3185]
[3410 3565 3340 3150 3140 3145 2900 2290] [1985 2275 2535 2680 3005 3020 3165 3045]
[3560 3370 3185 3045 3170 2960 2695 2295] [2145 2470 2600 2875 3295 3040 3275 3265]
[3080 3300 3410 3290 3000 3065 2820 2325] [2060 2465 2800 3240 3185 3175 3125 3085]
[3375 3240 3450 3410 3085 3330 2710 2795] [2375 2610 3175 3045 3145 3180 3240 3295]
[3755 3430 3410 3205 3205 3190 3145 2675] [2355 2805 3085 3295 3260 3225 3465 3315]
COM7 0 65
4
[3115 3040 3065 3110 3260 3135 3110 2885] [2575 2560 2640 2825 3110 3130 3160 3220]
[3220 3170 3115 3145 2905 2925 2920 2590] [2235 2295 2385 2770 3100 3175 3190 3145]
[3130 2950 3150 3030 3005 3000 2890 2320] [2055 2145 2360 2605 3205 3120 3200 3185]
[3180 3185 3200 3050 3140 3070 2790 2290] [1985 2275 2535 2680 3005 3020 3165 3045]
[3440 3460 2940 3230 3000 3065 2670 2360] [2145 2470 2600 2875 3295 3040 3275 3265]
[3225 3085 3085 3020 2970 3295 3055 2225] [2060 2465 2800 3240 3185 3175 3125 3085]
[3250 3120 3300 3075 3310 3120 2790 2540] [2375 2610 3175 3045 3145 3180 3240 3295]
[3360 3050 3230 3050 3290 3070 3275 2635] [2355 2805 3085 3295 3260 3225 3465 3315]