COM3 1 6
4
[2180 2490 2415 2655 2805 2950 3140 2925] [3465 3210 2910 3160 3150 3225 3225 3155]
[2270 2340 2215 2640 2695 3075 2945 3175] [3115 3200 3135 3055 3080 3190 3070 2940]
[2080 2000 2240 2495 2780 3015 3075 2910] [3190 3275 3120 3210 3195 3065 3140 3015]
[2000 2230 2545 2480 3060 3155 3070 3105] [3220 3170 3235 3210 3130 3050 3175 3175]
[2035 2300 2590 2795 3180 3180 3105 3065] [3205 3190 3295 2935 3145 3080 3250 3200]
[2115 2370 3055 3025 3015 3210 3315 2985] [3130 3200 3135 3265 3150 3220 3270 3355]
[2455 2690 2675 3150 3045 2885 3105 3145] [3225 3350 3465 3130 3325 3315 3140 3270]
[2565 3170 3400 3100 3055 3190 3255 3095] [3205 3365 3500 3470 3200 3195 3215 3355]
COM7 0 7
4
[2580 2435 2640 2875 2965 3085 3420 3110] [3465 3210 2910 3160 3150 3225 3225 3155]
[2550 2630 2620 2645 2850 3045 3305 3145] [3115 3200 3135 3055 3080 3190 3070 2940]
[2335 2260 2430 2565 2615 2985 3135 3240] [3190 3275 3120 3210 3195 3065 3140 3015]
[2285 2485 2430 2415 2780 3020 3230 3265] [3220 3170 3235 3210 3130 3050 3175 3175]
[2215 2225 2495 2625 2965 2915 3420 3195] [3205 3190 3295 2935 3145 3080 3250 3200]
[2285 2370 2775 2555 2950 3110 3195 3315] [3130 3200 3135 3265 3150 3220 3270 3355]
[2385 2685 2720 3165 3040 3140 3275 3215] [3225 3350 3465 3130 3325 3315 3140 3270]
[2730 2675 3230 3265 3150 3400 3445 3365] [3205 3365 3500 3470 3200 3195 3215 3355]
COM3 1 8
4
[2580 2435 2640 2875 2965 3085 3420 3110] [3305 2975 3060 3005 3060 3005 3055 3105]
[2550 2630 2620 2645 2850 3045 3305 3145] [3105 2970 3075 2860 2980 3125 3045 3045]
[2335 2260 2430 2565 2615 2985 3135 3240] [3035 3030 3195 3155 3105 3070 2985 3085]
[2285 2485 2430 2415 2780 3020 3230 3265] [3145 2900 3160 3135 3055 3030 3220 3050]
[2215 2225 2495 2625 2965 2915 3420 3195] [3060 3095 3135 2910 3165 3145 3125 3125]
[2285 2370 2775 2555 2950 3110 3195 3315] [3140 3230 3055 3310 3025 3095 3195 3265]
[2385 2685 2720 3165 3040 3140 3275 3215] [3145 3235 3215 3075 3210 3190 3175 3095]
[2730 2675 3230 3265 3150 3400 3445 3365] [3250 3055 3210 3245 3180 2970 3140 3075]
COM7 0 9
4
[2720 2480 2545 2845 2795 3195 3345 3280] [3305 2975 3060 3005 3060 3005 3055 3105]
[2785 2610 2500 2575 2790 3000 3150 3465] [3105 2970 3075 2860 2980 3125 3045 3045]
[2415 2470 2575 2350 2440 2805 3410 3290] [3035 3030 3195 3155 3105 3070 2985 3085]
[2060 2540 2360 2170 2455 2755 3115 3230] [3145 2900 3160 3135 3055 3030 3220 3050]
[2055 2295 2520 2545 2700 2905 3270 3370] [3060 3095 3135 2910 3165 3145 3125 3125]
[2100 2360 2465 2675 2855 3230 3310 3115] [3140 3230 3055 3310 3025 3095 3195 3265]
[2275 2470 2935 3170 2895 3500 3265 3215] [3145 3235 3215 3075 3210 3190 3175 3095]
[2705 2940 2960 3145 3335 3485 3495 3315] [3250 3055 3210 3245 3180 2970 3140 3075]
COM3 1 10
4
[2720 2480 2545 2845 2795 3195 3345 3280] [2855 2975 2805 2745 2835 2935 2995 3100]
[2785 2610 2500 2575 2790 3000 3150 3465] [2900 2945 2995 3015 2845 3065 3050 2945]
[2415 2470 2575 2350 2440 2805 3410 3290] [3035 3090 2990 2895 3145 3055 2985 3020]
[2060 2540 2360 2170 2455 2755 3115 3230] [2940 3130 3000 2945 3055 3045 2975 2920]
[2055 2295 2520 2545 2700 2905 3270 3370] [2945 3235 3135 2875 2885 2950 3065 3095]
[2100 2360 2465 2675 2855 3230 3310 3115] [2880 2980 2900 3135 2925 3025 3135 2975]
[2275 2470 2935 3170 2895 3500 3265 3215] [3020 3245 3075 2965 3040 3015 3075 3030]
[2705 2940 2960 3145 3335 3485 3495 3315] [3140 3060 2900 3190 3050 2990 3130 3080]
COM7 0 11
4
[2940 2825 2715 2675 2955 3015 3305 3335] [2855 2975 2805 2745 2835 2935 2995 3100]
[2695 2855 2425 2520 2600 2795 3150 3270] [2900 2945 2995 3015 2845 3065 3050 2945]
[2325 2370 2400 2450 2315 2895 3155 3385] [3035 3090 2990 2895 3145 3055 2985 3020]
[2040 2165 2345 2395 2680 3045 3420 3235] [2940 3130 3000 2945 3055 3045 2975 2920]
[1975 2160 2355 2465 2770 3375 3420 3555] [2945 3235 3135 2875 2885 2950 3065 3095]
[1990 2345 2680 2945 3225 3440 3470 3240] [2880 2980 2900 3135 2925 3025 3135 2975]
[1935 2605 2890 3415 3280 3375 3170 3445] [3020 3245 3075 2965 3040 3015 3075 3030]
[2410 2940 3310 3445 3330 3350 3455 3345] [3140 3060 2900 3190 3050 2990 3130 3080]
COM3 1 12
4
[2940 2825 2715 2675 2955 3015 3305 3335] [2835 2975 2995 2825 2765 2835 2990 3060]
[2695 2855 2425 2520 2600 2795 3150 3270] [2995 2955 2885 2930 2955 3070 2945 2940]
[2325 2370 2400 2450 2315 2895 3155 3385] [3035 3015 2835 2885 3010 2900 3035 2910]
[2040 2165 2345 2395 2680 3045 3420 3235] [3165 2905 3075 3025 2980 2790 2660 2980]
[1975 2160 2355 2465 2770 3375 3420 3555] [2865 3135 2965 2715 3030 2865 3130 3000]
[1990 2345 2680 2945 3225 3440 3470 3240] [3085 3015 2760 3095 2970 3035 3135 3060]
[1935 2605 2890 3415 3280 3375 3170 3445] [3020 3110 3100 2960 3025 3055 3055 3230]
[2410 2940 3310 3445 3330 3350 3455 3345] [3000 3025 3240 3070 3190 2950 3015 2955]
COM7 0 13
4
[2725 2515 2420 2380 2400 2770 3160 3005] [2835 2975 2995 2825 2765 2835 2990 3060]
[2315 2485 2215 2330 2425 2795 2895 3190] [2995 2955 2885 2930 2955 3070 2945 2940]
[1825 2060 2380 2175 2570 2965 3095 3025] [3035 3015 2835 2885 3010 2900 3035 2910]
[1775 1840 2235 2405 2675 3010 2995 3030] [3165 2905 3075 3025 2980 2790 2660 2980]
[1760 1855 2295 2465 3080 3000 2940 3170] [2865 3135 2965 2715 3030 2865 3130 3000]
[1720 2045 2450 2850 2800 3125 3075 3045] [3085 3015 2760 3095 2970 3035 3135 3060]
[1870 2165 2565 2960 3070 3245 2905 2955] [3020 3110 3100 2960 3025 3055 3055 3230]
[2025 2255 2575 3140 2855 3170 3310 3115] [3000 3025 3240 3070 3190 2950 3015 2955]
COM3 1 14
4
[2725 2515 2420 2380 2400 2770 3160 3005] [3165 3195 3135 3240 3160 3160 3160 3195]
[2315 2485 2215 2330 2425 2795 2895 3190] [3065 3150 3130 3240 3195 3250 3190 2980]
[1825 2060 2380 2175 2570 2965 3095 3025] [3320 3175 3295 3210 3220 3165 3245 3035]
[1775 1840 2235 2405 2675 3010 2995 3030] [3260 3220 3225 3185 3250 2970 3150 3205]
[1760 1855 2295 2465 3080 3000 2940 3170] [3065 3515 3255 3100 3165 3250 3265 3420]
[1720 2045 2450 2850 2800 3125 3075 3045] [3275 3295 3185 3315 3170 3210 3205 3350]
[1870 2165 2565 2960 3070 3245 2905 2955] [3310 3390 3565 3425 3045 3220 3250 3320]
[2025 2255 2575 3140 2855 3170 3310 3115] [3465 3310 3305 3565 3225 3190 3430 3510]
COM7 0 15
4
[2275 1970 2365 2445 2765 2915 2935 2725] [3165 3195 3135 3240 3160 3160 3160 3195]
[1920 2130 2245 2610 2830 3015 3050 3035] [3065 3150 3130 3240 3195 3250 3190 2980]
[1650 1930 2360 2285 2630 2925 3095 3320] [3320 3175 3295 3210 3220 3165 3245 3035]
[1735 1975 2130 2625 2850 2865 3045 3100] [3260 3220 3225 3185 3250 2970 3150 3205]
[1945 1795 2220 2655 3105 2995 3045 3180] [3065 3515 3255 3100 3165 3250 3265 3420]
[1580 1780 2320 2770 2795 3080 3075 2940] [3275 3295 3185 3315 3170 3210 3205 3350]
[1500 1930 2245 2780 3120 2960 3020 3060] [3310 3390 3565 3425 3045 3220 3250 3320]
[1815 1905 2430 2885 2995 3340 3110 3000] [3465 3310 3305 3565 3225 3190 3430 3510]
COM3 1 16
4
[2275 1970 2365 2445 2765 2915 2935 2725] [3235 3205 3050 3070 3300 3195 3215 3175]
[1920 2130 2245 2610 2830 3015 3050 3035] [3265 3085 3390 3110 3145 3285 3125 3060]
[1650 1930 2360 2285 2630 2925 3095 3320] [3290 3165 3195 3005 3300 3200 3120 3030]
[1735 1975 2130 2625 2850 2865 3045 3100] [3205 3255 3255 3340 3235 3130 3190 3200]
[1945 1795 2220 2655 3105 2995 3045 3180] [3260 3400 3235 3130 3170 3115 3245 3280]
[1580 1780 2320 2770 2795 3080 3075 2940] [3095 3280 3270 3240 3235 3340 3250 3245]
[1500 1930 2245 2780 3120 2960 3020 3060] [3515 3390 3470 3200 3225 3200 3335 3235]
[1815 1905 2430 2885 2995 3340 3110 3000] [3295 3435 3150 3645 3045 3180 3525 3455]
COM7 0 17
4
[1945 2010 2235 2795 2885 3075 3375 3220] [3235 3205 3050 3070 3300 3195 3215 3175]
[2020 2035 2165 2745 3145 3195 3110 3365] [3265 3085 3390 3110 3145 3285 3125 3060]
[1735 1805 2285 2660 3090 3170 3150 3320] [3290 3165 3195 3005 3300 3200 3120 3030]
[1755 1815 2115 2575 3190 3125 3195 3325] [3205 3255 3255 3340 3235 3130 3190 3200]
[1865 1725 2110 2550 3040 3195 3265 3600] [3260 3400 3235 3130 3170 3115 3245 3280]
[1820 1750 2295 2510 3010 3250 3300 3240] [3095 3280 3270 3240 3235 3340 3250 3245]
[1805 1770 2095 2875 3155 3180 3210 3445] [3515 3390 3470 3200 3225 3200 3335 3235]
[1975 1665 1990 2685 3000 3300 3470 3380] [3295 3435 3150 3645 3045 3180 3525 3455]
COM3 1 18
4
[1945 2010 2235 2795 2885 3075 3375 3220] [2945 3115 3060 2950 2975 2895 3065 3060]
[2020 2035 2165 2745 3145 3195 3110 3365] [3050 2985 3005 2925 3095 3150 3115 2985]
[1735 1805 2285 2660 3090 3170 3150 3320] [2990 3135 3165 3130 3100 3075 2985 3085]
[1755 1815 2115 2575 3190 3125 3195 3325] [3075 2880 3185 3030 3060 3055 3030 2975]
[1865 1725 2110 2550 3040 3195 3265 3600] [3020 3005 3195 2875 3115 3040 3015 3195]
[1820 1750 2295 2510 3010 3250 3300 3240] [2880 3005 3175 3220 3045 3235 3110 3335]
[1805 1770 2095 2875 3155 3180 3210 3445] [3035 3090 3155 3075 3040 3040 3195 3100]
[1975 1665 1990 2685 3000 3300 3470 3380] [2995 3225 3310 3190 3415 3180 3015 3265]
COM7 0 19
4
[2455 2060 1655 1805 2250 2370 2785 2850] [2945 3115 3060 2950 2975 2895 3065 3060]
[2200 1935 1695 1685 2245 2545 2570 2555] [3050 2985 3005 2925 3095 3150 3115 2985]
[1825 1730 1630 1685 1895 2440 2615 2740] [2990 3135 3165 3130 3100 3075 2985 3085]
[1880 1580 1660 1725 2140 2480 2815 2830] [3075 2880 3185 3030 3060 3055 3030 2975]
[1940 1580 1620 1700 2070 2465 2665 3055] [3020 3005 3195 2875 3115 3040 3015 3195]
[1700 1660 1695 1875 2095 2515 2885 2895] [2880 3005 3175 3220 3045 3235 3110 3335]
[1675 1670 1710 2115 2185 2800 2790 2755] [3035 3090 3155 3075 3040 3040 3195 3100]
[1840 1525 1680 2000 2375 2940 3010 2625] [2995 3225 3310 3190 3415 3180 3015 3265]
COM3 1 20
4
[2455 2060 1655 1805 2250 2370 2785 2850] [3480 3625 3490 3410 3515 3235 3400 3435]
[2200 1935 1695 1685 2245 2545 2570 2555] [3545 3340 3400 3335 3365 3380 3310 3300]
[1825 1730 1630 1685 1895 2440 2615 2740] [3405 3520 3500 3290 3500 3375 3360 3290]
[1880 1580 1660 1725 2140 2480 2815 2830] [3500 3525 3495 3330 3200 3450 3390 3355]
[1940 1580 1620 1700 2070 2465 2665 3055] [3545 3380 3490 3435 3290 3220 3500 3450]
[1700 1660 1695 1875 2095 2515 2885 2895] [3310 3470 3385 3515 3280 3395 3490 3345]
[1675 1670 1710 2115 2185 2800 2790 2755] [3445 3645 3550 3550 3465 3500 3355 3390]
[1840 1525 1680 2000 2375 2940 3010 2625] [3515 3505 3555 3635 3575 3625 3555 3430]
COM7 0 21
4
[2685 2420 2315 1950 2280 2130 2610 3005] [3480 3625 3490 3410 3515 3235 3400 3435]
[2745 2430 2120 2050 2080 1955 2430 2755] [3545 3340 3400 3335 3365 3380 3310 3300]
[2535 2275 2005 1825 2035 1875 2330 2720] [3405 3520 3500 3290 3500 3375 3360 3290]
[2490 2265 2020 1900 1915 2030 2415 2750] [3500 3525 3495 3330 3200 3450 3390 3355]
[2500 2180 1840 1880 1950 2145 2465 3140] [3545 3380 3490 3435 3290 3220 3500 3450]
[2310 1995 1945 1895 1935 2365 2915 3110] [3310 3470 3385 3515 3280 3395 3490 3345]
[2265 2005 1840 1885 2040 2540 2795 3420] [3445 3645 3550 3550 3465 3500 3355 3390]
[2340 1970 1835 1935 2305 2885 3090 3430] [3515 3505 3555 3635 3575 3625 3555 3430]
COM3 1 22
4
[2685 2420 2315 1950 2280 2130 2610 3005] [2980 2865 3060 2990 2765 2835 3005 3055]
[2745 2430 2120 2050 2080 1955 2430 2755] [2860 2955 2940 2780 2985 3165 2945 2985]
[2535 2275 2005 1825 2035 1875 2330 2720] [3035 3030 2985 2855 3015 2975 2945 2935]
[2490 2265 2020 1900 1915 2030 2415 2750] [3065 2960 3005 2830 3000 3035 3135 2945]
[2500 2180 1840 1880 1950 2145 2465 3140] [2990 3310 3220 3030 2865 3065 2995 3100]
[2310 1995 1945 1895 1935 2365 2915 3110] [2845 3085 3065 3095 3040 3110 3135 3195]
[2265 2005 1840 1885 2040 2540 2795 3420] [3065 3430 3100 2960 2805 2995 3200 3100]
[2340 1970 1835 1935 2305 2885 3090 3430] [3165 2995 3355 3070 3190 3035 3080 2990]
COM7 0 23
4
[2670 2360 2240 2105 2080 2405 2800 2630] [2980 2865 3060 2990 2765 2835 3005 3055]
[2750 2545 2125 2125 2050 2205 2200 2360] [2860 2955 2940 2780 2985 3165 2945 2985]
[2750 2545 2205 1920 1865 2060 2125 2210] [3035 3030 2985 2855 3015 2975 2945 2935]
[2530 2520 2325 2070 2025 1895 1935 1950] [3065 2960 3005 2830 3000 3035 3135 2945]
[2520 2275 2210 2035 2060 1945 2020 2215] [2990 3310 3220 3030 2865 3065 2995 3100]
[2465 2245 2020 1950 1865 1870 1945 2180] [2845 3085 3065 3095 3040 3110 3135 3195]
[2380 2175 1925 1880 1725 1820 1895 2380] [3065 3430 3100 2960 2805 2995 3200 3100]
[2560 1975 1895 1830 1770 1960 2135 2735] [3165 2995 3355 3070 3190 3035 3080 2990]
COM3 1 24
4
[2670 2360 2240 2105 2080 2405 2800 2630] [3230 3235 3315 3240 3275 3310 3160 3285]
[2750 2545 2125 2125 2050 2205 2200 2360] [3350 3280 3205 3115 3195 3275 3165 3125]
[2750 2545 2205 1920 1865 2060 2125 2210] [3240 3260 3295 3125 3335 3185 3155 3195]
[2530 2520 2325 2070 2025 1895 1935 1950] [3075 3215 3415 3155 3195 3200 3200 3195]
[2520 2275 2210 2035 2060 1945 2020 2215] [2810 3160 3355 2935 3260 3290 3250 3200]
[2465 2245 2020 1950 1865 1870 1945 2180] [2675 3070 3220 3260 3145 3245 3350 3330]
[2380 2175 1925 1880 1725 1820 1895 2380] [2630 3110 3095 3135 3155 3225 3320 3415]
[2560 1975 1895 1830 1770 1960 2135 2735] [2745 2985 3155 3525 3295 3170 3310 3315]
COM7 0 25
4
[2765 2680 2405 2090 2110 2350 2510 2710] [3230 3235 3315 3240 3275 3310 3160 3285]
[2785 2530 2120 2085 2010 2000 2165 2300] [3350 3280 3205 3115 3195 3275 3165 3125]
[2780 2400 2230 1915 1775 2005 2140 2155] [3240 3260 3295 3125 3335 3185 3155 3195]
[2805 2370 2205 1800 1895 1830 2030 1965] [3075 3215 3415 3155 3195 3200 3200 3195]
[2775 2295 2060 1905 2005 1880 2020 2005] [2810 3160 3355 2935 3260 3290 3250 3200]
[2695 2240 2085 2020 1785 1775 1755 1895] [2675 3070 3220 3260 3145 3245 3350 3330]
[2730 2325 1965 1840 1800 1665 1735 1855] [2630 3110 3095 3135 3155 3225 3320 3415]
[2570 1925 1920 1685 1735 1705 1930 1905] [2745 2985 3155 3525 3295 3170 3310 3315]
COM3 1 26
4
[2765 2680 2405 2090 2110 2350 2510 2710] [3155 3155 3345 3075 3245 3140 3210 3320]
[2785 2530 2120 2085 2010 2000 2165 2300] [3120 3200 3250 3070 2955 3300 3135 3035]
[2780 2400 2230 1915 1775 2005 2140 2155] [3025 3200 3160 3005 3235 3115 3095 2965]
[2805 2370 2205 1800 1895 1830 2030 1965] [3000 3225 3335 3235 3135 2970 3205 3210]
[2775 2295 2060 1905 2005 1880 2020 2005] [2540 2845 3075 2890 3245 3215 3295 3310]
[2695 2240 2085 2020 1785 1775 1755 1895] [2400 2650 2810 3175 3295 3315 3290 3055]
[2730 2325 1965 1840 1800 1665 1735 1855] [2220 2635 2905 3070 3210 3215 3175 3430]
[2570 1925 1920 1685 1735 1705 1930 1905] [2510 2610 2955 3360 3160 3190 3195 3165]
COM7 0 27
4
[3025 2615 2495 2465 2535 2850 2730 2575] [3155 3155 3345 3075 3245 3140 3210 3320]
[3125 2805 2465 2200 2365 2580 2605 2385] [3120 3200 3250 3070 2955 3300 3135 3035]
[2750 2700 2385 2135 2235 2340 2500 2320] [3025 3200 3160 3005 3235 3115 3095 2965]
[2905 2620 2395 2110 2200 2175 2230 2085] [3000 3225 3335 3235 3135 2970 3205 3210]
[3200 2550 2375 2180 2110 1985 2155 2080] [2540 2845 3075 2890 3245 3215 3295 3310]
[2835 2510 2290 2040 1935 1995 1995 2025] [2400 2650 2810 3175 3295 3315 3290 3055]
[2730 2570 2095 2130 1960 1915 1705 2050] [2220 2635 2905 3070 3210 3215 3175 3430]
[2900 2410 2240 1875 1900 2025 2255 2405] [2510 2610 2955 3360 3160 3190 3195 3165]
COM3 1 28
4
[3025 2615 2495 2465 2535 2850 2730 2575] [2780 3040 3190 2925 2950 3015 2880 2970]
[3125 2805 2465 2200 2365 2580 2605 2385] [2580 2815 3140 2955 2840 3015 2940 2890]
[2750 2700 2385 2135 2235 2340 2500 2320] [2645 2620 3095 2805 3170 3115 2980 2995]
[2905 2620 2395 2110 2200 2175 2230 2085] [2385 2455 3055 3020 3190 2960 3010 2855]
[3200 2550 2375 2180 2110 1985 2155 2080] [2205 2490 2805 2795 3115 3060 3030 3125]
[2835 2510 2290 2040 1935 1995 1995 2025] [2240 2305 2645 3165 3050 3280 3085 3210]
[2730 2570 2095 2130 1960 1915 1705 2050] [2200 2460 2800 3000 3120 3155 3215 3200]
[2900 2410 2240 1875 1900 2025 2255 2405] [2350 2595 2925 3225 3215 2970 3195 3075]
COM7 0 29
4
[2915 2570 2390 2330 2390 2535 2855 2410] [2780 3040 3190 2925 2950 3015 2880 2970]
[3195 2685 2405 2220 2030 2345 2550 2395] [2580 2815 3140 2955 2840 3015 2940 2890]
[2965 2865 2360 2075 1915 1905 2160 2210] [2645 2620 3095 2805 3170 3115 2980 2995]
[2980 2730 2405 1940 1965 1935 2045 1990] [2385 2455 3055 3020 3190 2960 3010 2855]
[3220 2725 2385 2000 1930 1610 1920 1970] [2205 2490 2805 2795 3115 3060 3030 3125]
[2895 2680 2475 1960 1935 1965 1830 1750] [2240 2305 2645 3165 3050 3280 3085 3210]
[2920 2735 2060 2045 1675 1780 1730 1940] [2200 2460 2800 3000 3120 3155 3215 3200]
[2950 2370 2030 1800 1855 1790 2025 2215] [2350 2595 2925 3225 3215 2970 3195 3075]
COM3 1 30
4
[2915 2570 2390 2330 2390 2535 2855 2410] [2340 2540 2895 3095 2990 2895 2970 3020]
[3195 2685 2405 2220 2030 2345 2550 2395] [2335 2425 2840 2945 2940 3065 3070 2965]
[2965 2865 2360 2075 1915 1905 2160 2210] [2250 2325 2750 2920 2950 2945 2980 2995]
[2980 2730 2405 1940 1965 1935 2045 1990] [2485 2270 2925 3000 3050 3080 2925 2795]
[3220 2725 2385 2000 1930 1610 1920 1970] [2045 2520 2725 2935 3130 3100 3055 3040]
[2895 2680 2475 1960 1935 1965 1830 1750] [2150 2510 2860 3030 3000 3030 3130 2935]
[2920 2735 2060 2045 1675 1780 1730 1940] [2400 2655 3155 3270 3155 3050 3070 3055]
[2950 2370 2030 1800 1855 1790 2025 2215] [2560 3055 3430 3330 2945 2875 3110 3070]
COM7 0 31
4
[2855 2635 2510 2325 2245 2220 2585 2330] [2340 2540 2895 3095 2990 2895 2970 3020]
[3240 3110 2585 2415 2080 2205 2220 2240] [2335 2425 2840 2945 2940 3065 3070 2965]
[2925 2915 2530 2195 1985 1980 2025 1835] [2250 2325 2750 2920 2950 2945 2980 2995]
[2980 2880 2620 2170 1780 1875 1950 1930] [2485 2270 2925 3000 3050 3080 2925 2795]
[3235 2825 2425 2100 1930 1745 1865 2130] [2045 2520 2725 2935 3130 3100 3055 3040]
[2985 2715 2520 2145 1805 1885 1960 1745] [2150 2510 2860 3030 3000 3030 3130 2935]
[2945 2850 2215 2020 1685 1935 2000 2270] [2400 2655 3155 3270 3155 3050 3070 3055]
[3190 2640 2420 2245 1855 1760 2060 2275] [2560 3055 3430 3330 2945 2875 3110 3070]
COM3 1 32
4
[2855 2635 2510 2325 2245 2220 2585 2330] [2430 2860 3110 3155 3205 3305 3195 3255]
[3240 3110 2585 2415 2080 2205 2220 2240] [2400 2865 3275 3180 2985 3250 3110 3035]
[2925 2915 2530 2195 1985 1980 2025 1835] [2455 2715 3105 3095 3285 3050 3095 3150]
[2980 2880 2620 2170 1780 1875 1950 1930] [2780 2640 3180 3110 3150 3130 3090 3060]
[3235 2825 2425 2100 1930 1745 1865 2130] [2415 2935 3300 3005 3385 3250 3305 3070]
[2985 2715 2520 2145 1805 1885 1960 1745] [2370 2945 3095 3160 3245 3300 3190 3290]
[2945 2850 2215 2020 1685 1935 2000 2270] [2685 3255 3445 3180 3205 3275 3385 3225]
[3190 2640 2420 2245 1855 1760 2060 2275] [2765 3355 3150 3320 3195 3330 3285 3355]
COM7 0 33
4
[3025 2790 2790 2435 2185 2200 2000 2305] [2430 2860 3110 3155 3205 3305 3195 3255]
[3105 2890 2810 2455 2125 1970 2080 1750] [2400 2865 3275 3180 2985 3250 3110 3035]
[2805 2975 2955 2310 2000 1930 1765 1755] [2455 2715 3105 3095 3285 3050 3095 3150]
[3055 2875 2740 2390 2005 1645 1690 1725] [2780 2640 3180 3110 3150 3130 3090 3060]
[3200 2970 2655 2225 2030 1595 1915 1915] [2415 2935 3300 3005 3385 3250 3305 3070]
[3035 3060 2620 2315 1955 1720 1705 1710] [2370 2945 3095 3160 3245 3300 3190 3290]
[3205 3055 2560 2305 1935 1665 1360 1930] [2685 3255 3445 3180 3205 3275 3385 3225]
[3125 3080 2710 2295 1820 1540 1735 2180] [2765 3355 3150 3320 3195 3330 3285 3355]
COM3 1 34
4
[3025 2790 2790 2435 2185 2200 2000 2305] [2820 3140 3165 3075 2970 3090 3055 3225]
[3105 2890 2810 2455 2125 1970 2080 1750] [2850 2980 3250 3205 3155 3235 3175 3085]
[2805 2975 2955 2310 2000 1930 1765 1755] [2730 2990 3120 3160 3320 3145 3165 3125]
[3055 2875 2740 2390 2005 1645 1690 1725] [2865 2915 3150 3145 3250 3275 3100 3030]
[3200 2970 2655 2225 2030 1595 1915 1915] [2785 3150 3325 3065 3235 3270 3135 3345]
[3035 3060 2620 2315 1955 1720 1705 1710] [2435 2975 3075 3285 3205 3315 3270 3365]
[3205 3055 2560 2305 1935 1665 1360 1930] [2645 3240 3240 3145 3120 3335 3205 3445]
[3125 3080 2710 2295 1820 1540 1735 2180] [2720 3185 3265 3360 3165 3165 3220 3505]
COM7 0 35
4
[3010 2985 2945 2930 2550 2175 1985 2000] [2820 3140 3165 3075 2970 3090 3055 3225]
[3005 3100 2975 2945 2395 2225 2085 2025] [2850 2980 3250 3205 3155 3235 3175 3085]
[2915 3005 3080 2640 2295 2060 1900 1725] [2730 2990 3120 3160 3320 3145 3165 3125]
[3025 2960 3135 2755 2380 1800 1785 1690] [2865 2915 3150 3145 3250 3275 3100 3030]
[3235 3045 3155 2490 2300 1880 1835 1795] [2785 3150 3325 3065 3235 3270 3135 3345]
[2900 3210 3140 2770 2095 2040 1840 1705] [2435 2975 3075 3285 3205 3315 3270 3365]
[3060 3120 3050 2615 2185 1805 1675 1745] [2645 3240 3240 3145 3120 3335 3205 3445]
[3205 2975 3095 2605 2305 1960 1855 1620] [2720 3185 3265 3360 3165 3165 3220 3505]
COM3 1 36
4
[3010 2985 2945 2930 2550 2175 1985 2000] [2625 2865 3205 3145 3035 3235 3165 3160]
[3005 3100 2975 2945 2395 2225 2085 2025] [2680 3115 3200 3145 2985 3225 3000 2895]
[2915 3005 3080 2640 2295 2060 1900 1725] [2450 2840 3015 3065 3120 2945 2985 3015]
[3025 2960 3135 2755 2380 1800 1785 1690] [2445 2785 3230 3175 3125 3080 3145 3120]
[3235 3045 3155 2490 2300 1880 1835 1795] [2410 2845 3185 3165 3115 3060 3185 3130]
[2900 3210 3140 2770 2095 2040 1840 1705] [2190 2730 2975 3200 3010 3185 3090 3125]
[3060 3120 3050 2615 2185 1805 1675 1745] [2495 2875 3155 3260 3100 3110 3125 3175]
[3205 2975 3095 2605 2305 1960 1855 1620] [2615 2920 3175 3345 3195 2950 3275 3080]
COM7 0 37
4
[3330 3065 3175 3070 3020 2640 2525 2145] [2625 2865 3205 3145 3035 3235 3165 3160]
[3305 3225 3090 3085 2715 2535 2315 2060] [2680 3115 3200 3145 2985 3225 3000 2895]
[3025 3200 3175 2800 2800 2425 2090 1975] [2450 2840 3015 3065 3120 2945 2985 3015]
[3305 3185 3185 3010 2540 2290 2030 1785] [2445 2785 3230 3175 3125 3080 3145 3120]
[3435 3085 3185 3000 2645 2185 2055 1980] [2410 2845 3185 3165 3115 3060 3185 3130]
[3150 3160 2940 3080 2515 2220 1985 1700] [2190 2730 2975 3200 3010 3185 3090 3125]
[3275 3210 3235 2950 2510 2110 1895 1820] [2495 2875 3155 3260 3100 3110 3125 3175]
[3120 3085 3220 2705 2640 2265 2050 1925] [2615 2920 3175 3345 3195 2950 3275 3080]
COM3 1 38
4
[3330 3065 3175 3070 3020 2640 2525 2145] [2315 2650 3015 3205 3360 3100 3060 3230]
[3305 3225 3090 3085 2715 2535 2315 2060] [2190 2580 2795 2960 3050 3170 3105 3195]
[3025 3200 3175 2800 2800 2425 2090 1975] [2100 2380 2705 2810 3145 2990 3240 3110]
[3305 3185 3185 3010 2540 2290 2030 1785] [2075 2125 2650 2980 3150 3215 3035 3045]
[3435 3085 3185 3000 2645 2185 2055 1980] [1945 2410 2755 2935 3205 3165 3265 3305]
[3150 3160 2940 3080 2515 2220 1985 1700] [1930 2420 2895 3250 3065 3285 3110 3310]
[3275 3210 3235 2950 2510 2110 1895 1820] [2095 2455 2895 3230 3245 3050 3295 3330]
[3120 3085 3220 2705 2640 2265 2050 1925] [1945 2465 2935 3310 3155 3180 3430 3375]
COM7 0 39
4
[3225 2880 3005 2940 2840 2730 2770 2360] [2315 2650 3015 3205 3360 3100 3060 3230]
[3090 3105 2965 3160 2965 2725 2525 2135] [2190 2580 2795 2960 3050 3170 3105 3195]
[2980 2995 3160 3090 2940 2670 2190 2220] [2100 2380 2705 2810 3145 2990 3240 3110]
[3065 3240 3295 2825 2915 2555 2135 1885] [2075 2125 2650 2980 3150 3215 3035 3045]
[3235 3135 3280 3095 2860 2440 2250 1800] [1945 2410 2755 2935 3205 3165 3265 3305]
[3075 3005 3075 3155 2585 2530 2130 1685] [1930 2420 2895 3250 3065 3285 3110 3310]
[2970 3255 3055 3170 2620 2390 1830 1765] [2095 2455 2895 3230 3245 3050 3295 3330]
[3365 3080 3095 2805 2590 2345 2050 1885] [1945 2465 2935 3310 3155 3180 3430 3375]
COM3 1 40
4
[3225 2880 3005 2940 2840 2730 2770 2360] [2400 2725 2920 3005 3155 3295 3285 3295]
[3090 3105 2965 3160 2965 2725 2525 2135] [2150 2395 2855 2955 3040 3325 3205 3275]
[2980 2995 3160 3090 2940 2670 2190 2220] [2470 2420 2530 3005 2905 3140 3225 3185]
[3065 3240 3295 2825 2915 2555 2135 1885] [2365 2565 2645 2520 2815 3150 3340 3205]
[3235 3135 3280 3095 2860 2440 2250 1800] [2345 2425 2430 2495 2755 2965 3225 3375]
[3075 3005 3075 3155 2585 2530 2130 1685] [2050 2110 2435 2710 2820 3120 3280 3390]
[2970 3255 3055 3170 2620 2390 1830 1765] [2005 2255 2485 2800 2900 3130 3295 3475]
[3365 3080 3095 2805 2590 2345 2050 1885] [2175 2240 2645 2900 3040 3230 3170 3310]
COM7 0 41
4
[2960 2985 3130 3135 3105 2850 2855 2585] [2400 2725 2920 3005 3155 3295 3285 3295]
[3305 3075 2915 3055 3175 3085 2855 2220] [2150 2395 2855 2955 3040 3325 3205 3275]
[2990 2895 3235 3105 2960 3090 2485 2230] [2470 2420 2530 3005 2905 3140 3225 3185]
[3145 2845 3120 3040 2870 2835 2465 2050] [2365 2565 2645 2520 2815 3150 3340 3205]
[3235 3040 3300 3270 2960 2680 2590 2125] [2345 2425 2430 2495 2755 2965 3225 3375]
[3160 2995 3260 3005 2835 2840 2300 1880] [2050 2110 2435 2710 2820 3120 3280 3390]
[3085 3150 3165 3095 2955 2635 2150 1830] [2005 2255 2485 2800 2900 3130 3295 3475]
[3390 2925 3220 3225 3155 2610 2340 1760] [2175 2240 2645 2900 3040 3230 3170 3310]
COM3 1 42
4
[2960 2985 3130 3135 3105 2850 2855 2585] [2375 2460 2880 2925 3135 3095 3135 3035]
[3305 3075 2915 3055 3175 3085 2855 2220] [2225 2340 2765 2760 2970 3140 3095 3120]
[2990 2895 3235 3105 2960 3090 2485 2230] [2390 2245 2550 2655 2915 2850 2935 3080]
[3145 2845 3120 3040 2870 2835 2465 2050] [2140 2240 2420 2560 2705 2620 2650 2915]
[3235 3040 3300 3270 2960 2680 2590 2125] [1945 2255 2385 2370 2385 2510 2790 3035]
[3160 2995 3260 3005 2835 2840 2300 1880] [1820 2110 2325 2220 2210 2600 2915 2970]
[3085 3150 3165 3095 2955 2635 2150 1830] [1960 2045 2300 2340 2415 2620 2880 3245]
[3390 2925 3220 3225 3155 2610 2340 1760] [1815 1915 2090 2290 2555 2870 3095 3200]
COM7 0 43
4
[2980 3145 2990 3095 3000 3050 3135 2470] [2375 2460 2880 2925 3135 3095 3135 3035]
[3170 3105 3205 3005 3035 3065 2960 2600] [2225 2340 2765 2760 2970 3140 3095 3120]
[2965 2940 3115 3025 2945 2970 2935 2435] [2390 2245 2550 2655 2915 2850 2935 3080]
[3055 3075 3120 2775 3050 3235 2700 2480] [2140 2240 2420 2560 2705 2620 2650 2915]
[3175 3160 3225 3070 3200 3090 2875 2465] [1945 2255 2385 2370 2385 2510 2790 3035]
[2870 2875 3215 3215 2815 2790 2680 2220] [1820 2110 2325 2220 2210 2600 2915 2970]
[2840 3045 3105 3190 3285 3055 2465 2025] [1960 2045 2300 2340 2415 2620 2880 3245]
[3225 3335 3110 3060 2870 2835 2595 2180] [1815 1915 2090 2290 2555 2870 3095 3200]
COM3 1 44
4
[2980 3145 2990 3095 3000 3050 3135 2470] [2370 2200 2610 2975 3050 3270 3125 3230]
[3170 3105 3205 3005 3035 3065 2960 2600] [2250 2270 2805 2760 2775 3065 3070 3120]
[2965 2940 3115 3025 2945 2970 2935 2435] [2445 2370 2505 2540 2945 2810 2985 3035]
[3055 3075 3120 2775 3050 3235 2700 2480] [2330 2390 2490 2590 2645 2545 2775 2805]
[3175 3160 3225 3070 3200 3090 2875 2465] [2375 2350 2375 2395 2435 2530 2640 2780]
[2870 2875 3215 3215 2815 2790 2680 2220] [2205 2140 2285 2400 2355 2370 2670 2715]
[2840 3045 3105 3190 3285 3055 2465 2025] [1980 2075 2195 2195 2320 2350 2700 2990]
[3225 3335 3110 3060 2870 2835 2595 2180] [2250 2065 2220 2135 2175 2355 2580 2905]
COM7 0 45
4
[3215 2980 3020 3215 3080 3035 3235 3040] [2370 2200 2610 2975 3050 3270 3125 3230]
[3320 3275 3105 3010 3060 3070 2945 2620] [2250 2270 2805 2760 2775 3065 3070 3120]
[3195 3140 3155 2980 3120 3105 2935 2850] [2445 2370 2505 2540 2945 2810 2985 3035]
[3290 3235 3205 3135 3140 3215 2995 2620] [2330 2390 2490 2590 2645 2545 2775 2805]
[3310 3100 3175 3040 3195 3050 3100 2495] [2375 2350 2375 2395 2435 2530 2640 2780]
[3225 3370 3290 3235 2875 3095 2955 2430] [2205 2140 2285 2400 2355 2370 2670 2715]
[3275 3140 2835 3045 3190 3150 2505 2190] [1980 2075 2195 2195 2320 2350 2700 2990]
[3310 2915 2925 3255 3180 3225 2875 2205] [2250 2065 2220 2135 2175 2355 2580 2905]
COM3 1 46
4
[3215 2980 3020 3215 3080 3035 3235 3040] [2285 2130 2095 2685 2750 2795 3015 3095]
[3320 3275 3105 3010 3060 3070 2945 2620] [2055 2225 2515 2440 2465 2855 2800 2970]
[3195 3140 3155 2980 3120 3105 2935 2850] [2020 2155 2315 2585 2765 2620 2700 2935]
[3290 3235 3205 3135 3140 3215 2995 2620] [2195 1855 2340 2495 2620 2415 2585 2705]
[3310 3100 3175 3040 3195 3050 3100 2495] [1975 1985 2185 2265 2385 2425 2410 2735]
[3225 3370 3290 3235 2875 3095 2955 2430] [1870 1730 1830 2170 2255 2270 2380 2430]
[3275 3140 2835 3045 3190 3150 2505 2190] [1820 2005 1875 1965 2015 2260 2330 2680]
[3310 2915 2925 3255 3180 3225 2875 2205] [1785 1765 1915 1930 2265 2380 2510 2645]
COM7 0 47
4
[3065 2715 3010 2990 3120 2870 3125 2920] [2285 2130 2095 2685 2750 2795 3015 3095]
[3215 3200 2840 3040 3035 3110 2860 2860] [2055 2225 2515 2440 2465 2855 2800 2970]
[2955 3215 2955 2995 3155 3045 2980 2810] [2020 2155 2315 2585 2765 2620 2700 2935]
[3030 3080 3215 3080 3140 2995 3040 2715] [2195 1855 2340 2495 2620 2415 2585 2705]
[3165 3170 3170 3110 3205 2965 3195 2895] [1975 1985 2185 2265 2385 2425 2410 2735]
[3050 3130 3110 3125 2970 2905 3140 2450] [1870 1730 1830 2170 2255 2270 2380 2430]
[3070 3295 3010 3335 2985 3115 3020 2600] [1820 2005 1875 1965 2015 2260 2330 2680]
[3485 3170 3305 2990 3120 3100 2985 2555] [1785 1765 1915 1930 2265 2380 2510 2645]
COM3 1 48
4
[3065 2715 3010 2990 3120 2870 3125 2920] [2310 2400 2775 2900 2675 2670 2880 3000]
[3215 3200 2840 3040 3035 3110 2860 2860] [2400 2255 2705 2855 2815 2725 2665 2800]
[2955 3215 2955 2995 3155 3045 2980 2810] [2465 2370 2525 2695 3055 2545 2375 2730]
[3030 3080 3215 3080 3140 2995 3040 2715] [2370 2250 2285 2540 2635 2410 2425 2540]
[3165 3170 3170 3110 3205 2965 3195 2895] [2280 2070 1995 2055 2510 2505 2390 2500]
[3050 3130 3110 3125 2970 2905 3140 2450] [2105 1885 1835 2060 2130 2370 2450 2615]
[3070 3295 3010 3335 2985 3115 3020 2600] [2060 1990 1945 1895 2065 2110 2590 2840]
[3485 3170 3305 2990 3120 3100 2985 2555] [2160 1940 1900 2010 2005 2410 2595 3025]
COM7 0 49
4
[3005 2925 2950 3070 2875 2920 2825 3060] [2310 2400 2775 2900 2675 2670 2880 3000]
[3000 2905 2940 3090 3120 3140 3005 2910] [2400 2255 2705 2855 2815 2725 2665 2800]
[2875 3030 3040 3025 3010 3010 3090 3075] [2465 2370 2525 2695 3055 2545 2375 2730]
[3065 2990 3045 3040 3235 3185 2805 2955] [2370 2250 2285 2540 2635 2410 2425 2540]
[3235 3065 3035 2955 3265 2885 3170 3025] [2280 2070 1995 2055 2510 2505 2390 2500]
[3250 3235 3115 3095 3010 3250 3140 2860] [2105 1885 1835 2060 2130 2370 2450 2615]
[3200 3140 3125 3310 3095 3175 2845 2910] [2060 1990 1945 1895 2065 2110 2590 2840]
[3215 3155 2990 3245 3190 3315 3240 2745] [2160 1940 1900 2010 2005 2410 2595 3025]
COM3 1 50
4
[3005 2925 2950 3070 2875 2920 2825 3060] [2735 2525 2895 2915 2750 2490 2730 2925]
[3000 2905 2940 3090 3120 3140 3005 2910] [2550 2620 2685 2805 2915 2765 2680 2930]
[2875 3030 3040 3025 3010 3010 3090 3075] [2700 2545 2380 2625 2605 2440 2705 2890]
[3065 2990 3045 3040 3235 3185 2805 2955] [2690 2360 2395 2320 2515 2625 2535 2915]
[3235 3065 3035 2955 3265 2885 3170 3025] [2595 2330 2080 2020 2250 2385 2590 3045]
[3250 3235 3115 3095 3010 3250 3140 2860] [2420 2150 1995 2170 2125 2455 2675 3045]
[3200 3140 3125 3310 3095 3175 2845 2910] [2495 2270 2075 2095 2055 2495 2670 3015]
[3215 3155 2990 3245 3190 3315 3240 2745] [2425 2050 2090 2250 2095 2510 2870 3070]
COM7 0 51
4
[3140 2900 3005 3185 3100 2905 3085 2925] [2735 2525 2895 2915 2750 2490 2730 2925]
[3305 3130 3055 3145 2955 2855 3075 2975] [2550 2620 2685 2805 2915 2765 2680 2930]
[2755 3190 3080 3045 2970 3145 3180 3135] [2700 2545 2380 2625 2605 2440 2705 2890]
[3085 3180 3250 3150 3085 2945 2880 2810] [2690 2360 2395 2320 2515 2625 2535 2915]
[3220 3090 3170 3160 3125 2915 3145 2900] [2595 2330 2080 2020 2250 2385 2590 3045]
[3105 3205 3295 3090 3010 3175 3065 2900] [2420 2150 1995 2170 2125 2455 2675 3045]
[3175 2985 3265 3365 3250 3175 3265 2945] [2495 2270 2075 2095 2055 2495 2670 3015]
[3105 3120 3215 3195 3130 2980 3305 3065] [2425 2050 2090 2250 2095 2510 2870 3070]
COM3 1 52
4
[3140 2900 3005 3185 3100 2905 3085 2925] [2715 2340 2395 2420 2325 2630 3140 3225]
[3305 3130 3055 3145 2955 2855 3075 2975] [2695 2565 2385 2200 2215 2630 2810 2975]
[2755 3190 3080 3045 2970 3145 3180 3135] [2890 2470 2365 2120 2365 2470 2645 2975]
[3085 3180 3250 3150 3085 2945 2880 2810] [2975 2410 2140 1945 2075 2390 2880 3050]
[3220 3090 3170 3160 3125 2915 3145 2900] [2735 2380 2010 1780 1965 2380 2875 3380]
[3105 3205 3295 3090 3010 3175 3065 2900] [2575 2255 1865 2020 1980 2355 2885 2995]
[3175 2985 3265 3365 3250 3175 3265 2945] [2645 2385 1940 1815 1980 2335 2925 3315]
[3105 3120 3215 3195 3130 2980 3305 3065] [2610 2435 1955 1885 1920 2320 2865 3230]
COM7 0 53
4
[3075 2995 2935 3185 3135 3210 3015 3035] [2715 2340 2395 2420 2325 2630 3140 3225]
[3075 3130 2870 3090 3185 3180 3155 3140] [2695 2565 2385 2200 2215 2630 2810 2975]
[2925 3145 3080 3180 3175 3170 3190 3095] [2890 2470 2365 2120 2365 2470 2645 2975]
[3295 3160 3245 3115 3200 3220 3140 3135] [2975 2410 2140 1945 2075 2390 2880 3050]
[3230 3230 3190 3200 3305 3000 3275 3180] [2735 2380 2010 1780 1965 2380 2875 3380]
[3220 3115 3425 3225 3275 3175 3210 3250] [2575 2255 1865 2020 1980 2355 2885 2995]
[3090 3420 3240 3175 3280 3175 3150 3090] [2645 2385 1940 1815 1980 2335 2925 3315]
[3380 3170 3215 3465 3345 3290 3445 2880] [2610 2435 1955 1885 1920 2320 2865 3230]
COM3 1 54
4
[3075 2995 2935 3185 3135 3210 3015 3035] [2895 2505 2360 2235 2335 2670 2895 3165]
[3075 3130 2870 3090 3185 3180 3155 3140] [2740 2890 2740 2365 2050 2395 2725 2940]
[2925 3145 3080 3180 3175 3170 3190 3095] [3190 3020 2790 2435 2270 2380 2695 3020]
[3295 3160 3245 3115 3200 3220 3140 3135] [2875 2820 2695 2240 2065 2060 2640 2960]
[3230 3230 3190 3200 3305 3000 3275 3180] [3050 2555 2285 2005 1905 1855 2545 3035]
[3220 3115 3425 3225 3275 3175 3210 3250] [2695 2490 2145 2020 1945 1955 2420 2980]
[3090 3420 3240 3175 3280 3175 3150 3090] [2980 2615 2105 1885 1915 2065 2535 2970]
[3380 3170 3215 3465 3345 3290 3445 2880] [2965 2480 2150 1985 1865 1800 2465 2950]
COM7 0 55
4
[2825 2890 2850 2835 3075 3065 3235 3005] [2895 2505 2360 2235 2335 2670 2895 3165]
[3085 3150 3220 3165 3050 3150 2910 3195] [2740 2890 2740 2365 2050 2395 2725 2940]
[2740 3025 3025 2960 2895 2855 3260 3215] [3190 3020 2790 2435 2270 2380 2695 3020]
[3290 3055 3250 2825 3245 3175 3255 3125] [2875 2820 2695 2240 2065 2060 2640 2960]
[3375 3000 3120 2945 3150 3155 3215 3145] [3050 2555 2285 2005 1905 1855 2545 3035]
[2880 3315 3290 3380 2775 3145 2995 3040] [2695 2490 2145 2020 1945 1955 2420 2980]
[3440 3300 3020 3185 2950 3010 3120 2955] [2980 2615 2105 1885 1915 2065 2535 2970]
[3200 3175 3350 3020 2905 3135 3240 3140] [2965 2480 2150 1985 1865 1800 2465 2950]
COM3 1 56
4
[2825 2890 2850 2835 3075 3065 3235 3005] [3095 3115 3050 2660 2295 2500 2665 2975]
[3085 3150 3220 3165 3050 3150 2910 3195] [3290 3285 3180 2720 2360 2335 2355 2690]
[2740 3025 3025 2960 2895 2855 3260 3215] [3255 3225 3005 2785 2530 2215 2335 2585]
[3290 3055 3250 2825 3245 3175 3255 3125] [3230 2905 3000 2730 2295 2065 1990 2365]
[3375 3000 3120 2945 3150 3155 3215 3145] [3275 2960 2725 2410 2125 2000 2225 2355]
[2880 3315 3290 3380 2775 3145 2995 3040] [3215 2955 2635 2360 2030 1985 2120 2455]
[3440 3300 3020 3185 2950 3010 3120 2955] [3285 3255 2910 2220 1960 2015 2115 2590]
[3200 3175 3350 3020 2905 3135 3240 3140] [3300 3035 2670 2435 2010 2040 2285 2535]
COM7 0 57
4
[3115 3090 3005 3040 3080 3110 3235 3105] [3095 3115 3050 2660 2295 2500 2665 2975]
[3215 2995 2955 3265 3175 3115 3125 3140] [3290 3285 3180 2720 2360 2335 2355 2690]
[2870 3020 3100 3040 3175 3150 3095 3235] [3255 3225 3005 2785 2530 2215 2335 2585]
[3175 3005 3100 2970 3065 3200 3105 2985] [3230 2905 3000 2730 2295 2065 1990 2365]
[3150 3000 3230 3065 3225 2995 3220 3115] [3275 2960 2725 2410 2125 2000 2225 2355]
[3260 3315 3290 3085 2945 3220 3230 2970] [3215 2955 2635 2360 2030 1985 2120 2455]
[3365 3110 3265 3265 3195 2975 3100 3115] [3285 3255 2910 2220 1960 2015 2115 2590]
[3355 3170 3045 3085 3035 3290 3090 3165] [3300 3035 2670 2435 2010 2040 2285 2535]
COM3 1 58
4
[3115 3090 3005 3040 3080 3110 3235 3105] [3080 3015 3050 2530 2355 2485 2720 3055]
[3215 2995 2955 3265 3175 3115 3125 3140] [3080 3095 3150 2665 2375 2520 2490 2740]
[2870 3020 3100 3040 3175 3150 3095 3235] [3090 3170 2990 2835 2505 2200 2305 2355]
[3175 3005 3100 2970 3065 3200 3105 2985] [3215 3100 3220 2750 2305 1945 2005 2160]
[3150 3000 3230 3065 3225 2995 3220 3115] [3120 3180 3050 2575 2290 2220 2110 1990]
[3260 3315 3290 3085 2945 3220 3230 2970] [2975 3070 2720 2540 2220 2125 2060 2180]
[3365 3110 3265 3265 3195 2975 3100 3115] [3250 3110 2965 2440 2240 1985 2045 2100]
[3355 3170 3045 3085 3035 3290 3090 3165] [3325 2990 2705 2510 1995 1865 1975 2170]
COM7 0 59
4
[3025 2785 3115 2960 3160 3045 3170 3190] [3080 3015 3050 2530 2355 2485 2720 3055]
[3205 3160 3320 3050 3175 3185 2990 3135] [3080 3095 3150 2665 2375 2520 2490 2740]
[3175 3020 3175 3075 3085 3175 3060 3135] [3090 3170 2990 2835 2505 2200 2305 2355]
[3310 3025 2945 3165 3130 3250 3145 3220] [3215 3100 3220 2750 2305 1945 2005 2160]
[3195 3280 3380 3035 3230 3275 3220 3215] [3120 3180 3050 2575 2290 2220 2110 1990]
[3100 3240 3295 3190 2985 3250 3315 2965] [2975 3070 2720 2540 2220 2125 2060 2180]
[3160 3225 3230 3180 3335 3225 2870 3210] [3250 3110 2965 2440 2240 1985 2045 2100]
[3305 3075 3225 3260 3115 3080 3105 3075] [3325 2990 2705 2510 1995 1865 1975 2170]
COM3 1 60
4
[3025 2785 3115 2960 3160 3045 3170 3190] [3015 3050 2795 2655 2620 2535 2740 3025]
[3205 3160 3320 3050 3175 3185 2990 3135] [3025 3140 2875 2640 2215 2410 2710 2805]
[3175 3020 3175 3075 3085 3175 3060 3135] [3150 3280 3005 2780 2540 2355 2585 2675]
[3310 3025 2945 3165 3130 3250 3145 3220] [3075 3215 3220 2695 2420 2200 2245 2300]
[3195 3280 3380 3035 3230 3275 3220 3215] [3200 3230 3110 2765 2455 2200 2285 2190]
[3100 3240 3295 3190 2985 3250 3315 2965] [3180 3190 2915 2915 2370 2250 2195 2130]
[3160 3225 3230 3180 3335 3225 2870 3210] [3250 3175 3220 2540 2380 2140 2075 2010]
[3305 3075 3225 3260 3115 3080 3105 3075] [3205 3050 2990 2515 2125 2145 2095 2025]
COM7 0 61
4
[2980 2845 3020 3005 2980 2985 3035 2895] [3015 3050 2795 2655 2620 2535 2740 3025]
[3175 3130 2945 3330 3015 3210 2985 3205] [3025 3140 2875 2640 2215 2410 2710 2805]
[2845 3230 2950 3010 3030 3045 3085 3095] [3150 3280 3005 2780 2540 2355 2585 2675]
[3075 3055 3135 2950 3235 3145 3160 3105] [3075 3215 3220 2695 2420 2200 2245 2300]
[3115 3230 3200 3115 3200 2965 3260 2940] [3200 3230 3110 2765 2455 2200 2285 2190]
[3025 3070 3095 3235 3085 3125 3300 3040] [3180 3190 2915 2915 2370 2250 2195 2130]
[2945 3125 2950 3250 3100 3225 3055 3210] [3250 3175 3220 2540 2380 2140 2075 2010]
[3350 3265 3325 3110 3145 3235 3380 3195] [3205 3050 2990 2515 2125 2145 2095 2025]
COM3 1 62
4
[2980 2845 3020 3005 2980 2985 3035 2895] [3275 3195 3050 3075 2865 2530 2690 3160]
[3175 3130 2945 3330 3015 3210 2985 3205] [3270 3180 3250 2960 2570 2645 2605 2755]
[2845 3230 2950 3010 3030 3045 3085 3095] [3330 3295 3240 3065 2605 2280 2485 2460]
[3075 3055 3135 2950 3235 3145 3160 3105] [3420 3515 3370 3080 2555 2205 2235 2430]
[3115 3230 3200 3115 3200 2965 3260 2940] [3305 3155 3230 2935 2520 2395 2245 2075]
[3025 3070 3095 3235 3085 3125 3300 3040] [3200 3245 3055 2820 2415 2220 2145 2245]
[2945 3125 2950 3250 3100 3225 3055 3210] [3205 3430 3095 2595 2360 2160 2125 2095]
[3350 3265 3325 3110 3145 3235 3380 3195] [3420 3315 3115 2900 2265 2205 2060 1975]
COM7 0 63
4
[3290 3150 3100 3415 3175 3330 3235 3215] [3275 3195 3050 3075 2865 2530 2690 3160]
[3435 3280 2960 3225 3200 3195 3155 3325] [3270 3180 3250 2960 2570 2645 2605 2755]
[3190 3215 3225 3105 3200 3220 3330 3235] [3330 3295 3240 3065 2605 2280 2485 2460]
[3310 3240 3350 3085 3250 3195 3250 3250] [3420 3515 3370 3080 2555 2205 2235 2430]
[3325 3275 3400 3150 3265 3200 3505 3140] [3305 3155 3230 2935 2520 2395 2245 2075]
[3210 3250 3295 3385 3110 3305 3490 3225] [3200 3245 3055 2820 2415 2220 2145 2245]
[3280 3285 3335 3190 3165 3145 3270 3035] [3205 3430 3095 2595 2360 2160 2125 2095]
[3395 3305 3320 3370 3205 3345 3390 3345] [3420 3315 3115 2900 2265 2205 2060 1975]
COM3 1 64
4
[3290 3150 3100 3415 3175 3330 3235 3215] [3155 3160 3360 2910 2975 2485 2345 2750]
[3435 3280 2960 3225 3200 3195 3155 3325] [3265 3255 3125 2960 2705 2495 2365 2515]
[3190 3215 3225 3105 3200 3220 3330 3235] [3220 3325 3095 3050 2910 2220 2535 2255]
[3310 3240 3350 3085 3250 3195 3250 3250] [3230 3185 3335 3020 2660 2325 2385 2400]
[3325 3275 3400 3150 3265 3200 3505 3140] [3255 3210 3205 2675 2620 2430 2355 2390]
[3210 3250 3295 3385 3110 3305 3490 3225] [3200 3305 3360 3120 2460 2420 2225 2250]
[3280 3285 3335 3190 3165 3145 3270 3035] [3445 3405 3040 2985 2325 2105 2125 2105]
[3395 3305 3320 3370 3205 3345 3390 3345] [3220 3260 3250 2875 2350 2055 2105 2035]
COM7 0 65
4
[2915 2975 2895 2845 2825 2725 2830 2770] [3155 3160 3360 2910 2975 2485 2345 2750]
[2925 2740 2915 2985 2785 2870 2870 2640] [3265 3255 3125 2960 2705 2495 2365 2515]
[2940 2950 3030 2910 2780 2985 2935 2960] [3220 3325 3095 3050 2910 2220 2535 2255]
[2860 2815 2960 2730 3020 2810 2845 2920] [3230 3185 3335 3020 2660 2325 2385 2400]
[3035 2905 2850 2995 2925 2840 2915 2925] [3255 3210 3205 2675 2620 2430 2355 2390]
[3085 3050 3195 3225 2965 2880 2855 2690] [3200 3305 3360 3120 2460 2420 2225 2250]
[2790 2985 2890 3100 3085 3025 3015 2780] [3445 3405 3040 2985 2325 2105 2125 2105]
[2895 2805 3140 2970 2875 2995 3065 3080] [3220 3260 3250 2875 2350 2055 2105 2035]