COM3 1 6
4
[3025 2860 2795 2980 2890 2800 3005 2790] [3370 3310 3215 3280 3360 3250 3065 2745]
[3050 3000 2900 3070 2895 2800 2925 2965] [3380 3105 3405 3130 3145 3330 2980 2500]
[2745 2975 3045 2955 2820 2925 2965 3070] [3395 3365 3355 3485 3290 3095 3010 2510]
[2845 3075 3025 2975 2995 3015 3000 2890] [3245 3130 3280 3055 3120 3220 2935 2230]
[3105 3045 2955 2875 3065 3030 3110 3010] [3240 3305 3250 3160 3135 3185 2895 2570]
[3005 2895 3195 2950 2900 3130 3085 2910] [3015 3405 3470 3380 3310 3415 2990 2345]
[3020 3095 3065 2920 3070 3055 2890 2975] [3425 3410 3380 3215 3240 3405 2870 2560]
[3120 3120 3000 3140 2965 3050 3275 3070] [3375 3355 3490 3500 3320 3250 3085 2640]
COM7 0 7
4
[2910 2670 3005 2945 2805 2795 2915 2910] [3370 3310 3215 3280 3360 3250 3065 2745]
[2925 2930 2900 2945 2965 2825 2840 2965] [3380 3105 3405 3130 3145 3330 2980 2500]
[2785 2970 2950 2800 2835 2755 2965 3070] [3395 3365 3355 3485 3290 3095 3010 2510]
[3010 3020 3030 3035 2945 2910 2890 2895] [3245 3130 3280 3055 3120 3220 2935 2230]
[3065 3015 2935 2830 3080 2945 2995 3150] [3240 3305 3250 3160 3135 3185 2895 2570]
[2915 3150 3040 3160 2935 3075 3090 2995] [3015 3405 3470 3380 3310 3415 2990 2345]
[2880 2990 3050 3140 3015 3085 2970 3025] [3425 3410 3380 3215 3240 3405 2870 2560]
[3175 3040 2790 3220 2850 3100 3150 3195] [3375 3355 3490 3500 3320 3250 3085 2640]
COM3 1 8
4
[2910 2670 3005 2945 2805 2795 2915 2910] [3205 3325 3045 3145 2925 3005 2550 2305]
[2925 2930 2900 2945 2965 2825 2840 2965] [3185 3065 3185 3095 3030 3045 2610 2235]
[2785 2970 2950 2800 2835 2755 2965 3070] [3345 3160 3265 3110 3150 3035 2605 2205]
[3010 3020 3030 3035 2945 2910 2890 2895] [3385 3185 3255 3290 3040 3240 2800 2275]
[3065 3015 2935 2830 3080 2945 2995 3150] [3160 3350 3195 3150 3125 2945 2805 2205]
[2915 3150 3040 3160 2935 3075 3090 2995] [3195 3190 3110 3285 3310 3035 2715 2330]
[2880 2990 3050 3140 3015 3085 2970 3025] [3445 3245 3340 3260 3215 2970 2855 2445]
[3175 3040 2790 3220 2850 3100 3150 3195] [3315 3120 3515 3485 3100 3145 3055 2480]
COM7 0 9
4
[2970 2895 2970 3005 2890 2825 3105 2955] [3205 3325 3045 3145 2925 3005 2550 2305]
[3050 3075 2955 3050 2800 2945 2750 2720] [3185 3065 3185 3095 3030 3045 2610 2235]
[2865 2980 2990 2905 2930 2950 3010 2800] [3345 3160 3265 3110 3150 3035 2605 2205]
[2900 3185 3110 2945 3080 3010 2945 2735] [3385 3185 3255 3290 3040 3240 2800 2275]
[3105 3180 3110 2970 3120 2945 2940 2950] [3160 3350 3195 3150 3125 2945 2805 2205]
[3105 3100 2985 3055 2800 3020 3175 3105] [3195 3190 3110 3285 3310 3035 2715 2330]
[3140 3185 2895 3185 3070 3100 2835 3175] [3445 3245 3340 3260 3215 2970 2855 2445]
[3120 3340 3045 3080 3050 3110 3285 3070] [3315 3120 3515 3485 3100 3145 3055 2480]
COM3 1 10
4
[2970 2895 2970 3005 2890 2825 3105 2955] [3205 3050 3125 3180 3150 2525 2215 2105]
[3050 3075 2955 3050 2800 2945 2750 2720] [3225 3130 3275 3135 2990 2680 2240 1980]
[2865 2980 2990 2905 2930 2950 3010 2800] [3210 3120 3255 3050 3285 2605 2320 1960]
[2900 3185 3110 2945 3080 3010 2945 2735] [3340 3160 3220 3135 3170 2850 2355 1935]
[3105 3180 3110 2970 3120 2945 2940 2950] [3215 3185 3265 2960 3035 3065 2485 2120]
[3105 3100 2985 3055 2800 3020 3175 3105] [3305 3190 3415 3310 3250 3135 2695 2350]
[3140 3185 2895 3185 3070 3100 2835 3175] [3345 3395 3265 3400 3135 3030 2660 2405]
[3120 3340 3045 3080 3050 3110 3285 3070] [3335 3445 3185 3335 3065 3070 2650 2505]
COM7 0 11
4
[2755 2755 2740 2735 2750 2715 2535 2205] [3205 3050 3125 3180 3150 2525 2215 2105]
[2895 2935 2760 2985 2900 2850 2465 2285] [3225 3130 3275 3135 2990 2680 2240 1980]
[2645 2715 2875 2850 2910 2770 2590 2330] [3210 3120 3255 3050 3285 2605 2320 1960]
[3090 3010 3010 2960 2945 2920 2650 2455] [3340 3160 3220 3135 3170 2850 2355 1935]
[2995 2960 2740 2875 3045 2840 2855 2580] [3215 3185 3265 2960 3035 3065 2485 2120]
[2745 2930 2955 3005 2815 3050 3055 2765] [3305 3190 3415 3310 3250 3135 2695 2350]
[2830 2950 2720 2945 2910 2965 2670 2755] [3345 3395 3265 3400 3135 3030 2660 2405]
[3185 2950 2910 2905 3060 3045 3190 2900] [3335 3445 3185 3335 3065 3070 2650 2505]
COM3 1 12
4
[2755 2755 2740 2735 2750 2715 2535 2205] [3180 3275 3170 2900 2675 2475 2160 2275]
[2895 2935 2760 2985 2900 2850 2465 2285] [3120 3090 3045 2800 2540 2305 1920 1905]
[2645 2715 2875 2850 2910 2770 2590 2330] [3170 3345 3060 2795 2505 2050 1955 1810]
[3090 3010 3010 2960 2945 2920 2650 2455] [3125 3300 3110 3135 2640 2380 2005 1880]
[2995 2960 2740 2875 3045 2840 2855 2580] [3340 3255 3405 3025 2750 2555 2135 2045]
[2745 2930 2955 3005 2815 3050 3055 2765] [3080 3295 3370 3110 2955 2850 2310 2160]
[2830 2950 2720 2945 2910 2965 2670 2755] [3355 3400 3200 3475 3420 2965 2530 2205]
[3185 2950 2910 2905 3060 3045 3190 2900] [3205 3305 3325 3410 3240 2845 2545 2515]
COM7 0 13
4
[3145 2980 2880 2890 2840 2535 2415 1920] [3180 3275 3170 2900 2675 2475 2160 2275]
[3020 3130 2845 3065 2900 2680 2545 2225] [3120 3090 3045 2800 2540 2305 1920 1905]
[3065 2930 2995 3085 3030 2875 2795 2370] [3170 3345 3060 2795 2505 2050 1955 1810]
[3065 3030 3120 3010 3085 3015 2740 2520] [3125 3300 3110 3135 2640 2380 2005 1880]
[2910 2975 3165 2925 3070 2910 2950 2800] [3340 3255 3405 3025 2750 2555 2135 2045]
[3030 3065 3175 2995 3045 3105 3020 2850] [3080 3295 3370 3110 2955 2850 2310 2160]
[2850 3080 3120 3275 2990 2795 2765 2925] [3355 3400 3200 3475 3420 2965 2530 2205]
[3300 3040 3105 3100 2975 3075 3090 2790] [3205 3305 3325 3410 3240 2845 2545 2515]
COM3 1 14
4
[3145 2980 2880 2890 2840 2535 2415 1920] [3210 3240 3310 3085 2930 3090 2680 2535]
[3020 3130 2845 3065 2900 2680 2545 2225] [3115 3235 3365 2965 2690 2620 2550 2335]
[3065 2930 2995 3085 3030 2875 2795 2370] [3365 3235 2935 2640 2525 2280 2330 2170]
[3065 3030 3120 3010 3085 3015 2740 2520] [3450 3290 3060 2535 2365 1945 2090 2045]
[2910 2975 3165 2925 3070 2910 2950 2800] [3330 3330 3050 2585 2405 1980 2040 2085]
[3030 3065 3175 2995 3045 3105 3020 2850] [3275 3265 3050 2945 2575 2260 2115 2080]
[2850 3080 3120 3275 2990 2795 2765 2925] [3515 3300 3575 3265 2950 2325 2240 2085]
[3300 3040 3105 3100 2975 3075 3090 2790] [3535 3450 3475 3395 3120 2780 2450 2275]
COM7 0 15
4
[2735 2695 2695 2790 2940 2775 2600 2250] [3210 3240 3310 3085 2930 3090 2680 2535]
[2890 3010 2805 2940 2915 2845 2660 2200] [3115 3235 3365 2965 2690 2620 2550 2335]
[2745 2850 2825 2845 2990 2770 2825 2145] [3365 3235 2935 2640 2525 2280 2330 2170]
[3005 2840 2840 2885 3080 2855 2875 2285] [3450 3290 3060 2535 2365 1945 2090 2045]
[2900 2940 2875 2950 3165 2830 3080 2620] [3330 3330 3050 2585 2405 1980 2040 2085]
[2820 3165 3010 3105 2960 3135 2870 2415] [3275 3265 3050 2945 2575 2260 2115 2080]
[2975 2995 2910 3130 3085 3030 2805 2555] [3515 3300 3575 3265 2950 2325 2240 2085]
[3200 2975 2920 3055 2945 3020 3045 2635] [3535 3450 3475 3395 3120 2780 2450 2275]
COM3 1 16
4
[2735 2695 2695 2790 2940 2775 2600 2250] [3285 3215 3260 3275 3185 3035 2820 2825]
[2890 3010 2805 2940 2915 2845 2660 2200] [3120 3105 3250 3060 2850 2825 2675 2405]
[2745 2850 2825 2845 2990 2770 2825 2145] [3160 3250 3170 2805 2685 2510 2290 2155]
[3005 2840 2840 2885 3080 2855 2875 2285] [3280 3245 3070 2470 2380 2090 1840 1955]
[2900 2940 2875 2950 3165 2830 3080 2620] [3345 3095 2935 2370 2145 2085 1995 2080]
[2820 3165 3010 3105 2960 3135 2870 2415] [3090 3345 2830 2630 2285 2015 1915 2055]
[2975 2995 2910 3130 3085 3030 2805 2555] [3150 3110 3315 2625 2240 2110 2015 1920]
[3200 2975 2920 3055 2945 3020 3045 2635] [3285 3340 3155 3150 2630 2200 1960 2090]
COM7 0 17
4
[2855 2740 2705 2815 2685 2175 1905 1555] [3285 3215 3260 3275 3185 3035 2820 2825]
[2830 3055 2935 3085 2805 2465 1970 1665] [3120 3105 3250 3060 2850 2825 2675 2405]
[2695 2950 3000 2850 2895 2885 2350 1800] [3160 3250 3170 2805 2685 2510 2290 2155]
[3055 2940 3090 3020 3045 2775 2540 2020] [3280 3245 3070 2470 2380 2090 1840 1955]
[2905 3005 3115 2885 2995 2740 2640 2280] [3345 3095 2935 2370 2145 2085 1995 2080]
[2920 2885 2995 3125 2960 3070 2735 2295] [3090 3345 2830 2630 2285 2015 1915 2055]
[3075 3155 2980 2945 3015 3015 2820 2420] [3150 3110 3315 2625 2240 2110 2015 1920]
[3105 3245 2955 3100 2625 3015 2910 2575] [3285 3340 3155 3150 2630 2200 1960 2090]
COM3 1 18
4
[2855 2740 2705 2815 2685 2175 1905 1555] [3375 3110 3115 2915 2870 2920 2710 2575]
[2830 3055 2935 3085 2805 2465 1970 1665] [3285 2985 3055 2790 2890 2575 2380 1960]
[2695 2950 3000 2850 2895 2885 2350 1800] [3210 2860 2840 2500 2395 2220 2130 2020]
[3055 2940 3090 3020 3045 2775 2540 2020] [3210 3295 2775 2330 2015 1995 1835 2085]
[2905 3005 3115 2885 2995 2740 2640 2280] [3255 3260 2905 2270 2115 1975 1865 2080]
[2920 2885 2995 3125 2960 3070 2735 2295] [2870 3190 2825 2565 2295 1965 1925 2000]
[3075 3155 2980 2945 3015 3015 2820 2420] [3225 3420 3190 2800 2390 2110 1985 2165]
[3105 3245 2955 3100 2625 3015 2910 2575] [3575 3235 3300 2850 2795 2285 1985 2100]
COM7 0 19
4
[3100 3170 2955 2930 2635 2425 2225 2235] [3375 3110 3115 2915 2870 2920 2710 2575]
[3185 3005 2915 2825 2535 2110 1890 1885] [3285 2985 3055 2790 2890 2575 2380 1960]
[3025 3165 2955 2825 2460 2145 1885 1880] [3210 2860 2840 2500 2395 2220 2130 2020]
[3300 3185 3200 2680 2555 2290 2050 1855] [3210 3295 2775 2330 2015 1995 1835 2085]
[3340 3205 3195 2955 2900 2390 2160 2020] [3255 3260 2905 2270 2115 1975 1865 2080]
[3250 3175 3200 3180 2910 2560 2480 1955] [2870 3190 2825 2565 2295 1965 1925 2000]
[3300 3470 3170 3270 3020 2955 2360 2135] [3225 3420 3190 2800 2390 2110 1985 2165]
[3610 3410 3290 3195 3110 3105 2670 2160] [3575 3235 3300 2850 2795 2285 1985 2100]
COM3 1 20
4
[3100 3170 2955 2930 2635 2425 2225 2235] [3235 2940 2950 2700 2590 2335 2340 2330]
[3185 3005 2915 2825 2535 2110 1890 1885] [3285 2885 2860 2590 2150 2110 2295 1985]
[3025 3165 2955 2825 2460 2145 1885 1880] [3330 3215 2620 2205 2015 1945 2105 2265]
[3300 3185 3200 2680 2555 2290 2050 1855] [3240 3055 2765 2370 2210 1965 2145 2020]
[3340 3205 3195 2955 2900 2390 2160 2020] [3145 3220 3030 2480 2340 2155 2135 2070]
[3250 3175 3200 3180 2910 2560 2480 1955] [3070 3425 3255 3005 2370 2190 2070 2145]
[3300 3470 3170 3270 3020 2955 2360 2135] [3335 3270 3265 3215 2630 2530 2020 2085]
[3610 3410 3290 3195 3110 3105 2670 2160] [3135 3350 3315 3620 2945 2440 2290 2180]
COM7 0 21
4
[3010 3010 3070 2845 2450 2125 1900 1780] [3235 2940 2950 2700 2590 2335 2340 2330]
[3135 3070 3035 3110 2705 2390 2030 1805] [3285 2885 2860 2590 2150 2110 2295 1985]
[2860 3005 2895 2960 2735 2440 2160 2025] [3330 3215 2620 2205 2015 1945 2105 2265]
[3150 2980 3075 2955 2925 2735 2475 2090] [3240 3055 2765 2370 2210 1965 2145 2020]
[3225 3095 2970 2925 2935 2715 2610 2320] [3145 3220 3030 2480 2340 2155 2135 2070]
[3055 2995 3175 3090 2985 2865 2710 2325] [3070 3425 3255 3005 2370 2190 2070 2145]
[3175 3085 3035 2945 2965 2925 2635 2250] [3335 3270 3265 3215 2630 2530 2020 2085]
[3180 3155 2945 2945 3095 3020 2790 2170] [3135 3350 3315 3620 2945 2440 2290 2180]
COM3 1 22
4
[3010 3010 3070 2845 2450 2125 1900 1780] [3210 2900 2665 2410 2180 2130 2080 2470]
[3135 3070 3035 3110 2705 2390 2030 1805] [3425 2795 2735 2135 2005 2025 2040 2200]
[2860 3005 2895 2960 2735 2440 2160 2025] [3255 3080 2515 2210 2155 1980 1925 2095]
[3150 2980 3075 2955 2925 2735 2475 2090] [3290 3220 2780 2345 2030 2005 2070 2025]
[3225 3095 2970 2925 2935 2715 2610 2320] [3095 3170 3050 2410 2270 2075 1945 1985]
[3055 2995 3175 3090 2985 2865 2710 2325] [3065 3235 3300 2825 2525 2345 2090 2125]
[3175 3085 3035 2945 2965 2925 2635 2250] [3055 3385 3305 3090 2500 2290 1955 2165]
[3180 3155 2945 2945 3095 3020 2790 2170] [3390 3375 3340 3200 2905 2440 2200 2120]
COM7 0 23
4
[2910 2865 2940 2900 2530 2125 1765 1595] [3210 2900 2665 2410 2180 2130 2080 2470]
[3025 2980 2870 3045 2415 2135 1615 1530] [3425 2795 2735 2135 2005 2025 2040 2200]
[2710 2895 2950 2800 2700 2280 1805 1455] [3255 3080 2515 2210 2155 1980 1925 2095]
[2765 2740 3000 2795 2615 2330 1815 1475] [3290 3220 2780 2345 2030 2005 2070 2025]
[3015 2885 3065 2910 2755 2385 1945 1560] [3095 3170 3050 2410 2270 2075 1945 1985]
[2985 2955 3005 3105 2755 2570 2060 1530] [3065 3235 3300 2825 2525 2345 2090 2125]
[2855 2860 3045 3185 2745 2365 1780 1700] [3055 3385 3305 3090 2500 2290 1955 2165]
[3170 2890 3170 2910 2820 2625 2115 1745] [3390 3375 3340 3200 2905 2440 2200 2120]
COM3 1 24
4
[2910 2865 2940 2900 2530 2125 1765 1595] [3275 2955 2790 2695 2420 2125 2085 2335]
[3025 2980 2870 3045 2415 2135 1615 1530] [3370 3075 2980 2395 2030 2140 1990 2235]
[2710 2895 2950 2800 2700 2280 1805 1455] [3265 3100 2685 2395 2230 2005 2155 2190]
[2765 2740 3000 2795 2615 2330 1815 1475] [3325 3455 2900 2440 2125 1880 2060 2065]
[3015 2885 3065 2910 2755 2385 1945 1560] [3295 3060 2955 2560 2260 1985 2105 2080]
[2985 2955 3005 3105 2755 2570 2060 1530] [3230 3230 3200 2785 2225 2140 2015 2315]
[2855 2860 3045 3185 2745 2365 1780 1700] [3325 3500 3415 2750 2750 2195 2045 2210]
[3170 2890 3170 2910 2820 2625 2115 1745] [3305 3425 3195 3195 2700 2190 2200 2125]
COM7 0 25
4
[2975 2950 2735 2410 1785 1755 1635 1615] [3275 2955 2790 2695 2420 2125 2085 2335]
[3050 3130 2750 2450 1945 1685 1590 1715] [3370 3075 2980 2395 2030 2140 1990 2235]
[2775 2915 2745 2525 1845 1685 1660 1695] [3265 3100 2685 2395 2230 2005 2155 2190]
[3040 2885 3095 2575 2205 1760 1590 1595] [3325 3455 2900 2440 2125 1880 2060 2065]
[3060 3140 3120 2535 2320 1785 1715 1730] [3295 3060 2955 2560 2260 1985 2105 2080]
[3035 3110 2965 2860 2445 1955 1620 1515] [3230 3230 3200 2785 2225 2140 2015 2315]
[3140 3105 3035 2895 2320 1805 1610 1625] [3325 3500 3415 2750 2750 2195 2045 2210]
[2995 3110 2950 2640 2415 1905 1575 1475] [3305 3425 3195 3195 2700 2190 2200 2125]
COM3 1 26
4
[2975 2950 2735 2410 1785 1755 1635 1615] [3575 3345 3240 2660 2400 2250 2285 2505]
[3050 3130 2750 2450 1945 1685 1590 1715] [3280 3375 3075 2545 2275 2125 2100 2190]
[2775 2915 2745 2525 1845 1685 1660 1695] [3305 3500 3065 2675 2385 2110 2040 2185]
[3040 2885 3095 2575 2205 1760 1590 1595] [3645 3515 3075 2755 2280 2125 1990 2210]
[3060 3140 3120 2535 2320 1785 1715 1730] [3335 3430 3295 2610 2345 2140 2155 2235]
[3035 3110 2965 2860 2445 1955 1620 1515] [3295 3445 3050 2695 2425 2210 2130 2155]
[3140 3105 3035 2895 2320 1805 1610 1625] [3700 3445 3435 3080 2470 2160 2015 2165]
[2995 3110 2950 2640 2415 1905 1575 1475] [3750 3320 3385 3355 2715 2070 2035 2200]
COM7 0 27
4
[3000 2840 2525 2140 1980 1705 1835 1780] [3575 3345 3240 2660 2400 2250 2285 2505]
[3085 2895 2495 2120 1930 1640 1635 1785] [3280 3375 3075 2545 2275 2125 2100 2190]
[2815 2825 2530 1950 1835 1695 1765 1730] [3305 3500 3065 2675 2385 2110 2040 2185]
[3165 2695 2535 2230 1885 1670 1730 1710] [3645 3515 3075 2755 2280 2125 1990 2210]
[3120 3070 2575 2235 2100 1695 1900 1800] [3335 3430 3295 2610 2345 2140 2155 2235]
[2805 3065 2655 2365 2125 1840 1920 1675] [3295 3445 3050 2695 2425 2210 2130 2155]
[3095 3030 2945 2605 2245 2020 1645 1780] [3700 3445 3435 3080 2470 2160 2015 2165]
[3200 3060 2940 2890 2435 1995 1900 1855] [3750 3320 3385 3355 2715 2070 2035 2200]
COM3 1 28
4
[3000 2840 2525 2140 1980 1705 1835 1780] [3410 3150 2955 2365 2255 2125 2185 2370]
[3085 2895 2495 2120 1930 1640 1635 1785] [3285 3370 2650 2235 2080 2030 2050 2340]
[2815 2825 2530 1950 1835 1695 1765 1730] [3215 3155 2760 2310 2125 1980 2025 2195]
[3165 2695 2535 2230 1885 1670 1730 1710] [3080 2775 2850 2325 1965 1925 1915 2265]
[3120 3070 2575 2235 2100 1695 1900 1800] [2925 3185 2815 2180 1965 1945 1985 2275]
[2805 3065 2655 2365 2125 1840 1920 1675] [3265 3100 2785 2315 1955 2015 2070 2100]
[3095 3030 2945 2605 2245 2020 1645 1780] [3545 3140 3010 2370 1985 2015 2050 2255]
[3200 3060 2940 2890 2435 1995 1900 1855] [3095 3340 2955 2415 2135 1885 2000 2170]
COM7 0 29
4
[3155 2660 2635 2405 2040 1720 1695 1605] [3410 3150 2955 2365 2255 2125 2185 2370]
[2935 3000 2705 2405 2115 1805 1830 1660] [3285 3370 2650 2235 2080 2030 2050 2340]
[2930 3085 2905 2405 2140 1785 1685 1665] [3215 3155 2760 2310 2125 1980 2025 2195]
[2970 3025 3040 2475 2305 1820 1740 1600] [3080 2775 2850 2325 1965 1925 1915 2265]
[3115 2960 2880 2615 2265 1660 1785 1825] [2925 3185 2815 2180 1965 1945 1985 2275]
[2920 3000 2980 2780 2290 1885 1665 1620] [3265 3100 2785 2315 1955 2015 2070 2100]
[3000 3030 2975 2755 2255 1960 1540 1615] [3545 3140 3010 2370 1985 2015 2050 2255]
[3175 2715 3015 2670 2500 1835 1835 1590] [3095 3340 2955 2415 2135 1885 2000 2170]
COM3 1 30
4
[3155 2660 2635 2405 2040 1720 1695 1605] [3310 2940 2600 2075 2025 1800 2135 2535]
[2935 3000 2705 2405 2115 1805 1830 1660] [3025 2735 2405 1950 2015 1905 2195 2430]
[2930 3085 2905 2405 2140 1785 1685 1665] [3275 2745 2305 2165 1980 1825 2065 2325]
[2970 3025 3040 2475 2305 1820 1740 1600] [2975 2890 2400 1965 1825 1875 2040 2300]
[3115 2960 2880 2615 2265 1660 1785 1825] [2960 2905 2330 1920 1720 1800 1925 2355]
[2920 3000 2980 2780 2290 1885 1665 1620] [3260 2855 2320 1925 1965 1885 1935 2310]
[3000 3030 2975 2755 2255 1960 1540 1615] [3030 2925 2560 1935 1775 1995 1980 2260]
[3175 2715 3015 2670 2500 1835 1835 1590] [3315 2965 2570 2370 1770 1925 2095 2250]
COM7 0 31
4
[2885 2760 2515 2140 1680 1485 1620 1900] [3310 2940 2600 2075 2025 1800 2135 2535]
[3235 2935 2545 2395 1740 1635 1675 1850] [3025 2735 2405 1950 2015 1905 2195 2430]
[2785 2925 2670 2185 1630 1635 1675 1945] [3275 2745 2305 2165 1980 1825 2065 2325]
[2890 2720 2875 2250 1930 1575 1590 1700] [2975 2890 2400 1965 1825 1875 2040 2300]
[3230 3070 2660 2380 1880 1560 1685 1760] [2960 2905 2330 1920 1720 1800 1925 2355]
[3080 3165 2685 2325 1740 1610 1655 1725] [3260 2855 2320 1925 1965 1885 1935 2310]
[3160 2935 2550 2285 1680 1640 1650 2075] [3030 2925 2560 1935 1775 1995 1980 2260]
[3020 2920 2765 2230 1780 1645 1885 1925] [3315 2965 2570 2370 1770 1925 2095 2250]
COM3 1 32
4
[2885 2760 2515 2140 1680 1485 1620 1900] [2855 2610 2175 2135 2270 2330 2455 2955]
[3235 2935 2545 2395 1740 1635 1675 1850] [3030 2475 2335 2130 2090 2025 2490 2815]
[2785 2925 2670 2185 1630 1635 1675 1945] [2855 2520 2295 2035 2105 2115 2405 2630]
[2890 2720 2875 2250 1930 1575 1590 1700] [2910 2490 2150 1985 2045 1995 2190 2405]
[3230 3070 2660 2380 1880 1560 1685 1760] [2915 2805 2130 2055 2125 1985 2220 2570]
[3080 3165 2685 2325 1740 1610 1655 1725] [2850 2390 2280 2130 2080 2055 2150 2585]
[3160 2935 2550 2285 1680 1640 1650 2075] [3055 2610 2260 2165 2035 2200 2215 2590]
[3020 2920 2765 2230 1780 1645 1885 1925] [3305 2970 2545 2300 2095 2025 2340 2555]
COM7 0 33
4
[2295 1825 1595 1795 2040 2350 2925 2990] [2855 2610 2175 2135 2270 2330 2455 2955]
[2170 1935 1685 1795 2035 2385 2805 3055] [3030 2475 2335 2130 2090 2025 2490 2815]
[2145 1905 1745 1740 1785 2215 2565 3025] [2855 2520 2295 2035 2105 2115 2405 2630]
[2485 2240 1800 1745 1775 2015 2220 2740] [2910 2490 2150 1985 2045 1995 2190 2405]
[2715 2345 1995 1715 1820 1905 2300 2570] [2915 2805 2130 2055 2125 1985 2220 2570]
[2670 2485 2315 1900 1735 1805 2325 2535] [2850 2390 2280 2130 2080 2055 2150 2585]
[3090 2745 2365 2135 1700 1975 2040 2800] [3055 2610 2260 2165 2035 2200 2215 2590]
[3340 2675 2420 2070 1925 2090 2455 2905] [3305 2970 2545 2300 2095 2025 2340 2555]
COM3 1 34
4
[2295 1825 1595 1795 2040 2350 2925 2990] [2735 2310 2005 2080 2365 2695 2965 3230]
[2170 1935 1685 1795 2035 2385 2805 3055] [2565 2420 2005 1965 2070 2375 2795 3055]
[2145 1905 1745 1740 1785 2215 2565 3025] [2615 2495 1980 1880 2175 2370 2625 2950]
[2485 2240 1800 1745 1775 2015 2220 2740] [2730 2480 2230 1995 1915 1975 2475 2770]
[2715 2345 1995 1715 1820 1905 2300 2570] [2680 2345 2095 1835 1840 1955 2280 2845]
[2670 2485 2315 1900 1735 1805 2325 2535] [2640 2465 2125 1975 1985 1960 2330 2530]
[3090 2745 2365 2135 1700 1975 2040 2800] [2845 2515 2265 2105 2015 1960 2195 2830]
[3340 2675 2420 2070 1925 2090 2455 2905] [3115 2640 2080 2140 1985 1905 2305 3000]
COM7 0 35
4
[1835 1540 1420 1475 1495 1720 2220 2415] [2735 2310 2005 2080 2365 2695 2965 3230]
[2145 1695 1440 1580 1590 1640 2115 2530] [2565 2420 2005 1965 2070 2375 2795 3055]
[1925 1785 1600 1515 1485 1615 2060 2420] [2615 2495 1980 1880 2175 2370 2625 2950]
[2300 1930 1720 1485 1590 1525 1965 2230] [2730 2480 2230 1995 1915 1975 2475 2770]
[2530 1770 1645 1565 1590 1490 1815 2290] [2680 2345 2095 1835 1840 1955 2280 2845]
[2435 2000 1795 1570 1550 1755 1850 2380] [2640 2465 2125 1975 1985 1960 2330 2530]
[2470 2315 1790 1695 1575 1555 1845 2370] [2845 2515 2265 2105 2015 1960 2195 2830]
[2890 2395 1900 1605 1650 1695 2215 2325] [3115 2640 2080 2140 1985 1905 2305 3000]
COM3 1 36
4
[1835 1540 1420 1475 1495 1720 2220 2415] [2535 2320 2105 1950 2235 2830 3055 2990]
[2145 1695 1440 1580 1590 1640 2115 2530] [2590 2280 2195 1935 2110 2855 3135 3360]
[1925 1785 1600 1515 1485 1615 2060 2420] [2445 2150 1755 1885 2130 2605 2985 3060]
[2300 1930 1720 1485 1590 1525 1965 2230] [2685 2275 2110 1855 2005 2130 2725 3150]
[2530 1770 1645 1565 1590 1490 1815 2290] [2770 2100 2095 1805 1805 2350 2670 3205]
[2435 2000 1795 1570 1550 1755 1850 2380] [2605 2215 2055 2150 1890 2060 2570 3155]
[2470 2315 1790 1695 1575 1555 1845 2370] [2670 2260 2155 1845 1920 2020 2490 2815]
[2890 2395 1900 1605 1650 1695 2215 2325] [2830 2385 2170 1970 1965 1875 2375 3080]
COM7 0 37
4
[2005 1630 1560 1710 1705 1875 2470 2765] [2535 2320 2105 1950 2235 2830 3055 2990]
[2260 1825 1470 1810 1625 1835 2210 2585] [2590 2280 2195 1935 2110 2855 3135 3360]
[2265 1980 1700 1605 1560 1825 2195 2615] [2445 2150 1755 1885 2130 2605 2985 3060]
[2525 1975 1825 1660 1655 1665 2070 2215] [2685 2275 2110 1855 2005 2130 2725 3150]
[2925 2325 1835 1605 1675 1640 1800 2530] [2770 2100 2095 1805 1805 2350 2670 3205]
[2735 2450 2065 1710 1625 1765 1920 2215] [2605 2215 2055 2150 1890 2060 2570 3155]
[2950 2685 2125 1765 1660 1780 1770 2675] [2670 2260 2155 1845 1920 2020 2490 2815]
[3030 3085 2210 1820 1625 1715 2320 2535] [2830 2385 2170 1970 1965 1875 2375 3080]
COM3 1 38
4
[2005 1630 1560 1710 1705 1875 2470 2765] [3450 3315 3250 2885 2955 2845 3075 3220]
[2260 1825 1470 1810 1625 1835 2210 2585] [3495 2950 2945 2595 2590 2760 2915 3005]
[2265 1980 1700 1605 1560 1825 2195 2615] [3425 2995 2775 2430 2760 2820 3040 3080]
[2525 1975 1825 1660 1655 1665 2070 2215] [3305 3185 2675 2570 2550 2645 3125 3180]
[2925 2325 1835 1605 1675 1640 1800 2530] [3520 2910 2565 2480 2515 2790 3065 3135]
[2735 2450 2065 1710 1625 1765 1920 2215] [3545 2985 2650 2670 2545 2600 3040 3065]
[2950 2685 2125 1765 1660 1780 1770 2675] [3470 2790 2735 2595 2500 2625 2985 3345]
[3030 3085 2210 1820 1625 1715 2320 2535] [3455 3060 2765 2685 2455 2470 2680 3295]
COM7 0 39
4
[2120 1565 1510 1645 1770 1960 2345 2620] [3450 3315 3250 2885 2955 2845 3075 3220]
[2105 1780 1530 1600 1700 1860 2345 2565] [3495 2950 2945 2595 2590 2760 2915 3005]
[2290 1870 1745 1645 1535 1625 1970 2545] [3425 2995 2775 2430 2760 2820 3040 3080]
[2570 2240 1940 1700 1725 1845 2015 2565] [3305 3185 2675 2570 2550 2645 3125 3180]
[2805 2205 1915 1605 1785 1725 2045 2285] [3520 2910 2565 2480 2515 2790 3065 3135]
[2755 2540 2135 1745 1635 1725 2030 2550] [3545 2985 2650 2670 2545 2600 3040 3065]
[3200 2505 2320 1920 1575 1800 2065 2505] [3470 2790 2735 2595 2500 2625 2985 3345]
[3090 2465 2250 1920 1705 1825 2320 2505] [3455 3060 2765 2685 2455 2470 2680 3295]
COM3 1 40
4
[2120 1565 1510 1645 1770 1960 2345 2620] [3245 2790 2635 2200 2535 2835 3150 3160]
[2105 1780 1530 1600 1700 1860 2345 2565] [2815 2580 2325 1875 2230 2720 2995 3045]
[2290 1870 1745 1645 1535 1625 1970 2545] [2510 2360 2030 1935 2240 2750 3095 3210]
[2570 2240 1940 1700 1725 1845 2015 2565] [2410 2160 2080 2070 2385 2570 2925 3085]
[2805 2205 1915 1605 1785 1725 2045 2285] [2705 2165 2060 2020 2165 2535 2945 3055]
[2755 2540 2135 1745 1635 1725 2030 2550] [2655 2220 1955 2085 2180 2440 3045 3125]
[3200 2505 2320 1920 1575 1800 2065 2505] [2625 2370 2120 1985 2090 2290 2730 3290]
[3090 2465 2250 1920 1705 1825 2320 2505] [2760 2375 2005 2215 2060 2340 2810 3405]
COM7 0 41
4
[1955 1500 1455 1565 1860 1735 2205 2700] [3245 2790 2635 2200 2535 2835 3150 3160]
[2035 1765 1490 1725 1645 1795 2190 2655] [2815 2580 2325 1875 2230 2720 2995 3045]
[2270 1900 1595 1540 1550 1740 2115 2510] [2510 2360 2030 1935 2240 2750 3095 3210]
[2445 2125 1845 1585 1660 1635 2000 2370] [2410 2160 2080 2070 2385 2570 2925 3085]
[2885 2100 1980 1610 1630 1630 2135 2540] [2705 2165 2060 2020 2165 2535 2945 3055]
[2885 2450 2045 1735 1500 1745 2000 2365] [2655 2220 1955 2085 2180 2440 3045 3125]
[3040 2720 1940 1655 1670 1705 1855 2415] [2625 2370 2120 1985 2090 2290 2730 3290]
[3135 2685 1920 1580 1700 2040 2420 2590] [2760 2375 2005 2215 2060 2340 2810 3405]
COM3 1 42
4
[1955 1500 1455 1565 1860 1735 2205 2700] [2400 2330 2040 2160 2440 2820 3235 3125]
[2035 1765 1490 1725 1645 1795 2190 2655] [2440 2260 2030 2070 2355 2805 2985 2900]
[2270 1900 1595 1540 1550 1740 2115 2510] [2260 2165 2055 2060 2440 2735 3240 3005]
[2445 2125 1845 1585 1660 1635 2000 2370] [2290 1925 2030 2000 2250 2555 2905 3120]
[2885 2100 1980 1610 1630 1630 2135 2540] [2700 2235 1985 1825 2110 2575 2910 3125]
[2885 2450 2045 1735 1500 1745 2000 2365] [2275 2310 1975 2020 2070 2450 2815 3135]
[3040 2720 1940 1655 1670 1705 1855 2415] [2580 2335 1960 1820 2000 2360 2535 3135]
[3135 2685 1920 1580 1700 2040 2420 2590] [2615 2300 1915 1900 2045 2450 2585 3100]
COM7 0 43
4
[2210 1675 1640 1575 1785 1650 2410 2810] [2400 2330 2040 2160 2440 2820 3235 3125]
[2220 1785 1525 1485 1650 1960 2265 2450] [2440 2260 2030 2070 2355 2805 2985 2900]
[2460 1880 1610 1595 1675 1800 2085 2565] [2260 2165 2055 2060 2440 2735 3240 3005]
[2520 1885 1650 1580 1645 1670 2080 2570] [2290 1925 2030 2000 2250 2555 2905 3120]
[2440 2020 1795 1510 1625 1630 2220 2605] [2700 2235 1985 1825 2110 2575 2910 3125]
[2780 2175 1850 1565 1565 1765 2125 2640] [2275 2310 1975 2020 2070 2450 2815 3135]
[2585 2235 1710 1540 1485 1815 1770 2605] [2580 2335 1960 1820 2000 2360 2535 3135]
[3050 2175 2065 1680 1525 1900 2210 2675] [2615 2300 1915 1900 2045 2450 2585 3100]
COM3 1 44
4
[2210 1675 1640 1575 1785 1650 2410 2810] [2380 1570 1835 2170 2625 3140 3185 3150]
[2220 1785 1525 1485 1650 1960 2265 2450] [1940 1570 1780 2175 2685 2985 2975 3035]
[2460 1880 1610 1595 1675 1800 2085 2565] [2120 1810 1800 1765 2525 2965 3235 3060]
[2520 1885 1650 1580 1645 1670 2080 2570] [1990 1575 1855 1810 2195 2430 3025 3175]
[2440 2020 1795 1510 1625 1630 2220 2605] [2270 1825 1785 1675 1985 2335 2800 3020]
[2780 2175 1850 1565 1565 1765 2125 2640] [2115 1685 1615 1700 1800 2185 2820 2970]
[2585 2235 1710 1540 1485 1815 1770 2605] [2370 2030 1795 1640 1955 2325 2585 3095]
[3050 2175 2065 1680 1525 1900 2210 2675] [2755 2460 2050 2000 1860 2175 2640 3485]
COM7 0 45
4
[2330 1690 1655 1640 1610 1915 2285 2930] [2380 1570 1835 2170 2625 3140 3185 3150]
[2420 1900 1565 1635 1705 1930 2290 2910] [1940 1570 1780 2175 2685 2985 2975 3035]
[2220 1765 1665 1490 1620 1885 2015 2735] [2120 1810 1800 1765 2525 2965 3235 3060]
[2575 1995 1845 1490 1605 1845 2230 2775] [1990 1575 1855 1810 2195 2430 3025 3175]
[2450 2045 1635 1535 1745 1785 2330 2825] [2270 1825 1785 1675 1985 2335 2800 3020]
[2580 2030 1850 1555 1520 1715 2235 2765] [2115 1685 1615 1700 1800 2185 2820 2970]
[2390 2375 1785 1655 1605 1850 1970 2955] [2370 2030 1795 1640 1955 2325 2585 3095]
[2560 2270 1875 1700 1835 2045 2520 2885] [2755 2460 2050 2000 1860 2175 2640 3485]
COM3 1 46
4
[2330 1690 1655 1640 1610 1915 2285 2930] [2345 2090 2205 2370 2990 3010 3255 3170]
[2420 1900 1565 1635 1705 1930 2290 2910] [2405 2150 2145 2145 2615 2985 3285 3070]
[2220 1765 1665 1490 1620 1885 2015 2735] [2515 2225 2120 1970 2545 2815 3040 3160]
[2575 1995 1845 1490 1605 1845 2230 2775] [2430 2155 1985 2080 2290 2695 3100 3135]
[2450 2045 1635 1535 1745 1785 2330 2825] [2640 2225 1985 1970 2200 2705 2875 3290]
[2580 2030 1850 1555 1520 1715 2235 2765] [2540 2265 2020 2065 2165 2515 2850 3310]
[2390 2375 1785 1655 1605 1850 1970 2955] [2575 2415 2150 2175 2055 2300 3080 3315]
[2560 2270 1875 1700 1835 2045 2520 2885] [3045 2395 2125 2130 2210 2510 2750 2985]
COM7 0 47
4
[1940 1550 1640 1625 1865 2275 2740 2700] [2345 2090 2205 2370 2990 3010 3255 3170]
[2135 1795 1625 1680 1660 2145 2375 2840] [2405 2150 2145 2145 2615 2985 3285 3070]
[2125 1685 1600 1700 1645 1995 2550 2850] [2515 2225 2120 1970 2545 2815 3040 3160]
[2105 1665 1695 1475 1700 1900 2470 2830] [2430 2155 1985 2080 2290 2695 3100 3135]
[2330 1785 1715 1525 1740 1965 2400 2980] [2640 2225 1985 1970 2200 2705 2875 3290]
[2380 1705 1715 1605 1585 1855 2540 2930] [2540 2265 2020 2065 2165 2515 2850 3310]
[2540 1820 1575 1765 1790 2060 2465 3000] [2575 2415 2150 2175 2055 2300 3080 3315]
[2395 2115 1665 1775 1875 1925 3030 3085] [3045 2395 2125 2130 2210 2510 2750 2985]
COM3 1 48
4
[1940 1550 1640 1625 1865 2275 2740 2700] [2535 2355 2030 2150 2395 2710 2930 3265]
[2135 1795 1625 1680 1660 2145 2375 2840] [2715 2120 2080 2150 2395 3045 3060 3120]
[2125 1685 1600 1700 1645 1995 2550 2850] [2460 2230 1945 2190 2555 2705 3010 3170]
[2105 1665 1695 1475 1700 1900 2470 2830] [2790 2405 2065 2175 2350 2715 3085 3095]
[2330 1785 1715 1525 1740 1965 2400 2980] [2585 2275 2095 2010 2240 2510 3040 3355]
[2380 1705 1715 1605 1585 1855 2540 2930] [2805 2240 2180 2190 2055 2590 2940 2975]
[2540 1820 1575 1765 1790 2060 2465 3000] [2590 2430 2155 1940 2100 2515 2815 3030]
[2395 2115 1665 1775 1875 1925 3030 3085] [2835 2310 2080 2025 2140 2685 2885 3105]
COM7 0 49
4
[1580 1575 1480 1800 2230 2570 2875 3005] [2535 2355 2030 2150 2395 2710 2930 3265]
[1810 1585 1530 1705 2015 2485 2875 3160] [2715 2120 2080 2150 2395 3045 3060 3120]
[1875 1550 1580 1570 1865 2405 2710 2905] [2460 2230 1945 2190 2555 2705 3010 3170]
[1825 1550 1630 1700 1855 2225 2680 2795] [2790 2405 2065 2175 2350 2715 3085 3095]
[2030 1550 1695 1570 2000 2155 2765 2810] [2585 2275 2095 2010 2240 2510 3040 3355]
[1985 1685 1755 1660 1780 2330 2885 3040] [2805 2240 2180 2190 2055 2590 2940 2975]
[2240 1740 1845 1665 1975 2155 2770 2965] [2590 2430 2155 1940 2100 2515 2815 3030]
[2440 1930 1725 1820 1935 2360 2695 3070] [2835 2310 2080 2025 2140 2685 2885 3105]
COM3 1 50
4
[1580 1575 1480 1800 2230 2570 2875 3005] [2380 1970 1820 2040 2480 2790 3060 3120]
[1810 1585 1530 1705 2015 2485 2875 3160] [2370 2110 1815 2010 2145 2840 2945 3145]
[1875 1550 1580 1570 1865 2405 2710 2905] [2470 2355 1775 1850 2335 2890 3000 3210]
[1825 1550 1630 1700 1855 2225 2680 2795] [2640 2140 1845 1835 1955 2650 3250 3135]
[2030 1550 1695 1570 2000 2155 2765 2810] [2535 2170 1695 1605 2105 2525 2970 3045]
[1985 1685 1755 1660 1780 2330 2885 3040] [2255 1955 1700 1845 2010 2305 2945 3205]
[2240 1740 1845 1665 1975 2155 2770 2965] [2405 2105 1975 1855 2000 2560 2910 3160]
[2440 1930 1725 1820 1935 2360 2695 3070] [2785 2115 1735 1855 2030 2520 3030 3240]
COM7 0 51
4
[1665 1425 1700 2100 2610 2805 2985 2935] [2380 1970 1820 2040 2480 2790 3060 3120]
[1795 1610 1645 2110 2465 2760 2845 3060] [2370 2110 1815 2010 2145 2840 2945 3145]
[1525 1510 1665 1875 2015 2735 3065 3015] [2470 2355 1775 1850 2335 2890 3000 3210]
[1600 1420 1615 1680 2190 2680 2825 2870] [2640 2140 1845 1835 1955 2650 3250 3135]
[1730 1570 1585 1720 2030 2380 2835 2990] [2535 2170 1695 1605 2105 2525 2970 3045]
[1885 1685 1815 1700 1880 2440 3000 2905] [2255 1955 1700 1845 2010 2305 2945 3205]
[1955 1755 1675 1770 2120 2350 2740 3100] [2405 2105 1975 1855 2000 2560 2910 3160]
[2265 1915 1680 1705 1695 2545 3045 2800] [2785 2115 1735 1855 2030 2520 3030 3240]
COM3 1 52
4
[1665 1425 1700 2100 2610 2805 2985 2935] [2655 2350 2130 2350 2675 2970 3195 3145]
[1795 1610 1645 2110 2465 2760 2845 3060] [2750 2125 2245 2275 2590 2890 3025 3070]
[1525 1510 1665 1875 2015 2735 3065 3015] [2820 2270 2070 2190 2475 2785 3055 3245]
[1600 1420 1615 1680 2190 2680 2825 2870] [2515 2425 2085 2275 2415 2775 2950 3250]
[1730 1570 1585 1720 2030 2380 2835 2990] [2460 2385 2095 2005 2335 2690 3055 3135]
[1885 1685 1815 1700 1880 2440 3000 2905] [2530 2170 2135 2185 2245 2920 3040 3160]
[1955 1755 1675 1770 2120 2350 2740 3100] [2500 2225 2155 2220 2315 2755 3125 3245]
[2265 1915 1680 1705 1695 2545 3045 2800] [2805 2480 2070 2405 2430 2515 3260 2990]
COM7 0 53
4
[1630 1530 1905 2390 2840 2990 2985 3060] [2655 2350 2130 2350 2675 2970 3195 3145]
[1685 1725 1855 2385 2615 3015 2985 2915] [2750 2125 2245 2275 2590 2890 3025 3070]
[1725 1580 1800 2005 2540 2895 3040 3075] [2820 2270 2070 2190 2475 2785 3055 3245]
[1635 1745 1725 2005 2335 2800 3015 3295] [2515 2425 2085 2275 2415 2775 2950 3250]
[1550 1685 1635 1735 2305 2660 3045 3125] [2460 2385 2095 2005 2335 2690 3055 3135]
[1585 1540 1805 1900 1915 2440 3215 3015] [2530 2170 2135 2185 2245 2920 3040 3160]
[1730 1720 1700 1770 1955 2690 2955 3030] [2500 2225 2155 2220 2315 2755 3125 3245]
[1925 1685 1585 1590 2305 2620 3160 2995] [2805 2480 2070 2405 2430 2515 3260 2990]
COM3 1 54
4
[1630 1530 1905 2390 2840 2990 2985 3060] [2350 2045 2270 2375 2585 2905 3065 3170]
[1685 1725 1855 2385 2615 3015 2985 2915] [2285 2045 2215 2325 2520 2945 3100 3000]
[1725 1580 1800 2005 2540 2895 3040 3075] [2340 2200 2060 2230 2505 2910 3020 3150]
[1635 1745 1725 2005 2335 2800 3015 3295] [2370 2080 2140 2060 2310 2590 3090 3240]
[1550 1685 1635 1735 2305 2660 3045 3125] [2445 2100 2135 2000 2400 2615 2860 3050]
[1585 1540 1805 1900 1915 2440 3215 3015] [2430 2225 2115 2260 2135 2600 3040 3310]
[1730 1720 1700 1770 1955 2690 2955 3030] [2575 2310 2135 1970 2340 2625 3140 3230]
[1925 1685 1585 1590 2305 2620 3160 2995] [2705 2435 2380 2330 2380 2715 2920 3240]
COM7 0 55
4
[1690 1600 1800 2175 2800 2795 3060 3125] [2350 2045 2270 2375 2585 2905 3065 3170]
[1690 1690 1815 2165 2685 2960 3055 3140] [2285 2045 2215 2325 2520 2945 3100 3000]
[1590 1670 1785 2245 2450 2885 3095 3005] [2340 2200 2060 2230 2505 2910 3020 3150]
[1685 1630 1715 2125 2540 2790 2975 3125] [2370 2080 2140 2060 2310 2590 3090 3240]
[1725 1570 1645 1875 2275 2625 3135 2875] [2445 2100 2135 2000 2400 2615 2860 3050]
[1680 1695 1900 1975 2120 2645 3115 3270] [2430 2225 2115 2260 2135 2600 3040 3310]
[1655 1650 1735 1735 2140 2555 2920 3050] [2575 2310 2135 1970 2340 2625 3140 3230]
[1970 1530 1805 1590 2045 2585 3015 3030] [2705 2435 2380 2330 2380 2715 2920 3240]
COM3 1 56
4
[1690 1600 1800 2175 2800 2795 3060 3125] [2045 2150 2235 2520 3065 3065 2970 3235]
[1690 1690 1815 2165 2685 2960 3055 3140] [2115 2035 2245 2415 2610 2975 2995 2985]
[1590 1670 1785 2245 2450 2885 3095 3005] [2140 2060 2155 2350 2615 2765 3060 3160]
[1685 1630 1715 2125 2540 2790 2975 3125] [2135 2060 2120 2135 2470 2510 3055 3220]
[1725 1570 1645 1875 2275 2625 3135 2875] [2125 2180 2165 2050 2255 2680 2975 3135]
[1680 1695 1900 1975 2120 2645 3115 3270] [2365 2080 2025 2140 2220 2590 3105 3250]
[1655 1650 1735 1735 2140 2555 2920 3050] [2430 2235 2105 2185 2320 2655 2870 3290]
[1970 1530 1805 1590 2045 2585 3015 3030] [2435 2470 2325 2470 2455 2780 3360 3410]
COM7 0 57
4
[1760 1545 1775 2145 2590 2985 2870 3250] [2045 2150 2235 2520 3065 3065 2970 3235]
[1745 1765 1790 2165 2485 3125 3035 3175] [2115 2035 2245 2415 2610 2975 2995 2985]
[1475 1600 1675 2080 2395 2795 3235 2720] [2140 2060 2155 2350 2615 2765 3060 3160]
[1700 1505 1735 2180 2420 2880 3000 3290] [2135 2060 2120 2135 2470 2510 3055 3220]
[1625 1655 1735 1735 2295 2595 3110 3295] [2125 2180 2165 2050 2255 2680 2975 3135]
[1645 1610 1935 1910 2055 2750 3285 2990] [2365 2080 2025 2140 2220 2590 3105 3250]
[1585 1675 1800 1930 2130 2790 2780 3190] [2430 2235 2105 2185 2320 2655 2870 3290]
[1975 1725 1795 1805 2380 2940 3160 3310] [2435 2470 2325 2470 2455 2780 3360 3410]
COM3 1 58
4
[1760 1545 1775 2145 2590 2985 2870 3250] [2570 2420 2310 2585 3095 2955 3165 3135]
[1745 1765 1790 2165 2485 3125 3035 3175] [2450 2105 2370 2535 2785 3140 3135 3210]
[1475 1600 1675 2080 2395 2795 3235 2720] [2235 2270 2270 2420 2815 2750 3355 3015]
[1700 1505 1735 2180 2420 2880 3000 3290] [2225 2165 2140 2225 2620 2875 3245 3115]
[1625 1655 1735 1735 2295 2595 3110 3295] [2160 2140 2250 2250 2520 2880 3090 3165]
[1645 1610 1935 1910 2055 2750 3285 2990] [2280 1935 2300 2350 2475 2895 3150 3195]
[1585 1675 1800 1930 2130 2790 2780 3190] [2655 2115 2185 2205 2455 3125 3240 3275]
[1975 1725 1795 1805 2380 2940 3160 3310] [2805 2350 2195 2325 2530 2840 3080 3510]
COM7 0 59
4
[1590 1660 1855 2350 2570 2990 3245 2935] [2570 2420 2310 2585 3095 2955 3165 3135]
[1825 1675 1715 1955 2545 2875 2985 3080] [2450 2105 2370 2535 2785 3140 3135 3210]
[1540 1435 1705 1870 2235 2610 2890 3270] [2235 2270 2270 2420 2815 2750 3355 3015]
[1630 1605 1635 1720 2150 2810 3150 2925] [2225 2165 2140 2225 2620 2875 3245 3115]
[1700 1675 1715 1645 2115 2620 2920 3230] [2160 2140 2250 2250 2520 2880 3090 3165]
[1685 1840 1660 1730 2075 2715 2955 2915] [2280 1935 2300 2350 2475 2895 3150 3195]
[2200 1670 1605 1765 2250 2555 3020 3010] [2655 2115 2185 2205 2455 3125 3240 3275]
[1880 1850 1680 1835 2385 2670 3090 3085] [2805 2350 2195 2325 2530 2840 3080 3510]
COM3 1 60
4
[1590 1660 1855 2350 2570 2990 3245 2935] [2700 2710 2475 2570 2750 2820 3250 3210]
[1825 1675 1715 1955 2545 2875 2985 3080] [2745 2715 2385 2490 2560 3135 2950 3080]
[1540 1435 1705 1870 2235 2610 2890 3270] [2515 2240 2375 2485 2765 2970 3165 3325]
[1630 1605 1635 1720 2150 2810 3150 2925] [2250 2025 2220 2490 2675 3040 3100 3045]
[1700 1675 1715 1645 2115 2620 2920 3230] [1990 2210 2325 2240 2675 2880 3310 3175]
[1685 1840 1660 1730 2075 2715 2955 2915] [2080 2165 2195 2430 2645 2940 3180 3140]
[2200 1670 1605 1765 2250 2555 3020 3010] [2180 2115 2110 2295 2500 2755 3080 3425]
[1880 1850 1680 1835 2385 2670 3090 3085] [2430 2300 2130 2460 2385 2705 3165 3365]
COM7 0 61
4
[1650 1555 1820 2150 2580 2780 3045 3025] [2700 2710 2475 2570 2750 2820 3250 3210]
[1700 1585 1780 2230 2725 2805 3105 2975] [2745 2715 2385 2490 2560 3135 2950 3080]
[1565 1620 1645 1880 2210 2835 3070 3025] [2515 2240 2375 2485 2765 2970 3165 3325]
[1695 1565 1695 1745 2180 2690 2975 3070] [2250 2025 2220 2490 2675 3040 3100 3045]
[1855 1725 1720 1680 2290 2665 3050 3185] [1990 2210 2325 2240 2675 2880 3310 3175]
[1620 1700 1880 1855 1985 2620 3060 3005] [2080 2165 2195 2430 2645 2940 3180 3140]
[1985 1570 1710 1865 2305 2900 3110 3075] [2180 2115 2110 2295 2500 2755 3080 3425]
[2270 1820 1825 1695 2400 2870 3210 3045] [2430 2300 2130 2460 2385 2705 3165 3365]
COM3 1 62
4
[1650 1555 1820 2150 2580 2780 3045 3025] [2165 2050 1780 1945 2470 2665 2785 2980]
[1700 1585 1780 2230 2725 2805 3105 2975] [2105 2130 1915 2075 2035 2770 2710 2985]
[1565 1620 1645 1880 2210 2835 3070 3025] [1860 1605 1665 1960 2440 2710 2875 2940]
[1695 1565 1695 1745 2180 2690 2975 3070] [1470 1555 1735 1980 2385 2755 2880 2810]
[1855 1725 1720 1680 2290 2665 3050 3185] [1450 1655 1685 1940 2465 2790 2945 3045]
[1620 1700 1880 1855 1985 2620 3060 3005] [1365 1490 1650 1980 2345 2840 2885 2825]
[1985 1570 1710 1865 2305 2900 3110 3075] [1430 1600 1750 1920 2235 2675 2875 3000]
[2270 1820 1825 1695 2400 2870 3210 3045] [1380 1530 1535 1895 2200 2625 3125 3225]
COM7 0 63
4
[1705 1665 1685 2265 2595 2960 3110 3140] [2165 2050 1780 1945 2470 2665 2785 2980]
[1795 1705 1550 2200 2550 3005 3100 3310] [2105 2130 1915 2075 2035 2770 2710 2985]
[1555 1620 1590 1810 2265 2840 3195 3135] [1860 1605 1665 1960 2440 2710 2875 2940]
[2030 1665 1840 1760 2265 2850 3270 3105] [1470 1555 1735 1980 2385 2755 2880 2810]
[1945 1575 1815 1730 2200 2525 3330 2965] [1450 1655 1685 1940 2465 2790 2945 3045]
[1695 1490 1775 1955 1945 2695 2895 3060] [1365 1490 1650 1980 2345 2840 2885 2825]
[1770 1830 1685 1875 2160 2625 3000 3100] [1430 1600 1750 1920 2235 2675 2875 3000]
[2210 1580 1825 1875 2295 2665 3305 3315] [1380 1530 1535 1895 2200 2625 3125 3225]
COM3 1 64
4
[1705 1665 1685 2265 2595 2960 3110 3140] [2560 2330 2415 2345 2760 2945 3125 3285]
[1795 1705 1550 2200 2550 3005 3100 3310] [2370 2120 2200 2435 2765 2985 3155 3020]
[1555 1620 1590 1810 2265 2840 3195 3135] [2160 2190 2285 2380 2845 2890 3115 3030]
[2030 1665 1840 1760 2265 2850 3270 3105] [1900 2095 2145 2515 2805 2995 3455 3425]
[1945 1575 1815 1730 2200 2525 3330 2965] [1960 2055 2060 2200 2685 3040 3255 3200]
[1695 1490 1775 1955 1945 2695 2895 3060] [1795 1875 2205 2215 2375 2920 3340 3325]
[1770 1830 1685 1875 2160 2625 3000 3100] [2090 2135 1995 1970 2510 2895 3065 3480]
[2210 1580 1825 1875 2295 2665 3305 3315] [2055 2235 2005 2350 2615 2870 3220 3365]
COM7 0 65
4
[1860 1550 1590 2030 2390 2790 2900 2940] [2560 2330 2415 2345 2760 2945 3125 3285]
[2120 1560 1675 2045 2365 2860 2990 3050] [2370 2120 2200 2435 2765 2985 3155 3020]
[1735 1715 1785 1940 2265 2715 3065 3055] [2160 2190 2285 2380 2845 2890 3115 3030]
[1935 1575 1665 1805 2320 2510 3110 2960] [1900 2095 2145 2515 2805 2995 3455 3425]
[2160 1705 1780 1610 2340 2715 2985 3200] [1960 2055 2060 2200 2685 3040 3255 3200]
[1905 1610 1815 2020 2195 2515 3225 3150] [1795 1875 2205 2215 2375 2920 3340 3325]
[1650 1735 1885 1755 2235 2730 3165 3280] [2090 2135 1995 1970 2510 2895 3065 3480]
[1755 1620 1630 1790 2500 2655 3210 2920] [2055 2235 2005 2350 2615 2870 3220 3365]