COM3 1 6
4
[3045 2930 2815 3070 3020 3010 2990 3040] [3385 3195 3300 3270 3255 2880 2940 2850]
[3140 3210 3095 3125 2915 3010 3050 3025] [3230 3035 3185 3015 3035 3025 3115 2460]
[2955 2915 3105 3005 2890 2860 3055 3000] [3250 3260 3235 3155 3295 3145 3075 2365]
[2865 2925 3110 2885 3175 3145 3180 3075] [3325 2930 2935 3350 3220 3230 2990 2530]
[3160 3130 3120 2990 3310 3000 3435 3280] [3480 3165 3225 3180 3165 3095 2995 2695]
[3045 3165 3220 3260 2985 3105 3190 3095] [3195 3265 3035 3210 3155 3425 3140 2695]
[3150 3150 3195 3270 3015 3240 3005 3260] [3080 3275 3300 3090 3115 3390 3240 2810]
[3305 3220 3055 3190 3170 3160 3290 3045] [3570 3455 3220 3545 3335 3145 3215 2805]
COM7 0 7
4
[2840 2740 2765 2805 2695 2780 3025 2650] [3385 3195 3300 3270 3255 2880 2940 2850]
[2905 2890 2865 2925 2795 2865 2790 2845] [3230 3035 3185 3015 3035 3025 3115 2460]
[2745 2835 2910 2810 2810 2710 2850 2815] [3250 3260 3235 3155 3295 3145 3075 2365]
[2925 2925 2910 2875 2970 2895 2805 2820] [3325 2930 2935 3350 3220 3230 2990 2530]
[2865 2855 3040 2740 2995 2830 2975 2805] [3480 3165 3225 3180 3165 3095 2995 2695]
[2975 3010 3215 2975 2770 3070 2865 2630] [3195 3265 3035 3210 3155 3425 3140 2695]
[3145 2875 3045 2910 2965 2950 2685 2720] [3080 3275 3300 3090 3115 3390 3240 2810]
[3000 2805 3020 3100 2870 2770 3005 2875] [3570 3455 3220 3545 3335 3145 3215 2805]
COM3 1 8
4
[2840 2740 2765 2805 2695 2780 3025 2650] [2435 2475 2405 2520 2450 2625 2555 2375]
[2905 2890 2865 2925 2795 2865 2790 2845] [2430 2465 2515 2510 2525 2565 2345 2025]
[2745 2835 2910 2810 2810 2710 2850 2815] [2420 2395 2455 2495 2695 2430 2210 1685]
[2925 2925 2910 2875 2970 2895 2805 2820] [2635 2710 2565 2610 2660 2585 2375 1780]
[2865 2855 3040 2740 2995 2830 2975 2805] [2615 2440 2560 2625 2680 2640 2380 2045]
[2975 3010 3215 2975 2770 3070 2865 2630] [2510 2510 2625 2635 2620 2685 2395 2030]
[3145 2875 3045 2910 2965 2950 2685 2720] [2540 2910 2630 2780 2585 2595 2345 2120]
[3000 2805 3020 3100 2870 2770 3005 2875] [2715 2755 2595 2815 2520 2615 2280 1945]
COM7 0 9
4
[3125 3070 2950 3135 2915 3115 3110 3075] [2435 2475 2405 2520 2450 2625 2555 2375]
[3085 3050 3010 3040 3060 3070 3045 2955] [2430 2465 2515 2510 2525 2565 2345 2025]
[3095 3070 3150 3020 3040 3160 3030 3100] [2420 2395 2455 2495 2695 2430 2210 1685]
[2880 3085 3150 3065 3235 3080 3010 2955] [2635 2710 2565 2610 2660 2585 2375 1780]
[3195 3075 3110 2995 3110 3225 3200 3185] [2615 2440 2560 2625 2680 2640 2380 2045]
[3225 3140 3245 3105 3110 3110 3090 3105] [2510 2510 2625 2635 2620 2685 2395 2030]
[3320 3195 2940 3120 3065 3055 3055 3135] [2540 2910 2630 2780 2585 2595 2345 2120]
[3305 3150 3045 3070 3020 3085 3295 3050] [2715 2755 2595 2815 2520 2615 2280 1945]
COM3 1 10
4
[3125 3070 2950 3135 2915 3115 3110 3075] [3250 3310 3395 3100 3220 2880 2905 2570]
[3085 3050 3010 3040 3060 3070 3045 2955] [3210 3335 3290 3180 2930 3110 2685 2390]
[3095 3070 3150 3020 3040 3160 3030 3100] [3250 3190 3255 3050 3040 2940 2690 2205]
[2880 3085 3150 3065 3235 3080 3010 2955] [3390 3445 3465 3305 3090 2975 2580 2290]
[3195 3075 3110 2995 3110 3225 3200 3185] [3115 3345 3370 3170 3245 3105 2675 2055]
[3225 3140 3245 3105 3110 3110 3090 3105] [3125 3430 3000 3160 3295 3000 2700 2235]
[3320 3195 2940 3120 3065 3055 3055 3135] [3545 3445 3350 3395 3350 3090 2550 2350]
[3305 3150 3045 3070 3020 3085 3295 3050] [3615 3400 3235 3375 3210 2980 2680 2095]
COM7 0 11
4
[2950 2625 2630 2770 2795 2870 2925 2965] [3250 3310 3395 3100 3220 2880 2905 2570]
[3080 2875 2660 2750 2900 2860 2895 2855] [3210 3335 3290 3180 2930 3110 2685 2390]
[2785 2935 2960 2785 2795 2825 2935 2935] [3250 3190 3255 3050 3040 2940 2690 2205]
[2905 3000 2910 2715 2850 2790 2910 2985] [3390 3445 3465 3305 3090 2975 2580 2290]
[2890 2875 2895 2945 3040 2910 3065 3040] [3115 3345 3370 3170 3245 3105 2675 2055]
[3080 3015 3040 2885 2725 3025 3000 2760] [3125 3430 3000 3160 3295 3000 2700 2235]
[3115 2815 2925 3035 2935 3030 2760 2985] [3545 3445 3350 3395 3350 3090 2550 2350]
[3045 3035 2975 2960 2955 2835 2775 3205] [3615 3400 3235 3375 3210 2980 2680 2095]
COM3 1 12
4
[2950 2625 2630 2770 2795 2870 2925 2965] [3285 3220 3100 3240 3160 2880 2420 2200]
[3080 2875 2660 2750 2900 2860 2895 2855] [3215 3285 3155 3180 2905 2765 2345 2120]
[2785 2935 2960 2785 2795 2825 2935 2935] [3395 3095 3335 3200 3225 2760 2350 2000]
[2905 3000 2910 2715 2850 2790 2910 2985] [3085 3600 3435 3400 3145 2740 2325 2060]
[2890 2875 2895 2945 3040 2910 3065 3040] [3300 3180 3265 3130 3195 2865 2325 2020]
[3080 3015 3040 2885 2725 3025 3000 2760] [3300 3085 3110 3160 3290 2800 2470 2110]
[3115 2815 2925 3035 2935 3030 2760 2985] [3375 3325 3210 3110 3055 2940 2365 2230]
[3045 3035 2975 2960 2955 2835 2775 3205] [3145 3435 3365 3485 3060 2565 2260 2060]
COM7 0 13
4
[2935 2785 2785 3000 3105 2780 3025 2845] [3285 3220 3100 3240 3160 2880 2420 2200]
[2870 2960 2895 3095 2810 2900 2895 3030] [3215 3285 3155 3180 2905 2765 2345 2120]
[2875 2835 3045 2875 2835 2860 3025 2970] [3395 3095 3335 3200 3225 2760 2350 2000]
[2830 2925 3135 2820 3125 3120 3035 2800] [3085 3600 3435 3400 3145 2740 2325 2060]
[3210 2955 2875 3135 3135 2970 3090 3075] [3300 3180 3265 3130 3195 2865 2325 2020]
[3125 3000 3125 3020 2925 3015 3090 2795] [3300 3085 3110 3160 3290 2800 2470 2110]
[3135 3085 2960 3030 2835 2935 2640 2715] [3375 3325 3210 3110 3055 2940 2365 2230]
[3105 3040 3005 3085 3085 3010 2955 2460] [3145 3435 3365 3485 3060 2565 2260 2060]
COM3 1 14
4
[2935 2785 2785 3000 3105 2780 3025 2845] [3280 3200 3230 3260 2985 2510 2630 2265]
[2870 2960 2895 3095 2810 2900 2895 3030] [3295 3200 3280 3205 2930 2825 2395 2005]
[2875 2835 3045 2875 2835 2860 3025 2970] [3250 3340 3350 3095 3135 2650 2405 2025]
[2830 2925 3135 2820 3125 3120 3035 2800] [3455 3470 3090 3375 3070 2750 2335 2010]
[3210 2955 2875 3135 3135 2970 3090 3075] [3365 3470 3605 3125 3155 2830 2465 2185]
[3125 3000 3125 3020 2925 3015 3090 2795] [3270 3110 3385 3260 3185 2790 2485 2375]
[3135 3085 2960 3030 2835 2935 2640 2715] [3300 3315 3315 3415 3280 2775 2385 2235]
[3105 3040 3005 3085 3085 3010 2955 2460] [3520 3430 3285 3360 3095 2865 2460 2115]
COM7 0 15
4
[2870 3075 2875 2940 3000 2755 2665 1955] [3280 3200 3230 3260 2985 2510 2630 2265]
[2955 3095 2945 3000 2875 2890 2705 2075] [3295 3200 3280 3205 2930 2825 2395 2005]
[2790 3005 3010 2865 2935 3015 2750 2480] [3250 3340 3350 3095 3135 2650 2405 2025]
[2770 3155 2930 3035 3030 3045 2905 2620] [3455 3470 3090 3375 3070 2750 2335 2010]
[3070 2905 3110 2965 3130 2945 3125 3070] [3365 3470 3605 3125 3155 2830 2465 2185]
[3235 3165 2840 3010 3055 2940 2985 2785] [3270 3110 3385 3260 3185 2790 2485 2375]
[3040 3220 3000 2960 2835 2935 3070 2795] [3300 3315 3315 3415 3280 2775 2385 2235]
[3240 3340 3095 3100 2940 3090 2920 2525] [3520 3430 3285 3360 3095 2865 2460 2115]
COM3 1 16
4
[2870 3075 2875 2940 3000 2755 2665 1955] [3265 3220 3220 3275 3265 2880 2380 2180]
[2955 3095 2945 3000 2875 2890 2705 2075] [3255 3280 3285 3105 3080 2835 2490 1970]
[2790 3005 3010 2865 2935 3015 2750 2480] [3550 3300 3315 3235 3110 2680 2335 1980]
[2770 3155 2930 3035 3030 3045 2905 2620] [3335 3240 3370 3085 2995 2505 2295 1880]
[3070 2905 3110 2965 3130 2945 3125 3070] [3405 3300 3200 2885 2945 2195 2310 2055]
[3235 3165 2840 3010 3055 2940 2985 2785] [3065 3205 3090 2870 2505 2210 2045 2100]
[3040 3220 3000 2960 2835 2935 3070 2795] [3575 3450 3510 3100 2800 2390 2195 2070]
[3240 3340 3095 3100 2940 3090 2920 2525] [3620 3355 3350 3350 2905 2440 2010 1980]
COM7 0 17
4
[2905 3000 2905 2945 2865 2575 2380 1960] [3265 3220 3220 3275 3265 2880 2380 2180]
[3045 3040 3085 3115 2805 2710 2295 2025] [3255 3280 3285 3105 3080 2835 2490 1970]
[2950 2820 3135 2890 2860 2670 2560 1880] [3550 3300 3315 3235 3110 2680 2335 1980]
[3005 3050 3120 2870 3015 2795 2245 1885] [3335 3240 3370 3085 2995 2505 2295 1880]
[2995 2935 3170 2990 2945 2685 2500 1880] [3405 3300 3200 2885 2945 2195 2310 2055]
[2875 2945 3055 3105 2945 2870 2530 1955] [3065 3205 3090 2870 2505 2210 2045 2100]
[3035 3055 2800 3010 2900 2770 2435 2095] [3575 3450 3510 3100 2800 2390 2195 2070]
[3250 3180 3090 3105 3060 2915 2620 1960] [3620 3355 3350 3350 2905 2440 2010 1980]
COM3 1 18
4
[2905 3000 2905 2945 2865 2575 2380 1960] [3250 3155 3275 3100 2930 2525 2345 2305]
[3045 3040 3085 3115 2805 2710 2295 2025] [3410 3300 3360 3150 3095 2700 2255 2020]
[2950 2820 3135 2890 2860 2670 2560 1880] [3380 3095 3125 3120 3105 2550 2200 1835]
[3005 3050 3120 2870 3015 2795 2245 1885] [3290 3205 3200 3215 3065 2540 2350 1870]
[2995 2935 3170 2990 2945 2685 2500 1880] [3275 3300 3155 3110 3115 2605 2060 1920]
[2875 2945 3055 3105 2945 2870 2530 1955] [2850 3170 3105 2975 2995 2700 2165 2025]
[3035 3055 2800 3010 2900 2770 2435 2095] [3045 3185 3045 2840 2965 2575 2195 2130]
[3250 3180 3090 3105 3060 2915 2620 1960] [3315 3085 2765 2640 2605 2395 2250 2100]
COM7 0 19
4
[2925 2825 2965 2875 2575 2170 2135 1630] [3250 3155 3275 3100 2930 2525 2345 2305]
[2890 2910 2715 2735 2515 2445 1900 1575] [3410 3300 3360 3150 3095 2700 2255 2020]
[2735 2820 2880 2715 2460 2335 2135 1695] [3380 3095 3125 3120 3105 2550 2200 1835]
[2980 2885 2740 2585 2470 2285 2075 1690] [3290 3205 3200 3215 3065 2540 2350 1870]
[2895 2940 2785 2515 2520 2255 1975 1850] [3275 3300 3155 3110 3115 2605 2060 1920]
[2945 2965 2875 2695 2415 2245 1980 1700] [2850 3170 3105 2975 2995 2700 2165 2025]
[2995 2920 2910 2885 2380 2280 1550 1675] [3045 3185 3045 2840 2965 2575 2195 2130]
[3085 2965 3000 2995 2795 2395 2045 1810] [3315 3085 2765 2640 2605 2395 2250 2100]
COM3 1 20
4
[2925 2825 2965 2875 2575 2170 2135 1630] [3875 4000 3720 3825 3510 3300 2640 2545]
[2890 2910 2715 2735 2515 2445 1900 1575] [3620 3750 3950 3700 3470 3130 2695 2435]
[2735 2820 2880 2715 2460 2335 2135 1695] [3760 4030 3895 3615 3710 3075 2665 2290]
[2980 2885 2740 2585 2470 2285 2075 1690] [3925 4030 3880 3695 3550 2905 2695 2350]
[2895 2940 2785 2515 2520 2255 1975 1850] [4300 4000 3890 3450 3670 3025 2655 2445]
[2945 2965 2875 2695 2415 2245 1980 1700] [3680 4070 3810 3810 3600 3230 2575 2570]
[2995 2920 2910 2885 2380 2280 1550 1675] [3595 4160 3940 3965 3680 2890 2730 2360]
[3085 2965 3000 2995 2795 2395 2045 1810] [3620 3420 3840 4170 3660 2905 2885 2545]
COM7 0 21
4
[2910 2840 2590 2795 2510 1955 1720 1575] [3875 4000 3720 3825 3510 3300 2640 2545]
[3035 2950 2570 2690 2410 2180 1830 1580] [3620 3750 3950 3700 3470 3130 2695 2435]
[2720 2675 2710 2410 2385 2310 1895 1620] [3760 4030 3895 3615 3710 3075 2665 2290]
[2765 2865 2745 2355 2385 2165 1845 1600] [3925 4030 3880 3695 3550 2905 2695 2350]
[3100 2915 2860 2520 2275 1925 1955 1735] [4300 4000 3890 3450 3670 3025 2655 2445]
[2875 2995 3055 2665 2290 2290 1975 1685] [3680 4070 3810 3810 3600 3230 2575 2570]
[3135 2960 3010 2775 2385 2210 1920 1735] [3595 4160 3940 3965 3680 2890 2730 2360]
[3255 3040 2940 2915 2710 2445 1930 1690] [3620 3420 3840 4170 3660 2905 2885 2545]
COM3 1 22
4
[2910 2840 2590 2795 2510 1955 1720 1575] [3200 3235 3240 2950 2670 2210 2035 2170]
[3035 2950 2570 2690 2410 2180 1830 1580] [3230 2925 3290 3190 2615 2365 2085 1830]
[2720 2675 2710 2410 2385 2310 1895 1620] [3355 3490 3125 3065 2760 2320 2155 1940]
[2765 2865 2745 2355 2385 2165 1845 1600] [3350 3370 3200 3150 2870 2220 2045 1920]
[3100 2915 2860 2520 2275 1925 1955 1735] [3275 3620 3505 3200 3065 2405 2240 1970]
[2875 2995 3055 2665 2290 2290 1975 1685] [3265 3310 3390 3445 2960 2425 2145 1920]
[3135 2960 3010 2775 2385 2210 1920 1735] [3220 3040 3500 3410 2800 2445 2345 2180]
[3255 3040 2940 2915 2710 2445 1930 1690] [2925 3005 3275 3410 3060 2560 2235 2245]
COM7 0 23
4
[2800 2840 2555 2350 1995 1700 1730 1795] [3200 3235 3240 2950 2670 2210 2035 2170]
[3020 2875 2805 2470 2080 1760 1715 1895] [3230 2925 3290 3190 2615 2365 2085 1830]
[2825 3010 2795 2480 2005 1770 1700 1645] [3355 3490 3125 3065 2760 2320 2155 1940]
[2810 2995 2975 2730 2335 1975 1790 1695] [3350 3370 3200 3150 2870 2220 2045 1920]
[3170 3075 3065 2760 2570 1975 2025 1780] [3275 3620 3505 3200 3065 2405 2240 1970]
[2950 3005 3105 2970 2595 2125 1865 1670] [3265 3310 3390 3445 2960 2425 2145 1920]
[3035 3085 3065 2880 2850 2275 1805 1880] [3220 3040 3500 3410 2800 2445 2345 2180]
[2815 3175 3045 3100 2760 2265 2135 1725] [2925 3005 3275 3410 3060 2560 2235 2245]
COM3 1 24
4
[2800 2840 2555 2350 1995 1700 1730 1795] [3140 3225 3110 2885 2670 2155 2015 2115]
[3020 2875 2805 2470 2080 1760 1715 1895] [3205 3190 3165 2795 2415 2170 1935 1955]
[2825 3010 2795 2480 2005 1770 1700 1645] [3295 3305 3340 2910 2555 2055 1935 1850]
[2810 2995 2975 2730 2335 1975 1790 1695] [3215 3090 3415 3035 2810 2170 2080 1870]
[3170 3075 3065 2760 2570 1975 2025 1780] [3385 3245 3350 2995 2925 2380 2040 1970]
[2950 3005 3105 2970 2595 2125 1865 1670] [3000 3315 3370 3090 2520 2395 2105 2080]
[3035 3085 3065 2880 2850 2275 1805 1880] [2890 3055 3300 3035 2825 2305 2095 1865]
[2815 3175 3045 3100 2760 2265 2135 1725] [2780 2645 2825 3235 2650 2110 1885 1920]
COM7 0 25
4
[2965 2540 2315 2050 1835 1675 1810 1775] [3140 3225 3110 2885 2670 2155 2015 2115]
[2925 2740 2110 1955 1820 1720 1685 1855] [3205 3190 3165 2795 2415 2170 1935 1955]
[2930 2710 2315 1990 1675 1700 1770 1755] [3295 3305 3340 2910 2555 2055 1935 1850]
[3010 3010 2815 2210 2105 1820 1735 1730] [3215 3090 3415 3035 2810 2170 2080 1870]
[2895 2995 2945 2505 2220 2050 1785 1880] [3385 3245 3350 2995 2925 2380 2040 1970]
[3045 2900 3035 2880 2260 1935 1980 1710] [3000 3315 3370 3090 2520 2395 2105 2080]
[3030 3070 3020 2950 2515 2165 1800 1755] [2890 3055 3300 3035 2825 2305 2095 1865]
[3040 2975 3050 2660 2460 2210 2075 1995] [2780 2645 2825 3235 2650 2110 1885 1920]
COM3 1 26
4
[2965 2540 2315 2050 1835 1675 1810 1775] [3250 3425 3090 2845 2510 2305 1960 2050]
[2925 2740 2110 1955 1820 1720 1685 1855] [3000 3085 3015 2595 2480 2155 1890 1950]
[2930 2710 2315 1990 1675 1700 1770 1755] [3255 3240 3125 2700 2470 2265 1790 1835]
[3010 3010 2815 2210 2105 1820 1735 1730] [3100 3135 3360 2885 2370 1935 1980 2010]
[2895 2995 2945 2505 2220 2050 1785 1880] [3135 3165 3145 2830 2355 2110 1755 1915]
[3045 2900 3035 2880 2260 1935 1980 1710] [3210 3135 3070 2875 2440 1965 1975 1860]
[3030 3070 3020 2950 2515 2165 1800 1755] [3160 3035 2670 2845 2235 2100 1950 2040]
[3040 2975 3050 2660 2460 2210 2075 1995] [2925 2665 2685 2375 2280 1940 1835 1775]
COM7 0 27
4
[2635 2360 2005 1605 1645 1690 1690 1935] [3250 3425 3090 2845 2510 2305 1960 2050]
[2770 2560 2050 1885 1725 1705 1700 1755] [3000 3085 3015 2595 2480 2155 1890 1950]
[3010 2850 2405 2090 1685 1635 1680 1775] [3255 3240 3125 2700 2470 2265 1790 1835]
[3055 2995 2695 2315 1955 1525 1630 1690] [3100 3135 3360 2885 2370 1935 1980 2010]
[3075 2985 2790 2420 2080 1680 1645 1755] [3135 3165 3145 2830 2355 2110 1755 1915]
[3095 3175 3060 2565 2205 1880 1800 1860] [3210 3135 3070 2875 2440 1965 1975 1860]
[3025 2950 2965 2515 2180 1755 1620 1855] [3160 3035 2670 2845 2235 2100 1950 2040]
[3210 3040 3050 2510 2060 1765 2035 2135] [2925 2665 2685 2375 2280 1940 1835 1775]
COM3 1 28
4
[2635 2360 2005 1605 1645 1690 1690 1935] [2965 3235 3215 2735 2540 2045 1985 2335]
[2770 2560 2050 1885 1725 1705 1700 1755] [3025 2920 3160 2530 2335 2075 1985 2300]
[3010 2850 2405 2090 1685 1635 1680 1775] [3040 3215 3050 2410 2380 1930 1995 2220]
[3055 2995 2695 2315 1955 1525 1630 1690] [3190 2945 2840 2545 2245 1835 1965 2235]
[3075 2985 2790 2420 2080 1680 1645 1755] [3175 3125 2900 2255 2135 2070 1995 2425]
[3095 3175 3060 2565 2205 1880 1800 1860] [3015 2915 2975 2515 2205 2035 2175 2315]
[3025 2950 2965 2515 2180 1755 1620 1855] [3045 3240 2825 2690 2270 2100 2040 2345]
[3210 3040 3050 2510 2060 1765 2035 2135] [3140 3285 2990 2735 2275 2060 1990 2255]
COM7 0 29
4
[2930 2705 2550 2105 1545 1405 1585 1695] [2965 3235 3215 2735 2540 2045 1985 2335]
[2950 2995 2480 2030 1710 1460 1520 2050] [3025 2920 3160 2530 2335 2075 1985 2300]
[2625 2900 2435 2165 1685 1545 1670 2115] [3040 3215 3050 2410 2380 1930 1995 2220]
[3070 2805 2565 2100 1980 1620 1575 1955] [3190 2945 2840 2545 2245 1835 1965 2235]
[2935 2990 2560 2195 2035 1660 1835 1915] [3175 3125 2900 2255 2135 2070 1995 2425]
[2935 2820 2615 2315 1965 1670 1750 1590] [3015 2915 2975 2515 2205 2035 2175 2315]
[2980 3110 2630 2310 1900 1650 1595 1785] [3045 3240 2825 2690 2270 2100 2040 2345]
[3040 2955 2630 2140 1840 1685 1855 1870] [3140 3285 2990 2735 2275 2060 1990 2255]
COM3 1 30
4
[2930 2705 2550 2105 1545 1405 1585 1695] [3380 3360 2695 2415 2115 1940 2160 2525]
[2950 2995 2480 2030 1710 1460 1520 2050] [3215 3040 2745 2190 2010 2085 2265 2540]
[2625 2900 2435 2165 1685 1545 1670 2115] [3265 3145 2710 2345 2040 2020 2320 2555]
[3070 2805 2565 2100 1980 1620 1575 1955] [3195 3345 2860 2285 1840 2015 2320 2510]
[2935 2990 2560 2195 2035 1660 1835 1915] [3165 3090 2830 2285 2135 1960 2125 2410]
[2935 2820 2615 2315 1965 1670 1750 1590] [3115 3215 2925 2495 2060 1890 2135 2435]
[2980 3110 2630 2310 1900 1650 1595 1785] [3280 3155 3040 2640 2000 2115 2125 2470]
[3040 2955 2630 2140 1840 1685 1855 1870] [3320 3325 2970 2340 1860 1840 2210 2535]
COM7 0 31
4
[2670 2450 2050 1655 1650 1680 2115 2410] [3380 3360 2695 2415 2115 1940 2160 2525]
[2995 2655 2145 1990 1680 1695 2085 2450] [3215 3040 2745 2190 2010 2085 2265 2540]
[2965 2675 2280 1830 1655 1595 1935 2310] [3265 3145 2710 2345 2040 2020 2320 2555]
[2935 2840 2390 1885 1615 1775 1770 2120] [3195 3345 2860 2285 1840 2015 2320 2510]
[3010 2870 2570 1950 1835 1545 1900 2135] [3165 3090 2830 2285 2135 1960 2125 2410]
[2975 2725 2560 2150 1770 1705 1755 2260] [3115 3215 2925 2495 2060 1890 2135 2435]
[2945 2895 2355 2115 1590 1745 1645 2225] [3280 3155 3040 2640 2000 2115 2125 2470]
[3235 2790 2435 1990 1665 1780 2175 2330] [3320 3325 2970 2340 1860 1840 2210 2535]
COM3 1 32
4
[2670 2450 2050 1655 1650 1680 2115 2410] [3960 3765 3275 2555 2585 2530 2585 2960]
[2995 2655 2145 1990 1680 1695 2085 2450] [3845 3655 3075 2550 2080 2410 2580 2935]
[2965 2675 2280 1830 1655 1595 1935 2310] [4010 3905 3410 2835 2420 2205 2545 2850]
[2935 2840 2390 1885 1615 1775 1770 2120] [4070 4130 3465 2890 2345 2345 2550 2565]
[3010 2870 2570 1950 1835 1545 1900 2135] [4100 3945 3470 2860 2525 2130 2520 2835]
[2975 2725 2560 2150 1770 1705 1755 2260] [4000 4025 3655 3055 2205 2360 2345 2615]
[2945 2895 2355 2115 1590 1745 1645 2225] [3915 4120 3705 3045 2280 2170 2315 2925]
[3235 2790 2435 1990 1665 1780 2175 2330] [4265 3905 3640 3175 2200 2035 2515 2535]
COM7 0 33
4
[2980 2345 1915 1685 1630 1470 1740 1985] [3960 3765 3275 2555 2585 2530 2585 2960]
[2970 2660 1845 1735 1620 1470 1640 1960] [3845 3655 3075 2550 2080 2410 2580 2935]
[2785 2725 2125 1790 1525 1540 1570 1965] [4010 3905 3410 2835 2420 2205 2545 2850]
[2975 2730 2430 1800 1645 1585 1645 1845] [4070 4130 3465 2890 2345 2345 2550 2565]
[2910 2935 2415 1900 1640 1540 1610 2070] [4100 3945 3470 2860 2525 2130 2520 2835]
[2735 2680 2550 1950 1605 1645 1675 2035] [4000 4025 3655 3055 2205 2360 2345 2615]
[3025 2740 2380 1970 1530 1590 1750 2220] [3915 4120 3705 3045 2280 2170 2315 2925]
[3010 2730 2275 1860 1475 1675 2030 2225] [4265 3905 3640 3175 2200 2035 2515 2535]
COM3 1 34
4
[2980 2345 1915 1685 1630 1470 1740 1985] [2965 2690 2375 2125 2125 2260 2515 2935]
[2970 2660 1845 1735 1620 1470 1640 1960] [3170 2625 2525 2020 1945 2220 2610 2800]
[2785 2725 2125 1790 1525 1540 1570 1965] [3295 2865 2395 2115 2155 2195 2385 2770]
[2975 2730 2430 1800 1645 1585 1645 1845] [3300 2915 2560 2135 1900 2045 2310 2665]
[2910 2935 2415 1900 1640 1540 1610 2070] [3295 3055 2560 2160 1970 2055 2270 2555]
[2735 2680 2550 1950 1605 1645 1675 2035] [3345 3130 2450 2265 1935 2045 2235 2440]
[3025 2740 2380 1970 1530 1590 1750 2220] [3285 3375 2925 2190 1860 2020 2290 2650]
[3010 2730 2275 1860 1475 1675 2030 2225] [3090 3135 2760 2405 1935 1765 2255 2610]
COM7 0 35
4
[2470 2095 1865 1490 1570 1635 2065 2515] [2965 2690 2375 2125 2125 2260 2515 2935]
[2670 2275 1770 1635 1650 1695 1970 2550] [3170 2625 2525 2020 1945 2220 2610 2800]
[2840 2385 2025 1700 1535 1505 1910 2340] [3295 2865 2395 2115 2155 2195 2385 2770]
[2775 2630 2230 1705 1670 1585 1820 2125] [3300 2915 2560 2135 1900 2045 2310 2665]
[2820 2695 2385 1765 1715 1580 2035 2345] [3295 3055 2560 2160 1970 2055 2270 2555]
[2855 2670 2430 2095 1765 1665 1705 2145] [3345 3130 2450 2265 1935 2045 2235 2440]
[2930 2815 2280 1985 1725 1610 1620 2370] [3285 3375 2925 2190 1860 2020 2290 2650]
[3005 2750 2210 1775 1805 1710 2070 2170] [3090 3135 2760 2405 1935 1765 2255 2610]
COM3 1 36
4
[2470 2095 1865 1490 1570 1635 2065 2515] [3195 2655 2425 2255 2205 2140 2350 2730]
[2670 2275 1770 1635 1650 1695 1970 2550] [3040 2525 2265 2145 2035 2170 2420 2980]
[2840 2385 2025 1700 1535 1505 1910 2340] [2970 2835 2350 2000 2170 2095 2490 2585]
[2775 2630 2230 1705 1670 1585 1820 2125] [3305 2855 2565 2000 1880 2100 2340 2645]
[2820 2695 2385 1765 1715 1580 2035 2345] [3275 2835 2545 1915 1980 1915 2395 2445]
[2855 2670 2430 2095 1765 1665 1705 2145] [3180 2900 2320 2225 2035 2040 2310 2520]
[2930 2815 2280 1985 1725 1610 1620 2370] [3270 2995 2430 2025 2055 2075 2140 2575]
[3005 2750 2210 1775 1805 1710 2070 2170] [3220 2820 2510 2420 1985 1935 2050 2715]
COM7 0 37
4
[2450 1800 1560 1585 1695 1765 2240 2505] [3195 2655 2425 2255 2205 2140 2350 2730]
[2380 2130 1700 1600 1675 1760 2005 2415] [3040 2525 2265 2145 2035 2170 2420 2980]
[2735 2235 1775 1665 1560 1605 1900 2335] [2970 2835 2350 2000 2170 2095 2490 2585]
[2725 2420 2140 1730 1715 1605 1860 2120] [3305 2855 2565 2000 1880 2100 2340 2645]
[2795 2785 2250 1940 1640 1595 1945 2000] [3275 2835 2545 1915 1980 1915 2395 2445]
[2880 2775 2390 2170 1625 1665 1920 2180] [3180 2900 2320 2225 2035 2040 2310 2520]
[2890 2555 2575 2040 1710 1795 1990 2310] [3270 2995 2430 2025 2055 2075 2140 2575]
[3000 2705 2265 1730 1860 2070 2225 2540] [3220 2820 2510 2420 1985 1935 2050 2715]
COM3 1 38
4
[2450 1800 1560 1585 1695 1765 2240 2505] [2960 2465 2220 2070 1925 1980 2410 2605]
[2380 2130 1700 1600 1675 1760 2005 2415] [2825 2540 1920 1810 1735 1955 2150 2670]
[2735 2235 1775 1665 1560 1605 1900 2335] [2875 2320 2005 1785 1985 2020 2370 2665]
[2725 2420 2140 1730 1715 1605 1860 2120] [3000 2445 2235 1850 1750 1955 2050 2630]
[2795 2785 2250 1940 1640 1595 1945 2000] [2895 2775 2210 1780 1660 1800 2135 2685]
[2880 2775 2390 2170 1625 1665 1920 2180] [3100 2615 2190 2035 1790 1885 2115 2610]
[2890 2555 2575 2040 1710 1795 1990 2310] [2945 3050 2385 2195 1750 1795 2180 2445]
[3000 2705 2265 1730 1860 2070 2225 2540] [2765 2900 2480 2235 1945 1770 2285 2540]
COM7 0 39
4
[1930 1635 1560 1730 2040 2195 2335 2555] [2960 2465 2220 2070 1925 1980 2410 2605]
[2100 1690 1505 1845 1805 1895 2210 2515] [2825 2540 1920 1810 1735 1955 2150 2670]
[2005 1755 1835 1575 1675 1730 1955 2510] [2875 2320 2005 1785 1985 2020 2370 2665]
[2325 2245 1860 1675 1775 1800 1955 2275] [3000 2445 2235 1850 1750 1955 2050 2630]
[2740 2265 1905 1625 1820 1715 2145 2375] [2895 2775 2210 1780 1660 1800 2135 2685]
[2805 2340 2190 1910 1690 1695 1880 2380] [3100 2615 2190 2035 1790 1885 2115 2610]
[2640 2500 2140 1780 1775 1755 1720 2245] [2945 3050 2385 2195 1750 1795 2180 2445]
[2670 2305 1860 1875 1880 1905 2105 2025] [2765 2900 2480 2235 1945 1770 2285 2540]
COM3 1 40
4
[1930 1635 1560 1730 2040 2195 2335 2555] [3085 2620 2305 2175 2465 2200 2380 2690]
[2100 1690 1505 1845 1805 1895 2210 2515] [3015 2460 2175 2010 1900 2180 2620 2680]
[2005 1755 1835 1575 1675 1730 1955 2510] [2815 2500 2295 2010 2070 2035 2525 2680]
[2325 2245 1860 1675 1775 1800 1955 2275] [3100 2710 2335 1895 2030 2075 2230 2695]
[2740 2265 1905 1625 1820 1715 2145 2375] [3090 2840 2455 2080 1935 1965 2210 2655]
[2805 2340 2190 1910 1690 1695 1880 2380] [3100 2915 2460 2250 2005 2025 2300 2595]
[2640 2500 2140 1780 1775 1755 1720 2245] [3260 3005 2605 2325 2115 2025 2110 2940]
[2670 2305 1860 1875 1880 1905 2105 2025] [3355 3135 2520 2355 1955 2010 2300 2665]
COM7 0 41
4
[1990 1575 1545 1565 1625 1845 2485 2885] [3085 2620 2305 2175 2465 2200 2380 2690]
[2135 1835 1565 1655 1625 2070 2280 2770] [3015 2460 2175 2010 1900 2180 2620 2680]
[2100 1845 1785 1495 1570 1755 2385 2595] [2815 2500 2295 2010 2070 2035 2525 2680]
[2325 1785 1860 1635 1710 1845 2240 2505] [3100 2710 2335 1895 2030 2075 2230 2695]
[2825 1915 1775 1630 1665 1665 2250 2655] [3090 2840 2455 2080 1935 1965 2210 2655]
[2530 2015 1865 1805 1570 1805 2180 2510] [3100 2915 2460 2250 2005 2025 2300 2595]
[2525 2095 1775 1790 1660 1945 2180 2535] [3260 3005 2605 2325 2115 2025 2110 2940]
[2545 2175 1920 1775 1805 2035 2160 2335] [3355 3135 2520 2355 1955 2010 2300 2665]
COM3 1 42
4
[1990 1575 1545 1565 1625 1845 2485 2885] [2735 2410 1955 1910 2175 2130 2600 2935]
[2135 1835 1565 1655 1625 2070 2280 2770] [2575 2315 2030 1950 1960 2210 2555 2805]
[2100 1845 1785 1495 1570 1755 2385 2595] [2805 2455 2180 1975 1965 2060 2450 2715]
[2325 1785 1860 1635 1710 1845 2240 2505] [3010 2550 2245 1980 1915 1960 2235 2690]
[2825 1915 1775 1630 1665 1665 2250 2655] [3090 2750 2345 1970 1905 2020 2375 2570]
[2530 2015 1865 1805 1570 1805 2180 2510] [3070 2935 2365 2390 1965 2100 2205 2590]
[2525 2095 1775 1790 1660 1945 2180 2535] [3135 3200 2680 2110 1935 2150 2260 2715]
[2545 2175 1920 1775 1805 2035 2160 2335] [3385 2890 2470 2250 1980 2025 2535 2740]
COM7 0 43
4
[1875 1610 1545 1580 1800 2135 2580 2905] [2735 2410 1955 1910 2175 2130 2600 2935]
[1985 1815 1625 1675 1825 2045 2590 2835] [2575 2315 2030 1950 1960 2210 2555 2805]
[1925 1715 1715 1680 1595 1875 2505 2775] [2805 2455 2180 1975 1965 2060 2450 2715]
[2250 2015 1775 1620 1655 1985 2290 2820] [3010 2550 2245 1980 1915 1960 2235 2690]
[2315 2035 1795 1635 1695 1805 2270 3000] [3090 2750 2345 1970 1905 2020 2375 2570]
[2210 2260 2020 1770 1705 1865 2250 2925] [3070 2935 2365 2390 1965 2100 2205 2590]
[2240 2050 1905 1770 1740 1995 2235 2795] [3135 3200 2680 2110 1935 2150 2260 2715]
[2325 1960 1980 1700 1905 2300 2415 2955] [3385 2890 2470 2250 1980 2025 2535 2740]
COM3 1 44
4
[1875 1610 1545 1580 1800 2135 2580 2905] [2235 2040 2030 1995 2180 2370 2575 2990]
[1985 1815 1625 1675 1825 2045 2590 2835] [2500 2110 2035 1950 1935 2460 2620 3030]
[1925 1715 1715 1680 1595 1875 2505 2775] [2510 2300 2020 2005 2200 2125 2435 2755]
[2250 2015 1775 1620 1655 1985 2290 2820] [2760 2395 2240 2035 2005 1985 2270 2725]
[2315 2035 1795 1635 1695 1805 2270 3000] [2915 2650 2265 2070 2050 2050 2240 2715]
[2210 2260 2020 1770 1705 1865 2250 2925] [3010 2825 2245 2155 1965 2100 2325 2545]
[2240 2050 1905 1770 1740 1995 2235 2795] [3165 2990 2395 2175 2055 2115 2315 2825]
[2325 1960 1980 1700 1905 2300 2415 2955] [2915 2690 2315 2250 2170 2240 2590 2750]
COM7 0 45
4
[1825 1575 1595 1835 2060 2505 2920 2800] [2235 2040 2030 1995 2180 2370 2575 2990]
[1985 1735 1785 1870 2170 2440 2870 3000] [2500 2110 2035 1950 1935 2460 2620 3030]
[1725 1690 1655 1845 2085 2505 2895 3065] [2510 2300 2020 2005 2200 2125 2435 2755]
[2030 1770 1845 1880 2135 2395 2730 2815] [2760 2395 2240 2035 2005 1985 2270 2725]
[2130 1855 1890 1935 2010 2365 2615 3040] [2915 2650 2265 2070 2050 2050 2240 2715]
[2020 2125 1900 1925 2145 2490 2715 3060] [3010 2825 2245 2155 1965 2100 2325 2545]
[1960 1980 1675 2025 2130 2470 3095 3030] [3165 2990 2395 2175 2055 2115 2315 2825]
[1955 1595 1500 2010 2170 2580 2920 2965] [2915 2690 2315 2250 2170 2240 2590 2750]
COM3 1 46
4
[1825 1575 1595 1835 2060 2505 2920 2800] [2140 2220 2075 1995 2250 2470 2795 3015]
[1985 1735 1785 1870 2170 2440 2870 3000] [2050 1995 2065 2005 2155 2590 2745 3000]
[1725 1690 1655 1845 2085 2505 2895 3065] [2235 1920 1915 1945 2210 2390 2780 2925]
[2030 1770 1845 1880 2135 2395 2730 2815] [2465 2140 2050 2055 2065 2230 2500 3150]
[2130 1855 1890 1935 2010 2365 2615 3040] [2515 2310 2145 1915 1935 2240 2415 2980]
[2020 2125 1900 1925 2145 2490 2715 3060] [2835 2440 2115 2060 1980 2155 2475 3150]
[1960 1980 1675 2025 2130 2470 3095 3030] [2920 2600 2310 2085 2025 2040 2660 3035]
[1955 1595 1500 2010 2170 2580 2920 2965] [3080 2795 2380 2105 2010 2165 2610 2875]
COM7 0 47
4
[1820 1760 2060 2390 2600 2800 3015 2935] [2140 2220 2075 1995 2250 2470 2795 3015]
[2050 2060 1980 2280 2540 2875 3030 2980] [2050 1995 2065 2005 2155 2590 2745 3000]
[1900 1885 1850 2070 2420 2645 3020 3005] [2235 1920 1915 1945 2210 2390 2780 2925]
[2195 2000 2005 2045 2380 2755 2850 2925] [2465 2140 2050 2055 2065 2230 2500 3150]
[2415 1905 1935 2025 2600 2830 3025 3105] [2515 2310 2145 1915 1935 2240 2415 2980]
[2280 1905 2020 2380 2565 2830 3110 3110] [2835 2440 2115 2060 1980 2155 2475 3150]
[2100 2115 1995 2400 2600 2985 3020 3040] [2920 2600 2310 2085 2025 2040 2660 3035]
[2125 1955 2110 2460 2530 2975 3015 2925] [3080 2795 2380 2105 2010 2165 2610 2875]
COM3 1 48
4
[1820 1760 2060 2390 2600 2800 3015 2935] [2275 2250 2065 2120 2275 2650 2925 3190]
[2050 2060 1980 2280 2540 2875 3030 2980] [2340 1925 2080 2020 2310 2735 2985 3160]
[1900 1885 1850 2070 2420 2645 3020 3005] [2065 1895 1975 2025 2230 2540 2885 3205]
[2195 2000 2005 2045 2380 2755 2850 2925] [2360 1770 1975 2105 2235 2440 2835 3030]
[2415 1905 1935 2025 2600 2830 3025 3105] [2315 2025 1955 1875 2275 2545 2770 3350]
[2280 1905 2020 2380 2565 2830 3110 3110] [2285 1985 1945 2025 2170 2465 2775 3240]
[2100 2115 1995 2400 2600 2985 3020 3040] [2455 2260 1955 1955 2055 2285 2905 3135]
[2125 1955 2110 2460 2530 2975 3015 2925] [2730 2260 2115 2115 1965 2340 2855 3085]
COM7 0 49
4
[1710 1725 2000 2405 2690 2900 3115 3100] [2275 2250 2065 2120 2275 2650 2925 3190]
[1880 1845 1935 2205 2520 2855 3050 2935] [2340 1925 2080 2020 2310 2735 2985 3160]
[1865 1740 1880 2285 2460 2795 2905 3155] [2065 1895 1975 2025 2230 2540 2885 3205]
[1860 1665 1915 1965 2440 2755 3015 2915] [2360 1770 1975 2105 2235 2440 2835 3030]
[2225 1785 1880 2135 2550 2700 3100 3070] [2315 2025 1955 1875 2275 2545 2770 3350]
[2050 1985 2125 2185 2590 2795 3175 3110] [2285 1985 1945 2025 2170 2465 2775 3240]
[1855 2075 1880 2320 2590 3020 2960 2970] [2455 2260 1955 1955 2055 2285 2905 3135]
[2280 2035 2385 2660 2870 3095 3245 3055] [2730 2260 2115 2115 1965 2340 2855 3085]
COM3 1 50
4
[1710 1725 2000 2405 2690 2900 3115 3100] [2305 1980 2180 2135 2705 2755 2975 3315]
[1880 1845 1935 2205 2520 2855 3050 2935] [2270 1975 2100 2135 2350 2675 3110 3085]
[1865 1740 1880 2285 2460 2795 2905 3155] [2180 2005 2035 2010 2480 2615 2885 3270]
[1860 1665 1915 1965 2440 2755 3015 2915] [2355 1905 1895 2035 2180 2525 2970 3085]
[2225 1785 1880 2135 2550 2700 3100 3070] [2415 2130 2035 1950 2310 2645 2950 3455]
[2050 1985 2125 2185 2590 2795 3175 3110] [2465 2030 1980 2140 2240 2695 3135 3005]
[1855 2075 1880 2320 2590 3020 2960 2970] [2155 2065 2035 2015 2135 2445 2950 3175]
[2280 2035 2385 2660 2870 3095 3245 3055] [2245 2200 1965 1920 2130 2530 2895 3325]
COM7 0 51
4
[1720 1765 2100 2515 2885 3000 3155 2745] [2305 1980 2180 2135 2705 2755 2975 3315]
[1725 1705 1955 2480 2880 2905 2980 2835] [2270 1975 2100 2135 2350 2675 3110 3085]
[1745 1650 1940 2325 2715 3040 2850 2940] [2180 2005 2035 2010 2480 2615 2885 3270]
[1805 1635 1855 2050 2630 2835 2990 2975] [2355 1905 1895 2035 2180 2525 2970 3085]
[1885 1735 1880 1985 2665 2860 3130 3275] [2415 2130 2035 1950 2310 2645 2950 3455]
[2035 1850 2060 2275 2575 2815 3075 3090] [2465 2030 1980 2140 2240 2695 3135 3005]
[1650 1855 1965 2280 2485 2890 3105 3160] [2155 2065 2035 2015 2135 2445 2950 3175]
[1960 1860 1970 2245 2590 3095 3180 3135] [2245 2200 1965 1920 2130 2530 2895 3325]
COM3 1 52
4
[1720 1765 2100 2515 2885 3000 3155 2745] [2005 1905 2040 2305 2695 2870 3060 3170]
[1725 1705 1955 2480 2880 2905 2980 2835] [2145 1945 1990 2240 2545 2905 3195 3045]
[1745 1650 1940 2325 2715 3040 2850 2940] [2180 1885 1945 2220 2585 2910 3120 3065]
[1805 1635 1855 2050 2630 2835 2990 2975] [2100 1850 1945 2175 2430 2995 3280 3130]
[1885 1735 1880 1985 2665 2860 3130 3275] [2075 1900 1805 2125 2490 3030 3000 3205]
[2035 1850 2060 2275 2575 2815 3075 3090] [2160 1735 1840 2060 2495 2785 3270 3300]
[1650 1855 1965 2280 2485 2890 3105 3160] [2195 2065 1905 2100 2350 2780 3310 3190]
[1960 1860 1970 2245 2590 3095 3180 3135] [2370 2170 2045 2075 2430 2950 3285 3175]
COM7 0 53
4
[1540 1360 1515 2050 2435 2805 2965 2970] [2005 1905 2040 2305 2695 2870 3060 3170]
[1705 1610 1590 2000 2245 2720 2940 3110] [2145 1945 1990 2240 2545 2905 3195 3045]
[1575 1600 1590 1820 2020 2645 2835 2940] [2180 1885 1945 2220 2585 2910 3120 3065]
[1725 1620 1705 1725 2145 2610 2865 3035] [2100 1850 1945 2175 2430 2995 3280 3130]
[1800 1570 1670 1820 2195 2510 3065 3170] [2075 1900 1805 2125 2490 3030 3000 3205]
[1685 1660 1780 2105 2200 2635 2970 3110] [2160 1735 1840 2060 2495 2785 3270 3300]
[1755 1720 1645 2075 2270 2735 2960 2975] [2195 2065 1905 2100 2350 2780 3310 3190]
[1950 1570 1590 2020 2205 2990 3270 3205] [2370 2170 2045 2075 2430 2950 3285 3175]
COM3 1 54
4
[1540 1360 1515 2050 2435 2805 2965 2970] [2105 2095 2440 2590 2895 3110 3080 3355]
[1705 1610 1590 2000 2245 2720 2940 3110] [1970 1955 2250 2480 2840 3255 3165 3275]
[1575 1600 1590 1820 2020 2645 2835 2940] [1905 1910 2135 2375 2860 3195 2905 3155]
[1725 1620 1705 1725 2145 2610 2865 3035] [1970 1975 2125 2140 2575 2960 3080 2995]
[1800 1570 1670 1820 2195 2510 3065 3170] [1890 1885 1965 2095 2420 2970 3275 3230]
[1685 1660 1780 2105 2200 2635 2970 3110] [1950 1945 2065 2170 2435 2735 3360 3135]
[1755 1720 1645 2075 2270 2735 2960 2975] [1800 2025 1965 2115 2575 2825 3190 3210]
[1950 1570 1590 2020 2205 2990 3270 3205] [2235 1985 2060 2295 2790 3220 3095 3125]
COM7 0 55
4
[1640 1475 1645 2045 2430 2780 3025 3080] [2105 2095 2440 2590 2895 3110 3080 3355]
[1780 1640 1590 2045 2295 2790 3050 2910] [1970 1955 2250 2480 2840 3255 3165 3275]
[1640 1645 1640 1885 2205 2765 2945 3005] [1905 1910 2135 2375 2860 3195 2905 3155]
[1900 1615 1815 1685 2160 2595 2855 2940] [1970 1975 2125 2140 2575 2960 3080 2995]
[2105 1630 1745 1855 2245 2585 3205 2940] [1890 1885 1965 2095 2420 2970 3275 3230]
[2000 1675 1840 1895 2205 2730 3040 2930] [1950 1945 2065 2170 2435 2735 3360 3135]
[1890 1750 1735 1930 2325 2690 2615 2515] [1800 2025 1965 2115 2575 2825 3190 3210]
[1855 1650 1735 1940 2275 2780 2590 2575] [2235 1985 2060 2295 2790 3220 3095 3125]
COM3 1 56
4
[1640 1475 1645 2045 2430 2780 3025 3080] [2140 2065 2320 2620 3235 3065 2990 2965]
[1780 1640 1590 2045 2295 2790 3050 2910] [2000 2070 2190 2625 3075 3165 3165 3000]
[1640 1645 1640 1885 2205 2765 2945 3005] [1925 2020 2245 2495 3085 3070 3170 3095]
[1900 1615 1815 1685 2160 2595 2855 2940] [1900 1945 2125 2530 2950 3035 3110 3220]
[2105 1630 1745 1855 2245 2585 3205 2940] [1820 1855 2140 2200 2570 3070 3305 3270]
[2000 1675 1840 1895 2205 2730 3040 2930] [1835 1980 1935 2325 2540 2905 3230 3420]
[1890 1750 1735 1930 2325 2690 2615 2515] [2050 1970 2005 2225 2480 2990 3310 3455]
[1855 1650 1735 1940 2275 2780 2590 2575] [2085 1985 2000 2355 2580 2965 3350 3305]
COM7 0 57
4
[1775 1615 1905 2175 2480 2795 2785 2940] [2140 2065 2320 2620 3235 3065 2990 2965]
[1970 1840 1875 2185 2520 2810 2955 3020] [2000 2070 2190 2625 3075 3165 3165 3000]
[1825 1820 1775 2050 2500 2800 2960 2980] [1925 2020 2245 2495 3085 3070 3170 3095]
[1915 1725 1925 2025 2395 2845 2910 2965] [1900 1945 2125 2530 2950 3035 3110 3220]
[2025 1760 1795 2025 2370 2685 3020 3115] [1820 1855 2140 2200 2570 3070 3305 3270]
[1920 1730 1835 1895 2240 2720 3060 3100] [1835 1980 1935 2325 2540 2905 3230 3420]
[2055 1730 1805 2055 2530 2760 2960 2895] [2050 1970 2005 2225 2480 2990 3310 3455]
[1975 1905 1915 2020 2455 2840 2915 2995] [2085 1985 2000 2355 2580 2965 3350 3305]
COM3 1 58
4
[1775 1615 1905 2175 2480 2795 2785 2940] [2135 2250 2350 2560 3290 3055 3280 3230]
[1970 1840 1875 2185 2520 2810 2955 3020] [2110 2075 2255 2470 2910 3195 3225 3070]
[1825 1820 1775 2050 2500 2800 2960 2980] [2100 2005 2165 2535 2975 3070 3040 3130]
[1915 1725 1925 2025 2395 2845 2910 2965] [2210 1690 2050 2405 2730 2955 3025 3075]
[2025 1760 1795 2025 2370 2685 3020 3115] [2105 2125 2110 2255 2655 3040 3145 3215]
[1920 1730 1835 1895 2240 2720 3060 3100] [1955 1945 2035 2260 2700 2955 3330 3185]
[2055 1730 1805 2055 2530 2760 2960 2895] [2065 2125 1945 2225 2515 3130 3305 3270]
[1975 1905 1915 2020 2455 2840 2915 2995] [2020 1990 2050 2355 2590 3125 3255 3205]
COM7 0 59
4
[1825 1765 1935 2330 2665 2695 2970 2950] [2135 2250 2350 2560 3290 3055 3280 3230]
[1850 1835 1815 2245 2610 2715 3000 2925] [2110 2075 2255 2470 2910 3195 3225 3070]
[1755 1870 1820 2110 2325 2795 3065 2845] [2100 2005 2165 2535 2975 3070 3040 3130]
[2200 1880 2015 2080 2470 2850 2975 3130] [2210 1690 2050 2405 2730 2955 3025 3075]
[2345 1920 2035 2125 2445 2895 3145 3125] [2105 2125 2110 2255 2655 3040 3145 3215]
[2290 2035 2100 2165 2490 2960 3085 2795] [1955 1945 2035 2260 2700 2955 3330 3185]
[1885 1955 1945 2370 2710 3085 3060 3080] [2065 2125 1945 2225 2515 3130 3305 3270]
[1995 1800 2040 2275 2565 3100 3335 3055] [2020 1990 2050 2355 2590 3125 3255 3205]
COM3 1 60
4
[1825 1765 1935 2330 2665 2695 2970 2950] [2115 2100 2230 2555 3290 3075 3265 3275]
[1850 1835 1815 2245 2610 2715 3000 2925] [2100 1995 2385 2560 2840 3105 3170 3070]
[1755 1870 1820 2110 2325 2795 3065 2845] [2115 2050 2180 2545 2960 3060 3175 2970]
[2200 1880 2015 2080 2470 2850 2975 3130] [2135 2035 2160 2445 2780 3195 3205 3270]
[2345 1920 2035 2125 2445 2895 3145 3125] [2205 2050 2320 2370 2675 2900 3365 3305]
[2290 2035 2100 2165 2490 2960 3085 2795] [2215 1980 2180 2400 2435 3125 3195 3420]
[1885 1955 1945 2370 2710 3085 3060 3080] [2225 2020 2285 2270 2695 3045 3150 3190]
[1995 1800 2040 2275 2565 3100 3335 3055] [2370 2195 2135 2510 2790 3170 3310 3275]
COM7 0 61
4
[1600 1690 1840 2285 2580 2865 3060 2895] [2115 2100 2230 2555 3290 3075 3265 3275]
[1665 1755 1930 2235 2470 2685 2920 3030] [2100 1995 2385 2560 2840 3105 3170 3070]
[1705 1655 1880 2005 2260 2590 3000 3145] [2115 2050 2180 2545 2960 3060 3175 2970]
[1835 1770 1875 2020 2380 2720 2935 2975] [2135 2035 2160 2445 2780 3195 3205 3270]
[1990 1715 1765 2080 2395 2730 3055 3030] [2205 2050 2320 2370 2675 2900 3365 3305]
[1830 1875 2025 2260 2415 2845 3170 3020] [2215 1980 2180 2400 2435 3125 3195 3420]
[1715 1815 1945 2205 2400 2870 2850 2890] [2225 2020 2285 2270 2695 3045 3150 3190]
[1895 1655 2015 2245 2600 2995 2950 2965] [2370 2195 2135 2510 2790 3170 3310 3275]
COM3 1 62
4
[1600 1690 1840 2285 2580 2865 3060 2895] [1985 2250 2385 2830 2930 3200 3345 3130]
[1665 1755 1930 2235 2470 2685 2920 3030] [1870 2105 2225 2555 3140 3280 3205 3035]
[1705 1655 1880 2005 2260 2590 3000 3145] [1935 1935 2115 2495 3025 2930 3275 3295]
[1835 1770 1875 2020 2380 2720 2935 2975] [2000 2055 2135 2410 2755 3285 3090 3075]
[1990 1715 1765 2080 2395 2730 3055 3030] [2055 2045 2085 2240 2605 3040 3205 3075]
[1830 1875 2025 2260 2415 2845 3170 3020] [1985 1860 2060 2325 2635 3025 3060 3240]
[1715 1815 1945 2205 2400 2870 2850 2890] [2020 2045 2145 2290 2770 3195 3330 3400]
[1895 1655 2015 2245 2600 2995 2950 2965] [2085 2225 2140 2175 2985 3075 3205 3355]
COM7 0 63
4
[1615 1390 1365 1470 1875 2390 2825 2990] [1985 2250 2385 2830 2930 3200 3345 3130]
[1720 1510 1375 1600 1855 2360 2710 2790] [1870 2105 2225 2555 3140 3280 3205 3035]
[1645 1455 1450 1550 1610 2200 2715 3030] [1935 1935 2115 2495 3025 2930 3275 3295]
[1965 1555 1595 1495 1740 2080 2525 2900] [2000 2055 2135 2410 2755 3285 3090 3075]
[2145 1590 1485 1445 1700 2030 2615 2775] [2055 2045 2085 2240 2605 3040 3205 3075]
[2210 1675 1665 1500 1625 1980 2620 2770] [1985 1860 2060 2325 2635 3025 3060 3240]
[1885 1770 1500 1545 1670 2105 2520 2720] [2020 2045 2145 2290 2770 3195 3330 3400]
[2080 1755 1710 1550 1855 2295 2505 2535] [2085 2225 2140 2175 2985 3075 3205 3355]
COM3 1 64
4
[1615 1390 1365 1470 1875 2390 2825 2990] [2030 2165 2430 2650 3120 3265 3115 3175]
[1720 1510 1375 1600 1855 2360 2710 2790] [1950 2135 2400 2640 2920 3220 3345 2920]
[1645 1455 1450 1550 1610 2200 2715 3030] [2055 1930 2310 2540 2990 3050 3085 3075]
[1965 1555 1595 1495 1740 2080 2525 2900] [1930 1690 2190 2440 2880 3160 3100 3175]
[2145 1590 1485 1445 1700 2030 2615 2775] [1945 1825 2170 2230 2620 3100 3265 3190]
[2210 1675 1665 1500 1625 1980 2620 2770] [1900 1850 2080 2430 2545 3035 3395 3315]
[1885 1770 1500 1545 1670 2105 2520 2720] [1905 1985 2215 2460 2565 3095 3335 3050]
[2080 1755 1710 1550 1855 2295 2505 2535] [2135 1900 2225 2640 2940 2970 3430 3210]
COM7 0 65
4
[1770 1440 1475 1385 1625 1915 2505 2920] [2030 2165 2430 2650 3120 3265 3115 3175]
[1860 1610 1460 1545 1485 1895 2475 2835] [1950 2135 2400 2640 2920 3220 3345 2920]
[1895 1580 1505 1475 1510 1705 2305 2655] [2055 1930 2310 2540 2990 3050 3085 3075]
[1915 1820 1605 1530 1505 1740 1950 2460] [1930 1690 2190 2440 2880 3160 3100 3175]
[2380 1715 1630 1495 1560 1550 2000 2640] [1945 1825 2170 2230 2620 3100 3265 3190]
[2280 1965 1800 1615 1455 1630 2045 2590] [1900 1850 2080 2430 2545 3035 3395 3315]
[2185 2050 1740 1735 1530 1705 1940 2530] [1905 1985 2215 2460 2565 3095 3335 3050]
[2210 2065 1815 1570 1665 1760 2105 2590] [2135 1900 2225 2640 2940 2970 3430 3210]