COM7 1 6
3
[2660 2395 2395 2360 2210 1925 1995 2340] [2815 3050 3090 3000 2980 2975 2830 3295]
[2765 2620 2175 2160 1925 1865 1790 2335] [2795 2960 3045 3000 3010 3130 3010 2725]
[2590 2485 2300 2250 2225 1855 2130 2515] [2990 3030 3135 2900 3105 3085 2980 3095]
[2665 2560 2405 2170 1985 2030 1915 2350] [3260 2990 3120 3145 3100 3130 3040 3020]
[2770 2555 2125 1705 1865 1770 1960 2185] [3145 3235 3120 2995 3010 3010 3175 3040]
[2680 2565 2415 2095 1890 1945 1855 1835] [2880 3090 3075 3120 2970 3105 3180 3165]
[2605 2490 1975 1710 1725 1630 1515 1695] [3000 3085 3135 3050 3015 3105 3045 3205]
[2735 2485 2195 1695 1630 1545 1665 1640] [3295 3300 3205 3265 3030 3090 3050 3210]
COM3 0 7
3
[2850 2575 2245 2150 1625 1650 1905 2195] [2815 3050 3090 3000 2980 2975 2830 3295]
[2840 2535 2410 2105 1885 1625 1855 2360] [2795 2960 3045 3000 3010 3130 3010 2725]
[2540 2525 2350 1825 1535 1510 1840 2245] [2990 3030 3135 2900 3105 3085 2980 3095]
[2730 2740 2345 2010 1775 1585 1800 2240] [3260 2990 3120 3145 3100 3130 3040 3020]
[2770 2720 2370 1765 1745 1570 1885 2010] [3145 3235 3120 2995 3010 3010 3175 3040]
[2640 2665 2510 2020 1625 1575 1735 1785] [2880 3090 3075 3120 2970 3105 3180 3165]
[2675 2585 2285 1805 1600 1600 1485 1610] [3000 3085 3135 3050 3015 3105 3045 3205]
[2725 2805 2270 1705 1680 1455 1610 1555] [3295 3300 3205 3265 3030 3090 3050 3210]
COM7 1 8
3
[2850 2575 2245 2150 1625 1650 1905 2195] [2735 3095 2955 3155 3030 3070 3025 3355]
[2840 2535 2410 2105 1885 1625 1855 2360] [3145 3175 2935 2860 3080 3065 2980 2875]
[2540 2525 2350 1825 1535 1510 1840 2245] [3070 2980 3070 3100 3080 3035 2945 2935]
[2730 2740 2345 2010 1775 1585 1800 2240] [2975 3050 3135 3085 3105 3040 3070 3100]
[2770 2720 2370 1765 1745 1570 1885 2010] [3065 3055 3140 3135 3060 3000 3170 3265]
[2640 2665 2510 2020 1625 1575 1735 1785] [2945 3145 3045 3140 3075 3195 3195 3230]
[2675 2585 2285 1805 1600 1600 1485 1610] [3255 3220 3195 3245 3155 3150 3265 3145]
[2725 2805 2270 1705 1680 1455 1610 1555] [3135 3340 3165 3275 3220 3225 3080 3120]
COM3 0 9
3
[2700 2540 2225 2235 1945 2015 2245 2585] [2735 3095 2955 3155 3030 3070 3025 3355]
[2785 2545 2115 1940 1920 1920 2200 2600] [3145 3175 2935 2860 3080 3065 2980 2875]
[2580 2385 2175 1910 1760 1840 2145 2535] [3070 2980 3070 3100 3080 3035 2945 2935]
[2705 2565 2270 1880 1765 1780 2205 2400] [2975 3050 3135 3085 3105 3040 3070 3100]
[2755 2585 2490 1845 1835 1740 2135 2485] [3065 3055 3140 3135 3060 3000 3170 3265]
[2715 2515 2495 2100 1645 1725 2025 2195] [2945 3145 3045 3140 3075 3195 3195 3230]
[2835 2505 2080 1940 1655 1555 1685 2000] [3255 3220 3195 3245 3155 3150 3265 3145]
[2810 2440 2075 1560 1700 1745 1900 1730] [3135 3340 3165 3275 3220 3225 3080 3120]
COM7 1 10
3
[2700 2540 2225 2235 1945 2015 2245 2585] [3065 3145 2950 3065 3005 3005 3055 2740]
[2785 2545 2115 1940 1920 1920 2200 2600] [3110 3025 2960 2980 2985 3025 2950 2870]
[2580 2385 2175 1910 1760 1840 2145 2535] [3090 3105 3075 2865 3005 3065 3010 3040]
[2705 2565 2270 1880 1765 1780 2205 2400] [3040 3005 3120 3100 3040 3095 3060 3010]
[2755 2585 2490 1845 1835 1740 2135 2485] [3050 2855 3145 2910 3015 2980 3015 3140]
[2715 2515 2495 2100 1645 1725 2025 2195] [3095 3125 3055 3100 2940 3255 3175 3230]
[2835 2505 2080 1940 1655 1555 1685 2000] [3265 3225 3075 3065 3075 2905 3175 3105]
[2810 2440 2075 1560 1700 1745 1900 1730] [3145 3280 3225 3135 3055 3070 3210 3090]
COM3 0 11
3
[2780 2240 2455 2235 2040 2015 2210 2645] [3065 3145 2950 3065 3005 3005 3055 2740]
[2815 2540 2220 2125 2135 2130 1855 2525] [3110 3025 2960 2980 2985 3025 2950 2870]
[2575 2485 2170 2035 1960 1745 2090 2515] [3090 3105 3075 2865 3005 3065 3010 3040]
[2710 2635 2360 2160 1985 1895 2180 2505] [3040 3005 3120 3100 3040 3095 3060 3010]
[2795 2495 2265 1990 1835 1920 2315 2525] [3050 2855 3145 2910 3015 2980 3015 3140]
[2730 2555 2280 2035 1800 1855 2085 2160] [3095 3125 3055 3100 2940 3255 3175 3230]
[2910 2515 2145 1920 1710 1580 1675 2095] [3265 3225 3075 3065 3075 2905 3175 3105]
[2780 2440 2225 1940 1815 1595 1660 1870] [3145 3280 3225 3135 3055 3070 3210 3090]
COM7 1 12
3
[2780 2240 2455 2235 2040 2015 2210 2645] [3085 3095 3220 3110 3125 3135 3120 3235]
[2815 2540 2220 2125 2135 2130 1855 2525] [3105 3130 3225 3110 3005 3190 3080 3075]
[2575 2485 2170 2035 1960 1745 2090 2515] [2985 3220 3340 3100 3230 3185 3060 3170]
[2710 2635 2360 2160 1985 1895 2180 2505] [3180 3395 3340 3110 3135 3030 3050 3105]
[2795 2495 2265 1990 1835 1920 2315 2525] [3270 3430 3355 3080 3210 3185 3220 3170]
[2730 2555 2280 2035 1800 1855 2085 2160] [3375 3165 3295 3210 3235 3275 3240 3190]
[2910 2515 2145 1920 1710 1580 1675 2095] [3250 3300 3210 3215 3180 3120 3115 3370]
[2780 2440 2225 1940 1815 1595 1660 1870] [3180 3420 3400 3395 3165 3345 3160 3425]
COM3 0 13
3
[2555 2405 2300 1805 1715 1860 2020 2245] [3085 3095 3220 3110 3125 3135 3120 3235]
[2740 2405 2070 1935 1675 1780 1840 2380] [3105 3130 3225 3110 3005 3190 3080 3075]
[2585 2320 2055 1805 1655 1935 1975 2390] [2985 3220 3340 3100 3230 3185 3060 3170]
[2700 2540 2140 1835 1845 1600 1940 2305] [3180 3395 3340 3110 3135 3030 3050 3105]
[2860 2510 2100 1590 1615 1470 2000 2235] [3270 3430 3355 3080 3210 3185 3220 3170]
[2585 2500 2240 1775 1595 1475 1790 1880] [3375 3165 3295 3210 3235 3275 3240 3190]
[2545 2410 2020 1675 1465 1550 1335 1835] [3250 3300 3210 3215 3180 3120 3115 3370]
[2625 2410 2150 1585 1650 1630 1590 1650] [3180 3420 3400 3395 3165 3345 3160 3425]
COM7 1 14
3
[2555 2405 2300 1805 1715 1860 2020 2245] [3065 3045 3035 3135 3040 2970 3190 2975]
[2740 2405 2070 1935 1675 1780 1840 2380] [3015 3020 3025 2970 2935 2895 2840 3050]
[2585 2320 2055 1805 1655 1935 1975 2390] [2925 2905 3035 2945 3195 2870 2985 2935]
[2700 2540 2140 1835 1845 1600 1940 2305] [3280 3280 3045 2910 2965 3105 3095 2920]
[2860 2510 2100 1590 1615 1470 2000 2235] [3170 3165 3090 3060 2990 2980 3195 3155]
[2585 2500 2240 1775 1595 1475 1790 1880] [2965 3025 2910 3085 3115 3075 3220 3160]
[2545 2410 2020 1675 1465 1550 1335 1835] [2970 3015 2980 2995 3000 3045 3095 3290]
[2625 2410 2150 1585 1650 1630 1590 1650] [3040 3095 3305 3165 3210 3125 3375 3215]
COM3 0 15
3
[2750 2695 2220 2245 1980 1695 2285 2550] [3065 3045 3035 3135 3040 2970 3190 2975]
[2685 2535 2375 1940 2025 1980 2340 2765] [3015 3020 3025 2970 2935 2895 2840 3050]
[2595 2560 2115 1955 1985 1760 2090 2615] [2925 2905 3035 2945 3195 2870 2985 2935]
[2725 2610 2370 1770 1795 1900 2095 2425] [3280 3280 3045 2910 2965 3105 3095 2920]
[2720 2550 2335 1985 1840 1665 2185 2710] [3170 3165 3090 3060 2990 2980 3195 3155]
[3030 2705 2390 2045 1955 1940 2015 2285] [2965 3025 2910 3085 3115 3075 3220 3160]
[2830 2555 2195 1860 1555 1650 1720 1980] [2970 3015 2980 2995 3000 3045 3095 3290]
[2640 2555 2000 1715 1720 1640 2080 1960] [3040 3095 3305 3165 3210 3125 3375 3215]
COM7 1 16
3
[2750 2695 2220 2245 1980 1695 2285 2550] [2655 3150 3115 2900 3055 2955 3105 2910]
[2685 2535 2375 1940 2025 1980 2340 2765] [3140 2855 3120 2795 2880 3180 2950 3055]
[2595 2560 2115 1955 1985 1760 2090 2615] [3040 3050 2925 3025 3140 2985 2925 2935]
[2725 2610 2370 1770 1795 1900 2095 2425] [3030 3195 3205 3085 3050 3025 3110 3045]
[2720 2550 2335 1985 1840 1665 2185 2710] [2940 2900 3095 2985 3035 3100 3045 3095]
[3030 2705 2390 2045 1955 1940 2015 2285] [2855 3325 3155 3035 3070 3020 3175 3090]
[2830 2555 2195 1860 1555 1650 1720 1980] [3040 3015 3115 2895 3105 3075 2955 3160]
[2640 2555 2000 1715 1720 1640 2080 1960] [3050 3065 3320 3195 3165 2930 3135 3295]
COM3 0 17
3
[2670 2375 2235 2075 1770 1640 1730 2100] [2655 3150 3115 2900 3055 2955 3105 2910]
[2725 2475 2090 1850 1790 1660 1770 2240] [3140 2855 3120 2795 2880 3180 2950 3055]
[2430 2320 1965 1910 1570 1455 1750 2225] [3040 3050 2925 3025 3140 2985 2925 2935]
[2705 2560 2180 1795 1725 1795 1765 2140] [3030 3195 3205 3085 3050 3025 3110 3045]
[2700 2455 2315 1620 1715 1510 1820 2200] [2940 2900 3095 2985 3035 3100 3045 3095]
[2635 2425 2135 1985 1550 1540 1755 1680] [2855 3325 3155 3035 3070 3020 3175 3090]
[2525 2380 1975 1765 1555 1420 1370 1705] [3040 3015 3115 2895 3105 3075 2955 3160]
[2705 2315 2095 1500 1565 1450 1560 1555] [3050 3065 3320 3195 3165 2930 3135 3295]
COM7 1 18
3
[2670 2375 2235 2075 1770 1640 1730 2100] [2640 2785 2640 3015 2740 3145 2950 3105]
[2725 2475 2090 1850 1790 1660 1770 2240] [2920 2960 3020 2860 2815 2975 2950 2885]
[2430 2320 1965 1910 1570 1455 1750 2225] [2925 2890 3070 2985 3120 2980 2865 2995]
[2705 2560 2180 1795 1725 1795 1765 2140] [3030 2970 3185 2970 2940 2815 3085 2935]
[2700 2455 2315 1620 1715 1510 1820 2200] [2945 3035 2970 2895 2980 3060 3055 2975]
[2635 2425 2135 1985 1550 1540 1755 1680] [2850 2965 2965 3125 2955 3120 3070 3185]
[2525 2380 1975 1765 1555 1420 1370 1705] [2935 3080 3065 3040 2920 3005 3095 3125]
[2705 2315 2095 1500 1565 1450 1560 1555] [3025 3100 3035 3050 2945 2875 2900 3180]
COM3 0 19
3
[2650 2145 2040 1830 1715 1590 1700 2190] [2640 2785 2640 3015 2740 3145 2950 3105]
[2660 2525 2265 1940 1755 1550 1850 2295] [2920 2960 3020 2860 2815 2975 2950 2885]
[2540 2420 2070 1625 1570 1695 1610 2145] [2925 2890 3070 2985 3120 2980 2865 2995]
[2625 2340 2030 1775 1730 1585 1780 2120] [3030 2970 3185 2970 2940 2815 3085 2935]
[2805 2515 2190 1720 1720 1580 1940 2220] [2945 3035 2970 2895 2980 3060 3055 2975]
[2540 2450 2100 1635 1530 1575 1695 1805] [2850 2965 2965 3125 2955 3120 3070 3185]
[2665 2460 1900 1780 1585 1385 1445 1850] [2935 3080 3065 3040 2920 3005 3095 3125]
[2685 2245 1955 1600 1535 1545 1600 1470] [3025 3100 3035 3050 2945 2875 2900 3180]
COM7 1 20
3
[2650 2145 2040 1830 1715 1590 1700 2190] [2660 2950 3115 3085 2950 3005 3270 3065]
[2660 2525 2265 1940 1755 1550 1850 2295] [3020 3110 3160 3085 3025 3200 3115 2990]
[2540 2420 2070 1625 1570 1695 1610 2145] [3375 3060 3105 3070 3020 3050 3110 2935]
[2625 2340 2030 1775 1730 1585 1780 2120] [3035 3230 3225 3140 3015 3090 3190 3010]
[2805 2515 2190 1720 1720 1580 1940 2220] [3230 3300 3320 2955 3155 3010 3175 3175]
[2540 2450 2100 1635 1530 1575 1695 1805] [2810 3070 3100 3160 2955 3130 3070 3110]
[2665 2460 1900 1780 1585 1385 1445 1850] [3090 3315 3130 3195 3150 3050 3210 3250]
[2685 2245 1955 1600 1535 1545 1600 1470] [3480 3295 3150 3400 3250 3090 3125 3240]
COM3 0 21
3
[2745 2275 2225 1825 1680 1755 1875 2250] [2660 2950 3115 3085 2950 3005 3270 3065]
[2735 2410 2100 2085 1675 1635 1920 2260] [3020 3110 3160 3085 3025 3200 3115 2990]
[2505 2435 2105 1740 1560 1560 1875 2185] [3375 3060 3105 3070 3020 3050 3110 2935]
[2495 2545 2370 1710 1705 1575 1750 2350] [3035 3230 3225 3140 3015 3090 3190 3010]
[2630 2510 2210 1700 1835 1630 1835 2235] [3230 3300 3320 2955 3155 3010 3175 3175]
[2505 2410 2155 1830 1600 1655 1700 1915] [2810 3070 3100 3160 2955 3130 3070 3110]
[2665 2455 2045 1845 1555 1460 1475 1755] [3090 3315 3130 3195 3150 3050 3210 3250]
[2880 2425 2015 1655 1535 1445 1485 1620] [3480 3295 3150 3400 3250 3090 3125 3240]
COM7 1 22
3
[2745 2275 2225 1825 1680 1755 1875 2250] [3225 2940 2905 2885 3130 3015 2955 2910]
[2735 2410 2100 2085 1675 1635 1920 2260] [3100 3145 3025 3020 3005 3065 2975 2875]
[2505 2435 2105 1740 1560 1560 1875 2185] [3055 3005 2990 2855 3070 3010 3050 2925]
[2495 2545 2370 1710 1705 1575 1750 2350] [3135 3020 2955 3020 2890 3065 2940 2925]
[2630 2510 2210 1700 1835 1630 1835 2235] [3065 3075 2990 3015 3030 3045 3070 3080]
[2505 2410 2155 1830 1600 1655 1700 1915] [2875 2830 3020 2925 3045 3105 3140 3205]
[2665 2455 2045 1845 1555 1460 1475 1755] [3220 3185 3115 2910 3245 3010 3120 3160]
[2880 2425 2015 1655 1535 1445 1485 1620] [3155 3180 3090 3125 3205 3025 3295 3070]
COM3 0 23
3
[2530 2350 2150 2090 1930 1715 1900 2120] [3225 2940 2905 2885 3130 3015 2955 2910]
[2595 2535 2125 1870 1735 1475 1785 2270] [3100 3145 3025 3020 3005 3065 2975 2875]
[2610 2475 2165 1780 1645 1590 1840 2165] [3055 3005 2990 2855 3070 3010 3050 2925]
[2540 2375 2380 1720 1685 1545 1845 2295] [3135 3020 2955 3020 2890 3065 2940 2925]
[2765 2335 2020 1605 1595 1460 1805 2175] [3065 3075 2990 3015 3030 3045 3070 3080]
[2515 2395 2235 1755 1525 1540 1675 1685] [2875 2830 3020 2925 3045 3105 3140 3205]
[2680 2475 1980 1780 1540 1540 1445 1645] [3220 3185 3115 2910 3245 3010 3120 3160]
[2755 2485 1920 1695 1530 1510 1580 1665] [3155 3180 3090 3125 3205 3025 3295 3070]
COM7 1 24
3
[2530 2350 2150 2090 1930 1715 1900 2120] [3015 3120 3445 3295 2975 3210 2860 3255]
[2595 2535 2125 1870 1735 1475 1785 2270] [3170 3165 3425 3195 3150 3220 3055 3135]
[2610 2475 2165 1780 1645 1590 1840 2165] [3100 3330 3315 3235 3135 3085 3035 2915]
[2540 2375 2380 1720 1685 1545 1845 2295] [3195 3370 3415 3145 3205 3000 3190 3060]
[2765 2335 2020 1605 1595 1460 1805 2175] [3245 3375 3320 3245 3180 3100 3205 3170]
[2515 2395 2235 1755 1525 1540 1675 1685] [3165 3270 3280 3355 3190 3185 3370 3175]
[2680 2475 1980 1780 1540 1540 1445 1645] [3230 3450 3230 3440 3265 3225 3160 3230]
[2755 2485 1920 1695 1530 1510 1580 1665] [3235 3485 3195 3340 3330 3130 3210 3270]
COM3 0 25
3
[2560 2370 1985 2095 1815 2015 1810 2375] [3015 3120 3445 3295 2975 3210 2860 3255]
[2725 2460 2140 1850 1680 1925 1740 2455] [3170 3165 3425 3195 3150 3220 3055 3135]
[2465 2475 2085 1850 1590 1725 1770 2395] [3100 3330 3315 3235 3135 3085 3035 2915]
[2540 2390 2225 1755 1675 1550 1985 2185] [3195 3370 3415 3145 3205 3000 3190 3060]
[2785 2610 2335 1965 1745 1545 1945 2205] [3245 3375 3320 3245 3180 3100 3205 3170]
[2605 2465 2150 1980 1585 1545 1700 1940] [3165 3270 3280 3355 3190 3185 3370 3175]
[2610 2400 2050 1690 1505 1580 1455 1760] [3230 3450 3230 3440 3265 3225 3160 3230]
[2545 2235 1860 1625 1560 1450 1615 1680] [3235 3485 3195 3340 3330 3130 3210 3270]
COM7 1 26
3
[2560 2370 1985 2095 1815 2015 1810 2375] [3000 2765 2705 2855 2650 2940 2950 2850]
[2725 2460 2140 1850 1680 1925 1740 2455] [2940 2870 2945 2835 2835 2910 3000 3035]
[2465 2475 2085 1850 1590 1725 1770 2395] [3040 2915 2795 2850 3005 3010 3000 2815]
[2540 2390 2225 1755 1675 1550 1985 2185] [2970 3025 3200 2970 3025 2970 3020 3005]
[2785 2610 2335 1965 1745 1545 1945 2205] [3040 2970 2940 2840 3065 2980 3045 3130]
[2605 2465 2150 1980 1585 1545 1700 1940] [3070 3125 3040 3030 2960 3240 2995 3110]
[2610 2400 2050 1690 1505 1580 1455 1760] [3200 3145 3205 3080 3020 3035 2975 3225]
[2545 2235 1860 1625 1560 1450 1615 1680] [3160 3150 3125 3180 3125 2930 3195 3090]
COM3 0 27
3
[2590 2290 2150 1945 2005 1835 2075 2380] [3000 2765 2705 2855 2650 2940 2950 2850]
[2815 2630 2190 2140 1880 1700 1720 2340] [2940 2870 2945 2835 2835 2910 3000 3035]
[2635 2410 2095 1820 1565 1555 1935 2310] [3040 2915 2795 2850 3005 3010 3000 2815]
[2715 2510 2350 1885 1750 1785 1895 2425] [2970 3025 3200 2970 3025 2970 3020 3005]
[2755 2700 2175 1845 1695 1665 2000 2350] [3040 2970 2940 2840 3065 2980 3045 3130]
[2745 2545 2220 2025 1565 1795 1730 1980] [3070 3125 3040 3030 2960 3240 2995 3110]
[2630 2425 2020 1965 1605 1670 1540 1840] [3200 3145 3205 3080 3020 3035 2975 3225]
[2565 2370 2130 1675 1605 1515 1525 1700] [3160 3150 3125 3180 3125 2930 3195 3090]
COM7 1 28
3
[2590 2290 2150 1945 2005 1835 2075 2380] [2900 3125 3100 2855 2815 2780 2920 3170]
[2815 2630 2190 2140 1880 1700 1720 2340] [2890 2875 3120 3035 3030 3095 2845 2890]
[2635 2410 2095 1820 1565 1555 1935 2310] [2985 3065 3075 2895 2995 3025 2865 2930]
[2715 2510 2350 1885 1750 1785 1895 2425] [3085 3195 3135 3090 3030 3150 3020 2980]
[2755 2700 2175 1845 1695 1665 2000 2350] [3090 3060 3210 2885 3075 3075 3175 3040]
[2745 2545 2220 2025 1565 1795 1730 1980] [3005 3215 3040 3290 3105 3020 3100 3190]
[2630 2425 2020 1965 1605 1670 1540 1840] [3135 3345 3085 3155 2935 3150 2970 3305]
[2565 2370 2130 1675 1605 1515 1525 1700] [3055 3160 3015 3140 3065 3010 3095 3240]
COM3 0 29
3
[2590 2225 2160 1935 1695 1645 1825 2135] [2900 3125 3100 2855 2815 2780 2920 3170]
[2710 2515 2110 1905 1685 1700 1685 2195] [2890 2875 3120 3035 3030 3095 2845 2890]
[2495 2305 2010 1905 1570 1455 1855 2255] [2985 3065 3075 2895 2995 3025 2865 2930]
[2610 2595 2170 1785 1600 1585 1970 2045] [3085 3195 3135 3090 3030 3150 3020 2980]
[2680 2380 2255 1685 1795 1555 1940 2295] [3090 3060 3210 2885 3075 3075 3175 3040]
[2800 2415 2130 1925 1625 1705 1595 1780] [3005 3215 3040 3290 3105 3020 3100 3190]
[2760 2390 2070 1700 1535 1470 1485 1605] [3135 3345 3085 3155 2935 3150 2970 3305]
[2680 2370 1990 1635 1540 1415 1535 1635] [3055 3160 3015 3140 3065 3010 3095 3240]
COM7 1 30
3
[2590 2225 2160 1935 1695 1645 1825 2135] [3085 3095 3215 2900 2760 2910 2900 2835]
[2710 2515 2110 1905 1685 1700 1685 2195] [3080 2795 3115 3025 3015 2960 2845 2970]
[2495 2305 2010 1905 1570 1455 1855 2255] [2930 2925 2985 2865 2990 2975 3100 2980]
[2610 2595 2170 1785 1600 1585 1970 2045] [2900 3155 3230 3030 2965 3010 3060 2985]
[2680 2380 2255 1685 1795 1555 1940 2295] [2950 3055 3180 2975 3115 3005 3135 3200]
[2800 2415 2130 1925 1625 1705 1595 1780] [2945 3175 3100 3150 2955 3130 3240 3015]
[2760 2390 2070 1700 1535 1470 1485 1605] [3180 3235 3060 3100 3070 3035 3035 3015]
[2680 2370 1990 1635 1540 1415 1535 1635] [3200 3085 3050 3310 3080 3160 2905 3125]
COM3 0 31
3
[2570 2340 2130 2095 1875 1865 2225 2325] [3085 3095 3215 2900 2760 2910 2900 2835]
[2790 2470 1990 1950 1865 1725 2120 2420] [3080 2795 3115 3025 3015 2960 2845 2970]
[2515 2505 2200 1875 1575 1525 1910 2380] [2930 2925 2985 2865 2990 2975 3100 2980]
[2680 2520 2160 1875 1690 1640 2030 2470] [2900 3155 3230 3030 2965 3010 3060 2985]
[2635 2345 2295 1825 1665 1680 1965 2275] [2950 3055 3180 2975 3115 3005 3135 3200]
[2805 2415 2280 1980 1610 1870 1855 2055] [2945 3175 3100 3150 2955 3130 3240 3015]
[2825 2610 2075 1770 1695 1610 1530 1905] [3180 3235 3060 3100 3070 3035 3035 3015]
[2815 2520 2205 1590 1665 1630 1720 1680] [3200 3085 3050 3310 3080 3160 2905 3125]
COM7 1 32
3
[2570 2340 2130 2095 1875 1865 2225 2325] [3025 2895 2945 2965 3060 3005 2850 3185]
[2790 2470 1990 1950 1865 1725 2120 2420] [3100 2755 3135 2990 3050 3090 2950 2795]
[2515 2505 2200 1875 1575 1525 1910 2380] [2925 2870 3050 2890 3130 2895 3040 3060]
[2680 2520 2160 1875 1690 1640 2030 2470] [3105 3005 3135 3030 3025 3010 3065 3025]
[2635 2345 2295 1825 1665 1680 1965 2275] [3085 3165 3090 2900 3030 3040 3130 3090]
[2805 2415 2280 1980 1610 1870 1855 2055] [3080 3025 3035 3180 3010 3150 3220 3195]
[2825 2610 2075 1770 1695 1610 1530 1905] [3195 3120 3250 3050 3025 2895 3075 3100]
[2815 2520 2205 1590 1665 1630 1720 1680] [3170 3260 3160 3205 3070 3050 3090 2885]
COM3 0 33
3
[2665 2290 2250 2240 1950 1895 1975 2375] [3025 2895 2945 2965 3060 3005 2850 3185]
[2700 2695 2195 2100 1845 1820 2115 2495] [3100 2755 3135 2990 3050 3090 2950 2795]
[2505 2525 2245 1925 1680 1770 1895 2410] [2925 2870 3050 2890 3130 2895 3040 3060]
[2610 2515 2005 1725 1745 1820 2125 2230] [3105 3005 3135 3030 3025 3010 3065 3025]
[2615 2550 2130 1785 1725 1500 2080 2190] [3085 3165 3090 2900 3030 3040 3130 3090]
[2730 2460 2230 1895 1740 1675 1755 1955] [3080 3025 3035 3180 3010 3150 3220 3195]
[2670 2590 2000 1825 1555 1520 1465 1905] [3195 3120 3250 3050 3025 2895 3075 3100]
[2700 2425 2040 1680 1645 1505 1625 1615] [3170 3260 3160 3205 3070 3050 3090 2885]
COM7 1 34
3
[2665 2290 2250 2240 1950 1895 1975 2375] [2905 2935 3190 2900 3205 2970 2900 2900]
[2700 2695 2195 2100 1845 1820 2115 2495] [3165 2970 3120 2990 2890 3090 2900 2965]
[2505 2525 2245 1925 1680 1770 1895 2410] [2915 3005 3050 2895 3075 3020 3090 2880]
[2610 2515 2005 1725 1745 1820 2125 2230] [3150 3025 3200 3085 3030 2950 3070 2925]
[2615 2550 2130 1785 1725 1500 2080 2190] [3105 3115 3125 2965 3035 3175 3100 3210]
[2730 2460 2230 1895 1740 1675 1755 1955] [3010 3230 3145 3205 3185 3170 3090 3105]
[2670 2590 2000 1825 1555 1520 1465 1905] [3150 3095 3135 2905 3135 3010 3065 3115]
[2700 2425 2040 1680 1645 1505 1625 1615] [3015 3085 3295 3155 2950 3195 3080 3215]
COM3 0 35
3
[2550 2535 2230 1870 1665 1680 1690 2185] [2905 2935 3190 2900 3205 2970 2900 2900]
[2700 2455 2005 2050 1860 1755 1600 2150] [3165 2970 3120 2990 2890 3090 2900 2965]
[2695 2370 2170 1680 1540 1660 1980 2195] [2915 3005 3050 2895 3075 3020 3090 2880]
[2780 2650 2200 1780 1780 1520 1640 1990] [3150 3025 3200 3085 3030 2950 3070 2925]
[2600 2460 2255 1600 1800 1400 1805 2305] [3105 3115 3125 2965 3035 3175 3100 3210]
[2660 2540 2305 1830 1535 1690 1615 1815] [3010 3230 3145 3205 3185 3170 3090 3105]
[2790 2445 2190 1885 1490 1460 1520 1645] [3150 3095 3135 2905 3135 3010 3065 3115]
[2765 2440 1835 1505 1520 1480 1535 1525] [3015 3085 3295 3155 2950 3195 3080 3215]
COM7 1 36
3
[2550 2535 2230 1870 1665 1680 1690 2185] [3025 2940 3240 2865 3380 2960 3025 2920]
[2700 2455 2005 2050 1860 1755 1600 2150] [3020 3110 3155 2925 2775 3050 2965 2890]
[2695 2370 2170 1680 1540 1660 1980 2195] [3055 3170 3105 2970 3115 2980 2965 2995]
[2780 2650 2200 1780 1780 1520 1640 1990] [3100 3035 3110 2980 3050 2975 3040 3115]
[2600 2460 2255 1600 1800 1400 1805 2305] [3015 3175 3095 3015 3070 3050 3105 3105]
[2660 2540 2305 1830 1535 1690 1615 1815] [2955 3075 3050 3010 2955 3010 3255 3155]
[2790 2445 2190 1885 1490 1460 1520 1645] [3040 2850 3140 3045 3010 3040 3100 3125]
[2765 2440 1835 1505 1520 1480 1535 1525] [3180 3080 3155 2950 3130 3025 3080 2980]
COM3 0 37
3
[2655 2330 2040 1885 1775 1765 1810 2190] [3025 2940 3240 2865 3380 2960 3025 2920]
[2685 2635 2250 2080 1805 1665 1890 2215] [3020 3110 3155 2925 2775 3050 2965 2890]
[2665 2420 2120 1975 1655 1605 1755 2270] [3055 3170 3105 2970 3115 2980 2965 2995]
[2810 2415 2290 1620 1865 1640 1800 2245] [3100 3035 3110 2980 3050 2975 3040 3115]
[2850 2515 2205 1880 1800 1530 1885 2260] [3015 3175 3095 3015 3070 3050 3105 3105]
[2745 2565 2360 1835 1545 1560 1700 1895] [2955 3075 3050 3010 2955 3010 3255 3155]
[2655 2440 2155 1835 1660 1535 1545 1760] [3040 2850 3140 3045 3010 3040 3100 3125]
[2685 2320 2090 1575 1580 1515 1580 1525] [3180 3080 3155 2950 3130 3025 3080 2980]
COM7 1 38
3
[2655 2330 2040 1885 1775 1765 1810 2190] [3310 2735 2810 2900 2955 2940 2855 2915]
[2685 2635 2250 2080 1805 1665 1890 2215] [2975 2950 3165 2860 2965 3055 2925 2820]
[2665 2420 2120 1975 1655 1605 1755 2270] [3265 3075 2890 3030 3045 3010 3040 3025]
[2810 2415 2290 1620 1865 1640 1800 2245] [3100 3080 3085 3100 2970 3050 2935 2935]
[2850 2515 2205 1880 1800 1530 1885 2260] [2950 3005 3030 2840 3045 2980 3105 3090]
[2745 2565 2360 1835 1545 1560 1700 1895] [2830 2965 2980 3165 3020 3020 3180 3110]
[2655 2440 2155 1835 1660 1535 1545 1760] [3170 3095 3125 2960 3175 3010 3090 3330]
[2685 2320 2090 1575 1580 1515 1580 1525] [3335 2850 3030 3120 2945 3050 3140 3235]
COM3 0 39
3
[2680 2290 2160 2205 2045 1895 2120 2530] [3310 2735 2810 2900 2955 2940 2855 2915]
[2575 2560 2145 2105 1975 1955 2020 2515] [2975 2950 3165 2860 2965 3055 2925 2820]
[2585 2480 2310 2005 1630 1730 2025 2595] [3265 3075 2890 3030 3045 3010 3040 3025]
[2860 2585 2425 2135 1930 1720 2080 2415] [3100 3080 3085 3100 2970 3050 2935 2935]
[2945 2550 2335 1940 1755 1595 2235 2510] [2950 3005 3030 2840 3045 2980 3105 3090]
[2775 2510 2300 1930 1815 1610 1920 1995] [2830 2965 2980 3165 3020 3020 3180 3110]
[2945 2555 2070 1875 1600 1600 1705 1880] [3170 3095 3125 2960 3175 3010 3090 3330]
[2700 2590 1920 1745 1715 1680 1825 1805] [3335 2850 3030 3120 2945 3050 3140 3235]
COM7 1 40
3
[2680 2290 2160 2205 2045 1895 2120 2530] [3025 2995 3200 3060 2805 2810 3210 3130]
[2575 2560 2145 2105 1975 1955 2020 2515] [3165 2870 3175 3160 2980 3160 2980 3060]
[2585 2480 2310 2005 1630 1730 2025 2595] [3025 3060 3120 3080 3110 3025 3065 3040]
[2860 2585 2425 2135 1930 1720 2080 2415] [3125 3155 3105 3065 3150 2945 3040 2935]
[2945 2550 2335 1940 1755 1595 2235 2510] [3195 3250 3175 2815 3045 3090 3095 3080]
[2775 2510 2300 1930 1815 1610 1920 1995] [3010 3165 3150 3195 2915 3160 3070 3035]
[2945 2555 2070 1875 1600 1600 1705 1880] [3015 3150 3280 3200 2860 3315 3230 3290]
[2700 2590 1920 1745 1715 1680 1825 1805] [3275 3105 3120 3370 3180 3065 3125 3210]
COM3 0 41
3
[2610 2310 2110 2010 1770 1695 1970 2045] [3025 2995 3200 3060 2805 2810 3210 3130]
[2645 2600 2140 2000 1755 1755 1615 2175] [3165 2870 3175 3160 2980 3160 2980 3060]
[2605 2420 2070 1735 1535 1560 1825 2140] [3025 3060 3120 3080 3110 3025 3065 3040]
[2600 2575 2200 1920 1520 1595 1715 2045] [3125 3155 3105 3065 3150 2945 3040 2935]
[2735 2570 2110 1620 1755 1555 1830 2140] [3195 3250 3175 2815 3045 3090 3095 3080]
[2695 2555 2240 2000 1625 1685 1670 1655] [3010 3165 3150 3195 2915 3160 3070 3035]
[2585 2525 2110 1765 1505 1510 1485 1725] [3015 3150 3280 3200 2860 3315 3230 3290]
[2740 2430 2075 1615 1560 1600 1580 1550] [3275 3105 3120 3370 3180 3065 3125 3210]
COM7 1 42
3
[2610 2310 2110 2010 1770 1695 1970 2045] [2845 3015 3055 3105 2655 2615 2935 2885]
[2645 2600 2140 2000 1755 1755 1615 2175] [3145 3025 3035 2925 3110 3070 2990 3045]
[2605 2420 2070 1735 1535 1560 1825 2140] [2890 3050 3050 3020 3050 3015 2995 2930]
[2600 2575 2200 1920 1520 1595 1715 2045] [3200 3255 3105 3130 3080 3125 3060 3030]
[2735 2570 2110 1620 1755 1555 1830 2140] [2950 3050 3200 2840 2940 3025 3365 3045]
[2695 2555 2240 2000 1625 1685 1670 1655] [2875 2935 2950 3200 3030 3010 3170 3095]
[2585 2525 2110 1765 1505 1510 1485 1725] [2905 3330 3275 3155 3085 3005 3140 3215]
[2740 2430 2075 1615 1560 1600 1580 1550] [3190 2955 3200 3185 3225 2995 3130 3440]
COM3 0 43
3
[2435 2205 2105 2110 1660 1675 1665 1900] [2845 3015 3055 3105 2655 2615 2935 2885]
[2790 2490 2310 1950 1675 1660 1610 2150] [3145 3025 3035 2925 3110 3070 2990 3045]
[2585 2510 2125 1720 1575 1570 1715 2145] [2890 3050 3050 3020 3050 3015 2995 2930]
[2810 2440 2250 1690 1900 1480 1640 2155] [3200 3255 3105 3130 3080 3125 3060 3030]
[2685 2545 2255 1835 1600 1520 1740 1845] [2950 3050 3200 2840 2940 3025 3365 3045]
[2610 2390 2415 1905 1550 1535 1610 1680] [2875 2935 2950 3200 3030 3010 3170 3095]
[2935 2340 1965 1875 1600 1465 1350 1590] [2905 3330 3275 3155 3085 3005 3140 3215]
[2795 2465 1940 1570 1455 1370 1520 1515] [3190 2955 3200 3185 3225 2995 3130 3440]
COM7 1 44
3
[2435 2205 2105 2110 1660 1675 1665 1900] [2725 2530 2425 2735 2610 2685 2610 2755]
[2790 2490 2310 1950 1675 1660 1610 2150] [2735 2560 2610 2395 2620 2680 2795 2510]
[2585 2510 2125 1720 1575 1570 1715 2145] [2670 2535 2490 2595 2710 2635 2625 2780]
[2810 2440 2250 1690 1900 1480 1640 2155] [2700 2420 2595 2545 2595 2800 2825 2605]
[2685 2545 2255 1835 1600 1520 1740 1845] [2610 2530 2575 2480 2595 2685 2775 2720]
[2610 2390 2415 1905 1550 1535 1610 1680] [2730 2630 2590 2585 2615 2700 2795 2875]
[2935 2340 1965 1875 1600 1465 1350 1590] [2615 2550 2585 2570 2795 2650 2650 2995]
[2795 2465 1940 1570 1455 1370 1520 1515] [2875 2575 2640 2800 2705 2620 2780 2810]
COM3 0 45
3
[2570 2310 1965 2040 1770 1605 1735 1885] [2725 2530 2425 2735 2610 2685 2610 2755]
[2685 2460 2050 2035 1785 1585 1460 1995] [2735 2560 2610 2395 2620 2680 2795 2510]
[2520 2400 2105 1720 1505 1490 1675 1985] [2670 2535 2490 2595 2710 2635 2625 2780]
[2770 2580 2205 1680 1710 1475 1640 1825] [2700 2420 2595 2545 2595 2800 2825 2605]
[2785 2505 2280 1670 1675 1330 1630 1860] [2610 2530 2575 2480 2595 2685 2775 2720]
[2710 2445 2120 1725 1595 1590 1560 1465] [2730 2630 2590 2585 2615 2700 2795 2875]
[2660 2380 2045 1860 1440 1475 1420 1480] [2615 2550 2585 2570 2795 2650 2650 2995]
[2800 2505 2010 1695 1495 1465 1420 1510] [2875 2575 2640 2800 2705 2620 2780 2810]
COM7 1 46
3
[2570 2310 1965 2040 1770 1605 1735 1885] [2905 2930 3130 2900 3000 2940 3020 3075]
[2685 2460 2050 2035 1785 1585 1460 1995] [3170 2995 3190 3065 2970 3140 3020 2885]
[2520 2400 2105 1720 1505 1490 1675 1985] [3240 3350 3145 3200 3065 2900 2965 2935]
[2770 2580 2205 1680 1710 1475 1640 1825] [3180 3030 3050 3065 3080 3035 3075 3045]
[2785 2505 2280 1670 1675 1330 1630 1860] [3185 3195 2995 3095 3050 2980 3260 3150]
[2710 2445 2120 1725 1595 1590 1560 1465] [2875 2970 3085 3200 3155 3090 3095 3160]
[2660 2380 2045 1860 1440 1475 1420 1480] [3240 3290 3355 3075 3065 3130 3035 3295]
[2800 2505 2010 1695 1495 1465 1420 1510] [3115 3265 3090 3240 3175 3080 2975 3200]
COM3 0 47
3
[2580 2410 2275 2245 1885 1645 1925 2215] [2905 2930 3130 2900 3000 2940 3020 3075]
[2865 2625 2215 2125 1885 1705 1865 2310] [3170 2995 3190 3065 2970 3140 3020 2885]
[2535 2765 2210 2045 1715 1655 1695 2535] [3240 3350 3145 3200 3065 2900 2965 2935]
[2860 2460 2305 1965 1735 1655 1790 2210] [3180 3030 3050 3065 3080 3035 3075 3045]
[2745 2645 2310 1780 1840 1595 1940 2375] [3185 3195 2995 3095 3050 2980 3260 3150]
[2750 2645 2325 1810 1600 1645 1805 2010] [2875 2970 3085 3200 3155 3090 3095 3160]
[2845 2615 2175 2000 1735 1425 1570 1695] [3240 3290 3355 3075 3065 3130 3035 3295]
[2755 2580 2230 1760 1595 1500 1545 1740] [3115 3265 3090 3240 3175 3080 2975 3200]
COM7 1 48
3
[2580 2410 2275 2245 1885 1645 1925 2215] [2685 2950 3165 2895 3160 2830 3020 3100]
[2865 2625 2215 2125 1885 1705 1865 2310] [2900 2875 2960 3100 2965 3155 3050 3050]
[2535 2765 2210 2045 1715 1655 1695 2535] [2985 2915 3010 2850 3065 2885 3040 2935]
[2860 2460 2305 1965 1735 1655 1790 2210] [3235 3040 3050 2985 3075 3110 3030 3080]
[2745 2645 2310 1780 1840 1595 1940 2375] [3015 3130 3140 2950 2990 3025 3130 3165]
[2750 2645 2325 1810 1600 1645 1805 2010] [3040 2970 2980 3100 3025 3205 3200 2965]
[2845 2615 2175 2000 1735 1425 1570 1695] [2985 3015 2990 3105 2935 3035 3210 3275]
[2755 2580 2230 1760 1595 1500 1545 1740] [3130 3315 3230 3255 3275 2930 3135 3320]
COM3 0 49
3
[2675 2365 2325 2110 2015 1695 2190 2485] [2685 2950 3165 2895 3160 2830 3020 3100]
[2740 2540 2160 2070 1860 1795 2005 2445] [2900 2875 2960 3100 2965 3155 3050 3050]
[2585 2480 2360 2080 1725 1760 1740 2460] [2985 2915 3010 2850 3065 2885 3040 2935]
[2795 2560 2310 1710 1835 1760 1940 2470] [3235 3040 3050 2985 3075 3110 3030 3080]
[2785 2570 2200 1895 1840 1740 2040 2325] [3015 3130 3140 2950 2990 3025 3130 3165]
[2770 2710 2250 1710 1705 1560 1700 2060] [3040 2970 2980 3100 3025 3205 3200 2965]
[2710 2665 2050 1880 1685 1540 1545 1830] [2985 3015 2990 3105 2935 3035 3210 3275]
[2700 2330 2100 1785 1640 1520 1595 1615] [3130 3315 3230 3255 3275 2930 3135 3320]
COM7 1 50
3
[2675 2365 2325 2110 2015 1695 2190 2485] [2605 2940 2830 3045 2760 3130 2780 3045]
[2740 2540 2160 2070 1860 1795 2005 2445] [3135 2975 3310 2975 2880 3080 2990 3005]
[2585 2480 2360 2080 1725 1760 1740 2460] [3070 3140 2925 3110 2995 3025 2925 2895]
[2795 2560 2310 1710 1835 1760 1940 2470] [3210 2970 3130 3115 3005 2980 3110 2985]
[2785 2570 2200 1895 1840 1740 2040 2325] [3045 3175 3220 3140 2940 2975 3080 3040]
[2770 2710 2250 1710 1705 1560 1700 2060] [2875 3055 3045 3070 3020 3070 3125 3300]
[2710 2665 2050 1880 1685 1540 1545 1830] [2970 3090 3170 3215 3090 2950 3050 3080]
[2700 2330 2100 1785 1640 1520 1595 1615] [3150 3060 3225 3195 3025 2895 3035 3180]
COM3 0 51
3
[2645 2465 2330 2025 1865 1740 1985 2450] [2605 2940 2830 3045 2760 3130 2780 3045]
[2770 2515 2335 2110 2060 1900 1950 2190] [3135 2975 3310 2975 2880 3080 2990 3005]
[2575 2490 2280 1970 1615 1705 1910 2035] [3070 3140 2925 3110 2995 3025 2925 2895]
[2745 2670 2355 1900 1860 1705 1820 2175] [3210 2970 3130 3115 3005 2980 3110 2985]
[2875 2565 2370 1940 1885 1865 2055 2180] [3045 3175 3220 3140 2940 2975 3080 3040]
[2580 2650 2355 1935 1715 1755 2055 2080] [2875 3055 3045 3070 3020 3070 3125 3300]
[2790 2520 2115 1990 1670 1605 1505 1880] [2970 3090 3170 3215 3090 2950 3050 3080]
[2850 2535 2175 1715 1660 1550 1780 1615] [3150 3060 3225 3195 3025 2895 3035 3180]
COM7 1 52
3
[2645 2465 2330 2025 1865 1740 1985 2450] [3030 2905 2875 3065 2805 3135 2870 2940]
[2770 2515 2335 2110 2060 1900 1950 2190] [2815 3105 3020 2860 2880 2925 2890 2840]
[2575 2490 2280 1970 1615 1705 1910 2035] [3000 2900 3070 3005 3035 2895 3075 2905]
[2745 2670 2355 1900 1860 1705 1820 2175] [3075 3045 2950 2910 2960 2920 3110 3055]
[2875 2565 2370 1940 1885 1865 2055 2180] [3070 3050 3095 2840 2875 3030 3035 3145]
[2580 2650 2355 1935 1715 1755 2055 2080] [3020 3055 2995 3080 2965 3020 3070 3315]
[2790 2520 2115 1990 1670 1605 1505 1880] [3280 3305 3270 3050 3225 3005 2945 3180]
[2850 2535 2175 1715 1660 1550 1780 1615] [3075 3060 3175 3255 3075 3090 3045 2920]
COM3 0 53
3
[2470 2325 1985 1870 1545 1540 1595 1795] [3030 2905 2875 3065 2805 3135 2870 2940]
[2615 2600 1985 1625 1425 1425 1400 1885] [2815 3105 3020 2860 2880 2925 2890 2840]
[2530 2340 2050 1720 1505 1500 1655 1935] [3000 2900 3070 3005 3035 2895 3075 2905]
[2560 2440 2155 1585 1580 1425 1580 1810] [3075 3045 2950 2910 2960 2920 3110 3055]
[2755 2480 2240 1755 1550 1395 1435 1860] [3070 3050 3095 2840 2875 3030 3035 3145]
[2615 2535 2120 1680 1460 1445 1490 1510] [3020 3055 2995 3080 2965 3020 3070 3315]
[2430 2430 1905 1590 1470 1400 1215 1500] [3280 3305 3270 3050 3225 3005 2945 3180]
[2720 2455 2080 1545 1380 1320 1345 1435] [3075 3060 3175 3255 3075 3090 3045 2920]
COM7 1 54
3
[2470 2325 1985 1870 1545 1540 1595 1795] [2995 3005 3060 3200 2790 2970 2950 2945]
[2615 2600 1985 1625 1425 1425 1400 1885] [2910 3005 3095 2955 2850 3035 2985 2885]
[2530 2340 2050 1720 1505 1500 1655 1935] [3075 3015 3115 2890 3065 2945 3040 2915]
[2560 2440 2155 1585 1580 1425 1580 1810] [2950 3005 3080 3115 3055 3010 2935 2900]
[2755 2480 2240 1755 1550 1395 1435 1860] [3040 3135 3120 2965 3135 3025 3185 3125]
[2615 2535 2120 1680 1460 1445 1490 1510] [2870 2965 2980 3035 3160 3015 3205 2955]
[2430 2430 1905 1590 1470 1400 1215 1500] [3125 3210 3070 3050 2925 3035 3035 3100]
[2720 2455 2080 1545 1380 1320 1345 1435] [2995 3085 3050 3355 3055 2840 3165 3340]
COM3 0 55
3
[2625 2450 2310 2205 1950 1650 2305 2385] [2995 3005 3060 3200 2790 2970 2950 2945]
[2905 2505 2115 2380 1980 1950 1660 2300] [2910 3005 3095 2955 2850 3035 2985 2885]
[2680 2390 2370 2040 1620 1845 1755 2250] [3075 3015 3115 2890 3065 2945 3040 2915]
[2780 2555 2340 2005 1820 1810 1790 2165] [2950 3005 3080 3115 3055 3010 2935 2900]
[2860 2555 2295 1845 2030 1690 2020 2215] [3040 3135 3120 2965 3135 3025 3185 3125]
[2680 2670 2380 1960 1610 1575 1765 2010] [2870 2965 2980 3035 3160 3015 3205 2955]
[2600 2555 2100 2110 1655 1615 1400 1705] [3125 3210 3070 3050 2925 3035 3035 3100]
[2670 2450 2265 1900 1665 1495 1660 1615] [2995 3085 3050 3355 3055 2840 3165 3340]
COM7 1 56
3
[2625 2450 2310 2205 1950 1650 2305 2385] [2690 2555 2560 2695 2795 2640 2790 2650]
[2905 2505 2115 2380 1980 1950 1660 2300] [2705 2670 2785 2595 2730 2905 2845 2855]
[2680 2390 2370 2040 1620 1845 1755 2250] [2985 2820 2700 2785 2950 2810 2840 2750]
[2780 2555 2340 2005 1820 1810 1790 2165] [2840 2615 2850 2870 2795 2770 2935 2860]
[2860 2555 2295 1845 2030 1690 2020 2215] [2840 2895 2800 2790 2770 2865 2950 3025]
[2680 2670 2380 1960 1610 1575 1765 2010] [2740 2715 2800 2975 2940 2750 2940 2915]
[2600 2555 2100 2110 1655 1615 1400 1705] [3020 3015 2935 2840 2795 2850 2770 3125]
[2670 2450 2265 1900 1665 1495 1660 1615] [3185 2940 2905 3075 2710 2915 3025 2975]
COM3 0 57
3
[2565 2180 1955 1485 1635 1450 1585 1720] [2690 2555 2560 2695 2795 2640 2790 2650]
[2550 2460 1895 1795 1545 1590 1400 1935] [2705 2670 2785 2595 2730 2905 2845 2855]
[2535 2380 2025 1560 1450 1435 1485 2040] [2985 2820 2700 2785 2950 2810 2840 2750]
[2800 2375 2165 1760 1565 1490 1480 1950] [2840 2615 2850 2870 2795 2770 2935 2860]
[2710 2500 2305 1695 1545 1295 1670 1825] [2840 2895 2800 2790 2770 2865 2950 3025]
[2580 2620 2175 1870 1400 1420 1445 1445] [2740 2715 2800 2975 2940 2750 2940 2915]
[2745 2515 1905 1560 1290 1295 1350 1485] [3020 3015 2935 2840 2795 2850 2770 3125]
[2715 2435 2115 1655 1385 1445 1375 1315] [3185 2940 2905 3075 2710 2915 3025 2975]
COM7 1 58
3
[2565 2180 1955 1485 1635 1450 1585 1720] [3055 3015 3250 2965 2905 3140 2945 2915]
[2550 2460 1895 1795 1545 1590 1400 1935] [3075 3075 3120 3045 3035 2970 3055 2800]
[2535 2380 2025 1560 1450 1435 1485 2040] [3090 3075 3065 3145 3085 3035 3045 3020]
[2800 2375 2165 1760 1565 1490 1480 1950] [3145 3070 3210 3075 3050 3085 3110 3100]
[2710 2500 2305 1695 1545 1295 1670 1825] [3170 3230 3330 2875 3075 3115 3250 3075]
[2580 2620 2175 1870 1400 1420 1445 1445] [2995 3130 3320 3190 3115 3200 3245 3010]
[2745 2515 1905 1560 1290 1295 1350 1485] [3020 3275 3445 3120 3375 3075 3135 3165]
[2715 2435 2115 1655 1385 1445 1375 1315] [3170 3455 3210 3435 2920 3220 3135 3155]
COM3 0 59
3
[2505 2250 2255 2285 1815 1865 1980 2375] [3055 3015 3250 2965 2905 3140 2945 2915]
[2660 2535 2050 2190 1925 1795 2285 2385] [3075 3075 3120 3045 3035 2970 3055 2800]
[2690 2480 2260 2060 1740 1820 1880 2480] [3090 3075 3065 3145 3085 3035 3045 3020]
[2605 2560 2370 1855 1880 1590 1860 2075] [3145 3070 3210 3075 3050 3085 3110 3100]
[2795 2755 2210 1800 1920 1755 2065 2430] [3170 3230 3330 2875 3075 3115 3250 3075]
[2715 2590 2240 1985 1700 1725 1835 1945] [2995 3130 3320 3190 3115 3200 3245 3010]
[2810 2590 2295 2110 1760 1660 1590 1650] [3020 3275 3445 3120 3375 3075 3135 3165]
[2570 2425 2220 1830 1735 1585 1705 1630] [3170 3455 3210 3435 2920 3220 3135 3155]
COM7 1 60
3
[2505 2250 2255 2285 1815 1865 1980 2375] [2895 2775 2940 2810 2815 2935 3160 2920]
[2660 2535 2050 2190 1925 1795 2285 2385] [3015 2925 3065 3040 2935 3055 3150 2940]
[2690 2480 2260 2060 1740 1820 1880 2480] [2990 3055 3095 3030 3090 2980 2985 2930]
[2605 2560 2370 1855 1880 1590 1860 2075] [2965 3100 3065 3100 3055 2995 3080 2900]
[2795 2755 2210 1800 1920 1755 2065 2430] [3005 3230 3115 2835 3100 3040 3105 3075]
[2715 2590 2240 1985 1700 1725 1835 1945] [3015 2965 2930 3275 2935 3070 3170 3070]
[2810 2590 2295 2110 1760 1660 1590 1650] [3125 3010 3225 3065 3105 3115 3215 3175]
[2570 2425 2220 1830 1735 1585 1705 1630] [3075 3075 3045 3185 3005 3020 3080 2975]
COM3 0 61
3
[2750 2465 2225 2295 1935 1805 1905 2060] [2895 2775 2940 2810 2815 2935 3160 2920]
[2805 2485 2145 1760 1745 1675 1820 2360] [3015 2925 3065 3040 2935 3055 3150 2940]
[2790 2580 2185 1915 1665 1660 1950 2400] [2990 3055 3095 3030 3090 2980 2985 2930]
[2750 2430 2285 2000 1775 1725 1865 2255] [2965 3100 3065 3100 3055 2995 3080 2900]
[2585 2665 2285 1970 1835 1800 1865 2185] [3005 3230 3115 2835 3100 3040 3105 3075]
[2710 2470 2220 2015 1520 1590 1650 1925] [3015 2965 2930 3275 2935 3070 3170 3070]
[2445 2575 2045 1875 1815 1515 1560 1675] [3125 3010 3225 3065 3105 3115 3215 3175]
[2795 2555 2150 1915 1565 1630 1595 1590] [3075 3075 3045 3185 3005 3020 3080 2975]
COM7 1 62
3
[2750 2465 2225 2295 1935 1805 1905 2060] [2810 3120 2950 2850 2790 2910 3040 2880]
[2805 2485 2145 1760 1745 1675 1820 2360] [2870 2930 2945 2730 2825 2970 2885 2940]
[2790 2580 2185 1915 1665 1660 1950 2400] [2990 2860 2965 2870 3135 2835 2975 2925]
[2750 2430 2285 2000 1775 1725 1865 2255] [3050 2975 3085 3045 2880 2985 2925 2940]
[2585 2665 2285 1970 1835 1800 1865 2185] [3060 3070 3090 2945 2895 2930 3040 3135]
[2710 2470 2220 2015 1520 1590 1650 1925] [2960 3075 2965 3180 3020 3015 2970 3225]
[2445 2575 2045 1875 1815 1515 1560 1675] [3200 3085 3135 3090 2925 2925 3070 3075]
[2795 2555 2150 1915 1565 1630 1595 1590] [3020 3085 3170 3320 2905 3045 2955 3065]
COM3 0 63
3
[2570 2360 2300 1715 1730 1785 1930 2220] [2810 3120 2950 2850 2790 2910 3040 2880]
[2700 2540 2090 1955 1895 1715 1800 2360] [2870 2930 2945 2730 2825 2970 2885 2940]
[2730 2375 2175 1800 1645 1705 1835 2190] [2990 2860 2965 2870 3135 2835 2975 2925]
[2715 2565 2275 1945 1665 1625 1690 2280] [3050 2975 3085 3045 2880 2985 2925 2940]
[2750 2510 2280 1940 1800 1485 1685 2290] [3060 3070 3090 2945 2895 2930 3040 3135]
[2805 2390 2160 1795 1610 1705 1600 1835] [2960 3075 2965 3180 3020 3015 2970 3225]
[2895 2520 1875 1815 1660 1445 1520 1780] [3200 3085 3135 3090 2925 2925 3070 3075]
[2895 2610 2215 1675 1595 1605 1635 1565] [3020 3085 3170 3320 2905 3045 2955 3065]
COM7 1 64
3
[2570 2360 2300 1715 1730 1785 1930 2220] [3235 3085 3320 3225 3430 3175 3210 2975]
[2700 2540 2090 1955 1895 1715 1800 2360] [3000 3055 3245 3015 3155 3155 3135 3005]
[2730 2375 2175 1800 1645 1705 1835 2190] [3310 3080 3340 3185 3230 3015 3130 3045]
[2715 2565 2275 1945 1665 1625 1690 2280] [3355 3255 3215 3350 3175 3025 3235 2960]
[2750 2510 2280 1940 1800 1485 1685 2290] [3405 3280 3235 3165 3110 3060 3110 3290]
[2805 2390 2160 1795 1610 1705 1600 1835] [3045 3145 3405 3275 3240 3195 3210 3260]
[2895 2520 1875 1815 1660 1445 1520 1780] [3125 3285 3325 3225 3430 3165 3310 3240]
[2895 2610 2215 1675 1595 1605 1635 1565] [3040 3305 3400 3465 3195 3240 3205 3235]
COM3 0 65
3
[2655 2330 2180 2100 1700 1495 1910 1900] [3235 3085 3320 3225 3430 3175 3210 2975]
[2580 2485 1980 1655 1755 1720 1620 2145] [3000 3055 3245 3015 3155 3155 3135 3005]
[2520 2505 2235 1720 1425 1540 1855 2210] [3310 3080 3340 3185 3230 3015 3130 3045]
[2780 2495 2220 1825 1670 1550 1720 2145] [3355 3255 3215 3350 3175 3025 3235 2960]
[2875 2640 2405 1765 1630 1370 1745 1950] [3405 3280 3235 3165 3110 3060 3110 3290]
[2875 2565 2400 1845 1475 1475 1590 1565] [3045 3145 3405 3275 3240 3195 3210 3260]
[2745 2515 2030 1815 1495 1360 1275 1655] [3125 3285 3325 3225 3430 3165 3310 3240]
[2900 2375 2215 1730 1415 1415 1550 1535] [3040 3305 3400 3465 3195 3240 3205 3235]