COM3 0 6
3
[2720 2555 2895 2795 2795 2670 2690 2475] [2370 2450 2355 2300 2380 2650 2895 2855]
[2900 2905 2880 2800 2715 2815 2670 2730] [2545 2445 2410 2385 2425 2870 2895 2930]
[2650 2845 2865 2735 2710 2825 2780 2700] [2325 2370 2380 2360 2575 2770 2920 2850]
[2775 2865 2885 2790 2880 2820 2700 2620] [2275 2445 2295 2380 2590 2775 2955 2885]
[2850 2870 2915 2835 2745 2800 2935 2575] [2210 2135 2250 2455 2600 2890 3025 3050]
[2900 2835 2940 2860 2805 2650 2795 2745] [2425 2105 2005 2370 2560 2900 2950 2940]
[2810 2815 2805 2885 2795 2680 2645 2765] [2095 2155 2045 2185 2510 2755 3150 3000]
[2935 2815 2690 2690 2720 2695 2985 2505] [2195 2020 2075 2190 2275 2580 2960 3070]
COM7 1 7
3
[2720 2555 2895 2795 2795 2670 2690 2475] [2355 2530 2170 2295 2505 2600 2835 2980]
[2900 2905 2880 2800 2715 2815 2670 2730] [2490 2645 2480 2360 2520 2885 2870 2805]
[2650 2845 2865 2735 2710 2825 2780 2700] [2370 2460 2430 2275 2735 2975 2960 2930]
[2775 2865 2885 2790 2880 2820 2700 2620] [2385 2610 2460 2485 2550 2835 2990 2980]
[2850 2870 2915 2835 2745 2800 2935 2575] [2300 2285 2345 2255 2555 2815 3005 3075]
[2900 2835 2940 2860 2805 2650 2795 2745] [2470 2295 2105 2465 2610 2995 3140 3175]
[2810 2815 2805 2885 2795 2680 2645 2765] [2045 2105 2150 2120 2470 2890 2985 3060]
[2935 2815 2690 2690 2720 2695 2985 2505] [2185 2170 2010 2140 2265 2620 3000 3055]
COM3 0 8
3
[2810 2765 2735 2930 2770 2675 2895 2715] [2355 2530 2170 2295 2505 2600 2835 2980]
[3030 2910 2755 2785 2765 2785 2730 2850] [2490 2645 2480 2360 2520 2885 2870 2805]
[2675 2805 2920 2810 2755 2885 2790 2750] [2370 2460 2430 2275 2735 2975 2960 2930]
[2965 2865 2900 2730 2895 2970 2850 2550] [2385 2610 2460 2485 2550 2835 2990 2980]
[2980 2870 2945 2865 2890 2855 2865 2725] [2300 2285 2345 2255 2555 2815 3005 3075]
[2895 2845 2850 2835 2960 2935 2875 2555] [2470 2295 2105 2465 2610 2995 3140 3175]
[2770 3055 2925 3030 2795 2950 2780 2700] [2045 2105 2150 2120 2470 2890 2985 3060]
[2935 2870 2885 2995 3045 2870 2825 2725] [2185 2170 2010 2140 2265 2620 3000 3055]
COM7 1 9
3
[2810 2765 2735 2930 2770 2675 2895 2715] [2335 2435 2450 2375 2360 2705 2785 2960]
[3030 2910 2755 2785 2765 2785 2730 2850] [2415 2540 2520 2325 2600 2800 2840 2875]
[2675 2805 2920 2810 2755 2885 2790 2750] [2370 2330 2280 2295 2665 2800 3025 2900]
[2965 2865 2900 2730 2895 2970 2850 2550] [2370 2515 2390 2440 2575 2755 3015 2870]
[2980 2870 2945 2865 2890 2855 2865 2725] [2355 2385 2295 2265 2590 2885 3110 2980]
[2895 2845 2850 2835 2960 2935 2875 2555] [2245 2305 2080 2440 2625 2955 3050 3190]
[2770 3055 2925 3030 2795 2950 2780 2700] [2205 2385 2050 2305 2380 2725 2865 3080]
[2935 2870 2885 2995 3045 2870 2825 2725] [2210 2030 2035 2125 2320 2555 2940 2905]
COM3 0 10
3
[2925 2660 2545 2635 2715 2665 2670 2450] [2335 2435 2450 2375 2360 2705 2785 2960]
[2700 2930 2840 2825 2850 2835 2765 2625] [2415 2540 2520 2325 2600 2800 2840 2875]
[2740 2705 2915 2780 2665 2810 2725 2680] [2370 2330 2280 2295 2665 2800 3025 2900]
[2790 2745 2865 2850 2880 2750 2830 2540] [2370 2515 2390 2440 2575 2755 3015 2870]
[2750 2900 2890 2790 2940 2860 2935 2765] [2355 2385 2295 2265 2590 2885 3110 2980]
[2880 2715 3005 2855 2775 2810 2850 2765] [2245 2305 2080 2440 2625 2955 3050 3190]
[2730 2955 2710 2850 2680 2820 2675 2805] [2205 2385 2050 2305 2380 2725 2865 3080]
[3095 2710 2835 2900 2890 2855 2850 2710] [2210 2030 2035 2125 2320 2555 2940 2905]
COM7 1 11
3
[2925 2660 2545 2635 2715 2665 2670 2450] [2435 2425 2350 2135 2465 2500 2895 2855]
[2700 2930 2840 2825 2850 2835 2765 2625] [2395 2535 2355 2235 2500 2845 2810 2720]
[2740 2705 2915 2780 2665 2810 2725 2680] [2425 2410 2425 2260 2675 2860 2940 2945]
[2790 2745 2865 2850 2880 2750 2830 2540] [2300 2360 2320 2450 2525 2870 2925 2945]
[2750 2900 2890 2790 2940 2860 2935 2765] [2245 2270 2210 2335 2615 2905 3005 3030]
[2880 2715 3005 2855 2775 2810 2850 2765] [2280 2330 2120 2410 2635 2840 3095 2935]
[2730 2955 2710 2850 2680 2820 2675 2805] [2105 2125 2020 2210 2550 2810 3070 3240]
[3095 2710 2835 2900 2890 2855 2850 2710] [2280 2000 2045 2210 2280 2595 3010 3055]
COM3 0 12
3
[2590 2595 2605 2675 2680 2705 2775 2540] [2435 2425 2350 2135 2465 2500 2895 2855]
[2945 2855 2790 2800 2695 2725 2680 2475] [2395 2535 2355 2235 2500 2845 2810 2720]
[2575 2810 2710 2745 2725 2795 2790 2690] [2425 2410 2425 2260 2675 2860 2940 2945]
[2755 2695 2810 2790 2795 2770 2820 2740] [2300 2360 2320 2450 2525 2870 2925 2945]
[2930 2830 2900 2760 2915 2800 2855 2640] [2245 2270 2210 2335 2615 2905 3005 3030]
[2820 2915 2935 2740 2800 2745 2800 2580] [2280 2330 2120 2410 2635 2840 3095 2935]
[2810 2770 2785 2715 2840 2885 2795 2715] [2105 2125 2020 2210 2550 2810 3070 3240]
[2865 3070 2860 2845 2820 2940 2910 2590] [2280 2000 2045 2210 2280 2595 3010 3055]
COM7 1 13
3
[2590 2595 2605 2675 2680 2705 2775 2540] [2360 2595 2395 2305 2515 2600 2770 2845]
[2945 2855 2790 2800 2695 2725 2680 2475] [2485 2505 2545 2320 2480 2870 2855 2950]
[2575 2810 2710 2745 2725 2795 2790 2690] [2500 2690 2390 2390 2675 2875 2980 2840]
[2755 2695 2810 2790 2795 2770 2820 2740] [2415 2535 2280 2465 2675 2845 3030 2935]
[2930 2830 2900 2760 2915 2800 2855 2640] [2375 2355 2270 2265 2680 2875 3065 2945]
[2820 2915 2935 2740 2800 2745 2800 2580] [2370 2290 2285 2485 2645 2890 3115 3090]
[2810 2770 2785 2715 2840 2885 2795 2715] [2175 2315 2220 2235 2380 2780 3025 3065]
[2865 3070 2860 2845 2820 2940 2910 2590] [2210 2150 2135 2180 2365 2655 2925 2965]
COM3 0 14
3
[2650 2850 2765 2770 2820 2770 2800 2555] [2360 2595 2395 2305 2515 2600 2770 2845]
[2850 2840 2755 2855 2825 2765 2670 2590] [2485 2505 2545 2320 2480 2870 2855 2950]
[2720 2825 2950 2775 2725 2900 2745 2615] [2500 2690 2390 2390 2675 2875 2980 2840]
[2925 3000 2815 2770 2895 3095 2770 2790] [2415 2535 2280 2465 2675 2845 3030 2935]
[2890 2740 2800 2705 2885 2790 2760 2835] [2375 2355 2270 2265 2680 2875 3065 2945]
[2780 2900 2825 2825 2775 2785 2970 2795] [2370 2290 2285 2485 2645 2890 3115 3090]
[2970 2945 2785 2880 2840 2810 2850 2740] [2175 2315 2220 2235 2380 2780 3025 3065]
[2825 2835 2935 2895 2890 2890 2845 2775] [2210 2150 2135 2180 2365 2655 2925 2965]
COM7 1 15
3
[2650 2850 2765 2770 2820 2770 2800 2555] [2420 2630 2375 2350 2550 2660 2895 2960]
[2850 2840 2755 2855 2825 2765 2670 2590] [2365 2550 2335 2325 2505 2825 2895 2800]
[2720 2825 2950 2775 2725 2900 2745 2615] [2560 2530 2375 2285 2630 2775 2940 2840]
[2925 3000 2815 2770 2895 3095 2770 2790] [2455 2410 2430 2420 2625 2910 2960 2955]
[2890 2740 2800 2705 2885 2790 2760 2835] [2255 2305 2250 2070 2590 2800 2955 3100]
[2780 2900 2825 2825 2775 2785 2970 2795] [2250 2215 2225 2440 2540 2940 3060 2985]
[2970 2945 2785 2880 2840 2810 2850 2740] [2205 2305 2350 2115 2355 2815 3025 3140]
[2825 2835 2935 2895 2890 2890 2845 2775] [2235 2105 2045 2195 2290 2790 2840 3175]
COM3 0 16
3
[2740 2590 2660 2715 2650 2670 2810 2555] [2420 2630 2375 2350 2550 2660 2895 2960]
[2800 2930 2610 2945 2730 2810 2685 2550] [2365 2550 2335 2325 2505 2825 2895 2800]
[2675 2605 2845 2735 2725 2770 2730 2750] [2560 2530 2375 2285 2630 2775 2940 2840]
[2785 2705 2900 2790 2770 2830 2785 2520] [2455 2410 2430 2420 2625 2910 2960 2955]
[2820 2785 2735 2805 2840 2630 2970 2805] [2255 2305 2250 2070 2590 2800 2955 3100]
[2810 2920 2980 2860 2700 2915 2760 2615] [2250 2215 2225 2440 2540 2940 3060 2985]
[2815 2905 2785 2865 2735 2795 2790 2700] [2205 2305 2350 2115 2355 2815 3025 3140]
[2935 2850 2835 2940 2685 2905 2945 2590] [2235 2105 2045 2195 2290 2790 2840 3175]
COM7 1 17
3
[2740 2590 2660 2715 2650 2670 2810 2555] [2440 2640 2240 2265 2385 2715 3055 3025]
[2800 2930 2610 2945 2730 2810 2685 2550] [2435 2505 2435 2305 2525 2835 2855 2815]
[2675 2605 2845 2735 2725 2770 2730 2750] [2480 2420 2420 2315 2685 2885 2975 2910]
[2785 2705 2900 2790 2770 2830 2785 2520] [2315 2300 2505 2470 2615 2995 2990 2925]
[2820 2785 2735 2805 2840 2630 2970 2805] [2275 2165 2330 2230 2695 2845 2995 2975]
[2810 2920 2980 2860 2700 2915 2760 2615] [2280 2070 2120 2360 2630 2915 3115 3105]
[2815 2905 2785 2865 2735 2795 2790 2700] [2090 2255 2160 2150 2420 2745 2875 3055]
[2935 2850 2835 2940 2685 2905 2945 2590] [2235 2085 1955 2125 2335 2660 2840 3010]
COM3 0 18
3
[2655 2670 2740 2745 2610 2780 2770 2685] [2440 2640 2240 2265 2385 2715 3055 3025]
[2875 2900 2650 2865 2805 2685 2730 2645] [2435 2505 2435 2305 2525 2835 2855 2815]
[2720 2860 2905 2810 2855 2860 2740 2725] [2480 2420 2420 2315 2685 2885 2975 2910]
[2895 2930 2900 2685 2930 2820 2740 2815] [2315 2300 2505 2470 2615 2995 2990 2925]
[2915 2810 2655 2775 2885 2935 2955 2870] [2275 2165 2330 2230 2695 2845 2995 2975]
[2710 2900 2910 2825 2800 2915 2805 2670] [2280 2070 2120 2360 2630 2915 3115 3105]
[2995 2975 2735 2895 2800 2835 2670 2745] [2090 2255 2160 2150 2420 2745 2875 3055]
[2790 2965 2620 2875 2675 2815 3075 2635] [2235 2085 1955 2125 2335 2660 2840 3010]
COM7 1 19
3
[2655 2670 2740 2745 2610 2780 2770 2685] [2470 2455 2375 2220 2530 2770 2835 2805]
[2875 2900 2650 2865 2805 2685 2730 2645] [2245 2595 2335 2310 2645 2870 2860 2795]
[2720 2860 2905 2810 2855 2860 2740 2725] [2470 2455 2370 2390 2695 2885 2920 2915]
[2895 2930 2900 2685 2930 2820 2740 2815] [2415 2540 2400 2320 2630 2840 2975 2800]
[2915 2810 2655 2775 2885 2935 2955 2870] [2160 2250 2195 2190 2565 2945 2960 3050]
[2710 2900 2910 2825 2800 2915 2805 2670] [2095 2215 2080 2380 2575 2955 3050 2975]
[2995 2975 2735 2895 2800 2835 2670 2745] [2105 2245 2155 2180 2530 2780 3015 3125]
[2790 2965 2620 2875 2675 2815 3075 2635] [2195 2050 2015 2175 2280 2605 2905 3050]
COM3 0 20
3
[2570 2645 2680 2695 2715 2670 2830 2535] [2470 2455 2375 2220 2530 2770 2835 2805]
[2830 2670 2670 2920 2735 2800 2670 2590] [2245 2595 2335 2310 2645 2870 2860 2795]
[2630 2840 2675 2650 2745 2750 2750 2625] [2470 2455 2370 2390 2695 2885 2920 2915]
[2725 2810 2720 2720 2880 2585 2805 2850] [2415 2540 2400 2320 2630 2840 2975 2800]
[2800 2670 2890 2790 2825 2775 2900 2555] [2160 2250 2195 2190 2565 2945 2960 3050]
[2640 2665 2645 2800 2745 2705 2825 2595] [2095 2215 2080 2380 2575 2955 3050 2975]
[2635 2590 2715 2970 2695 2775 2870 2725] [2105 2245 2155 2180 2530 2780 3015 3125]
[2790 2790 2860 2810 2830 2850 2845 2490] [2195 2050 2015 2175 2280 2605 2905 3050]
COM7 1 21
3
[2570 2645 2680 2695 2715 2670 2830 2535] [2440 2430 2365 2265 2395 2605 2810 3100]
[2830 2670 2670 2920 2735 2800 2670 2590] [2530 2590 2405 2345 2500 2755 2960 2860]
[2630 2840 2675 2650 2745 2750 2750 2625] [2320 2360 2380 2365 2715 2715 2940 2830]
[2725 2810 2720 2720 2880 2585 2805 2850] [2540 2415 2280 2340 2570 2780 2940 2890]
[2800 2670 2890 2790 2825 2775 2900 2555] [2290 2160 2245 2255 2560 2840 3035 3105]
[2640 2665 2645 2800 2745 2705 2825 2595] [2075 2130 2215 2290 2550 2925 3040 3045]
[2635 2590 2715 2970 2695 2775 2870 2725] [2005 2150 2150 2190 2390 2790 3055 3080]
[2790 2790 2860 2810 2830 2850 2845 2490] [2120 1975 2120 2200 2085 2555 2875 3075]
COM3 0 22
3
[2640 2695 2580 2795 2605 2670 2775 2655] [2440 2430 2365 2265 2395 2605 2810 3100]
[2710 2780 2735 2795 2755 2740 2675 2565] [2530 2590 2405 2345 2500 2755 2960 2860]
[2720 2890 2815 2715 2715 2785 2690 2765] [2320 2360 2380 2365 2715 2715 2940 2830]
[2780 2765 2900 2660 2945 2750 2765 2655] [2540 2415 2280 2340 2570 2780 2940 2890]
[2885 2935 2890 2865 2805 2830 2785 2905] [2290 2160 2245 2255 2560 2840 3035 3105]
[2660 2940 2775 2990 2785 2835 2995 2645] [2075 2130 2215 2290 2550 2925 3040 3045]
[2910 2740 2710 2805 2650 2790 2530 2610] [2005 2150 2150 2190 2390 2790 3055 3080]
[2935 2960 2935 2805 2820 2680 2895 2710] [2120 1975 2120 2200 2085 2555 2875 3075]
COM7 1 23
3
[2640 2695 2580 2795 2605 2670 2775 2655] [2525 2430 2310 2285 2470 2540 2960 2915]
[2710 2780 2735 2795 2755 2740 2675 2565] [2310 2660 2520 2350 2570 2900 2940 2955]
[2720 2890 2815 2715 2715 2785 2690 2765] [2530 2450 2430 2365 2690 2800 2860 2900]
[2780 2765 2900 2660 2945 2750 2765 2655] [2475 2495 2395 2375 2625 2800 3035 2935]
[2885 2935 2890 2865 2805 2830 2785 2905] [2175 2355 2285 2255 2615 2855 2995 3055]
[2660 2940 2775 2990 2785 2835 2995 2645] [2160 2295 2175 2425 2595 2890 3010 3165]
[2910 2740 2710 2805 2650 2790 2530 2610] [2160 2330 2105 2195 2420 2850 2955 3105]
[2935 2960 2935 2805 2820 2680 2895 2710] [2230 2070 2170 2150 2270 2620 2825 3120]
COM3 0 24
3
[2670 2575 2860 2775 2685 2685 2685 2600] [2525 2430 2310 2285 2470 2540 2960 2915]
[2870 2920 2800 2910 2765 2820 2710 2540] [2310 2660 2520 2350 2570 2900 2940 2955]
[2695 2805 2780 2625 2800 2725 2845 2640] [2530 2450 2430 2365 2690 2800 2860 2900]
[2850 2680 2890 2775 2915 2735 2850 2700] [2475 2495 2395 2375 2625 2800 3035 2935]
[2930 2770 2920 2835 2850 2730 2795 2690] [2175 2355 2285 2255 2615 2855 2995 3055]
[2820 2755 2895 2850 2785 2895 2845 2675] [2160 2295 2175 2425 2595 2890 3010 3165]
[2775 2805 2935 2795 2655 2815 2715 2730] [2160 2330 2105 2195 2420 2850 2955 3105]
[3145 2880 2915 2710 3020 2925 2990 2770] [2230 2070 2170 2150 2270 2620 2825 3120]
COM7 1 25
3
[2670 2575 2860 2775 2685 2685 2685 2600] [2485 2520 2300 2135 2260 2700 2820 2920]
[2870 2920 2800 2910 2765 2820 2710 2540] [2380 2600 2410 2375 2470 2790 2925 2945]
[2695 2805 2780 2625 2800 2725 2845 2640] [2430 2535 2315 2400 2590 2775 2920 2940]
[2850 2680 2890 2775 2915 2735 2850 2700] [2140 2420 2425 2400 2575 2665 2935 2905]
[2930 2770 2920 2835 2850 2730 2795 2690] [2320 2315 2430 2270 2560 2880 3005 3055]
[2820 2755 2895 2850 2785 2895 2845 2675] [2340 2075 2240 2315 2510 3010 2960 2975]
[2775 2805 2935 2795 2655 2815 2715 2730] [2265 2330 2095 2150 2310 2760 2970 3070]
[3145 2880 2915 2710 3020 2925 2990 2770] [2320 2215 2015 2020 2405 2545 2800 3040]
COM3 0 26
3
[2725 2725 2750 2650 2895 2595 2785 2525] [2485 2520 2300 2135 2260 2700 2820 2920]
[2865 2835 2800 2975 2740 2815 2795 2610] [2380 2600 2410 2375 2470 2790 2925 2945]
[2820 2775 2760 2720 2800 2805 2715 2670] [2430 2535 2315 2400 2590 2775 2920 2940]
[2755 2825 2860 2875 2845 2770 2780 2560] [2140 2420 2425 2400 2575 2665 2935 2905]
[2875 2705 2890 2635 2890 2870 2760 2835] [2320 2315 2430 2270 2560 2880 3005 3055]
[2710 3010 2785 2810 2755 2775 2790 2515] [2340 2075 2240 2315 2510 3010 2960 2975]
[2885 2995 2725 2800 2785 2885 2670 2775] [2265 2330 2095 2150 2310 2760 2970 3070]
[2870 2870 2745 2775 2755 2875 2945 2725] [2320 2215 2015 2020 2405 2545 2800 3040]
COM7 1 27
3
[2725 2725 2750 2650 2895 2595 2785 2525] [2445 2705 2545 2115 2595 2680 2945 2860]
[2865 2835 2800 2975 2740 2815 2795 2610] [2470 2545 2220 2345 2440 2845 2985 2860]
[2820 2775 2760 2720 2800 2805 2715 2670] [2430 2495 2395 2280 2670 2865 2900 2865]
[2755 2825 2860 2875 2845 2770 2780 2560] [2485 2560 2295 2525 2670 2780 2915 3010]
[2875 2705 2890 2635 2890 2870 2760 2835] [2345 2295 2240 2320 2545 2870 3070 3070]
[2710 3010 2785 2810 2755 2775 2790 2515] [2165 2290 2065 2490 2625 2955 2960 3015]
[2885 2995 2725 2800 2785 2885 2670 2775] [2305 2235 2160 2175 2330 2760 3015 3115]
[2870 2870 2745 2775 2755 2875 2945 2725] [2220 2170 2060 2195 2320 2685 2840 3090]
COM3 0 28
3
[2900 2610 2665 2710 2710 2615 2785 2535] [2445 2705 2545 2115 2595 2680 2945 2860]
[2720 2840 2735 2930 2850 2870 2760 2645] [2470 2545 2220 2345 2440 2845 2985 2860]
[2775 2755 2850 2800 2695 2790 2855 2655] [2430 2495 2395 2280 2670 2865 2900 2865]
[2785 2895 2790 2665 2960 2790 2850 2635] [2485 2560 2295 2525 2670 2780 2915 3010]
[2855 2810 2840 2865 2840 2875 2875 2625] [2345 2295 2240 2320 2545 2870 3070 3070]
[2700 2955 2930 2855 2815 2705 2840 2655] [2165 2290 2065 2490 2625 2955 2960 3015]
[2870 2955 2895 2835 2830 2920 2680 2815] [2305 2235 2160 2175 2330 2760 3015 3115]
[3010 2855 2715 2800 2830 2735 2890 2875] [2220 2170 2060 2195 2320 2685 2840 3090]
COM7 1 29
3
[2900 2610 2665 2710 2710 2615 2785 2535] [2420 2505 2210 2310 2525 2665 2715 2900]
[2720 2840 2735 2930 2850 2870 2760 2645] [2345 2320 2200 2305 2480 2885 2905 2795]
[2775 2755 2850 2800 2695 2790 2855 2655] [2355 2415 2195 2330 2655 2750 2800 2865]
[2785 2895 2790 2665 2960 2790 2850 2635] [2210 2495 2290 2360 2640 2800 2920 2865]
[2855 2810 2840 2865 2840 2875 2875 2625] [2215 2230 2180 2280 2630 2795 2990 3015]
[2700 2955 2930 2855 2815 2705 2840 2655] [2140 2075 2060 2475 2590 2940 3105 3110]
[2870 2955 2895 2835 2830 2920 2680 2815] [2025 2105 2140 2045 2370 2715 3000 3150]
[3010 2855 2715 2800 2830 2735 2890 2875] [2080 1955 2025 2005 2240 2565 2935 3000]
COM3 0 30
3
[2820 2590 2575 2740 2695 2645 2670 2600] [2420 2505 2210 2310 2525 2665 2715 2900]
[2850 2695 2685 2795 2675 2800 2730 2705] [2345 2320 2200 2305 2480 2885 2905 2795]
[2705 2755 2775 2790 2700 2840 2660 2645] [2355 2415 2195 2330 2655 2750 2800 2865]
[2695 2840 2840 2690 2860 2835 2725 2620] [2210 2495 2290 2360 2640 2800 2920 2865]
[2805 2740 2875 2705 2975 2860 2960 2835] [2215 2230 2180 2280 2630 2795 2990 3015]
[2765 2975 2925 2790 2725 2770 2915 2650] [2140 2075 2060 2475 2590 2940 3105 3110]
[2725 2890 2820 2730 2760 2695 2565 2690] [2025 2105 2140 2045 2370 2715 3000 3150]
[2835 2855 2935 2825 2840 2890 2990 2580] [2080 1955 2025 2005 2240 2565 2935 3000]
COM7 1 31
3
[2820 2590 2575 2740 2695 2645 2670 2600] [2415 2455 2350 2290 2455 2645 2810 2870]
[2850 2695 2685 2795 2675 2800 2730 2705] [2455 2570 2235 2270 2430 2795 2775 2875]
[2705 2755 2775 2790 2700 2840 2660 2645] [2345 2400 2320 2295 2685 2790 2905 2785]
[2695 2840 2840 2690 2860 2835 2725 2620] [2145 2015 2350 2225 2480 2800 2975 2895]
[2805 2740 2875 2705 2975 2860 2960 2835] [2230 2005 2240 2245 2665 2780 2940 3030]
[2765 2975 2925 2790 2725 2770 2915 2650] [2060 2205 2165 2180 2540 2865 3020 3120]
[2725 2890 2820 2730 2760 2695 2565 2690] [1890 2220 2055 2175 2440 2815 2980 3085]
[2835 2855 2935 2825 2840 2890 2990 2580] [2145 2020 2030 2075 2200 2515 2915 3140]
COM3 0 32
3
[2765 2685 2655 2735 2845 2665 2745 2670] [2415 2455 2350 2290 2455 2645 2810 2870]
[2970 2850 2760 2835 2730 2850 2705 2600] [2455 2570 2235 2270 2430 2795 2775 2875]
[2810 2940 2870 2815 2725 2740 2700 2685] [2345 2400 2320 2295 2685 2790 2905 2785]
[2880 3000 2845 2725 2915 2850 2700 2800] [2145 2015 2350 2225 2480 2800 2975 2895]
[2745 2870 2900 2785 2900 2830 2970 2870] [2230 2005 2240 2245 2665 2780 2940 3030]
[2780 2915 2920 2945 2690 2915 2915 2685] [2060 2205 2165 2180 2540 2865 3020 3120]
[3050 2900 2915 2755 2815 2785 2875 2815] [1890 2220 2055 2175 2440 2815 2980 3085]
[3040 2735 2990 2930 3075 2700 3005 2585] [2145 2020 2030 2075 2200 2515 2915 3140]
COM7 1 33
3
[2765 2685 2655 2735 2845 2665 2745 2670] [2420 2510 2315 2140 2595 2570 2965 2780]
[2970 2850 2760 2835 2730 2850 2705 2600] [2270 2530 2370 2290 2450 2700 2955 2775]
[2810 2940 2870 2815 2725 2740 2700 2685] [2390 2495 2290 2345 2615 2800 2855 2860]
[2880 3000 2845 2725 2915 2850 2700 2800] [2315 2300 2335 2355 2540 2800 2920 2850]
[2745 2870 2900 2785 2900 2830 2970 2870] [2315 2385 2080 2225 2515 2850 2965 3030]
[2780 2915 2920 2945 2690 2915 2915 2685] [2175 2095 2160 2360 2555 2910 3090 3100]
[3050 2900 2915 2755 2815 2785 2875 2815] [2035 2030 2115 2035 2355 2770 2970 2950]
[3040 2735 2990 2930 3075 2700 3005 2585] [2105 1810 1950 2170 2240 2545 2935 2955]
COM3 0 34
3
[2635 2660 2560 2615 2700 2670 2700 2615] [2420 2510 2315 2140 2595 2570 2965 2780]
[2790 2645 2770 2715 2740 2740 2775 2645] [2270 2530 2370 2290 2450 2700 2955 2775]
[2655 2770 2675 2760 2765 2685 2710 2740] [2390 2495 2290 2345 2615 2800 2855 2860]
[2740 2875 2815 2725 2730 2870 2720 2635] [2315 2300 2335 2355 2540 2800 2920 2850]
[2845 2820 2750 2700 2995 2845 2975 2790] [2315 2385 2080 2225 2515 2850 2965 3030]
[2710 2795 2965 2810 2740 2830 2820 2665] [2175 2095 2160 2360 2555 2910 3090 3100]
[2770 3005 2850 2835 2810 2835 2695 2620] [2035 2030 2115 2035 2355 2770 2970 2950]
[2890 2835 3080 2825 2870 2855 2905 2785] [2105 1810 1950 2170 2240 2545 2935 2955]
COM7 1 35
3
[2635 2660 2560 2615 2700 2670 2700 2615] [2430 2390 2255 2285 2435 2745 2870 2960]
[2790 2645 2770 2715 2740 2740 2775 2645] [2430 2500 2420 2305 2385 2755 2825 2775]
[2655 2770 2675 2760 2765 2685 2710 2740] [2340 2410 2195 2355 2725 2800 2900 2865]
[2740 2875 2815 2725 2730 2870 2720 2635] [2295 2230 2495 2380 2535 2800 2970 2875]
[2845 2820 2750 2700 2995 2845 2975 2790] [2200 2135 2295 2260 2625 2840 3030 3070]
[2710 2795 2965 2810 2740 2830 2820 2665] [1980 2115 2125 2380 2545 2895 3040 3090]
[2770 3005 2850 2835 2810 2835 2695 2620] [1890 2185 2025 2120 2310 2700 2945 3225]
[2890 2835 3080 2825 2870 2855 2905 2785] [2195 1945 2045 2025 2250 2620 2835 2900]
COM3 0 36
3
[2860 2670 2790 2760 2700 2670 2685 2545] [2430 2390 2255 2285 2435 2745 2870 2960]
[2955 2845 2785 2745 2785 2690 2710 2560] [2430 2500 2420 2305 2385 2755 2825 2775]
[2600 2735 2875 2705 2865 2810 2805 2650] [2340 2410 2195 2355 2725 2800 2900 2865]
[2770 2840 2905 2830 2840 2795 2700 2690] [2295 2230 2495 2380 2535 2800 2970 2875]
[2890 2865 2905 2815 2835 2700 2925 2825] [2200 2135 2295 2260 2625 2840 3030 3070]
[2595 2830 3010 2935 2865 2915 2870 2750] [1980 2115 2125 2380 2545 2895 3040 3090]
[2650 2940 2690 2960 2905 2910 2770 2925] [1890 2185 2025 2120 2310 2700 2945 3225]
[2935 2850 2935 2900 2680 2850 2915 2835] [2195 1945 2045 2025 2250 2620 2835 2900]
COM7 1 37
3
[2860 2670 2790 2760 2700 2670 2685 2545] [2380 2410 2235 2090 2455 2530 2885 2810]
[2955 2845 2785 2745 2785 2690 2710 2560] [2295 2450 2170 2335 2470 2860 2910 2955]
[2600 2735 2875 2705 2865 2810 2805 2650] [2400 2435 2365 2360 2735 2795 2885 2925]
[2770 2840 2905 2830 2840 2795 2700 2690] [2330 2040 2280 2425 2545 2830 2990 2895]
[2890 2865 2905 2815 2835 2700 2925 2825] [2305 2240 2245 2190 2525 2815 2960 3040]
[2595 2830 3010 2935 2865 2915 2870 2750] [2195 2135 2160 2370 2525 2995 3025 3025]
[2650 2940 2690 2960 2905 2910 2770 2925] [1995 2005 2155 2120 2435 2675 2985 3085]
[2935 2850 2935 2900 2680 2850 2915 2835] [1970 1990 2040 2150 2245 2480 2925 3025]
COM3 0 38
3
[2845 2715 2620 2825 2605 2630 2745 2580] [2380 2410 2235 2090 2455 2530 2885 2810]
[2705 2865 2595 2875 2690 2755 2730 2570] [2295 2450 2170 2335 2470 2860 2910 2955]
[2710 2770 2920 2850 2755 2720 2770 2600] [2400 2435 2365 2360 2735 2795 2885 2925]
[2755 2805 2750 2650 2845 2945 2635 2645] [2330 2040 2280 2425 2545 2830 2990 2895]
[2895 2810 2845 2850 2855 2685 2795 2825] [2305 2240 2245 2190 2525 2815 2960 3040]
[2960 2750 2805 2860 2875 2945 3000 2685] [2195 2135 2160 2370 2525 2995 3025 3025]
[2705 2840 2850 2900 2760 2790 2700 2515] [1995 2005 2155 2120 2435 2675 2985 3085]
[3100 3015 2935 2860 2810 2815 2750 2825] [1970 1990 2040 2150 2245 2480 2925 3025]
COM7 1 39
3
[2845 2715 2620 2825 2605 2630 2745 2580] [2360 2510 2230 2295 2400 2695 2800 2995]
[2705 2865 2595 2875 2690 2755 2730 2570] [2570 2485 2460 2380 2570 2860 2895 2965]
[2710 2770 2920 2850 2755 2720 2770 2600] [2430 2470 2305 2325 2605 2800 2895 2830]
[2755 2805 2750 2650 2845 2945 2635 2645] [2510 2445 2295 2370 2575 2875 2870 2920]
[2895 2810 2845 2850 2855 2685 2795 2825] [2350 2390 2370 2240 2630 2900 3055 3070]
[2960 2750 2805 2860 2875 2945 3000 2685] [2095 2265 2045 2360 2590 2840 3005 2950]
[2705 2840 2850 2900 2760 2790 2700 2515] [2175 2370 2175 2125 2425 2750 2900 3070]
[3100 3015 2935 2860 2810 2815 2750 2825] [2270 1845 2010 2075 2290 2540 2900 3000]
COM3 0 40
3
[2740 2610 2655 2845 2740 2650 2780 2565] [2360 2510 2230 2295 2400 2695 2800 2995]
[2795 2795 2795 2840 2700 2705 2695 2575] [2570 2485 2460 2380 2570 2860 2895 2965]
[2735 2820 2765 2840 2700 2855 2770 2725] [2430 2470 2305 2325 2605 2800 2895 2830]
[2875 2750 2935 2790 2795 2790 2840 2635] [2510 2445 2295 2370 2575 2875 2870 2920]
[2765 2790 2905 2790 2780 2825 2805 2765] [2350 2390 2370 2240 2630 2900 3055 3070]
[2915 2900 2905 2895 2790 2895 2825 2580] [2095 2265 2045 2360 2590 2840 3005 2950]
[2810 2985 2800 2785 2955 2775 2660 2610] [2175 2370 2175 2125 2425 2750 2900 3070]
[2935 2960 2825 2890 2835 2875 2745 2710] [2270 1845 2010 2075 2290 2540 2900 3000]
COM7 1 41
3
[2740 2610 2655 2845 2740 2650 2780 2565] [2775 2555 2420 2190 2510 2630 2775 2920]
[2795 2795 2795 2840 2700 2705 2695 2575] [2325 2510 2545 2240 2520 2815 2915 2860]
[2735 2820 2765 2840 2700 2855 2770 2725] [2420 2470 2380 2395 2715 2870 2975 2905]
[2875 2750 2935 2790 2795 2790 2840 2635] [2300 2470 2320 2350 2505 2710 3060 2945]
[2765 2790 2905 2790 2780 2825 2805 2765] [2430 2445 2125 2240 2595 2910 3045 3060]
[2915 2900 2905 2895 2790 2895 2825 2580] [2260 2050 2100 2345 2590 2900 3065 3055]
[2810 2985 2800 2785 2955 2775 2660 2610] [2070 2295 2305 2260 2350 2825 2955 3195]
[2935 2960 2825 2890 2835 2875 2745 2710] [2200 2130 2115 2115 2295 2570 2965 3180]
COM3 0 42
3
[2645 2615 2725 2635 2835 2655 2835 2530] [2775 2555 2420 2190 2510 2630 2775 2920]
[2745 2855 2750 2880 2775 2815 2775 2565] [2325 2510 2545 2240 2520 2815 2915 2860]
[2725 2845 2715 2740 2605 2800 2715 2715] [2420 2470 2380 2395 2715 2870 2975 2905]
[2730 2855 2860 2865 2765 2810 2660 2625] [2300 2470 2320 2350 2505 2710 3060 2945]
[2770 2745 2800 2855 2860 2710 2750 2705] [2430 2445 2125 2240 2595 2910 3045 3060]
[2810 2905 2930 2950 2825 2710 2800 2810] [2260 2050 2100 2345 2590 2900 3065 3055]
[2855 2825 2790 2795 2760 2920 2820 2595] [2070 2295 2305 2260 2350 2825 2955 3195]
[3095 2840 2765 2810 2920 2835 2760 3035] [2200 2130 2115 2115 2295 2570 2965 3180]
COM7 1 43
3
[2645 2615 2725 2635 2835 2655 2835 2530] [2580 2570 2515 2380 2540 2675 2855 2965]
[2745 2855 2750 2880 2775 2815 2775 2565] [2550 2700 2450 2370 2580 2885 2870 2930]
[2725 2845 2715 2740 2605 2800 2715 2715] [2510 2615 2575 2430 2770 2875 2960 2950]
[2730 2855 2860 2865 2765 2810 2660 2625] [2480 2260 2485 2475 2600 2900 3000 2940]
[2770 2745 2800 2855 2860 2710 2750 2705] [2400 2405 2210 2225 2675 2865 3090 3085]
[2810 2905 2930 2950 2825 2710 2800 2810] [2485 2305 2320 2515 2620 3015 3035 3035]
[2855 2825 2790 2795 2760 2920 2820 2595] [2240 2225 2245 2215 2515 2790 3005 3040]
[3095 2840 2765 2810 2920 2835 2760 3035] [2240 2270 2120 2310 2350 2625 2925 3145]
COM3 0 44
3
[2735 2725 2830 2770 2745 2670 2735 2485] [2580 2570 2515 2380 2540 2675 2855 2965]
[2995 2890 2695 2965 2765 2800 2705 2715] [2550 2700 2450 2370 2580 2885 2870 2930]
[2685 2840 2800 2795 2650 2765 2770 2700] [2510 2615 2575 2430 2770 2875 2960 2950]
[2785 2865 2930 2865 2830 2880 2700 2735] [2480 2260 2485 2475 2600 2900 3000 2940]
[2865 2785 2975 2775 2810 2840 2840 2810] [2400 2405 2210 2225 2675 2865 3090 3085]
[2830 2755 3010 2950 2785 2915 2725 2830] [2485 2305 2320 2515 2620 3015 3035 3035]
[2665 2805 2855 2810 2830 2885 2805 2835] [2240 2225 2245 2215 2515 2790 3005 3040]
[2935 2880 2635 2790 2835 2845 2855 2665] [2240 2270 2120 2310 2350 2625 2925 3145]
COM7 1 45
3
[2735 2725 2830 2770 2745 2670 2735 2485] [2435 2405 2135 2215 2460 2585 2835 2920]
[2995 2890 2695 2965 2765 2800 2705 2715] [2190 2345 2285 2155 2315 2705 2810 2745]
[2685 2840 2800 2795 2650 2765 2770 2700] [2320 2350 2270 2285 2565 2755 2875 2860]
[2785 2865 2930 2865 2830 2880 2700 2735] [2220 2155 2215 2375 2615 2885 2870 2900]
[2865 2785 2975 2775 2810 2840 2840 2810] [2005 2270 2110 2170 2615 2805 3000 3025]
[2830 2755 3010 2950 2785 2915 2725 2830] [2005 1770 2045 2305 2525 2935 2960 2900]
[2665 2805 2855 2810 2830 2885 2805 2835] [1925 2100 1920 2185 2330 2745 2970 3040]
[2935 2880 2635 2790 2835 2845 2855 2665] [2020 1915 2025 2005 2280 2675 2890 3140]
COM3 0 46
3
[2580 2685 2680 2700 2620 2715 2720 2685] [2435 2405 2135 2215 2460 2585 2835 2920]
[3055 2870 2695 2885 2785 2885 2715 2710] [2190 2345 2285 2155 2315 2705 2810 2745]
[2775 2745 2815 2810 2650 2790 2765 2750] [2320 2350 2270 2285 2565 2755 2875 2860]
[2715 2830 2855 2640 2735 2765 2775 2605] [2220 2155 2215 2375 2615 2885 2870 2900]
[2700 2900 2785 2765 2805 2790 2885 2850] [2005 2270 2110 2170 2615 2805 3000 3025]
[2795 2780 2995 2950 2655 2870 2910 2735] [2005 1770 2045 2305 2525 2935 2960 2900]
[2740 2950 2790 2870 2715 2840 2850 2665] [1925 2100 1920 2185 2330 2745 2970 3040]
[3050 2810 2845 2810 2765 2805 2955 2695] [2020 1915 2025 2005 2280 2675 2890 3140]
COM7 1 47
3
[2580 2685 2680 2700 2620 2715 2720 2685] [2485 2525 2530 2265 2305 2670 2950 2925]
[3055 2870 2695 2885 2785 2885 2715 2710] [2280 2635 2375 2325 2435 2770 2815 2725]
[2775 2745 2815 2810 2650 2790 2765 2750] [2340 2365 2270 2260 2680 2885 2865 2965]
[2715 2830 2855 2640 2735 2765 2775 2605] [2335 2435 2275 2370 2575 2835 2920 2935]
[2700 2900 2785 2765 2805 2790 2885 2850] [2145 2255 2235 2275 2645 2870 3100 2990]
[2795 2780 2995 2950 2655 2870 2910 2735] [2155 2070 2205 2325 2575 3000 3105 3020]
[2740 2950 2790 2870 2715 2840 2850 2665] [1995 2075 2085 2100 2340 2775 2895 3115]
[3050 2810 2845 2810 2765 2805 2955 2695] [2210 1915 1970 2170 2320 2565 3010 3175]
COM3 0 48
3
[2685 2575 2790 2795 2740 2620 2810 2810] [2485 2525 2530 2265 2305 2670 2950 2925]
[2825 2820 2825 2800 2785 2700 2660 2690] [2280 2635 2375 2325 2435 2770 2815 2725]
[2625 2855 2910 2810 2725 2790 2700 2610] [2340 2365 2270 2260 2680 2885 2865 2965]
[2815 2800 2900 2840 2910 2830 2905 2670] [2335 2435 2275 2370 2575 2835 2920 2935]
[2800 2940 2900 2850 2815 2625 2845 2605] [2145 2255 2235 2275 2645 2870 3100 2990]
[2825 2780 2850 2945 2745 2810 2815 2630] [2155 2070 2205 2325 2575 3000 3105 3020]
[3000 2945 2975 2895 2655 2835 2875 2830] [1995 2075 2085 2100 2340 2775 2895 3115]
[2895 2855 2910 2855 2840 2655 2860 2685] [2210 1915 1970 2170 2320 2565 3010 3175]
COM7 1 49
3
[2685 2575 2790 2795 2740 2620 2810 2810] [2305 2480 2390 2305 2550 2675 2835 2970]
[2825 2820 2825 2800 2785 2700 2660 2690] [2435 2510 2485 2255 2350 2825 2885 2820]
[2625 2855 2910 2810 2725 2790 2700 2610] [2350 2510 2410 2385 2735 2800 2875 2930]
[2815 2800 2900 2840 2910 2830 2905 2670] [2365 2340 2330 2350 2595 2850 2985 2940]
[2800 2940 2900 2850 2815 2625 2845 2605] [2195 2250 2300 2225 2665 2970 3105 3110]
[2825 2780 2850 2945 2745 2810 2815 2630] [2255 1965 2110 2505 2560 2955 3035 2995]
[3000 2945 2975 2895 2655 2835 2875 2830] [2220 2205 1965 2045 2500 2850 3040 3060]
[2895 2855 2910 2855 2840 2655 2860 2685] [2160 2080 2030 2115 2260 2555 2890 3050]
COM3 0 50
3
[2890 2615 2595 2845 2700 2700 2680 2600] [2305 2480 2390 2305 2550 2675 2835 2970]
[2695 2930 2800 2755 2775 2840 2825 2635] [2435 2510 2485 2255 2350 2825 2885 2820]
[2615 2760 2870 2790 2655 2795 2660 2595] [2350 2510 2410 2385 2735 2800 2875 2930]
[2815 2870 2885 2710 2810 2825 2695 2615] [2365 2340 2330 2350 2595 2850 2985 2940]
[2995 2865 2770 2755 2840 2760 2900 2850] [2195 2250 2300 2225 2665 2970 3105 3110]
[2915 3055 2985 2895 2745 2870 3000 2580] [2255 1965 2110 2505 2560 2955 3035 2995]
[2725 2830 2730 3035 3075 2770 2640 2850] [2220 2205 1965 2045 2500 2850 3040 3060]
[3065 2935 2915 2845 2655 2780 3000 2725] [2160 2080 2030 2115 2260 2555 2890 3050]
COM7 1 51
3
[2890 2615 2595 2845 2700 2700 2680 2600] [2425 2545 2515 2360 2440 2670 2975 2915]
[2695 2930 2800 2755 2775 2840 2825 2635] [2460 2575 2355 2335 2530 2870 2910 2860]
[2615 2760 2870 2790 2655 2795 2660 2595] [2490 2535 2395 2360 2685 2825 2940 2840]
[2815 2870 2885 2710 2810 2825 2695 2615] [2245 2475 2390 2340 2560 2880 2905 2965]
[2995 2865 2770 2755 2840 2760 2900 2850] [2405 2160 2250 2325 2655 2810 3035 2930]
[2915 3055 2985 2895 2745 2870 3000 2580] [2385 2165 2205 2475 2665 2915 3095 3060]
[2725 2830 2730 3035 3075 2770 2640 2850] [2280 2250 2140 2180 2405 2800 3020 3175]
[3065 2935 2915 2845 2655 2780 3000 2725] [2215 2005 1980 2125 2200 2710 2840 3125]
COM3 0 52
3
[2710 2625 2700 2840 2725 2645 2725 2650] [2425 2545 2515 2360 2440 2670 2975 2915]
[2940 2845 2745 2860 2795 2900 2690 2765] [2460 2575 2355 2335 2530 2870 2910 2860]
[2745 2725 2825 2805 2715 2865 2780 2680] [2490 2535 2395 2360 2685 2825 2940 2840]
[2870 2875 2905 2910 2785 2795 2650 2695] [2245 2475 2390 2340 2560 2880 2905 2965]
[3045 2810 2955 2895 2950 2795 2850 2800] [2405 2160 2250 2325 2655 2810 3035 2930]
[2895 2755 2870 2825 2720 2910 2740 2790] [2385 2165 2205 2475 2665 2915 3095 3060]
[2835 2825 2725 2905 2755 2715 2795 2715] [2280 2250 2140 2180 2405 2800 3020 3175]
[3065 2810 2870 2875 2830 2820 2975 2780] [2215 2005 1980 2125 2200 2710 2840 3125]
COM7 1 53
3
[2710 2625 2700 2840 2725 2645 2725 2650] [2410 2375 2325 2305 2510 2405 2690 2920]
[2940 2845 2745 2860 2795 2900 2690 2765] [2280 2460 2290 2110 2335 2775 2845 2870]
[2745 2725 2825 2805 2715 2865 2780 2680] [2345 2345 2185 2240 2645 2770 2870 2940]
[2870 2875 2905 2910 2785 2795 2650 2695] [2430 2300 2180 2335 2655 2800 2925 2960]
[3045 2810 2955 2895 2950 2795 2850 2800] [2320 2190 2095 2265 2505 2960 2975 3035]
[2895 2755 2870 2825 2720 2910 2740 2790] [1840 2025 1955 2385 2615 2815 2925 2825]
[2835 2825 2725 2905 2755 2715 2795 2715] [2020 2030 2060 2120 2475 2680 3000 3160]
[3065 2810 2870 2875 2830 2820 2975 2780] [1910 1780 1970 2055 2300 2610 2990 3180]
COM3 0 54
3
[2755 2560 2675 2760 2670 2555 2705 2540] [2410 2375 2325 2305 2510 2405 2690 2920]
[2790 2855 2660 2855 2790 2795 2775 2575] [2280 2460 2290 2110 2335 2775 2845 2870]
[2625 2785 2880 2755 2730 2820 2735 2760] [2345 2345 2185 2240 2645 2770 2870 2940]
[2755 2930 2885 2815 2815 2900 2795 2695] [2430 2300 2180 2335 2655 2800 2925 2960]
[2800 2830 2875 2820 3000 2795 2855 2685] [2320 2190 2095 2265 2505 2960 2975 3035]
[2675 2905 2980 2835 2745 2765 2905 2690] [1840 2025 1955 2385 2615 2815 2925 2825]
[2880 2850 2840 2890 2690 2845 2835 2770] [2020 2030 2060 2120 2475 2680 3000 3160]
[2940 2970 2795 2825 2700 2945 2895 2730] [1910 1780 1970 2055 2300 2610 2990 3180]
COM7 1 55
3
[2755 2560 2675 2760 2670 2555 2705 2540] [2485 2460 2160 2110 2245 2575 2945 3100]
[2790 2855 2660 2855 2790 2795 2775 2575] [2385 2485 2365 2305 2440 2865 2780 2920]
[2625 2785 2880 2755 2730 2820 2735 2760] [2470 2335 2325 2260 2720 2805 2995 2915]
[2755 2930 2885 2815 2815 2900 2795 2695] [2250 2305 2205 2295 2575 2855 2875 2855]
[2800 2830 2875 2820 3000 2795 2855 2685] [2165 2380 2185 2210 2655 2820 3095 2990]
[2675 2905 2980 2835 2745 2765 2905 2690] [2080 2060 1985 2280 2540 2840 3035 2940]
[2880 2850 2840 2890 2690 2845 2835 2770] [1935 2045 2035 2280 2485 2775 2960 3180]
[2940 2970 2795 2825 2700 2945 2895 2730] [2265 1915 2110 2235 2275 2570 2840 3045]
COM3 0 56
3
[2700 2665 2555 2815 2690 2805 2635 2645] [2485 2460 2160 2110 2245 2575 2945 3100]
[2935 2775 2755 2775 2680 2745 2715 2770] [2385 2485 2365 2305 2440 2865 2780 2920]
[2730 2700 2800 2690 2710 2835 2725 2685] [2470 2335 2325 2260 2720 2805 2995 2915]
[2890 2730 2865 2795 2810 2840 2700 2585] [2250 2305 2205 2295 2575 2855 2875 2855]
[2675 2925 2860 2580 2790 2860 2800 2905] [2165 2380 2185 2210 2655 2820 3095 2990]
[2875 2700 2835 2850 2650 2910 2800 2770] [2080 2060 1985 2280 2540 2840 3035 2940]
[2745 2755 2695 2960 2715 2795 2575 2680] [1935 2045 2035 2280 2485 2775 2960 3180]
[2805 2885 2740 2765 2760 2840 2820 2725] [2265 1915 2110 2235 2275 2570 2840 3045]
COM7 1 57
3
[2700 2665 2555 2815 2690 2805 2635 2645] [2505 2570 2465 2325 2340 2770 2765 2825]
[2935 2775 2755 2775 2680 2745 2715 2770] [2445 2615 2450 2280 2475 2905 2930 2800]
[2730 2700 2800 2690 2710 2835 2725 2685] [2450 2310 2420 2380 2775 2870 3030 2845]
[2890 2730 2865 2795 2810 2840 2700 2585] [2355 2310 2450 2280 2595 2875 2960 2915]
[2675 2925 2860 2580 2790 2860 2800 2905] [2395 2410 2175 2240 2515 2890 3070 3090]
[2875 2700 2835 2850 2650 2910 2800 2770] [2265 2140 2185 2385 2615 2895 3075 3145]
[2745 2755 2695 2960 2715 2795 2575 2680] [2155 2165 2085 2260 2405 2860 3025 3190]
[2805 2885 2740 2765 2760 2840 2820 2725] [2200 1940 2115 2165 2495 2605 2760 3095]
COM3 0 58
3
[2825 2625 2750 2725 2800 2740 2795 2755] [2505 2570 2465 2325 2340 2770 2765 2825]
[2880 2920 2795 2765 2720 2750 2805 2795] [2445 2615 2450 2280 2475 2905 2930 2800]
[2795 2750 2750 2780 2655 2775 2755 2685] [2450 2310 2420 2380 2775 2870 3030 2845]
[2860 2760 2885 2870 2965 2870 2790 2605] [2355 2310 2450 2280 2595 2875 2960 2915]
[2845 2905 3010 2760 2770 2870 2785 2780] [2395 2410 2175 2240 2515 2890 3070 3090]
[2820 2980 2875 2725 2635 2905 2905 2680] [2265 2140 2185 2385 2615 2895 3075 3145]
[3075 3020 2675 3000 2735 2870 2840 2795] [2155 2165 2085 2260 2405 2860 3025 3190]
[3080 2715 2825 2855 2685 3015 2895 2790] [2200 1940 2115 2165 2495 2605 2760 3095]
COM7 1 59
3
[2825 2625 2750 2725 2800 2740 2795 2755] [2390 2400 2440 2380 2435 2680 2875 2885]
[2880 2920 2795 2765 2720 2750 2805 2795] [2370 2540 2560 2325 2570 2885 2860 2735]
[2795 2750 2750 2780 2655 2775 2755 2685] [2430 2370 2385 2280 2740 2805 2975 2950]
[2860 2760 2885 2870 2965 2870 2790 2605] [2480 2435 2270 2345 2555 2875 3015 2890]
[2845 2905 3010 2760 2770 2870 2785 2780] [2455 2180 2210 2370 2720 2915 3005 3065]
[2820 2980 2875 2725 2635 2905 2905 2680] [2245 2010 2045 2510 2655 2935 3020 3050]
[3075 3020 2675 3000 2735 2870 2840 2795] [2330 2235 2095 2225 2520 2790 3060 3020]
[3080 2715 2825 2855 2685 3015 2895 2790] [2160 2040 2080 2150 2215 2680 2985 3065]
COM3 0 60
3
[2820 2790 2550 2705 2705 2665 2670 2460] [2390 2400 2440 2380 2435 2680 2875 2885]
[2880 2920 2845 2790 2805 2770 2865 2765] [2370 2540 2560 2325 2570 2885 2860 2735]
[2770 2775 2800 2730 2695 2785 2790 2790] [2430 2370 2385 2280 2740 2805 2975 2950]
[2850 2775 2875 2745 2810 2805 2785 2700] [2480 2435 2270 2345 2555 2875 3015 2890]
[2850 2945 2970 2810 2970 2860 2910 2640] [2455 2180 2210 2370 2720 2915 3005 3065]
[2900 2945 2815 2925 2790 2870 2905 2665] [2245 2010 2045 2510 2655 2935 3020 3050]
[2825 2790 2630 2820 2655 2765 2575 2770] [2330 2235 2095 2225 2520 2790 3060 3020]
[2835 2845 2715 2910 2775 2730 2865 2700] [2160 2040 2080 2150 2215 2680 2985 3065]
COM7 1 61
3
[2820 2790 2550 2705 2705 2665 2670 2460] [2390 2425 2255 2220 2530 2680 2870 2920]
[2880 2920 2845 2790 2805 2770 2865 2765] [2370 2470 2285 2355 2435 2845 2810 2800]
[2770 2775 2800 2730 2695 2785 2790 2790] [2285 2240 2270 2340 2675 2885 2860 2770]
[2850 2775 2875 2745 2810 2805 2785 2700] [2455 2095 2285 2350 2570 2780 2950 2935]
[2850 2945 2970 2810 2970 2860 2910 2640] [2230 1985 2135 2170 2620 2895 2950 3100]
[2900 2945 2815 2925 2790 2870 2905 2665] [2195 2160 2210 2435 2590 2840 3000 2985]
[2825 2790 2630 2820 2655 2765 2575 2770] [2215 2360 2055 2095 2455 2730 3080 3250]
[2835 2845 2715 2910 2775 2730 2865 2700] [2180 2080 2075 2165 2270 2660 3065 3040]
COM3 0 62
3
[2820 2700 2865 2760 2740 2680 2765 2605] [2390 2425 2255 2220 2530 2680 2870 2920]
[3135 2780 2690 2950 2765 2875 2735 2735] [2370 2470 2285 2355 2435 2845 2810 2800]
[2640 2840 2790 2795 2815 2805 2760 2715] [2285 2240 2270 2340 2675 2885 2860 2770]
[2780 2750 2790 2855 2825 2855 2785 2650] [2455 2095 2285 2350 2570 2780 2950 2935]
[2900 2850 2925 2735 2885 2790 2935 2805] [2230 1985 2135 2170 2620 2895 2950 3100]
[2775 2860 2830 2845 2705 2745 2940 2770] [2195 2160 2210 2435 2590 2840 3000 2985]
[2950 2910 2930 2910 2755 2845 2885 2880] [2215 2360 2055 2095 2455 2730 3080 3250]
[2915 2840 2880 2945 2760 2735 3005 2900] [2180 2080 2075 2165 2270 2660 3065 3040]
COM7 1 63
3
[2820 2700 2865 2760 2740 2680 2765 2605] [2325 2380 2355 2310 2530 2735 2685 2900]
[3135 2780 2690 2950 2765 2875 2735 2735] [2410 2440 2405 2415 2440 2895 2970 2905]
[2640 2840 2790 2795 2815 2805 2760 2715] [2370 2435 2255 2305 2730 2890 2890 2905]
[2780 2750 2790 2855 2825 2855 2785 2650] [2315 2380 2320 2410 2585 2805 2880 2895]
[2900 2850 2925 2735 2885 2790 2935 2805] [2220 2210 2360 2320 2770 2885 3020 3040]
[2775 2860 2830 2845 2705 2745 2940 2770] [2330 2205 2250 2465 2640 2910 3035 2955]
[2950 2910 2930 2910 2755 2845 2885 2880] [2015 2400 2085 2185 2365 2860 2955 3060]
[2915 2840 2880 2945 2760 2735 3005 2900] [2025 2105 2075 2120 2390 2530 2950 3165]
COM3 0 64
3
[2685 2690 2635 2750 2705 2720 2670 2650] [2325 2380 2355 2310 2530 2735 2685 2900]
[2840 2840 2630 2745 2705 2790 2715 2565] [2410 2440 2405 2415 2440 2895 2970 2905]
[2775 2765 2865 2715 2730 2715 2810 2595] [2370 2435 2255 2305 2730 2890 2890 2905]
[2770 2870 2845 2720 2775 2815 2850 2575] [2315 2380 2320 2410 2585 2805 2880 2895]
[2700 2770 2860 2765 2750 2820 2725 2750] [2220 2210 2360 2320 2770 2885 3020 3040]
[2730 2895 3015 2845 2745 2790 2960 2690] [2330 2205 2250 2465 2640 2910 3035 2955]
[2790 2695 2765 2870 2700 2740 2920 2665] [2015 2400 2085 2185 2365 2860 2955 3060]
[2940 2810 3010 2750 2905 2945 2995 2790] [2025 2105 2075 2120 2390 2530 2950 3165]
COM7 1 65
3
[2685 2690 2635 2750 2705 2720 2670 2650] [2510 2390 2325 2215 2430 2480 2875 3040]
[2840 2840 2630 2745 2705 2790 2715 2565] [2065 2505 2285 2315 2555 2790 2855 2920]
[2775 2765 2865 2715 2730 2715 2810 2595] [2365 2320 2220 2325 2630 2815 2850 2925]
[2770 2870 2845 2720 2775 2815 2850 2575] [2220 2155 2235 2410 2580 2755 3005 2850]
[2700 2770 2860 2765 2750 2820 2725 2750] [2160 2355 1955 2215 2575 2795 3030 3045]
[2730 2895 3015 2845 2745 2790 2960 2690] [2205 1825 2215 2485 2585 2925 3070 3105]
[2790 2695 2765 2870 2700 2740 2920 2665] [1870 2085 1980 2145 2360 2705 3030 2940]
[2940 2810 3010 2750 2905 2945 2995 2790] [2260 1785 1815 2210 2375 2515 2815 2990]