COM7 1 6
3
[2590 2385 1720 2300 2325 2570 2510 2375] [2910 3395 2955 2975 3060 2955 3035 2985]
[2735 2405 2110 2265 2265 2555 2525 2095] [2775 3105 3030 3015 3070 3100 3000 3035]
[2620 2540 2085 1925 2365 2520 2390 2220] [2900 3040 3130 3055 3135 3055 3145 2995]
[2940 2540 2470 2030 2175 2475 2450 2040] [3130 3240 3040 3145 3110 3025 3045 3020]
[2720 2535 2325 2055 2130 2175 2230 2195] [3150 3250 3105 3030 3150 3065 3160 3145]
[2830 2575 2360 2000 1720 2130 2150 1840] [2800 2975 3070 3295 3125 3170 3165 3465]
[2685 2480 2010 1835 1760 1775 1880 1865] [3035 3200 3115 3195 3090 3260 2980 3160]
[2845 2430 2240 1705 1670 1685 1625 1555] [2895 3185 2950 3315 3170 3100 3115 3465]
COM3 0 7
3
[2875 2625 2445 1960 2420 2725 2795 2470] [2910 3395 2955 2975 3060 2955 3035 2985]
[2870 2470 2210 2140 2395 2625 2765 2465] [2775 3105 3030 3015 3070 3100 3000 3035]
[2705 2630 2165 2210 2230 2510 2735 2645] [2900 3040 3130 3055 3135 3055 3145 2995]
[2980 2850 2530 2080 2530 2525 2530 2490] [3130 3240 3040 3145 3110 3025 3045 3020]
[3015 2710 2380 2035 2200 2410 2635 2430] [3150 3250 3105 3030 3150 3065 3160 3145]
[2830 2715 2350 2055 1885 2100 2275 1755] [2800 2975 3070 3295 3125 3170 3165 3465]
[2640 2575 2165 1840 1905 1900 1900 1780] [3035 3200 3115 3195 3090 3260 2980 3160]
[2815 2275 1980 1905 1720 1740 1915 1620] [2895 3185 2950 3315 3170 3100 3115 3465]
COM7 1 8
3
[2875 2625 2445 1960 2420 2725 2795 2470] [2725 2910 2955 2980 3085 3250 2875 2985]
[2870 2470 2210 2140 2395 2625 2765 2465] [2650 2830 2960 3025 2950 2985 2930 3000]
[2705 2630 2165 2210 2230 2510 2735 2645] [2935 3030 3035 2905 3090 2875 2975 3005]
[2980 2850 2530 2080 2530 2525 2530 2490] [2980 3055 3100 2930 2975 3065 2950 3030]
[3015 2710 2380 2035 2200 2410 2635 2430] [2945 3210 3115 2925 3030 2880 3125 3215]
[2830 2715 2350 2055 1885 2100 2275 1755] [3010 2980 2950 3115 2855 3030 3095 3135]
[2640 2575 2165 1840 1905 1900 1900 1780] [2895 3150 3240 3070 2945 2960 3125 3300]
[2815 2275 1980 1905 1720 1740 1915 1620] [3195 3135 3125 3060 3040 3190 2910 3045]
COM3 0 9
3
[2495 2295 2095 2245 2315 2580 2555 2330] [2725 2910 2955 2980 3085 3250 2875 2985]
[2755 2480 2250 2245 2330 2575 2580 2260] [2650 2830 2960 3025 2950 2985 2930 3000]
[2645 2610 2225 2130 2180 2535 2390 2215] [2935 3030 3035 2905 3090 2875 2975 3005]
[2880 2710 2415 2225 2325 2525 2330 2420] [2980 3055 3100 2930 2975 3065 2950 3030]
[3000 2620 2400 2105 2210 2435 2520 2250] [2945 3210 3115 2925 3030 2880 3125 3215]
[2830 2495 2465 1880 2170 2175 2190 1980] [3010 2980 2950 3115 2855 3030 3095 3135]
[2890 2590 2210 2100 1685 1905 1915 1865] [2895 3150 3240 3070 2945 2960 3125 3300]
[2580 2260 2105 1850 1740 1875 1925 1690] [3195 3135 3125 3060 3040 3190 2910 3045]
COM7 1 10
3
[2495 2295 2095 2245 2315 2580 2555 2330] [3225 3360 2960 2785 3350 2845 2810 3095]
[2755 2480 2250 2245 2330 2575 2580 2260] [2870 2970 3170 2965 3095 3125 3045 2970]
[2645 2610 2225 2130 2180 2535 2390 2215] [3060 3145 3095 3055 3005 3010 3100 2945]
[2880 2710 2415 2225 2325 2525 2330 2420] [3065 3185 3135 3185 3040 2980 3025 3145]
[3000 2620 2400 2105 2210 2435 2520 2250] [3115 3020 3200 2925 3015 3030 3155 3140]
[2830 2495 2465 1880 2170 2175 2190 1980] [2895 3130 3075 3155 3150 3130 3200 3120]
[2890 2590 2210 2100 1685 1905 1915 1865] [3105 3030 3310 3165 3155 3130 3145 3280]
[2580 2260 2105 1850 1740 1875 1925 1690] [2970 3215 3090 3405 3075 3055 3175 3375]
COM3 0 11
3
[2730 2285 2330 2380 2490 2665 2720 2350] [3225 3360 2960 2785 3350 2845 2810 3095]
[2940 2510 2135 2310 2400 2540 2655 2455] [2870 2970 3170 2965 3095 3125 3045 2970]
[2745 2525 2240 2115 2315 2640 2435 2455] [3060 3145 3095 3055 3005 3010 3100 2945]
[2610 2510 2285 2150 2300 2560 2655 2185] [3065 3185 3135 3185 3040 2980 3025 3145]
[3010 2610 2325 2095 2360 2380 2530 2005] [3115 3020 3200 2925 3015 3030 3155 3140]
[3040 2650 2385 2175 2125 2135 2075 1855] [2895 3130 3075 3155 3150 3130 3200 3120]
[2600 2590 2105 1765 1915 1785 1790 1695] [3105 3030 3310 3165 3155 3130 3145 3280]
[2800 2635 2000 2000 1790 1665 1880 1755] [2970 3215 3090 3405 3075 3055 3175 3375]
COM7 1 12
3
[2730 2285 2330 2380 2490 2665 2720 2350] [2925 3075 3110 2845 3150 3070 2835 2790]
[2940 2510 2135 2310 2400 2540 2655 2455] [2835 3130 3120 2875 2900 3125 3005 2900]
[2745 2525 2240 2115 2315 2640 2435 2455] [2940 2930 3005 3065 3040 2950 3035 2780]
[2610 2510 2285 2150 2300 2560 2655 2185] [2990 3205 3150 2985 3095 2880 2905 3035]
[3010 2610 2325 2095 2360 2380 2530 2005] [2965 3195 2935 2965 3095 3015 3035 3055]
[3040 2650 2385 2175 2125 2135 2075 1855] [3165 2905 3140 3080 3065 3175 3020 2980]
[2600 2590 2105 1765 1915 1785 1790 1695] [3140 3220 3005 3135 2795 3155 3045 2985]
[2800 2635 2000 2000 1790 1665 1880 1755] [2900 2945 3245 3310 3025 2945 2995 3175]
COM3 0 13
3
[2715 2380 2050 2050 2570 2630 2675 2420] [2925 3075 3110 2845 3150 3070 2835 2790]
[3010 2615 2350 2365 2420 2600 2725 2360] [2835 3130 3120 2875 2900 3125 3005 2900]
[2690 2770 2260 2050 2555 2755 2740 2480] [2940 2930 3005 3065 3040 2950 3035 2780]
[2815 2865 2410 2030 2450 2610 2595 2665] [2990 3205 3150 2985 3095 2880 2905 3035]
[2930 2785 2470 2080 2480 2625 2495 2220] [2965 3195 2935 2965 3095 3015 3035 3055]
[2900 2670 2400 2060 2095 2250 2180 1855] [3165 2905 3140 3080 3065 3175 3020 2980]
[3040 2505 2350 2020 1675 1940 1810 1735] [3140 3220 3005 3135 2795 3155 3045 2985]
[2805 2595 2325 1895 1815 1770 1885 1705] [2900 2945 3245 3310 3025 2945 2995 3175]
COM7 1 14
3
[2715 2380 2050 2050 2570 2630 2675 2420] [2735 2640 3040 2980 3040 2800 2805 2985]
[3010 2615 2350 2365 2420 2600 2725 2360] [2915 2950 2755 3035 2895 2985 2900 3025]
[2690 2770 2260 2050 2555 2755 2740 2480] [2825 3040 3095 3010 3085 2980 3030 3020]
[2815 2865 2410 2030 2450 2610 2595 2665] [2835 3070 3235 2925 2975 3040 2935 2975]
[2930 2785 2470 2080 2480 2625 2495 2220] [2855 3045 3100 2850 2950 3090 3050 2945]
[2900 2670 2400 2060 2095 2250 2180 1855] [2885 3095 3035 3160 2975 3180 3015 3110]
[3040 2505 2350 2020 1675 1940 1810 1735] [2950 3250 3290 3065 2905 3130 2980 3140]
[2805 2595 2325 1895 1815 1770 1885 1705] [3010 3110 3240 3170 2935 2875 2910 3155]
COM3 0 15
3
[2695 2550 2235 1995 2365 2485 2675 2405] [2735 2640 3040 2980 3040 2800 2805 2985]
[2830 2320 2080 2145 2270 2665 2660 2475] [2915 2950 2755 3035 2895 2985 2900 3025]
[2865 2470 2195 2030 2280 2565 2525 2130] [2825 3040 3095 3010 3085 2980 3030 3020]
[2680 2675 2220 1995 2225 2565 2480 2305] [2835 3070 3235 2925 2975 3040 2935 2975]
[2870 2640 2320 2170 2300 2115 2350 2250] [2855 3045 3100 2850 2950 3090 3050 2945]
[2615 2690 2295 2080 1985 2080 1925 1835] [2885 3095 3035 3160 2975 3180 3015 3110]
[2580 2435 2300 1825 1735 1740 1670 1585] [2950 3250 3290 3065 2905 3130 2980 3140]
[2895 2185 2140 1680 1695 1525 1785 1595] [3010 3110 3240 3170 2935 2875 2910 3155]
COM7 1 16
3
[2695 2550 2235 1995 2365 2485 2675 2405] [3285 2875 3110 2910 2910 3085 2910 3190]
[2830 2320 2080 2145 2270 2665 2660 2475] [2770 2970 3245 3075 2940 3055 3055 2970]
[2865 2470 2195 2030 2280 2565 2525 2130] [3100 3250 3095 3065 3105 2995 3125 3065]
[2680 2675 2220 1995 2225 2565 2480 2305] [3180 3345 3150 3085 3120 3070 3050 3195]
[2870 2640 2320 2170 2300 2115 2350 2250] [3025 3165 3175 2915 3155 3035 3185 3180]
[2615 2690 2295 2080 1985 2080 1925 1835] [3040 2940 3200 3295 3090 3025 3175 3060]
[2580 2435 2300 1825 1735 1740 1670 1585] [3055 3245 3310 3170 3145 3150 3265 3340]
[2895 2185 2140 1680 1695 1525 1785 1595] [3030 2975 3255 3285 3125 3290 3265 3095]
COM3 0 17
3
[2650 2440 2110 2480 2505 2390 2800 2350] [3285 2875 3110 2910 2910 3085 2910 3190]
[2970 2680 2190 2290 2285 2635 2615 2385] [2770 2970 3245 3075 2940 3055 3055 2970]
[2755 2585 2240 1940 2220 2660 2505 2240] [3100 3250 3095 3065 3105 2995 3125 3065]
[2765 2670 2240 2075 2170 2670 2630 2305] [3180 3345 3150 3085 3120 3070 3050 3195]
[2795 2560 2250 2055 2110 2405 2435 1955] [3025 3165 3175 2915 3155 3035 3185 3180]
[3045 2695 2410 2020 1960 1995 2060 1595] [3040 2940 3200 3295 3090 3025 3175 3060]
[3025 2590 2125 2020 1700 1745 1835 1900] [3055 3245 3310 3170 3145 3150 3265 3340]
[2890 2730 1990 1785 1645 1555 1745 1570] [3030 2975 3255 3285 3125 3290 3265 3095]
COM7 1 18
3
[2650 2440 2110 2480 2505 2390 2800 2350] [3035 3070 3195 3070 2980 2920 3255 3390]
[2970 2680 2190 2290 2285 2635 2615 2385] [3110 3005 2975 3105 3070 3075 3070 2955]
[2755 2585 2240 1940 2220 2660 2505 2240] [3055 3070 3160 3100 3120 3160 3190 2990]
[2765 2670 2240 2075 2170 2670 2630 2305] [2975 3205 3175 3035 3095 3075 3040 3025]
[2795 2560 2250 2055 2110 2405 2435 1955] [3110 3205 3095 3065 3135 3125 3185 3170]
[3045 2695 2410 2020 1960 1995 2060 1595] [3010 2915 3215 3180 3120 3230 3280 3200]
[3025 2590 2125 2020 1700 1745 1835 1900] [3180 3315 3125 3090 3180 3155 3135 3385]
[2890 2730 1990 1785 1645 1555 1745 1570] [3055 3160 3075 3405 3125 3180 2990 3270]
COM3 0 19
3
[2615 2490 2325 2090 2370 2625 2560 2365] [3035 3070 3195 3070 2980 2920 3255 3390]
[3095 2580 2195 2275 2415 2700 2615 2455] [3110 3005 2975 3105 3070 3075 3070 2955]
[2715 2585 2250 1970 2280 2590 2550 2295] [3055 3070 3160 3100 3120 3160 3190 2990]
[2905 2770 2335 1965 2370 2630 2635 2145] [2975 3205 3175 3035 3095 3075 3040 3025]
[2970 2765 2470 2265 2385 2365 2445 2335] [3110 3205 3095 3065 3135 3125 3185 3170]
[2795 2785 2355 2145 2030 1820 1965 1920] [3010 2915 3215 3180 3120 3230 3280 3200]
[2650 2600 2045 1985 1760 1700 1790 1650] [3180 3315 3125 3090 3180 3155 3135 3385]
[3020 2775 2175 1585 1515 1570 1725 1690] [3055 3160 3075 3405 3125 3180 2990 3270]
COM7 1 20
3
[2615 2490 2325 2090 2370 2625 2560 2365] [2530 2585 2700 2755 2860 2570 2720 2870]
[3095 2580 2195 2275 2415 2700 2615 2455] [2525 2720 2825 2855 2765 2850 2750 2715]
[2715 2585 2250 1970 2280 2590 2550 2295] [2755 2930 2940 2675 2795 2835 2790 2680]
[2905 2770 2335 1965 2370 2630 2635 2145] [2810 3130 2900 2810 2765 2855 2865 2785]
[2970 2765 2470 2265 2385 2365 2445 2335] [2825 2835 3025 2750 2845 2875 2870 2915]
[2795 2785 2355 2145 2030 1820 1965 1920] [2620 2900 2815 2940 2735 2865 2845 2925]
[2650 2600 2045 1985 1760 1700 1790 1650] [2865 3175 2725 2920 2725 2720 2835 3000]
[3020 2775 2175 1585 1515 1570 1725 1690] [2965 2950 3090 2965 2685 2680 2885 2935]
COM3 0 21
3
[2740 2345 2230 2205 2395 2695 2845 2490] [2530 2585 2700 2755 2860 2570 2720 2870]
[2755 2635 2115 2135 2435 2750 2645 2395] [2525 2720 2825 2855 2765 2850 2750 2715]
[2740 2585 2115 1960 2390 2635 2515 2310] [2755 2930 2940 2675 2795 2835 2790 2680]
[2910 2695 2395 1960 2230 2350 2575 2480] [2810 3130 2900 2810 2765 2855 2865 2785]
[2795 2655 2320 2140 2215 2320 2610 2185] [2825 2835 3025 2750 2845 2875 2870 2915]
[2790 2595 2310 2100 1715 2020 1880 1940] [2620 2900 2815 2940 2735 2865 2845 2925]
[2920 2625 2055 1820 1885 1800 1985 1670] [2865 3175 2725 2920 2725 2720 2835 3000]
[2740 2245 2065 1850 1730 1615 1785 1685] [2965 2950 3090 2965 2685 2680 2885 2935]
COM7 1 22
3
[2740 2345 2230 2205 2395 2695 2845 2490] [3160 3250 3240 3180 3230 3035 3430 3120]
[2755 2635 2115 2135 2435 2750 2645 2395] [3275 3330 3190 3365 3165 3280 3280 3240]
[2740 2585 2115 1960 2390 2635 2515 2310] [3245 3185 3225 3250 3280 3240 3300 3220]
[2910 2695 2395 1960 2230 2350 2575 2480] [3280 3205 3210 3335 3255 3210 3250 3195]
[2795 2655 2320 2140 2215 2320 2610 2185] [3265 3205 3400 3065 3380 3210 3420 3360]
[2790 2595 2310 2100 1715 2020 1880 1940] [3150 3195 3125 3185 3300 3385 3395 3470]
[2920 2625 2055 1820 1885 1800 1985 1670] [3150 3240 3335 3295 3425 3500 3345 3470]
[2740 2245 2065 1850 1730 1615 1785 1685] [3155 3300 3140 3385 3160 3170 3485 3440]
COM3 0 23
3
[2535 2245 1880 2015 2185 2545 2525 1920] [3160 3250 3240 3180 3230 3035 3430 3120]
[2655 2430 1880 1875 2335 2450 2360 2060] [3275 3330 3190 3365 3165 3280 3280 3240]
[2545 2110 1965 1750 2055 2375 2320 2075] [3245 3185 3225 3250 3280 3240 3300 3220]
[2825 2440 2185 1745 1985 2165 2295 2000] [3280 3205 3210 3335 3255 3210 3250 3195]
[2790 2515 2375 1660 1805 2020 2325 2005] [3265 3205 3400 3065 3380 3210 3420 3360]
[2755 2410 1940 1775 1705 1905 2000 1525] [3150 3195 3125 3185 3300 3385 3395 3470]
[2855 2355 1925 1570 1535 1525 1435 1370] [3150 3240 3335 3295 3425 3500 3345 3470]
[2915 2515 1900 1505 1265 1445 1615 1335] [3155 3300 3140 3385 3160 3170 3485 3440]
COM7 1 24
3
[2535 2245 1880 2015 2185 2545 2525 1920] [3215 3100 3035 3135 3260 3145 3115 3225]
[2655 2430 1880 1875 2335 2450 2360 2060] [3235 3255 3210 3220 3035 3305 3315 3190]
[2545 2110 1965 1750 2055 2375 2320 2075] [3245 3245 3345 3325 3325 3325 3175 3300]
[2825 2440 2185 1745 1985 2165 2295 2000] [3425 3155 3240 3135 3170 3280 3295 3140]
[2790 2515 2375 1660 1805 2020 2325 2005] [3265 3385 3245 3135 3295 3205 3350 3335]
[2755 2410 1940 1775 1705 1905 2000 1525] [2885 3115 3280 3320 3340 3355 3270 3345]
[2855 2355 1925 1570 1535 1525 1435 1370] [3200 3345 3295 3390 3250 3450 3330 3435]
[2915 2515 1900 1505 1265 1445 1615 1335] [3185 3200 3430 3360 3265 3390 3490 3515]
COM3 0 25
3
[2705 2585 2255 2155 2450 2665 2970 2600] [3215 3100 3035 3135 3260 3145 3115 3225]
[2960 2870 2175 2305 2315 2725 2760 2575] [3235 3255 3210 3220 3035 3305 3315 3190]
[2790 2710 2315 2010 2345 2675 2805 2610] [3245 3245 3345 3325 3325 3325 3175 3300]
[2705 2885 2215 2160 2425 2595 2580 2265] [3425 3155 3240 3135 3170 3280 3295 3140]
[3135 2710 2640 2225 2335 2515 2635 2240] [3265 3385 3245 3135 3295 3205 3350 3335]
[2795 2670 2375 2065 1730 2135 1940 2035] [2885 3115 3280 3320 3340 3355 3270 3345]
[2885 2825 1980 1845 1740 1800 1585 1530] [3200 3345 3295 3390 3250 3450 3330 3435]
[2890 2545 2255 1600 1635 1770 1820 1755] [3185 3200 3430 3360 3265 3390 3490 3515]
COM7 1 26
3
[2705 2585 2255 2155 2450 2665 2970 2600] [2905 2705 2955 3025 3020 3025 3095 2855]
[2960 2870 2175 2305 2315 2725 2760 2575] [2755 2865 3100 2865 3035 2975 2920 2895]
[2790 2710 2315 2010 2345 2675 2805 2610] [2850 2995 3090 2900 2995 2905 2960 3075]
[2705 2885 2215 2160 2425 2595 2580 2265] [2840 3065 3120 2925 2980 3080 3045 3055]
[3135 2710 2640 2225 2335 2515 2635 2240] [2930 3165 2865 2965 2910 2875 3085 3165]
[2795 2670 2375 2065 1730 2135 1940 2035] [2885 2965 2880 3110 3065 3110 3100 3125]
[2885 2825 1980 1845 1740 1800 1585 1530] [3205 3025 3150 2840 3180 3050 2960 3195]
[2890 2545 2255 1600 1635 1770 1820 1755] [2805 3195 3090 3260 3065 2925 3055 3250]
COM3 0 27
3
[2580 2530 2340 2070 2395 2690 2555 2535] [2905 2705 2955 3025 3020 3025 3095 2855]
[2870 2640 2450 2420 2265 2600 2670 2520] [2755 2865 3100 2865 3035 2975 2920 2895]
[2820 2620 2300 2040 2410 2550 2645 2520] [2850 2995 3090 2900 2995 2905 2960 3075]
[3190 2770 2430 2285 2435 2595 2650 2250] [2840 3065 3120 2925 2980 3080 3045 3055]
[2845 2945 2305 2180 2235 2565 2400 2460] [2930 3165 2865 2965 2910 2875 3085 3165]
[2630 2670 2435 1955 2005 2135 2465 2145] [2885 2965 2880 3110 3065 3110 3100 3125]
[2580 2505 2230 1915 1760 1925 1820 1965] [3205 3025 3150 2840 3180 3050 2960 3195]
[2995 2525 2135 1715 1705 1860 1925 1825] [2805 3195 3090 3260 3065 2925 3055 3250]
COM7 1 28
3
[2580 2530 2340 2070 2395 2690 2555 2535] [2740 3280 2960 3025 3000 2945 2855 2985]
[2870 2640 2450 2420 2265 2600 2670 2520] [2905 2835 2905 2995 3065 3075 2985 2975]
[2820 2620 2300 2040 2410 2550 2645 2520] [2825 3060 3185 2950 3050 2955 2960 3025]
[3190 2770 2430 2285 2435 2595 2650 2250] [2975 3100 3235 3065 3015 2960 2950 2985]
[2845 2945 2305 2180 2235 2565 2400 2460] [2875 3045 3040 2910 2940 3025 3125 3205]
[2630 2670 2435 1955 2005 2135 2465 2145] [2855 3150 2985 3050 3065 3095 3230 3205]
[2580 2505 2230 1915 1760 1925 1820 1965] [3050 3200 3060 3125 3105 3095 2955 3355]
[2995 2525 2135 1715 1705 1860 1925 1825] [3050 3080 3120 3215 3100 2915 2970 3135]
COM3 0 29
3
[2795 2320 2180 2095 2370 2615 2685 2350] [2740 3280 2960 3025 3000 2945 2855 2985]
[2895 2565 2235 2295 2350 2705 2695 2575] [2905 2835 2905 2995 3065 3075 2985 2975]
[2635 2475 2335 2045 2230 2605 2655 2280] [2825 3060 3185 2950 3050 2955 2960 3025]
[2825 2505 2430 1855 2390 2520 2460 2075] [2975 3100 3235 3065 3015 2960 2950 2985]
[2845 2670 2325 2085 2240 2220 2615 2270] [2875 3045 3040 2910 2940 3025 3125 3205]
[2535 2665 2345 1955 2080 2265 2210 1770] [2855 3150 2985 3050 3065 3095 3230 3205]
[2960 2475 2050 2110 1760 1830 1750 1695] [3050 3200 3060 3125 3105 3095 2955 3355]
[2975 2625 2315 1800 1595 1855 1720 1790] [3050 3080 3120 3215 3100 2915 2970 3135]
COM7 1 30
3
[2795 2320 2180 2095 2370 2615 2685 2350] [2835 3035 3095 3025 3340 3110 3065 2990]
[2895 2565 2235 2295 2350 2705 2695 2575] [2685 2970 2965 2975 2895 2975 2985 2970]
[2635 2475 2335 2045 2230 2605 2655 2280] [2935 3095 2940 2980 3025 3020 3040 2865]
[2825 2505 2430 1855 2390 2520 2460 2075] [3095 3210 3155 2995 2975 2870 3030 2940]
[2845 2670 2325 2085 2240 2220 2615 2270] [2960 3060 3135 2925 3030 3155 3160 3035]
[2535 2665 2345 1955 2080 2265 2210 1770] [3005 2980 3045 3145 3110 3105 3040 3230]
[2960 2475 2050 2110 1760 1830 1750 1695] [3045 3220 3175 3260 3095 3115 3160 3260]
[2975 2625 2315 1800 1595 1855 1720 1790] [2990 2925 3215 3165 2915 3005 3190 3395]
COM3 0 31
3
[2735 2470 2320 2050 2355 2570 2595 2195] [2835 3035 3095 3025 3340 3110 3065 2990]
[2660 2300 2185 2060 2240 2540 2585 2220] [2685 2970 2965 2975 2895 2975 2985 2970]
[2755 2615 2220 1965 2340 2495 2435 2260] [2935 3095 2940 2980 3025 3020 3040 2865]
[2960 2760 1995 1920 2135 2500 2540 2320] [3095 3210 3155 2995 2975 2870 3030 2940]
[3150 2700 2475 1990 2105 2190 2330 2045] [2960 3060 3135 2925 3030 3155 3160 3035]
[2765 2390 2165 1825 1680 2020 2030 1565] [3005 2980 3045 3145 3110 3105 3040 3230]
[2805 2415 1995 1865 1595 1755 1580 1640] [3045 3220 3175 3260 3095 3115 3160 3260]
[2840 2590 1955 1655 1660 1610 1705 1480] [2990 2925 3215 3165 2915 3005 3190 3395]
COM7 1 32
3
[2735 2470 2320 2050 2355 2570 2595 2195] [3230 2875 3025 2905 3125 2950 3145 3060]
[2660 2300 2185 2060 2240 2540 2585 2220] [2925 3060 2975 3045 3050 3165 3125 3155]
[2755 2615 2220 1965 2340 2495 2435 2260] [3160 3040 2990 3070 3205 3105 3040 3105]
[2960 2760 1995 1920 2135 2500 2540 2320] [2980 3015 3255 3125 3065 3130 3055 3085]
[3150 2700 2475 1990 2105 2190 2330 2045] [2890 3395 3115 2895 3120 2970 3220 3250]
[2765 2390 2165 1825 1680 2020 2030 1565] [3005 3200 3165 3235 3045 3135 3170 3225]
[2805 2415 1995 1865 1595 1755 1580 1640] [3045 3085 3200 3240 3090 3025 3145 3245]
[2840 2590 1955 1655 1660 1610 1705 1480] [2960 3110 3110 3285 3230 2885 3160 3200]
COM3 0 33
3
[3025 2890 2445 2385 2510 2880 2795 2650] [3230 2875 3025 2905 3125 2950 3145 3060]
[2800 2670 2430 2445 2570 2710 2790 2665] [2925 3060 2975 3045 3050 3165 3125 3155]
[2840 2745 2275 2455 2460 2645 2855 2565] [3160 3040 2990 3070 3205 3105 3040 3105]
[3095 2880 2555 2390 2580 2805 2735 2660] [2980 3015 3255 3125 3065 3130 3055 3085]
[3005 2820 2845 2345 2535 2560 2790 2515] [2890 3395 3115 2895 3120 2970 3220 3250]
[2990 2825 2595 2180 2255 2450 2380 2245] [3005 3200 3165 3235 3045 3135 3170 3225]
[2880 2635 2470 2240 2180 2195 2200 2195] [3045 3085 3200 3240 3090 3025 3145 3245]
[3105 2620 2125 1955 2190 2175 2025 2125] [2960 3110 3110 3285 3230 2885 3160 3200]
COM7 1 34
3
[3025 2890 2445 2385 2510 2880 2795 2650] [2750 2635 2835 2645 2775 2690 2735 2905]
[2800 2670 2430 2445 2570 2710 2790 2665] [2870 2740 2955 2965 2785 2895 2900 2825]
[2840 2745 2275 2455 2460 2645 2855 2565] [2715 2820 2795 2825 2895 2675 2820 2845]
[3095 2880 2555 2390 2580 2805 2735 2660] [2815 2895 3040 2980 2790 2980 2935 2830]
[3005 2820 2845 2345 2535 2560 2790 2515] [2900 3035 2945 2850 2950 2875 2905 3115]
[2990 2825 2595 2180 2255 2450 2380 2245] [2770 2820 3000 2995 2790 2955 2895 2865]
[2880 2635 2470 2240 2180 2195 2200 2195] [2865 3105 3060 3040 2920 2855 2865 3025]
[3105 2620 2125 1955 2190 2175 2025 2125] [2895 3065 3055 2915 2910 2870 3040 2885]
COM3 0 35
3
[2895 2555 2325 2235 2520 2640 2915 2510] [2750 2635 2835 2645 2775 2690 2735 2905]
[2810 3000 2315 2270 2470 2715 2705 2525] [2870 2740 2955 2965 2785 2895 2900 2825]
[2965 2550 2500 2205 2455 2590 2575 2635] [2715 2820 2795 2825 2895 2675 2820 2845]
[2940 2730 2710 2210 2575 2815 2585 2255] [2815 2895 3040 2980 2790 2980 2935 2830]
[2845 2805 2465 2330 2370 2645 2735 2450] [2900 3035 2945 2850 2950 2875 2905 3115]
[2900 2795 2670 2355 1830 2270 2405 2070] [2770 2820 3000 2995 2790 2955 2895 2865]
[2635 2620 2410 2060 1855 2040 1950 1725] [2865 3105 3060 3040 2920 2855 2865 3025]
[3010 2510 2110 1990 1845 1805 1860 1770] [2895 3065 3055 2915 2910 2870 3040 2885]
COM7 1 36
3
[2895 2555 2325 2235 2520 2640 2915 2510] [2820 2685 2720 2680 3180 2900 2850 2755]
[2810 3000 2315 2270 2470 2715 2705 2525] [2870 2880 2955 2920 2895 2920 2975 2715]
[2965 2550 2500 2205 2455 2590 2575 2635] [2850 2930 2990 2870 3050 2905 2995 2845]
[2940 2730 2710 2210 2575 2815 2585 2255] [2930 3000 3095 2910 2925 2925 2990 2935]
[2845 2805 2465 2330 2370 2645 2735 2450] [2790 2905 3040 2840 2995 2940 3080 2925]
[2900 2795 2670 2355 1830 2270 2405 2070] [2765 3035 2875 2855 2970 2920 3005 2970]
[2635 2620 2410 2060 1855 2040 1950 1725] [3045 3105 3155 3065 2905 2895 2870 3140]
[3010 2510 2110 1990 1845 1805 1860 1770] [2900 3030 2955 3355 3115 2925 2975 3155]
COM3 0 37
3
[2530 2255 2075 2045 2360 2585 2470 2320] [2820 2685 2720 2680 3180 2900 2850 2755]
[2590 2435 1985 2075 2305 2580 2470 2295] [2870 2880 2955 2920 2895 2920 2975 2715]
[2665 2485 2060 1830 2115 2450 2425 2195] [2850 2930 2990 2870 3050 2905 2995 2845]
[2675 2665 2230 2160 2220 2410 2180 1885] [2930 3000 3095 2910 2925 2925 2990 2935]
[2865 2470 2340 1845 2225 2180 2335 2150] [2790 2905 3040 2840 2995 2940 3080 2925]
[2650 2590 2310 1835 1880 2055 1880 1735] [2765 3035 2875 2855 2970 2920 3005 2970]
[2695 2560 2050 1650 1595 1560 1495 1575] [3045 3105 3155 3065 2905 2895 2870 3140]
[3010 2400 2010 1645 1630 1710 1625 1475] [2900 3030 2955 3355 3115 2925 2975 3155]
COM7 1 38
3
[2530 2255 2075 2045 2360 2585 2470 2320] [3455 3455 3050 3290 3125 3145 3345 3150]
[2590 2435 1985 2075 2305 2580 2470 2295] [3410 3270 3300 3245 3255 3390 3315 3080]
[2665 2485 2060 1830 2115 2450 2425 2195] [3295 3400 3175 3175 3375 3175 3295 3120]
[2675 2665 2230 2160 2220 2410 2180 1885] [3390 3240 3235 3150 3220 3305 3330 3180]
[2865 2470 2340 1845 2225 2180 2335 2150] [3410 3300 3175 3110 3345 3200 3265 3260]
[2650 2590 2310 1835 1880 2055 1880 1735] [3100 3165 3275 3245 3280 3405 3380 3425]
[2695 2560 2050 1650 1595 1560 1495 1575] [3160 3195 3295 3445 3420 3470 3355 3460]
[3010 2400 2010 1645 1630 1710 1625 1475] [3115 3085 3255 3405 3335 3475 3615 3250]
COM3 0 39
3
[2790 2760 2535 2455 2625 2775 2880 2710] [3455 3455 3050 3290 3125 3145 3345 3150]
[2835 2650 2500 2310 2415 2695 2920 2555] [3410 3270 3300 3245 3255 3390 3315 3080]
[2590 2740 2425 2375 2420 2690 2635 2585] [3295 3400 3175 3175 3375 3175 3295 3120]
[3150 2925 2395 2080 2380 2640 2695 2700] [3390 3240 3235 3150 3220 3305 3330 3180]
[3155 2620 2645 2080 2460 2490 2680 2440] [3410 3300 3175 3110 3345 3200 3265 3260]
[2970 2655 2600 2315 2010 2510 2510 2155] [3100 3165 3275 3245 3280 3405 3380 3425]
[2635 2550 2465 1895 1845 2265 2150 1890] [3160 3195 3295 3445 3420 3470 3355 3460]
[2860 2355 2130 1810 1840 1860 2145 1945] [3115 3085 3255 3405 3335 3475 3615 3250]
COM7 1 40
3
[2790 2760 2535 2455 2625 2775 2880 2710] [3090 3115 3240 2905 3085 3065 3035 2970]
[2835 2650 2500 2310 2415 2695 2920 2555] [3025 3175 3255 3050 2840 3090 3000 3010]
[2590 2740 2425 2375 2420 2690 2635 2585] [3100 3120 3090 3025 3200 3105 3060 3045]
[3150 2925 2395 2080 2380 2640 2695 2700] [3140 3240 3265 3085 3115 3080 3050 2995]
[3155 2620 2645 2080 2460 2490 2680 2440] [2960 3280 3195 2990 3135 2990 3105 3175]
[2970 2655 2600 2315 2010 2510 2510 2155] [2975 2980 3000 3195 3030 3245 3305 3175]
[2635 2550 2465 1895 1845 2265 2150 1890] [2865 3240 3185 3015 3235 3240 3150 3145]
[2860 2355 2130 1810 1840 1860 2145 1945] [3065 2965 3240 3245 3185 3040 3210 3330]
COM3 0 41
3
[2810 2440 2135 1685 2515 2765 2740 2415] [3090 3115 3240 2905 3085 3065 3035 2970]
[3125 2630 2100 2270 2405 2660 2770 2555] [3025 3175 3255 3050 2840 3090 3000 3010]
[2875 2750 2365 2180 2305 2735 2660 2305] [3100 3120 3090 3025 3200 3105 3060 3045]
[2790 2615 2155 2055 2365 2560 2735 2085] [3140 3240 3265 3085 3115 3080 3050 2995]
[2775 3040 2530 2210 2130 2475 2840 2345] [2960 3280 3195 2990 3135 2990 3105 3175]
[2935 2660 2560 2095 1850 2215 1905 1865] [2975 2980 3000 3195 3030 3245 3305 3175]
[2900 2650 2120 1815 1750 1905 1585 1610] [2865 3240 3185 3015 3235 3240 3150 3145]
[2865 2710 2345 1855 2000 1780 1715 1715] [3065 2965 3240 3245 3185 3040 3210 3330]
COM7 1 42
3
[2810 2440 2135 1685 2515 2765 2740 2415] [3165 3170 3270 3010 3135 2985 3120 3060]
[3125 2630 2100 2270 2405 2660 2770 2555] [3020 3105 3145 2985 3265 3105 3120 3085]
[2875 2750 2365 2180 2305 2735 2660 2305] [3060 3125 3145 3110 3285 3215 3100 3135]
[2790 2615 2155 2055 2365 2560 2735 2085] [3170 3150 3145 3210 3190 3085 3225 3145]
[2775 3040 2530 2210 2130 2475 2840 2345] [3385 3175 3230 3205 3205 3180 3130 3305]
[2935 2660 2560 2095 1850 2215 1905 1865] [3115 3160 3145 3400 3330 3255 3210 3195]
[2900 2650 2120 1815 1750 1905 1585 1610] [3030 3225 3405 3265 3345 3200 3460 3400]
[2865 2710 2345 1855 2000 1780 1715 1715] [2790 3055 3205 3425 3140 3270 3440 3580]
COM3 0 43
3
[2645 2455 2280 2135 2205 2560 2630 2370] [3165 3170 3270 3010 3135 2985 3120 3060]
[2600 2485 1920 2060 2270 2480 2670 2305] [3020 3105 3145 2985 3265 3105 3120 3085]
[2645 2400 2085 2130 2205 2555 2455 2265] [3060 3125 3145 3110 3285 3215 3100 3135]
[2750 2495 2125 1785 2130 2585 2490 2230] [3170 3150 3145 3210 3190 3085 3225 3145]
[2785 2535 2340 1940 2140 2120 2300 2170] [3385 3175 3230 3205 3205 3180 3130 3305]
[2725 2645 2240 1830 1785 2085 2055 1635] [3115 3160 3145 3400 3330 3255 3210 3195]
[2660 2550 2150 1955 1670 1820 1740 1775] [3030 3225 3405 3265 3345 3200 3460 3400]
[3015 2290 2075 1825 1430 1650 1815 1555] [2790 3055 3205 3425 3140 3270 3440 3580]
COM7 1 44
3
[2645 2455 2280 2135 2205 2560 2630 2370] [2905 3050 3035 3060 3080 2935 3140 2855]
[2600 2485 1920 2060 2270 2480 2670 2305] [3025 2950 3115 3015 2950 2985 3005 3005]
[2645 2400 2085 2130 2205 2555 2455 2265] [2790 3095 2940 2995 3000 2865 3030 2915]
[2750 2495 2125 1785 2130 2585 2490 2230] [3190 2850 3155 3090 3060 2985 3080 2955]
[2785 2535 2340 1940 2140 2120 2300 2170] [3075 3130 3105 2960 3025 2990 3110 3165]
[2725 2645 2240 1830 1785 2085 2055 1635] [2990 3125 3060 3185 2975 3100 3190 2970]
[2660 2550 2150 1955 1670 1820 1740 1775] [3020 3245 3145 3065 3020 3100 2985 3025]
[3015 2290 2075 1825 1430 1650 1815 1555] [2895 2970 3020 3370 3180 3010 3045 3310]
COM3 0 45
3
[2530 2255 1905 2030 2330 2545 2565 2305] [2905 3050 3035 3060 3080 2935 3140 2855]
[2805 2510 2240 2155 2410 2665 2560 2415] [3025 2950 3115 3015 2950 2985 3005 3005]
[2790 2470 2135 2105 2210 2670 2520 2265] [2790 3095 2940 2995 3000 2865 3030 2915]
[2755 3020 2310 2150 2325 2420 2460 2105] [3190 2850 3155 3090 3060 2985 3080 2955]
[2910 2555 2340 2145 2265 2235 2375 1940] [3075 3130 3105 2960 3025 2990 3110 3165]
[2870 2915 2445 1835 1935 2145 2155 1605] [2990 3125 3060 3185 2975 3100 3190 2970]
[2800 2605 2155 2125 1750 1835 1740 1690] [3020 3245 3145 3065 3020 3100 2985 3025]
[3000 2555 2240 1625 1615 1645 1555 1525] [2895 2970 3020 3370 3180 3010 3045 3310]
COM7 1 46
3
[2530 2255 1905 2030 2330 2545 2565 2305] [2890 3075 3085 2975 3150 2835 3110 3215]
[2805 2510 2240 2155 2410 2665 2560 2415] [2895 2880 2940 3000 2895 2985 3060 2960]
[2790 2470 2135 2105 2210 2670 2520 2265] [3060 3070 3065 3000 3020 2995 2960 2930]
[2755 3020 2310 2150 2325 2420 2460 2105] [3070 2865 3135 3015 3045 2955 3060 2945]
[2910 2555 2340 2145 2265 2235 2375 1940] [3040 3255 3015 2950 3150 3015 3065 3050]
[2870 2915 2445 1835 1935 2145 2155 1605] [2885 2980 3125 3090 3105 3150 3090 3300]
[2800 2605 2155 2125 1750 1835 1740 1690] [3050 3135 3180 3200 3125 3100 3120 3340]
[3000 2555 2240 1625 1615 1645 1555 1525] [2795 3050 3025 3285 3205 3115 3260 3140]
COM3 0 47
3
[2715 2320 2180 2220 2380 2645 2745 2415] [2890 3075 3085 2975 3150 2835 3110 3215]
[2760 2610 2090 1985 2435 2580 2660 2350] [2895 2880 2940 3000 2895 2985 3060 2960]
[2780 2535 2265 1885 2275 2550 2390 2115] [3060 3070 3065 3000 3020 2995 2960 2930]
[2910 2710 2115 2150 2150 2600 2375 1830] [3070 2865 3135 3015 3045 2955 3060 2945]
[2890 2575 2390 2055 2095 2205 2340 2095] [3040 3255 3015 2950 3150 3015 3065 3050]
[2545 2525 2400 1875 1835 1960 2115 1965] [2885 2980 3125 3090 3105 3150 3090 3300]
[2950 2685 2080 1965 1625 1785 1850 1640] [3050 3135 3180 3200 3125 3100 3120 3340]
[2760 2360 2220 1730 1740 1765 1900 1810] [2795 3050 3025 3285 3205 3115 3260 3140]
COM7 1 48
3
[2715 2320 2180 2220 2380 2645 2745 2415] [3335 2930 3090 3060 3225 3150 3060 2990]
[2760 2610 2090 1985 2435 2580 2660 2350] [3160 3110 3150 3105 3075 3100 3125 2945]
[2780 2535 2265 1885 2275 2550 2390 2115] [3115 3230 3160 3075 3135 3085 3125 3000]
[2910 2710 2115 2150 2150 2600 2375 1830] [3285 3060 3055 3075 3130 3180 3130 2940]
[2890 2575 2390 2055 2095 2205 2340 2095] [2930 3205 3120 3060 3120 3200 3250 3170]
[2545 2525 2400 1875 1835 1960 2115 1965] [3110 3125 3075 3225 3190 3210 3125 3230]
[2950 2685 2080 1965 1625 1785 1850 1640] [3050 3165 3310 3035 3010 3370 3275 3260]
[2760 2360 2220 1730 1740 1765 1900 1810] [3000 3335 3240 3355 3115 3105 3160 3410]
COM3 0 49
3
[2805 2500 2140 1925 2370 2630 2790 2350] [3335 2930 3090 3060 3225 3150 3060 2990]
[2750 2735 2160 2195 2270 2685 2580 2400] [3160 3110 3150 3105 3075 3100 3125 2945]
[2580 2605 2025 2095 2235 2625 2825 2230] [3115 3230 3160 3075 3135 3085 3125 3000]
[2815 2710 2400 2190 2370 2545 2610 2340] [3285 3060 3055 3075 3130 3180 3130 2940]
[2895 2635 2460 2045 2360 2445 2465 2165] [2930 3205 3120 3060 3120 3200 3250 3170]
[2830 2425 2450 1885 1885 2065 1900 1635] [3110 3125 3075 3225 3190 3210 3125 3230]
[2880 2420 2070 1885 1630 1815 1715 1685] [3050 3165 3310 3035 3010 3370 3275 3260]
[2935 2685 2230 1585 1575 1790 1635 1550] [3000 3335 3240 3355 3115 3105 3160 3410]
COM7 1 50
3
[2805 2500 2140 1925 2370 2630 2790 2350] [2660 2790 3035 2805 3220 2835 2880 2985]
[2750 2735 2160 2195 2270 2685 2580 2400] [2935 2840 2975 2725 3000 2985 2850 2705]
[2580 2605 2025 2095 2235 2625 2825 2230] [2760 3070 2995 2905 2915 2950 2915 2945]
[2815 2710 2400 2190 2370 2545 2610 2340] [2980 2905 3145 3040 2890 3125 3005 2995]
[2895 2635 2460 2045 2360 2445 2465 2165] [2960 3085 3115 2850 2950 2875 2970 3045]
[2830 2425 2450 1885 1885 2065 1900 1635] [2825 3140 3135 3050 2925 2940 3040 2975]
[2880 2420 2070 1885 1630 1815 1715 1685] [3125 3175 3190 3115 3090 3080 3140 3025]
[2935 2685 2230 1585 1575 1790 1635 1550] [2860 3065 3025 3215 2810 2925 3065 3210]
COM3 0 51
3
[2440 2290 2000 2000 2385 2615 2730 2435] [2660 2790 3035 2805 3220 2835 2880 2985]
[3020 2660 2335 2055 2355 2630 2655 2295] [2935 2840 2975 2725 3000 2985 2850 2705]
[2585 2415 2275 2195 2245 2570 2700 2240] [2760 3070 2995 2905 2915 2950 2915 2945]
[2910 2695 2255 2000 2355 2695 2435 2295] [2980 2905 3145 3040 2890 3125 3005 2995]
[2990 2705 2460 2085 2270 2170 2485 1755] [2960 3085 3115 2850 2950 2875 2970 3045]
[2845 2715 2390 1785 1780 2225 2015 1995] [2825 3140 3135 3050 2925 2940 3040 2975]
[2775 2630 2260 2005 1880 1740 1580 1625] [3125 3175 3190 3115 3090 3080 3140 3025]
[3015 2750 2210 1605 1630 1725 1745 1585] [2860 3065 3025 3215 2810 2925 3065 3210]
COM7 1 52
3
[2440 2290 2000 2000 2385 2615 2730 2435] [3340 3125 3130 2745 2985 2830 2960 2985]
[3020 2660 2335 2055 2355 2630 2655 2295] [3205 3045 3115 3135 3095 3165 3110 3095]
[2585 2415 2275 2195 2245 2570 2700 2240] [3355 3190 3120 3065 3150 3025 3135 3120]
[2910 2695 2255 2000 2355 2695 2435 2295] [3315 3030 3265 3245 3070 3160 3175 3125]
[2990 2705 2460 2085 2270 2170 2485 1755] [2960 3000 3180 2990 3120 3200 3150 3295]
[2845 2715 2390 1785 1780 2225 2015 1995] [3000 3105 3075 3305 3045 3120 3160 3185]
[2775 2630 2260 2005 1880 1740 1580 1625] [3035 3375 3265 3185 3120 3130 3380 3425]
[3015 2750 2210 1605 1630 1725 1745 1585] [3140 3300 3245 3455 3305 3145 3300 3325]
COM3 0 53
3
[2550 2485 2215 2060 2370 2500 2710 2320] [3340 3125 3130 2745 2985 2830 2960 2985]
[2620 2535 2050 2290 2310 2590 2465 2250] [3205 3045 3115 3135 3095 3165 3110 3095]
[2685 2485 2120 1945 2190 2645 2570 2240] [3355 3190 3120 3065 3150 3025 3135 3120]
[2760 2495 2265 1985 2305 2330 2450 2225] [3315 3030 3265 3245 3070 3160 3175 3125]
[2730 2700 2420 2150 1930 2220 2325 1880] [2960 3000 3180 2990 3120 3200 3150 3295]
[2755 2510 2170 1920 1830 2020 1835 1750] [3000 3105 3075 3305 3045 3120 3160 3185]
[3030 2355 2195 1825 1505 1625 1735 1655] [3035 3375 3265 3185 3120 3130 3380 3425]
[2805 2490 2125 1585 1720 1555 1670 1680] [3140 3300 3245 3455 3305 3145 3300 3325]
COM7 1 54
3
[2550 2485 2215 2060 2370 2500 2710 2320] [2910 2955 3140 2905 2910 2840 2870 2970]
[2620 2535 2050 2290 2310 2590 2465 2250] [2925 2955 3070 3015 2935 2900 2985 2975]
[2685 2485 2120 1945 2190 2645 2570 2240] [2865 2930 3040 2905 3050 3020 2980 3040]
[2760 2495 2265 1985 2305 2330 2450 2225] [3140 3125 3045 3085 2975 2935 3100 3005]
[2730 2700 2420 2150 1930 2220 2325 1880] [3075 3055 3180 2960 2995 2960 3085 3050]
[2755 2510 2170 1920 1830 2020 1835 1750] [2805 3270 3065 3070 3115 3030 3015 3245]
[3030 2355 2195 1825 1505 1625 1735 1655] [2900 3205 2990 3040 3110 3035 3065 3235]
[2805 2490 2125 1585 1720 1555 1670 1680] [3035 3170 3285 3060 3210 2940 3080 3140]
COM3 0 55
3
[2815 2540 2380 2300 2490 2620 2905 2475] [2910 2955 3140 2905 2910 2840 2870 2970]
[3055 2710 2125 2460 2385 2745 2645 2450] [2925 2955 3070 3015 2935 2900 2985 2975]
[2840 2755 2595 2165 2360 2495 2575 2500] [2865 2930 3040 2905 3050 3020 2980 3040]
[2980 2520 2420 2370 2455 2590 2745 2330] [3140 3125 3045 3085 2975 2935 3100 3005]
[3160 2775 2585 2055 2260 2345 2380 2320] [3075 3055 3180 2960 2995 2960 3085 3050]
[2780 2845 2570 1955 2000 2275 2310 1940] [2805 3270 3065 3070 3115 3030 3015 3245]
[2850 2580 2195 1845 1945 1955 1765 1890] [2900 3205 2990 3040 3110 3035 3065 3235]
[2935 2640 2185 1555 1670 1715 1895 1640] [3035 3170 3285 3060 3210 2940 3080 3140]
COM7 1 56
3
[2815 2540 2380 2300 2490 2620 2905 2475] [2400 2870 2910 2975 3030 2965 3150 2775]
[3055 2710 2125 2460 2385 2745 2645 2450] [2890 2815 3145 2840 2970 2950 3055 2810]
[2840 2755 2595 2165 2360 2495 2575 2500] [2835 2825 3060 2905 2990 2990 2945 2910]
[2980 2520 2420 2370 2455 2590 2745 2330] [3040 3075 2995 3055 3015 2955 3030 2870]
[3160 2775 2585 2055 2260 2345 2380 2320] [2825 3015 3040 2850 2925 3030 3050 3090]
[2780 2845 2570 1955 2000 2275 2310 1940] [3005 2950 3025 3025 3065 3030 3040 3025]
[2850 2580 2195 1845 1945 1955 1765 1890] [3035 2995 3090 2915 2945 3025 3045 3195]
[2935 2640 2185 1555 1670 1715 1895 1640] [2790 3030 2950 3110 2955 2940 3160 2985]
COM3 0 57
3
[2350 2145 1685 1775 2205 2685 2535 2240] [2400 2870 2910 2975 3030 2965 3150 2775]
[2570 2620 1895 2115 2445 2460 2530 2335] [2890 2815 3145 2840 2970 2950 3055 2810]
[2670 2505 2200 1825 2175 2420 2345 2110] [2835 2825 3060 2905 2990 2990 2945 2910]
[2605 2455 2120 2070 2080 2380 2370 1965] [3040 3075 2995 3055 3015 2955 3030 2870]
[2890 2400 2265 1835 2070 2005 2120 2105] [2825 3015 3040 2850 2925 3030 3050 3090]
[2795 2535 2235 1980 1740 2020 1885 1595] [3005 2950 3025 3025 3065 3030 3040 3025]
[2565 2310 2260 1700 1510 1745 1670 1620] [3035 2995 3090 2915 2945 3025 3045 3195]
[3010 2450 2130 1695 1660 1490 1335 1395] [2790 3030 2950 3110 2955 2940 3160 2985]
COM7 1 58
3
[2350 2145 1685 1775 2205 2685 2535 2240] [3230 3210 3110 3295 3155 3090 3075 3060]
[2570 2620 1895 2115 2445 2460 2530 2335] [3005 3180 3295 3010 3210 3210 3285 3170]
[2670 2505 2200 1825 2175 2420 2345 2110] [3230 3200 3090 3120 3245 3020 3145 3080]
[2605 2455 2120 2070 2080 2380 2370 1965] [3215 3240 3230 3020 3140 3205 3160 3190]
[2890 2400 2265 1835 2070 2005 2120 2105] [3295 3105 3215 3015 3125 3180 3185 3290]
[2795 2535 2235 1980 1740 2020 1885 1595] [3080 3205 3020 3145 3160 3235 3215 3140]
[2565 2310 2260 1700 1510 1745 1670 1620] [3030 3110 3320 3215 3085 3325 3190 3265]
[3010 2450 2130 1695 1660 1490 1335 1395] [3125 3185 3065 3320 3020 3145 3320 3410]
COM3 0 59
3
[2745 2555 2150 2195 2235 2575 2805 2475] [3230 3210 3110 3295 3155 3090 3075 3060]
[2950 2435 2070 2075 2385 2700 2645 2415] [3005 3180 3295 3010 3210 3210 3285 3170]
[2815 2670 2295 2165 2300 2535 2620 2290] [3230 3200 3090 3120 3245 3020 3145 3080]
[2995 2535 2420 2170 2345 2505 2450 2085] [3215 3240 3230 3020 3140 3205 3160 3190]
[2940 2800 2265 2285 2335 2490 2635 1875] [3295 3105 3215 3015 3125 3180 3185 3290]
[2690 2790 2320 2125 1955 2105 2165 2030] [3080 3205 3020 3145 3160 3235 3215 3140]
[2640 2695 2125 1905 1785 1815 1875 1690] [3030 3110 3320 3215 3085 3325 3190 3265]
[2830 2560 2235 1785 1735 1640 1800 1800] [3125 3185 3065 3320 3020 3145 3320 3410]
COM7 1 60
3
[2745 2555 2150 2195 2235 2575 2805 2475] [2575 2765 2920 2840 2750 2995 2875 2680]
[2950 2435 2070 2075 2385 2700 2645 2415] [2715 2880 3130 2825 2865 2905 3005 2860]
[2815 2670 2295 2165 2300 2535 2620 2290] [2910 2935 2925 2855 2990 2870 2960 2990]
[2995 2535 2420 2170 2345 2505 2450 2085] [2860 2875 3005 2845 3030 2970 3015 2825]
[2940 2800 2265 2285 2335 2490 2635 1875] [2945 3065 3150 2850 3035 3050 2975 3045]
[2690 2790 2320 2125 1955 2105 2165 2030] [2810 2925 3025 3015 2960 3005 3010 3235]
[2640 2695 2125 1905 1785 1815 1875 1690] [2930 3090 3150 3070 3090 2950 2960 3190]
[2830 2560 2235 1785 1735 1640 1800 1800] [2835 3155 3095 3145 2905 3090 3055 2970]
COM3 0 61
3
[2745 2395 2320 2360 2335 2545 2690 2400] [2575 2765 2920 2840 2750 2995 2875 2680]
[2860 2650 1935 2185 2500 2595 2775 2505] [2715 2880 3130 2825 2865 2905 3005 2860]
[2715 2670 2295 2150 2315 2610 2540 2240] [2910 2935 2925 2855 2990 2870 2960 2990]
[2750 2605 2480 2010 2345 2335 2360 2305] [2860 2875 3005 2845 3030 2970 3015 2825]
[2585 2890 2450 1905 2265 2495 2580 2280] [2945 3065 3150 2850 3035 3050 2975 3045]
[2715 2640 2360 1995 1855 2175 2030 1860] [2810 2925 3025 3015 2960 3005 3010 3235]
[2905 2715 2290 1885 1840 1840 1940 1920] [2930 3090 3150 3070 3090 2950 2960 3190]
[2810 2570 2285 1990 1670 1715 1820 1615] [2835 3155 3095 3145 2905 3090 3055 2970]
COM7 1 62
3
[2745 2395 2320 2360 2335 2545 2690 2400] [2690 2765 2935 2695 2740 2780 2745 2805]
[2860 2650 1935 2185 2500 2595 2775 2505] [2745 3020 3115 2875 2840 2920 2780 2795]
[2715 2670 2295 2150 2315 2610 2540 2240] [2815 2995 3005 2820 2995 2815 2940 2905]
[2750 2605 2480 2010 2345 2335 2360 2305] [2815 3050 3045 2980 2825 2870 2945 2850]
[2585 2890 2450 1905 2265 2495 2580 2280] [2815 2905 3040 2850 2950 2875 2975 2980]
[2715 2640 2360 1995 1855 2175 2030 1860] [2780 2975 2945 3050 2925 2995 2950 3035]
[2905 2715 2290 1885 1840 1840 1940 1920] [2890 3135 3060 3050 2915 2895 3035 2955]
[2810 2570 2285 1990 1670 1715 1820 1615] [2750 3030 3040 3135 2955 2685 2975 2985]
COM3 0 63
3
[2640 2170 2360 2220 2450 2575 2685 2375] [2690 2765 2935 2695 2740 2780 2745 2805]
[3210 2450 2360 2190 2440 2655 2690 2355] [2745 3020 3115 2875 2840 2920 2780 2795]
[2600 2565 2260 2005 2275 2520 2555 2320] [2815 2995 3005 2820 2995 2815 2940 2905]
[2925 2820 2475 2045 2130 2635 2660 2165] [2815 3050 3045 2980 2825 2870 2945 2850]
[2670 2880 2475 2160 2245 2515 2590 2200] [2815 2905 3040 2850 2950 2875 2975 2980]
[2895 2705 2500 2065 1790 2235 2055 1895] [2780 2975 2945 3050 2925 2995 2950 3035]
[3005 2780 2140 1860 1725 1870 1765 1765] [2890 3135 3060 3050 2915 2895 3035 2955]
[2795 2460 2015 1875 1940 1695 1885 1830] [2750 3030 3040 3135 2955 2685 2975 2985]
COM7 1 64
3
[2640 2170 2360 2220 2450 2575 2685 2375] [2660 3105 3035 2905 2855 2950 2870 2970]
[3210 2450 2360 2190 2440 2655 2690 2355] [2925 3015 3145 2865 2865 3065 3025 2975]
[2600 2565 2260 2005 2275 2520 2555 2320] [2845 3135 3105 3030 3075 3010 3140 3135]
[2925 2820 2475 2045 2130 2635 2660 2165] [2960 3050 3045 3005 2965 3020 3075 3010]
[2670 2880 2475 2160 2245 2515 2590 2200] [2945 3010 3045 2810 3060 3025 3080 3165]
[2895 2705 2500 2065 1790 2235 2055 1895] [2860 3035 3070 3165 3110 3085 3040 3215]
[3005 2780 2140 1860 1725 1870 1765 1765] [3020 3350 3155 3100 2945 3040 3135 3215]
[2795 2460 2015 1875 1940 1695 1885 1830] [3025 3040 3060 3215 3075 3000 3090 3290]
COM3 0 65
3
[2785 2310 2220 2335 2250 2615 2700 2450] [2660 3105 3035 2905 2855 2950 2870 2970]
[2835 2640 2125 2170 2345 2630 2790 2490] [2925 3015 3145 2865 2865 3065 3025 2975]
[2695 2585 2275 1900 2240 2570 2585 2440] [2845 3135 3105 3030 3075 3010 3140 3135]
[2825 3000 2370 2225 2130 2385 2645 2185] [2960 3050 3045 3005 2965 3020 3075 3010]
[2925 2935 2240 1820 2230 2345 2370 2185] [2945 3010 3045 2810 3060 3025 3080 3165]
[3175 2685 2490 1920 1780 2120 1765 1635] [2860 3035 3070 3165 3110 3085 3040 3215]
[2690 2720 2470 1835 1410 1880 1625 1470] [3020 3350 3155 3100 2945 3040 3135 3215]
[2935 2425 2260 1600 1415 1620 1445 1540] [3025 3040 3060 3215 3075 3000 3090 3290]