COM7 1 6
4
[1985 1905 2415 2695 2860 2710 2845 2820] [2925 2865 3130 2885 3010 3025 3005 2925]
[2220 2320 2360 2935 2770 2885 2855 2785] [2950 2985 3020 3020 2970 3105 2960 2990]
[2155 2220 2455 2550 2875 2915 2835 2970] [3070 2995 3080 2890 3050 2970 3040 3085]
[2085 1950 2240 2605 2805 2875 2910 2745] [3050 3085 3085 3070 3020 3020 3075 2940]
[2020 2025 2150 2410 2740 2880 2935 3020] [3160 3005 3135 2925 3000 3070 3100 3200]
[1680 1780 2075 2435 2685 2970 2810 2865] [3055 3130 2975 3110 3075 3050 3125 3305]
[1610 1715 1820 2320 2550 2940 2775 3000] [3025 3140 3190 3105 3110 3015 3065 3190]
[1640 1610 1950 2255 2390 2745 3110 2955] [3055 3095 3080 3155 2995 3020 3100 3095]
COM3 0 7
4
[2365 2040 2270 2495 2835 2640 2835 2705] [2925 2865 3130 2885 3010 3025 3005 2925]
[2300 2125 2195 2580 2840 2765 2895 2675] [2950 2985 3020 3020 2970 3105 2960 2990]
[1845 1835 2165 2415 2745 2795 2765 2890] [3070 2995 3080 2890 3050 2970 3040 3085]
[1740 1655 1875 2265 2560 2695 2810 2760] [3050 3085 3085 3070 3020 3020 3075 2940]
[1725 1520 1850 1800 2515 2610 3130 2795] [3160 3005 3135 2925 3000 3070 3100 3200]
[1700 1630 1735 1910 2165 2605 2990 2755] [3055 3130 2975 3110 3075 3050 3125 3305]
[1695 1565 1525 1625 2000 2565 2685 2975] [3025 3140 3190 3105 3110 3015 3065 3190]
[1705 1465 1425 1590 1875 2635 2670 2855] [3055 3095 3080 3155 2995 3020 3100 3095]
COM7 1 8
4
[2365 2040 2270 2495 2835 2640 2835 2705] [3010 3140 2945 2880 3160 2970 2955 3065]
[2300 2125 2195 2580 2840 2765 2895 2675] [3075 3020 3055 3000 2915 3125 3085 2990]
[1845 1835 2165 2415 2745 2795 2765 2890] [3055 3110 3070 2970 3020 2950 3040 3075]
[1740 1655 1875 2265 2560 2695 2810 2760] [3165 3090 3085 3110 3060 3070 3105 3165]
[1725 1520 1850 1800 2515 2610 3130 2795] [3045 3195 3145 3075 3050 3115 3125 3135]
[1700 1630 1735 1910 2165 2605 2990 2755] [2940 3175 3075 3160 3100 3075 3105 3085]
[1695 1565 1525 1625 2000 2565 2685 2975] [3110 3290 3120 3045 3130 3140 3160 3205]
[1705 1465 1425 1590 1875 2635 2670 2855] [3275 3125 3115 3085 2950 2885 3105 3335]
COM3 0 9
4
[2240 2200 2515 2740 2860 2750 2920 2900] [3010 3140 2945 2880 3160 2970 2955 3065]
[2255 2205 2450 2625 2910 2905 2855 2940] [3075 3020 3055 3000 2915 3125 3085 2990]
[2355 2000 2210 2445 2745 2950 2855 2915] [3055 3110 3070 2970 3020 2950 3040 3075]
[2170 2150 2325 2280 2785 3020 2880 3005] [3165 3090 3085 3110 3060 3070 3105 3165]
[2000 1925 2100 2350 2650 2745 3235 2990] [3045 3195 3145 3075 3050 3115 3125 3135]
[1940 1800 1900 2140 2370 2535 2955 2925] [2940 3175 3075 3160 3100 3075 3105 3085]
[1900 1705 1750 1845 2100 2375 2345 2920] [3110 3290 3120 3045 3130 3140 3160 3205]
[2020 1805 2000 1820 1840 1935 2415 2555] [3275 3125 3115 3085 2950 2885 3105 3335]
COM7 1 10
4
[2240 2200 2515 2740 2860 2750 2920 2900] [3065 3070 3335 3000 2945 3020 3100 2735]
[2255 2205 2450 2625 2910 2905 2855 2940] [3150 3000 3015 2985 3000 3100 3000 3000]
[2355 2000 2210 2445 2745 2950 2855 2915] [2890 3055 3120 2980 3180 2935 3040 3020]
[2170 2150 2325 2280 2785 3020 2880 3005] [3230 3215 3175 3120 3055 2970 3100 2925]
[2000 1925 2100 2350 2650 2745 3235 2990] [3070 3355 3135 2890 3065 2970 3100 3115]
[1940 1800 1900 2140 2370 2535 2955 2925] [3030 3065 3010 3210 3005 3120 3180 3115]
[1900 1705 1750 1845 2100 2375 2345 2920] [3180 3020 3170 3100 3075 3130 3160 3295]
[2020 1805 2000 1820 1840 1935 2415 2555] [3165 3300 3110 3335 3075 2885 3055 3085]
COM3 0 11
4
[2215 1885 2440 2700 2840 2675 2750 2680] [3065 3070 3335 3000 2945 3020 3100 2735]
[2250 2215 2455 2720 2710 2750 2690 2805] [3150 3000 3015 2985 3000 3100 3000 3000]
[1975 2220 2385 2600 2755 2735 2655 2590] [2890 3055 3120 2980 3180 2935 3040 3020]
[1965 2015 2510 2720 2895 2770 2745 2695] [3230 3215 3175 3120 3055 2970 3100 2925]
[1885 1940 2410 2570 2885 2625 2685 2750] [3070 3355 3135 2890 3065 2970 3100 3115]
[1915 1960 2185 2585 2600 2830 2700 2830] [3030 3065 3010 3210 3005 3120 3180 3115]
[1760 1980 2105 2400 2640 2520 2635 2590] [3180 3020 3170 3100 3075 3130 3160 3295]
[1975 2000 1770 1965 2305 2545 2670 2620] [3165 3300 3110 3335 3075 2885 3055 3085]
COM7 1 12
4
[2215 1885 2440 2700 2840 2675 2750 2680] [3065 3110 3145 3060 2850 3235 3135 3140]
[2250 2215 2455 2720 2710 2750 2690 2805] [3185 3075 3095 3100 3080 3160 3030 3005]
[1975 2220 2385 2600 2755 2735 2655 2590] [3225 3170 3190 3085 3175 3140 3055 3080]
[1965 2015 2510 2720 2895 2770 2745 2695] [3150 3105 3210 3115 3075 2950 3125 3080]
[1885 1940 2410 2570 2885 2625 2685 2750] [3295 3230 3175 3150 3150 3030 3205 3140]
[1915 1960 2185 2585 2600 2830 2700 2830] [2995 3130 3085 3180 3065 3220 3205 3240]
[1760 1980 2105 2400 2640 2520 2635 2590] [3320 3295 3135 3105 3110 3220 3125 3205]
[1975 2000 1770 1965 2305 2545 2670 2620] [3330 3325 3265 3330 3105 3080 3165 3090]
COM3 0 13
4
[2350 2245 2480 2755 2730 2730 2905 2535] [3065 3110 3145 3060 2850 3235 3135 3140]
[2360 2395 2455 2735 2795 2690 2795 2815] [3185 3075 3095 3100 3080 3160 3030 3005]
[2235 2270 2545 2595 2765 2720 2845 2785] [3225 3170 3190 3085 3175 3140 3055 3080]
[2040 2000 2290 2460 2565 2610 2675 2820] [3150 3105 3210 3115 3075 2950 3125 3080]
[2230 1935 2290 2340 2505 2575 2910 2810] [3295 3230 3175 3150 3150 3030 3205 3140]
[2080 1850 2025 2185 2330 2515 2635 2590] [2995 3130 3085 3180 3065 3220 3205 3240]
[2305 1800 1600 1935 2220 2390 2620 2905] [3320 3295 3135 3105 3110 3220 3125 3205]
[2280 1700 1785 1930 2175 2600 2490 2780] [3330 3325 3265 3330 3105 3080 3165 3090]
COM7 1 14
4
[2350 2245 2480 2755 2730 2730 2905 2535] [3050 3095 3145 3065 2850 3170 3080 3105]
[2360 2395 2455 2735 2795 2690 2795 2815] [3140 3160 3230 2975 3080 3010 3030 3080]
[2235 2270 2545 2595 2765 2720 2845 2785] [3105 3105 3125 3025 3050 3060 3060 3020]
[2040 2000 2290 2460 2565 2610 2675 2820] [3085 3105 3085 3095 3150 3005 3110 3005]
[2230 1935 2290 2340 2505 2575 2910 2810] [3210 3105 3205 2985 3050 3205 3155 3085]
[2080 1850 2025 2185 2330 2515 2635 2590] [3050 3130 3220 3095 3100 3170 3125 3210]
[2305 1800 1600 1935 2220 2390 2620 2905] [3145 3310 3255 3025 3115 3140 3125 3195]
[2280 1700 1785 1930 2175 2600 2490 2780] [3215 3145 3080 3370 3125 3080 3180 3240]
COM3 0 15
4
[2340 2345 2620 2795 2775 2850 2980 2850] [3050 3095 3145 3065 2850 3170 3080 3105]
[2255 2440 2705 2705 2795 2920 2850 2715] [3140 3160 3230 2975 3080 3010 3030 3080]
[2270 2305 2460 2780 2765 2790 2840 2910] [3105 3105 3125 3025 3050 3060 3060 3020]
[2230 2185 2495 2690 2775 2585 2525 2570] [3085 3105 3085 3095 3150 3005 3110 3005]
[2365 2200 2295 2570 2545 2365 2550 2450] [3210 3105 3205 2985 3050 3205 3155 3085]
[2260 2245 2480 2425 2340 2370 2195 2455] [3050 3130 3220 3095 3100 3170 3125 3210]
[2235 2150 2060 2205 2185 2105 2115 2390] [3145 3310 3255 3025 3115 3140 3125 3195]
[2440 2105 2090 1990 2310 2220 2430 2405] [3215 3145 3080 3370 3125 3080 3180 3240]
COM7 1 16
4
[2340 2345 2620 2795 2775 2850 2980 2850] [2840 2915 2830 3050 2925 2970 2940 2970]
[2255 2440 2705 2705 2795 2920 2850 2715] [2925 3065 3040 2930 2935 3070 2940 2900]
[2270 2305 2460 2780 2765 2790 2840 2910] [2875 3010 2975 2950 3045 2905 2965 3040]
[2230 2185 2495 2690 2775 2585 2525 2570] [3070 3020 3065 3020 3025 2925 3010 2935]
[2365 2200 2295 2570 2545 2365 2550 2450] [2895 3005 3175 2985 2915 3050 3050 3125]
[2260 2245 2480 2425 2340 2370 2195 2455] [3030 3115 3120 3120 2905 3055 3180 3150]
[2235 2150 2060 2205 2185 2105 2115 2390] [2935 3030 3050 3010 3025 3120 3090 3195]
[2440 2105 2090 1990 2310 2220 2430 2405] [3085 3040 3080 3215 3020 3005 3100 3045]
COM3 0 17
4
[2195 2320 2685 2715 2915 2670 2830 2590] [2840 2915 2830 3050 2925 2970 2940 2970]
[2085 2450 2580 2760 2805 2740 2680 2470] [2925 3065 3040 2930 2935 3070 2940 2900]
[2195 2085 2535 2840 2775 2570 2555 2520] [2875 3010 2975 2950 3045 2905 2965 3040]
[2475 2200 2430 2635 2765 2510 2270 2310] [3070 3020 3065 3020 3025 2925 3010 2935]
[2230 2100 2335 2460 2700 2525 2295 2135] [2895 3005 3175 2985 2915 3050 3050 3125]
[2185 2270 2325 2365 2435 2470 2310 2170] [3030 3115 3120 3120 2905 3055 3180 3150]
[2500 2185 1880 2280 2385 2400 2135 2140] [2935 3030 3050 3010 3025 3120 3090 3195]
[2415 1850 1825 1850 2060 2430 2430 2230] [3085 3040 3080 3215 3020 3005 3100 3045]
COM7 1 18
4
[2195 2320 2685 2715 2915 2670 2830 2590] [3215 2970 3045 2885 2975 2845 2920 3160]
[2085 2450 2580 2760 2805 2740 2680 2470] [2945 2960 3110 2985 3025 3095 3000 2950]
[2195 2085 2535 2840 2775 2570 2555 2520] [3025 3115 3130 3040 3095 2850 3040 3030]
[2475 2200 2430 2635 2765 2510 2270 2310] [3140 3105 3145 3110 3095 2955 3100 3075]
[2230 2100 2335 2460 2700 2525 2295 2135] [3010 3090 3185 3025 3070 2970 3065 3075]
[2185 2270 2325 2365 2435 2470 2310 2170] [2945 3065 3165 3175 2890 3080 3205 3290]
[2500 2185 1880 2280 2385 2400 2135 2140] [3055 3345 3185 3105 3025 3070 3070 3145]
[2415 1850 1825 1850 2060 2430 2430 2230] [3200 3045 3215 3310 3205 3065 3030 3120]
COM3 0 19
4
[2155 2410 2580 2850 2590 2495 2120 1905] [3215 2970 3045 2885 2975 2845 2920 3160]
[2170 2180 2515 2780 2835 2510 2180 2055] [2945 2960 3110 2985 3025 3095 3000 2950]
[2240 2050 2320 2745 2715 2660 2385 2015] [3025 3115 3130 3040 3095 2850 3040 3030]
[2240 1880 2280 2525 2795 2775 2480 2235] [3140 3105 3145 3110 3095 2955 3100 3075]
[2440 2060 2250 2405 2640 2575 2525 2140] [3010 3090 3185 3025 3070 2970 3065 3075]
[2465 2250 2055 2080 2265 2505 2435 2310] [2945 3065 3165 3175 2890 3080 3205 3290]
[2555 2160 1985 1880 2095 2200 2380 2250] [3055 3345 3185 3105 3025 3070 3070 3145]
[2490 2135 1885 1850 1670 1955 2035 1965] [3200 3045 3215 3310 3205 3065 3030 3120]
COM7 1 20
4
[2155 2410 2580 2850 2590 2495 2120 1905] [2990 3120 3130 2830 3075 2920 2990 3180]
[2170 2180 2515 2780 2835 2510 2180 2055] [3145 3165 3055 3005 3005 3115 3000 2925]
[2240 2050 2320 2745 2715 2660 2385 2015] [3130 3115 3100 3045 3175 2985 3065 2965]
[2240 1880 2280 2525 2795 2775 2480 2235] [3045 3170 3205 3080 3050 3035 3110 3180]
[2440 2060 2250 2405 2640 2575 2525 2140] [3100 3230 3175 3030 3100 3065 3095 3200]
[2465 2250 2055 2080 2265 2505 2435 2310] [2940 3170 3000 3165 3135 3170 3210 3120]
[2555 2160 1985 1880 2095 2200 2380 2250] [3085 3295 3150 3105 3195 3140 3050 3325]
[2490 2135 1885 1850 1670 1955 2035 1965] [3215 3235 3210 3245 3125 3340 3370 3240]
COM3 0 21
4
[2215 2065 2690 2745 2615 2505 2325 2340] [2990 3120 3130 2830 3075 2920 2990 3180]
[2295 2360 2385 2735 2775 2690 2415 2205] [3145 3165 3055 3005 3005 3115 3000 2925]
[2270 2150 2295 2700 2785 2620 2275 2215] [3130 3115 3100 3045 3175 2985 3065 2965]
[2405 2100 2195 2475 2685 2695 2445 2025] [3045 3170 3205 3080 3050 3035 3110 3180]
[2520 2140 2225 2205 2540 2525 2500 2105] [3100 3230 3175 3030 3100 3065 3095 3200]
[2780 2355 2235 1975 2210 2360 2315 1860] [2940 3170 3000 3165 3135 3170 3210 3120]
[2665 2420 2115 2000 2020 2140 1990 1805] [3085 3295 3150 3105 3195 3140 3050 3325]
[2515 2385 2210 1790 1805 1770 1805 1785] [3215 3235 3210 3245 3125 3340 3370 3240]
COM7 1 22
4
[2215 2065 2690 2745 2615 2505 2325 2340] [2750 2980 3145 2805 2985 2705 2885 3075]
[2295 2360 2385 2735 2775 2690 2415 2205] [3020 3075 3120 3005 2945 3045 3005 2940]
[2270 2150 2295 2700 2785 2620 2275 2215] [2935 3185 3095 2910 3115 2980 3070 3030]
[2405 2100 2195 2475 2685 2695 2445 2025] [3030 3070 3000 3010 3055 2985 3100 3075]
[2520 2140 2225 2205 2540 2525 2500 2105] [3155 3090 3065 2985 3035 3070 3080 3155]
[2780 2355 2235 1975 2210 2360 2315 1860] [3015 3100 3055 3120 3090 2970 3160 3335]
[2665 2420 2115 2000 2020 2140 1990 1805] [3235 3145 3130 2970 3125 3075 3125 3205]
[2515 2385 2210 1790 1805 1770 1805 1785] [3075 3110 3125 3265 3220 3025 3200 3265]
COM3 0 23
4
[2320 2060 2440 2795 2620 2330 2155 2115] [2750 2980 3145 2805 2985 2705 2885 3075]
[2270 2315 2145 2635 2665 2390 2040 2005] [3020 3075 3120 3005 2945 3045 3005 2940]
[2290 2285 2235 2360 2440 2315 2115 1980] [2935 3185 3095 2910 3115 2980 3070 3030]
[2575 2355 2300 2175 2345 2275 2010 1950] [3030 3070 3000 3010 3055 2985 3100 3075]
[2595 2390 2310 2230 2190 2105 2055 1775] [3155 3090 3065 2985 3035 3070 3080 3155]
[2620 2465 2105 2100 1975 1705 1755 1645] [3015 3100 3055 3120 3090 2970 3160 3335]
[2730 2725 2315 2095 1855 1780 1500 1670] [3235 3145 3130 2970 3125 3075 3125 3205]
[2995 2710 2315 2060 1525 1685 1650 1535] [3075 3110 3125 3265 3220 3025 3200 3265]
COM7 1 24
4
[2320 2060 2440 2795 2620 2330 2155 2115] [2890 2880 3015 3010 2990 3115 3015 2970]
[2270 2315 2145 2635 2665 2390 2040 2005] [3090 3070 2885 3015 2935 3085 2935 2875]
[2290 2285 2235 2360 2440 2315 2115 1980] [3050 3000 3125 3025 3100 3075 3115 2930]
[2575 2355 2300 2175 2345 2275 2010 1950] [3110 3155 3200 3010 3100 3020 3065 3070]
[2595 2390 2310 2230 2190 2105 2055 1775] [3150 3095 3130 3080 3060 3030 3130 3180]
[2620 2465 2105 2100 1975 1705 1755 1645] [2880 2980 3115 3170 3035 3105 3150 3010]
[2730 2725 2315 2095 1855 1780 1500 1670] [3070 3200 3165 3100 3090 3120 3085 3160]
[2995 2710 2315 2060 1525 1685 1650 1535] [3150 3145 3235 3060 3070 3075 3095 3030]
COM3 0 25
4
[2455 2200 2255 2340 2360 2260 2155 2210] [2890 2880 3015 3010 2990 3115 3015 2970]
[2825 2510 2400 2380 2320 2285 2140 2080] [3090 3070 2885 3015 2935 3085 2935 2875]
[2600 2585 2555 2225 2260 2175 2060 1985] [3050 3000 3125 3025 3100 3075 3115 2930]
[2905 2760 2795 2380 2305 2105 1815 1705] [3110 3155 3200 3010 3100 3020 3065 3070]
[3065 2880 2670 2445 2240 1840 1925 1695] [3150 3095 3130 3080 3060 3030 3130 3180]
[2700 2810 2925 2595 2290 1890 1690 1585] [2880 2980 3115 3170 3035 3105 3150 3010]
[2870 2870 2780 2440 2140 1885 1580 1510] [3070 3200 3165 3100 3090 3120 3085 3160]
[2870 2935 2745 2365 1985 1745 1765 1570] [3150 3145 3235 3060 3070 3075 3095 3030]
COM7 1 26
4
[2455 2200 2255 2340 2360 2260 2155 2210] [3080 2970 2875 2845 2695 3005 2855 2980]
[2825 2510 2400 2380 2320 2285 2140 2080] [2920 3015 3085 3040 2970 2970 3030 2985]
[2600 2585 2555 2225 2260 2175 2060 1985] [3070 2980 3110 2980 3085 2930 3015 2940]
[2905 2760 2795 2380 2305 2105 1815 1705] [3150 3110 3080 3070 3090 3065 3050 3060]
[3065 2880 2670 2445 2240 1840 1925 1695] [3005 3005 3180 2955 2975 3120 3025 3140]
[2700 2810 2925 2595 2290 1890 1690 1585] [2885 3055 3010 3075 3120 3095 3225 3150]
[2870 2870 2780 2440 2140 1885 1580 1510] [2865 3185 3150 3090 3110 3080 3230 3205]
[2870 2935 2745 2365 1985 1745 1765 1570] [2830 3150 3055 3155 3110 3070 3160 3180]
COM3 0 27
4
[2825 2450 2335 2315 2375 2280 2295 1925] [3080 2970 2875 2845 2695 3005 2855 2980]
[3000 2725 2435 2450 2375 2330 2090 1885] [2920 3015 3085 3040 2970 2970 3030 2985]
[2705 2680 2465 2415 2370 2330 1980 1855] [3070 2980 3110 2980 3085 2930 3015 2940]
[2845 2700 2585 2550 2540 2455 2105 1530] [3150 3110 3080 3070 3090 3065 3050 3060]
[2970 2870 2865 2585 2815 2365 2080 1705] [3005 3005 3180 2955 2975 3120 3025 3140]
[2810 2850 2940 2955 2540 2350 1855 1565] [2885 3055 3010 3075 3120 3095 3225 3150]
[3040 3100 3065 2840 2780 2240 1850 1685] [2865 3185 3150 3090 3110 3080 3230 3205]
[2960 3040 3055 2945 2310 2200 1800 1575] [2830 3150 3055 3155 3110 3070 3160 3180]
COM7 1 28
4
[2825 2450 2335 2315 2375 2280 2295 1925] [3030 2980 2960 2905 2825 2935 3155 3045]
[3000 2725 2435 2450 2375 2330 2090 1885] [3040 3175 3150 3095 2965 3145 3115 2970]
[2705 2680 2465 2415 2370 2330 1980 1855] [3070 3050 3115 3080 3145 3070 3100 3010]
[2845 2700 2585 2550 2540 2455 2105 1530] [2980 3090 3150 3030 3030 3020 3050 3070]
[2970 2870 2865 2585 2815 2365 2080 1705] [3000 3095 3115 2975 3065 3065 3155 3110]
[2810 2850 2940 2955 2540 2350 1855 1565] [2580 2900 3150 3035 3115 3050 3140 3205]
[3040 3100 3065 2840 2780 2240 1850 1685] [2475 2865 3125 3060 3070 3010 3155 3195]
[2960 3040 3055 2945 2310 2200 1800 1575] [2260 2580 2870 3150 3200 3115 2970 2990]
COM3 0 29
4
[2620 2600 2805 2510 2435 2195 1920 1985] [3030 2980 2960 2905 2825 2935 3155 3045]
[2815 2955 2750 2745 2570 2390 1785 1805] [3040 3175 3150 3095 2965 3145 3115 2970]
[2770 2725 2925 2555 2420 2220 1880 1770] [3070 3050 3115 3080 3145 3070 3100 3010]
[2795 2680 2765 2635 2515 2060 1825 1705] [2980 3090 3150 3030 3030 3020 3050 3070]
[2970 2785 2755 2570 2570 2435 1830 1880] [3000 3095 3115 2975 3065 3065 3155 3110]
[2875 2735 2995 2845 2525 2515 2145 1700] [2580 2900 3150 3035 3115 3050 3140 3205]
[2630 2985 2850 2850 2815 2505 2045 1640] [2475 2865 3125 3060 3070 3010 3155 3195]
[3065 2725 2600 2810 2770 2240 2110 1725] [2260 2580 2870 3150 3200 3115 2970 2990]
COM7 1 30
4
[2620 2600 2805 2510 2435 2195 1920 1985] [3085 2815 2920 2935 3090 2890 2910 3065]
[2815 2955 2750 2745 2570 2390 1785 1805] [3045 2975 2975 3010 2915 3135 3100 3080]
[2770 2725 2925 2555 2420 2220 1880 1770] [2980 3095 3110 2985 3130 2980 3050 2900]
[2795 2680 2765 2635 2515 2060 1825 1705] [3160 2910 3025 3095 3055 2930 3105 3030]
[2970 2785 2755 2570 2570 2435 1830 1880] [3055 3090 3170 3075 3015 3045 3110 3215]
[2875 2735 2995 2845 2525 2515 2145 1700] [3045 3060 3010 3120 3100 3110 3135 3155]
[2630 2985 2850 2850 2815 2505 2045 1640] [2880 3205 3275 3050 3025 3125 3065 3205]
[3065 2725 2600 2810 2770 2240 2110 1725] [2705 3015 3265 3150 3255 3180 3095 2990]
COM3 0 31
4
[2930 2710 2635 2895 2525 2385 2155 2055] [3085 2815 2920 2935 3090 2890 2910 3065]
[2935 3020 2670 2795 2775 2350 2140 2075] [3045 2975 2975 3010 2915 3135 3100 3080]
[2740 2885 2845 2805 2630 2345 2170 2055] [2980 3095 3110 2985 3130 2980 3050 2900]
[2880 2930 2955 2690 2725 2470 2010 1930] [3160 2910 3025 3095 3055 2930 3105 3030]
[2915 2660 2960 2785 2480 2135 2035 1965] [3055 3090 3170 3075 3015 3045 3110 3215]
[3025 2855 3000 2900 2505 2285 2115 1725] [3045 3060 3010 3120 3100 3110 3135 3155]
[3000 3080 2835 2965 2585 2280 1855 1835] [2880 3205 3275 3050 3025 3125 3065 3205]
[2960 2945 3060 2740 2630 2225 2010 1740] [2705 3015 3265 3150 3255 3180 3095 2990]
COM7 1 32
4
[2930 2710 2635 2895 2525 2385 2155 2055] [3090 3040 3070 3025 3005 3115 3005 2980]
[2935 3020 2670 2795 2775 2350 2140 2075] [2925 3055 3135 2985 2920 3055 3115 2915]
[2740 2885 2845 2805 2630 2345 2170 2055] [3010 3060 3070 3035 3115 2995 3005 2930]
[2880 2930 2955 2690 2725 2470 2010 1930] [3160 3045 3170 3010 3190 3040 3055 3010]
[2915 2660 2960 2785 2480 2135 2035 1965] [3120 3190 3090 2960 3030 2970 3125 3110]
[3025 2855 3000 2900 2505 2285 2115 1725] [3000 3055 3070 3095 3090 3075 3160 3045]
[3000 3080 2835 2965 2585 2280 1855 1835] [3135 3190 3235 3050 3240 3095 3065 3305]
[2960 2945 3060 2740 2630 2225 2010 1740] [3155 3225 3115 3155 3085 3095 2970 3160]
COM3 0 33
4
[2805 2665 2975 2755 2615 2375 2540 2275] [3090 3040 3070 3025 3005 3115 3005 2980]
[2835 2980 2640 2815 2570 2390 1985 2200] [2925 3055 3135 2985 2920 3055 3115 2915]
[2920 2755 2840 2700 2450 2320 1980 2245] [3010 3060 3070 3035 3115 2995 3005 2930]
[3030 2900 2825 2660 2560 2230 1825 2335] [3160 3045 3170 3010 3190 3040 3055 3010]
[2975 2890 2955 2625 2535 2050 2005 1980] [3120 3190 3090 2960 3030 2970 3125 3110]
[2955 2795 2975 2850 2520 2195 1985 1630] [3000 3055 3070 3095 3090 3075 3160 3045]
[3070 2795 2785 2720 2610 2105 1810 1870] [3135 3190 3235 3050 3240 3095 3065 3305]
[2770 3070 3025 2760 2655 2395 2020 1875] [3155 3225 3115 3155 3085 3095 2970 3160]
COM7 1 34
4
[2805 2665 2975 2755 2615 2375 2540 2275] [3085 2970 2940 2970 3100 3025 3040 2925]
[2835 2980 2640 2815 2570 2390 1985 2200] [2950 2820 2975 2970 3080 3025 2930 2970]
[2920 2755 2840 2700 2450 2320 1980 2245] [3110 2945 3080 2975 3050 2985 3005 3065]
[3030 2900 2825 2660 2560 2230 1825 2335] [3090 2900 3145 3115 3025 3010 3040 2915]
[2975 2890 2955 2625 2535 2050 2005 1980] [2900 3275 3155 2970 3070 3070 3110 3065]
[2955 2795 2975 2850 2520 2195 1985 1630] [2855 3085 3005 3160 3040 3110 3210 3000]
[3070 2795 2785 2720 2610 2105 1810 1870] [3045 3205 3175 3065 3060 2990 3105 3195]
[2770 3070 3025 2760 2655 2395 2020 1875] [3055 3100 3090 3310 3025 3115 3080 3395]
COM3 0 35
4
[2890 2840 2645 2565 2330 2245 2365 2825] [3085 2970 2940 2970 3100 3025 3040 2925]
[2990 3085 2745 2565 2330 2075 2320 2590] [2950 2820 2975 2970 3080 3025 2930 2970]
[2805 2930 2805 2530 2215 2120 2345 2645] [3110 2945 3080 2975 3050 2985 3005 3065]
[2870 2895 2895 2640 2395 1965 2190 2370] [3090 2900 3145 3115 3025 3010 3040 2915]
[2965 2920 2780 2585 2350 1790 2000 2240] [2900 3275 3155 2970 3070 3070 3110 3065]
[2960 2950 2900 2920 2440 2115 2045 1955] [2855 3085 3005 3160 3040 3110 3210 3000]
[2650 3050 2775 2930 2380 2125 1820 1815] [3045 3205 3175 3065 3060 2990 3105 3195]
[2945 2965 2795 2965 2520 2090 1640 1540] [3055 3100 3090 3310 3025 3115 3080 3395]
COM7 1 36
4
[2890 2840 2645 2565 2330 2245 2365 2825] [3015 2980 2890 2995 2975 2740 2905 2950]
[2990 3085 2745 2565 2330 2075 2320 2590] [3030 2805 3015 2945 2910 3130 3000 3045]
[2805 2930 2805 2530 2215 2120 2345 2645] [3115 3105 3090 2920 3040 2980 3060 2950]
[2870 2895 2895 2640 2395 1965 2190 2370] [3225 3080 3040 3010 2970 3035 3070 3045]
[2965 2920 2780 2585 2350 1790 2000 2240] [3035 3260 3165 2970 3115 3010 3095 3095]
[2960 2950 2900 2920 2440 2115 2045 1955] [2725 2900 3005 3100 2995 3035 3205 3125]
[2650 3050 2775 2930 2380 2125 1820 1815] [2875 3105 3280 3075 3015 3020 3135 3130]
[2945 2965 2795 2965 2520 2090 1640 1540] [2800 3020 3110 3205 3050 3100 3245 3165]
COM3 0 37
4
[2745 2675 2695 2455 2310 2060 2380 2595] [3015 2980 2890 2995 2975 2740 2905 2950]
[3055 2950 2665 2690 2305 1910 2195 2625] [3030 2805 3015 2945 2910 3130 3000 3045]
[2755 2790 2750 2565 2080 2060 2040 2465] [3115 3105 3090 2920 3040 2980 3060 2950]
[2845 3060 2910 2605 2330 2000 2115 2215] [3225 3080 3040 3010 2970 3035 3070 3045]
[2750 2850 2825 2705 2500 2050 1885 2140] [3035 3260 3165 2970 3115 3010 3095 3095]
[2810 2875 2935 2845 2500 2285 1985 1685] [2725 2900 3005 3100 2995 3035 3205 3125]
[3205 2825 2800 2960 2495 2250 1810 1775] [2875 3105 3280 3075 3015 3020 3135 3130]
[2875 2750 2860 2820 2355 2120 1860 1685] [2800 3020 3110 3205 3050 3100 3245 3165]
COM7 1 38
4
[2745 2675 2695 2455 2310 2060 2380 2595] [2940 2875 3010 2950 2985 2955 3045 3060]
[3055 2950 2665 2690 2305 1910 2195 2625] [3100 2910 2975 2950 3000 3050 2995 2825]
[2755 2790 2750 2565 2080 2060 2040 2465] [3075 2900 3040 2960 3085 3040 3045 3060]
[2845 3060 2910 2605 2330 2000 2115 2215] [3000 2915 3085 3095 3135 2975 2945 2995]
[2750 2850 2825 2705 2500 2050 1885 2140] [2870 3090 3115 2880 3035 3155 3160 3155]
[2810 2875 2935 2845 2500 2285 1985 1685] [2485 2935 3000 3120 2915 3100 3125 3090]
[3205 2825 2800 2960 2495 2250 1810 1775] [2550 2785 3175 3045 3175 3195 3280 3275]
[2875 2750 2860 2820 2355 2120 1860 1685] [2525 2630 2920 3100 3130 3110 3165 3180]
COM3 0 39
4
[2745 2660 2655 2305 2110 2010 2305 2525] [2940 2875 3010 2950 2985 2955 3045 3060]
[2915 3045 2575 2385 2200 2075 2225 2245] [3100 2910 2975 2950 3000 3050 2995 2825]
[2755 2970 2585 2390 2190 1905 1975 2205] [3075 2900 3040 2960 3085 3040 3045 3060]
[2610 2865 2825 2490 2105 1920 1990 1940] [3000 2915 3085 3095 3135 2975 2945 2995]
[3095 2820 2720 2760 2255 1935 2000 2185] [2870 3090 3115 2880 3035 3155 3160 3155]
[2920 2855 2770 2720 2440 1935 1935 1825] [2485 2935 3000 3120 2915 3100 3125 3090]
[3010 3000 2905 2825 2260 1945 1730 1820] [2550 2785 3175 3045 3175 3195 3280 3275]
[3105 2915 2805 2875 2525 2050 1665 1540] [2525 2630 2920 3100 3130 3110 3165 3180]
COM7 1 40
4
[2745 2660 2655 2305 2110 2010 2305 2525] [3040 2905 3105 2980 2835 2950 2970 3000]
[2915 3045 2575 2385 2200 2075 2225 2245] [2710 2970 3055 3000 2975 3095 3005 2980]
[2755 2970 2585 2390 2190 1905 1975 2205] [2685 2995 3095 3085 3115 3060 3025 2940]
[2610 2865 2825 2490 2105 1920 1990 1940] [2635 2965 3205 3095 3090 2945 3070 2995]
[3095 2820 2720 2760 2255 1935 2000 2185] [2600 2905 3180 3010 3105 3135 3145 3145]
[2920 2855 2770 2720 2440 1935 1935 1825] [2545 2835 2900 3170 3040 3030 3145 3240]
[3010 3000 2905 2825 2260 1945 1730 1820] [2475 2775 2960 3000 3060 3125 3125 3195]
[3105 2915 2805 2875 2525 2050 1665 1540] [2590 2475 2845 3220 3040 3025 3265 3260]
COM3 0 41
4
[2700 2665 2555 2445 2270 2170 1850 2255] [3040 2905 3105 2980 2835 2950 2970 3000]
[2805 2980 2650 2530 2065 1950 1985 2360] [2710 2970 3055 3000 2975 3095 3005 2980]
[2770 2795 2560 2380 2035 1970 2165 2520] [2685 2995 3095 3085 3115 3060 3025 2940]
[2825 2805 2840 2480 2065 1935 2185 2280] [2635 2965 3205 3095 3090 2945 3070 2995]
[2965 2785 2995 2505 2295 1900 2175 2260] [2600 2905 3180 3010 3105 3135 3145 3145]
[2905 2860 2805 2855 2360 2165 2120 2075] [2545 2835 2900 3170 3040 3030 3145 3240]
[2850 2840 2770 2735 2510 1940 1770 1820] [2475 2775 2960 3000 3060 3125 3125 3195]
[3050 2800 2985 2725 2410 2025 1930 1730] [2590 2475 2845 3220 3040 3025 3265 3260]
COM7 1 42
4
[2700 2665 2555 2445 2270 2170 1850 2255] [2565 3090 2925 2750 2845 2815 2920 2990]
[2805 2980 2650 2530 2065 1950 1985 2360] [2695 2995 3055 3045 2810 3085 2945 3025]
[2770 2795 2560 2380 2035 1970 2165 2520] [3015 2995 2960 3030 3095 2975 2975 2965]
[2825 2805 2840 2480 2065 1935 2185 2280] [2850 2925 3060 3025 3070 2920 3020 2920]
[2965 2785 2995 2505 2295 1900 2175 2260] [2815 3095 3080 2915 3045 2990 3035 3040]
[2905 2860 2805 2855 2360 2165 2120 2075] [2430 2895 2950 3165 3075 3130 3150 3055]
[2850 2840 2770 2735 2510 1940 1770 1820] [2440 2785 2945 3040 3120 3090 3145 3125]
[3050 2800 2985 2725 2410 2025 1930 1730] [2395 2660 2820 3150 3120 3055 3095 3175]
COM3 0 43
4
[2925 2735 2560 2685 2320 1975 1670 1925] [2565 3090 2925 2750 2845 2815 2920 2990]
[2910 2890 2650 2615 2370 2135 1865 1850] [2695 2995 3055 3045 2810 3085 2945 3025]
[2780 2845 2950 2725 2410 2005 1895 1740] [3015 2995 2960 3030 3095 2975 2975 2965]
[2815 2810 2905 2615 2555 2070 1815 1755] [2850 2925 3060 3025 3070 2920 3020 2920]
[2945 2910 3025 2835 2565 2190 2100 1875] [2815 3095 3080 2915 3045 2990 3035 3040]
[2895 2670 2740 2850 2620 2465 1925 1590] [2430 2895 2950 3165 3075 3130 3150 3055]
[2685 2955 2745 2910 2815 2490 1825 1690] [2440 2785 2945 3040 3120 3090 3145 3125]
[3010 3090 2940 2975 2635 2380 2050 1615] [2395 2660 2820 3150 3120 3055 3095 3175]
COM7 1 44
4
[2925 2735 2560 2685 2320 1975 1670 1925] [3055 2970 3005 2760 2845 2880 2965 2860]
[2910 2890 2650 2615 2370 2135 1865 1850] [3150 2975 3045 2990 2910 3020 2930 2950]
[2780 2845 2950 2725 2410 2005 1895 1740] [2975 3070 2955 2935 3105 2940 3070 3005]
[2815 2810 2905 2615 2555 2070 1815 1755] [3035 2990 3070 3080 3105 3025 3115 3010]
[2945 2910 3025 2835 2565 2190 2100 1875] [2810 3210 3140 2840 2975 2880 3105 3110]
[2895 2670 2740 2850 2620 2465 1925 1590] [2660 2895 2995 3175 3030 3010 3175 3275]
[2685 2955 2745 2910 2815 2490 1825 1690] [2745 3150 3110 3000 3045 2960 2980 3200]
[3010 3090 2940 2975 2635 2380 2050 1615] [2740 2890 3090 3075 3035 2955 3035 3155]
COM3 0 45
4
[2845 2600 2700 2850 2565 2335 2150 2110] [3055 2970 3005 2760 2845 2880 2965 2860]
[2925 2795 2700 2940 2670 2670 2300 2200] [3150 2975 3045 2990 2910 3020 2930 2950]
[2775 2900 2760 2795 2705 2675 2430 2105] [2975 3070 2955 2935 3105 2940 3070 3005]
[2880 2735 2975 2785 2865 2730 2515 2305] [3035 2990 3070 3080 3105 3025 3115 3010]
[2895 2970 2905 2830 2900 2600 2780 2170] [2810 3210 3140 2840 2975 2880 3105 3110]
[3065 3025 2935 2965 2790 2580 2605 1965] [2660 2895 2995 3175 3030 3010 3175 3275]
[2945 3105 2850 2955 2810 2600 2330 1935] [2745 3150 3110 3000 3045 2960 2980 3200]
[3235 2745 2995 2890 2815 2410 2130 1845] [2740 2890 3090 3075 3035 2955 3035 3155]
COM7 1 46
4
[2845 2600 2700 2850 2565 2335 2150 2110] [3100 2935 3100 2930 2970 3085 3020 3055]
[2925 2795 2700 2940 2670 2670 2300 2200] [3135 2970 2995 3015 3075 3095 2995 2965]
[2775 2900 2760 2795 2705 2675 2430 2105] [3100 3065 3080 2970 3135 2860 3040 2990]
[2880 2735 2975 2785 2865 2730 2515 2305] [3090 3040 3060 3030 3045 2950 3070 3045]
[2895 2970 2905 2830 2900 2600 2780 2170] [2665 3075 3120 2830 2950 3065 3095 3275]
[3065 3025 2935 2965 2790 2580 2605 1965] [2580 2895 3055 3100 3065 3100 3135 3205]
[2945 3105 2850 2955 2810 2600 2330 1935] [2370 2860 3095 2830 3055 3185 3120 3190]
[3235 2745 2995 2890 2815 2410 2130 1845] [2275 2790 3050 3050 3075 3175 3150 3305]
COM3 0 47
4
[2840 2695 2700 2710 2835 2530 2355 2035] [3100 2935 3100 2930 2970 3085 3020 3055]
[2935 2930 2745 2820 2795 2650 2365 2180] [3135 2970 2995 3015 3075 3095 2995 2965]
[2635 2875 2845 2800 2805 2850 2500 2345] [3100 3065 3080 2970 3135 2860 3040 2990]
[2930 2825 2850 2740 3010 2855 2585 2230] [3090 3040 3060 3030 3045 2950 3070 3045]
[3085 2720 2795 2935 2895 2875 2855 2325] [2665 3075 3120 2830 2950 3065 3095 3275]
[2490 2780 2940 2830 2805 2920 2425 2235] [2580 2895 3055 3100 3065 3100 3135 3205]
[2905 2835 2850 3030 2940 2770 2455 2110] [2370 2860 3095 2830 3055 3185 3120 3190]
[2795 2870 3085 3000 2590 2640 2300 2005] [2275 2790 3050 3050 3075 3175 3150 3305]
COM7 1 48
4
[2840 2695 2700 2710 2835 2530 2355 2035] [2825 2965 2880 2905 2730 3000 3065 3025]
[2935 2930 2745 2820 2795 2650 2365 2180] [2895 3070 2995 3010 2990 3110 2970 2955]
[2635 2875 2845 2800 2805 2850 2500 2345] [3000 3110 3125 3040 3095 2970 2985 2935]
[2930 2825 2850 2740 3010 2855 2585 2230] [2975 3085 3070 2955 2990 3040 3165 2985]
[3085 2720 2795 2935 2895 2875 2855 2325] [2625 2955 3140 2965 2950 2970 3135 3070]
[2490 2780 2940 2830 2805 2920 2425 2235] [2385 2695 3005 3105 3120 3075 3110 3145]
[2905 2835 2850 3030 2940 2770 2455 2110] [2035 2480 2710 2880 3110 3020 3110 3100]
[2795 2870 3085 3000 2590 2640 2300 2005] [2155 2190 2480 2940 3055 3190 3160 3065]
COM3 0 49
4
[2750 2790 2815 2755 2835 2600 2290 1835] [2825 2965 2880 2905 2730 3000 3065 3025]
[2835 2855 2810 2985 2845 2680 2485 2135] [2895 3070 2995 3010 2990 3110 2970 2955]
[2755 3045 2970 2800 2715 2755 2615 2135] [3000 3110 3125 3040 3095 2970 2985 2935]
[2990 2810 2895 2835 3020 2815 2580 2290] [2975 3085 3070 2955 2990 3040 3165 2985]
[3040 2880 3070 3010 2865 2840 2645 2355] [2625 2955 3140 2965 2950 2970 3135 3070]
[2855 2665 3065 2860 2870 2900 2845 2205] [2385 2695 3005 3105 3120 3075 3110 3145]
[2850 2970 2840 3095 2700 2665 2260 2410] [2035 2480 2710 2880 3110 3020 3110 3100]
[2930 3070 2925 2825 2880 2955 2600 2005] [2155 2190 2480 2940 3055 3190 3160 3065]
COM7 1 50
4
[2750 2790 2815 2755 2835 2600 2290 1835] [2800 3035 2965 2995 3020 2975 3035 2915]
[2835 2855 2810 2985 2845 2680 2485 2135] [2835 3060 3055 3000 2935 3135 3100 2980]
[2755 3045 2970 2800 2715 2755 2615 2135] [2845 3100 3105 2995 3000 2980 3000 3005]
[2990 2810 2895 2835 3020 2815 2580 2290] [3130 3185 3085 3110 3065 3120 3100 3050]
[3040 2880 3070 3010 2865 2840 2645 2355] [2935 3150 3110 2975 3090 2915 3130 3140]
[2855 2665 3065 2860 2870 2900 2845 2205] [2770 2830 2980 3170 3105 2965 3200 3090]
[2850 2970 2840 3095 2700 2665 2260 2410] [2540 2940 3075 3155 3170 2975 3225 3090]
[2930 3070 2925 2825 2880 2955 2600 2005] [2370 2640 2960 3150 3105 2985 3160 3075]
COM3 0 51
4
[2815 2705 2800 2825 2760 2610 2555 2305] [2800 3035 2965 2995 3020 2975 3035 2915]
[2810 2865 2875 2875 2745 2555 2515 2165] [2835 3060 3055 3000 2935 3135 3100 2980]
[2775 2795 2870 2930 2740 2640 2450 2345] [2845 3100 3105 2995 3000 2980 3000 3005]
[2740 2815 3045 2900 2925 2595 2360 2035] [3130 3185 3085 3110 3065 3120 3100 3050]
[2910 2975 2875 3060 2930 2725 2335 2235] [2935 3150 3110 2975 3090 2915 3130 3140]
[2855 2860 2925 3105 2805 2605 2680 2210] [2770 2830 2980 3170 3105 2965 3200 3090]
[2820 2970 2690 2940 2975 2795 2395 2105] [2540 2940 3075 3155 3170 2975 3225 3090]
[2830 2985 2800 2815 2785 2885 2590 2035] [2370 2640 2960 3150 3105 2985 3160 3075]
COM7 1 52
4
[2815 2705 2800 2825 2760 2610 2555 2305] [2860 2910 2810 2995 3065 3015 3040 3175]
[2810 2865 2875 2875 2745 2555 2515 2165] [2955 2970 3090 3015 2935 3090 2945 2920]
[2775 2795 2870 2930 2740 2640 2450 2345] [2965 3015 3040 3010 3045 2950 3020 3035]
[2740 2815 3045 2900 2925 2595 2360 2035] [3040 3100 3085 3095 2965 3030 2990 3045]
[2910 2975 2875 3060 2930 2725 2335 2235] [2745 3065 3120 2990 3015 3010 3135 3100]
[2855 2860 2925 3105 2805 2605 2680 2210] [2955 3045 3125 3040 3105 3135 3110 3215]
[2820 2970 2690 2940 2975 2795 2395 2105] [2800 3135 3185 3290 3105 3075 3085 3270]
[2830 2985 2800 2815 2785 2885 2590 2035] [2760 3105 3235 3135 2975 3040 3085 3080]
COM3 0 53
4
[2845 2670 2630 2800 2670 2480 2420 2345] [2860 2910 2810 2995 3065 3015 3040 3175]
[2875 2875 2790 2840 2700 2530 2335 2420] [2955 2970 3090 3015 2935 3090 2945 2920]
[2725 2925 2995 2910 2745 2640 2455 2350] [2965 3015 3040 3010 3045 2950 3020 3035]
[2925 2960 2805 2790 2770 2540 2200 2370] [3040 3100 3085 3095 2965 3030 2990 3045]
[2960 2855 2770 2795 2875 2505 2335 2150] [2745 3065 3120 2990 3015 3010 3135 3100]
[2745 3060 2905 2855 2570 2545 2475 2110] [2955 3045 3125 3040 3105 3135 3110 3215]
[3015 2800 2835 2875 2785 2505 2150 2140] [2800 3135 3185 3290 3105 3075 3085 3270]
[3070 2870 2725 2890 2835 2675 1930 2060] [2760 3105 3235 3135 2975 3040 3085 3080]
COM7 1 54
4
[2845 2670 2630 2800 2670 2480 2420 2345] [2835 3110 3125 2980 2945 3020 3020 3055]
[2875 2875 2790 2840 2700 2530 2335 2420] [3100 2975 3075 2965 3015 3110 3115 2960]
[2725 2925 2995 2910 2745 2640 2455 2350] [2970 3085 3095 2950 3090 3005 3035 2970]
[2925 2960 2805 2790 2770 2540 2200 2370] [3090 2850 3195 3020 3005 3070 3110 3070]
[2960 2855 2770 2795 2875 2505 2335 2150] [2785 3095 3095 3000 3190 3060 3160 3045]
[2745 3060 2905 2855 2570 2545 2475 2110] [2500 2830 2985 2995 3105 3105 3125 3105]
[3015 2800 2835 2875 2785 2505 2150 2140] [2390 2810 2900 3070 3120 3005 3210 3140]
[3070 2870 2725 2890 2835 2675 1930 2060] [2440 2715 2895 3085 3020 3110 3095 3245]
COM3 0 55
4
[2945 2670 3005 2670 2550 2330 2305 2585] [2835 3110 3125 2980 2945 3020 3020 3055]
[3055 2855 2795 2855 2525 2400 2315 2555] [3100 2975 3075 2965 3015 3110 3115 2960]
[2760 3000 2915 2725 2450 2525 2410 2610] [2970 3085 3095 2950 3090 3005 3035 2970]
[2825 2885 3085 2625 2525 2405 2240 2390] [3090 2850 3195 3020 3005 3070 3110 3070]
[3090 3055 2960 2910 2820 2340 2530 2515] [2785 3095 3095 3000 3190 3060 3160 3045]
[2850 2950 3115 3025 2585 2445 2365 2510] [2500 2830 2985 2995 3105 3105 3125 3105]
[2900 3070 2870 3065 2665 2660 2100 2230] [2390 2810 2900 3070 3120 3005 3210 3140]
[3150 2945 3075 2860 2800 2545 2045 1905] [2440 2715 2895 3085 3020 3110 3095 3245]
COM7 1 56
4
[2945 2670 3005 2670 2550 2330 2305 2585] [3005 2725 2945 2975 3025 3015 2690 2780]
[3055 2855 2795 2855 2525 2400 2315 2555] [3025 2970 3035 3010 3030 3115 2920 3025]
[2760 3000 2915 2725 2450 2525 2410 2610] [3000 2960 3035 2875 3035 3005 3040 3005]
[2825 2885 3085 2625 2525 2405 2240 2390] [2990 3010 2995 2855 2950 2985 3020 3030]
[3090 3055 2960 2910 2820 2340 2530 2515] [2975 2830 2780 2655 2780 2925 3075 3110]
[2850 2950 3115 3025 2585 2445 2365 2510] [2635 2710 2420 2675 2705 3010 3110 3135]
[2900 3070 2870 3065 2665 2660 2100 2230] [2765 2445 2545 2445 2785 3015 3090 3310]
[3150 2945 3075 2860 2800 2545 2045 1905] [2930 2550 2520 2585 2765 2890 3235 3115]
COM3 0 57
4
[2850 2810 2545 2530 2275 2310 2585 2705] [3005 2725 2945 2975 3025 3015 2690 2780]
[2830 2945 2905 2730 2400 2295 2305 2675] [3025 2970 3035 3010 3030 3115 2920 3025]
[2775 2795 2950 2650 2540 2335 2205 2585] [3000 2960 3035 2875 3035 3005 3040 3005]
[2815 2885 2925 2770 2640 2290 2145 2390] [2990 3010 2995 2855 2950 2985 3020 3030]
[3015 2890 2965 2845 2550 2380 2390 2320] [2975 2830 2780 2655 2780 2925 3075 3110]
[2765 2950 2905 2920 2705 2465 2210 2225] [2635 2710 2420 2675 2705 3010 3110 3135]
[2935 3035 2640 2915 2570 2320 1770 2075] [2765 2445 2545 2445 2785 3015 3090 3310]
[2995 2900 2785 2925 2680 2390 2175 1960] [2930 2550 2520 2585 2765 2890 3235 3115]
COM7 1 58
4
[2850 2810 2545 2530 2275 2310 2585 2705] [3000 3110 2865 2805 2745 2985 2820 2995]
[2830 2945 2905 2730 2400 2295 2305 2675] [2895 2950 3025 2865 2720 2905 2925 2955]
[2775 2795 2950 2650 2540 2335 2205 2585] [3100 2990 2955 2495 2725 2570 2960 2840]
[2815 2885 2925 2770 2640 2290 2145 2390] [2935 2895 2735 2500 2560 2680 2950 3025]
[3015 2890 2965 2845 2550 2380 2390 2320] [3095 2970 2630 2375 2495 2710 3015 3045]
[2765 2950 2905 2920 2705 2465 2210 2225] [2880 2900 2415 2440 2455 2915 3085 3050]
[2935 3035 2640 2915 2570 2320 1770 2075] [2960 3110 2510 2470 2615 2870 3155 3200]
[2995 2900 2785 2925 2680 2390 2175 1960] [3035 2810 2455 2410 2485 2840 3095 3240]
COM3 0 59
4
[2925 2555 2635 2560 2385 2255 2420 2525] [3000 3110 2865 2805 2745 2985 2820 2995]
[2845 2830 2530 2740 2385 2175 2180 2495] [2895 2950 3025 2865 2720 2905 2925 2955]
[2840 2740 2940 2730 2490 2205 2215 2510] [3100 2990 2955 2495 2725 2570 2960 2840]
[2590 2820 2930 2675 2565 2300 2180 2355] [2935 2895 2735 2500 2560 2680 2950 3025]
[3040 2845 3065 2750 2885 2345 2385 2300] [3095 2970 2630 2375 2495 2710 3015 3045]
[2695 3090 2985 2950 2670 2500 2300 1960] [2880 2900 2415 2440 2455 2915 3085 3050]
[2960 2800 2745 2790 2860 2390 2180 1755] [2960 3110 2510 2470 2615 2870 3155 3200]
[2900 3150 2880 2670 2840 2580 2150 1875] [3035 2810 2455 2410 2485 2840 3095 3240]
COM7 1 60
4
[2925 2555 2635 2560 2385 2255 2420 2525] [2910 2615 2580 1985 2360 2710 2860 2970]
[2845 2830 2530 2740 2385 2175 2180 2495] [2650 2600 2590 2430 2445 2895 2900 2770]
[2840 2740 2940 2730 2490 2205 2215 2510] [2870 2760 2510 2410 2885 2850 3025 3045]
[2590 2820 2930 2675 2565 2300 2180 2355] [2990 2975 2505 2545 2695 2960 3095 2995]
[3040 2845 3065 2750 2885 2345 2385 2300] [2960 2615 2480 2510 2780 3040 3160 3105]
[2695 3090 2985 2950 2670 2500 2300 1960] [2685 2565 2430 2580 2735 3135 3100 3260]
[2960 2800 2745 2790 2860 2390 2180 1755] [2760 2670 2300 2320 2765 3070 3240 3200]
[2900 3150 2880 2670 2840 2580 2150 1875] [2730 2685 2315 2270 2795 3015 3095 3175]
COM3 0 61
4
[3015 2765 2705 2570 2575 2365 2520 2675] [2910 2615 2580 1985 2360 2710 2860 2970]
[3050 2800 2790 2845 2410 2305 2500 2535] [2650 2600 2590 2430 2445 2895 2900 2770]
[2845 3010 2850 2815 2445 2080 2310 2475] [2870 2760 2510 2410 2885 2850 3025 3045]
[2970 2875 3010 2640 2490 2395 2300 2305] [2990 2975 2505 2545 2695 2960 3095 2995]
[2865 2900 2975 2705 2640 2310 2355 2275] [2960 2615 2480 2510 2780 3040 3160 3105]
[2695 2870 2995 2810 2675 2515 2350 2170] [2685 2565 2430 2580 2735 3135 3100 3260]
[3035 3095 3015 3045 2700 2610 2040 2035] [2760 2670 2300 2320 2765 3070 3240 3200]
[3095 2985 2995 2980 2795 2365 2170 1880] [2730 2685 2315 2270 2795 3015 3095 3175]
COM7 1 62
4
[3015 2765 2705 2570 2575 2365 2520 2675] [2240 2175 2415 2810 2850 3020 2950 3045]
[3050 2800 2790 2845 2410 2305 2500 2535] [2160 2325 2740 2970 2860 3115 2990 2935]
[2845 3010 2850 2815 2445 2080 2310 2475] [2290 2370 2815 2930 3100 3040 2995 3005]
[2970 2875 3010 2640 2490 2395 2300 2305] [2395 2540 2795 2950 3060 3040 3055 2985]
[2865 2900 2975 2705 2640 2310 2355 2275] [2060 2255 2575 2805 3045 3115 3110 3100]
[2695 2870 2995 2810 2675 2515 2350 2170] [2235 2235 2495 2915 3050 3095 3165 3215]
[3035 3095 3015 3045 2700 2610 2040 2035] [2160 2255 2460 2795 2965 2955 3155 3165]
[3095 2985 2995 2980 2795 2365 2170 1880] [2230 2015 2425 2765 2985 3015 3095 3175]
COM3 0 63
4
[2995 2605 2740 2605 2355 2185 2395 2465] [2240 2175 2415 2810 2850 3020 2950 3045]
[2895 2890 2715 2960 2490 2285 2300 2645] [2160 2325 2740 2970 2860 3115 2990 2935]
[2725 2760 2905 2790 2445 2175 2400 2515] [2290 2370 2815 2930 3100 3040 2995 3005]
[2775 3015 2980 2695 2625 2380 2155 2320] [2395 2540 2795 2950 3060 3040 3055 2985]
[3045 2830 2775 2670 2750 2415 2360 2205] [2060 2255 2575 2805 3045 3115 3110 3100]
[2700 2735 3015 2795 2640 2365 2360 1995] [2235 2235 2495 2915 3050 3095 3165 3215]
[3105 2950 2725 3040 2775 2525 2250 2135] [2160 2255 2460 2795 2965 2955 3155 3165]
[2795 2800 2935 2815 2825 2575 2470 2035] [2230 2015 2425 2765 2985 3015 3095 3175]
COM7 1 64
4
[2995 2605 2740 2605 2355 2185 2395 2465] [2775 2955 3010 2965 2950 2865 2775 2925]
[2895 2890 2715 2960 2490 2285 2300 2645] [2670 3025 3135 3015 2965 3135 3025 2945]
[2725 2760 2905 2790 2445 2175 2400 2515] [2675 2980 3005 3010 3135 2920 3045 2935]
[2775 3015 2980 2695 2625 2380 2155 2320] [2590 3035 3170 3000 3050 3020 3030 2980]
[3045 2830 2775 2670 2750 2415 2360 2205] [2445 2910 3195 2925 3060 3000 3080 3050]
[2700 2735 3015 2795 2640 2365 2360 1995] [2245 2685 2940 3040 3075 3040 3215 3135]
[3105 2950 2725 3040 2775 2525 2250 2135] [2165 2570 3105 3080 3120 3065 3145 3140]
[2795 2800 2935 2815 2825 2575 2470 2035] [2015 2470 2910 3150 2990 2970 2935 3120]
COM3 0 65
4
[2750 2755 2705 2755 2445 2270 2020 2115] [2775 2955 3010 2965 2950 2865 2775 2925]
[2860 2935 2740 2840 2435 2250 2065 1975] [2670 3025 3135 3015 2965 3135 3025 2945]
[2925 2810 3030 2800 2580 2440 2190 1810] [2675 2980 3005 3010 3135 2920 3045 2935]
[2895 2845 2800 2995 2770 2490 2115 2115] [2590 3035 3170 3000 3050 3020 3030 2980]
[2890 3000 2905 2835 2825 2650 2420 2080] [2445 2910 3195 2925 3060 3000 3080 3050]
[2955 2745 2880 2925 2705 2620 2475 1940] [2245 2685 2940 3040 3075 3040 3215 3135]
[2845 2960 2720 2995 2940 2855 2345 2055] [2165 2570 3105 3080 3120 3065 3145 3140]
[3135 2910 2725 2855 2830 2870 2310 1925] [2015 2470 2910 3150 2990 2970 2935 3120]