COM7 1 6
4
[2245 2330 2195 2490 2655 2645 2770 2630] [2895 3045 3035 3015 2950 3125 3150 3155]
[2420 2280 2270 2600 2710 2900 2735 2570] [2890 3070 3155 3050 3030 3080 3020 3050]
[2495 2135 2125 2395 2670 2665 2770 2720] [3225 3075 3180 3080 3155 3000 3055 3050]
[2465 2170 2160 2290 2555 2585 2595 2570] [3240 3085 3210 3070 3090 3045 3170 3005]
[2520 2265 1995 1980 2305 2345 2690 2805] [3320 3400 3220 3005 3200 3070 3170 3170]
[2425 2110 1830 1905 2155 2470 2620 2765] [3045 3165 3225 3120 3080 3155 3160 3260]
[2540 2440 1860 1800 2100 2335 2590 2750] [3235 3205 3285 3275 3125 3105 3160 3205]
[2555 2570 1930 1680 1940 2125 2620 2495] [3185 3145 3185 3370 3125 3100 3200 3085]
COM3 0 7
4
[2485 2375 2335 2580 2750 2750 2805 2990] [2895 3045 3035 3015 2950 3125 3150 3155]
[2720 2510 2205 2605 2730 2825 2890 2810] [2890 3070 3155 3050 3030 3080 3020 3050]
[2410 2450 2420 2540 2685 2805 2775 2895] [3225 3075 3180 3080 3155 3000 3055 3050]
[2610 2335 2255 2445 2755 2695 2590 2665] [3240 3085 3210 3070 3090 3045 3170 3005]
[2625 2110 2195 2245 2510 2445 2390 2700] [3320 3400 3220 3005 3200 3070 3170 3170]
[2525 2395 2290 2515 2165 2405 2475 2420] [3045 3165 3225 3120 3080 3155 3160 3260]
[2540 2485 2160 2125 2000 1820 2060 2200] [3235 3205 3285 3275 3125 3105 3160 3205]
[2810 2425 2035 1930 1695 1980 2275 2330] [3185 3145 3185 3370 3125 3100 3200 3085]
COM7 1 8
4
[2485 2375 2335 2580 2750 2750 2805 2990] [3000 2985 2950 2775 2975 2945 2960 3150]
[2720 2510 2205 2605 2730 2825 2890 2810] [2710 3000 2880 2900 2965 3005 2920 2955]
[2410 2450 2420 2540 2685 2805 2775 2895] [2975 2845 3005 2950 3020 2850 3045 2990]
[2610 2335 2255 2445 2755 2695 2590 2665] [2915 3010 3170 2930 3035 2870 2995 2855]
[2625 2110 2195 2245 2510 2445 2390 2700] [2875 2990 2945 2850 3015 3135 3035 3065]
[2525 2395 2290 2515 2165 2405 2475 2420] [2860 3145 2975 3070 3040 3050 3100 3115]
[2540 2485 2160 2125 2000 1820 2060 2200] [3075 3190 2970 3025 3110 3120 3140 3100]
[2810 2425 2035 1930 1695 1980 2275 2330] [3005 3130 3040 3095 3070 3025 3030 3040]
COM3 0 9
4
[2425 2170 2040 2415 2640 2635 2690 2580] [3000 2985 2950 2775 2975 2945 2960 3150]
[2550 2455 2170 2585 2615 2705 2595 2485] [2710 3000 2880 2900 2965 3005 2920 2955]
[2435 2245 2030 2430 2510 2725 2505 2385] [2975 2845 3005 2950 3020 2850 3045 2990]
[2525 2285 2235 2150 2480 2450 2285 2100] [2915 3010 3170 2930 3035 2870 2995 2855]
[2770 2300 2320 2100 2335 2250 2175 2075] [2875 2990 2945 2850 3015 3135 3035 3065]
[2570 2560 2220 2215 2000 2140 2180 1760] [2860 3145 2975 3070 3040 3050 3100 3115]
[2735 2355 2075 1985 1920 2090 1880 1965] [3075 3190 2970 3025 3110 3120 3140 3100]
[2630 2280 2140 1885 1695 2100 2180 2065] [3005 3130 3040 3095 3070 3025 3030 3040]
COM7 1 10
4
[2425 2170 2040 2415 2640 2635 2690 2580] [3100 3145 2975 2995 3090 3125 3060 3140]
[2550 2455 2170 2585 2615 2705 2595 2485] [3135 3205 3275 2990 3035 3140 3020 3080]
[2435 2245 2030 2430 2510 2725 2505 2385] [3130 3240 3175 3150 3200 3065 3075 3125]
[2525 2285 2235 2150 2480 2450 2285 2100] [3105 3255 3245 3170 3110 3020 3040 3060]
[2770 2300 2320 2100 2335 2250 2175 2075] [3145 3225 3185 3010 3075 3140 3170 3165]
[2570 2560 2220 2215 2000 2140 2180 1760] [3055 3135 3225 3170 3090 3220 3270 3265]
[2735 2355 2075 1985 1920 2090 1880 1965] [3205 3310 3270 3320 3115 3080 3215 3390]
[2630 2280 2140 1885 1695 2100 2180 2065] [3215 3315 3270 3385 3205 3335 3325 3310]
COM3 0 11
4
[2490 2210 2205 2480 2680 2745 2520 2305] [3100 3145 2975 2995 3090 3125 3060 3140]
[2635 2575 2365 2405 2635 2620 2300 2300] [3135 3205 3275 2990 3035 3140 3020 3080]
[2595 2345 2355 2425 2625 2550 2335 2280] [3130 3240 3175 3150 3200 3065 3075 3125]
[2675 2415 2350 2330 2525 2600 2520 2285] [3105 3255 3245 3170 3110 3020 3040 3060]
[2980 2510 2330 2175 2590 2370 2600 2475] [3145 3225 3185 3010 3075 3140 3170 3165]
[2975 2645 2455 2120 2125 2485 2535 2350] [3055 3135 3225 3170 3090 3220 3270 3265]
[2685 2600 2185 2040 1885 2190 2095 2255] [3205 3310 3270 3320 3115 3080 3215 3390]
[2755 2415 2295 1835 1665 1995 2190 2060] [3215 3315 3270 3385 3205 3335 3325 3310]
COM7 1 12
4
[2490 2210 2205 2480 2680 2745 2520 2305] [2755 2985 2850 2865 2995 2955 3020 3095]
[2635 2575 2365 2405 2635 2620 2300 2300] [3010 2960 3120 3055 2970 3145 2960 3000]
[2595 2345 2355 2425 2625 2550 2335 2280] [2855 2865 2965 3000 3085 3005 3075 3000]
[2675 2415 2350 2330 2525 2600 2520 2285] [3070 3170 3025 2895 3055 3020 3105 3020]
[2980 2510 2330 2175 2590 2370 2600 2475] [2965 3170 3150 3015 3000 3045 3080 3105]
[2975 2645 2455 2120 2125 2485 2535 2350] [2885 3065 3005 3175 3120 3035 3130 3160]
[2685 2600 2185 2040 1885 2190 2095 2255] [2930 3145 3155 3030 3130 3145 3115 3170]
[2755 2415 2295 1835 1665 1995 2190 2060] [2970 3085 3250 3025 3075 3220 3105 3295]
COM3 0 13
4
[2395 2145 2180 2455 2715 2670 2500 2210] [2755 2985 2850 2865 2995 2955 3020 3095]
[2650 2525 2320 2500 2595 2655 2550 2250] [3010 2960 3120 3055 2970 3145 2960 3000]
[2545 2240 2240 2260 2550 2720 2540 2270] [2855 2865 2965 3000 3085 3005 3075 3000]
[2600 2420 2335 2230 2415 2790 2570 2290] [3070 3170 3025 2895 3055 3020 3105 3020]
[2925 2625 2430 2165 2450 2475 2540 2190] [2965 3170 3150 3015 3000 3045 3080 3105]
[2885 2695 2450 2125 2125 2285 2295 2110] [2885 3065 3005 3175 3120 3035 3130 3160]
[2700 2585 2225 2285 1840 1995 2040 1970] [2930 3145 3155 3030 3130 3145 3115 3170]
[2910 2675 2360 2115 1815 1935 2035 1665] [2970 3085 3250 3025 3075 3220 3105 3295]
COM7 1 14
4
[2395 2145 2180 2455 2715 2670 2500 2210] [2975 2980 3145 3065 2945 2975 3085 2985]
[2650 2525 2320 2500 2595 2655 2550 2250] [3110 3135 3235 3140 2980 3120 2980 3000]
[2545 2240 2240 2260 2550 2720 2540 2270] [3190 3050 3185 3085 3175 3090 3075 3010]
[2600 2420 2335 2230 2415 2790 2570 2290] [3100 2960 3155 3120 3060 2935 3110 3130]
[2925 2625 2430 2165 2450 2475 2540 2190] [3115 3105 3145 3035 3125 3120 3160 3130]
[2885 2695 2450 2125 2125 2285 2295 2110] [3010 2985 3125 3120 3155 3185 3220 3155]
[2700 2585 2225 2285 1840 1995 2040 1970] [3140 3345 3190 3155 3175 3295 3150 3170]
[2910 2675 2360 2115 1815 1935 2035 1665] [3175 3100 3230 3215 3110 3115 3235 3240]
COM3 0 15
4
[2380 2035 2150 2570 2530 2365 2125 1945] [2975 2980 3145 3065 2945 2975 3085 2985]
[2495 2265 2100 2270 2520 2415 2100 1960] [3110 3135 3235 3140 2980 3120 2980 3000]
[2400 1980 2085 2200 2540 2390 2235 1965] [3190 3050 3185 3085 3175 3090 3075 3010]
[2500 2340 2235 2175 2385 2320 2140 1670] [3100 2960 3155 3120 3060 2935 3110 3130]
[2910 2345 2140 2140 2335 2105 2075 1675] [3115 3105 3145 3035 3125 3120 3160 3130]
[2690 2585 2645 2035 1915 2180 1960 1595] [3010 2985 3125 3120 3155 3185 3220 3155]
[2640 2730 2345 2150 2005 1695 1625 1545] [3140 3345 3190 3155 3175 3295 3150 3170]
[2760 2625 2420 2040 1630 1650 1640 1565] [3175 3100 3230 3215 3110 3115 3235 3240]
COM7 1 16
4
[2380 2035 2150 2570 2530 2365 2125 1945] [2940 3135 3145 2975 3025 2925 3005 3100]
[2495 2265 2100 2270 2520 2415 2100 1960] [3100 3060 3150 3050 2995 3250 2930 3005]
[2400 1980 2085 2200 2540 2390 2235 1965] [2970 3235 3110 3080 3130 3090 3005 3000]
[2500 2340 2235 2175 2385 2320 2140 1670] [3160 3110 3210 3205 3050 3130 3110 2975]
[2910 2345 2140 2140 2335 2105 2075 1675] [3160 3035 3270 3005 3075 3125 3170 3150]
[2690 2585 2645 2035 1915 2180 1960 1595] [2965 3235 3110 3250 3080 3130 3210 3145]
[2640 2730 2345 2150 2005 1695 1625 1545] [3180 3145 3150 3280 3255 3080 3240 3205]
[2760 2625 2420 2040 1630 1650 1640 1565] [3150 3095 3210 3300 3130 3115 3260 3275]
COM3 0 17
4
[2710 2135 2195 2050 2015 1915 1935 2170] [2940 3135 3145 2975 3025 2925 3005 3100]
[2610 2445 2170 2280 2005 2085 1715 1910] [3100 3060 3150 3050 2995 3250 2930 3005]
[2715 2580 2200 2180 1820 1755 1790 1875] [2970 3235 3110 3080 3130 3090 3005 3000]
[2810 2585 2530 2095 1900 1620 1640 1770] [3160 3110 3210 3205 3050 3130 3110 2975]
[2925 2675 2525 2335 1970 1640 1650 1695] [3160 3035 3270 3005 3075 3125 3170 3150]
[2720 2710 2880 2330 1750 1520 1550 1455] [2965 3235 3110 3250 3080 3130 3210 3145]
[2905 2935 2805 2525 1785 1605 1360 1320] [3180 3145 3150 3280 3255 3080 3240 3205]
[3010 2960 2670 2170 1580 1445 1565 1490] [3150 3095 3210 3300 3130 3115 3260 3275]
COM7 1 18
4
[2710 2135 2195 2050 2015 1915 1935 2170] [3035 2845 2875 2760 2940 2755 3245 3055]
[2610 2445 2170 2280 2005 2085 1715 1910] [2950 3140 3150 2950 3005 3070 3035 2815]
[2715 2580 2200 2180 1820 1755 1790 1875] [3125 3040 3025 3025 3130 2990 3020 3000]
[2810 2585 2530 2095 1900 1620 1640 1770] [3100 3105 3020 3045 3050 2880 3075 3000]
[2925 2675 2525 2335 1970 1640 1650 1695] [3050 3100 3180 2890 2975 3040 3055 3130]
[2720 2710 2880 2330 1750 1520 1550 1455] [3065 2920 3085 3120 3025 3030 3135 3125]
[2905 2935 2805 2525 1785 1605 1360 1320] [3210 3030 3280 3185 3040 3045 3110 3210]
[3010 2960 2670 2170 1580 1445 1565 1490] [2970 3090 3230 3155 3130 3005 3160 3090]
COM3 0 19
4
[2615 2525 2355 2360 2000 1835 1985 2080] [3035 2845 2875 2760 2940 2755 3245 3055]
[2850 2785 2480 2360 2225 1875 1735 2095] [2950 3140 3150 2950 3005 3070 3035 2815]
[2590 2935 2645 2500 2345 1935 1840 1790] [3125 3040 3025 3025 3130 2990 3020 3000]
[2845 3015 2925 2770 2385 2195 1750 1485] [3100 3105 3020 3045 3050 2880 3075 3000]
[3040 2770 2925 2565 2505 2110 1915 1660] [3050 3100 3180 2890 2975 3040 3055 3130]
[2960 3150 2785 2720 2290 2000 1690 1455] [3065 2920 3085 3120 3025 3030 3135 3125]
[2810 2925 2930 2515 2170 1870 1610 1505] [3210 3030 3280 3185 3040 3045 3110 3210]
[2690 2965 2830 2520 1995 1820 1695 1540] [2970 3090 3230 3155 3130 3005 3160 3090]
COM7 1 20
4
[2615 2525 2355 2360 2000 1835 1985 2080] [3055 2980 3130 3105 2995 3260 2990 3075]
[2850 2785 2480 2360 2225 1875 1735 2095] [3165 3150 3120 3055 3000 3165 3035 3080]
[2590 2935 2645 2500 2345 1935 1840 1790] [3055 3190 3275 3145 3190 3090 3050 3125]
[2845 3015 2925 2770 2385 2195 1750 1485] [3125 3090 3170 3120 3125 3120 3135 3120]
[3040 2770 2925 2565 2505 2110 1915 1660] [2970 3170 3300 3010 3105 3180 3150 3110]
[2960 3150 2785 2720 2290 2000 1690 1455] [2795 3070 3185 3205 3225 3285 3125 3160]
[2810 2925 2930 2515 2170 1870 1610 1505] [2815 3080 3235 3110 3125 3200 3140 3345]
[2690 2965 2830 2520 1995 1820 1695 1540] [2755 3055 3125 3395 3225 3270 3200 3140]
COM3 0 21
4
[2900 2680 2815 2585 2345 2045 2075 2245] [3055 2980 3130 3105 2995 3260 2990 3075]
[2875 2870 2660 2765 2355 2135 2050 1895] [3165 3150 3120 3055 3000 3165 3035 3080]
[2870 2945 2730 2570 2485 2165 2065 2155] [3055 3190 3275 3145 3190 3090 3050 3125]
[3130 2890 2970 2765 2685 2370 2190 1900] [3125 3090 3170 3120 3125 3120 3135 3120]
[2865 2935 3010 2900 2620 2465 2120 1880] [2970 3170 3300 3010 3105 3180 3150 3110]
[2870 3195 2850 2975 2655 2410 1965 1860] [2795 3070 3185 3205 3225 3285 3125 3160]
[3145 3025 2845 2930 2415 2135 1805 1650] [2815 3080 3235 3110 3125 3200 3140 3345]
[2935 2960 2855 2630 2425 2170 1985 1805] [2755 3055 3125 3395 3225 3270 3200 3140]
COM7 1 22
4
[2900 2680 2815 2585 2345 2045 2075 2245] [2745 2980 2935 2750 2805 2685 2895 2975]
[2875 2870 2660 2765 2355 2135 2050 1895] [2910 2980 3020 2940 2890 3045 2865 2975]
[2870 2945 2730 2570 2485 2165 2065 2155] [2985 3060 2950 2960 2975 2950 3035 2900]
[3130 2890 2970 2765 2685 2370 2190 1900] [3150 2935 3170 3075 2970 2920 2960 2895]
[2865 2935 3010 2900 2620 2465 2120 1880] [2965 3085 3135 2805 2915 2965 3070 2925]
[2870 3195 2850 2975 2655 2410 1965 1860] [2670 2995 2920 3070 2945 3025 3125 3015]
[3145 3025 2845 2930 2415 2135 1805 1650] [2475 3025 3025 3000 2920 3105 2980 3130]
[2935 2960 2855 2630 2425 2170 1985 1805] [2350 2520 3015 3095 3125 3025 2975 2990]
COM3 0 23
4
[2930 2875 2735 2670 2530 2030 1975 2050] [2745 2980 2935 2750 2805 2685 2895 2975]
[2915 2850 2700 2600 2645 2195 1835 1850] [2910 2980 3020 2940 2890 3045 2865 2975]
[2865 2875 2960 2665 2410 2095 1770 1810] [2985 3060 2950 2960 2975 2950 3035 2900]
[2755 2690 3055 2705 2595 2035 1780 1780] [3150 2935 3170 3075 2970 2920 2960 2895]
[2980 2770 2960 2755 2560 2150 1865 1830] [2965 3085 3135 2805 2915 2965 3070 2925]
[2810 2850 3025 2875 2555 2265 2015 1895] [2670 2995 2920 3070 2945 3025 3125 3015]
[2920 3055 2875 2855 2695 2240 2125 1905] [2475 3025 3025 3000 2920 3105 2980 3130]
[2965 3085 2950 2790 2650 2315 2070 1800] [2350 2520 3015 3095 3125 3025 2975 2990]
COM7 1 24
4
[2930 2875 2735 2670 2530 2030 1975 2050] [3200 2870 2950 2845 2805 2915 2970 2845]
[2915 2850 2700 2600 2645 2195 1835 1850] [2765 3055 2980 2860 2930 3030 2935 2905]
[2865 2875 2960 2665 2410 2095 1770 1810] [2985 2935 3065 2960 3010 2975 2965 2925]
[2755 2690 3055 2705 2595 2035 1780 1780] [3035 3030 3025 3045 2975 2985 3040 2955]
[2980 2770 2960 2755 2560 2150 1865 1830] [3085 3105 3140 2870 2875 3025 3130 2975]
[2810 2850 3025 2875 2555 2265 2015 1895] [2940 3110 2965 2985 2995 3010 3140 2975]
[2920 3055 2875 2855 2695 2240 2125 1905] [2985 3205 3115 3035 3090 3055 3095 3195]
[2965 3085 2950 2790 2650 2315 2070 1800] [3025 3125 3000 3070 3055 3015 3025 3175]
COM3 0 25
4
[2930 2655 2815 2845 2560 2245 2075 2220] [3200 2870 2950 2845 2805 2915 2970 2845]
[2995 2970 2765 2800 2620 2300 2315 2310] [2765 3055 2980 2860 2930 3030 2935 2905]
[2865 3020 2890 2675 2520 2225 2010 2320] [2985 2935 3065 2960 3010 2975 2965 2925]
[2865 2885 2970 2700 2560 2150 1880 2035] [3035 3030 3025 3045 2975 2985 3040 2955]
[2925 2875 2955 2865 2570 2000 1985 2215] [3085 3105 3140 2870 2875 3025 3130 2975]
[2560 2985 2910 2860 2405 2145 2025 1945] [2940 3110 2965 2985 2995 3010 3140 2975]
[2985 2920 2740 2875 2445 2245 2000 2020] [2985 3205 3115 3035 3090 3055 3095 3195]
[3195 2855 2920 2905 2560 2120 2115 1810] [3025 3125 3000 3070 3055 3015 3025 3175]
COM7 1 26
4
[2930 2655 2815 2845 2560 2245 2075 2220] [3015 2870 2890 2975 2855 2910 3105 2915]
[2995 2970 2765 2800 2620 2300 2315 2310] [2990 2945 2915 2865 2875 2950 2890 2920]
[2865 3020 2890 2675 2520 2225 2010 2320] [2875 2930 2955 2870 3100 2890 2935 2825]
[2865 2885 2970 2700 2560 2150 1880 2035] [3025 3020 3020 2980 2950 2955 2970 2920]
[2925 2875 2955 2865 2570 2000 1985 2215] [3140 3090 3070 2840 2935 2965 3100 3130]
[2560 2985 2910 2860 2405 2145 2025 1945] [3050 2900 2980 3005 2870 2965 3055 2890]
[2985 2920 2740 2875 2445 2245 2000 2020] [2955 3035 3020 2990 2905 2970 3010 3165]
[3195 2855 2920 2905 2560 2120 2115 1810] [3040 2915 3030 2940 2995 2845 3020 3020]
COM3 0 27
4
[2970 2785 2865 2665 2410 2195 2340 2400] [3015 2870 2890 2975 2855 2910 3105 2915]
[2890 2910 2760 2745 2450 2255 2150 2420] [2990 2945 2915 2865 2875 2950 2890 2920]
[2915 2785 2835 2625 2415 2265 2105 2500] [2875 2930 2955 2870 3100 2890 2935 2825]
[2965 2840 2925 2510 2350 2140 1970 2220] [3025 3020 3020 2980 2950 2955 2970 2920]
[3075 2905 2830 2665 2405 1975 1855 2035] [3140 3090 3070 2840 2935 2965 3100 3130]
[2780 2910 3105 2875 2295 2065 1785 1960] [3050 2900 2980 3005 2870 2965 3055 2890]
[2945 2955 2820 2835 2405 1985 1580 1785] [2955 3035 3020 2990 2905 2970 3010 3165]
[2785 3025 2855 2685 2560 2205 1955 1745] [3040 2915 3030 2940 2995 2845 3020 3020]
COM7 1 28
4
[2970 2785 2865 2665 2410 2195 2340 2400] [2910 2980 3145 3005 2835 3025 3080 2990]
[2890 2910 2760 2745 2450 2255 2150 2420] [2990 3075 3150 2950 3025 3125 2940 3165]
[2915 2785 2835 2625 2415 2265 2105 2500] [3010 3220 3025 3055 3195 3070 3075 3075]
[2965 2840 2925 2510 2350 2140 1970 2220] [3160 3000 3090 3115 3130 3070 3015 3000]
[3075 2905 2830 2665 2405 1975 1855 2035] [3150 3325 3060 2950 3090 3070 3135 3125]
[2780 2910 3105 2875 2295 2065 1785 1960] [3000 3090 3160 3125 3150 3105 3285 3155]
[2945 2955 2820 2835 2405 1985 1580 1785] [3075 3085 3115 3105 3130 3195 3160 3305]
[2785 3025 2855 2685 2560 2205 1955 1745] [3075 3080 3040 3095 3130 3025 3100 3100]
COM3 0 29
4
[2815 2710 2525 2420 2065 2120 2420 2600] [2910 2980 3145 3005 2835 3025 3080 2990]
[2905 3020 2755 2385 2155 2100 2385 2655] [2990 3075 3150 2950 3025 3125 2940 3165]
[2840 3005 2730 2350 2030 1995 2235 2425] [3010 3220 3025 3055 3195 3070 3075 3075]
[2890 2825 2885 2500 2140 1780 2045 2420] [3160 3000 3090 3115 3130 3070 3015 3000]
[3075 2995 2970 2535 2315 2000 1995 2125] [3150 3325 3060 2950 3090 3070 3135 3125]
[2650 2780 2850 2580 2370 1880 1830 1610] [3000 3090 3160 3125 3150 3105 3285 3155]
[3105 2965 2885 2720 2420 1870 1545 1520] [3075 3085 3115 3105 3130 3195 3160 3305]
[2880 2900 2845 2775 2370 2155 1700 1540] [3075 3080 3040 3095 3130 3025 3100 3100]
COM7 1 30
4
[2815 2710 2525 2420 2065 2120 2420 2600] [2690 2710 2750 2845 2765 2810 3055 2935]
[2905 3020 2755 2385 2155 2100 2385 2655] [2600 2925 2965 2785 2970 2870 2815 2850]
[2840 3005 2730 2350 2030 1995 2235 2425] [2915 2950 2875 2950 3045 2760 3035 2860]
[2890 2825 2885 2500 2140 1780 2045 2420] [2980 3025 3085 2935 3000 2935 2945 2905]
[3075 2995 2970 2535 2315 2000 1995 2125] [2870 2925 3080 2865 2950 3045 3050 3060]
[2650 2780 2850 2580 2370 1880 1830 1610] [2705 3000 3005 3025 3000 2965 3205 3050]
[3105 2965 2885 2720 2420 1870 1545 1520] [2795 3030 3115 3065 2985 3055 3005 3200]
[2880 2900 2845 2775 2370 2155 1700 1540] [2630 3040 3085 3075 2950 2940 3025 3015]
COM3 0 31
4
[2840 2745 2520 2175 2080 2070 2420 2825] [2690 2710 2750 2845 2765 2810 3055 2935]
[3005 2855 2650 2385 1930 2045 2340 2580] [2600 2925 2965 2785 2970 2870 2815 2850]
[2835 2845 2665 2285 2170 1895 2165 2245] [2915 2950 2875 2950 3045 2760 3035 2860]
[2725 2730 2855 2430 2240 1905 1970 2085] [2980 3025 3085 2935 3000 2935 2945 2905]
[2755 2790 2995 2595 2305 1845 1865 2060] [2870 2925 3080 2865 2950 3045 3050 3060]
[3165 2940 2955 2720 2395 1960 1805 1670] [2705 3000 3005 3025 3000 2965 3205 3050]
[3050 3100 2990 2815 2250 1805 1620 1850] [2795 3030 3115 3065 2985 3055 3005 3200]
[3010 3080 2950 2590 2335 1805 1665 1665] [2630 3040 3085 3075 2950 2940 3025 3015]
COM7 1 32
4
[2840 2745 2520 2175 2080 2070 2420 2825] [2555 2735 2900 2845 2975 2775 2870 3105]
[3005 2855 2650 2385 1930 2045 2340 2580] [2700 2745 3010 2860 2920 3070 2855 2975]
[2835 2845 2665 2285 2170 1895 2165 2245] [2745 3020 2925 2840 2995 2850 2885 2960]
[2725 2730 2855 2430 2240 1905 1970 2085] [2640 2940 2975 3045 3045 2935 2995 2865]
[2755 2790 2995 2595 2305 1845 1865 2060] [2640 2975 3015 2875 2910 2895 3040 2980]
[3165 2940 2955 2720 2395 1960 1805 1670] [2640 2920 3010 3100 3005 2970 3040 3155]
[3050 3100 2990 2815 2250 1805 1620 1850] [2445 2880 2935 3090 3065 3080 2925 3165]
[3010 3080 2950 2590 2335 1805 1665 1665] [2430 2540 2700 3080 3005 3015 2990 2980]
COM3 0 33
4
[2755 2650 2585 2155 2085 1940 2400 2420] [2555 2735 2900 2845 2975 2775 2870 3105]
[2860 2910 2630 2385 1925 1895 2235 2530] [2700 2745 3010 2860 2920 3070 2855 2975]
[2865 2815 2645 2270 1880 1815 2050 2450] [2745 3020 2925 2840 2995 2850 2885 2960]
[2750 2875 2755 2400 2150 1795 2015 2420] [2640 2940 2975 3045 3045 2935 2995 2865]
[2855 2985 2840 2520 2340 1935 2085 2370] [2640 2975 3015 2875 2910 2895 3040 2980]
[2905 2920 3015 2770 2290 1985 1925 2170] [2640 2920 3010 3100 3005 2970 3040 3155]
[2825 2775 2675 2725 2320 1850 1680 1805] [2445 2880 2935 3090 3065 3080 2925 3165]
[2975 2890 2910 2540 2145 1820 1785 1620] [2430 2540 2700 3080 3005 3015 2990 2980]
COM7 1 34
4
[2755 2650 2585 2155 2085 1940 2400 2420] [2415 2930 2905 2890 2845 2790 2885 2910]
[2860 2910 2630 2385 1925 1895 2235 2530] [2635 3020 2945 2905 2945 3080 2980 3000]
[2865 2815 2645 2270 1880 1815 2050 2450] [2710 2990 3040 3040 3040 3085 3005 2995]
[2750 2875 2755 2400 2150 1795 2015 2420] [2510 3080 2995 3065 3050 3005 3075 2890]
[2855 2985 2840 2520 2340 1935 2085 2370] [2505 2760 3115 2950 2935 2930 3210 3105]
[2905 2920 3015 2770 2290 1985 1925 2170] [2195 2800 2965 3105 3070 3055 3100 2970]
[2825 2775 2675 2725 2320 1850 1680 1805] [2330 2570 2905 3230 3020 3130 3050 3200]
[2975 2890 2910 2540 2145 1820 1785 1620] [2235 2485 2625 3150 3060 2940 3190 3015]
COM3 0 35
4
[2810 2815 2575 2515 2100 2280 2685 2805] [2415 2930 2905 2890 2845 2790 2885 2910]
[3080 2960 2885 2320 2165 2275 2605 2730] [2635 3020 2945 2905 2945 3080 2980 3000]
[2705 2940 2705 2295 2100 1905 2505 2635] [2710 2990 3040 3040 3040 3085 3005 2995]
[3030 2875 2840 2500 2125 1960 2205 2465] [2510 3080 2995 3065 3050 3005 3075 2890]
[3190 3010 2945 2450 2225 2115 2170 2320] [2505 2760 3115 2950 2935 2930 3210 3105]
[3050 3105 3000 2785 2400 2140 2060 2275] [2195 2800 2965 3105 3070 3055 3100 2970]
[2715 3110 2840 2940 2360 2060 2010 2040] [2330 2570 2905 3230 3020 3130 3050 3200]
[3035 3045 3030 2890 2475 2035 1760 1830] [2235 2485 2625 3150 3060 2940 3190 3015]
COM7 1 36
4
[2810 2815 2575 2515 2100 2280 2685 2805] [2605 2755 2815 2720 2925 2735 2900 3020]
[3080 2960 2885 2320 2165 2275 2605 2730] [2740 2800 3090 3040 2800 2950 2825 2965]
[2705 2940 2705 2295 2100 1905 2505 2635] [2780 2945 2870 2925 3010 2920 2975 2895]
[3030 2875 2840 2500 2125 1960 2205 2465] [2705 2850 3025 3040 3010 3030 3020 3010]
[3190 3010 2945 2450 2225 2115 2170 2320] [2525 3100 3040 2820 3030 2970 3030 3040]
[3050 3105 3000 2785 2400 2140 2060 2275] [2410 2920 3075 3075 3020 3000 3135 2950]
[2715 3110 2840 2940 2360 2060 2010 2040] [2315 2795 3155 2990 3055 2905 3010 3110]
[3035 3045 3030 2890 2475 2035 1760 1830] [2095 2770 3040 3130 2855 2940 2995 2980]
COM3 0 37
4
[2790 2575 2455 2330 2075 1905 1815 1760] [2605 2755 2815 2720 2925 2735 2900 3020]
[2750 2855 2770 2420 1975 1675 1620 1695] [2740 2800 3090 3040 2800 2950 2825 2965]
[2585 2840 2805 2330 2065 1825 1440 1620] [2780 2945 2870 2925 3010 2920 2975 2895]
[2770 2675 2790 2460 2205 1760 1550 1510] [2705 2850 3025 3040 3010 3030 3020 3010]
[2900 2825 3015 2770 2405 1905 1820 1405] [2525 3100 3040 2820 3030 2970 3030 3040]
[2800 2895 2870 2785 2495 2085 1805 1335] [2410 2920 3075 3075 3020 3000 3135 2950]
[2570 2725 2685 2870 2575 2220 1735 1155] [2315 2795 3155 2990 3055 2905 3010 3110]
[2960 2700 2800 2945 2415 1980 1635 1385] [2095 2770 3040 3130 2855 2940 2995 2980]
COM7 1 38
4
[2790 2575 2455 2330 2075 1905 1815 1760] [2980 3115 3075 2925 2935 2885 2870 3080]
[2750 2855 2770 2420 1975 1675 1620 1695] [2880 3165 3150 3020 2955 3155 3080 3160]
[2585 2840 2805 2330 2065 1825 1440 1620] [3095 3110 3125 3085 3150 2970 3125 3015]
[2770 2675 2790 2460 2205 1760 1550 1510] [3035 3105 3155 3095 3095 3070 3115 3030]
[2900 2825 3015 2770 2405 1905 1820 1405] [2990 3155 3195 3030 3065 3115 3160 3150]
[2800 2895 2870 2785 2495 2085 1805 1335] [2830 3070 3145 3195 3195 3155 3310 3240]
[2570 2725 2685 2870 2575 2220 1735 1155] [2880 3085 3180 3095 3055 3190 3135 3370]
[2960 2700 2800 2945 2415 1980 1635 1385] [2800 3150 3120 3155 3175 3110 3165 3240]
COM3 0 39
4
[2780 2745 2775 2695 2520 2070 1970 2120] [2980 3115 3075 2925 2935 2885 2870 3080]
[2995 2945 2665 2765 2605 2495 2005 1910] [2880 3165 3150 3020 2955 3155 3080 3160]
[2895 2850 2850 2810 2725 2585 2155 2000] [3095 3110 3125 3085 3150 2970 3125 3015]
[2975 2875 3035 2825 2870 2635 2425 1800] [3035 3105 3155 3095 3095 3070 3115 3030]
[2970 3060 3025 2880 2885 2580 2450 2055] [2990 3155 3195 3030 3065 3115 3160 3150]
[2975 3130 3125 3020 2910 2740 2540 2070] [2830 3070 3145 3195 3195 3155 3310 3240]
[3165 3110 2845 2970 2750 2605 2315 1855] [2880 3085 3180 3095 3055 3190 3135 3370]
[3150 3045 3155 3000 2720 2600 2200 1690] [2800 3150 3120 3155 3175 3110 3165 3240]
COM7 1 40
4
[2780 2745 2775 2695 2520 2070 1970 2120] [2980 2915 3025 2890 2775 3085 3040 2870]
[2995 2945 2665 2765 2605 2495 2005 1910] [2945 3140 2940 2930 2990 3065 2965 2720]
[2895 2850 2850 2810 2725 2585 2155 2000] [3050 3085 2975 3000 3100 2930 2975 2990]
[2975 2875 3035 2825 2870 2635 2425 1800] [3035 3005 3135 3115 3045 2935 3080 2995]
[2970 3060 3025 2880 2885 2580 2450 2055] [2775 2940 3130 3000 3060 3065 3000 3185]
[2975 3130 3125 3020 2910 2740 2540 2070] [2435 2900 3125 3075 2935 3105 3110 3085]
[3165 3110 2845 2970 2750 2605 2315 1855] [2320 2845 3230 3105 2995 3135 3100 3205]
[3150 3045 3155 3000 2720 2600 2200 1690] [2035 2520 2915 3265 2985 3090 3080 3235]
COM3 0 41
4
[3145 2770 2890 2905 2840 2490 2490 2410] [2980 2915 3025 2890 2775 3085 3040 2870]
[3170 3210 2985 2880 2905 2835 2445 2345] [2945 3140 2940 2930 2990 3065 2965 2720]
[3110 3095 2995 3010 2810 2910 2620 2545] [3050 3085 2975 3000 3100 2930 2975 2990]
[3065 3155 3020 3050 3075 2985 2655 2350] [3035 3005 3135 3115 3045 2935 3080 2995]
[3140 3000 3100 2870 2960 2825 2785 2470] [2775 2940 3130 3000 3060 3065 3000 3185]
[3050 3035 3100 3105 2810 2785 2805 2125] [2435 2900 3125 3075 2935 3105 3110 3085]
[2935 3110 3055 3215 2970 2715 2310 2190] [2320 2845 3230 3105 2995 3135 3100 3205]
[3125 3100 2985 3030 2945 2545 2415 2015] [2035 2520 2915 3265 2985 3090 3080 3235]
COM7 1 42
4
[3145 2770 2890 2905 2840 2490 2490 2410] [2745 2935 2970 2875 2730 2780 2835 2910]
[3170 3210 2985 2880 2905 2835 2445 2345] [2760 2985 2975 2930 2785 3000 2945 2805]
[3110 3095 2995 3010 2810 2910 2620 2545] [2780 2945 3005 2890 3035 2920 2960 2860]
[3065 3155 3020 3050 3075 2985 2655 2350] [2715 3065 3020 2890 2905 2935 2985 2880]
[3140 3000 3100 2870 2960 2825 2785 2470] [2505 2970 3010 2925 2965 3015 3080 2995]
[3050 3035 3100 3105 2810 2785 2805 2125] [2255 2540 2910 3040 2970 3030 3135 3000]
[2935 3110 3055 3215 2970 2715 2310 2190] [2045 2445 2970 3060 3015 2960 3045 3080]
[3125 3100 2985 3030 2945 2545 2415 2015] [1975 2130 2480 2930 2975 3020 3095 3140]
COM3 0 43
4
[2715 2790 2905 2775 2735 2540 2295 1925] [2745 2935 2970 2875 2730 2780 2835 2910]
[2985 2825 2820 2995 2895 2605 2295 2115] [2760 2985 2975 2930 2785 3000 2945 2805]
[2785 2760 2815 2770 2725 2835 2490 2115] [2780 2945 3005 2890 3035 2920 2960 2860]
[2750 2900 3095 2800 2930 2720 2420 2070] [2715 3065 3020 2890 2905 2935 2985 2880]
[3070 2890 2955 2965 3005 2855 2640 2115] [2505 2970 3010 2925 2965 3015 3080 2995]
[2940 2835 3070 2875 2635 2710 2795 2255] [2255 2540 2910 3040 2970 3030 3135 3000]
[3085 2825 2775 2855 2895 2810 2590 2085] [2045 2445 2970 3060 3015 2960 3045 3080]
[2780 2945 2805 2685 2670 2795 2480 2300] [1975 2130 2480 2930 2975 3020 3095 3140]
COM7 1 44
4
[2715 2790 2905 2775 2735 2540 2295 1925] [2860 3115 2870 2825 2845 3085 2920 2995]
[2985 2825 2820 2995 2895 2605 2295 2115] [2945 3005 3250 3010 3015 3105 3000 3140]
[2785 2760 2815 2770 2725 2835 2490 2115] [3005 3080 2990 2985 3135 2995 2985 3010]
[2750 2900 3095 2800 2930 2720 2420 2070] [3005 3105 3215 2970 3050 3065 3065 3075]
[3070 2890 2955 2965 3005 2855 2640 2115] [2870 3015 3115 2915 3050 3125 3100 3120]
[2940 2835 3070 2875 2635 2710 2795 2255] [2665 3085 3005 3120 3100 3080 3180 3075]
[3085 2825 2775 2855 2895 2810 2590 2085] [2585 3105 3180 3100 2925 3065 3230 3310]
[2780 2945 2805 2685 2670 2795 2480 2300] [2480 2640 2955 3135 2950 3050 3215 3175]
COM3 0 45
4
[2725 2805 2665 2725 2730 2520 2450 2205] [2860 3115 2870 2825 2845 3085 2920 2995]
[3090 2995 2920 2930 2860 2675 2495 2290] [2945 3005 3250 3010 3015 3105 3000 3140]
[2795 2900 2810 2735 2890 2710 2505 2220] [3005 3080 2990 2985 3135 2995 2985 3010]
[2880 3030 3020 2835 2865 2570 2455 2065] [3005 3105 3215 2970 3050 3065 3065 3075]
[2940 3020 2955 2990 2855 2655 2455 2215] [2870 3015 3115 2915 3050 3125 3100 3120]
[3130 2935 2970 3035 2885 2785 2500 2105] [2665 3085 3005 3120 3100 3080 3180 3075]
[3220 3050 3100 2985 2870 2875 2535 2060] [2585 3105 3180 3100 2925 3065 3230 3310]
[3040 3045 2960 2750 3090 2780 2520 2205] [2480 2640 2955 3135 2950 3050 3215 3175]
COM7 1 46
4
[2725 2805 2665 2725 2730 2520 2450 2205] [3095 3155 3140 2895 3030 2885 3160 3160]
[3090 2995 2920 2930 2860 2675 2495 2290] [3155 3370 3105 3040 3135 3200 3150 3045]
[2795 2900 2810 2735 2890 2710 2505 2220] [3085 3205 3175 3000 3045 3060 3045 3020]
[2880 3030 3020 2835 2865 2570 2455 2065] [3100 3105 3145 3030 3095 3050 3105 3145]
[2940 3020 2955 2990 2855 2655 2455 2215] [3070 3095 3150 3030 3035 3065 3150 3120]
[3130 2935 2970 3035 2885 2785 2500 2105] [2845 3145 3060 3190 3105 3220 3200 3085]
[3220 3050 3100 2985 2870 2875 2535 2060] [2925 3170 3185 3030 3040 3090 3155 3395]
[3040 3045 2960 2750 3090 2780 2520 2205] [2760 3070 3035 3220 3105 3115 3245 3330]
COM3 0 47
4
[2875 2815 2805 2950 2845 2620 2550 2455] [3095 3155 3140 2895 3030 2885 3160 3160]
[2985 2810 2715 2950 2750 2555 2500 2420] [3155 3370 3105 3040 3135 3200 3150 3045]
[2890 3040 2850 2935 2730 2600 2360 2455] [3085 3205 3175 3000 3045 3060 3045 3020]
[2900 3075 3020 2875 2910 2535 2405 2345] [3100 3105 3145 3030 3095 3050 3105 3145]
[2855 2985 2880 2965 2790 2435 2320 2225] [3070 3095 3150 3030 3035 3065 3150 3120]
[2650 2795 2925 2775 2635 2425 2360 2210] [2845 3145 3060 3190 3105 3220 3200 3085]
[2995 3015 2870 2975 2775 2670 2020 2150] [2925 3170 3185 3030 3040 3090 3155 3395]
[2990 3020 2915 2705 2675 2630 2390 1965] [2760 3070 3035 3220 3105 3115 3245 3330]
COM7 1 48
4
[2875 2815 2805 2950 2845 2620 2550 2455] [3245 3115 3140 3005 3155 3015 2965 2980]
[2985 2810 2715 2950 2750 2555 2500 2420] [2905 3190 3240 3010 3050 3155 3150 3075]
[2890 3040 2850 2935 2730 2600 2360 2455] [3040 3185 3310 3125 3205 3055 2960 3040]
[2900 3075 3020 2875 2910 2535 2405 2345] [3090 3200 3235 3155 3120 3055 3175 3070]
[2855 2985 2880 2965 2790 2435 2320 2225] [3005 3200 3355 3090 3300 3165 3160 3195]
[2650 2795 2925 2775 2635 2425 2360 2210] [2775 2945 2990 3270 3110 3135 3220 3140]
[2995 3015 2870 2975 2775 2670 2020 2150] [2555 3015 3000 3150 3050 3135 3155 3190]
[2990 3020 2915 2705 2675 2630 2390 1965] [2360 2770 3235 3305 3125 3250 3205 3295]
COM3 0 49
4
[3015 3035 2775 2805 2575 2300 2505 2545] [3245 3115 3140 3005 3155 3015 2965 2980]
[2975 2960 2915 2920 2610 2475 2355 2740] [2905 3190 3240 3010 3050 3155 3150 3075]
[2785 2925 2995 2780 2620 2340 2220 2510] [3040 3185 3310 3125 3205 3055 2960 3040]
[2925 2795 2985 2805 2810 2490 2235 2335] [3090 3200 3235 3155 3120 3055 3175 3070]
[3020 2970 2750 2885 2625 2450 2320 2240] [3005 3200 3355 3090 3300 3165 3160 3195]
[2940 3020 3095 2940 2705 2390 2355 2355] [2775 2945 2990 3270 3110 3135 3220 3140]
[3085 3040 3005 2960 2700 2640 2345 2285] [2555 3015 3000 3150 3050 3135 3155 3190]
[3055 2915 2805 2890 2690 2840 2150 1915] [2360 2770 3235 3305 3125 3250 3205 3295]
COM7 1 50
4
[3015 3035 2775 2805 2575 2300 2505 2545] [2990 2850 3020 2855 2780 2775 2780 2960]
[2975 2960 2915 2920 2610 2475 2355 2740] [2945 3075 2965 3045 2970 3150 3030 2960]
[2785 2925 2995 2780 2620 2340 2220 2510] [3045 2945 3125 3075 3110 2980 3020 2990]
[2925 2795 2985 2805 2810 2490 2235 2335] [3095 3065 3075 3050 3045 2975 3055 3045]
[3020 2970 2750 2885 2625 2450 2320 2240] [3005 2915 3045 2840 2890 2960 3105 3165]
[2940 3020 3095 2940 2705 2390 2355 2355] [2695 2690 2650 2900 2805 3055 3100 3215]
[3085 3040 3005 2960 2700 2640 2345 2285] [2645 2590 2535 2640 2680 2870 3075 3290]
[3055 2915 2805 2890 2690 2840 2150 1915] [2645 2475 2410 2590 3030 3005 3190 3085]
COM3 0 51
4
[2675 2600 2595 2525 2345 2165 2220 2345] [2990 2850 3020 2855 2780 2775 2780 2960]
[2795 2835 2600 2670 2400 2180 2135 2225] [2945 3075 2965 3045 2970 3150 3030 2960]
[2580 2705 2950 2665 2520 2245 2075 2245] [3045 2945 3125 3075 3110 2980 3020 2990]
[2840 2780 2895 2590 2605 2235 2045 1885] [3095 3065 3075 3050 3045 2975 3055 3045]
[2565 2830 2715 2860 2630 2155 2370 2110] [3005 2915 3045 2840 2890 2960 3105 3165]
[2640 2665 2850 2885 2575 2340 2420 1685] [2695 2690 2650 2900 2805 3055 3100 3215]
[2590 2845 2935 2875 2645 2520 2025 1820] [2645 2590 2535 2640 2680 2870 3075 3290]
[2860 2840 2845 2715 2590 2420 2095 1620] [2645 2475 2410 2590 3030 3005 3190 3085]
COM7 1 52
4
[2675 2600 2595 2525 2345 2165 2220 2345] [3240 3140 2975 3230 2845 3015 3055 2895]
[2795 2835 2600 2670 2400 2180 2135 2225] [3155 3195 3155 2965 3025 2985 2990 3075]
[2580 2705 2950 2665 2520 2245 2075 2245] [3125 3110 3125 2985 3030 2900 3070 3020]
[2840 2780 2895 2590 2605 2235 2045 1885] [3085 3020 2885 2855 2830 2890 3035 2920]
[2565 2830 2715 2860 2630 2155 2370 2110] [3095 3010 2925 2500 2630 2830 3025 3180]
[2640 2665 2850 2885 2575 2340 2420 1685] [3115 3055 2715 2600 2680 2765 3090 3230]
[2590 2845 2935 2875 2645 2520 2025 1820] [3100 3105 2690 2520 2740 2995 3070 3175]
[2860 2840 2845 2715 2590 2420 2095 1620] [3150 2900 2705 2695 2575 2775 3005 3045]
COM3 0 53
4
[2805 2725 2805 2635 2335 2165 2270 2295] [3240 3140 2975 3230 2845 3015 3055 2895]
[2830 2795 2740 2720 2565 2180 2120 2305] [3155 3195 3155 2965 3025 2985 2990 3075]
[2750 2860 2840 2580 2520 2205 1930 2180] [3125 3110 3125 2985 3030 2900 3070 3020]
[2770 2815 2840 2815 2625 2270 2185 1935] [3085 3020 2885 2855 2830 2890 3035 2920]
[2875 2695 2830 2935 2765 2435 2200 2225] [3095 3010 2925 2500 2630 2830 3025 3180]
[2695 3135 2840 3075 2710 2475 2230 2160] [3115 3055 2715 2600 2680 2765 3090 3230]
[2665 2850 2795 2995 2550 2390 2035 1885] [3100 3105 2690 2520 2740 2995 3070 3175]
[2580 2680 2810 2710 2785 2510 2125 1860] [3150 2900 2705 2695 2575 2775 3005 3045]
COM7 1 54
4
[2805 2725 2805 2635 2335 2165 2270 2295] [2860 3155 2875 2595 2680 2565 2665 2880]
[2830 2795 2740 2720 2565 2180 2120 2305] [3035 2980 2715 2460 2310 2680 2775 2925]
[2750 2860 2840 2580 2520 2205 1930 2180] [3125 2960 2645 2545 2580 2785 2865 3000]
[2770 2815 2840 2815 2625 2270 2185 1935] [3170 2830 2785 2505 2540 2820 3080 3030]
[2875 2695 2830 2935 2765 2435 2200 2225] [3155 3075 2695 2555 2665 2980 3135 3145]
[2695 3135 2840 3075 2710 2475 2230 2160] [2995 3040 2570 2635 2595 3035 3175 3150]
[2665 2850 2795 2995 2550 2390 2035 1885] [3055 2965 2670 2500 2695 2850 3265 3365]
[2580 2680 2810 2710 2785 2510 2125 1860] [2965 2775 2440 2405 2555 2910 3235 3175]
COM3 0 55
4
[2590 2800 2700 2640 2395 2250 2245 2590] [2860 3155 2875 2595 2680 2565 2665 2880]
[3050 2865 2705 2740 2540 2270 2125 2655] [3035 2980 2715 2460 2310 2680 2775 2925]
[2920 2850 2990 2710 2570 2220 2225 2495] [3125 2960 2645 2545 2580 2785 2865 3000]
[2950 3030 2975 2785 2650 2335 2040 2300] [3170 2830 2785 2505 2540 2820 3080 3030]
[3105 2940 2925 2965 2815 2430 2385 2205] [3155 3075 2695 2555 2665 2980 3135 3145]
[2820 2935 2825 2820 2790 2485 2160 1975] [2995 3040 2570 2635 2595 3035 3175 3150]
[2765 2940 2730 2835 2590 2560 2155 1855] [3055 2965 2670 2500 2695 2850 3265 3365]
[2975 2950 2965 2805 2855 2650 2230 1905] [2965 2775 2440 2405 2555 2910 3235 3175]
COM7 1 56
4
[2590 2800 2700 2640 2395 2250 2245 2590] [2135 1955 1975 2345 2640 2835 2760 2910]
[3050 2865 2705 2740 2540 2270 2125 2655] [2390 2210 2310 2450 2845 3130 2900 2850]
[2920 2850 2990 2710 2570 2220 2225 2495] [2495 2345 2300 2550 3025 2915 2945 3005]
[2950 3030 2975 2785 2650 2335 2040 2300] [2615 2220 2370 2590 2960 3030 3070 3050]
[3105 2940 2925 2965 2815 2430 2385 2205] [2485 2330 2250 2435 2840 3065 3070 3135]
[2820 2935 2825 2820 2790 2485 2160 1975] [2525 2260 2045 2530 2785 3000 3125 3150]
[2765 2940 2730 2835 2590 2560 2155 1855] [2435 2135 2195 2595 2825 3035 3145 3340]
[2975 2950 2965 2805 2855 2650 2230 1905] [2495 2305 2170 2495 2735 2995 2990 3085]
COM3 0 57
4
[2900 2925 2830 2840 2820 2450 2665 3110] [2135 1955 1975 2345 2640 2835 2760 2910]
[3195 3125 2865 2835 2665 2515 2515 2855] [2390 2210 2310 2450 2845 3130 2900 2850]
[3035 3125 3040 2885 2735 2545 2290 2710] [2495 2345 2300 2550 3025 2915 2945 3005]
[3075 3020 3120 2875 2850 2590 2400 2665] [2615 2220 2370 2590 2960 3030 3070 3050]
[3140 3090 3080 3140 2840 2540 2405 2470] [2485 2330 2250 2435 2840 3065 3070 3135]
[3050 3180 3185 3070 2785 2535 2580 2500] [2525 2260 2045 2530 2785 3000 3125 3150]
[3250 3070 3125 3090 2990 2655 2285 2120] [2435 2135 2195 2595 2825 3035 3145 3340]
[3285 3410 3140 3170 2905 2590 2835 2135] [2495 2305 2170 2495 2735 2995 2990 3085]
COM7 1 58
4
[2900 2925 2830 2840 2820 2450 2665 3110] [2045 2285 2785 2835 2805 2795 2770 2925]
[3195 3125 2865 2835 2665 2515 2515 2855] [2055 2350 2665 2880 2895 3000 2945 2705]
[3035 3125 3040 2885 2735 2545 2290 2710] [2095 2320 2620 2810 3120 2900 2915 2900]
[3075 3020 3120 2875 2850 2590 2400 2665] [1920 2325 2605 2920 2880 3035 3105 2965]
[3140 3090 3080 3140 2840 2540 2405 2470] [1945 2175 2700 2810 3030 3035 2995 2880]
[3050 3180 3185 3070 2785 2535 2580 2500] [1905 1920 2680 2940 2965 3095 3150 3205]
[3250 3070 3125 3090 2990 2655 2285 2120] [2045 2125 2430 2940 2920 2965 3065 3190]
[3285 3410 3140 3170 2905 2590 2835 2135] [1740 1880 2155 2745 2875 2895 3070 3165]
COM3 0 59
4
[2775 2830 2760 2760 2660 2400 2580 2425] [2045 2285 2785 2835 2805 2795 2770 2925]
[2935 3035 2855 3040 2590 2515 2285 2520] [2055 2350 2665 2880 2895 3000 2945 2705]
[2895 2850 2990 2790 2835 2545 2285 2315] [2095 2320 2620 2810 3120 2900 2915 2900]
[2760 2815 2995 2865 2805 2545 2305 2185] [1920 2325 2605 2920 2880 3035 3105 2965]
[3015 2990 2910 2985 2855 2480 2570 2200] [1945 2175 2700 2810 3030 3035 2995 2880]
[2770 2880 3115 3080 2805 2800 2635 2170] [1905 1920 2680 2940 2965 3095 3150 3205]
[2865 3095 2885 2985 2835 2785 2580 2135] [2045 2125 2430 2940 2920 2965 3065 3190]
[3055 2950 3195 2950 2955 2635 2760 2300] [1740 1880 2155 2745 2875 2895 3070 3165]
COM7 1 60
4
[2775 2830 2760 2760 2660 2400 2580 2425] [2525 2720 3075 2840 2770 2835 3000 3075]
[2935 3035 2855 3040 2590 2515 2285 2520] [2555 2800 3050 2945 2955 3105 2935 2950]
[2895 2850 2990 2790 2835 2545 2285 2315] [2340 2695 3010 2955 3045 3015 3005 2895]
[2760 2815 2995 2865 2805 2545 2305 2185] [2380 2780 3070 3020 3090 2815 3055 3020]
[3015 2990 2910 2985 2855 2480 2570 2200] [2210 2530 2985 3025 3070 3040 3035 3045]
[2770 2880 3115 3080 2805 2800 2635 2170] [2025 2430 2890 3170 3050 3080 3190 3055]
[2865 3095 2885 2985 2835 2785 2580 2135] [2015 2510 2725 3040 3025 2990 3115 3345]
[3055 2950 3195 2950 2955 2635 2760 2300] [1950 2280 2705 2890 3115 3100 3085 3145]
COM3 0 61
4
[2935 2810 2965 2705 2765 2450 2530 2525] [2525 2720 3075 2840 2770 2835 3000 3075]
[3260 3075 2995 2795 2825 2820 2570 2175] [2555 2800 3050 2945 2955 3105 2935 2950]
[3000 2915 2950 2870 2905 2875 2590 2485] [2340 2695 3010 2955 3045 3015 3005 2895]
[3065 3025 3150 2800 2910 2950 2680 2565] [2380 2780 3070 3020 3090 2815 3055 3020]
[3205 2875 3110 2990 3070 2970 2940 3040] [2210 2530 2985 3025 3070 3040 3035 3045]
[2905 3040 2955 2925 2950 3120 3050 2690] [2025 2430 2890 3170 3050 3080 3190 3055]
[2835 3095 3125 3065 2965 2815 2885 2595] [2015 2510 2725 3040 3025 2990 3115 3345]
[3140 3145 3100 3005 2870 3035 2820 2630] [1950 2280 2705 2890 3115 3100 3085 3145]
COM7 1 62
4
[2935 2810 2965 2705 2765 2450 2530 2525] [2160 2635 2940 2970 2820 2915 2750 2845]
[3260 3075 2995 2795 2825 2820 2570 2175] [2260 2610 3150 3050 3000 3110 2995 2730]
[3000 2915 2950 2870 2905 2875 2590 2485] [2040 2455 2940 2980 3000 2980 3050 2915]
[3065 3025 3150 2800 2910 2950 2680 2565] [1920 2575 2780 2960 3020 2895 2910 2995]
[3205 2875 3110 2990 3070 2970 2940 3040] [1880 2255 2685 2800 3025 3000 3135 3020]
[2905 3040 2955 2925 2950 3120 3050 2690] [1700 2045 2420 2940 2960 2860 3145 3070]
[2835 3095 3125 3065 2965 2815 2885 2595] [1805 1990 2360 2835 3120 3090 3145 3065]
[3140 3145 3100 3005 2870 3035 2820 2630] [1720 1820 2115 2755 2995 2965 3095 3065]
COM3 0 63
4
[2805 2735 2880 2890 2870 2695 2525 2390] [2160 2635 2940 2970 2820 2915 2750 2845]
[2815 2875 2795 3105 2860 2745 2735 2515] [2260 2610 3150 3050 3000 3110 2995 2730]
[2860 2770 2950 2920 2850 2835 2875 2565] [2040 2455 2940 2980 3000 2980 3050 2915]
[3025 2950 2945 2680 3000 2960 2745 2975] [1920 2575 2780 2960 3020 2895 2910 2995]
[2845 2875 2965 2945 3070 2730 3035 2680] [1880 2255 2685 2800 3025 3000 3135 3020]
[2880 2940 3075 2975 2715 2770 2895 2710] [1700 2045 2420 2940 2960 2860 3145 3070]
[2885 3095 2780 3165 2920 3115 2560 2810] [1805 1990 2360 2835 3120 3090 3145 3065]
[2950 2790 2805 2815 2680 2650 3075 2685] [1720 1820 2115 2755 2995 2965 3095 3065]
COM7 1 64
4
[2805 2735 2880 2890 2870 2695 2525 2390] [2370 2740 2955 2905 2845 3015 3055 3075]
[2815 2875 2795 3105 2860 2745 2735 2515] [2115 2715 3110 2980 2905 3085 3175 3025]
[2860 2770 2950 2920 2850 2835 2875 2565] [2175 2570 2945 2985 3085 2955 3070 3120]
[3025 2950 2945 2680 3000 2960 2745 2975] [1970 2315 2705 3000 3020 3200 3230 3070]
[2845 2875 2965 2945 3070 2730 3035 2680] [1930 2135 2565 2785 3060 2990 3160 3170]
[2880 2940 3075 2975 2715 2770 2895 2710] [1915 2025 2195 2745 2785 2945 3200 3290]
[2885 3095 2780 3165 2920 3115 2560 2810] [1660 1915 2045 2430 2595 2825 3115 3260]
[2950 2790 2805 2815 2680 2650 3075 2685] [1760 1745 1785 2135 2305 2665 2885 3175]
COM3 0 65
4
[2715 2805 2850 2925 2860 2785 2860 2610] [2370 2740 2955 2905 2845 3015 3055 3075]
[3015 3065 2880 3015 2895 2905 2730 2670] [2115 2715 3110 2980 2905 3085 3175 3025]
[2730 2990 2735 2985 2770 2835 2805 2715] [2175 2570 2945 2985 3085 2955 3070 3120]
[2895 3000 3005 2820 3060 2895 2960 2530] [1970 2315 2705 3000 3020 3200 3230 3070]
[3020 2895 2920 2755 3000 2910 3100 2945] [1930 2135 2565 2785 3060 2990 3160 3170]
[3135 2935 3010 2820 2850 2985 2950 2840] [1915 2025 2195 2745 2785 2945 3200 3290]
[3030 3155 3010 3035 2850 2955 2740 2720] [1660 1915 2045 2430 2595 2825 3115 3260]
[2990 2990 2955 2935 2760 3040 2975 3015] [1760 1745 1785 2135 2305 2665 2885 3175]