COM7 0 6
0
[2600 2525 2640 2625 2630 2595 2650 2390] [3555 3340 3500 3575 3345 3325 3285 3315]
[2690 2755 2745 2735 2665 2750 2640 2560] [3395 3620 3600 3345 3315 3425 3315 3195]
[2625 2690 2790 2540 2595 2580 2625 2575] [3560 3540 3625 3345 3505 3230 3360 3355]
[2705 2640 2735 2655 2690 2690 2560 2465] [3595 3315 3415 3475 3345 3195 3300 3145]
[2735 2855 2780 2635 2615 2560 2640 2635] [3550 3625 3555 3355 3350 3310 3300 3340]
[2765 2670 2555 2645 2665 2605 2760 2535] [3225 3175 3295 3460 3570 3295 3420 3375]
[2775 2650 2750 2785 2755 2720 2550 2580] [3435 3535 3425 3325 3460 3515 3450 3300]
[2595 2560 2695 2675 2585 2655 2725 2550] [3465 3585 3575 3670 3485 3250 3585 3380]
COM3 1 7
0
[2600 2525 2640 2625 2630 2595 2650 2390] [2770 3075 3040 2870 2950 2885 2850 3110]
[2690 2755 2745 2735 2665 2750 2640 2560] [3040 2820 2800 2930 2935 3080 3075 3005]
[2625 2690 2790 2540 2595 2580 2625 2575] [2820 2885 2805 3005 3110 3000 3005 2975]
[2705 2640 2735 2655 2690 2690 2560 2465] [3190 2970 3025 2980 3085 2870 2945 2880]
[2735 2855 2780 2635 2615 2560 2640 2635] [2950 2960 2985 2825 3000 2995 3065 2880]
[2765 2670 2555 2645 2665 2605 2760 2535] [2950 2970 2870 3125 3070 3145 3160 3150]
[2775 2650 2750 2785 2755 2720 2550 2580] [3000 3015 3170 2930 2975 2970 3025 3210]
[2595 2560 2695 2675 2585 2655 2725 2550] [3020 2790 3050 3205 2995 3035 3140 3095]
COM7 0 8
0
[3055 2940 2945 2960 2975 2975 3095 3060] [2770 3075 3040 2870 2950 2885 2850 3110]
[3170 3075 3050 3015 3060 2960 2990 3050] [3040 2820 2800 2930 2935 3080 3075 3005]
[2775 3045 3065 3025 3045 2990 3115 3100] [2820 2885 2805 3005 3110 3000 3005 2975]
[3070 3055 3060 3055 3150 3135 3065 3115] [3190 2970 3025 2980 3085 2870 2945 2880]
[3075 3230 2985 3045 3035 2950 3110 3235] [2950 2960 2985 2825 3000 2995 3065 2880]
[3010 3295 3115 3110 2975 3245 3220 3125] [2950 2970 2870 3125 3070 3145 3160 3150]
[3040 3010 3155 3110 3090 3040 3110 3090] [3000 3015 3170 2930 2975 2970 3025 3210]
[3320 3130 3165 3050 3080 3130 3265 3200] [3020 2790 3050 3205 2995 3035 3140 3095]
COM3 1 9
0
[3055 2940 2945 2960 2975 2975 3095 3060] [2755 2915 2960 2910 3150 2855 2960 3055]
[3170 3075 3050 3015 3060 2960 2990 3050] [2840 2715 2810 2735 2845 2995 2960 2960]
[2775 3045 3065 3025 3045 2990 3115 3100] [2975 3100 2920 2920 2935 3010 2940 2930]
[3070 3055 3060 3055 3150 3135 3065 3115] [2905 2720 3005 3050 2915 2950 2960 2960]
[3075 3230 2985 3045 3035 2950 3110 3235] [3145 3170 3115 2925 3015 3235 3150 2970]
[3010 3295 3115 3110 2975 3245 3220 3125] [2925 2885 3035 2950 3195 3055 3150 3020]
[3040 3010 3155 3110 3090 3040 3110 3090] [2960 3000 3100 3025 3060 2940 3065 3045]
[3320 3130 3165 3050 3080 3130 3265 3200] [3125 3010 3060 3155 3065 3195 3150 3075]
COM7 0 10
0
[2930 2860 2895 2960 2885 2920 2920 2955] [2755 2915 2960 2910 3150 2855 2960 3055]
[3030 3105 2980 2930 2935 2910 2925 2835] [2840 2715 2810 2735 2845 2995 2960 2960]
[2895 3105 3025 3000 2995 2965 3005 2925] [2975 3100 2920 2920 2935 3010 2940 2930]
[2910 2980 3045 3040 3010 2995 2970 2945] [2905 2720 3005 3050 2915 2950 2960 2960]
[3120 2905 3125 3030 2915 3115 3210 3310] [3145 3170 3115 2925 3015 3235 3150 2970]
[2695 3065 3175 2885 2985 3000 3050 2950] [2925 2885 3035 2950 3195 3055 3150 3020]
[3105 3075 3015 3120 2995 2850 3110 3145] [2960 3000 3100 3025 3060 2940 3065 3045]
[3160 2985 2795 2800 3055 3005 3190 3035] [3125 3010 3060 3155 3065 3195 3150 3075]
COM3 1 11
0
[2930 2860 2895 2960 2885 2920 2920 2955] [2780 2685 2630 2635 2775 2775 2925 2925]
[3030 3105 2980 2930 2935 2910 2925 2835] [2550 2590 2790 2590 2860 3000 2875 2850]
[2895 3105 3025 3000 2995 2965 3005 2925] [2645 2500 2790 2665 2975 2860 2870 2960]
[2910 2980 3045 3040 3010 2995 2970 2945] [2815 2675 2905 2850 2730 2890 2875 2855]
[3120 2905 3125 3030 2915 3115 3210 3310] [2980 2590 2765 2710 2970 2770 2900 3060]
[2695 3065 3175 2885 2985 3000 3050 2950] [2805 2985 2805 2915 2850 3015 2950 3085]
[3105 3075 3015 3120 2995 2850 3110 3145] [2980 2990 2855 2935 2685 2920 3065 2860]
[3160 2985 2795 2800 3055 3005 3190 3035] [2875 2945 2850 3085 3050 2910 2970 3050]
COM7 0 12
0
[2850 2870 2785 3025 2840 2810 3015 3020] [2780 2685 2630 2635 2775 2775 2925 2925]
[3120 3100 2875 3045 2980 3130 2995 3045] [2550 2590 2790 2590 2860 3000 2875 2850]
[2975 3015 3105 2995 2855 2970 3085 3185] [2645 2500 2790 2665 2975 2860 2870 2960]
[3035 2945 3040 3090 3050 3000 3065 2935] [2815 2675 2905 2850 2730 2890 2875 2855]
[3300 3075 3040 3005 3005 3065 3090 3080] [2980 2590 2765 2710 2970 2770 2900 3060]
[2955 3050 3135 3055 2800 3105 3305 2895] [2805 2985 2805 2915 2850 3015 2950 3085]
[3190 3045 3165 3000 3075 2990 2895 3095] [2980 2990 2855 2935 2685 2920 3065 2860]
[3100 3060 2895 3075 2985 3075 3065 2985] [2875 2945 2850 3085 3050 2910 2970 3050]
COM3 1 13
0
[2850 2870 2785 3025 2840 2810 3015 3020] [3625 3600 3570 3600 3425 3350 3330 3365]
[3120 3100 2875 3045 2980 3130 2995 3045] [3640 3485 3675 3345 3315 3480 3200 3320]
[2975 3015 3105 2995 2855 2970 3085 3185] [3825 3580 3530 3405 3425 3355 3300 3270]
[3035 2945 3040 3090 3050 3000 3065 2935] [3470 3600 3505 3600 3415 3310 3430 3360]
[3300 3075 3040 3005 3005 3065 3090 3080] [3540 3440 3470 3265 3365 3585 3415 3375]
[2955 3050 3135 3055 2800 3105 3305 2895] [3345 3475 3420 3425 3365 3230 3380 3250]
[3190 3045 3165 3000 3075 2990 2895 3095] [3450 3605 3465 3555 3405 3580 3610 3495]
[3100 3060 2895 3075 2985 3075 3065 2985] [3555 3420 3415 3705 3420 3365 3400 3410]
COM7 0 14
0
[2710 2900 2955 2910 3020 3020 3060 2955] [3625 3600 3570 3600 3425 3350 3330 3365]
[3090 3020 3045 2915 2975 2925 2995 2960] [3640 3485 3675 3345 3315 3480 3200 3320]
[2920 3015 2875 2865 2960 2915 2925 2940] [3825 3580 3530 3405 3425 3355 3300 3270]
[2860 3180 3125 2905 3035 2905 3015 2800] [3470 3600 3505 3600 3415 3310 3430 3360]
[3085 2955 2915 2970 3040 2940 2995 3145] [3540 3440 3470 3265 3365 3585 3415 3375]
[2805 3015 3050 3090 2950 2845 2950 3025] [3345 3475 3420 3425 3365 3230 3380 3250]
[3065 3105 2835 2995 3065 3055 3165 2895] [3450 3605 3465 3555 3405 3580 3610 3495]
[3105 3050 3025 2950 2960 3195 3310 3015] [3555 3420 3415 3705 3420 3365 3400 3410]
COM3 1 15
0
[2710 2900 2955 2910 3020 3020 3060 2955] [2765 2770 2795 2840 2790 2815 2825 3110]
[3090 3020 3045 2915 2975 2925 2995 2960] [2785 2855 2840 2835 2765 3015 2960 2925]
[2920 3015 2875 2865 2960 2915 2925 2940] [2840 2910 2760 2795 3030 2965 2955 3040]
[2860 3180 3125 2905 3035 2905 3015 2800] [3085 3180 2790 2900 2980 2895 2845 3095]
[3085 2955 2915 2970 3040 2940 2995 3145] [2980 2830 3030 2940 2845 2975 3160 3125]
[2805 3015 3050 3090 2950 2845 2950 3025] [2725 2920 2930 3045 3090 3035 3005 3050]
[3065 3105 2835 2995 3065 3055 3165 2895] [2765 3135 2970 2910 3060 2885 3080 3195]
[3105 3050 3025 2950 2960 3195 3310 3015] [3020 2990 3065 3095 3065 2885 2900 2995]
COM7 0 16
0
[2925 2750 2800 2895 3025 3020 2930 2990] [2765 2770 2795 2840 2790 2815 2825 3110]
[3125 2930 2870 3035 2930 2975 2990 2960] [2785 2855 2840 2835 2765 3015 2960 2925]
[3090 3080 3030 2985 2935 2910 3070 2970] [2840 2910 2760 2795 3030 2965 2955 3040]
[3005 3010 3215 3075 3055 3080 3095 2985] [3085 3180 2790 2900 2980 2895 2845 3095]
[3145 3160 3130 3000 3175 3005 2845 2925] [2980 2830 3030 2940 2845 2975 3160 3125]
[2835 3235 3090 3070 3025 3100 3060 3110] [2725 2920 2930 3045 3090 3035 3005 3050]
[3220 2925 2950 3190 3025 3105 3140 2940] [2765 3135 2970 2910 3060 2885 3080 3195]
[3145 3285 3220 3085 3270 3015 3040 3195] [3020 2990 3065 3095 3065 2885 2900 2995]
COM3 1 17
0
[2925 2750 2800 2895 3025 3020 2930 2990] [2770 2905 2895 2895 2845 2955 2905 3020]
[3125 2930 2870 3035 2930 2975 2990 2960] [2875 2875 2875 2770 2865 2890 2900 2960]
[3090 3080 3030 2985 2935 2910 3070 2970] [2850 2940 2990 2930 3090 2970 2855 2950]
[3005 3010 3215 3075 3055 3080 3095 2985] [2990 3185 2820 2955 2930 3000 2960 2880]
[3145 3160 3130 3000 3175 3005 2845 2925] [2945 2880 3115 2845 2990 2950 2985 2830]
[2835 3235 3090 3070 3025 3100 3060 3110] [2965 2955 2900 3145 3070 2985 3060 2790]
[3220 2925 2950 3190 3025 3105 3140 2940] [2815 3005 3170 2995 2955 3040 3020 2775]
[3145 3285 3220 3085 3270 3015 3040 3195] [2850 2805 3225 3150 2855 2985 2975 2625]
COM7 0 18
0
[3015 3005 3040 2935 2995 3075 3080 3135] [2770 2905 2895 2895 2845 2955 2905 3020]
[3070 3115 2995 3065 3040 3030 3085 3045] [2875 2875 2875 2770 2865 2890 2900 2960]
[2990 2980 3100 2970 3020 3020 3070 3135] [2850 2940 2990 2930 3090 2970 2855 2950]
[3090 3075 3240 2895 3120 3095 3075 2975] [2990 3185 2820 2955 2930 3000 2960 2880]
[2970 3025 2965 3030 3000 3245 3135 3185] [2945 2880 3115 2845 2990 2950 2985 2830]
[3090 3015 3215 3070 3045 3010 3145 2905] [2965 2955 2900 3145 3070 2985 3060 2790]
[3115 3030 3120 3035 2970 3235 3120 2875] [2815 3005 3170 2995 2955 3040 3020 2775]
[3040 3070 2910 3130 2800 2995 3040 3025] [2850 2805 3225 3150 2855 2985 2975 2625]
COM3 1 19
0
[3015 3005 3040 2935 2995 3075 3080 3135] [3265 3210 3305 3325 3200 3170 3095 3165]
[3070 3115 2995 3065 3040 3030 3085 3045] [3275 3300 3285 3150 3140 3245 3185 3110]
[2990 2980 3100 2970 3020 3020 3070 3135] [3240 3305 3350 3170 3275 3135 3070 2925]
[3090 3075 3240 2895 3120 3095 3075 2975] [3265 3105 3445 3265 3180 3280 3050 2630]
[2970 3025 2965 3030 3000 3245 3135 3185] [3370 3245 3155 3115 3075 3075 3080 2765]
[3090 3015 3215 3070 3045 3010 3145 2905] [3200 3165 3155 3395 3245 3280 3100 2615]
[3115 3030 3120 3035 2970 3235 3120 2875] [3340 3435 3380 3200 3450 3125 3090 2690]
[3040 3070 2910 3130 2800 2995 3040 3025] [3465 3425 3210 3370 3020 3195 2985 2695]
COM7 0 20
0
[3040 2800 2985 2890 2935 2835 3015 3125] [3265 3210 3305 3325 3200 3170 3095 3165]
[3040 2930 2920 3065 3010 2960 2890 3145] [3275 3300 3285 3150 3140 3245 3185 3110]
[2870 2965 2920 3005 3005 3060 3110 3130] [3240 3305 3350 3170 3275 3135 3070 2925]
[3190 2840 3080 2895 2980 3025 3005 3170] [3265 3105 3445 3265 3180 3280 3050 2630]
[3225 3210 3145 2945 3015 2900 3055 3030] [3370 3245 3155 3115 3075 3075 3080 2765]
[2950 2870 3055 3030 3080 3225 3310 3055] [3200 3165 3155 3395 3245 3280 3100 2615]
[2950 2965 3055 3170 2875 3010 3025 2975] [3340 3435 3380 3200 3450 3125 3090 2690]
[3340 3055 3215 3180 3200 3225 3305 3320] [3465 3425 3210 3370 3020 3195 2985 2695]
COM3 1 21
0
[3040 2800 2985 2890 2935 2835 3015 3125] [2965 2870 2895 3035 3030 3020 2940 3060]
[3040 2930 2920 3065 3010 2960 2890 3145] [3005 3090 3080 3140 2965 3130 3005 2805]
[2870 2965 2920 3005 3005 3060 3110 3130] [2815 3155 3130 2890 2960 3000 2810 2475]
[3190 2840 3080 2895 2980 3025 3005 3170] [2900 3230 3085 2920 3025 2900 2690 2305]
[3225 3210 3145 2945 3015 2900 3055 3030] [3045 3185 3140 2940 2915 2840 2605 2135]
[2950 2870 3055 3030 3080 3225 3310 3055] [2895 3000 3105 3050 3065 2945 2510 2240]
[2950 2965 3055 3170 2875 3010 3025 2975] [3010 3420 3185 3030 2965 3075 2485 2245]
[3340 3055 3215 3180 3200 3225 3305 3320] [3250 3070 2985 3440 3005 3050 2630 2185]
COM7 0 22
0
[2745 2605 2865 2895 2695 2660 2695 2495] [2965 2870 2895 3035 3030 3020 2940 3060]
[2920 2800 2795 2740 2780 2695 2790 2530] [3005 3090 3080 3140 2965 3130 3005 2805]
[2725 2905 2730 2785 2645 2845 2800 2790] [2815 3155 3130 2890 2960 3000 2810 2475]
[2715 2875 2895 2770 2790 2810 2875 2670] [2900 3230 3085 2920 3025 2900 2690 2305]
[2860 2895 2920 2905 2790 2725 2925 2830] [3045 3185 3140 2940 2915 2840 2605 2135]
[2940 2780 2930 3010 2915 2940 2800 2550] [2895 3000 3105 3050 3065 2945 2510 2240]
[2895 2940 2685 3005 2690 2770 2550 2825] [3010 3420 3185 3030 2965 3075 2485 2245]
[2875 3000 2720 2805 2960 2810 3100 2610] [3250 3070 2985 3440 3005 3050 2630 2185]
COM3 1 23
0
[2745 2605 2865 2895 2695 2660 2695 2495] [3450 3460 3450 3390 3400 3290 3200 3075]
[2920 2800 2795 2740 2780 2695 2790 2530] [3400 3535 3410 3325 3440 3475 3115 2745]
[2725 2905 2730 2785 2645 2845 2800 2790] [3475 3485 3485 3305 3435 3240 2960 2555]
[2715 2875 2895 2770 2790 2810 2875 2670] [3575 3535 3415 3310 3360 3100 2695 2435]
[2860 2895 2920 2905 2790 2725 2925 2830] [3485 3350 3555 3345 3335 3040 2615 2305]
[2940 2780 2930 3010 2915 2940 2800 2550] [3315 3450 3350 3490 3285 2990 2715 2345]
[2895 2940 2685 3005 2690 2770 2550 2825] [3525 3555 3415 3325 3335 3285 2570 2515]
[2875 3000 2720 2805 2960 2810 3100 2610] [3490 3515 3485 3715 3360 3050 2760 2360]
COM7 0 24
0
[2605 2590 2485 2640 2625 2560 2700 2455] [3450 3460 3450 3390 3400 3290 3200 3075]
[2640 2665 2600 2770 2700 2760 2605 2410] [3400 3535 3410 3325 3440 3475 3115 2745]
[2605 2705 2815 2625 2615 2625 2555 2545] [3475 3485 3485 3305 3435 3240 2960 2555]
[2615 2760 2725 2740 2810 2580 2510 2610] [3575 3535 3415 3310 3360 3100 2695 2435]
[2900 2710 2765 2615 2705 2555 2730 2555] [3485 3350 3555 3345 3335 3040 2615 2305]
[2920 2885 3045 2720 2880 2725 2550 2505] [3315 3450 3350 3490 3285 2990 2715 2345]
[2545 2705 2540 2590 2555 2630 2430 2645] [3525 3555 3415 3325 3335 3285 2570 2515]
[2765 2705 2530 2645 2620 2715 2580 2755] [3490 3515 3485 3715 3360 3050 2760 2360]
COM3 1 25
0
[2605 2590 2485 2640 2625 2560 2700 2455] [4005 4045 4145 3915 3875 3410 3045 2655]
[2640 2665 2600 2770 2700 2760 2605 2410] [4110 4035 4100 3885 3590 3595 3010 2615]
[2605 2705 2815 2625 2615 2625 2555 2545] [4055 4040 3775 3885 3790 3275 2795 2375]
[2615 2760 2725 2740 2810 2580 2510 2610] [3910 3885 3935 3825 3590 3350 2815 2360]
[2900 2710 2765 2615 2705 2555 2730 2555] [4060 3940 3865 3570 3530 3290 2760 2380]
[2920 2885 3045 2720 2880 2725 2550 2505] [3880 3820 3745 3810 3525 3230 2640 2325]
[2545 2705 2540 2590 2555 2630 2430 2645] [3945 3870 3775 3740 3670 3380 3000 2425]
[2765 2705 2530 2645 2620 2715 2580 2755] [3840 3830 3630 3955 3625 3510 2750 2470]
COM7 0 26
0
[2525 2485 2555 2745 2595 2565 2550 2495] [4005 4045 4145 3915 3875 3410 3045 2655]
[2680 2665 2625 2745 2565 2620 2460 2470] [4110 4035 4100 3885 3590 3595 3010 2615]
[2490 2635 2610 2615 2610 2600 2550 2510] [4055 4040 3775 3885 3790 3275 2795 2375]
[2690 2680 2620 2640 2640 2605 2475 2480] [3910 3885 3935 3825 3590 3350 2815 2360]
[2650 2885 2595 2665 2640 2605 2535 2405] [4060 3940 3865 3570 3530 3290 2760 2380]
[2620 2610 2720 2670 2540 2555 2490 2665] [3880 3820 3745 3810 3525 3230 2640 2325]
[2905 2670 2475 2615 2525 2610 2460 2395] [3945 3870 3775 3740 3670 3380 3000 2425]
[2980 2750 2600 2600 2540 2575 2505 2690] [3840 3830 3630 3955 3625 3510 2750 2470]
COM3 1 27
0
[2525 2485 2555 2745 2595 2565 2550 2495] [2745 2830 2830 2925 2910 2420 2075 2215]
[2680 2665 2625 2745 2565 2620 2460 2470] [2675 2775 2810 2675 2655 2580 2080 1930]
[2490 2635 2610 2615 2610 2600 2550 2510] [2765 2865 2985 2895 2850 2475 1950 1960]
[2690 2680 2620 2640 2640 2605 2475 2480] [2835 2850 3005 2920 2875 2400 2185 1870]
[2650 2885 2595 2665 2640 2605 2535 2405] [2840 2960 2965 2890 2805 2500 2020 1985]
[2620 2610 2720 2670 2540 2555 2490 2665] [2805 2965 2915 3015 2765 2600 2180 1915]
[2905 2670 2475 2615 2525 2610 2460 2395] [3055 2925 3100 2985 2865 2540 2115 1870]
[2980 2750 2600 2600 2540 2575 2505 2690] [3010 2965 3065 3220 3060 2555 2125 1855]
COM7 0 28
0
[2660 2575 2645 2700 2750 2625 2740 2570] [2745 2830 2830 2925 2910 2420 2075 2215]
[2985 2705 2745 2700 2720 2740 2685 2650] [2675 2775 2810 2675 2655 2580 2080 1930]
[2520 2670 2760 2820 2700 2665 2710 2550] [2765 2865 2985 2895 2850 2475 1950 1960]
[2645 2645 2810 2775 2685 2695 2660 2635] [2835 2850 3005 2920 2875 2400 2185 1870]
[2875 2800 2950 2870 2775 2595 2905 2725] [2840 2960 2965 2890 2805 2500 2020 1985]
[2650 2705 2705 2670 2580 2685 2815 2525] [2805 2965 2915 3015 2765 2600 2180 1915]
[2655 2810 2625 2790 2550 2560 2550 2575] [3055 2925 3100 2985 2865 2540 2115 1870]
[2870 2675 2860 2790 2685 2670 2820 2570] [3010 2965 3065 3220 3060 2555 2125 1855]
COM3 1 29
0
[2660 2575 2645 2700 2750 2625 2740 2570] [3425 3555 3610 3465 3235 2695 2395 2490]
[2985 2705 2745 2700 2720 2740 2685 2650] [3560 3505 3385 3335 3100 2765 2395 2340]
[2520 2670 2760 2820 2700 2665 2710 2550] [3320 3480 3365 3210 3230 2640 2325 2145]
[2645 2645 2810 2775 2685 2695 2660 2635] [3515 3460 3555 3315 3145 2650 2280 2085]
[2875 2800 2950 2870 2775 2595 2905 2725] [3405 3675 3380 3060 3200 2590 2350 2165]
[2650 2705 2705 2670 2580 2685 2815 2525] [3370 3500 3325 3305 3155 2710 2305 2085]
[2655 2810 2625 2790 2550 2560 2550 2575] [3425 3370 3580 3340 3060 2785 2415 2135]
[2870 2675 2860 2790 2685 2670 2820 2570] [3440 3465 3360 3345 3225 2905 2420 1915]
COM7 0 30
0
[2950 2985 2740 2850 2860 2830 3100 2735] [3425 3555 3610 3465 3235 2695 2395 2490]
[2795 2830 2835 2995 2890 2895 2855 2890] [3560 3505 3385 3335 3100 2765 2395 2340]
[2640 2845 2865 2885 2790 2920 2895 2735] [3320 3480 3365 3210 3230 2640 2325 2145]
[2975 2760 2840 2805 2995 2740 2890 2665] [3515 3460 3555 3315 3145 2650 2280 2085]
[3055 2990 2925 2750 3110 2855 2950 2930] [3405 3675 3380 3060 3200 2590 2350 2165]
[2880 2700 2930 2900 2640 2985 3015 2715] [3370 3500 3325 3305 3155 2710 2305 2085]
[2680 2975 2975 3000 2985 2875 2795 2915] [3425 3370 3580 3340 3060 2785 2415 2135]
[2980 2945 3075 3000 2995 2870 2810 2880] [3440 3465 3360 3345 3225 2905 2420 1915]
COM3 1 31
0
[2950 2985 2740 2850 2860 2830 3100 2735] [3250 3270 3405 3240 3045 2605 2380 2345]
[2795 2830 2835 2995 2890 2895 2855 2890] [3320 3310 3325 3045 2975 2815 2315 2180]
[2640 2845 2865 2885 2790 2920 2895 2735] [3230 3265 3385 3235 3110 2550 2185 2215]
[2975 2760 2840 2805 2995 2740 2890 2665] [3285 3315 3375 3175 3075 2495 2235 1895]
[3055 2990 2925 2750 3110 2855 2950 2930] [3315 3395 3215 3165 3045 2575 2215 1920]
[2880 2700 2930 2900 2640 2985 3015 2715] [3165 3275 3190 3195 3015 2595 2190 1965]
[2680 2975 2975 3000 2985 2875 2795 2915] [3095 3400 3320 3165 2720 2520 2060 1915]
[2980 2945 3075 3000 2995 2870 2810 2880] [3480 3415 3165 3305 2870 2390 2105 1655]
COM7 0 32
0
[3015 2900 2950 3040 2925 3000 3105 3045] [3250 3270 3405 3240 3045 2605 2380 2345]
[3055 3175 3075 3065 3015 3100 3130 3200] [3320 3310 3325 3045 2975 2815 2315 2180]
[2935 3175 3190 3060 3100 3100 3075 3185] [3230 3265 3385 3235 3110 2550 2185 2215]
[3175 3125 3270 2945 3220 3195 3195 3190] [3285 3315 3375 3175 3075 2495 2235 1895]
[3205 3195 3130 3080 3185 3105 3235 3360] [3315 3395 3215 3165 3045 2575 2215 1920]
[2870 3025 3195 3115 3010 3195 3215 3240] [3165 3275 3190 3195 3015 2595 2190 1965]
[3340 3140 3215 3190 3100 3015 3200 3060] [3095 3400 3320 3165 2720 2520 2060 1915]
[3145 3175 3120 3140 3120 3075 3235 3365] [3480 3415 3165 3305 2870 2390 2105 1655]
COM3 1 33
0
[3015 2900 2950 3040 2925 3000 3105 3045] [3575 3565 3520 3390 3215 2740 2345 2510]
[3055 3175 3075 3065 3015 3100 3130 3200] [3520 3520 3585 3435 3140 2775 2435 2235]
[2935 3175 3190 3060 3100 3100 3075 3185] [3575 3605 3455 3405 3295 2600 2310 2225]
[3175 3125 3270 2945 3220 3195 3195 3190] [3505 3375 3480 3330 3030 2570 2195 1955]
[3205 3195 3130 3080 3185 3105 3235 3360] [3515 3395 3490 3370 2820 2500 2125 1870]
[2870 3025 3195 3115 3010 3195 3215 3240] [3290 3460 3470 3475 3075 2425 2145 1885]
[3340 3140 3215 3190 3100 3015 3200 3060] [3360 3670 3485 3300 2900 2405 2185 1865]
[3145 3175 3120 3140 3120 3075 3235 3365] [3525 3305 3640 3525 2815 2140 1940 1895]
COM7 0 34
0
[2910 2900 2795 2890 2840 2870 2945 2835] [3575 3565 3520 3390 3215 2740 2345 2510]
[3220 2975 2750 3000 3100 2980 2950 2995] [3520 3520 3585 3435 3140 2775 2435 2235]
[2895 2890 2990 2935 2855 3060 2945 2970] [3575 3605 3455 3405 3295 2600 2310 2225]
[3095 2930 3020 2935 3085 3055 3025 2960] [3505 3375 3480 3330 3030 2570 2195 1955]
[3225 3075 3060 2935 3090 2900 2910 2940] [3515 3395 3490 3370 2820 2500 2125 1870]
[3020 2745 2940 2940 2810 3010 3295 2765] [3290 3460 3470 3475 3075 2425 2145 1885]
[2980 2960 2990 3185 2795 3150 3045 2945] [3360 3670 3485 3300 2900 2405 2185 1865]
[3035 3170 2945 2875 3090 2965 3165 2835] [3525 3305 3640 3525 2815 2140 1940 1895]
COM3 1 35
0
[2910 2900 2795 2890 2840 2870 2945 2835] [3935 3855 3850 3895 3280 2955 2560 2725]
[3220 2975 2750 3000 3100 2980 2950 2995] [3955 3935 3725 3820 3270 2980 2530 2455]
[2895 2890 2990 2935 2855 3060 2945 2970] [4055 3865 3890 3745 3295 2765 2370 2160]
[3095 2930 3020 2935 3085 3055 3025 2960] [3830 3945 3885 3615 3080 2645 2285 2040]
[3225 3075 3060 2935 3090 2900 2910 2940] [3845 3600 3560 3515 3075 2565 2170 2060]
[3020 2745 2940 2940 2810 3010 3295 2765] [3550 3675 3565 3610 3140 2530 2270 2070]
[2980 2960 2990 3185 2795 3150 3045 2945] [3995 3690 3820 3515 2935 2440 2180 2150]
[3035 3170 2945 2875 3090 2965 3165 2835] [3855 3630 3695 3465 2865 2460 2080 2065]
COM7 0 36
0
[2675 2550 2575 2635 2610 2550 2590 2535] [3935 3855 3850 3895 3280 2955 2560 2725]
[2605 2705 2565 2805 2630 2710 2585 2480] [3955 3935 3725 3820 3270 2980 2530 2455]
[2585 2650 2735 2695 2575 2650 2570 2495] [4055 3865 3890 3745 3295 2765 2370 2160]
[2605 2735 2740 2630 2880 2615 2590 2505] [3830 3945 3885 3615 3080 2645 2285 2040]
[2740 2605 2655 2585 2645 2615 2630 2740] [3845 3600 3560 3515 3075 2565 2170 2060]
[2770 2590 2585 2910 2575 2655 2660 2565] [3550 3675 3565 3610 3140 2530 2270 2070]
[2645 2590 2820 2835 2570 2450 2650 2535] [3995 3690 3820 3515 2935 2440 2180 2150]
[2790 2750 2620 2720 2520 2725 2700 2655] [3855 3630 3695 3465 2865 2460 2080 2065]
COM3 1 37
0
[2675 2550 2575 2635 2610 2550 2590 2535] [2990 2880 3040 2910 2710 2140 1755 1965]
[2605 2705 2565 2805 2630 2710 2585 2480] [2940 2950 2965 2935 2500 2085 1640 1610]
[2585 2650 2735 2695 2575 2650 2570 2495] [3015 2965 2955 2725 2520 2045 1570 1470]
[2605 2735 2740 2630 2880 2615 2590 2505] [2945 3025 2945 2730 2340 1875 1620 1535]
[2740 2605 2655 2585 2645 2615 2630 2740] [3000 3020 3135 2655 2135 1570 1585 1785]
[2770 2590 2585 2910 2575 2655 2660 2565] [3105 3165 2870 2825 2030 1675 1680 2020]
[2645 2590 2820 2835 2570 2450 2650 2535] [3150 3215 2890 2505 1775 1495 1580 2040]
[2790 2750 2620 2720 2520 2725 2700 2655] [3140 3055 2885 2470 1980 1540 1580 1870]
COM7 0 38
0
[3140 3115 3075 3175 3110 3175 3235 3430] [2990 2880 3040 2910 2710 2140 1755 1965]
[3305 3275 3285 3340 3190 3270 3260 3425] [2940 2950 2965 2935 2500 2085 1640 1610]
[3145 3295 3190 3195 3205 3215 3185 3395] [3015 2965 2955 2725 2520 2045 1570 1470]
[3190 3230 3255 3090 3315 3280 3465 3310] [2945 3025 2945 2730 2340 1875 1620 1535]
[3325 3325 3400 3235 3420 3310 3265 3570] [3000 3020 3135 2655 2135 1570 1585 1785]
[3260 3365 3525 3320 3255 3335 3400 3420] [3105 3165 2870 2825 2030 1675 1680 2020]
[3165 3420 3345 3480 3350 3415 3335 3350] [3150 3215 2890 2505 1775 1495 1580 2040]
[3565 3170 3205 3385 3205 3465 3510 3385] [3140 3055 2885 2470 1980 1540 1580 1870]
COM3 1 39
0
[3140 3115 3075 3175 3110 3175 3235 3430] [2705 2660 2625 2675 2465 2095 1655 1760]
[3305 3275 3285 3340 3190 3270 3260 3425] [2705 2765 2650 2560 2275 1900 1580 1580]
[3145 3295 3190 3195 3205 3215 3185 3395] [2795 2625 2585 2305 2140 1655 1540 1640]
[3190 3230 3255 3090 3315 3280 3465 3310] [2870 2960 2585 2150 1795 1645 1680 1755]
[3325 3325 3400 3235 3420 3310 3265 3570] [3075 2945 2555 1875 1765 1625 1760 2230]
[3260 3365 3525 3320 3255 3335 3400 3420] [2855 2775 2340 2020 1630 1605 1940 2405]
[3165 3420 3345 3480 3350 3415 3335 3350] [2925 2905 2440 2010 1605 1670 1830 2345]
[3565 3170 3205 3385 3205 3465 3510 3385] [2785 2820 2455 1955 1665 1495 1960 2230]
COM7 0 40
0
[2990 3075 3045 3070 2985 3055 3205 3080] [2705 2660 2625 2675 2465 2095 1655 1760]
[3245 3260 2965 3000 3125 3210 3230 3175] [2705 2765 2650 2560 2275 1900 1580 1580]
[2915 2975 3180 2945 2935 3115 3110 3425] [2795 2625 2585 2305 2140 1655 1540 1640]
[3165 3145 3195 3030 3205 3185 3235 3140] [2870 2960 2585 2150 1795 1645 1680 1755]
[3140 3225 3195 3125 3200 3240 3400 3310] [3075 2945 2555 1875 1765 1625 1760 2230]
[3085 3085 3370 3315 3110 3210 3130 3240] [2855 2775 2340 2020 1630 1605 1940 2405]
[3250 3135 3055 3185 3130 3305 3120 3275] [2925 2905 2440 2010 1605 1670 1830 2345]
[3090 3020 3215 3140 3120 3325 3475 3335] [2785 2820 2455 1955 1665 1495 1960 2230]
COM3 1 41
0
[2990 3075 3045 3070 2985 3055 3205 3080] [2765 2795 2725 2685 2355 1765 1640 1650]
[3245 3260 2965 3000 3125 3210 3230 3175] [2915 2675 2855 2335 1855 1735 1455 1625]
[2915 2975 3180 2945 2935 3115 3110 3425] [2810 2705 2260 1910 1760 1535 1595 1800]
[3165 3145 3195 3030 3205 3185 3235 3140] [2880 2740 2050 1780 1440 1445 1700 2075]
[3140 3225 3195 3125 3200 3240 3400 3310] [2655 2250 1965 1485 1430 1560 1855 2315]
[3085 3085 3370 3315 3110 3210 3130 3240] [2660 2100 1690 1525 1470 1660 1980 2525]
[3250 3135 3055 3185 3130 3305 3120 3275] [3055 2430 1820 1440 1425 1640 2005 2655]
[3090 3020 3215 3140 3120 3325 3475 3335] [2835 2450 1825 1505 1465 1690 2095 2390]
COM7 0 42
0
[2715 2985 2835 2790 2840 2765 3035 2915] [2765 2795 2725 2685 2355 1765 1640 1650]
[2985 3025 2960 2980 2925 2970 2885 2730] [2915 2675 2855 2335 1855 1735 1455 1625]
[2920 2975 2915 2790 2935 2940 2920 2970] [2810 2705 2260 1910 1760 1535 1595 1800]
[2765 2855 3005 2930 3050 2855 2875 2940] [2880 2740 2050 1780 1440 1445 1700 2075]
[3170 2775 3095 2885 2995 2650 3020 2990] [2655 2250 1965 1485 1430 1560 1855 2315]
[3020 3170 2880 2805 2825 3105 3000 2800] [2660 2100 1690 1525 1470 1660 1980 2525]
[3055 3080 2860 2935 2970 3120 3070 3015] [3055 2430 1820 1440 1425 1640 2005 2655]
[3070 2850 2960 3150 3195 2990 3075 2995] [2835 2450 1825 1505 1465 1690 2095 2390]
COM3 1 43
0
[2715 2985 2835 2790 2840 2765 3035 2915] [3410 3480 3245 2875 2350 2075 2100 2530]
[2985 3025 2960 2980 2925 2970 2885 2730] [3435 3325 3055 2460 2120 1900 2135 2345]
[2920 2975 2915 2790 2935 2940 2920 2970] [3405 3010 2650 2180 2000 1725 2100 2440]
[2765 2855 3005 2930 3050 2855 2875 2940] [3320 3010 2425 2000 1800 1775 2060 2420]
[3170 2775 3095 2885 2995 2650 3020 2990] [3065 2635 2275 1770 1835 1905 2270 2665]
[3020 3170 2880 2805 2825 3105 3000 2800] [2985 2500 2040 1985 1885 1980 2325 2660]
[3055 3080 2860 2935 2970 3120 3070 3015] [3270 2570 2110 1865 1880 1905 2335 2945]
[3070 2850 2960 3150 3195 2990 3075 2995] [3085 2600 2135 2010 1915 1885 2455 2690]
COM7 0 44
0
[2720 2755 2800 2900 2870 2750 2830 2650] [3410 3480 3245 2875 2350 2075 2100 2530]
[2890 2785 2745 2790 2870 2680 2685 2710] [3435 3325 3055 2460 2120 1900 2135 2345]
[2730 2735 2805 2765 2765 2860 2815 2900] [3405 3010 2650 2180 2000 1725 2100 2440]
[2780 2770 2860 2775 2805 2725 2835 2885] [3320 3010 2425 2000 1800 1775 2060 2420]
[3050 2900 2900 2850 2890 2680 2940 2765] [3065 2635 2275 1770 1835 1905 2270 2665]
[3075 2755 2975 2950 2685 2695 2955 2710] [2985 2500 2040 1985 1885 1980 2325 2660]
[2985 2880 3010 2930 2825 2810 2870 2755] [3270 2570 2110 1865 1880 1905 2335 2945]
[3040 2940 2970 2825 2855 3050 3015 2955] [3085 2600 2135 2010 1915 1885 2455 2690]
COM3 1 45
0
[2720 2755 2800 2900 2870 2750 2830 2650] [2755 2525 2065 1780 1705 1760 1945 2425]
[2890 2785 2745 2790 2870 2680 2685 2710] [2700 2390 1965 1770 1700 1840 2055 2395]
[2730 2735 2805 2765 2765 2860 2815 2900] [2685 2175 1900 1620 1670 1715 1955 2495]
[2780 2770 2860 2775 2805 2725 2835 2885] [2475 2135 1755 1685 1670 1725 2140 2465]
[3050 2900 2900 2850 2890 2680 2940 2765] [2440 2055 1850 1585 1740 1855 2160 2575]
[3075 2755 2975 2950 2685 2695 2955 2710] [2290 2060 1700 1820 1770 1805 2250 2735]
[2985 2880 3010 2930 2825 2810 2870 2755] [2435 2050 1820 1645 1725 1805 2130 2790]
[3040 2940 2970 2825 2855 3050 3015 2955] [2515 1975 1815 1680 1610 1795 2395 2680]
COM7 0 46
0
[2695 2575 2630 2640 2615 2535 2595 2570] [2755 2525 2065 1780 1705 1760 1945 2425]
[2590 2610 2685 2705 2605 2700 2700 2540] [2700 2390 1965 1770 1700 1840 2055 2395]
[2605 2670 2670 2680 2580 2695 2690 2685] [2685 2175 1900 1620 1670 1715 1955 2495]
[2540 2595 2530 2640 2565 2660 2625 2650] [2475 2135 1755 1685 1670 1725 2140 2465]
[2630 2475 2635 2500 2635 2540 2700 2735] [2440 2055 1850 1585 1740 1855 2160 2575]
[2540 2735 2610 2875 2695 2585 2825 2940] [2290 2060 1700 1820 1770 1805 2250 2735]
[2880 2560 2735 2615 2605 2910 2800 2735] [2435 2050 1820 1645 1725 1805 2130 2790]
[2685 2650 2415 2725 2605 2620 2855 2765] [2515 1975 1815 1680 1610 1795 2395 2680]
COM3 1 47
0
[2695 2575 2630 2640 2615 2535 2595 2570] [3590 2890 2445 2305 2380 2560 2590 2725]
[2590 2610 2685 2705 2605 2700 2700 2540] [3595 2755 2200 2160 2270 2530 2585 2620]
[2605 2670 2670 2680 2580 2695 2690 2685] [3385 2835 2255 2100 2350 2175 2405 2745]
[2540 2595 2530 2640 2565 2660 2625 2650] [3375 2760 2345 2130 2080 2210 2445 2770]
[2630 2475 2635 2500 2635 2540 2700 2735] [3260 2825 2185 1875 1985 2225 2550 2940]
[2540 2735 2610 2875 2695 2585 2825 2940] [3090 2560 2145 2105 1945 2060 2490 2880]
[2880 2560 2735 2615 2605 2910 2800 2735] [3320 2715 2330 2045 1915 2240 2515 3005]
[2685 2650 2415 2725 2605 2620 2855 2765] [3555 2775 2290 2140 2050 2205 2580 3080]
COM7 0 48
0
[2870 2695 2960 2945 2925 2945 2920 2765] [3590 2890 2445 2305 2380 2560 2590 2725]
[3110 3100 2870 3090 2890 2975 2915 2890] [3595 2755 2200 2160 2270 2530 2585 2620]
[2990 3045 3060 3075 2895 2870 2905 2925] [3385 2835 2255 2100 2350 2175 2405 2745]
[3045 3070 3180 2935 3050 3020 3035 2700] [3375 2760 2345 2130 2080 2210 2445 2770]
[3105 2985 3060 3025 2965 2925 3175 3090] [3260 2825 2185 1875 1985 2225 2550 2940]
[2970 3015 3075 2985 3020 3025 3370 2915] [3090 2560 2145 2105 1945 2060 2490 2880]
[2885 2865 2915 3145 2965 2925 2970 3020] [3320 2715 2330 2045 1915 2240 2515 3005]
[3115 3100 2905 3060 3265 3010 3080 3195] [3555 2775 2290 2140 2050 2205 2580 3080]
COM3 1 49
0
[2870 2695 2960 2945 2925 2945 2920 2765] [2465 2175 2010 2275 2475 2420 2445 2715]
[3110 3100 2870 3090 2890 2975 2915 2890] [2535 2170 2000 2140 2280 2335 2290 2585]
[2990 3045 3060 3075 2895 2870 2905 2925] [2725 2205 2000 1900 2200 2220 2360 2730]
[3045 3070 3180 2935 3050 3020 3035 2700] [2655 2375 1855 1905 1940 1975 2345 2725]
[3105 2985 3060 3025 2965 2925 3175 3090] [2895 2210 1835 1670 1845 2150 2540 2870]
[2970 3015 3075 2985 3020 3025 3370 2915] [2765 2290 2000 1980 2005 2195 2585 2765]
[2885 2865 2915 3145 2965 2925 2970 3020] [2815 2345 1995 1835 1825 2295 2635 3300]
[3115 3100 2905 3060 3265 3010 3080 3195] [2940 2385 1900 1940 1905 2175 2595 2945]
COM7 0 50
0
[2915 3050 2860 2975 2975 2910 2965 2920] [2465 2175 2010 2275 2475 2420 2445 2715]
[3040 3070 2870 2960 2930 2960 2935 2920] [2535 2170 2000 2140 2280 2335 2290 2585]
[2865 2945 3090 2945 3015 2920 3120 2970] [2725 2205 2000 1900 2200 2220 2360 2730]
[3205 3045 3120 3005 3155 2765 2910 2900] [2655 2375 1855 1905 1940 1975 2345 2725]
[3085 2995 3240 2955 3075 3080 2960 3120] [2895 2210 1835 1670 1845 2150 2540 2870]
[3115 3145 3125 3100 3090 3055 3190 2955] [2765 2290 2000 1980 2005 2195 2585 2765]
[3125 3110 2910 3185 3075 3010 2780 3080] [2815 2345 1995 1835 1825 2295 2635 3300]
[3450 2800 3080 3055 3080 2915 2965 2940] [2940 2385 1900 1940 1905 2175 2595 2945]
COM3 1 51
0
[2915 3050 2860 2975 2975 2910 2965 2920] [1945 1715 1805 1960 2270 2080 2125 2645]
[3040 3070 2870 2960 2930 2960 2935 2920] [1965 1820 1740 1930 1980 2185 2225 2640]
[2865 2945 3090 2945 3015 2920 3120 2970] [2035 1765 1630 1750 2150 1935 2275 2585]
[3205 3045 3120 3005 3155 2765 2910 2900] [2145 1635 1635 1780 1780 2005 2390 2745]
[3085 2995 3240 2955 3075 3080 2960 3120] [2080 1755 1705 1555 1825 2035 2495 2860]
[3115 3145 3125 3100 3090 3055 3190 2955] [2025 1705 1570 1800 1820 2125 2610 3020]
[3125 3110 2910 3185 3075 3010 2780 3080] [2200 1735 1735 1695 1735 2205 2580 3130]
[3450 2800 3080 3055 3080 2915 2965 2940] [2260 1760 1595 1760 1920 2150 2855 3210]
COM7 0 52
0
[3070 2840 2860 2940 2855 2995 3055 3025] [1945 1715 1805 1960 2270 2080 2125 2645]
[3015 3050 2835 2955 3005 2960 2875 2970] [1965 1820 1740 1930 1980 2185 2225 2640]
[2840 3060 3005 2900 2950 2955 3020 2880] [2035 1765 1630 1750 2150 1935 2275 2585]
[3115 3035 3145 3190 3090 3020 3010 2875] [2145 1635 1635 1780 1780 2005 2390 2745]
[3115 3170 3090 2940 3175 3045 3175 2890] [2080 1755 1705 1555 1825 2035 2495 2860]
[3090 3015 3015 3210 2910 2845 2820 2900] [2025 1705 1570 1800 1820 2125 2610 3020]
[3240 3120 3155 2925 2965 3080 2880 2920] [2200 1735 1735 1695 1735 2205 2580 3130]
[3050 2830 3185 3130 3095 3130 3150 3075] [2260 1760 1595 1760 1920 2150 2855 3210]
COM3 1 53
0
[3070 2840 2860 2940 2855 2995 3055 3025] [1905 1830 1920 2095 2330 2190 2405 2830]
[3015 3050 2835 2955 3005 2960 2875 2970] [1800 1615 1685 2030 2095 2185 2480 2825]
[2840 3060 3005 2900 2950 2955 3020 2880] [1935 1690 1680 1740 2110 2230 2505 2905]
[3115 3035 3145 3190 3090 3020 3010 2875] [1800 1590 1670 1835 1950 2215 2630 2935]
[3115 3170 3090 2940 3175 3045 3175 2890] [1925 1755 1795 1625 1920 2275 2785 3065]
[3090 3015 3015 3210 2910 2845 2820 2900] [1940 1680 1740 1800 1925 2370 2790 3290]
[3240 3120 3155 2925 2965 3080 2880 2920] [1960 1680 1790 1845 2060 2405 2985 3065]
[3050 2830 3185 3130 3095 3130 3150 3075] [1920 1605 1760 1745 2210 2470 3090 3365]
COM7 0 54
0
[3045 3140 3085 3070 3000 2940 3135 3015] [1905 1830 1920 2095 2330 2190 2405 2830]
[3100 3255 2795 3000 2930 3040 3000 3070] [1800 1615 1685 2030 2095 2185 2480 2825]
[3085 3185 3195 2975 2845 3025 3015 3105] [1935 1690 1680 1740 2110 2230 2505 2905]
[2990 3180 3245 3140 3090 2955 3095 3025] [1800 1590 1670 1835 1950 2215 2630 2935]
[3165 3200 3105 3125 3135 3005 3095 3145] [1925 1755 1795 1625 1920 2275 2785 3065]
[3150 3315 3390 3285 3050 3145 3090 2990] [1940 1680 1740 1800 1925 2370 2790 3290]
[3275 3135 3460 3120 3090 3105 3085 3035] [1960 1680 1790 1845 2060 2405 2985 3065]
[3195 3410 3360 3360 3020 3180 3390 2910] [1920 1605 1760 1745 2210 2470 3090 3365]
COM3 1 55
0
[3045 3140 3085 3070 3000 2940 3135 3015] [1425 1315 1575 1690 1955 2030 2420 2880]
[3100 3255 2795 3000 2930 3040 3000 3070] [1310 1295 1550 1635 1675 2120 2510 2875]
[3085 3185 3195 2975 2845 3025 3015 3105] [1375 1285 1440 1625 1885 1985 2590 2910]
[2990 3180 3245 3140 3090 2955 3095 3025] [1285 1145 1490 1665 1805 2280 2675 2855]
[3165 3200 3105 3125 3135 3005 3095 3145] [1335 1380 1470 1670 2010 2325 3015 3080]
[3150 3315 3390 3285 3050 3145 3090 2990] [1325 1400 1410 1850 2155 2595 3015 3265]
[3275 3135 3460 3120 3090 3105 3085 3035] [1300 1350 1555 1725 2165 2860 2985 3135]
[3195 3410 3360 3360 3020 3180 3390 2910] [1410 1255 1590 1800 2460 2735 2900 2920]
COM7 0 56
0
[3270 3065 3220 3245 3045 3020 3100 3235] [1425 1315 1575 1690 1955 2030 2420 2880]
[3315 3405 3150 3250 3125 3090 3115 3195] [1310 1295 1550 1635 1675 2120 2510 2875]
[3175 3410 3120 3145 2980 2955 2965 3225] [1375 1285 1440 1625 1885 1985 2590 2910]
[3215 3185 3475 3270 3180 3130 2965 3190] [1285 1145 1490 1665 1805 2280 2675 2855]
[3225 3225 3285 3265 3110 3035 3245 3105] [1335 1380 1470 1670 2010 2325 3015 3080]
[3190 3405 3500 3290 3065 3105 3135 3105] [1325 1400 1410 1850 2155 2595 3015 3265]
[3195 3350 3215 3295 3245 3155 3090 2890] [1300 1350 1555 1725 2165 2860 2985 3135]
[3355 3335 3285 3245 3125 3145 3125 2930] [1410 1255 1590 1800 2460 2735 2900 2920]
COM3 1 57
0
[3270 3065 3220 3245 3045 3020 3100 3235] [2535 2370 2405 2475 2465 2670 2760 3115]
[3315 3405 3150 3250 3125 3090 3115 3195] [2450 2210 2120 2265 2410 2620 2955 3190]
[3175 3410 3120 3145 2980 2955 2965 3225] [2420 2035 2120 2215 2495 2710 3005 3095]
[3215 3185 3475 3270 3180 3130 2965 3190] [2300 2205 2175 2285 2480 2995 3055 3140]
[3225 3225 3285 3265 3110 3035 3245 3105] [2305 2210 2050 2255 2590 2975 3230 3100]
[3190 3405 3500 3290 3065 3105 3135 3105] [1985 1995 2060 2455 2690 3055 3255 3325]
[3195 3350 3215 3295 3245 3155 3090 2890] [2125 2145 2240 2425 2685 3070 3260 3480]
[3355 3335 3285 3245 3125 3145 3125 2930] [2210 2105 2215 2530 2815 3105 3275 3340]
COM7 0 58
0
[2850 2995 2765 2840 2875 2815 2980 2970] [2535 2370 2405 2475 2465 2670 2760 3115]
[3100 3050 2975 3000 2930 2905 2940 2950] [2450 2210 2120 2265 2410 2620 2955 3190]
[2875 3025 2900 2905 2850 2965 2855 2865] [2420 2035 2120 2215 2495 2710 3005 3095]
[3100 3005 3145 2890 3095 2985 2950 2980] [2300 2205 2175 2285 2480 2995 3055 3140]
[3175 3050 3060 2975 3120 3000 3005 2905] [2305 2210 2050 2255 2590 2975 3230 3100]
[2670 2800 3210 3145 3010 2975 2950 2850] [1985 1995 2060 2455 2690 3055 3255 3325]
[3070 3000 3085 3100 2990 2960 3070 3025] [2125 2145 2240 2425 2685 3070 3260 3480]
[3125 3160 2975 2980 2995 2735 3020 2760] [2210 2105 2215 2530 2815 3105 3275 3340]
COM3 1 59
0
[2850 2995 2765 2840 2875 2815 2980 2970] [1780 1505 1780 1860 2415 2425 2765 3080]
[3100 3050 2975 3000 2930 2905 2940 2950] [1630 1575 1735 1875 2140 2690 2920 3055]
[2875 3025 2900 2905 2850 2965 2855 2865] [1670 1490 1760 1985 2470 2705 3050 3030]
[3100 3005 3145 2890 3095 2985 2950 2980] [1545 1535 1785 2270 2380 2995 3170 2995]
[3175 3050 3060 2975 3120 3000 3005 2905] [1465 1625 1940 2300 2745 2990 3215 3145]
[2670 2800 3210 3145 3010 2975 2950 2850] [1405 1625 2005 2500 3020 3110 3295 3305]
[3070 3000 3085 3100 2990 2960 3070 3025] [1490 1650 2030 2590 2970 3015 3210 3335]
[3125 3160 2975 2980 2995 2735 3020 2760] [1520 1605 2150 2640 3055 3130 3205 3085]
COM7 0 60
0
[3035 2840 2835 2965 2805 2830 2940 2765] [1780 1505 1780 1860 2415 2425 2765 3080]
[2990 2850 2795 2985 2870 2975 2855 2935] [1630 1575 1735 1875 2140 2690 2920 3055]
[2855 3000 3045 2920 2775 2955 2955 3025] [1670 1490 1760 1985 2470 2705 3050 3030]
[3055 3040 3005 3030 3045 2950 2945 3005] [1545 1535 1785 2270 2380 2995 3170 2995]
[2915 3000 2910 2970 3105 3000 3150 3150] [1465 1625 1940 2300 2745 2990 3215 3145]
[2620 3025 3025 2970 2900 3175 3020 2915] [1405 1625 2005 2500 3020 3110 3295 3305]
[2840 2895 3015 2995 2770 3110 2795 2850] [1490 1650 2030 2590 2970 3015 3210 3335]
[3015 3100 3080 2980 2890 2775 3090 2725] [1520 1605 2150 2640 3055 3130 3205 3085]
COM3 1 61
0
[3035 2840 2835 2965 2805 2830 2940 2765] [2185 2065 2035 2255 2555 2720 2965 3220]
[2990 2850 2795 2985 2870 2975 2855 2935] [2105 1955 2035 2230 2450 3030 3050 3160]
[2855 3000 3045 2920 2775 2955 2955 3025] [2075 1885 2140 2415 2855 3100 3055 3145]
[3055 3040 3005 3030 3045 2950 2945 3005] [2085 2055 2435 2565 3060 3070 3055 3220]
[2915 3000 2910 2970 3105 3000 3150 3150] [2115 2305 2455 2855 2950 2940 3080 3055]
[2620 3025 3025 2970 2900 3175 3020 2915] [1985 2235 2415 2985 3070 3135 3135 2995]
[2840 2895 3015 2995 2770 3110 2795 2850] [2070 2330 2680 3105 3280 3140 3175 3295]
[3015 3100 3080 2980 2890 2775 3090 2725] [1960 2215 2545 3255 3225 3105 3025 3280]
COM7 0 62
0
[2610 2890 3045 2685 2950 2915 2965 2960] [2185 2065 2035 2255 2555 2720 2965 3220]
[3190 3020 2665 2800 2930 2960 3055 3070] [2105 1955 2035 2230 2450 3030 3050 3160]
[2895 2620 2735 2985 2935 2825 2905 2865] [2075 1885 2140 2415 2855 3100 3055 3145]
[2835 3040 3090 3045 3010 3040 3090 2540] [2085 2055 2435 2565 3060 3070 3055 3220]
[3220 2825 2975 2770 3015 2880 2995 2700] [2115 2305 2455 2855 2950 2940 3080 3055]
[3020 2875 3245 2985 2855 2895 2740 2295] [1985 2235 2415 2985 3070 3135 3135 2995]
[3000 3015 2745 2945 2665 2970 2630 2325] [2070 2330 2680 3105 3280 3140 3175 3295]
[3210 3035 3085 2845 2920 2895 2725 2315] [1960 2215 2545 3255 3225 3105 3025 3280]
COM3 1 63
0
[2610 2890 3045 2685 2950 2915 2965 2960] [2095 1735 1980 2375 2780 3160 3140 3190]
[3190 3020 2665 2800 2930 2960 3055 3070] [1940 1875 2235 2515 2900 3315 3150 3080]
[2895 2620 2735 2985 2935 2825 2905 2865] [1860 1955 2390 2835 3090 3010 3310 3160]
[2835 3040 3090 3045 3010 3040 3090 2540] [1875 2100 2440 3020 3170 3175 3160 3190]
[3220 2825 2975 2770 3015 2880 2995 2700] [1760 2220 2625 2950 3140 3305 3155 3240]
[3020 2875 3245 2985 2855 2895 2740 2295] [1785 2175 2635 3130 3085 3230 3245 3270]
[3000 3015 2745 2945 2665 2970 2630 2325] [1820 2415 2735 3090 3190 3475 3175 3460]
[3210 3035 3085 2845 2920 2895 2725 2315] [1935 2135 2790 3215 3255 3335 3195 3500]
COM7 0 64
0
[2800 2605 2650 2655 2775 2880 2925 2745] [2095 1735 1980 2375 2780 3160 3140 3190]
[3050 2715 2580 2955 2745 2845 2920 2605] [1940 1875 2235 2515 2900 3315 3150 3080]
[2730 2555 2790 2910 2815 2910 2665 2585] [1860 1955 2390 2835 3090 3010 3310 3160]
[2835 2690 2785 2840 2900 2835 2670 2195] [1875 2100 2440 3020 3170 3175 3160 3190]
[2960 2585 2945 2885 3035 2830 2415 2025] [1760 2220 2625 2950 3140 3305 3155 3240]
[2725 2905 2865 2950 2705 2740 2355 1775] [1785 2175 2635 3130 3085 3230 3245 3270]
[2710 3065 2670 2940 2865 2785 2195 1715] [1820 2415 2735 3090 3190 3475 3175 3460]
[3040 2950 2915 2760 3065 2610 2460 1900] [1935 2135 2790 3215 3255 3335 3195 3500]
COM3 1 65
0
[2800 2605 2650 2655 2775 2880 2925 2745] [1930 1980 2285 2550 2950 3015 3100 3120]
[3050 2715 2580 2955 2745 2845 2920 2605] [1845 2020 2325 2775 3050 3095 3075 3060]
[2730 2555 2790 2910 2815 2910 2665 2585] [1955 1930 2430 2870 3140 3015 3115 2940]
[2835 2690 2785 2840 2900 2835 2670 2195] [1905 2270 2680 2885 3135 3000 3105 3120]
[2960 2585 2945 2885 3035 2830 2415 2025] [1940 2255 2665 2960 3040 3210 3090 3105]
[2725 2905 2865 2950 2705 2740 2355 1775] [1855 2210 2615 3180 3045 3305 3290 3195]
[2710 3065 2670 2940 2865 2785 2195 1715] [1955 2415 2785 3245 3175 3075 3150 3225]
[3040 2950 2915 2760 3065 2610 2460 1900] [1980 2170 2700 3255 3265 3045 3170 3055]