COM3 1 6
0
[2585 2770 2845 2755 2865 2960 2695 2875] [3050 3035 3145 2850 3025 3035 2990 3130]
[2925 2870 2895 2885 2905 2885 2890 2815] [3150 3115 3105 2930 3075 3040 3105 3005]
[2995 3050 2935 2760 2950 2935 2860 2980] [3065 3150 3070 2980 3105 3095 3095 3070]
[2835 2890 2900 3025 3005 2920 2825 3000] [3050 3045 3085 3055 3095 3050 3070 3070]
[3055 2985 3215 2975 2995 2925 2960 3040] [3220 2935 3125 3110 3155 2950 3200 3130]
[2800 3050 3325 2990 2865 2995 3070 2985] [3015 3180 3225 3170 2990 3045 3170 2990]
[3115 3120 3020 2940 2940 2990 2545 2835] [3245 3275 3100 3235 3205 3000 3170 3305]
[3120 2915 3095 2885 2940 3130 3300 3375] [3240 3090 3075 3285 3185 3125 3125 3305]
COM7 0 7
0
[2870 2975 2840 2935 2850 2965 2940 3140] [3050 3035 3145 2850 3025 3035 2990 3130]
[3235 3115 3045 3160 3050 3040 3075 3150] [3150 3115 3105 2930 3075 3040 3105 3005]
[3020 2990 2920 3105 3080 2945 3000 3285] [3065 3150 3070 2980 3105 3095 3095 3070]
[2870 2990 3185 2925 3080 3110 3060 3000] [3050 3045 3085 3055 3095 3050 3070 3070]
[2975 2990 3195 3150 3015 3080 2995 3320] [3220 2935 3125 3110 3155 2950 3200 3130]
[3025 2950 3175 2975 2940 3170 3150 2980] [3015 3180 3225 3170 2990 3045 3170 2990]
[3135 3155 3025 3150 3155 3205 3270 3100] [3245 3275 3100 3235 3205 3000 3170 3305]
[3185 3205 3075 2995 2975 3085 3145 2935] [3240 3090 3075 3285 3185 3125 3125 3305]
COM3 1 8
0
[2870 2975 2840 2935 2850 2965 2940 3140] [2780 2915 2915 2825 3005 2945 2805 2960]
[3235 3115 3045 3160 3050 3040 3075 3150] [2890 2745 2870 2855 2760 3040 2955 2840]
[3020 2990 2920 3105 3080 2945 3000 3285] [2970 2820 2960 2800 2990 2890 2980 2935]
[2870 2990 3185 2925 3080 3110 3060 3000] [2890 2940 2920 2945 2970 2830 3045 2900]
[2975 2990 3195 3150 3015 3080 2995 3320] [2890 3005 3010 2885 2890 2925 3100 3060]
[3025 2950 3175 2975 2940 3170 3150 2980] [2915 2835 2935 3055 2945 3070 2950 2965]
[3135 3155 3025 3150 3155 3205 3270 3100] [2920 2990 2925 3005 3000 2910 2930 3145]
[3185 3205 3075 2995 2975 3085 3145 2935] [2875 3085 3055 3175 2900 3175 3105 3105]
COM7 0 9
0
[2970 2880 2620 2805 2750 2755 2910 2910] [2780 2915 2915 2825 3005 2945 2805 2960]
[2755 2750 2805 2760 2735 2835 2615 2915] [2890 2745 2870 2855 2760 3040 2955 2840]
[2865 2645 2700 2815 2730 2800 2770 2725] [2970 2820 2960 2800 2990 2890 2980 2935]
[2705 2995 2980 2710 2830 2805 2645 2800] [2890 2940 2920 2945 2970 2830 3045 2900]
[2845 2900 2920 2715 2900 2750 2745 2800] [2890 3005 3010 2885 2890 2925 3100 3060]
[2775 2805 2805 2975 2735 2795 2825 2735] [2915 2835 2935 3055 2945 3070 2950 2965]
[2885 3070 2810 2805 3020 2705 2985 2970] [2920 2990 2925 3005 3000 2910 2930 3145]
[2880 2800 2975 2660 3125 2840 3050 2795] [2875 3085 3055 3175 2900 3175 3105 3105]
COM3 1 10
0
[2970 2880 2620 2805 2750 2755 2910 2910] [3645 3635 3505 3475 3480 3375 3440 3290]
[2755 2750 2805 2760 2735 2835 2615 2915] [3475 3590 3425 3505 3450 3405 3205 3185]
[2865 2645 2700 2815 2730 2800 2770 2725] [3600 3520 3465 3395 3475 3280 3255 3280]
[2705 2995 2980 2710 2830 2805 2645 2800] [3640 3335 3660 3405 3315 3275 3440 3175]
[2845 2900 2920 2715 2900 2750 2745 2800] [3595 3650 3575 3455 3460 3320 3380 3315]
[2775 2805 2805 2975 2735 2795 2825 2735] [3470 3395 3415 3470 3325 3335 3410 3420]
[2885 3070 2810 2805 3020 2705 2985 2970] [3500 3660 3700 3350 3525 3495 3360 3420]
[2880 2800 2975 2660 3125 2840 3050 2795] [3530 3615 3480 3700 3405 3440 3345 3550]
COM7 0 11
0
[2905 2995 2945 2995 2950 2925 2980 3145] [3645 3635 3505 3475 3480 3375 3440 3290]
[3070 3025 2840 3075 2990 2980 3010 2900] [3475 3590 3425 3505 3450 3405 3205 3185]
[2935 2990 3005 3040 3035 2920 2945 3200] [3600 3520 3465 3395 3475 3280 3255 3280]
[3190 2865 3160 2955 3090 3125 3105 2920] [3640 3335 3660 3405 3315 3275 3440 3175]
[3120 3060 3145 3070 3180 3080 3130 3060] [3595 3650 3575 3455 3460 3320 3380 3315]
[2915 3315 3055 3215 3075 3070 3160 3140] [3470 3395 3415 3470 3325 3335 3410 3420]
[3195 3145 2890 3025 3070 3145 3000 2965] [3500 3660 3700 3350 3525 3495 3360 3420]
[3055 2920 3495 2990 3115 3095 3025 2930] [3530 3615 3480 3700 3405 3440 3345 3550]
COM3 1 12
0
[2905 2995 2945 2995 2950 2925 2980 3145] [3405 3225 3300 3365 3420 3095 3230 3195]
[3070 3025 2840 3075 2990 2980 3010 2900] [3255 3375 3335 3115 3370 3405 3145 3080]
[2935 2990 3005 3040 3035 2920 2945 3200] [3170 3265 3375 3195 3365 3025 3220 3180]
[3190 2865 3160 2955 3090 3125 3105 2920] [3405 3215 3310 3110 3200 3210 3205 3205]
[3120 3060 3145 3070 3180 3080 3130 3060] [3310 3210 3445 3080 3320 3325 3195 3320]
[2915 3315 3055 3215 3075 3070 3160 3140] [3020 3295 3290 3400 3250 3385 3300 3280]
[3195 3145 2890 3025 3070 3145 3000 2965] [3410 3395 3345 3275 3240 3245 3085 3420]
[3055 2920 3495 2990 3115 3095 3025 2930] [3520 3330 3425 3410 3285 3360 3330 3420]
COM7 0 13
0
[2815 2810 2925 2770 2875 2935 2935 2885] [3405 3225 3300 3365 3420 3095 3230 3195]
[2965 2945 2965 3075 2935 2900 2950 2695] [3255 3375 3335 3115 3370 3405 3145 3080]
[2815 2975 3300 2815 2840 2985 2960 3045] [3170 3265 3375 3195 3365 3025 3220 3180]
[3220 3085 3035 2880 2910 3055 2985 2955] [3405 3215 3310 3110 3200 3210 3205 3205]
[3170 2910 3005 3030 2950 3175 3095 3085] [3310 3210 3445 3080 3320 3325 3195 3320]
[3190 3005 3040 2940 3020 3085 3085 2810] [3020 3295 3290 3400 3250 3385 3300 3280]
[3015 3015 3020 2940 2835 2995 2835 2985] [3410 3395 3345 3275 3240 3245 3085 3420]
[3175 3335 3235 3005 2990 2995 3135 2850] [3520 3330 3425 3410 3285 3360 3330 3420]
COM3 1 14
0
[2815 2810 2925 2770 2875 2935 2935 2885] [3395 3275 3425 3475 3440 3240 3110 3355]
[2965 2945 2965 3075 2935 2900 2950 2695] [3475 3410 3485 3280 3240 3330 3280 3270]
[2815 2975 3300 2815 2840 2985 2960 3045] [3410 3495 3450 3220 3560 3145 3195 3240]
[3220 3085 3035 2880 2910 3055 2985 2955] [3195 3430 3390 3270 3260 3260 3375 3440]
[3170 2910 3005 3030 2950 3175 3095 3085] [3520 3205 3375 3315 3390 3335 3175 3320]
[3190 3005 3040 2940 3020 3085 3085 2810] [3220 3295 3360 3515 3335 3350 3275 3095]
[3015 3015 3020 2940 2835 2995 2835 2985] [3385 3515 3390 3385 3190 3285 3475 3480]
[3175 3335 3235 3005 2990 2995 3135 2850] [3550 3460 3520 3355 3140 3190 3340 3615]
COM7 0 15
0
[3100 2920 2845 2945 3150 2995 3085 2860] [3395 3275 3425 3475 3440 3240 3110 3355]
[3220 3100 2975 3100 2955 3140 3045 3020] [3475 3410 3485 3280 3240 3330 3280 3270]
[2945 3115 2865 2975 3000 3150 3075 3215] [3410 3495 3450 3220 3560 3145 3195 3240]
[3170 3090 3055 2905 3315 3050 3015 3210] [3195 3430 3390 3270 3260 3260 3375 3440]
[3140 3230 3255 3130 3230 3205 3330 3185] [3520 3205 3375 3315 3390 3335 3175 3320]
[3010 3475 3410 3145 3145 3170 2985 3105] [3220 3295 3360 3515 3335 3350 3275 3095]
[3040 3135 3040 3405 3170 3120 3010 2975] [3385 3515 3390 3385 3190 3285 3475 3480]
[3075 3265 3340 3130 3130 3165 3305 3045] [3550 3460 3520 3355 3140 3190 3340 3615]
COM3 1 16
0
[3100 2920 2845 2945 3150 2995 3085 2860] [2620 2675 2835 2795 2995 2825 2830 3000]
[3220 3100 2975 3100 2955 3140 3045 3020] [2845 2710 2810 2770 2720 2885 2955 2850]
[2945 3115 2865 2975 3000 3150 3075 3215] [2910 2735 2950 2730 2875 2860 2900 2895]
[3170 3090 3055 2905 3315 3050 3015 3210] [2775 2805 2845 2910 2875 2810 3070 3010]
[3140 3230 3255 3130 3230 3205 3330 3185] [2990 3160 3005 2790 2945 2885 2860 2950]
[3010 3475 3410 3145 3145 3170 2985 3105] [2880 2835 2925 3035 2885 3025 3025 2865]
[3040 3135 3040 3405 3170 3120 3010 2975] [2865 3110 3015 3040 3070 3020 3010 2940]
[3075 3265 3340 3130 3130 3165 3305 3045] [2910 2995 3165 3200 3025 2940 3215 2735]
COM7 0 17
0
[3115 3050 2905 3100 3075 2900 2925 3245] [2620 2675 2835 2795 2995 2825 2830 3000]
[3170 3115 3080 3070 2935 3045 3005 3125] [2845 2710 2810 2770 2720 2885 2955 2850]
[3280 3215 3095 3040 2900 2865 3080 3220] [2910 2735 2950 2730 2875 2860 2900 2895]
[3070 3350 3340 2935 3190 3110 3170 2845] [2775 2805 2845 2910 2875 2810 3070 3010]
[3310 3090 3125 3285 3340 2995 3245 3140] [2990 3160 3005 2790 2945 2885 2860 2950]
[3330 3125 3055 3265 3075 3170 3315 3075] [2880 2835 2925 3035 2885 3025 3025 2865]
[2925 3125 3140 3270 3020 3190 3305 3035] [2865 3110 3015 3040 3070 3020 3010 2940]
[3260 3000 2920 3110 2970 3175 3520 2930] [2910 2995 3165 3200 3025 2940 3215 2735]
COM3 1 18
0
[3115 3050 2905 3100 3075 2900 2925 3245] [3410 3380 3415 3390 3510 3220 3160 3285]
[3170 3115 3080 3070 2935 3045 3005 3125] [3555 3360 3355 3305 3365 3295 3325 3105]
[3280 3215 3095 3040 2900 2865 3080 3220] [3505 3540 3525 3315 3465 3315 3285 3135]
[3070 3350 3340 2935 3190 3110 3170 2845] [3520 3325 3475 3345 3340 3380 3340 2940]
[3310 3090 3125 3285 3340 2995 3245 3140] [3395 3500 3345 3225 3240 3255 3275 2750]
[3330 3125 3055 3265 3075 3170 3315 3075] [3325 3460 3395 3325 3320 3440 3150 2755]
[2925 3125 3140 3270 3020 3190 3305 3035] [3385 3355 3335 3555 3395 3450 3160 2915]
[3260 3000 2920 3110 2970 3175 3520 2930] [3570 3470 3485 3485 3430 3195 3455 2700]
COM7 0 19
0
[2905 2710 2845 2850 2930 2895 2805 2795] [3410 3380 3415 3390 3510 3220 3160 3285]
[2995 2885 2800 3010 2870 2770 2815 2885] [3555 3360 3355 3305 3365 3295 3325 3105]
[2835 2875 2770 2775 2695 2955 2915 2845] [3505 3540 3525 3315 3465 3315 3285 3135]
[3160 2840 3045 2875 3050 3055 2935 2895] [3520 3325 3475 3345 3340 3380 3340 2940]
[3140 2835 3040 2885 2935 2710 3030 2900] [3395 3500 3345 3225 3240 3255 3275 2750]
[2940 3135 2995 3115 2805 2985 3075 2955] [3325 3460 3395 3325 3320 3440 3150 2755]
[2930 3055 3035 2940 2630 2965 2745 2840] [3385 3355 3335 3555 3395 3450 3160 2915]
[2950 3075 2970 3140 3130 2995 2895 3070] [3570 3470 3485 3485 3430 3195 3455 2700]
COM3 1 20
0
[2905 2710 2845 2850 2930 2895 2805 2795] [3005 3120 3070 2940 3040 3125 3060 3130]
[2995 2885 2800 3010 2870 2770 2815 2885] [3150 3190 3165 3150 3015 3155 3060 2910]
[2835 2875 2770 2775 2695 2955 2915 2845] [3195 3120 3160 3120 3270 3115 3085 2695]
[3160 2840 3045 2875 3050 3055 2935 2895] [3105 3045 3160 3055 3075 3010 2950 2505]
[3140 2835 3040 2885 2935 2710 3030 2900] [3095 3200 3315 3080 3140 3145 2770 2415]
[2940 3135 2995 3115 2805 2985 3075 2955] [3200 3035 3325 3225 3250 3050 2895 2340]
[2930 3055 3035 2940 2630 2965 2745 2840] [3175 3400 3250 3130 3000 3165 2885 2420]
[2950 3075 2970 3140 3130 2995 2895 3070] [3115 3155 3215 3160 3150 3005 2995 2355]
COM7 0 21
0
[2790 3110 2905 3025 2925 2945 2980 3110] [3005 3120 3070 2940 3040 3125 3060 3130]
[3045 3045 2865 2885 2915 3145 3055 2930] [3150 3190 3165 3150 3015 3155 3060 2910]
[2930 2960 2920 2855 3010 3105 2945 3160] [3195 3120 3160 3120 3270 3115 3085 2695]
[3050 3195 2840 3040 3200 3045 3070 2765] [3105 3045 3160 3055 3075 3010 2950 2505]
[3055 2940 2935 3005 3155 2860 2965 3015] [3095 3200 3315 3080 3140 3145 2770 2415]
[3100 2860 3290 3105 3035 2985 3035 3005] [3200 3035 3325 3225 3250 3050 2895 2340]
[3045 2965 3040 3040 3105 3155 3035 3060] [3175 3400 3250 3130 3000 3165 2885 2420]
[3000 2935 3435 3260 2990 3070 3030 2940] [3115 3155 3215 3160 3150 3005 2995 2355]
COM3 1 22
0
[2790 3110 2905 3025 2925 2945 2980 3110] [2930 2825 2935 2855 2700 2855 2740 2570]
[3045 3045 2865 2885 2915 3145 3055 2930] [3035 2870 2820 2920 2830 3045 2695 2335]
[2930 2960 2920 2855 3010 3105 2945 3160] [3005 2820 2960 2780 2960 2810 2640 2215]
[3050 3195 2840 3040 3200 3045 3070 2765] [2845 2980 2925 2995 2830 2815 2750 2165]
[3055 2940 2935 3005 3155 2860 2965 3015] [2915 3005 3150 2835 2890 2925 2750 2175]
[3100 2860 3290 3105 3035 2985 3035 3005] [2945 2995 2945 3065 2920 2950 2650 2205]
[3045 2965 3040 3040 3105 3155 3035 3060] [2955 3135 3000 3115 2895 3050 2690 2255]
[3000 2935 3435 3260 2990 3070 3030 2940] [2910 3010 3060 2990 2935 2980 2665 2340]
COM7 0 23
0
[2805 2765 2865 2695 2845 2775 2915 2900] [2930 2825 2935 2855 2700 2855 2740 2570]
[2810 2870 2840 2745 2860 2810 2775 2900] [3035 2870 2820 2920 2830 3045 2695 2335]
[2815 2725 2850 2825 2820 2980 2820 2585] [3005 2820 2960 2780 2960 2810 2640 2215]
[2895 2785 2720 2755 2910 2815 2600 2665] [2845 2980 2925 2995 2830 2815 2750 2165]
[2840 2820 2810 2775 3045 2630 2780 2815] [2915 3005 3150 2835 2890 2925 2750 2175]
[2805 2945 3000 2895 2945 2835 2895 2815] [2945 2995 2945 3065 2920 2950 2650 2205]
[2930 2835 2675 3060 2835 2760 3005 2735] [2955 3135 3000 3115 2895 3050 2690 2255]
[2990 2680 2975 2900 2905 2945 3015 2935] [2910 3010 3060 2990 2935 2980 2665 2340]
COM3 1 24
0
[2805 2765 2865 2695 2845 2775 2915 2900] [3550 3585 3510 3595 3595 3255 2950 2565]
[2810 2870 2840 2745 2860 2810 2775 2900] [3600 3535 3475 3460 3365 3390 2925 2425]
[2815 2725 2850 2825 2820 2980 2820 2585] [3490 3680 3530 3465 3415 3265 2995 2355]
[2895 2785 2720 2755 2910 2815 2600 2665] [3445 3655 3620 3380 3270 3285 3070 2445]
[2840 2820 2810 2775 3045 2630 2780 2815] [3680 3615 3550 3295 3430 3365 2990 2355]
[2805 2945 3000 2895 2945 2835 2895 2815] [3455 3440 3550 3500 3445 3240 2960 2505]
[2930 2835 2675 3060 2835 2760 3005 2735] [3550 3445 3370 3615 3475 3295 3025 2480]
[2990 2680 2975 2900 2905 2945 3015 2935] [3520 3605 3630 3585 3255 3410 3165 2425]
COM7 0 25
0
[3105 2950 2755 2925 3005 2950 3055 3220] [3550 3585 3510 3595 3595 3255 2950 2565]
[3110 2955 3170 2940 2955 2995 3120 3195] [3600 3535 3475 3460 3365 3390 2925 2425]
[3035 3150 3005 3070 3045 3045 2960 3075] [3490 3680 3530 3465 3415 3265 2995 2355]
[3080 3060 3280 3025 2980 2955 3010 3110] [3445 3655 3620 3380 3270 3285 3070 2445]
[3375 2910 3150 3080 3115 3030 3030 3315] [3680 3615 3550 3295 3430 3365 2990 2355]
[2950 3130 3190 3315 3185 3000 3075 3280] [3455 3440 3550 3500 3445 3240 2960 2505]
[3040 2905 3230 2895 2960 3150 2995 2975] [3550 3445 3370 3615 3475 3295 3025 2480]
[3380 3065 2985 3005 3115 3085 3195 3030] [3520 3605 3630 3585 3255 3410 3165 2425]
COM3 1 26
0
[3105 2950 2755 2925 3005 2950 3055 3220] [3375 3235 3395 3200 3415 3165 2805 2375]
[3110 2955 3170 2940 2955 2995 3120 3195] [3430 3405 3305 3325 3195 3325 2840 2150]
[3035 3150 3005 3070 3045 3045 2960 3075] [3250 3305 3240 3260 3300 3115 2665 2175]
[3080 3060 3280 3025 2980 2955 3010 3110] [3650 3420 3260 3305 3310 3180 2685 2060]
[3375 2910 3150 3080 3115 3030 3030 3315] [3235 3350 3250 3265 3095 3165 2580 2025]
[2950 3130 3190 3315 3185 3000 3075 3280] [3235 3355 3335 3340 3225 3145 2520 2095]
[3040 2905 3230 2895 2960 3150 2995 2975] [3315 3505 3330 3180 3265 2990 2585 2270]
[3380 3065 2985 3005 3115 3085 3195 3030] [3390 3515 3400 3330 3055 3055 2825 2100]
COM7 0 27
0
[2855 2900 2830 2815 2815 2995 2910 2875] [3375 3235 3395 3200 3415 3165 2805 2375]
[2850 2980 2865 3025 2905 3035 2870 3025] [3430 3405 3305 3325 3195 3325 2840 2150]
[2800 3115 2955 2930 2910 2930 2840 2940] [3250 3305 3240 3260 3300 3115 2665 2175]
[3010 3080 3255 2830 2940 3015 2915 2850] [3650 3420 3260 3305 3310 3180 2685 2060]
[2990 2845 3145 3150 3060 2840 3030 3030] [3235 3350 3250 3265 3095 3165 2580 2025]
[2875 3070 2995 2780 2820 3050 2950 3075] [3235 3355 3335 3340 3225 3145 2520 2095]
[2975 2990 2750 3100 3180 2785 2930 3100] [3315 3505 3330 3180 3265 2990 2585 2270]
[3065 3055 3125 3165 3075 3195 3070 2945] [3390 3515 3400 3330 3055 3055 2825 2100]
COM3 1 28
0
[2855 2900 2830 2815 2815 2995 2910 2875] [2945 2925 2840 2880 2975 2900 2450 2130]
[2850 2980 2865 3025 2905 3035 2870 3025] [2725 2870 2855 2995 2865 2705 2490 1955]
[2800 3115 2955 2930 2910 2930 2840 2940] [3040 2990 3050 3080 2965 3025 2355 1955]
[3010 3080 3255 2830 2940 3015 2915 2850] [3090 2895 2900 2845 2880 2775 2180 1895]
[2990 2845 3145 3150 3060 2840 3030 3030] [3095 3105 3135 2880 3010 2845 2270 1835]
[2875 3070 2995 2780 2820 3050 2950 3075] [2910 3105 3055 3055 3045 2740 2260 1770]
[2975 2990 2750 3100 3180 2785 2930 3100] [2935 3355 3130 3105 3160 2870 2140 1690]
[3065 3055 3125 3165 3075 3195 3070 2945] [3025 3045 3175 3190 3055 2750 2205 1680]
COM7 0 29
0
[2845 2955 2985 2835 2935 2915 3085 2915] [2945 2925 2840 2880 2975 2900 2450 2130]
[2920 2905 2960 3000 2930 2950 2980 3210] [2725 2870 2855 2995 2865 2705 2490 1955]
[3020 2865 2995 3130 2995 3035 3095 3090] [3040 2990 3050 3080 2965 3025 2355 1955]
[2940 3245 3130 2895 3040 2885 3055 2935] [3090 2895 2900 2845 2880 2775 2180 1895]
[2980 3245 3040 3010 3155 3180 3225 3165] [3095 3105 3135 2880 3010 2845 2270 1835]
[3175 2985 3250 3105 3050 2950 3240 2920] [2910 3105 3055 3055 3045 2740 2260 1770]
[3180 2975 3010 3090 3275 2995 3140 3140] [2935 3355 3130 3105 3160 2870 2140 1690]
[3155 3200 2975 3145 2970 2985 3180 3185] [3025 3045 3175 3190 3055 2750 2205 1680]
COM3 1 30
0
[2845 2955 2985 2835 2935 2915 3085 2915] [2545 2700 2640 2695 2730 2685 2360 2105]
[2920 2905 2960 3000 2930 2950 2980 3210] [2965 2810 2755 2795 2745 2815 2340 1905]
[3020 2865 2995 3130 2995 3035 3095 3090] [2925 2740 2950 2670 2825 2560 2300 1825]
[2940 3245 3130 2895 3040 2885 3055 2935] [2780 2875 2975 2935 2745 2735 2130 1755]
[2980 3245 3040 3010 3155 3180 3225 3165] [2950 2905 2730 2825 2805 2565 2075 1800]
[3175 2985 3250 3105 3050 2950 3240 2920] [2740 2765 2825 3000 2830 2570 2005 1710]
[3180 2975 3010 3090 3275 2995 3140 3140] [3005 3030 3125 3040 2875 2525 1935 1670]
[3155 3200 2975 3145 2970 2985 3180 3185] [2755 3355 2975 3100 2990 2270 1820 1570]
COM7 0 31
0
[2640 2800 2765 2750 2730 2645 2790 2680] [2545 2700 2640 2695 2730 2685 2360 2105]
[2830 2790 2715 2975 2745 2840 2765 3005] [2965 2810 2755 2795 2745 2815 2340 1905]
[2700 2980 2875 2710 2815 2875 2835 2595] [2925 2740 2950 2670 2825 2560 2300 1825]
[2880 2775 2820 2840 2960 2820 2645 2700] [2780 2875 2975 2935 2745 2735 2130 1755]
[2745 2760 2810 2995 3045 2890 2955 2670] [2950 2905 2730 2825 2805 2565 2075 1800]
[2685 2750 3165 2790 2730 2805 2740 2815] [2740 2765 2825 3000 2830 2570 2005 1710]
[2960 3140 2845 2940 2950 2910 2855 2865] [3005 3030 3125 3040 2875 2525 1935 1670]
[2865 3055 2650 2735 2965 2660 2770 2750] [2755 3355 2975 3100 2990 2270 1820 1570]
COM3 1 32
0
[2640 2800 2765 2750 2730 2645 2790 2680] [2825 2690 2825 2620 2800 2675 2375 2175]
[2830 2790 2715 2975 2745 2840 2765 3005] [2810 2690 2830 2875 2785 2710 2365 1945]
[2700 2980 2875 2710 2815 2875 2835 2595] [3000 2950 2970 2970 2870 2605 2335 1800]
[2880 2775 2820 2840 2960 2820 2645 2700] [3020 2690 2950 2975 2890 2545 2140 1745]
[2745 2760 2810 2995 3045 2890 2955 2670] [3160 2830 3025 2950 2765 2435 2110 1780]
[2685 2750 3165 2790 2730 2805 2740 2815] [2985 2735 3055 2985 2865 2470 2040 1685]
[2960 3140 2845 2940 2950 2910 2855 2865] [3045 2935 3060 2850 2785 2350 1850 1725]
[2865 3055 2650 2735 2965 2660 2770 2750] [3090 3030 3070 3100 2820 2155 1815 1715]
COM7 0 33
0
[2885 2890 2920 2795 2860 2670 2805 2955] [2825 2690 2825 2620 2800 2675 2375 2175]
[2935 2960 2755 2795 2910 2885 2935 2885] [2810 2690 2830 2875 2785 2710 2365 1945]
[2705 2700 2835 2900 2825 2920 2935 2915] [3000 2950 2970 2970 2870 2605 2335 1800]
[2880 2795 3065 2900 3005 2840 2915 2895] [3020 2690 2950 2975 2890 2545 2140 1745]
[2805 2895 2950 2820 2965 2835 3030 2915] [3160 2830 3025 2950 2765 2435 2110 1780]
[2875 3060 3185 3255 2945 3325 3070 3070] [2985 2735 3055 2985 2865 2470 2040 1685]
[2995 3015 2950 3140 3040 2835 3030 3130] [3045 2935 3060 2850 2785 2350 1850 1725]
[2740 3255 2990 3000 2895 3065 3010 2935] [3090 3030 3070 3100 2820 2155 1815 1715]
COM3 1 34
0
[2885 2890 2920 2795 2860 2670 2805 2955] [3135 3125 3145 3105 3075 2835 2375 2030]
[2935 2960 2755 2795 2910 2885 2935 2885] [3135 3095 3200 3160 2995 2895 2345 1835]
[2705 2700 2835 2900 2825 2920 2935 2915] [3215 3160 3130 3150 3070 2550 2175 1660]
[2880 2795 3065 2900 3005 2840 2915 2895] [3165 3225 3020 2960 2870 2265 1920 1570]
[2805 2895 2950 2820 2965 2835 3030 2915] [3330 3105 3255 2975 2675 2115 1780 1580]
[2875 3060 3185 3255 2945 3325 3070 3070] [3015 3015 3090 3190 2445 1920 1705 1630]
[2995 3015 2950 3140 3040 2835 3030 3130] [3060 3255 3345 3145 2505 1870 1730 1675]
[2740 3255 2990 3000 2895 3065 3010 2935] [3245 3080 3270 3200 2410 1645 1575 1565]
COM7 0 35
0
[3065 2930 2915 2960 2875 2915 3275 3115] [3135 3125 3145 3105 3075 2835 2375 2030]
[3095 3025 2900 3015 2905 2970 2985 3085] [3135 3095 3200 3160 2995 2895 2345 1835]
[2935 2995 2935 2860 2935 2945 3015 2930] [3215 3160 3130 3150 3070 2550 2175 1660]
[2950 3045 3015 3030 3040 3025 2985 3115] [3165 3225 3020 2960 2870 2265 1920 1570]
[3125 2915 2875 2760 3215 3000 3130 3210] [3330 3105 3255 2975 2675 2115 1780 1580]
[3025 3060 3220 3110 3035 2995 3190 2990] [3015 3015 3090 3190 2445 1920 1705 1630]
[3040 2895 3010 2930 3095 3125 2835 2905] [3060 3255 3345 3145 2505 1870 1730 1675]
[2965 3480 3280 2960 2700 3160 3170 3145] [3245 3080 3270 3200 2410 1645 1575 1565]
COM3 1 36
0
[3065 2930 2915 2960 2875 2915 3275 3115] [3515 3445 3470 3340 3275 2955 2430 2120]
[3095 3025 2900 3015 2905 2970 2985 3085] [3390 3460 3455 3420 3140 2680 2230 1830]
[2935 2995 2935 2860 2935 2945 3015 2930] [3390 3655 3420 3080 2935 2235 1945 1870]
[2950 3045 3015 3030 3040 3025 2985 3115] [3625 3450 3275 2870 2370 1895 1765 1770]
[3125 2915 2875 2760 3215 3000 3130 3210] [3470 3420 3115 2460 2145 1695 1800 1930]
[3025 3060 3220 3110 3035 2995 3190 2990] [3160 3345 3230 2535 2060 1865 1820 1945]
[3040 2895 3010 2930 3095 3125 2835 2905] [3415 3555 3310 2410 1985 1765 1770 2010]
[2965 3480 3280 2960 2700 3160 3170 3145] [3350 3420 3135 2585 1965 1790 1760 2045]
COM7 0 37
0
[3080 2995 2835 3195 2905 2915 3045 3210] [3515 3445 3470 3340 3275 2955 2430 2120]
[3040 3025 2790 2955 2810 3115 3110 3165] [3390 3460 3455 3420 3140 2680 2230 1830]
[3010 3260 3280 3120 2995 3020 2920 3295] [3390 3655 3420 3080 2935 2235 1945 1870]
[3065 2970 3030 3025 3130 3005 3115 2825] [3625 3450 3275 2870 2370 1895 1765 1770]
[3510 3045 3310 2935 3230 3060 3220 2995] [3470 3420 3115 2460 2145 1695 1800 1930]
[2755 3040 3370 3165 3095 3145 3220 2915] [3160 3345 3230 2535 2060 1865 1820 1945]
[3290 3200 3330 2945 2925 3335 3125 3080] [3415 3555 3310 2410 1985 1765 1770 2010]
[2925 3275 3175 3220 3255 3345 3550 3185] [3350 3420 3135 2585 1965 1790 1760 2045]
COM3 1 38
0
[3080 2995 2835 3195 2905 2915 3045 3210] [2705 2660 2650 2770 2570 2280 1865 1765]
[3040 3025 2790 2955 2810 3115 3110 3165] [2890 2605 2610 2470 2095 2015 1650 1590]
[3010 3260 3280 3120 2995 3020 2920 3295] [2870 2700 2530 2205 1905 1615 1525 1595]
[3065 2970 3030 3025 3130 3005 3115 2825] [2890 2605 2325 1920 1660 1550 1525 1670]
[3510 3045 3310 2935 3230 3060 3220 2995] [2675 2575 2130 1595 1465 1495 1670 1795]
[2755 3040 3370 3165 3095 3145 3220 2915] [2955 2560 2060 1705 1525 1550 1700 1885]
[3290 3200 3330 2945 2925 3335 3125 3080] [2825 2585 2025 1615 1505 1595 1685 2040]
[2925 3275 3175 3220 3255 3345 3550 3185] [2880 2715 2120 1830 1535 1570 1665 1875]
COM7 0 39
0
[3105 2955 2900 3085 2940 2970 3120 3035] [2705 2660 2650 2770 2570 2280 1865 1765]
[2965 3015 2820 2915 2945 3230 3225 3110] [2890 2605 2610 2470 2095 2015 1650 1590]
[3050 2865 2880 2945 2995 2940 3080 3210] [2870 2700 2530 2205 1905 1615 1525 1595]
[3045 3240 3105 3000 3075 3205 3000 2920] [2890 2605 2325 1920 1660 1550 1525 1670]
[3065 2835 2940 2985 3150 3005 3020 2995] [2675 2575 2130 1595 1465 1495 1670 1795]
[3190 3055 3440 3155 2995 3110 3150 2995] [2955 2560 2060 1705 1525 1550 1700 1885]
[2985 3120 3025 3330 3105 3100 2885 3085] [2825 2585 2025 1615 1505 1595 1685 2040]
[3310 3065 3215 3110 3180 3200 3360 2930] [2880 2715 2120 1830 1535 1570 1665 1875]
COM3 1 40
0
[3105 2955 2900 3085 2940 2970 3120 3035] [3050 2925 2745 2580 2160 1935 1485 1820]
[2965 3015 2820 2915 2945 3230 3225 3110] [2915 2945 2790 2245 1930 1705 1635 1700]
[3050 2865 2880 2945 2995 2940 3080 3210] [3065 3020 2350 2005 1710 1535 1700 1785]
[3045 3240 3105 3000 3075 3205 3000 2920] [3080 2585 2190 1900 1590 1550 1655 1880]
[3065 2835 2940 2985 3150 3005 3020 2995] [2995 2525 2020 1525 1555 1675 1765 2045]
[3190 3055 3440 3155 2995 3110 3150 2995] [2905 2535 1800 1850 1665 1675 1800 2035]
[2985 3120 3025 3330 3105 3100 2885 3085] [2920 2620 2105 1590 1590 1610 1730 2065]
[3310 3065 3215 3110 3180 3200 3360 2930] [3025 2765 2110 1920 1580 1625 1835 2040]
COM7 0 41
0
[2940 2850 2625 2965 2765 2885 2985 2900] [3050 2925 2745 2580 2160 1935 1485 1820]
[3105 2815 2820 3000 2865 2925 2945 2970] [2915 2945 2790 2245 1930 1705 1635 1700]
[3005 2980 2765 2900 3090 3040 2935 3000] [3065 3020 2350 2005 1710 1535 1700 1785]
[3030 2915 2985 3035 2950 3050 2775 2850] [3080 2585 2190 1900 1590 1550 1655 1880]
[2980 2800 2705 2975 3060 3080 3225 2725] [2995 2525 2020 1525 1555 1675 1765 2045]
[2995 3360 3205 3005 2875 3005 3070 3070] [2905 2535 1800 1850 1665 1675 1800 2035]
[3190 2985 2930 3115 2935 3120 2900 2940] [2920 2620 2105 1590 1590 1610 1730 2065]
[3000 3150 2720 2995 3205 2800 2965 2940] [3025 2765 2110 1920 1580 1625 1835 2040]
COM3 1 42
0
[2940 2850 2625 2965 2765 2885 2985 2900] [3315 3165 2770 2095 1925 1760 1900 2145]
[3105 2815 2820 3000 2865 2925 2945 2970] [3300 3075 2700 2070 1735 1945 1850 2025]
[3005 2980 2765 2900 3090 3040 2935 3000] [3290 2940 2470 1985 1860 1880 1840 2025]
[3030 2915 2985 3035 2950 3050 2775 2850] [3320 2610 2405 1940 1710 1725 1920 2070]
[2980 2800 2705 2975 3060 3080 3225 2725] [3200 2740 2255 1800 1745 1785 2000 2145]
[2995 3360 3205 3005 2875 3005 3070 3070] [3170 2680 2385 1975 1735 1715 2005 2110]
[3190 2985 2930 3115 2935 3120 2900 2940] [2985 2725 2350 1915 1740 1720 1920 2270]
[3000 3150 2720 2995 3205 2800 2965 2940] [3330 2840 2430 1950 1720 1730 1825 2065]
COM7 0 43
0
[2750 2715 2990 2895 2745 2710 2770 2940] [3315 3165 2770 2095 1925 1760 1900 2145]
[2960 2900 2725 2835 2655 2790 2910 2815] [3300 3075 2700 2070 1735 1945 1850 2025]
[2765 2840 2805 2645 2810 2875 2700 2845] [3290 2940 2470 1985 1860 1880 1840 2025]
[2930 3055 3050 2745 2770 2840 2880 2830] [3320 2610 2405 1940 1710 1725 1920 2070]
[3065 2765 2880 2830 3120 2880 3015 2905] [3200 2740 2255 1800 1745 1785 2000 2145]
[2695 2845 3005 2765 2605 2750 3065 2895] [3170 2680 2385 1975 1735 1715 2005 2110]
[2705 2665 3040 2830 2590 2845 2925 2845] [2985 2725 2350 1915 1740 1720 1920 2270]
[2995 2710 3300 2610 2740 2500 3215 2580] [3330 2840 2430 1950 1720 1730 1825 2065]
COM3 1 44
0
[2750 2715 2990 2895 2745 2710 2770 2940] [3575 3135 2400 1925 2145 2125 2075 2170]
[2960 2900 2725 2835 2655 2790 2910 2815] [3680 3230 2405 1935 1775 1880 2035 2035]
[2765 2840 2805 2645 2810 2875 2700 2845] [3605 3125 2470 1860 1860 1815 1835 2115]
[2930 3055 3050 2745 2770 2840 2880 2830] [3580 2910 2320 1785 1660 1735 1920 2125]
[3065 2765 2880 2830 3120 2880 3015 2905] [3185 2890 2350 1685 1675 1695 1985 2125]
[2695 2845 3005 2765 2605 2750 3065 2895] [3280 2855 2200 1995 1740 1765 1960 2355]
[2705 2665 3040 2830 2590 2845 2925 2845] [3315 2940 2270 1875 1590 1645 1950 2370]
[2995 2710 3300 2610 2740 2500 3215 2580] [3260 3245 2470 2000 1715 1645 1875 2175]
COM7 0 45
0
[2860 2580 2895 2755 2840 2725 2965 2915] [3575 3135 2400 1925 2145 2125 2075 2170]
[2645 2855 2745 3005 2790 2980 2910 2915] [3680 3230 2405 1935 1775 1880 2035 2035]
[2765 2810 2800 2895 2705 2875 2690 2720] [3605 3125 2470 1860 1860 1815 1835 2115]
[2790 2990 2810 2790 2895 2870 2780 2740] [3580 2910 2320 1785 1660 1735 1920 2125]
[2645 2735 3050 2770 2710 2835 2730 2960] [3185 2890 2350 1685 1675 1695 1985 2125]
[2940 3055 2970 2955 2745 2970 2845 2840] [3280 2855 2200 1995 1740 1765 1960 2355]
[2865 2735 2795 2905 2900 2675 2640 2705] [3315 2940 2270 1875 1590 1645 1950 2370]
[3090 2815 3115 2530 2620 2870 3050 2930] [3260 3245 2470 2000 1715 1645 1875 2175]
COM3 1 46
0
[2860 2580 2895 2755 2840 2725 2965 2915] [2745 2460 2090 1735 1680 1695 1705 2085]
[2645 2855 2745 3005 2790 2980 2910 2915] [3000 2435 2030 1660 1560 1740 1755 2050]
[2765 2810 2800 2895 2705 2875 2690 2720] [2945 2370 1955 1640 1675 1730 1855 2110]
[2790 2990 2810 2790 2895 2870 2780 2740] [2825 2525 2040 1785 1600 1570 1860 2140]
[2645 2735 3050 2770 2710 2835 2730 2960] [2715 2335 2045 1540 1635 1645 1940 2210]
[2940 3055 2970 2955 2745 2970 2845 2840] [2770 2375 1830 1750 1660 1695 2055 2445]
[2865 2735 2795 2905 2900 2675 2640 2705] [2740 2375 2010 1660 1650 1605 2115 2480]
[3090 2815 3115 2530 2620 2870 3050 2930] [2865 2415 1860 1665 1570 1700 2010 2615]
COM7 0 47
0
[2975 2680 2750 2935 2750 2870 2975 2835] [2745 2460 2090 1735 1680 1695 1705 2085]
[2950 2950 2775 2835 2800 3035 2990 2780] [3000 2435 2030 1660 1560 1740 1755 2050]
[3050 3050 2830 2910 2870 2980 2945 3105] [2945 2370 1955 1640 1675 1730 1855 2110]
[3310 2905 3030 2985 3135 3030 3005 2870] [2825 2525 2040 1785 1600 1570 1860 2140]
[3095 2950 3050 2995 2900 3070 3245 3020] [2715 2335 2045 1540 1635 1645 1940 2210]
[2880 2975 3145 2880 2780 3160 3065 2955] [2770 2375 1830 1750 1660 1695 2055 2445]
[2975 3030 3020 2940 3090 3245 2880 3055] [2740 2375 2010 1660 1650 1605 2115 2480]
[3275 3205 3170 2990 3175 3130 3025 2825] [2865 2415 1860 1665 1570 1700 2010 2615]
COM3 1 48
0
[2975 2680 2750 2935 2750 2870 2975 2835] [3045 2660 2305 1850 1820 1800 1955 2295]
[2950 2950 2775 2835 2800 3035 2990 2780] [3075 2740 1970 1735 1570 1825 1940 2185]
[3050 3050 2830 2910 2870 2980 2945 3105] [2995 2520 2035 1600 1605 1640 1840 2150]
[3310 2905 3030 2985 3135 3030 3005 2870] [3100 2595 1895 1675 1595 1655 2045 2415]
[3095 2950 3050 2995 2900 3070 3245 3020] [2990 2505 1890 1540 1665 1835 2125 2660]
[2880 2975 3145 2880 2780 3160 3065 2955] [2705 2340 1805 1635 1700 1870 2370 2810]
[2975 3030 3020 2940 3090 3245 2880 3055] [2815 2090 1885 1645 1635 1830 2235 2890]
[3275 3205 3170 2990 3175 3130 3025 2825] [2750 2190 1835 1655 1670 1820 2405 2880]
COM7 0 49
0
[2765 2590 2955 2845 2715 2925 2795 2695] [3045 2660 2305 1850 1820 1800 1955 2295]
[2915 2935 2890 3025 2915 2755 2910 2855] [3075 2740 1970 1735 1570 1825 1940 2185]
[2760 2805 2955 2795 2875 2910 2865 2905] [2995 2520 2035 1600 1605 1640 1840 2150]
[2900 2935 2945 2775 2935 2875 2780 2955] [3100 2595 1895 1675 1595 1655 2045 2415]
[2690 2950 2960 2975 3040 2935 3110 2965] [2990 2505 1890 1540 1665 1835 2125 2660]
[2780 2645 3060 2825 2480 2850 2710 2750] [2705 2340 1805 1635 1700 1870 2370 2810]
[2985 3070 3110 2865 2620 2920 2905 2815] [2815 2090 1885 1645 1635 1830 2235 2890]
[3305 2795 2990 2750 2950 3095 3010 2940] [2750 2190 1835 1655 1670 1820 2405 2880]
COM3 1 50
0
[2765 2590 2955 2845 2715 2925 2795 2695] [3345 2875 2215 1875 1880 1775 1995 2520]
[2915 2935 2890 3025 2915 2755 2910 2855] [3505 2505 2085 1780 1670 1835 2190 2420]
[2760 2805 2955 2795 2875 2910 2865 2905] [3275 2590 2035 1680 1740 1865 2290 2650]
[2900 2935 2945 2775 2935 2875 2780 2955] [3075 2490 1915 1730 1750 2005 2465 2800]
[2690 2950 2960 2975 3040 2935 3110 2965] [2785 2260 1900 1625 1805 2035 2660 3135]
[2780 2645 3060 2825 2480 2850 2710 2750] [2605 2115 1890 1820 1945 2255 2700 3215]
[2985 3070 3110 2865 2620 2920 2905 2815] [2585 2310 1860 1725 2015 2370 2685 3370]
[3305 2795 2990 2750 2950 3095 3010 2940] [2510 2220 1820 1805 2010 2350 3035 3230]
COM7 0 51
0
[2695 2870 2685 2845 2695 2725 2930 2880] [3345 2875 2215 1875 1880 1775 1995 2520]
[2975 2810 2835 3025 2775 2875 3005 2920] [3505 2505 2085 1780 1670 1835 2190 2420]
[2800 2655 2840 2785 2670 2825 2805 2945] [3275 2590 2035 1680 1740 1865 2290 2650]
[2810 2880 2755 2775 2925 2895 2905 2815] [3075 2490 1915 1730 1750 2005 2465 2800]
[2630 2770 2965 2830 2945 2840 3030 2950] [2785 2260 1900 1625 1805 2035 2660 3135]
[2730 2555 3050 3065 2965 2945 3145 2850] [2605 2115 1890 1820 1945 2255 2700 3215]
[2570 2990 3040 2895 2960 2995 2895 2865] [2585 2310 1860 1725 2015 2370 2685 3370]
[2965 2755 2790 2675 2865 2920 3065 2940] [2510 2220 1820 1805 2010 2350 3035 3230]
COM3 1 52
0
[2695 2870 2685 2845 2695 2725 2930 2880] [3265 2565 2145 1765 1860 2095 2380 2915]
[2975 2810 2835 3025 2775 2875 3005 2920] [3235 2495 1970 1735 1705 2165 2515 2900]
[2800 2655 2840 2785 2670 2825 2805 2945] [2935 2325 1835 1705 1995 2175 2695 3030]
[2810 2880 2755 2775 2925 2895 2905 2815] [2680 2175 1925 1725 1970 2385 2910 3010]
[2630 2770 2965 2830 2945 2840 3030 2950] [2540 1980 1775 1625 2055 2685 3170 3225]
[2730 2555 3050 3065 2965 2945 3145 2850] [2535 1840 1685 1900 2190 2655 3145 3260]
[2570 2990 3040 2895 2960 2995 2895 2865] [2290 2045 1795 1800 2125 2725 3100 3375]
[2965 2755 2790 2675 2865 2920 3065 2940] [2235 1880 1755 1870 2280 2695 3315 3305]
COM7 0 53
0
[2645 3100 2825 2870 2735 2665 2960 2995] [3265 2565 2145 1765 1860 2095 2380 2915]
[3040 2795 2865 2745 2780 2955 2825 3005] [3235 2495 1970 1735 1705 2165 2515 2900]
[2760 2720 2740 2790 2940 2935 2750 3130] [2935 2325 1835 1705 1995 2175 2695 3030]
[3135 3150 2985 2765 3140 2875 2915 2940] [2680 2175 1925 1725 1970 2385 2910 3010]
[2990 2975 3065 2945 2945 2885 3030 3340] [2540 1980 1775 1625 2055 2685 3170 3225]
[3000 2620 3035 2955 2830 3005 3165 2695] [2535 1840 1685 1900 2190 2655 3145 3260]
[3010 2965 3005 2955 2895 2945 3035 2975] [2290 2045 1795 1800 2125 2725 3100 3375]
[3080 2885 3070 3005 2985 2995 3455 2940] [2235 1880 1755 1870 2280 2695 3315 3305]
COM3 1 54
0
[2645 3100 2825 2870 2735 2665 2960 2995] [2820 2390 2035 1745 1985 2260 2725 3005]
[3040 2795 2865 2745 2780 2955 2825 3005] [2590 2285 1935 1730 1900 2515 2840 2950]
[2760 2720 2740 2790 2940 2935 2750 3130] [2445 2070 1785 1730 2125 2385 2935 3065]
[3135 3150 2985 2765 3140 2875 2915 2940] [2250 1865 1840 1830 2060 2555 3110 2995]
[2990 2975 3065 2945 2945 2885 3030 3340] [2115 1785 1795 1765 2055 2695 3055 3125]
[3000 2620 3035 2955 2830 3005 3165 2695] [1775 1775 1755 1985 2155 2650 3220 3280]
[3010 2965 3005 2955 2895 2945 3035 2975] [1770 1800 1710 1820 2140 2765 3170 3140]
[3080 2885 3070 3005 2985 2995 3455 2940] [2035 1780 1735 2005 2170 2615 3020 3230]
COM7 0 55
0
[2925 2670 3010 2685 2790 2670 2975 2860] [2820 2390 2035 1745 1985 2260 2725 3005]
[2895 2950 2865 3000 2745 2950 2845 2840] [2590 2285 1935 1730 1900 2515 2840 2950]
[2695 2845 2950 2780 2730 2770 2855 2865] [2445 2070 1785 1730 2125 2385 2935 3065]
[2575 2935 3030 2840 2840 2945 2885 2765] [2250 1865 1840 1830 2060 2555 3110 2995]
[2870 3020 2835 3010 2930 3030 2860 3075] [2115 1785 1795 1765 2055 2695 3055 3125]
[2765 2935 3015 2995 2830 3050 2815 2605] [1775 1775 1755 1985 2155 2650 3220 3280]
[2980 3100 2975 3140 2735 2945 3020 2755] [1770 1800 1710 1820 2140 2765 3170 3140]
[3175 3010 2950 2990 2725 2980 2740 2370] [2035 1780 1735 2005 2170 2615 3020 3230]
COM3 1 56
0
[2925 2670 3010 2685 2790 2670 2975 2860] [2195 1780 1525 1385 1815 2450 2875 3130]
[2895 2950 2865 3000 2745 2950 2845 2840] [1950 1535 1305 1370 1855 2465 2935 2970]
[2695 2845 2950 2780 2730 2770 2855 2865] [1610 1475 1385 1450 1920 2535 2965 3065]
[2575 2935 3030 2840 2840 2945 2885 2765] [1565 1375 1405 1610 1825 2515 3060 3010]
[2870 3020 2835 3010 2930 3030 2860 3075] [1390 1380 1430 1540 1990 2560 3050 3300]
[2765 2935 3015 2995 2830 3050 2815 2605] [1220 1325 1390 1700 2105 2725 3125 3215]
[2980 3100 2975 3140 2735 2945 3020 2755] [1370 1385 1430 1625 2060 2910 3095 3230]
[3175 3010 2950 2990 2725 2980 2740 2370] [1310 1320 1410 1730 2260 2870 3135 3065]
COM7 0 57
0
[2805 2840 2585 2790 2865 2850 3040 2860] [2195 1780 1525 1385 1815 2450 2875 3130]
[2875 2705 2800 2880 2840 2890 2765 2820] [1950 1535 1305 1370 1855 2465 2935 2970]
[2695 2645 2610 2850 2775 2855 2820 2905] [1610 1475 1385 1450 1920 2535 2965 3065]
[2960 2850 2895 2900 2865 2905 3110 2690] [1565 1375 1405 1610 1825 2515 3060 3010]
[2890 2940 2990 2785 3015 2925 3020 2605] [1390 1380 1430 1540 1990 2560 3050 3300]
[2990 2795 3000 2845 2850 3050 2805 2475] [1220 1325 1390 1700 2105 2725 3125 3215]
[2865 2990 2895 2910 2880 3125 2635 2385] [1370 1385 1430 1625 2060 2910 3095 3230]
[2865 2920 2795 2760 2955 2920 3050 2200] [1310 1320 1410 1730 2260 2870 3135 3065]
COM3 1 58
0
[2805 2840 2585 2790 2865 2850 3040 2860] [1730 1550 1515 1555 2185 2515 2855 3020]
[2875 2705 2800 2880 2840 2890 2765 2820] [1555 1530 1595 1605 1960 2620 2970 3095]
[2695 2645 2610 2850 2775 2855 2820 2905] [1565 1470 1510 1680 2040 2390 2975 2950]
[2960 2850 2895 2900 2865 2905 3110 2690] [1620 1390 1510 1650 2130 2580 2950 2875]
[2890 2940 2990 2785 3015 2925 3020 2605] [1540 1475 1560 1625 2170 2845 3155 3010]
[2990 2795 3000 2845 2850 3050 2805 2475] [1445 1460 1455 1875 2245 2840 3165 3095]
[2865 2990 2895 2910 2880 3125 2635 2385] [1530 1530 1655 1815 2340 2825 3060 3390]
[2865 2920 2795 2760 2955 2920 3050 2200] [1635 1450 1595 1915 2265 2840 3035 3375]
COM7 0 59
0
[2935 2720 2975 2915 2775 2780 2845 2650] [1730 1550 1515 1555 2185 2515 2855 3020]
[2875 2790 2820 2855 2835 2800 2895 2655] [1555 1530 1595 1605 1960 2620 2970 3095]
[2995 2960 2690 2825 2875 2710 2805 2540] [1565 1470 1510 1680 2040 2390 2975 2950]
[2830 2950 3050 2690 2835 2865 2800 2365] [1620 1390 1510 1650 2130 2580 2950 2875]
[3065 3050 2995 2925 3005 2765 3090 2480] [1540 1475 1560 1625 2170 2845 3155 3010]
[2950 2870 2790 2810 2725 2895 2640 2055] [1445 1460 1455 1875 2245 2840 3165 3095]
[2895 2655 2800 3005 2775 2860 2600 2025] [1530 1530 1655 1815 2340 2825 3060 3390]
[2980 2705 2950 2950 2950 3145 2645 2050] [1635 1450 1595 1915 2265 2840 3035 3375]
COM3 1 60
0
[2935 2720 2975 2915 2775 2780 2845 2650] [1990 1935 1895 1740 2230 2615 2985 3120]
[2875 2790 2820 2855 2835 2800 2895 2655] [1990 1895 1715 1745 1995 2625 2960 3000]
[2995 2960 2690 2825 2875 2710 2805 2540] [1935 1880 1695 1800 2280 2700 2935 2945]
[2830 2950 3050 2690 2835 2865 2800 2365] [1985 1735 1795 1885 2205 2655 2875 3075]
[3065 3050 2995 2925 3005 2765 3090 2480] [1915 1775 1705 1785 2215 2895 3235 3140]
[2950 2870 2790 2810 2725 2895 2640 2055] [1675 1645 1775 2015 2450 2920 3095 3175]
[2895 2655 2800 3005 2775 2860 2600 2025] [1715 1670 1845 2060 2505 3080 3265 3405]
[2980 2705 2950 2950 2950 3145 2645 2050] [1800 1635 1750 2185 2680 2925 2940 3305]
COM7 0 61
0
[2780 2540 2720 2795 2845 2820 2540 2075] [1990 1935 1895 1740 2230 2615 2985 3120]
[3040 2900 2870 3020 2995 2925 2675 2190] [1990 1895 1715 1745 1995 2625 2960 3000]
[3015 2990 2910 2920 2800 2945 2710 2180] [1935 1880 1695 1800 2280 2700 2935 2945]
[3000 2845 2955 2895 2770 2900 2680 2075] [1985 1735 1795 1885 2205 2655 2875 3075]
[2935 2835 2940 2775 3045 2870 2755 2420] [1915 1775 1705 1785 2215 2895 3235 3140]
[2755 2805 2790 3110 2735 2940 2685 1965] [1675 1645 1775 2015 2450 2920 3095 3175]
[3190 2985 2945 3010 2795 2975 2410 2015] [1715 1670 1845 2060 2505 3080 3265 3405]
[3180 2795 2835 2895 2970 2790 2660 2300] [1800 1635 1750 2185 2680 2925 2940 3305]
COM3 1 62
0
[2780 2540 2720 2795 2845 2820 2540 2075] [2270 2260 1900 1970 2420 2925 3110 3225]
[3040 2900 2870 3020 2995 2925 2675 2190] [2290 2130 1935 1955 2360 2975 3190 3115]
[3015 2990 2910 2920 2800 2945 2710 2180] [2085 1995 1870 1995 2520 2845 3120 3105]
[3000 2845 2955 2895 2770 2900 2680 2075] [2110 1950 1935 2100 2525 2970 3225 3245]
[2935 2835 2940 2775 3045 2870 2755 2420] [1975 1825 1955 2150 2600 3090 3170 3290]
[2755 2805 2790 3110 2735 2940 2685 1965] [1725 1745 1925 2385 2790 3050 3165 3095]
[3190 2985 2945 3010 2795 2975 2410 2015] [1835 1830 1965 2310 2690 3080 3170 3500]
[3180 2795 2835 2895 2970 2790 2660 2300] [1930 1885 1970 2360 2725 3125 3205 3300]
COM7 0 63
0
[2805 2655 2665 2835 2660 2830 2415 1830] [2270 2260 1900 1970 2420 2925 3110 3225]
[2875 2980 2725 2770 2795 2890 2440 1880] [2290 2130 1935 1955 2360 2975 3190 3115]
[2710 2790 2765 2870 2855 2820 2525 1860] [2085 1995 1870 1995 2520 2845 3120 3105]
[2685 2925 3045 2865 2860 2685 2505 2005] [2110 1950 1935 2100 2525 2970 3225 3245]
[2815 2955 2800 2955 3005 2760 2325 2115] [1975 1825 1955 2150 2600 3090 3170 3290]
[2765 2985 2940 2795 2870 2780 2345 1745] [1725 1745 1925 2385 2790 3050 3165 3095]
[3115 2755 2660 3135 2955 2720 2315 1965] [1835 1830 1965 2310 2690 3080 3170 3500]
[2875 2805 2970 2850 3185 2945 2620 1880] [1930 1885 1970 2360 2725 3125 3205 3300]
COM3 1 64
0
[2805 2655 2665 2835 2660 2830 2415 1830] [1665 1545 1635 1750 2325 2735 2950 3105]
[2875 2980 2725 2770 2795 2890 2440 1880] [1635 1545 1645 1820 2265 2820 3115 3080]
[2710 2790 2765 2870 2855 2820 2525 1860] [1470 1400 1555 1850 2515 2765 2985 2995]
[2685 2925 3045 2865 2860 2685 2505 2005] [1460 1460 1630 2030 2495 2955 2900 2965]
[2815 2955 2800 2955 3005 2760 2325 2115] [1415 1425 1775 2070 2750 2980 3080 3060]
[2765 2985 2940 2795 2870 2780 2345 1745] [1295 1470 1820 2330 2830 3020 3295 3095]
[3115 2755 2660 3135 2955 2720 2315 1965] [1370 1595 1935 2435 2970 3085 3045 3100]
[2875 2805 2970 2850 3185 2945 2620 1880] [1445 1570 2010 2770 2960 3115 3035 3090]
COM7 0 65
0
[2890 2805 2735 2895 2855 2800 2585 1960] [1665 1545 1635 1750 2325 2735 2950 3105]
[3075 2970 2755 2920 2720 2820 2560 1985] [1635 1545 1645 1820 2265 2820 3115 3080]
[2945 3005 3135 2835 2915 2945 2460 2075] [1470 1400 1555 1850 2515 2765 2985 2995]
[2825 2905 3065 3035 2940 2730 2365 2025] [1460 1460 1630 2030 2495 2955 2900 2965]
[3150 3180 3200 2815 3060 2865 2540 2175] [1415 1425 1775 2070 2750 2980 3080 3060]
[3095 3005 2930 3065 2995 2875 2300 1780] [1295 1470 1820 2330 2830 3020 3295 3095]
[3195 3135 3115 2950 2920 2630 2300 1765] [1370 1595 1935 2435 2970 3085 3045 3100]
[3385 3055 2990 2940 2755 2745 2505 1935] [1445 1570 2010 2770 2960 3115 3035 3090]