COM7 1 6
1
[2600 2910 2770 3085 2810 2805 2705 2835] [3330 2815 3165 2825 3035 3255 2995 2970]
[2895 2830 2885 2770 2915 2855 2845 2930] [3035 2995 2960 2960 2975 3090 3075 2730]
[2770 2865 3160 2860 3015 2665 3005 3060] [3245 3045 3015 2975 3045 2955 2925 2925]
[3190 2870 2865 2830 3105 2920 2915 2895] [3290 3525 3295 3045 3150 3030 3080 2875]
[3270 3140 2965 2795 2940 2820 3000 3000] [3200 3120 3235 2810 3000 3060 3185 3150]
[2740 3150 3115 2715 2855 3020 2950 2910] [2870 3095 3010 3070 3075 2945 3240 3140]
[3040 2800 3090 2990 2780 3135 2855 2870] [3145 3225 3195 3010 3035 2950 2980 3195]
[3175 3125 2825 2840 3100 2855 2965 2795] [3110 3095 3265 2945 2955 3110 3110 3155]
COM3 0 7
1
[2895 2895 2720 2800 2935 2780 2760 2825] [3330 2815 3165 2825 3035 3255 2995 2970]
[2815 2890 3050 2775 2835 2885 2990 2850] [3035 2995 2960 2960 2975 3090 3075 2730]
[2745 3005 2945 2935 2845 2765 2825 2875] [3245 3045 3015 2975 3045 2955 2925 2925]
[3135 2745 2970 3010 2790 2955 2895 2830] [3290 3525 3295 3045 3150 3030 3080 2875]
[2960 2885 3225 2795 3045 2895 3000 2780] [3200 3120 3235 2810 3000 3060 3185 3150]
[2920 3040 3265 3010 2700 3080 2950 3015] [2870 3095 3010 3070 3075 2945 3240 3140]
[3055 2800 2935 2805 2860 2805 3075 3010] [3145 3225 3195 3010 3035 2950 2980 3195]
[2875 2650 3110 3190 2995 2885 2965 2770] [3110 3095 3265 2945 2955 3110 3110 3155]
COM7 1 8
1
[2895 2895 2720 2800 2935 2780 2760 2825] [2840 2985 3165 3130 2990 2690 2975 3145]
[2815 2890 3050 2775 2835 2885 2990 2850] [3245 2845 3090 2935 2790 3035 2935 2865]
[2745 3005 2945 2935 2845 2765 2825 2875] [2950 2860 3095 3050 3050 2930 2995 2980]
[3135 2745 2970 3010 2790 2955 2895 2830] [3045 3185 3240 3080 3020 2880 3170 2905]
[2960 2885 3225 2795 3045 2895 3000 2780] [3185 2885 2875 2975 2925 3035 3170 3095]
[2920 3040 3265 3010 2700 3080 2950 3015] [3085 3020 2965 3070 3075 3065 3135 3235]
[3055 2800 2935 2805 2860 2805 3075 3010] [2875 2965 3230 3140 3040 3100 3120 3165]
[2875 2650 3110 3190 2995 2885 2965 2770] [2945 2955 3185 3105 2810 3080 3070 2980]
COM3 0 9
1
[3085 2665 2790 2840 3015 2790 2900 2920] [2840 2985 3165 3130 2990 2690 2975 3145]
[3015 3085 2855 2935 2825 2950 3010 2755] [3245 2845 3090 2935 2790 3035 2935 2865]
[2825 3115 2945 2935 3005 3035 2905 2965] [2950 2860 3095 3050 3050 2930 2995 2980]
[2795 2840 2970 2700 2880 2840 2915 2900] [3045 3185 3240 3080 3020 2880 3170 2905]
[3105 2945 3040 3110 3115 2840 3155 2895] [3185 2885 2875 2975 2925 3035 3170 3095]
[3285 3045 3075 3125 2655 3160 2910 2875] [3085 3020 2965 3070 3075 3065 3135 3235]
[2845 2865 3185 2780 2705 3000 3010 2865] [2875 2965 3230 3140 3040 3100 3120 3165]
[3130 3240 2810 2965 2885 2875 2860 2835] [2945 2955 3185 3105 2810 3080 3070 2980]
COM7 1 10
1
[3085 2665 2790 2840 3015 2790 2900 2920] [3070 2825 3205 3035 3060 3000 3105 3075]
[3015 3085 2855 2935 2825 2950 3010 2755] [2870 3025 3335 3045 2975 3105 2955 2930]
[2825 3115 2945 2935 3005 3035 2905 2965] [2900 3060 3140 3015 3035 3050 3015 2980]
[2795 2840 2970 2700 2880 2840 2915 2900] [3000 3135 3215 3070 2975 3000 2970 2835]
[3105 2945 3040 3110 3115 2840 3155 2895] [2930 3045 3190 2890 3025 3120 3155 2980]
[3285 3045 3075 3125 2655 3160 2910 2875] [2920 3045 3055 3110 2970 3135 3140 3270]
[2845 2865 3185 2780 2705 3000 3010 2865] [3410 3270 3195 3080 3100 3015 3270 3160]
[3130 3240 2810 2965 2885 2875 2860 2835] [3200 3185 3255 3275 3050 3005 2995 3210]
COM3 0 11
1
[2680 2970 2860 2995 2690 2850 3000 2860] [3070 2825 3205 3035 3060 3000 3105 3075]
[2985 2920 2805 2845 2965 2885 2760 2665] [2870 3025 3335 3045 2975 3105 2955 2930]
[2930 2665 2915 2825 3045 2810 2850 2895] [2900 3060 3140 3015 3035 3050 3015 2980]
[2980 3055 2945 2670 2875 3010 2710 2985] [3000 3135 3215 3070 2975 3000 2970 2835]
[2960 2835 3230 3000 3125 2840 3080 2960] [2930 3045 3190 2890 3025 3120 3155 2980]
[2945 2855 2910 2990 2940 2830 3140 2905] [2920 3045 3055 3110 2970 3135 3140 3270]
[2880 3025 2755 3080 2840 2840 2780 2710] [3410 3270 3195 3080 3100 3015 3270 3160]
[2850 3080 3040 2825 3045 3170 2800 3270] [3200 3185 3255 3275 3050 3005 2995 3210]
COM7 1 12
1
[2680 2970 2860 2995 2690 2850 3000 2860] [3095 2925 3190 2755 3195 2935 2800 2910]
[2985 2920 2805 2845 2965 2885 2760 2665] [3030 3010 3090 2840 2830 2925 2995 2975]
[2930 2665 2915 2825 3045 2810 2850 2895] [3170 3040 3030 3060 3130 3100 3035 2990]
[2980 3055 2945 2670 2875 3010 2710 2985] [2940 3460 3120 3080 2865 2925 2925 2915]
[2960 2835 3230 3000 3125 2840 3080 2960] [3200 3250 3350 3005 2885 2910 3195 3135]
[2945 2855 2910 2990 2940 2830 3140 2905] [2810 3280 3200 3020 3020 2945 3250 3210]
[2880 3025 2755 3080 2840 2840 2780 2710] [3070 3485 3285 3110 3105 3275 3205 3180]
[2850 3080 3040 2825 3045 3170 2800 3270] [3135 3150 3240 3105 2985 2935 2955 3135]
COM3 0 13
1
[2680 2575 2740 2710 2705 2820 2790 2935] [3095 2925 3190 2755 3195 2935 2800 2910]
[2945 2935 2815 2995 2860 2950 2655 2885] [3030 3010 3090 2840 2830 2925 2995 2975]
[2855 2900 2880 2705 2810 2860 2850 2950] [3170 3040 3030 3060 3130 3100 3035 2990]
[2895 3170 2970 2830 2825 2805 2900 2900] [2940 3460 3120 3080 2865 2925 2925 2915]
[3145 2805 2960 2690 2820 3065 2905 3000] [3200 3250 3350 3005 2885 2910 3195 3135]
[3140 3100 3200 2995 2725 2970 3110 2760] [2810 3280 3200 3020 3020 2945 3250 3210]
[2640 2895 2865 2975 2735 2910 2905 2810] [3070 3485 3285 3110 3105 3275 3205 3180]
[2790 2840 2680 2970 2875 2825 3140 3050] [3135 3150 3240 3105 2985 2935 2955 3135]
COM7 1 14
1
[2680 2575 2740 2710 2705 2820 2790 2935] [3295 3105 3130 2965 2870 3065 3245 2975]
[2945 2935 2815 2995 2860 2950 2655 2885] [2940 3005 3055 3095 2860 3035 3055 3045]
[2855 2900 2880 2705 2810 2860 2850 2950] [2975 3005 2985 2930 3045 3060 2890 3040]
[2895 3170 2970 2830 2825 2805 2900 2900] [3195 3150 3275 3030 3105 2975 3030 3075]
[3145 2805 2960 2690 2820 3065 2905 3000] [2990 3085 3115 3070 2950 3030 3180 3190]
[3140 3100 3200 2995 2725 2970 3110 2760] [3295 3175 3100 3240 2895 3045 3035 3120]
[2640 2895 2865 2975 2735 2910 2905 2810] [3125 3330 3315 3090 3100 3165 3070 3020]
[2790 2840 2680 2970 2875 2825 3140 3050] [3100 3245 3050 3095 3155 3295 3175 2905]
COM3 0 15
1
[2925 2695 2705 2910 2835 2680 2880 2700] [3295 3105 3130 2965 2870 3065 3245 2975]
[2795 3010 2885 3015 2700 2850 2985 2895] [2940 3005 3055 3095 2860 3035 3055 3045]
[2805 2745 3060 2875 2850 2885 2850 2950] [2975 3005 2985 2930 3045 3060 2890 3040]
[2975 3050 2910 2930 2835 2875 2970 2785] [3195 3150 3275 3030 3105 2975 3030 3075]
[2890 3065 2920 2865 2915 2840 2820 3000] [2990 3085 3115 3070 2950 3030 3180 3190]
[2940 2770 3115 3160 2890 3170 3130 3040] [3295 3175 3100 3240 2895 3045 3035 3120]
[3055 3055 2885 2985 2650 2845 2925 3015] [3125 3330 3315 3090 3100 3165 3070 3020]
[3100 3040 2795 3025 2805 3265 3145 2765] [3100 3245 3050 3095 3155 3295 3175 2905]
COM7 1 16
1
[2925 2695 2705 2910 2835 2680 2880 2700] [3030 3225 3075 3000 2910 3145 2955 3150]
[2795 3010 2885 3015 2700 2850 2985 2895] [2830 2870 3040 3055 2995 3015 2935 3165]
[2805 2745 3060 2875 2850 2885 2850 2950] [3035 3045 2985 2890 3055 2945 3040 2980]
[2975 3050 2910 2930 2835 2875 2970 2785] [3110 3230 3230 3165 2960 3085 2945 2915]
[2890 3065 2920 2865 2915 2840 2820 3000] [3160 3130 3155 2945 3040 3105 3055 3150]
[2940 2770 3115 3160 2890 3170 3130 3040] [3040 3015 3105 3330 3195 3220 3215 3175]
[3055 3055 2885 2985 2650 2845 2925 3015] [3150 3185 3320 3035 3100 3005 3020 3200]
[3100 3040 2795 3025 2805 3265 3145 2765] [3400 3345 3090 3175 2965 3005 3015 3065]
COM3 0 17
1
[2970 2680 2710 3015 2805 2905 2755 2945] [3030 3225 3075 3000 2910 3145 2955 3150]
[3120 3110 2785 2930 2830 2820 2725 2975] [2830 2870 3040 3055 2995 3015 2935 3165]
[3010 2860 2875 2790 2760 2865 3015 2790] [3035 3045 2985 2890 3055 2945 3040 2980]
[2665 2895 2960 2930 3020 2905 2820 2880] [3110 3230 3230 3165 2960 3085 2945 2915]
[2960 2915 2920 2890 3025 2775 3210 2905] [3160 3130 3155 2945 3040 3105 3055 3150]
[2895 2880 3205 3040 2630 2900 2900 2975] [3040 3015 3105 3330 3195 3220 3215 3175]
[2935 2495 2695 3070 2785 3045 3230 3020] [3150 3185 3320 3035 3100 3005 3020 3200]
[2645 3015 2850 3070 3105 2740 2885 2680] [3400 3345 3090 3175 2965 3005 3015 3065]
COM7 1 18
1
[2970 2680 2710 3015 2805 2905 2755 2945] [2950 3240 2975 3070 3170 2885 3100 2835]
[3120 3110 2785 2930 2830 2820 2725 2975] [3120 2810 3050 2920 2875 3035 2995 2940]
[3010 2860 2875 2790 2760 2865 3015 2790] [3110 2975 3075 2945 3015 2905 3140 3130]
[2665 2895 2960 2930 3020 2905 2820 2880] [3045 3240 3225 2920 3040 3030 2920 2905]
[2960 2915 2920 2890 3025 2775 3210 2905] [2990 3085 2950 2900 2925 2935 2900 2880]
[2895 2880 3205 3040 2630 2900 2900 2975] [3340 3205 3015 3135 3105 3180 2985 3120]
[2935 2495 2695 3070 2785 3045 3230 3020] [3200 3275 3200 3035 3180 3065 3210 3015]
[2645 3015 2850 3070 3105 2740 2885 2680] [3215 2960 3215 3285 3290 3010 3090 3225]
COM3 0 19
1
[2720 2710 3035 2680 2770 2835 2950 2690] [2950 3240 2975 3070 3170 2885 3100 2835]
[3000 2840 3045 2920 2845 2955 2860 2705] [3120 2810 3050 2920 2875 3035 2995 2940]
[2610 2870 2760 2840 2855 2835 2825 2880] [3110 2975 3075 2945 3015 2905 3140 3130]
[3090 3265 2970 2865 2915 2855 2820 2840] [3045 3240 3225 2920 3040 3030 2920 2905]
[2890 2745 3040 3075 3030 2725 2940 3110] [2990 3085 2950 2900 2925 2935 2900 2880]
[2830 3115 3105 2775 2790 3180 2935 2800] [3340 3205 3015 3135 3105 3180 2985 3120]
[3095 3000 3145 2815 3035 3205 2865 3025] [3200 3275 3200 3035 3180 3065 3210 3015]
[3050 3235 2690 2755 2810 2780 3065 2980] [3215 2960 3215 3285 3290 3010 3090 3225]
COM7 1 20
1
[2720 2710 3035 2680 2770 2835 2950 2690] [2750 3250 3125 3130 3035 2995 2945 3040]
[3000 2840 3045 2920 2845 2955 2860 2705] [2940 2995 3195 3050 2910 3035 3075 3035]
[2610 2870 2760 2840 2855 2835 2825 2880] [3095 3165 3015 2850 3100 2995 2955 2940]
[3090 3265 2970 2865 2915 2855 2820 2840] [3110 3145 3210 3150 3110 3085 3010 2980]
[2890 2745 3040 3075 3030 2725 2940 3110] [3005 3335 3210 2840 2885 3030 3245 3080]
[2830 3115 3105 2775 2790 3180 2935 2800] [2975 2905 3110 3120 3015 3090 3050 3330]
[3095 3000 3145 2815 3035 3205 2865 3025] [3240 3170 3210 3165 3215 3100 3275 3325]
[3050 3235 2690 2755 2810 2780 3065 2980] [3190 3195 3095 3150 2810 3110 3275 3345]
COM3 0 21
1
[2650 2910 2790 2620 2850 2820 2845 2775] [2750 3250 3125 3130 3035 2995 2945 3040]
[2920 2935 3010 2915 2825 2860 2705 2870] [2940 2995 3195 3050 2910 3035 3075 3035]
[3045 2770 2675 2615 2925 2885 2735 2870] [3095 3165 3015 2850 3100 2995 2955 2940]
[2755 2730 2935 2830 2860 2935 2785 3125] [3110 3145 3210 3150 3110 3085 3010 2980]
[2825 2985 3065 2725 2945 2780 3080 3050] [3005 3335 3210 2840 2885 3030 3245 3080]
[2940 2980 2875 2910 2845 2905 3105 3050] [2975 2905 3110 3120 3015 3090 3050 3330]
[2920 2870 2935 2970 2860 2865 3110 3090] [3240 3170 3210 3165 3215 3100 3275 3325]
[2795 3030 3070 2510 2865 3170 2920 2935] [3190 3195 3095 3150 2810 3110 3275 3345]
COM7 1 22
1
[2650 2910 2790 2620 2850 2820 2845 2775] [2885 3035 2795 2755 3280 2910 3005 3150]
[2920 2935 3010 2915 2825 2860 2705 2870] [2825 3020 3025 2950 2740 3080 3070 3085]
[3045 2770 2675 2615 2925 2885 2735 2870] [3055 2960 3080 2950 3065 3025 2945 2900]
[2755 2730 2935 2830 2860 2935 2785 3125] [3070 3000 3005 3065 2900 2920 3085 3000]
[2825 2985 3065 2725 2945 2780 3080 3050] [2895 3025 3070 2840 3025 2970 3055 3090]
[2940 2980 2875 2910 2845 2905 3105 3050] [3060 3060 3045 3090 3020 3205 3115 3115]
[2920 2870 2935 2970 2860 2865 3110 3090] [3150 3300 3115 3235 3220 3010 3015 3150]
[2795 3030 3070 2510 2865 3170 2920 2935] [2945 2940 3410 3180 2985 3000 3170 2975]
COM3 0 23
1
[2725 2575 3005 2855 3065 2825 2975 2820] [2885 3035 2795 2755 3280 2910 3005 3150]
[2735 2890 2785 2815 2860 2960 2960 2755] [2825 3020 3025 2950 2740 3080 3070 3085]
[2805 2825 2945 2850 2770 2945 2820 2975] [3055 2960 3080 2950 3065 3025 2945 2900]
[2850 2900 2820 2920 3030 2885 2900 2995] [3070 3000 3005 3065 2900 2920 3085 3000]
[2805 2905 3080 2920 2890 2945 3000 3105] [2895 3025 3070 2840 3025 2970 3055 3090]
[2920 2970 2935 2885 2790 2905 2985 2915] [3060 3060 3045 3090 3020 3205 3115 3115]
[2895 3000 2810 2800 2835 3025 2835 3090] [3150 3300 3115 3235 3220 3010 3015 3150]
[3155 3175 3045 3025 3130 2800 3380 3210] [2945 2940 3410 3180 2985 3000 3170 2975]
COM7 1 24
1
[2725 2575 3005 2855 3065 2825 2975 2820] [3195 2945 2900 2930 2935 2690 2885 3150]
[2735 2890 2785 2815 2860 2960 2960 2755] [3185 3200 3055 2855 3035 3110 2875 2985]
[2805 2825 2945 2850 2770 2945 2820 2975] [3100 3035 3145 2960 2925 2810 3010 2965]
[2850 2900 2820 2920 3030 2885 2900 2995] [3490 2945 3050 3065 3035 3025 3050 3025]
[2805 2905 3080 2920 2890 2945 3000 3105] [2865 2960 3140 3150 2970 2890 3155 3000]
[2920 2970 2935 2885 2790 2905 2985 2915] [3105 2940 2975 3010 3035 3170 3040 3010]
[2895 3000 2810 2800 2835 3025 2835 3090] [3070 3295 2995 3115 3100 2895 3015 2995]
[3155 3175 3045 3025 3130 2800 3380 3210] [3085 3055 3135 3110 3025 2875 3180 2985]
COM3 0 25
1
[2820 2745 2785 2880 2730 2780 3105 3015] [3195 2945 2900 2930 2935 2690 2885 3150]
[3000 2840 2805 2805 2860 2935 2795 3050] [3185 3200 3055 2855 3035 3110 2875 2985]
[2690 2900 2945 2745 2735 2950 2840 3085] [3100 3035 3145 2960 2925 2810 3010 2965]
[2785 3100 3225 2810 2910 2920 2915 2840] [3490 2945 3050 3065 3035 3025 3050 3025]
[2890 2985 3080 3080 2885 2915 2915 2935] [2865 2960 3140 3150 2970 2890 3155 3000]
[2915 2875 3035 2820 2790 2805 3105 2970] [3105 2940 2975 3010 3035 3170 3040 3010]
[3160 2960 2725 3105 3005 2995 2795 3080] [3070 3295 2995 3115 3100 2895 3015 2995]
[2890 3055 2885 2890 2895 2855 3045 2995] [3085 3055 3135 3110 3025 2875 3180 2985]
COM7 1 26
1
[2820 2745 2785 2880 2730 2780 3105 3015] [2755 2955 3140 3130 3340 3140 2735 2995]
[3000 2840 2805 2805 2860 2935 2795 3050] [3045 3200 3100 2900 2980 2905 2990 2910]
[2690 2900 2945 2745 2735 2950 2840 3085] [2920 3155 2985 3025 3025 2955 2995 2965]
[2785 3100 3225 2810 2910 2920 2915 2840] [3055 3350 3345 3020 3045 3090 2945 2905]
[2890 2985 3080 3080 2885 2915 2915 2935] [3095 2995 3030 2805 3010 2960 3050 3095]
[2915 2875 3035 2820 2790 2805 3105 2970] [2785 3020 2815 3265 3010 3025 3090 3050]
[3160 2960 2725 3105 3005 2995 2795 3080] [2885 3325 3185 2915 3050 3215 2980 3015]
[2890 3055 2885 2890 2895 2855 3045 2995] [3250 3205 3205 3340 2960 3140 3285 3030]
COM3 0 27
1
[2940 2775 2825 2930 2700 2805 2835 2920] [2755 2955 3140 3130 3340 3140 2735 2995]
[2920 3225 2645 3010 2810 2825 2775 2905] [3045 3200 3100 2900 2980 2905 2990 2910]
[2785 2825 3025 2820 2860 2895 2995 2895] [2920 3155 2985 3025 3025 2955 2995 2965]
[3095 3020 3040 3000 2890 2935 2670 2810] [3055 3350 3345 3020 3045 3090 2945 2905]
[2850 2910 2935 2920 2800 2830 2865 2950] [3095 2995 3030 2805 3010 2960 3050 3095]
[2940 2810 2975 2845 3070 3125 2985 2990] [2785 3020 2815 3265 3010 3025 3090 3050]
[3065 2780 2935 2930 2975 2905 2855 3030] [2885 3325 3185 2915 3050 3215 2980 3015]
[2790 2705 3155 2705 2835 2780 2855 2845] [3250 3205 3205 3340 2960 3140 3285 3030]
COM7 1 28
1
[2940 2775 2825 2930 2700 2805 2835 2920] [2750 3120 3285 2825 3220 2750 3075 3100]
[2920 3225 2645 3010 2810 2825 2775 2905] [3030 3170 3090 2845 2905 3065 3080 2915]
[2785 2825 3025 2820 2860 2895 2995 2895] [2945 3140 3205 2985 3065 3000 2945 2930]
[3095 3020 3040 3000 2890 2935 2670 2810] [3145 3295 3205 3080 3085 3085 2990 2935]
[2850 2910 2935 2920 2800 2830 2865 2950] [3070 3035 3265 2975 3025 3135 3130 3090]
[2940 2810 2975 2845 3070 3125 2985 2990] [2970 2935 2975 3125 3055 3040 3180 3275]
[3065 2780 2935 2930 2975 2905 2855 3030] [3110 3030 3215 3300 3085 2970 3010 2935]
[2790 2705 3155 2705 2835 2780 2855 2845] [2910 3095 2995 3145 3025 2985 2990 3080]
COM3 0 29
1
[2665 3020 2905 3010 2985 2720 2885 2920] [2750 3120 3285 2825 3220 2750 3075 3100]
[2945 2800 2775 2935 2910 2955 2915 2775] [3030 3170 3090 2845 2905 3065 3080 2915]
[2795 2995 2935 2860 2770 2840 2840 2810] [2945 3140 3205 2985 3065 3000 2945 2930]
[2830 2990 2955 2745 2795 2910 2685 2715] [3145 3295 3205 3080 3085 3085 2990 2935]
[2890 3135 3150 2925 3075 3005 3015 3055] [3070 3035 3265 2975 3025 3135 3130 3090]
[2940 3090 2975 2870 2775 2850 3065 2870] [2970 2935 2975 3125 3055 3040 3180 3275]
[2800 3055 3070 2990 2715 3105 2835 2790] [3110 3030 3215 3300 3085 2970 3010 2935]
[2895 3110 2895 2865 2830 2895 2885 2845] [2910 3095 2995 3145 3025 2985 2990 3080]
COM7 1 30
1
[2665 3020 2905 3010 2985 2720 2885 2920] [3000 2875 3465 2970 2965 2890 2800 3135]
[2945 2800 2775 2935 2910 2955 2915 2775] [2830 3035 2940 3010 2980 2945 2975 2955]
[2795 2995 2935 2860 2770 2840 2840 2810] [2935 3135 3140 2980 3085 2915 2920 3085]
[2830 2990 2955 2745 2795 2910 2685 2715] [3275 3375 2985 3050 2975 3020 3105 3075]
[2890 3135 3150 2925 3075 3005 3015 3055] [2980 3155 3145 2910 2930 3090 3070 3155]
[2940 3090 2975 2870 2775 2850 3065 2870] [2725 3260 3075 3250 3040 3000 3075 2955]
[2800 3055 3070 2990 2715 3105 2835 2790] [3270 3420 3005 3015 3170 2995 3190 3295]
[2895 3110 2895 2865 2830 2895 2885 2845] [2930 3045 3005 3130 3000 3115 3125 3145]
COM3 0 31
1
[2905 2755 2880 2835 2930 2815 2880 2820] [3000 2875 3465 2970 2965 2890 2800 3135]
[3015 2920 2885 2760 2845 2995 2820 2680] [2830 3035 2940 3010 2980 2945 2975 2955]
[2725 2615 3145 2855 2810 2885 2725 2810] [2935 3135 3140 2980 3085 2915 2920 3085]
[2785 2900 2970 2890 2765 3015 2915 2740] [3275 3375 2985 3050 2975 3020 3105 3075]
[2725 3000 2845 2800 2835 2800 3080 2950] [2980 3155 3145 2910 2930 3090 3070 3155]
[2845 2955 3175 2895 2920 3105 2865 2715] [2725 3260 3075 3250 3040 3000 3075 2955]
[2670 2940 3120 2925 2795 2865 3030 2750] [3270 3420 3005 3015 3170 2995 3190 3295]
[3000 2790 2975 2975 2870 2900 2965 2790] [2930 3045 3005 3130 3000 3115 3125 3145]
COM7 1 32
1
[2905 2755 2880 2835 2930 2815 2880 2820] [2840 2910 3175 2960 2895 2800 3200 2970]
[3015 2920 2885 2760 2845 2995 2820 2680] [3145 3005 2940 2855 2955 3125 3110 2990]
[2725 2615 3145 2855 2810 2885 2725 2810] [3110 2990 3065 2900 3065 2955 3055 2970]
[2785 2900 2970 2890 2765 3015 2915 2740] [3140 2885 3125 3015 3015 3075 3135 2915]
[2725 3000 2845 2800 2835 2800 3080 2950] [3020 3335 3240 2845 3005 3160 3075 3010]
[2845 2955 3175 2895 2920 3105 2865 2715] [3040 2995 2990 3260 2895 3015 3055 3000]
[2670 2940 3120 2925 2795 2865 3030 2750] [3010 3365 3300 3040 3190 3025 3090 3245]
[3000 2790 2975 2975 2870 2900 2965 2790] [3155 2955 2860 3150 3035 2925 3055 3345]
COM3 0 33
1
[2860 2785 2925 2930 2865 2795 2900 2715] [2840 2910 3175 2960 2895 2800 3200 2970]
[3075 2765 2880 3065 2830 2840 2845 2840] [3145 3005 2940 2855 2955 3125 3110 2990]
[2835 2980 2850 2870 2925 2865 3005 2960] [3110 2990 3065 2900 3065 2955 3055 2970]
[3125 2995 2970 2890 3025 2755 2850 2805] [3140 2885 3125 3015 3015 3075 3135 2915]
[3135 3000 3050 2920 2870 2950 2940 2960] [3020 3335 3240 2845 3005 3160 3075 3010]
[3015 3040 3235 3215 2555 3120 2940 2810] [3040 2995 2990 3260 2895 3015 3055 3000]
[3095 2785 3015 2780 3050 2905 2930 2635] [3010 3365 3300 3040 3190 3025 3090 3245]
[3145 2950 3005 2885 3080 3020 2950 3045] [3155 2955 2860 3150 3035 2925 3055 3345]
COM7 1 34
1
[2860 2785 2925 2930 2865 2795 2900 2715] [3140 2825 3055 2910 3055 2690 2995 3205]
[3075 2765 2880 3065 2830 2840 2845 2840] [3020 3090 3140 2985 2905 2895 3000 2900]
[2835 2980 2850 2870 2925 2865 3005 2960] [3035 2905 3100 2955 3080 3085 3035 2970]
[3125 2995 2970 2890 3025 2755 2850 2805] [3040 3030 3120 3015 3050 3070 3040 3000]
[3135 3000 3050 2920 2870 2950 2940 2960] [3120 3120 3305 2960 2905 3005 3230 3180]
[3015 3040 3235 3215 2555 3120 2940 2810] [3005 3025 3255 3210 3040 2875 2990 3165]
[3095 2785 3015 2780 3050 2905 2930 2635] [2885 3270 3185 3065 2890 3030 3175 3110]
[3145 2950 3005 2885 3080 3020 2950 3045] [3050 3080 3175 3070 2990 3070 3205 2970]
COM3 0 35
1
[2865 2655 2710 2895 2935 2700 2850 2910] [3140 2825 3055 2910 3055 2690 2995 3205]
[3155 2835 2805 2915 2930 2885 2750 2810] [3020 3090 3140 2985 2905 2895 3000 2900]
[2930 2900 2760 2755 2910 2810 2940 3010] [3035 2905 3100 2955 3080 3085 3035 2970]
[2815 2965 2970 2930 3055 2700 2885 2830] [3040 3030 3120 3015 3050 3070 3040 3000]
[3085 2945 3180 3005 2850 2820 2915 3065] [3120 3120 3305 2960 2905 3005 3230 3180]
[2935 2870 3040 3085 2790 3085 2920 2770] [3005 3025 3255 3210 3040 2875 2990 3165]
[3095 3200 2755 3025 2935 2985 2880 2975] [2885 3270 3185 3065 2890 3030 3175 3110]
[2730 3055 2895 3050 3045 2770 3050 3045] [3050 3080 3175 3070 2990 3070 3205 2970]
COM7 1 36
1
[2865 2655 2710 2895 2935 2700 2850 2910] [2750 2640 2750 3020 2890 2880 3135 2905]
[3155 2835 2805 2915 2930 2885 2750 2810] [3175 2955 3175 2980 2955 3095 2965 2945]
[2930 2900 2760 2755 2910 2810 2940 3010] [3125 2935 3125 2825 3095 2955 2995 3010]
[2815 2965 2970 2930 3055 2700 2885 2830] [3225 3390 3130 3210 2960 2960 3015 2955]
[3085 2945 3180 3005 2850 2820 2915 3065] [3025 3200 3035 2960 2980 3025 3085 3130]
[2935 2870 3040 3085 2790 3085 2920 2770] [2810 3035 2895 3085 3075 3110 3305 3340]
[3095 3200 2755 3025 2935 2985 2880 2975] [2885 3315 3255 3210 3035 3190 3125 3110]
[2730 3055 2895 3050 3045 2770 3050 3045] [3190 3105 3055 3175 3180 3000 3180 2985]
COM3 0 37
1
[2815 2865 2775 2800 2740 2850 2870 2860] [2750 2640 2750 3020 2890 2880 3135 2905]
[2790 2695 2880 2775 2915 2865 2825 2885] [3175 2955 3175 2980 2955 3095 2965 2945]
[2790 2785 2940 2855 2730 2945 2845 2890] [3125 2935 3125 2825 3095 2955 2995 3010]
[3220 2795 2910 2885 2880 2950 2975 2845] [3225 3390 3130 3210 2960 2960 3015 2955]
[3040 2715 2835 2915 2770 2830 2900 3060] [3025 3200 3035 2960 2980 3025 3085 3130]
[2825 2875 2745 3145 2780 2900 2920 2900] [2810 3035 2895 3085 3075 3110 3305 3340]
[2935 3030 3105 2945 2745 2760 2745 2715] [2885 3315 3255 3210 3035 3190 3125 3110]
[2890 2830 2990 2890 2970 2895 3105 2740] [3190 3105 3055 3175 3180 3000 3180 2985]
COM7 1 38
1
[2815 2865 2775 2800 2740 2850 2870 2860] [2975 2745 3095 3290 2820 2795 2795 2590]
[2790 2695 2880 2775 2915 2865 2825 2885] [3095 2800 3050 2855 2815 2925 2815 2970]
[2790 2785 2940 2855 2730 2945 2845 2890] [2955 3110 2985 3030 3190 3060 3075 2870]
[3220 2795 2910 2885 2880 2950 2975 2845] [3055 2950 3225 3100 3095 3040 3030 2915]
[3040 2715 2835 2915 2770 2830 2900 3060] [2980 3335 3310 2945 3115 3090 3210 3135]
[2825 2875 2745 3145 2780 2900 2920 2900] [2985 3015 3175 3200 2990 3145 3160 3120]
[2935 3030 3105 2945 2745 2760 2745 2715] [2880 3215 3310 3190 3190 3005 2945 3190]
[2890 2830 2990 2890 2970 2895 3105 2740] [3190 3200 3120 3215 2910 3075 3015 3225]
COM3 0 39
1
[2870 2865 2850 2700 2980 2745 2885 2885] [2975 2745 3095 3290 2820 2795 2795 2590]
[2910 2930 2880 2930 2850 3010 2855 2735] [3095 2800 3050 2855 2815 2925 2815 2970]
[3065 2770 2920 2925 2735 2865 2760 2660] [2955 3110 2985 3030 3190 3060 3075 2870]
[2890 3145 3100 2820 2900 2950 2850 2890] [3055 2950 3225 3100 3095 3040 3030 2915]
[3005 2835 2945 2790 2945 2800 3070 3110] [2980 3335 3310 2945 3115 3090 3210 3135]
[3005 2885 3160 3050 2700 2900 3060 3240] [2985 3015 3175 3200 2990 3145 3160 3120]
[3045 2925 2935 3320 3230 2835 2920 3065] [2880 3215 3310 3190 3190 3005 2945 3190]
[3065 2670 2875 3130 2855 3210 3110 2675] [3190 3200 3120 3215 2910 3075 3015 3225]
COM7 1 40
1
[2870 2865 2850 2700 2980 2745 2885 2885] [3040 2720 3215 2890 3000 2815 3080 2985]
[2910 2930 2880 2930 2850 3010 2855 2735] [2815 2960 3210 3020 2950 2980 3235 2995]
[3065 2770 2920 2925 2735 2865 2760 2660] [2900 3005 3135 3045 3105 2955 2955 2860]
[2890 3145 3100 2820 2900 2950 2850 2890] [2925 3060 3210 3010 3020 2870 2950 2935]
[3005 2835 2945 2790 2945 2800 3070 3110] [2870 3085 3220 2970 3080 3105 3150 3035]
[3005 2885 3160 3050 2700 2900 3060 3240] [2910 2810 2930 3065 3070 3010 3215 3270]
[3045 2925 2935 3320 3230 2835 2920 3065] [3065 2860 3170 3065 3060 3040 3360 3010]
[3065 2670 2875 3130 2855 3210 3110 2675] [3070 3155 3360 3280 3070 3165 2705 2900]
COM3 0 41
1
[2900 2605 2695 3075 2820 2750 2885 2950] [3040 2720 3215 2890 3000 2815 3080 2985]
[2745 2795 2965 3040 2940 3130 2810 2705] [2815 2960 3210 3020 2950 2980 3235 2995]
[2850 2900 2920 2835 2840 2860 2735 3005] [2900 3005 3135 3045 3105 2955 2955 2860]
[2805 3025 2910 2650 2930 2905 2810 3025] [2925 3060 3210 3010 3020 2870 2950 2935]
[2885 2800 2850 2835 2940 2895 2735 3000] [2870 3085 3220 2970 3080 3105 3150 3035]
[2940 2950 3195 2770 2890 3035 3050 3060] [2910 2810 2930 3065 3070 3010 3215 3270]
[2945 2795 2855 2865 3010 2810 3235 3130] [3065 2860 3170 3065 3060 3040 3360 3010]
[3110 3055 2785 2865 2835 3095 2960 3055] [3070 3155 3360 3280 3070 3165 2705 2900]
COM7 1 42
1
[2900 2605 2695 3075 2820 2750 2885 2950] [2660 3105 2695 2915 2735 3035 2960 2965]
[2745 2795 2965 3040 2940 3130 2810 2705] [3115 2840 3095 3145 3005 3005 2995 2935]
[2850 2900 2920 2835 2840 2860 2735 3005] [2950 3075 3080 3000 3035 3045 2920 3020]
[2805 3025 2910 2650 2930 2905 2810 3025] [2960 3225 3245 3095 3075 3110 3040 3025]
[2885 2800 2850 2835 2940 2895 2735 3000] [3095 3295 3230 2970 3025 3005 3290 3170]
[2940 2950 3195 2770 2890 3035 3050 3060] [3085 3225 3050 3200 3075 2960 2965 3165]
[2945 2795 2855 2865 3010 2810 3235 3130] [3195 3225 3185 3180 2995 3110 3375 3035]
[3110 3055 2785 2865 2835 3095 2960 3055] [3325 2960 3175 3205 3170 3065 3195 3305]
COM3 0 43
1
[2800 2595 2740 2835 2825 2820 2885 2705] [2660 3105 2695 2915 2735 3035 2960 2965]
[3100 3095 2800 2725 2750 2865 2800 2890] [3115 2840 3095 3145 3005 3005 2995 2935]
[2845 2790 2940 2770 2905 2890 2725 2690] [2950 3075 3080 3000 3035 3045 2920 3020]
[2860 2755 2960 2890 2905 2820 2830 2770] [2960 3225 3245 3095 3075 3110 3040 3025]
[3000 2880 3175 2905 3100 2595 3085 2890] [3095 3295 3230 2970 3025 3005 3290 3170]
[2830 2740 2690 2985 2640 2790 2860 2865] [3085 3225 3050 3200 3075 2960 2965 3165]
[2945 2890 2930 2945 2815 2575 2815 2625] [3195 3225 3185 3180 2995 3110 3375 3035]
[3165 2835 2790 2825 3055 2895 2850 2830] [3325 2960 3175 3205 3170 3065 3195 3305]
COM7 1 44
1
[2800 2595 2740 2835 2825 2820 2885 2705] [2910 3030 2795 2755 3180 3005 2990 3020]
[3100 3095 2800 2725 2750 2865 2800 2890] [2940 3020 3160 3160 2915 3095 3085 2860]
[2845 2790 2940 2770 2905 2890 2725 2690] [2955 3215 3140 2895 3035 3085 2965 2840]
[2860 2755 2960 2890 2905 2820 2830 2770] [2980 3145 3040 3030 2905 3000 3230 3055]
[3000 2880 3175 2905 3100 2595 3085 2890] [3255 3040 3060 3005 3080 3045 3210 3070]
[2830 2740 2690 2985 2640 2790 2860 2865] [3110 3025 2845 3070 3025 3075 3035 3055]
[2945 2890 2930 2945 2815 2575 2815 2625] [2885 2990 3280 3130 3175 3040 3250 3290]
[3165 2835 2790 2825 3055 2895 2850 2830] [2980 3280 3300 3480 3145 3070 2910 3335]
COM3 0 45
1
[2980 2775 2565 2895 2935 2645 2900 2910] [2910 3030 2795 2755 3180 3005 2990 3020]
[2905 2900 2885 2805 2810 2885 2915 2765] [2940 3020 3160 3160 2915 3095 3085 2860]
[2820 3040 2935 2785 2805 2785 2840 2690] [2955 3215 3140 2895 3035 3085 2965 2840]
[3070 2970 2860 2945 2930 2905 2725 2810] [2980 3145 3040 3030 2905 3000 3230 3055]
[2850 2925 2815 2810 2945 2765 2940 2880] [3255 3040 3060 3005 3080 3045 3210 3070]
[3105 2715 3035 3045 3070 2905 2755 2910] [3110 3025 2845 3070 3025 3075 3035 3055]
[3035 3100 2785 2845 2580 3130 2735 2805] [2885 2990 3280 3130 3175 3040 3250 3290]
[3030 2785 2885 2885 3090 2835 3135 2765] [2980 3280 3300 3480 3145 3070 2910 3335]
COM7 1 46
1
[2980 2775 2565 2895 2935 2645 2900 2910] [2650 3000 2795 3085 3090 2915 2800 3245]
[2905 2900 2885 2805 2810 2885 2915 2765] [2870 2955 3035 2935 2915 3065 2800 2885]
[2820 3040 2935 2785 2805 2785 2840 2690] [3175 3065 2935 2895 3250 2860 2955 2995]
[3070 2970 2860 2945 2930 2905 2725 2810] [3295 3085 3135 3035 2925 2835 3170 2965]
[2850 2925 2815 2810 2945 2765 2940 2880] [3185 3145 2945 3000 3000 3015 3125 3085]
[3105 2715 3035 3045 3070 2905 2755 2910] [3090 2980 3015 3215 2995 3220 3240 3400]
[3035 3100 2785 2845 2580 3130 2735 2805] [3110 3250 3150 3170 2870 3180 3040 3100]
[3030 2785 2885 2885 3090 2835 3135 2765] [2915 2940 3165 3080 2970 3125 3150 3320]
COM3 0 47
1
[2865 2815 2790 2910 2930 2720 3095 2860] [2650 3000 2795 3085 3090 2915 2800 3245]
[3015 2935 2795 3020 2835 2950 2860 2855] [2870 2955 3035 2935 2915 3065 2800 2885]
[2840 2705 2880 2930 2995 2885 2935 3005] [3175 3065 2935 2895 3250 2860 2955 2995]
[2880 3045 2870 2855 2940 2900 2905 2895] [3295 3085 3135 3035 2925 2835 3170 2965]
[2705 2890 2950 3025 2795 2790 2940 3135] [3185 3145 2945 3000 3000 3015 3125 3085]
[3010 2970 3120 3050 2710 3045 2795 2720] [3090 2980 3015 3215 2995 3220 3240 3400]
[3130 2940 2775 2990 3105 2870 2610 2790] [3110 3250 3150 3170 2870 3180 3040 3100]
[3100 2770 2895 2800 2990 2800 2965 3055] [2915 2940 3165 3080 2970 3125 3150 3320]
COM7 1 48
1
[2865 2815 2790 2910 2930 2720 3095 2860] [2635 2865 3240 2865 3150 2750 2960 2920]
[3015 2935 2795 3020 2835 2950 2860 2855] [3065 3010 3160 3010 2980 3145 2925 2965]
[2840 2705 2880 2930 2995 2885 2935 3005] [3000 2925 2900 3040 3025 2970 2985 2975]
[2880 3045 2870 2855 2940 2900 2905 2895] [3035 2855 3195 3030 2980 2830 3070 2945]
[2705 2890 2950 3025 2795 2790 2940 3135] [3415 3165 3080 2870 3050 2935 3065 3125]
[3010 2970 3120 3050 2710 3045 2795 2720] [2955 2980 2970 3080 2950 2865 3110 3100]
[3130 2940 2775 2990 3105 2870 2610 2790] [3140 3025 2995 3140 3010 2915 2955 3240]
[3100 2770 2895 2800 2990 2800 2965 3055] [2850 2965 3140 3335 3090 2995 3245 2955]
COM3 0 49
1
[3005 2680 2990 2885 2930 2825 2870 2700] [2635 2865 3240 2865 3150 2750 2960 2920]
[2850 3095 2715 2880 2940 2935 2805 2910] [3065 3010 3160 3010 2980 3145 2925 2965]
[2795 2680 2865 2825 2795 2945 3040 2895] [3000 2925 2900 3040 3025 2970 2985 2975]
[3205 3020 3080 2885 3075 2900 2875 2885] [3035 2855 3195 3030 2980 2830 3070 2945]
[2890 3000 2950 2910 2960 2830 3105 3050] [3415 3165 3080 2870 3050 2935 3065 3125]
[2795 2690 3135 2835 2785 2905 3210 3290] [2955 2980 2970 3080 2950 2865 3110 3100]
[2945 2895 3015 3005 2985 3075 3060 3140] [3140 3025 2995 3140 3010 2915 2955 3240]
[3030 2740 2885 3125 3055 2800 2965 3070] [2850 2965 3140 3335 3090 2995 3245 2955]
COM7 1 50
1
[3005 2680 2990 2885 2930 2825 2870 2700] [2755 3185 3110 3215 3035 2840 2950 3225]
[2850 3095 2715 2880 2940 2935 2805 2910] [2865 3035 3210 2865 2865 3025 2955 2925]
[2795 2680 2865 2825 2795 2945 3040 2895] [3085 3030 3045 2930 3110 2905 2920 2835]
[3205 3020 3080 2885 3075 2900 2875 2885] [3125 3015 3210 3045 3155 3065 3015 2940]
[2890 3000 2950 2910 2960 2830 3105 3050] [2925 3155 3120 2925 3035 2900 3205 3065]
[2795 2690 3135 2835 2785 2905 3210 3290] [2870 2910 3150 3215 3215 3075 3105 2990]
[2945 2895 3015 3005 2985 3075 3060 3140] [2980 2990 3270 2945 3135 3180 3105 3060]
[3030 2740 2885 3125 3055 2800 2965 3070] [3095 3085 3210 3330 2870 3025 3085 3375]
COM3 0 51
1
[3025 2800 2740 2930 2670 2810 2805 2690] [2755 3185 3110 3215 3035 2840 2950 3225]
[2875 2810 3085 3095 2770 2770 2855 3005] [2865 3035 3210 2865 2865 3025 2955 2925]
[2775 2680 3025 2855 2770 2895 2775 2835] [3085 3030 3045 2930 3110 2905 2920 2835]
[2905 2900 2970 2805 2870 2855 2765 2770] [3125 3015 3210 3045 3155 3065 3015 2940]
[3120 2765 2865 2655 2900 2930 2825 3125] [2925 3155 3120 2925 3035 2900 3205 3065]
[3065 2955 3060 2870 2735 2835 2910 2995] [2870 2910 3150 3215 3215 3075 3105 2990]
[2855 2965 3130 2925 3050 2910 2795 2960] [2980 2990 3270 2945 3135 3180 3105 3060]
[3110 2840 2895 2810 3100 2895 2870 2990] [3095 3085 3210 3330 2870 3025 3085 3375]
COM7 1 52
1
[3025 2800 2740 2930 2670 2810 2805 2690] [3085 3095 3135 2915 3275 3005 2930 3110]
[2875 2810 3085 3095 2770 2770 2855 3005] [3135 2850 2975 3000 2890 2960 2850 2970]
[2775 2680 3025 2855 2770 2895 2775 2835] [3090 3015 3030 2805 3105 3015 2945 3015]
[2905 2900 2970 2805 2870 2855 2765 2770] [3055 3090 3100 3215 2960 2835 2895 2870]
[3120 2765 2865 2655 2900 2930 2825 3125] [3035 2855 2970 2860 3070 3040 3145 3125]
[3065 2955 3060 2870 2735 2835 2910 2995] [2955 3045 2970 2935 3120 3180 3035 2980]
[2855 2965 3130 2925 3050 2910 2795 2960] [3095 3175 3170 3395 3240 2990 3010 3295]
[3110 2840 2895 2810 3100 2895 2870 2990] [3115 3030 3085 3095 3235 2940 3145 3030]
COM3 0 53
1
[3010 2740 2750 3090 2740 2920 2955 2885] [3085 3095 3135 2915 3275 3005 2930 3110]
[2835 2795 2885 3025 2860 3025 2860 2895] [3135 2850 2975 3000 2890 2960 2850 2970]
[2765 2770 2775 2820 2560 2860 2815 2745] [3090 3015 3030 2805 3105 3015 2945 3015]
[3050 2965 2760 2785 2900 2870 2970 2775] [3055 3090 3100 3215 2960 2835 2895 2870]
[3070 2810 2705 2810 3065 2610 3030 2930] [3035 2855 2970 2860 3070 3040 3145 3125]
[2835 2950 3105 3125 2630 2965 2810 3055] [2955 3045 2970 2935 3120 3180 3035 2980]
[2770 3005 3200 2865 3010 2720 2925 2875] [3095 3175 3170 3395 3240 2990 3010 3295]
[3000 2975 2855 2825 2820 2905 3115 2770] [3115 3030 3085 3095 3235 2940 3145 3030]
COM7 1 54
1
[3010 2740 2750 3090 2740 2920 2955 2885] [2885 3040 2790 2845 3055 2985 2720 2830]
[2835 2795 2885 3025 2860 3025 2860 2895] [2850 2855 3075 2970 2795 3000 2870 2885]
[2765 2770 2775 2820 2560 2860 2815 2745] [2900 3150 3080 2975 3065 2975 3005 3080]
[3050 2965 2760 2785 2900 2870 2970 2775] [3210 3015 3035 3125 2990 3035 3055 2975]
[3070 2810 2705 2810 3065 2610 3030 2930] [2990 3160 3000 2905 2970 3095 3125 3070]
[2835 2950 3105 3125 2630 2965 2810 3055] [3040 3095 2905 3300 3175 3075 3145 3105]
[2770 3005 3200 2865 3010 2720 2925 2875] [3165 3220 3050 3025 2865 2905 3075 3340]
[3000 2975 2855 2825 2820 2905 3115 2770] [3220 3195 3210 3195 3080 3215 3020 3230]
COM3 0 55
1
[2900 2590 2670 2925 2925 2985 3120 2910] [2885 3040 2790 2845 3055 2985 2720 2830]
[2975 2930 2690 2920 2770 2775 2845 3125] [2850 2855 3075 2970 2795 3000 2870 2885]
[2925 2875 2700 3040 2705 2890 2940 2890] [2900 3150 3080 2975 3065 2975 3005 3080]
[2980 2835 3035 2710 2925 2950 2870 2745] [3210 3015 3035 3125 2990 3035 3055 2975]
[3100 2900 3015 2830 2945 2930 2925 2890] [2990 3160 3000 2905 2970 3095 3125 3070]
[2925 2970 2965 2900 3025 3040 2815 3025] [3040 3095 2905 3300 3175 3075 3145 3105]
[2945 2970 3035 3060 3125 2905 3025 3065] [3165 3220 3050 3025 2865 2905 3075 3340]
[2890 3000 2660 3180 2965 2790 3360 3125] [3220 3195 3210 3195 3080 3215 3020 3230]
COM7 1 56
1
[2900 2590 2670 2925 2925 2985 3120 2910] [2890 2995 3160 3335 3220 2960 3075 2935]
[2975 2930 2690 2920 2770 2775 2845 3125] [3210 2970 3230 2960 3025 3010 2975 3070]
[2925 2875 2700 3040 2705 2890 2940 2890] [3160 3220 3075 2920 3005 3075 3000 3080]
[2980 2835 3035 2710 2925 2950 2870 2745] [2890 3155 3125 3100 2960 2930 3105 2915]
[3100 2900 3015 2830 2945 2930 2925 2890] [2925 3225 3105 2840 3060 2895 3030 3195]
[2925 2970 2965 2900 3025 3040 2815 3025] [3025 3090 3055 3155 3165 3085 3250 3110]
[2945 2970 3035 3060 3125 2905 3025 3065] [3225 3115 3295 3165 3130 3045 3115 3025]
[2890 3000 2660 3180 2965 2790 3360 3125] [3110 3085 3090 3385 3055 2965 2995 3100]
COM3 0 57
1
[2820 2555 2840 2770 3035 2740 2900 2805] [2890 2995 3160 3335 3220 2960 3075 2935]
[3010 2805 2795 2980 2935 3065 2840 2870] [3210 2970 3230 2960 3025 3010 2975 3070]
[2925 2635 2900 2800 2940 2805 2905 2890] [3160 3220 3075 2920 3005 3075 3000 3080]
[2960 2785 2855 2870 2860 2890 2725 2965] [2890 3155 3125 3100 2960 2930 3105 2915]
[2845 3060 3015 2985 2925 2765 2720 2990] [2925 3225 3105 2840 3060 2895 3030 3195]
[2795 3105 3055 3035 2765 2800 3055 2865] [3025 3090 3055 3155 3165 3085 3250 3110]
[2920 3020 3310 2970 2780 3015 2775 3085] [3225 3115 3295 3165 3130 3045 3115 3025]
[3025 3200 2805 3140 2880 3100 2905 2955] [3110 3085 3090 3385 3055 2965 2995 3100]
COM7 1 58
1
[2820 2555 2840 2770 3035 2740 2900 2805] [2940 2945 2790 3175 2850 2695 3245 3135]
[3010 2805 2795 2980 2935 3065 2840 2870] [2860 3075 3165 2895 2895 3130 2855 2925]
[2925 2635 2900 2800 2940 2805 2905 2890] [3010 3040 3045 3015 3085 3010 3080 3045]
[2960 2785 2855 2870 2860 2890 2725 2965] [3280 2980 3200 3130 3080 3015 3070 3045]
[2845 3060 3015 2985 2925 2765 2720 2990] [3025 2835 3070 2860 3015 2975 3110 3035]
[2795 3105 3055 3035 2765 2800 3055 2865] [2985 3020 2950 3190 3080 3010 3085 3215]
[2920 3020 3310 2970 2780 3015 2775 3085] [3200 3270 3165 3040 3145 3075 3150 3190]
[3025 3200 2805 3140 2880 3100 2905 2955] [3245 2955 3055 3385 2975 2770 3000 2965]
COM3 0 59
1
[3010 2665 2845 2905 2910 2775 2870 2945] [2940 2945 2790 3175 2850 2695 3245 3135]
[2865 2705 2975 2875 2905 2885 2910 2825] [2860 3075 3165 2895 2895 3130 2855 2925]
[2955 2820 2840 2955 2820 2935 2840 2790] [3010 3040 3045 3015 3085 3010 3080 3045]
[2875 2895 3130 3020 2830 2845 2865 2820] [3280 2980 3200 3130 3080 3015 3070 3045]
[3020 2775 2860 2820 2790 2840 3135 2860] [3025 2835 3070 2860 3015 2975 3110 3035]
[2870 2970 3100 3320 3065 2905 2900 2800] [2985 3020 2950 3190 3080 3010 3085 3215]
[2810 2965 2775 3060 2615 2905 3070 3040] [3200 3270 3165 3040 3145 3075 3150 3190]
[2895 2985 3055 2835 2890 3045 2960 3075] [3245 2955 3055 3385 2975 2770 3000 2965]
COM7 1 60
1
[3010 2665 2845 2905 2910 2775 2870 2945] [2935 2995 3090 2825 2500 3025 2760 3095]
[2865 2705 2975 2875 2905 2885 2910 2825] [3035 3160 3195 2855 2895 3075 2905 2740]
[2955 2820 2840 2955 2820 2935 2840 2790] [2950 3000 3120 2985 2990 3000 3065 2970]
[2875 2895 3130 3020 2830 2845 2865 2820] [3130 3350 3120 3050 2950 2925 3060 3005]
[3020 2775 2860 2820 2790 2840 3135 2860] [2875 3110 3265 2925 3080 2995 3135 3170]
[2870 2970 3100 3320 3065 2905 2900 2800] [3040 3085 2870 3160 2945 3000 3010 3380]
[2810 2965 2775 3060 2615 2905 3070 3040] [3030 3030 3065 3035 2785 3105 3060 3130]
[2895 2985 3055 2835 2890 3045 2960 3075] [2875 2910 3125 3175 3095 3290 2975 3010]
COM3 0 61
1
[2900 3055 2755 3020 2860 2825 2720 2685] [2935 2995 3090 2825 2500 3025 2760 3095]
[2945 2930 2830 2895 2805 2865 2810 2990] [3035 3160 3195 2855 2895 3075 2905 2740]
[2845 2795 2845 2945 2875 2890 2955 2725] [2950 3000 3120 2985 2990 3000 3065 2970]
[2980 2995 3170 2830 2945 2865 2870 2765] [3130 3350 3120 3050 2950 2925 3060 3005]
[3145 2845 3305 2915 2885 2745 2925 2815] [2875 3110 3265 2925 3080 2995 3135 3170]
[2925 3035 3140 3080 2970 2845 2945 3140] [3040 3085 2870 3160 2945 3000 3010 3380]
[3100 3105 3145 3230 3150 2865 2750 2780] [3030 3030 3065 3035 2785 3105 3060 3130]
[3220 2970 2885 3310 3330 3100 3240 2955] [2875 2910 3125 3175 3095 3290 2975 3010]
COM7 1 62
1
[2900 3055 2755 3020 2860 2825 2720 2685] [3315 2710 3315 2820 2855 3015 2975 2955]
[2945 2930 2830 2895 2805 2865 2810 2990] [3025 2920 3115 2935 2895 3055 2875 3280]
[2845 2795 2845 2945 2875 2890 2955 2725] [2870 3075 3035 2910 3105 2835 2945 2940]
[2980 2995 3170 2830 2945 2865 2870 2765] [3030 3235 3110 3105 3015 3005 3005 2975]
[3145 2845 3305 2915 2885 2745 2925 2815] [3025 3055 3005 2905 3025 2910 3035 3010]
[2925 3035 3140 3080 2970 2845 2945 3140] [3085 3125 3000 3220 3015 3175 3165 3010]
[3100 3105 3145 3230 3150 2865 2750 2780] [3055 3315 3305 2890 3100 2875 3015 3145]
[3220 2970 2885 3310 3330 3100 3240 2955] [2950 2950 3140 3345 3040 2935 3065 3180]
COM3 0 63
1
[2875 2825 2725 2875 2730 2680 2810 2905] [3315 2710 3315 2820 2855 3015 2975 2955]
[2940 3090 2750 3060 2860 2850 2860 2670] [3025 2920 3115 2935 2895 3055 2875 3280]
[3000 3045 3160 2875 2925 2835 2840 2810] [2870 3075 3035 2910 3105 2835 2945 2940]
[2845 3120 2935 2935 2800 2850 2870 2840] [3030 3235 3110 3105 3015 3005 3005 2975]
[2690 2935 2960 3000 2950 3015 3130 3070] [3025 3055 3005 2905 3025 2910 3035 3010]
[3055 2835 2975 2910 2870 2905 3095 2750] [3085 3125 3000 3220 3015 3175 3165 3010]
[2695 2795 3195 2865 3050 2905 2890 2890] [3055 3315 3305 2890 3100 2875 3015 3145]
[3295 3085 3190 3170 3055 2840 2895 2945] [2950 2950 3140 3345 3040 2935 3065 3180]
COM7 1 64
1
[2875 2825 2725 2875 2730 2680 2810 2905] [2870 2995 3095 3045 2930 3270 2905 3025]
[2940 3090 2750 3060 2860 2850 2860 2670] [3005 2810 3085 3060 2980 3005 2990 2960]
[3000 3045 3160 2875 2925 2835 2840 2810] [2990 2950 3000 3050 2935 2945 3065 2870]
[2845 3120 2935 2935 2800 2850 2870 2840] [3045 3010 3075 3045 2900 2885 3085 2980]
[2690 2935 2960 3000 2950 3015 3130 3070] [3025 3045 3120 2800 2975 3025 3155 3140]
[3055 2835 2975 2910 2870 2905 3095 2750] [2885 3015 2985 3140 2960 3155 3040 3095]
[2695 2795 3195 2865 3050 2905 2890 2890] [3105 3110 3050 2900 2955 3045 3145 3060]
[3295 3085 3190 3170 3055 2840 2895 2945] [3145 3425 3230 3060 3175 3005 3190 2820]
COM3 0 65
1
[2775 2825 2650 3045 2925 2775 2755 2715] [2870 2995 3095 3045 2930 3270 2905 3025]
[3080 3175 3070 2795 2920 2875 2840 2730] [3005 2810 3085 3060 2980 3005 2990 2960]
[2730 2700 2745 2765 2695 2890 2845 2865] [2990 2950 3000 3050 2935 2945 3065 2870]
[2760 2845 3070 2740 2945 2825 2770 2720] [3045 3010 3075 3045 2900 2885 3085 2980]
[3110 2965 3075 2885 3080 2980 3005 2860] [3025 3045 3120 2800 2975 3025 3155 3140]
[2680 2905 2965 3000 2780 2900 2975 2835] [2885 3015 2985 3140 2960 3155 3040 3095]
[2850 2620 2860 2975 2970 2810 2670 2810] [3105 3110 3050 2900 2955 3045 3145 3060]
[2970 3295 2880 2800 2880 2805 2960 2930] [3145 3425 3230 3060 3175 3005 3190 2820]