COM3 0 6
1
[2585 2585 2685 2630 2545 2650 2630 2570] [2895 3090 3480 2995 2925 2790 2965 2755]
[2610 2835 2615 2655 2640 2660 2675 2555] [2870 3040 3155 2975 2950 2895 2875 3185]
[2715 2635 2645 2635 2670 2700 2605 2610] [2985 3090 3095 3020 2990 3015 3060 3100]
[2610 2715 2745 2620 2690 2675 2630 2555] [3190 3315 3090 3080 3045 3010 3175 3030]
[2775 2570 2740 2670 2690 2680 2805 2735] [3055 3115 3310 2915 3130 3125 3125 3085]
[2715 2595 2770 2860 2690 2725 2710 2570] [3000 2970 3110 3285 2975 3015 2985 3215]
[2620 2645 2735 2735 2575 2680 2550 2600] [3335 3250 3225 3115 3385 3145 3115 3130]
[2835 2705 2790 2720 2775 2730 2695 2725] [3185 3085 2995 3135 3085 2995 3265 3270]
COM7 1 7
1
[2585 2585 2685 2630 2545 2650 2630 2570] [2820 2585 3035 2640 2400 2845 2860 2980]
[2610 2835 2615 2655 2640 2660 2675 2555] [3105 2775 2875 2905 2785 2945 2970 2955]
[2715 2635 2645 2635 2670 2700 2605 2610] [2820 2935 2810 2785 2990 2915 2920 2905]
[2610 2715 2745 2620 2690 2675 2630 2555] [2805 2760 3055 2900 2930 3015 2960 3050]
[2775 2570 2740 2670 2690 2680 2805 2735] [2695 2750 2960 2810 2930 2850 2990 3115]
[2715 2595 2770 2860 2690 2725 2710 2570] [2735 2850 2920 3095 3020 3025 3000 2965]
[2620 2645 2735 2735 2575 2680 2550 2600] [2975 2945 2930 2930 3005 2940 2875 2965]
[2835 2705 2790 2720 2775 2730 2695 2725] [3015 2745 3040 3105 2915 2710 2915 2750]
COM3 0 8
1
[2570 2605 2640 2600 2635 2545 2700 2680] [2820 2585 3035 2640 2400 2845 2860 2980]
[2695 2680 2590 2785 2570 2705 2630 2590] [3105 2775 2875 2905 2785 2945 2970 2955]
[2570 2835 2680 2805 2560 2665 2645 2620] [2820 2935 2810 2785 2990 2915 2920 2905]
[2865 2630 2790 2740 2700 2765 2795 2580] [2805 2760 3055 2900 2930 3015 2960 3050]
[2790 2645 2640 2630 2840 2700 2885 2605] [2695 2750 2960 2810 2930 2850 2990 3115]
[2620 2805 2835 2915 2690 2655 2805 2725] [2735 2850 2920 3095 3020 3025 3000 2965]
[2910 2690 2605 2785 2690 2730 2600 2705] [2975 2945 2930 2930 3005 2940 2875 2965]
[2845 2810 2670 2820 2865 2765 2945 2670] [3015 2745 3040 3105 2915 2710 2915 2750]
COM7 1 9
1
[2570 2605 2640 2600 2635 2545 2700 2680] [3010 2785 3215 2685 3275 2560 3025 2755]
[2695 2680 2590 2785 2570 2705 2630 2590] [3000 3170 3170 2975 2940 3130 3145 2790]
[2570 2835 2680 2805 2560 2665 2645 2620] [3140 3160 3090 3050 3115 2955 3135 2880]
[2865 2630 2790 2740 2700 2765 2795 2580] [3070 2995 3305 3105 3020 3015 2990 2925]
[2790 2645 2640 2630 2840 2700 2885 2605] [3075 3225 3175 2910 3070 3075 2995 3290]
[2620 2805 2835 2915 2690 2655 2805 2725] [3165 3130 2950 3265 3070 3135 3075 3090]
[2910 2690 2605 2785 2690 2730 2600 2705] [2995 3175 3130 3190 3005 3050 3185 3250]
[2845 2810 2670 2820 2865 2765 2945 2670] [2810 3130 3045 2885 3030 3055 3030 3245]
COM3 0 10
1
[2720 2575 2660 2705 2650 2655 2745 2730] [3010 2785 3215 2685 3275 2560 3025 2755]
[2795 2900 2720 2735 2835 2675 2740 2805] [3000 3170 3170 2975 2940 3130 3145 2790]
[2620 2810 2730 2775 2795 2825 2825 2735] [3140 3160 3090 3050 3115 2955 3135 2880]
[2725 2810 2820 2795 2735 2710 2850 2765] [3070 2995 3305 3105 3020 3015 2990 2925]
[2855 2695 2915 2740 2905 2860 2885 2865] [3075 3225 3175 2910 3070 3075 2995 3290]
[2710 2930 2805 2880 2685 2810 2915 2735] [3165 3130 2950 3265 3070 3135 3075 3090]
[2845 2860 2745 2900 2735 2785 2535 2780] [2995 3175 3130 3190 3005 3050 3185 3250]
[2950 2895 2950 2795 2950 2745 2870 2705] [2810 3130 3045 2885 3030 3055 3030 3245]
COM7 1 11
1
[2720 2575 2660 2705 2650 2655 2745 2730] [3075 2760 2685 2680 2645 2815 2850 3005]
[2795 2900 2720 2735 2835 2675 2740 2805] [2725 2780 2850 2570 2875 3065 2990 3005]
[2620 2810 2730 2775 2795 2825 2825 2735] [2705 2770 2695 2910 3070 2910 2960 2680]
[2725 2810 2820 2795 2735 2710 2850 2765] [2740 2650 2890 2950 2965 2855 3015 2860]
[2855 2695 2915 2740 2905 2860 2885 2865] [2730 2675 2985 2910 2775 2855 3090 2975]
[2710 2930 2805 2880 2685 2810 2915 2735] [2655 3135 3190 2995 2810 2935 3095 2950]
[2845 2860 2745 2900 2735 2785 2535 2780] [2810 3095 3025 3100 2990 2935 2930 3170]
[2950 2895 2950 2795 2950 2745 2870 2705] [2850 3330 2705 3070 3255 2800 2885 3165]
COM3 0 12
1
[2710 2655 2705 2865 2735 2825 2810 2750] [3075 2760 2685 2680 2645 2815 2850 3005]
[2875 2910 2735 2755 2775 2810 2815 2780] [2725 2780 2850 2570 2875 3065 2990 3005]
[2735 2860 2795 2735 2775 2785 2820 2765] [2705 2770 2695 2910 3070 2910 2960 2680]
[2865 2965 2885 2815 2785 2830 2720 2795] [2740 2650 2890 2950 2965 2855 3015 2860]
[2790 2845 2770 2720 2840 2835 2895 3030] [2730 2675 2985 2910 2775 2855 3090 2975]
[2730 3035 2905 2965 2795 2880 2965 2850] [2655 3135 3190 2995 2810 2935 3095 2950]
[2725 2800 2860 2775 2770 2815 2620 2630] [2810 3095 3025 3100 2990 2935 2930 3170]
[3025 2960 2880 2850 2870 2845 2960 2690] [2850 3330 2705 3070 3255 2800 2885 3165]
COM7 1 13
1
[2710 2655 2705 2865 2735 2825 2810 2750] [3055 2815 2910 2925 2665 2900 2930 2550]
[2875 2910 2735 2755 2775 2810 2815 2780] [2795 2555 2900 2715 2725 3145 2805 2825]
[2735 2860 2795 2735 2775 2785 2820 2765] [2720 2760 3100 2855 3065 2790 2995 2915]
[2865 2965 2885 2815 2785 2830 2720 2795] [2745 3105 3045 2910 2910 2910 3005 2665]
[2790 2845 2770 2720 2840 2835 2895 3030] [2800 2785 2795 2765 2870 2910 2910 2970]
[2730 3035 2905 2965 2795 2880 2965 2850] [2830 2745 2925 3150 2865 2945 3025 2870]
[2725 2800 2860 2775 2770 2815 2620 2630] [3005 3055 3120 3025 3010 3010 3025 3105]
[3025 2960 2880 2850 2870 2845 2960 2690] [2785 2915 2790 2990 3075 2700 3010 2950]
COM3 0 14
1
[2730 2785 2735 2820 2690 2725 2940 2820] [3055 2815 2910 2925 2665 2900 2930 2550]
[2765 2925 2830 2885 2845 2825 2845 2765] [2795 2555 2900 2715 2725 3145 2805 2825]
[2650 2895 2775 2795 2750 2860 2850 2715] [2720 2760 3100 2855 3065 2790 2995 2915]
[2880 2950 2985 2835 2925 3000 2880 2870] [2745 3105 3045 2910 2910 2910 3005 2665]
[2925 2990 3005 2855 2960 2880 2875 2940] [2800 2785 2795 2765 2870 2910 2910 2970]
[2870 2975 2915 2945 2690 3020 2960 2860] [2830 2745 2925 3150 2865 2945 3025 2870]
[2875 2775 2765 2920 2890 2965 2980 2810] [3005 3055 3120 3025 3010 3010 3025 3105]
[2940 2875 3010 2825 2880 2870 3080 2910] [2785 2915 2790 2990 3075 2700 3010 2950]
COM7 1 15
1
[2730 2785 2735 2820 2690 2725 2940 2820] [2685 3055 3195 2800 3200 2990 3035 3200]
[2765 2925 2830 2885 2845 2825 2845 2765] [2675 2925 3020 2905 2805 2955 2860 2915]
[2650 2895 2775 2795 2750 2860 2850 2715] [3015 3075 3140 3050 3070 3010 2845 2905]
[2880 2950 2985 2835 2925 3000 2880 2870] [3085 3200 3060 3280 3065 3110 2855 3085]
[2925 2990 3005 2855 2960 2880 2875 2940] [3195 3050 3075 3065 3045 3160 3005 3150]
[2870 2975 2915 2945 2690 3020 2960 2860] [3315 3055 2880 3225 2965 3025 2955 3240]
[2875 2775 2765 2920 2890 2965 2980 2810] [3055 3405 3065 3035 3130 3130 3025 3080]
[2940 2875 3010 2825 2880 2870 3080 2910] [3490 3450 2870 3085 3050 2955 3235 3245]
COM3 0 16
1
[2730 2665 2755 2750 2680 2775 2830 2835] [2685 3055 3195 2800 3200 2990 3035 3200]
[2805 2835 2840 2860 2760 2775 2865 2840] [2675 2925 3020 2905 2805 2955 2860 2915]
[2715 2750 2835 2710 2770 2845 2835 2870] [3015 3075 3140 3050 3070 3010 2845 2905]
[2840 2880 2765 2790 2925 2865 2795 2755] [3085 3200 3060 3280 3065 3110 2855 3085]
[2915 2800 2890 2850 2960 2760 2960 3045] [3195 3050 3075 3065 3045 3160 3005 3150]
[2915 2930 3000 2935 2840 2845 3025 2865] [3315 3055 2880 3225 2965 3025 2955 3240]
[2830 2785 2870 2820 3045 2865 2800 2835] [3055 3405 3065 3035 3130 3130 3025 3080]
[3085 2815 3075 3025 2850 2875 2945 2900] [3490 3450 2870 3085 3050 2955 3235 3245]
COM7 1 17
1
[2730 2665 2755 2750 2680 2775 2830 2835] [3465 2905 3460 3120 2585 3045 3155 3300]
[2805 2835 2840 2860 2760 2775 2865 2840] [3250 3360 3120 2980 3080 3040 3105 2945]
[2715 2750 2835 2710 2770 2845 2835 2870] [3345 3010 3245 2930 3230 3070 2905 3015]
[2840 2880 2765 2790 2925 2865 2795 2755] [3375 2845 3275 3065 3010 3005 3085 3050]
[2915 2800 2890 2850 2960 2760 2960 3045] [3210 3035 3340 2995 3120 3035 3085 3190]
[2915 2930 3000 2935 2840 2845 3025 2865] [3410 3230 3155 3220 3165 3265 3200 3135]
[2830 2785 2870 2820 3045 2865 2800 2835] [3110 3165 3290 3150 3140 3280 3020 3125]
[3085 2815 3075 3025 2850 2875 2945 2900] [3340 3125 3190 3155 3210 3035 3370 3080]
COM3 0 18
1
[2710 2575 2630 2885 2845 2700 2770 2825] [3465 2905 3460 3120 2585 3045 3155 3300]
[2755 2775 2770 2820 2695 2760 2920 2730] [3250 3360 3120 2980 3080 3040 3105 2945]
[2665 2755 2745 2730 2860 2790 2745 2815] [3345 3010 3245 2930 3230 3070 2905 3015]
[2905 3035 2910 2750 2730 2830 2810 2670] [3375 2845 3275 3065 3010 3005 3085 3050]
[2840 2785 2840 2625 2960 2835 2935 2940] [3210 3035 3340 2995 3120 3035 3085 3190]
[2830 2850 3000 2795 2730 3015 3145 2830] [3410 3230 3155 3220 3165 3265 3200 3135]
[2910 3015 2895 2815 2780 2970 2855 2705] [3110 3165 3290 3150 3140 3280 3020 3125]
[3160 2825 2705 2740 2925 2765 2970 2850] [3340 3125 3190 3155 3210 3035 3370 3080]
COM7 1 19
1
[2710 2575 2630 2885 2845 2700 2770 2825] [3465 2835 3405 3120 3170 3090 2960 3085]
[2755 2775 2770 2820 2695 2760 2920 2730] [3325 3205 3505 3265 3220 3130 3085 3135]
[2665 2755 2745 2730 2860 2790 2745 2815] [3305 3485 3295 3245 3305 3120 3165 2990]
[2905 3035 2910 2750 2730 2830 2810 2670] [3430 3230 3350 3245 3310 3170 3150 3200]
[2840 2785 2840 2625 2960 2835 2935 2940] [3495 3420 3285 3075 3115 3175 3375 3195]
[2830 2850 3000 2795 2730 3015 3145 2830] [3425 3420 3360 3365 3225 3375 3250 3600]
[2910 3015 2895 2815 2780 2970 2855 2705] [3515 3335 3355 3305 3460 3185 3225 3400]
[3160 2825 2705 2740 2925 2765 2970 2850] [3235 3445 3355 3200 3405 3435 3670 3365]
COM3 0 20
1
[2680 2640 2575 2750 2670 2590 2785 2735] [3465 2835 3405 3120 3170 3090 2960 3085]
[2850 2795 2740 2895 2805 2740 2780 2810] [3325 3205 3505 3265 3220 3130 3085 3135]
[2780 2695 2750 2680 2605 2795 2815 2840] [3305 3485 3295 3245 3305 3120 3165 2990]
[2825 2910 2955 2705 2930 2810 2770 2795] [3430 3230 3350 3245 3310 3170 3150 3200]
[2820 2800 2825 2725 2945 2745 2890 2925] [3495 3420 3285 3075 3115 3175 3375 3195]
[2780 2830 2840 2910 2705 2775 2860 2755] [3425 3420 3360 3365 3225 3375 3250 3600]
[3130 2865 2875 2920 2815 2790 2645 2755] [3515 3335 3355 3305 3460 3185 3225 3400]
[3050 2875 2920 2860 2620 2905 3025 2795] [3235 3445 3355 3200 3405 3435 3670 3365]
COM7 1 21
1
[2680 2640 2575 2750 2670 2590 2785 2735] [3015 2810 3235 3000 2735 3260 3040 2880]
[2850 2795 2740 2895 2805 2740 2780 2810] [3045 2895 3080 2895 3045 3000 3005 2940]
[2780 2695 2750 2680 2605 2795 2815 2840] [2840 3020 3015 3060 3035 3070 3065 2875]
[2825 2910 2955 2705 2930 2810 2770 2795] [3055 3575 3065 3150 3025 2905 3060 2845]
[2820 2800 2825 2725 2945 2745 2890 2925] [2970 2920 2990 2940 3040 3140 3020 3205]
[2780 2830 2840 2910 2705 2775 2860 2755] [2965 2830 2935 3095 3090 3020 3040 3095]
[3130 2865 2875 2920 2815 2790 2645 2755] [3250 3225 3120 3095 2835 3135 3090 3025]
[3050 2875 2920 2860 2620 2905 3025 2795] [3110 2985 3175 3370 2955 3295 3050 3050]
COM3 0 22
1
[2950 2825 2710 2745 2820 2720 2905 2855] [3015 2810 3235 3000 2735 3260 3040 2880]
[3005 2980 2855 2920 2795 2920 2795 2940] [3045 2895 3080 2895 3045 3000 3005 2940]
[2910 2865 2905 2870 2785 2945 2845 3040] [2840 3020 3015 3060 3035 3070 3065 2875]
[2995 2950 3005 2835 2960 2880 2820 2865] [3055 3575 3065 3150 3025 2905 3060 2845]
[3045 2955 3030 2890 3025 2725 3110 2870] [2970 2920 2990 2940 3040 3140 3020 3205]
[2860 2870 2915 2945 2840 3015 2955 2925] [2965 2830 2935 3095 3090 3020 3040 3095]
[2945 2925 2855 2920 2875 2970 3000 2875] [3250 3225 3120 3095 2835 3135 3090 3025]
[2965 3010 2885 2900 2725 2915 3180 3145] [3110 2985 3175 3370 2955 3295 3050 3050]
COM7 1 23
1
[2950 2825 2710 2745 2820 2720 2905 2855] [2450 2760 2815 2650 2735 2775 2680 2830]
[3005 2980 2855 2920 2795 2920 2795 2940] [2765 2650 2905 2650 2790 2975 2630 2815]
[2910 2865 2905 2870 2785 2945 2845 3040] [2620 2625 2780 2635 2875 2790 2755 2705]
[2995 2950 3005 2835 2960 2880 2820 2865] [2745 2875 2905 2710 2825 2950 2885 2785]
[3045 2955 3030 2890 3025 2725 3110 2870] [2710 2810 2860 2710 2900 2855 2855 2815]
[2860 2870 2915 2945 2840 3015 2955 2925] [2715 2670 2750 2885 2835 2800 2950 3090]
[2945 2925 2855 2920 2875 2970 3000 2875] [2950 2915 3020 2855 2995 3005 2930 3020]
[2965 3010 2885 2900 2725 2915 3180 3145] [2965 2680 3010 2895 3030 2810 2975 2935]
COM3 0 24
1
[2810 2720 2685 2825 2805 2805 2700 2740] [2450 2760 2815 2650 2735 2775 2680 2830]
[2775 2740 2690 2825 2735 2770 2670 2725] [2765 2650 2905 2650 2790 2975 2630 2815]
[2710 2835 2860 2750 2665 2845 2705 2825] [2620 2625 2780 2635 2875 2790 2755 2705]
[2805 2945 2870 2800 2890 2840 2815 2830] [2745 2875 2905 2710 2825 2950 2885 2785]
[2905 2845 2825 2935 2905 2805 2850 2750] [2710 2810 2860 2710 2900 2855 2855 2815]
[2745 2850 2925 2765 2770 2800 2820 2590] [2715 2670 2750 2885 2835 2800 2950 3090]
[2870 2750 2805 2880 2865 2815 2715 2715] [2950 2915 3020 2855 2995 3005 2930 3020]
[2965 2775 2860 2900 2810 2770 3115 2785] [2965 2680 3010 2895 3030 2810 2975 2935]
COM7 1 25
1
[2810 2720 2685 2825 2805 2805 2700 2740] [2665 3245 3195 3095 3105 3365 3025 3335]
[2775 2740 2690 2825 2735 2770 2670 2725] [2985 3095 3230 3020 2890 3120 2820 2865]
[2710 2835 2860 2750 2665 2845 2705 2825] [3440 3165 3240 3040 2965 3145 2980 2875]
[2805 2945 2870 2800 2890 2840 2815 2830] [3380 3175 3205 3085 3135 2960 3165 3150]
[2905 2845 2825 2935 2905 2805 2850 2750] [3355 3225 3220 3125 3125 2935 3310 2935]
[2745 2850 2925 2765 2770 2800 2820 2590] [2935 3000 3205 3260 3205 3110 3190 3250]
[2870 2750 2805 2880 2865 2815 2715 2715] [3300 3225 3180 3345 3275 3300 3205 3025]
[2965 2775 2860 2900 2810 2770 3115 2785] [3345 3285 3190 3170 3255 3065 3305 3140]
COM3 0 26
1
[3050 2695 2695 2940 2745 2725 2855 3065] [2665 3245 3195 3095 3105 3365 3025 3335]
[3050 2930 2845 2855 2920 2850 2920 2855] [2985 3095 3230 3020 2890 3120 2820 2865]
[2845 2890 2900 2820 2790 2835 2875 2945] [3440 3165 3240 3040 2965 3145 2980 2875]
[2870 2940 2920 2975 2995 2880 2875 2960] [3380 3175 3205 3085 3135 2960 3165 3150]
[2950 2955 2995 2990 3025 2885 3045 3110] [3355 3225 3220 3125 3125 2935 3310 2935]
[2770 2975 3015 2920 2840 3020 2995 2945] [2935 3000 3205 3260 3205 3110 3190 3250]
[3015 3020 2875 3090 3145 3040 2705 2900] [3300 3225 3180 3345 3275 3300 3205 3025]
[3140 2990 3040 2895 3090 2940 3025 2900] [3345 3285 3190 3170 3255 3065 3305 3140]
COM7 1 27
1
[3050 2695 2695 2940 2745 2725 2855 3065] [3350 3190 3150 2765 2890 2910 2850 3230]
[3050 2930 2845 2855 2920 2850 2920 2855] [2795 2780 2890 2835 2975 3080 2965 3290]
[2845 2890 2900 2820 2790 2835 2875 2945] [3085 3010 3160 2905 3090 3150 3005 2975]
[2870 2940 2920 2975 2995 2880 2875 2960] [3375 3240 3335 2975 3030 3130 3000 3045]
[2950 2955 2995 2990 3025 2885 3045 3110] [3420 3065 3205 2890 2995 3035 3130 3015]
[2770 2975 3015 2920 2840 3020 2995 2945] [2775 3230 3110 3170 3125 3085 3045 3025]
[3015 3020 2875 3090 3145 3040 2705 2900] [3175 3020 3105 3280 2850 3000 3105 3030]
[3140 2990 3040 2895 3090 2940 3025 2900] [3420 3225 3030 3170 3235 3225 3030 2760]
COM3 0 28
1
[2740 2520 2710 2740 2705 2655 2765 2605] [3350 3190 3150 2765 2890 2910 2850 3230]
[2825 2835 2700 2845 2700 2755 2805 2725] [2795 2780 2890 2835 2975 3080 2965 3290]
[2810 2850 2880 2680 2630 2885 2730 2745] [3085 3010 3160 2905 3090 3150 3005 2975]
[2860 2965 2900 2640 2860 2785 2780 2750] [3375 3240 3335 2975 3030 3130 3000 3045]
[2845 2850 2875 2805 2980 2855 2820 3040] [3420 3065 3205 2890 2995 3035 3130 3015]
[2855 2970 2840 2830 2640 2725 2950 2825] [2775 3230 3110 3170 3125 3085 3045 3025]
[2985 2865 2845 2820 2730 2775 2735 2755] [3175 3020 3105 3280 2850 3000 3105 3030]
[2950 2765 3085 2835 2890 2705 2935 2850] [3420 3225 3030 3170 3235 3225 3030 2760]
COM7 1 29
1
[2740 2520 2710 2740 2705 2655 2765 2605] [3300 3235 2925 2925 2735 3100 2930 3180]
[2825 2835 2700 2845 2700 2755 2805 2725] [3015 3005 3110 2720 2955 3175 2930 3275]
[2810 2850 2880 2680 2630 2885 2730 2745] [3005 3125 3045 3040 3075 2965 2955 2940]
[2860 2965 2900 2640 2860 2785 2780 2750] [3215 3100 3265 3030 2925 3105 3110 3080]
[2845 2850 2875 2805 2980 2855 2820 3040] [2930 2965 3095 3035 3035 3015 3120 3235]
[2855 2970 2840 2830 2640 2725 2950 2825] [2945 2935 2955 3025 2900 3230 3000 3230]
[2985 2865 2845 2820 2730 2775 2735 2755] [3090 3140 3240 2915 3085 3005 3105 3175]
[2950 2765 3085 2835 2890 2705 2935 2850] [3040 3030 3055 3215 3100 3200 3000 3315]
COM3 0 30
1
[2805 2805 2710 2885 2825 2800 2830 2940] [3300 3235 2925 2925 2735 3100 2930 3180]
[2970 2890 2840 2995 2810 2800 2890 2900] [3015 3005 3110 2720 2955 3175 2930 3275]
[2835 2720 2870 2825 2770 3010 2905 2905] [3005 3125 3045 3040 3075 2965 2955 2940]
[2840 2940 3025 2855 2890 2935 2795 2880] [3215 3100 3265 3030 2925 3105 3110 3080]
[2925 2825 3155 2840 2995 2840 2995 2890] [2930 2965 3095 3035 3035 3015 3120 3235]
[2860 2985 2940 2915 2835 3025 2950 3065] [2945 2935 2955 3025 2900 3230 3000 3230]
[2875 2815 2940 2900 2920 2965 2845 2945] [3090 3140 3240 2915 3085 3005 3105 3175]
[3095 3110 2955 3120 2810 3050 3030 2965] [3040 3030 3055 3215 3100 3200 3000 3315]
COM7 1 31
1
[2805 2805 2710 2885 2825 2800 2830 2940] [2570 2750 2590 2770 2865 2845 2730 2835]
[2970 2890 2840 2995 2810 2800 2890 2900] [2590 2745 2740 2710 2945 2745 2870 2970]
[2835 2720 2870 2825 2770 3010 2905 2905] [2720 2700 2805 2755 2840 3050 2975 2725]
[2840 2940 3025 2855 2890 2935 2795 2880] [2735 2925 2890 2895 2925 2845 2940 2830]
[2925 2825 3155 2840 2995 2840 2995 2890] [2810 2565 2795 2690 2850 3005 3040 2815]
[2860 2985 2940 2915 2835 3025 2950 3065] [2910 2745 2830 2905 2855 2795 2855 3090]
[2875 2815 2940 2900 2920 2965 2845 2945] [2670 2790 3070 3095 2955 3175 2895 2970]
[3095 3110 2955 3120 2810 3050 3030 2965] [3085 2725 2705 2865 2950 2915 2995 2885]
COM3 0 32
1
[2815 2590 2710 2680 2610 2750 2750 2820] [2570 2750 2590 2770 2865 2845 2730 2835]
[2815 2825 2715 2755 2770 2690 2810 2610] [2590 2745 2740 2710 2945 2745 2870 2970]
[2825 2710 2780 2750 2755 2785 2755 2845] [2720 2700 2805 2755 2840 3050 2975 2725]
[2940 2915 3000 2765 2890 2750 2715 2735] [2735 2925 2890 2895 2925 2845 2940 2830]
[2865 2790 3025 2805 2810 2845 2960 2815] [2810 2565 2795 2690 2850 3005 3040 2815]
[2895 3005 2895 2965 2715 2800 2885 2940] [2910 2745 2830 2905 2855 2795 2855 3090]
[2880 2835 2740 2990 2920 2925 2960 2700] [2670 2790 3070 3095 2955 3175 2895 2970]
[2810 2825 3020 2775 2765 2915 3080 2910] [3085 2725 2705 2865 2950 2915 2995 2885]
COM7 1 33
1
[2815 2590 2710 2680 2610 2750 2750 2820] [2885 2890 3075 3105 3225 3165 2735 3085]
[2815 2825 2715 2755 2770 2690 2810 2610] [3210 3005 3305 2940 3125 3030 3005 2950]
[2825 2710 2780 2750 2755 2785 2755 2845] [2950 3140 3150 2930 3150 3160 3050 2840]
[2940 2915 3000 2765 2890 2750 2715 2735] [3100 2900 3085 3120 2980 3100 3145 2850]
[2865 2790 3025 2805 2810 2845 2960 2815] [3120 3330 2975 2790 2925 3125 3005 3115]
[2895 3005 2895 2965 2715 2800 2885 2940] [2905 2985 3025 3010 3080 3030 3110 3195]
[2880 2835 2740 2990 2920 2925 2960 2700] [3140 3100 3140 3250 3100 3200 3115 3150]
[2810 2825 3020 2775 2765 2915 3080 2910] [3355 3145 3035 3215 3140 3110 3020 3335]
COM3 0 34
1
[2825 2850 2660 2815 2680 2780 2885 3175] [2885 2890 3075 3105 3225 3165 2735 3085]
[2870 2935 3000 2995 2810 2795 2950 2890] [3210 3005 3305 2940 3125 3030 3005 2950]
[2810 2855 2945 2750 2845 2890 2805 2965] [2950 3140 3150 2930 3150 3160 3050 2840]
[2835 2845 3010 2875 2880 2950 2875 2960] [3100 2900 3085 3120 2980 3100 3145 2850]
[2930 2825 2920 2880 2930 2945 3110 3015] [3120 3330 2975 2790 2925 3125 3005 3115]
[2955 2885 3025 2925 2840 2870 2940 3010] [2905 2985 3025 3010 3080 3030 3110 3195]
[2935 2950 3075 2990 2890 2935 2980 2825] [3140 3100 3140 3250 3100 3200 3115 3150]
[3090 3010 3020 2905 3090 3015 2965 3100] [3355 3145 3035 3215 3140 3110 3020 3335]
COM7 1 35
1
[2825 2850 2660 2815 2680 2780 2885 3175] [2685 3135 3225 3130 3090 3085 2735 3135]
[2870 2935 3000 2995 2810 2795 2950 2890] [3105 3010 3255 2730 2940 3040 3110 3025]
[2810 2855 2945 2750 2845 2890 2805 2965] [3100 3100 2945 2900 3025 2845 3170 2940]
[2835 2845 3010 2875 2880 2950 2875 2960] [3105 3145 2950 2960 2965 2920 3075 2850]
[2930 2825 2920 2880 2930 2945 3110 3015] [3215 3235 3355 3180 3100 3025 3230 3075]
[2955 2885 3025 2925 2840 2870 2940 3010] [3010 3130 3060 3165 2975 3130 3085 3010]
[2935 2950 3075 2990 2890 2935 2980 2825] [3025 3250 3060 3175 3035 3215 3175 3170]
[3090 3010 3020 2905 3090 3015 2965 3100] [3030 3275 3120 3150 3165 2955 3170 2980]
COM3 0 36
1
[2990 2715 2760 2845 2845 2740 2880 3100] [2685 3135 3225 3130 3090 3085 2735 3135]
[2835 2820 2830 2865 2775 2925 2840 2990] [3105 3010 3255 2730 2940 3040 3110 3025]
[2820 2850 2810 2925 2890 2875 2890 2860] [3100 3100 2945 2900 3025 2845 3170 2940]
[2790 2960 2935 2905 2935 2835 2795 2770] [3105 3145 2950 2960 2965 2920 3075 2850]
[3035 2815 3000 2845 3100 2870 2995 3045] [3215 3235 3355 3180 3100 3025 3230 3075]
[2985 2825 3115 3040 2890 2965 3000 3020] [3010 3130 3060 3165 2975 3130 3085 3010]
[2985 2995 2805 2805 2880 2890 2880 2990] [3025 3250 3060 3175 3035 3215 3175 3170]
[3100 3060 2885 2930 2830 2955 3170 2910] [3030 3275 3120 3150 3165 2955 3170 2980]
COM7 1 37
1
[2990 2715 2760 2845 2845 2740 2880 3100] [2395 2580 2585 2580 2600 2830 2850 2855]
[2835 2820 2830 2865 2775 2925 2840 2990] [2625 2730 2745 2690 2745 2875 2690 2650]
[2820 2850 2810 2925 2890 2875 2890 2860] [2585 2580 2745 2625 2850 2685 2835 2660]
[2790 2960 2935 2905 2935 2835 2795 2770] [2785 2980 2875 2815 2735 2730 2890 2775]
[3035 2815 3000 2845 3100 2870 2995 3045] [2815 2815 2915 2705 2740 2900 2895 2870]
[2985 2825 3115 3040 2890 2965 3000 3020] [2585 2785 2715 2925 2765 2905 2890 2980]
[2985 2995 2805 2805 2880 2890 2880 2990] [2795 2880 2925 2815 2940 2820 2975 2960]
[3100 3060 2885 2930 2830 2955 3170 2910] [2810 2825 2790 2790 2940 2745 2690 2835]
COM3 0 38
1
[2600 2845 2620 2810 2775 2720 2835 2825] [2395 2580 2585 2580 2600 2830 2850 2855]
[2900 2820 2685 2770 2775 2705 2910 2915] [2625 2730 2745 2690 2745 2875 2690 2650]
[2625 2760 2835 2815 2835 2810 2770 2940] [2585 2580 2745 2625 2850 2685 2835 2660]
[2870 2950 2875 2855 2880 2950 2750 2710] [2785 2980 2875 2815 2735 2730 2890 2775]
[2875 2950 2870 2760 2970 2850 2970 3050] [2815 2815 2915 2705 2740 2900 2895 2870]
[2820 2915 2990 2950 2880 2965 2855 2805] [2585 2785 2715 2925 2765 2905 2890 2980]
[3000 2965 2800 3000 2875 2795 2790 2815] [2795 2880 2925 2815 2940 2820 2975 2960]
[2725 2800 2935 2930 2810 2955 3015 3055] [2810 2825 2790 2790 2940 2745 2690 2835]
COM7 1 39
1
[2600 2845 2620 2810 2775 2720 2835 2825] [3115 2905 2920 3025 2920 2810 2780 2960]
[2900 2820 2685 2770 2775 2705 2910 2915] [3050 3005 3095 2845 2810 3030 2780 2945]
[2625 2760 2835 2815 2835 2810 2770 2940] [3105 3090 3065 2890 3070 2915 2890 2865]
[2870 2950 2875 2855 2880 2950 2750 2710] [3085 3215 3105 3000 2960 2960 2990 2835]
[2875 2950 2870 2760 2970 2850 2970 3050] [3045 3070 3150 2865 3000 2865 3155 3055]
[2820 2915 2990 2950 2880 2965 2855 2805] [3115 2915 2985 3090 3030 3070 3040 3005]
[3000 2965 2800 3000 2875 2795 2790 2815] [3080 3210 3205 3075 3120 3130 3055 2970]
[2725 2800 2935 2930 2810 2955 3015 3055] [3125 2965 3210 3060 2865 3010 3135 2945]
COM3 0 40
1
[2690 2685 2785 2710 2780 2625 2855 2790] [3115 2905 2920 3025 2920 2810 2780 2960]
[2965 2805 2835 2750 2790 2845 2740 2840] [3050 3005 3095 2845 2810 3030 2780 2945]
[2755 2840 2825 2680 2780 2850 2890 2830] [3105 3090 3065 2890 3070 2915 2890 2865]
[2945 2830 2980 2830 2860 2855 2740 2820] [3085 3215 3105 3000 2960 2960 2990 2835]
[2865 2850 2830 2810 2895 2840 2975 2945] [3045 3070 3150 2865 3000 2865 3155 3055]
[2735 2860 3020 2855 2820 2950 2735 2720] [3115 2915 2985 3090 3030 3070 3040 3005]
[2815 2935 2835 2925 2895 2730 2955 2685] [3080 3210 3205 3075 3120 3130 3055 2970]
[2940 2755 2825 2845 2855 2915 3090 2775] [3125 2965 3210 3060 2865 3010 3135 2945]
COM7 1 41
1
[2690 2685 2785 2710 2780 2625 2855 2790] [2885 3090 3180 2930 2890 2950 2990 2900]
[2965 2805 2835 2750 2790 2845 2740 2840] [3040 3240 2940 2995 2815 3075 2875 2925]
[2755 2840 2825 2680 2780 2850 2890 2830] [2965 2915 3135 3055 3125 3070 3020 2890]
[2945 2830 2980 2830 2860 2855 2740 2820] [3065 3240 3080 3035 3055 2955 2950 2920]
[2865 2850 2830 2810 2895 2840 2975 2945] [3190 3035 3065 2860 2960 3030 2970 2980]
[2735 2860 3020 2855 2820 2950 2735 2720] [3050 3215 3160 3175 2965 3030 3045 2990]
[2815 2935 2835 2925 2895 2730 2955 2685] [2890 2910 3165 2985 3060 2900 3195 3040]
[2940 2755 2825 2845 2855 2915 3090 2775] [3190 3100 3160 3145 3115 3095 2820 3145]
COM3 0 42
1
[2745 2835 2705 2855 2775 2785 2790 2830] [2885 3090 3180 2930 2890 2950 2990 2900]
[2700 2890 2885 2910 2805 2835 2845 2965] [3040 3240 2940 2995 2815 3075 2875 2925]
[2770 2770 2765 2845 2860 2860 2775 2850] [2965 2915 3135 3055 3125 3070 3020 2890]
[2900 2965 2935 2765 2910 2870 2875 2850] [3065 3240 3080 3035 3055 2955 2950 2920]
[3000 2920 2970 2880 2935 2870 3050 2995] [3190 3035 3065 2860 2960 3030 2970 2980]
[2780 2875 2925 2870 2750 3040 2985 2920] [3050 3215 3160 3175 2965 3030 3045 2990]
[2970 2950 3055 3050 2790 2925 2805 2905] [2890 2910 3165 2985 3060 2900 3195 3040]
[3010 2900 3110 2965 3060 2900 3030 2910] [3190 3100 3160 3145 3115 3095 2820 3145]
COM7 1 43
1
[2745 2835 2705 2855 2775 2785 2790 2830] [3195 2910 2670 2750 3025 2635 2870 2705]
[2700 2890 2885 2910 2805 2835 2845 2965] [2800 2750 2830 2650 2740 2895 2840 2855]
[2770 2770 2765 2845 2860 2860 2775 2850] [2865 2735 2940 2795 2870 2840 2890 2665]
[2900 2965 2935 2765 2910 2870 2875 2850] [2995 3150 3070 3015 2790 2875 2725 2755]
[3000 2920 2970 2880 2935 2870 3050 2995] [2730 2995 3035 2815 2890 2890 3000 2965]
[2780 2875 2925 2870 2750 3040 2985 2920] [2845 2910 2935 3000 2945 2865 2935 3090]
[2970 2950 3055 3050 2790 2925 2805 2905] [3030 3100 3120 3030 2880 3000 2945 2970]
[3010 2900 3110 2965 3060 2900 3030 2910] [3045 2855 2985 3120 2765 2790 2940 3000]
COM3 0 44
1
[2730 2715 2795 2745 2890 2735 2850 2975] [3195 2910 2670 2750 3025 2635 2870 2705]
[2860 2895 2700 2915 2785 2840 2800 2755] [2800 2750 2830 2650 2740 2895 2840 2855]
[2805 2595 3000 2885 2760 2845 2805 2770] [2865 2735 2940 2795 2870 2840 2890 2665]
[2795 2950 3130 2795 2965 2845 2945 2820] [2995 3150 3070 3015 2790 2875 2725 2755]
[3015 2815 3075 2960 2875 2870 2870 2965] [2730 2995 3035 2815 2890 2890 3000 2965]
[2935 2860 3025 2875 2840 2795 2900 2880] [2845 2910 2935 3000 2945 2865 2935 3090]
[2925 2860 2860 2910 2880 3025 2885 2945] [3030 3100 3120 3030 2880 3000 2945 2970]
[3025 2755 3020 2800 2815 2955 3005 2810] [3045 2855 2985 3120 2765 2790 2940 3000]
COM7 1 45
1
[2730 2715 2795 2745 2890 2735 2850 2975] [3025 2910 2895 2595 3080 2645 2850 2965]
[2860 2895 2700 2915 2785 2840 2800 2755] [2685 3010 2820 2725 2670 2840 2725 2905]
[2805 2595 3000 2885 2760 2845 2805 2770] [2795 2815 2840 2735 3035 2770 2885 2950]
[2795 2950 3130 2795 2965 2845 2945 2820] [2825 2815 2895 2845 2875 2835 2790 2810]
[3015 2815 3075 2960 2875 2870 2870 2965] [2950 2795 3005 2765 2815 2895 2890 2915]
[2935 2860 3025 2875 2840 2795 2900 2880] [2860 2850 2900 2970 2955 2970 2875 3025]
[2925 2860 2860 2910 2880 3025 2885 2945] [2810 3100 2855 2965 2940 2845 2910 3060]
[3025 2755 3020 2800 2815 2955 3005 2810] [3005 2865 2850 3110 2925 2875 2820 2940]
COM3 0 46
1
[2990 2705 2690 2720 2825 2775 2850 2860] [3025 2910 2895 2595 3080 2645 2850 2965]
[2945 2920 2755 2905 2900 2790 2925 2900] [2685 3010 2820 2725 2670 2840 2725 2905]
[2670 2770 2850 2755 2870 2930 2815 2970] [2795 2815 2840 2735 3035 2770 2885 2950]
[2775 2880 2890 2880 2895 2820 2805 2860] [2825 2815 2895 2845 2875 2835 2790 2810]
[3050 2850 2830 2835 2855 2895 2925 3000] [2950 2795 3005 2765 2815 2895 2890 2915]
[2910 2795 3170 2970 2840 2935 2990 2965] [2860 2850 2900 2970 2955 2970 2875 3025]
[3015 2840 2900 2870 2935 3075 2805 2905] [2810 3100 2855 2965 2940 2845 2910 3060]
[3040 2890 3055 2825 3035 2965 2935 2795] [3005 2865 2850 3110 2925 2875 2820 2940]
COM7 1 47
1
[2990 2705 2690 2720 2825 2775 2850 2860] [2725 3190 2875 3015 2685 2710 2785 2895]
[2945 2920 2755 2905 2900 2790 2925 2900] [2945 3065 3030 2910 2910 2960 2885 2915]
[2670 2770 2850 2755 2870 2930 2815 2970] [2905 2960 3120 2910 3005 2835 3025 2815]
[2775 2880 2890 2880 2895 2820 2805 2860] [2965 3050 3180 3080 2950 2885 3040 2965]
[3050 2850 2830 2835 2855 2895 2925 3000] [2960 3060 3050 2895 2930 3030 2990 3085]
[2910 2795 3170 2970 2840 2935 2990 2965] [3085 2985 2920 3170 2965 3020 3035 3060]
[3015 2840 2900 2870 2935 3075 2805 2905] [3035 3215 3100 2990 2960 2970 2975 3230]
[3040 2890 3055 2825 3035 2965 2935 2795] [3130 2985 3100 3150 3075 2965 2860 3275]
COM3 0 48
1
[2705 2745 2520 2750 2875 2685 2780 2835] [2725 3190 2875 3015 2685 2710 2785 2895]
[2680 2980 2845 2885 2775 2710 2815 2855] [2945 3065 3030 2910 2910 2960 2885 2915]
[2710 2900 2690 2860 2835 2950 2785 2950] [2905 2960 3120 2910 3005 2835 3025 2815]
[2745 2960 2955 2840 2810 2880 2810 2920] [2965 3050 3180 3080 2950 2885 3040 2965]
[2960 2760 2845 2860 2840 2815 2845 2925] [2960 3060 3050 2895 2930 3030 2990 3085]
[2900 2990 2915 2880 2775 2830 2905 2920] [3085 2985 2920 3170 2965 3020 3035 3060]
[3005 3065 2820 2925 2895 2910 2680 2810] [3035 3215 3100 2990 2960 2970 2975 3230]
[2965 2900 3105 2790 3010 2895 3020 3065] [3130 2985 3100 3150 3075 2965 2860 3275]
COM7 1 49
1
[2705 2745 2520 2750 2875 2685 2780 2835] [2645 2710 2625 2870 3045 2720 2685 2665]
[2680 2980 2845 2885 2775 2710 2815 2855] [2735 2755 2885 2720 2540 2910 2750 2895]
[2710 2900 2690 2860 2835 2950 2785 2950] [2740 2775 2815 2765 2925 2770 2760 2655]
[2745 2960 2955 2840 2810 2880 2810 2920] [2765 2790 2905 2920 2775 2740 2940 2880]
[2960 2760 2845 2860 2840 2815 2845 2925] [2865 2895 2850 2795 2840 2775 2905 2940]
[2900 2990 2915 2880 2775 2830 2905 2920] [2905 2745 2750 3005 2875 2905 2895 2910]
[3005 3065 2820 2925 2895 2910 2680 2810] [2735 2875 2855 2855 2860 2970 2945 3050]
[2965 2900 3105 2790 3010 2895 3020 3065] [2795 2865 3005 3095 2735 2945 2960 2915]
COM3 0 50
1
[2655 2775 2800 2735 2710 2725 2765 2765] [2645 2710 2625 2870 3045 2720 2685 2665]
[2830 2820 2840 2770 2870 2790 2815 2855] [2735 2755 2885 2720 2540 2910 2750 2895]
[2805 2840 2840 2825 2810 2820 2800 2875] [2740 2775 2815 2765 2925 2770 2760 2655]
[2805 3035 2785 2785 2890 2880 2830 2785] [2765 2790 2905 2920 2775 2740 2940 2880]
[2900 2835 2940 2810 2765 2870 3040 2990] [2865 2895 2850 2795 2840 2775 2905 2940]
[2800 2785 2810 2860 2785 2875 2860 2825] [2905 2745 2750 3005 2875 2905 2895 2910]
[2910 2860 2910 2925 2935 2820 2910 2780] [2735 2875 2855 2855 2860 2970 2945 3050]
[2860 2905 2770 2945 2905 2810 3005 2920] [2795 2865 3005 3095 2735 2945 2960 2915]
COM7 1 51
1
[2655 2775 2800 2735 2710 2725 2765 2765] [2840 3035 2940 2925 2860 2670 3170 2755]
[2830 2820 2840 2770 2870 2790 2815 2855] [2800 3040 3035 2895 2905 3005 2855 2895]
[2805 2840 2840 2825 2810 2820 2800 2875] [2925 2995 3030 2895 2930 3045 2915 2845]
[2805 3035 2785 2785 2890 2880 2830 2785] [3090 2965 3030 3040 2825 2845 2890 2845]
[2900 2835 2940 2810 2765 2870 3040 2990] [2905 3225 3025 2960 2990 2960 3015 2960]
[2800 2785 2810 2860 2785 2875 2860 2825] [2910 2940 2905 3070 2885 2940 3070 3075]
[2910 2860 2910 2925 2935 2820 2910 2780] [3060 3090 2945 2930 2935 2810 2925 3065]
[2860 2905 2770 2945 2905 2810 3005 2920] [3090 2995 3065 2895 3125 2905 2965 3300]
COM3 0 52
1
[2865 2615 2830 2820 2825 2805 2885 2930] [2840 3035 2940 2925 2860 2670 3170 2755]
[2925 2865 2695 2815 2715 2825 2850 2890] [2800 3040 3035 2895 2905 3005 2855 2895]
[2795 3025 2960 2715 2940 2835 2955 2880] [2925 2995 3030 2895 2930 3045 2915 2845]
[2905 2950 2885 2675 2850 2880 2975 3025] [3090 2965 3030 3040 2825 2845 2890 2845]
[2910 3045 2890 2975 2980 2690 2900 2675] [2905 3225 3025 2960 2990 2960 3015 2960]
[3055 2585 3020 3025 2825 2860 2995 2860] [2910 2940 2905 3070 2885 2940 3070 3075]
[2880 2770 2785 2975 2825 2885 3055 2965] [3060 3090 2945 2930 2935 2810 2925 3065]
[3320 2655 2645 3025 2840 2875 3165 2810] [3090 2995 3065 2895 3125 2905 2965 3300]
COM7 1 53
1
[2865 2615 2830 2820 2825 2805 2885 2930] [2635 2750 2740 2640 2590 2935 2650 2850]
[2925 2865 2695 2815 2715 2825 2850 2890] [2705 2725 2755 2605 2835 2840 2840 2635]
[2795 3025 2960 2715 2940 2835 2955 2880] [2645 2805 2830 2910 3000 2765 2875 2880]
[2905 2950 2885 2675 2850 2880 2975 3025] [2990 3045 2885 2895 2880 2835 2945 2840]
[2910 3045 2890 2975 2980 2690 2900 2675] [2825 2810 2940 2775 2825 2900 2895 3000]
[3055 2585 3020 3025 2825 2860 2995 2860] [2825 2900 2925 3005 2875 2895 2905 2965]
[2880 2770 2785 2975 2825 2885 3055 2965] [2815 2910 2970 2870 2890 2900 2845 3085]
[3320 2655 2645 3025 2840 2875 3165 2810] [3005 3080 2875 3215 3055 2775 2815 2990]
COM3 0 54
1
[2510 2490 2605 2975 2675 2440 2760 2535] [2635 2750 2740 2640 2590 2935 2650 2850]
[2500 2510 2690 2780 2600 2650 2510 2510] [2705 2725 2755 2605 2835 2840 2840 2635]
[2625 2575 2570 2665 2585 2725 2490 2535] [2645 2805 2830 2910 3000 2765 2875 2880]
[2690 2535 2705 2670 2645 2655 2485 2410] [2990 3045 2885 2895 2880 2835 2945 2840]
[2755 2555 2705 2685 2665 2525 2760 2835] [2825 2810 2940 2775 2825 2900 2895 3000]
[2735 2535 2945 2560 2790 2870 2840 2540] [2825 2900 2925 3005 2875 2895 2905 2965]
[2725 2800 2810 2835 2905 2540 2635 2535] [2815 2910 2970 2870 2890 2900 2845 3085]
[2555 2945 2640 2640 2685 2870 2560 2555] [3005 3080 2875 3215 3055 2775 2815 2990]
COM7 1 55
1
[2510 2490 2605 2975 2675 2440 2760 2535] [3315 3170 2895 3055 3125 2950 3000 3110]
[2500 2510 2690 2780 2600 2650 2510 2510] [3085 3005 3070 2895 2955 2970 2955 2840]
[2625 2575 2570 2665 2585 2725 2490 2535] [2940 2990 3090 2875 2980 2805 3000 2900]
[2690 2535 2705 2670 2645 2655 2485 2410] [3270 3270 3130 3135 2925 2975 2970 2840]
[2755 2555 2705 2685 2665 2525 2760 2835] [3055 3155 3120 2875 2870 2875 2990 3110]
[2735 2535 2945 2560 2790 2870 2840 2540] [2850 2970 3040 3115 3040 2975 3015 3085]
[2725 2800 2810 2835 2905 2540 2635 2535] [2955 3110 3025 3075 3070 3050 3055 3270]
[2555 2945 2640 2640 2685 2870 2560 2555] [3135 3135 3320 3325 3200 2935 2935 2955]
COM3 0 56
1
[2715 2760 2925 2825 3050 2840 2730 2880] [3315 3170 2895 3055 3125 2950 3000 3110]
[2775 3050 3170 3035 2865 2840 2780 2895] [3085 3005 3070 2895 2955 2970 2955 2840]
[3090 2940 2950 2860 3065 3005 2920 2880] [2940 2990 3090 2875 2980 2805 3000 2900]
[3065 3135 3155 2935 2910 2980 3080 3115] [3270 3270 3130 3135 2925 2975 2970 2840]
[3160 2905 3145 2825 3005 3115 3030 3185] [3055 3155 3120 2875 2870 2875 2990 3110]
[2880 2825 3090 3020 2960 2845 3095 2970] [2850 2970 3040 3115 3040 2975 3015 3085]
[3165 3080 2875 3100 2880 3180 2770 2880] [2955 3110 3025 3075 3070 3050 3055 3270]
[3010 3170 2995 3160 3005 3010 3080 3325] [3135 3135 3320 3325 3200 2935 2935 2955]
COM7 1 57
1
[2715 2760 2925 2825 3050 2840 2730 2880] [2645 2740 3000 2945 2915 2890 2860 2810]
[2775 3050 3170 3035 2865 2840 2780 2895] [2825 2970 2820 2835 2770 2825 2735 2770]
[3090 2940 2950 2860 3065 3005 2920 2880] [2655 2935 2965 2805 2875 2855 2800 2825]
[3065 3135 3155 2935 2910 2980 3080 3115] [2850 3155 2925 2900 2805 2910 2935 2815]
[3160 2905 3145 2825 3005 3115 3030 3185] [2865 2810 2940 2805 2820 2935 2890 3050]
[2880 2825 3090 3020 2960 2845 3095 2970] [2835 2830 2880 3045 2870 2815 2960 3150]
[3165 3080 2875 3100 2880 3180 2770 2880] [2865 2975 3125 2990 2960 2945 3015 3125]
[3010 3170 2995 3160 3005 3010 3080 3325] [3025 3065 2880 3150 2810 2995 3030 3230]
COM3 0 58
1
[2970 2810 2800 2940 2920 2775 2870 2870] [2645 2740 3000 2945 2915 2890 2860 2810]
[2950 2955 2820 2895 2835 2970 2870 2985] [2825 2970 2820 2835 2770 2825 2735 2770]
[2790 2860 3075 2840 2785 2915 2790 2875] [2655 2935 2965 2805 2875 2855 2800 2825]
[3055 3020 3045 2905 2950 2850 2905 2805] [2850 3155 2925 2900 2805 2910 2935 2815]
[2945 2960 2900 2770 2905 2760 2870 2865] [2865 2810 2940 2805 2820 2935 2890 3050]
[3050 2825 3090 3085 2825 3095 2870 2985] [2835 2830 2880 3045 2870 2815 2960 3150]
[2765 2920 3125 3175 2730 3020 2810 2805] [2865 2975 3125 2990 2960 2945 3015 3125]
[2905 2950 2935 2915 3005 2975 3070 3055] [3025 3065 2880 3150 2810 2995 3030 3230]
COM7 1 59
1
[2970 2810 2800 2940 2920 2775 2870 2870] [2845 2735 2655 2700 2750 2810 2795 2755]
[2950 2955 2820 2895 2835 2970 2870 2985] [2600 2815 2685 2670 2760 2840 2770 2870]
[2790 2860 3075 2840 2785 2915 2790 2875] [2535 2710 2740 2685 2815 2775 2730 2675]
[3055 3020 3045 2905 2950 2850 2905 2805] [2650 2910 2805 2850 2685 2800 2900 2830]
[2945 2960 2900 2770 2905 2760 2870 2865] [2810 2585 2850 2705 2745 2855 2860 3005]
[3050 2825 3090 3085 2825 3095 2870 2985] [2670 2630 2830 2860 2800 2800 2965 2810]
[2765 2920 3125 3175 2730 3020 2810 2805] [2655 2900 2765 2835 2630 2810 2795 3020]
[2905 2950 2935 2915 3005 2975 3070 3055] [2680 2775 2960 2930 2840 2940 2730 3070]
COM3 0 60
1
[2960 2920 2815 2710 2840 2940 3150 2885] [2845 2735 2655 2700 2750 2810 2795 2755]
[2910 3055 3010 3100 3025 3000 2920 3035] [2600 2815 2685 2670 2760 2840 2770 2870]
[2820 2890 3040 3000 2915 3000 2980 3080] [2535 2710 2740 2685 2815 2775 2730 2675]
[3095 2845 3060 3015 3050 2995 2885 3020] [2650 2910 2805 2850 2685 2800 2900 2830]
[3010 3025 3150 3040 3050 2940 3360 3040] [2810 2585 2850 2705 2745 2855 2860 3005]
[3135 3065 3185 3135 2895 3020 3055 2980] [2670 2630 2830 2860 2800 2800 2965 2810]
[3195 3070 2850 3265 3090 3305 3045 3165] [2655 2900 2765 2835 2630 2810 2795 3020]
[3270 3130 3150 2840 3005 3175 3175 3165] [2680 2775 2960 2930 2840 2940 2730 3070]
COM7 1 61
1
[2960 2920 2815 2710 2840 2940 3150 2885] [2745 2905 3045 2835 2955 2715 3155 3095]
[2910 3055 3010 3100 3025 3000 2920 3035] [3015 3100 3065 2885 2755 2945 2770 2915]
[2820 2890 3040 3000 2915 3000 2980 3080] [3020 2945 3095 3120 2925 2905 2835 2925]
[3095 2845 3060 3015 3050 2995 2885 3020] [3095 3255 3205 3025 2965 3015 2895 2975]
[3010 3025 3150 3040 3050 2940 3360 3040] [2945 3205 2985 2875 2965 3015 3050 3050]
[3135 3065 3185 3135 2895 3020 3055 2980] [3000 3035 2940 3120 2985 3050 3060 3075]
[3195 3070 2850 3265 3090 3305 3045 3165] [3050 3260 3055 2955 2990 2985 3085 3195]
[3270 3130 3150 2840 3005 3175 3175 3165] [3185 3055 3020 3385 3015 3100 3285 3180]
COM3 0 62
1
[2720 3015 2905 2940 2860 2795 2795 3015] [2745 2905 3045 2835 2955 2715 3155 3095]
[3115 2950 3015 3035 2865 2925 3020 2990] [3015 3100 3065 2885 2755 2945 2770 2915]
[2920 2865 2965 2885 2860 2915 2835 3015] [3020 2945 3095 3120 2925 2905 2835 2925]
[3000 3070 3150 2985 3130 2825 2895 2965] [3095 3255 3205 3025 2965 3015 2895 2975]
[3155 2940 3070 3005 2960 2950 3290 3085] [2945 3205 2985 2875 2965 3015 3050 3050]
[2825 3090 2925 3020 3010 3200 3175 3020] [3000 3035 2940 3120 2985 3050 3060 3075]
[3065 2905 3060 2970 2985 3025 3035 2960] [3050 3260 3055 2955 2990 2985 3085 3195]
[3150 3050 3455 3135 2900 3110 3285 3065] [3185 3055 3020 3385 3015 3100 3285 3180]
COM7 1 63
1
[2720 3015 2905 2940 2860 2795 2795 3015] [2790 2785 2810 2740 3005 2750 2825 3080]
[3115 2950 3015 3035 2865 2925 3020 2990] [3010 3085 3100 2920 2785 3020 2870 2835]
[2920 2865 2965 2885 2860 2915 2835 3015] [3225 3005 3115 2910 3035 2930 3000 2870]
[3000 3070 3150 2985 3130 2825 2895 2965] [2975 3260 3205 3100 2935 2875 2995 2895]
[3155 2940 3070 3005 2960 2950 3290 3085] [3170 2995 3110 2880 2970 2930 3055 3070]
[2825 3090 2925 3020 3010 3200 3175 3020] [3130 3260 3100 3110 2970 2990 3115 2970]
[3065 2905 3060 2970 2985 3025 3035 2960] [3015 3175 3045 2935 3005 3050 3065 3040]
[3150 3050 3455 3135 2900 3110 3285 3065] [3185 3100 3150 3030 3005 3095 3025 3080]
COM3 0 64
1
[2910 2980 2770 3045 2825 2960 2990 2530] [2790 2785 2810 2740 3005 2750 2825 3080]
[2935 2985 2895 2865 2825 2895 2870 2600] [3010 3085 3100 2920 2785 3020 2870 2835]
[2615 3000 2825 2870 2665 2810 2845 2925] [3225 3005 3115 2910 3035 2930 3000 2870]
[2755 2915 3025 2740 2930 2995 2850 2935] [2975 3260 3205 3100 2935 2875 2995 2895]
[3005 2950 3065 2650 3045 2855 3040 2810] [3170 2995 3110 2880 2970 2930 3055 3070]
[2775 2800 2970 2985 2875 2985 2895 2845] [3130 3260 3100 3110 2970 2990 3115 2970]
[3045 2850 2945 3120 2955 3140 2820 2705] [3015 3175 3045 2935 3005 3050 3065 3040]
[3200 2850 2955 2905 2925 2820 2905 2720] [3185 3100 3150 3030 3005 3095 3025 3080]
COM7 1 65
1
[2910 2980 2770 3045 2825 2960 2990 2530] [2825 2745 3175 2930 3080 2880 2810 3000]
[2935 2985 2895 2865 2825 2895 2870 2600] [2865 3115 2920 2865 2920 2955 2950 2850]
[2615 3000 2825 2870 2665 2810 2845 2925] [2920 2965 2960 2910 3040 2905 2825 2950]
[2755 2915 3025 2740 2930 2995 2850 2935] [2945 3175 3155 3035 2830 2975 2890 2920]
[3005 2950 3065 2650 3045 2855 3040 2810] [3065 2960 3030 2800 2845 2970 3135 3000]
[2775 2800 2970 2985 2875 2985 2895 2845] [2985 3040 3060 3115 2960 2905 3060 3065]
[3045 2850 2945 3120 2955 3140 2820 2705] [2925 3065 3105 3145 2850 3075 3060 3210]
[3200 2850 2955 2905 2925 2820 2905 2720] [3095 3035 3010 3195 3110 3000 3085 3145]