COM7 1 6
1
[2855 2710 2845 2830 2625 2670 2915 2990] [2875 2970 2815 2875 2670 2835 2825 3075]
[2895 2870 2805 2790 2800 2765 2775 3045] [2840 3115 2995 2975 2760 2850 2915 3110]
[2805 2870 2910 2835 2855 2785 2790 2850] [3025 2795 2940 3020 3030 2985 3030 2805]
[2945 2875 2995 2850 2865 2910 2890 3010] [3080 2865 3180 3090 3015 2945 3030 2925]
[3015 3025 2905 2870 2925 2810 2975 3075] [2890 3070 2990 2935 2945 2880 3110 2990]
[2660 2940 2900 2875 2755 2955 3090 2680] [2805 3115 2930 3145 2995 3055 3210 3210]
[2770 2910 3015 3270 2810 2935 2800 2955] [3190 3055 2940 3065 3000 3265 3120 3385]
[3020 2995 2690 3140 2840 3010 3020 2795] [3095 3420 2990 3535 2830 3115 3095 2985]
COM3 0 7
1
[2570 2630 2760 2665 2740 2655 2825 2735] [2875 2970 2815 2875 2670 2835 2825 3075]
[2785 2865 2720 2865 2780 2785 2750 2750] [2840 3115 2995 2975 2760 2850 2915 3110]
[2670 2790 2845 2795 2715 2765 2775 2770] [3025 2795 2940 3020 3030 2985 3030 2805]
[2905 2830 2805 2720 2905 2845 2895 2695] [3080 2865 3180 3090 3015 2945 3030 2925]
[2935 2855 2810 2750 2915 2735 2865 2970] [2890 3070 2990 2935 2945 2880 3110 2990]
[2900 2800 2890 2955 2705 2975 2865 2840] [2805 3115 2930 3145 2995 3055 3210 3210]
[2875 2920 2730 2890 2830 2775 2835 2945] [3190 3055 2940 3065 3000 3265 3120 3385]
[2950 2800 2635 2805 2865 2855 3025 2950] [3095 3420 2990 3535 2830 3115 3095 2985]
COM7 1 8
1
[2570 2630 2760 2665 2740 2655 2825 2735] [3255 3250 3280 3085 3020 3020 2925 3015]
[2785 2865 2720 2865 2780 2785 2750 2750] [3355 3085 3460 2895 3095 3205 2710 2980]
[2670 2790 2845 2795 2715 2765 2775 2770] [3125 3260 3175 2935 3125 3020 2980 2805]
[2905 2830 2805 2720 2905 2845 2895 2695] [3425 3230 3200 3290 3170 3075 3030 3045]
[2935 2855 2810 2750 2915 2735 2865 2970] [3125 3450 3180 2935 3135 3175 3135 3115]
[2900 2800 2890 2955 2705 2975 2865 2840] [3075 3385 3225 3190 3215 3215 3150 3145]
[2875 2920 2730 2890 2830 2775 2835 2945] [3310 3420 3040 3240 3100 3365 3085 3235]
[2950 2800 2635 2805 2865 2855 3025 2950] [3215 3200 2810 3235 3160 3160 3100 3195]
COM3 0 9
1
[2715 2765 2655 2675 2710 2640 2750 2755] [3255 3250 3280 3085 3020 3020 2925 3015]
[2815 2745 2750 2775 2700 2800 2670 2800] [3355 3085 3460 2895 3095 3205 2710 2980]
[2670 2825 2815 2700 2735 2725 2715 2945] [3125 3260 3175 2935 3125 3020 2980 2805]
[2800 2825 2870 2745 2880 2825 2750 2760] [3425 3230 3200 3290 3170 3075 3030 3045]
[2820 2815 2715 2890 2805 2740 2820 2925] [3125 3450 3180 2935 3135 3175 3135 3115]
[2725 2695 2795 2850 2620 2745 2915 2825] [3075 3385 3225 3190 3215 3215 3150 3145]
[2825 2840 2865 2835 2670 2835 2660 2850] [3310 3420 3040 3240 3100 3365 3085 3235]
[2865 2950 2775 2825 2800 2810 3025 2720] [3215 3200 2810 3235 3160 3160 3100 3195]
COM7 1 10
1
[2715 2765 2655 2675 2710 2640 2750 2755] [3100 3035 2815 3015 2855 2790 3155 2805]
[2815 2745 2750 2775 2700 2800 2670 2800] [3040 2910 3140 3135 2945 2945 3145 2915]
[2670 2825 2815 2700 2735 2725 2715 2945] [3115 3100 3000 2885 2995 2995 3030 2790]
[2800 2825 2870 2745 2880 2825 2750 2760] [2970 3215 3150 3040 2935 3000 3055 3020]
[2820 2815 2715 2890 2805 2740 2820 2925] [2890 2965 3135 2865 3045 3060 3130 3020]
[2725 2695 2795 2850 2620 2745 2915 2825] [2745 3320 3125 3125 3015 3210 3270 3210]
[2825 2840 2865 2835 2670 2835 2660 2850] [3020 3335 3175 3195 3185 3085 3020 3115]
[2865 2950 2775 2825 2800 2810 3025 2720] [3165 2840 3020 3350 3225 2955 3165 3085]
COM3 0 11
1
[2755 2690 2840 2800 2795 2765 2780 2785] [3100 3035 2815 3015 2855 2790 3155 2805]
[2815 2905 2735 2840 2775 2790 2805 2800] [3040 2910 3140 3135 2945 2945 3145 2915]
[2735 2755 2840 2850 2695 2820 2745 2805] [3115 3100 3000 2885 2995 2995 3030 2790]
[2840 2875 2875 2725 2795 2740 2825 2800] [2970 3215 3150 3040 2935 3000 3055 3020]
[2915 2740 2935 2875 2800 2805 2950 2965] [2890 2965 3135 2865 3045 3060 3130 3020]
[2960 2775 2895 2955 2665 2740 3010 2935] [2745 3320 3125 3125 3015 3210 3270 3210]
[2920 2775 2885 2840 2720 2925 2770 2965] [3020 3335 3175 3195 3185 3085 3020 3115]
[3070 2730 2760 2970 2825 2835 2900 2720] [3165 2840 3020 3350 3225 2955 3165 3085]
COM7 1 12
1
[2755 2690 2840 2800 2795 2765 2780 2785] [3280 2925 3475 3055 2930 3165 3195 2960]
[2815 2905 2735 2840 2775 2790 2805 2800] [3305 3530 3145 3180 2940 3045 3000 3170]
[2735 2755 2840 2850 2695 2820 2745 2805] [3290 3085 3260 3145 3110 3100 3055 2980]
[2840 2875 2875 2725 2795 2740 2825 2800] [3240 3150 3095 3330 3060 3050 3055 3060]
[2915 2740 2935 2875 2800 2805 2950 2965] [3145 3250 3330 3015 2980 3115 3260 3115]
[2960 2775 2895 2955 2665 2740 3010 2935] [3215 3105 3205 3125 3140 3210 3125 3270]
[2920 2775 2885 2840 2720 2925 2770 2965] [3085 3555 3385 3110 3120 3240 3190 3125]
[3070 2730 2760 2970 2825 2835 2900 2720] [3215 3255 3345 3325 3075 3265 3110 3440]
COM3 0 13
1
[2545 2870 2755 2680 2710 2755 2750 2790] [3280 2925 3475 3055 2930 3165 3195 2960]
[2750 2900 2665 2720 2765 2745 2805 2810] [3305 3530 3145 3180 2940 3045 3000 3170]
[2755 2610 2920 2635 2745 2800 2820 2760] [3290 3085 3260 3145 3110 3100 3055 2980]
[2765 2950 2900 2795 2815 2820 2795 2825] [3240 3150 3095 3330 3060 3050 3055 3060]
[2965 2805 2710 2775 2915 2870 2800 2950] [3145 3250 3330 3015 2980 3115 3260 3115]
[2665 2945 2940 2875 2725 2790 2800 2800] [3215 3105 3205 3125 3140 3210 3125 3270]
[3020 2865 2805 2840 2825 2750 2765 2830] [3085 3555 3385 3110 3120 3240 3190 3125]
[3010 2815 2735 2865 2840 2855 2895 2810] [3215 3255 3345 3325 3075 3265 3110 3440]
COM7 1 14
1
[2545 2870 2755 2680 2710 2755 2750 2790] [3430 3020 3040 3090 3025 2950 2955 3075]
[2750 2900 2665 2720 2765 2745 2805 2810] [2795 3100 3010 3075 2925 3040 3230 3155]
[2755 2610 2920 2635 2745 2800 2820 2760] [2760 3060 3050 3065 3075 2750 3075 2990]
[2765 2950 2900 2795 2815 2820 2795 2825] [2830 3365 3310 3090 3070 3120 2900 2955]
[2965 2805 2710 2775 2915 2870 2800 2950] [3485 2955 3050 2880 3195 2900 3185 3040]
[2665 2945 2940 2875 2725 2790 2800 2800] [3325 3195 3160 3165 3165 3175 3095 3170]
[3020 2865 2805 2840 2825 2750 2765 2830] [3140 3025 3395 3070 2875 2975 3250 3195]
[3010 2815 2735 2865 2840 2855 2895 2810] [3250 3460 3210 3430 3120 3080 3015 3305]
COM3 0 15
1
[2560 2515 2490 2590 2565 2625 2635 2410] [3430 3020 3040 3090 3025 2950 2955 3075]
[2665 2690 2515 2620 2705 2610 2635 2590] [2795 3100 3010 3075 2925 3040 3230 3155]
[2560 2715 2745 2655 2575 2705 2720 2585] [2760 3060 3050 3065 3075 2750 3075 2990]
[2700 2830 2710 2650 2730 2715 2640 2520] [2830 3365 3310 3090 3070 3120 2900 2955]
[2810 2600 2575 2585 2720 2760 2685 2565] [3485 2955 3050 2880 3195 2900 3185 3040]
[2580 2555 2695 2695 2590 2680 2810 2580] [3325 3195 3160 3165 3165 3175 3095 3170]
[2645 2680 2560 2835 2595 2620 2490 2745] [3140 3025 3395 3070 2875 2975 3250 3195]
[2690 2700 2520 2735 2920 2860 2760 2710] [3250 3460 3210 3430 3120 3080 3015 3305]
COM7 1 16
1
[2560 2515 2490 2590 2565 2625 2635 2410] [3165 2850 2915 3015 2655 2935 3055 2955]
[2665 2690 2515 2620 2705 2610 2635 2590] [3000 2925 3155 2845 2860 3050 2885 2870]
[2560 2715 2745 2655 2575 2705 2720 2585] [2995 2960 3095 3045 3000 3065 3040 2900]
[2700 2830 2710 2650 2730 2715 2640 2520] [2910 3365 3160 3020 3050 3025 3195 2965]
[2810 2600 2575 2585 2720 2760 2685 2565] [3145 2835 3125 2935 2965 2880 3155 3165]
[2580 2555 2695 2695 2590 2680 2810 2580] [2965 3100 2915 3150 3035 3100 3160 2840]
[2645 2680 2560 2835 2595 2620 2490 2745] [3220 3120 3245 3175 3215 3000 3100 3385]
[2690 2700 2520 2735 2920 2860 2760 2710] [3370 3030 3030 3190 3250 3245 3015 3375]
COM3 0 17
1
[2635 2545 2540 2580 2635 2670 2785 2725] [3165 2850 2915 3015 2655 2935 3055 2955]
[2725 2810 2600 2855 2635 2725 2695 2645] [3000 2925 3155 2845 2860 3050 2885 2870]
[2695 2965 2910 2730 2725 2815 2710 2675] [2995 2960 3095 3045 3000 3065 3040 2900]
[2740 2745 2810 2700 2790 2715 2755 2760] [2910 3365 3160 3020 3050 3025 3195 2965]
[2925 2835 2795 2760 2745 2705 2875 2800] [3145 2835 3125 2935 2965 2880 3155 3165]
[2800 2675 2825 2790 2755 2920 2815 2795] [2965 3100 2915 3150 3035 3100 3160 2840]
[2560 2765 2575 2910 2670 2860 2980 2620] [3220 3120 3245 3175 3215 3000 3100 3385]
[2950 2875 2650 2760 2825 2790 2725 2685] [3370 3030 3030 3190 3250 3245 3015 3375]
COM7 1 18
1
[2635 2545 2540 2580 2635 2670 2785 2725] [3145 2900 3005 2940 3040 3140 2775 2980]
[2725 2810 2600 2855 2635 2725 2695 2645] [2895 2935 3075 2955 2860 3075 2885 3045]
[2695 2965 2910 2730 2725 2815 2710 2675] [3115 3000 3035 3040 3010 3040 2980 2915]
[2740 2745 2810 2700 2790 2715 2755 2760] [3240 3075 3130 3105 2950 2980 3015 3185]
[2925 2835 2795 2760 2745 2705 2875 2800] [3145 3155 2910 2820 2935 3075 3180 3060]
[2800 2675 2825 2790 2755 2920 2815 2795] [2995 3160 2920 3040 2960 3005 3075 3065]
[2560 2765 2575 2910 2670 2860 2980 2620] [3060 3005 3095 3095 3000 3030 3045 3250]
[2950 2875 2650 2760 2825 2790 2725 2685] [3185 3295 3145 3370 3070 3100 3000 3100]
COM3 0 19
1
[2730 2700 2835 2800 2570 2630 2780 2780] [3145 2900 3005 2940 3040 3140 2775 2980]
[2680 2800 2695 2735 2715 2735 2710 2725] [2895 2935 3075 2955 2860 3075 2885 3045]
[2610 2615 2815 2745 2725 2710 2730 2740] [3115 3000 3035 3040 3010 3040 2980 2915]
[2715 2870 2810 2640 2775 2835 2685 2735] [3240 3075 3130 3105 2950 2980 3015 3185]
[2620 2850 2815 2790 2800 2670 3010 2890] [3145 3155 2910 2820 2935 3075 3180 3060]
[2810 2710 2760 2775 2655 2745 2770 2595] [2995 3160 2920 3040 2960 3005 3075 3065]
[2820 2780 2905 2945 2735 2720 2715 2785] [3060 3005 3095 3095 3000 3030 3045 3250]
[3115 2705 2655 2690 2805 2750 2845 2625] [3185 3295 3145 3370 3070 3100 3000 3100]
COM7 1 20
1
[2730 2700 2835 2800 2570 2630 2780 2780] [2135 2225 2340 2360 2395 2795 2585 2855]
[2680 2800 2695 2735 2715 2735 2710 2725] [2085 2305 2440 2410 2545 2645 2650 2575]
[2610 2615 2815 2745 2725 2710 2730 2740] [2180 2240 2390 2480 2725 2735 2675 2605]
[2715 2870 2810 2640 2775 2835 2685 2735] [2315 2290 2410 2570 2555 2540 2750 2585]
[2620 2850 2815 2790 2800 2670 3010 2890] [2335 2190 2560 2475 2640 2695 2795 2720]
[2810 2710 2760 2775 2655 2745 2770 2595] [2290 2565 2610 2670 2665 2680 2840 2765]
[2820 2780 2905 2945 2735 2720 2715 2785] [2210 2720 2490 2610 2525 2640 2670 2735]
[3115 2705 2655 2690 2805 2750 2845 2625] [2555 2720 2640 2725 2540 2545 2685 2710]
COM3 0 21
1
[2645 2560 2515 2720 2715 2670 2755 2545] [2135 2225 2340 2360 2395 2795 2585 2855]
[2660 2605 2795 2700 2695 2770 2715 2720] [2085 2305 2440 2410 2545 2645 2650 2575]
[2730 2805 2655 2790 2770 2715 2705 2740] [2180 2240 2390 2480 2725 2735 2675 2605]
[2775 2785 2735 2635 2730 2700 2725 2670] [2315 2290 2410 2570 2555 2540 2750 2585]
[2715 2825 2795 2710 2770 2850 2860 2715] [2335 2190 2560 2475 2640 2695 2795 2720]
[2615 2880 2850 2800 2590 2805 2950 2625] [2290 2565 2610 2670 2665 2680 2840 2765]
[2820 2950 2770 2835 2755 2855 2670 2810] [2210 2720 2490 2610 2525 2640 2670 2735]
[3065 2795 2530 2930 2640 2920 2740 2750] [2555 2720 2640 2725 2540 2545 2685 2710]
COM7 1 22
1
[2645 2560 2515 2720 2715 2670 2755 2545] [2780 2660 3065 2680 2980 3125 3125 2980]
[2660 2605 2795 2700 2695 2770 2715 2720] [3385 2925 3205 2965 3065 3105 3080 3100]
[2730 2805 2655 2790 2770 2715 2705 2740] [3245 3255 3120 2925 3040 3020 3010 2925]
[2775 2785 2735 2635 2730 2700 2725 2670] [2960 3045 3080 3095 3050 3020 3100 3125]
[2715 2825 2795 2710 2770 2850 2860 2715] [3240 3105 3220 3105 2960 2975 3130 2925]
[2615 2880 2850 2800 2590 2805 2950 2625] [3005 3160 3090 3125 2990 3105 3050 3175]
[2820 2950 2770 2835 2755 2855 2670 2810] [3050 3265 3440 3030 3110 3135 3125 3130]
[3065 2795 2530 2930 2640 2920 2740 2750] [3370 3145 3190 3140 3265 3010 2925 3200]
COM3 0 23
1
[2755 2575 2650 2745 2565 2735 2690 2705] [2780 2660 3065 2680 2980 3125 3125 2980]
[2765 2750 2615 2760 2710 2705 2665 2810] [3385 2925 3205 2965 3065 3105 3080 3100]
[2750 2690 2790 2735 2640 2775 2805 2640] [3245 3255 3120 2925 3040 3020 3010 2925]
[2740 2825 2800 2710 2680 2830 2600 2750] [2960 3045 3080 3095 3050 3020 3100 3125]
[2855 2940 2635 2705 2915 2635 2860 2725] [3240 3105 3220 3105 2960 2975 3130 2925]
[2745 2885 2700 2740 2555 2925 2805 2745] [3005 3160 3090 3125 2990 3105 3050 3175]
[2725 2705 2590 2785 2690 2850 2765 2715] [3050 3265 3440 3030 3110 3135 3125 3130]
[2865 2725 2860 2810 2735 2820 2770 2670] [3370 3145 3190 3140 3265 3010 2925 3200]
COM7 1 24
1
[2755 2575 2650 2745 2565 2735 2690 2705] [3210 2900 3225 3095 3085 2945 3140 2990]
[2765 2750 2615 2760 2710 2705 2665 2810] [2850 2985 2935 3020 2760 3150 2975 3060]
[2750 2690 2790 2735 2640 2775 2805 2640] [3100 3080 2970 2920 3115 3040 3060 3050]
[2740 2825 2800 2710 2680 2830 2600 2750] [2840 3200 3030 3005 2975 2995 3080 2840]
[2855 2940 2635 2705 2915 2635 2860 2725] [3095 3230 3215 2965 3080 3180 3135 3135]
[2745 2885 2700 2740 2555 2925 2805 2745] [2955 3070 3085 3110 3095 3125 3165 3100]
[2725 2705 2590 2785 2690 2850 2765 2715] [3190 3160 3175 3170 3185 3205 3035 3225]
[2865 2725 2860 2810 2735 2820 2770 2670] [3245 3170 2995 3060 3195 3030 3135 3320]
COM3 0 25
1
[2790 2710 2565 2640 2610 2690 2800 2745] [3210 2900 3225 3095 3085 2945 3140 2990]
[2765 2820 2680 2915 2750 2855 2665 2795] [2850 2985 2935 3020 2760 3150 2975 3060]
[2800 2845 2775 2690 2735 2715 2740 2790] [3100 3080 2970 2920 3115 3040 3060 3050]
[2915 2865 2895 2780 2875 2845 2880 2795] [2840 3200 3030 3005 2975 2995 3080 2840]
[2915 2915 2720 2820 2840 2800 2905 2965] [3095 3230 3215 2965 3080 3180 3135 3135]
[2900 3090 3085 2920 2735 2935 3020 2845] [2955 3070 3085 3110 3095 3125 3165 3100]
[2690 2775 2675 2830 2685 2885 2830 2805] [3190 3160 3175 3170 3185 3205 3035 3225]
[2995 2875 2920 3030 2765 2715 2845 2810] [3245 3170 2995 3060 3195 3030 3135 3320]
COM7 1 26
1
[2790 2710 2565 2640 2610 2690 2800 2745] [2660 3235 3125 2925 3020 2965 2935 3080]
[2765 2820 2680 2915 2750 2855 2665 2795] [2830 2855 2915 3015 2985 3145 2945 3010]
[2800 2845 2775 2690 2735 2715 2740 2790] [2990 3060 2960 2895 2950 3065 2995 2880]
[2915 2865 2895 2780 2875 2845 2880 2795] [3105 3515 3185 3110 2950 3040 3055 2995]
[2915 2915 2720 2820 2840 2800 2905 2965] [3275 3200 3170 2990 3005 3010 3040 3030]
[2900 3090 3085 2920 2735 2935 3020 2845] [2985 3090 3015 3205 3015 3050 2990 3070]
[2690 2775 2675 2830 2685 2885 2830 2805] [3180 3300 2995 3090 3000 3035 3150 3190]
[2995 2875 2920 3030 2765 2715 2845 2810] [3165 3235 3235 2960 3115 3040 3010 3075]
COM3 0 27
1
[2755 2675 2710 2710 2715 2595 2825 2750] [2660 3235 3125 2925 3020 2965 2935 3080]
[2845 2975 2725 2760 2685 2720 2800 2780] [2830 2855 2915 3015 2985 3145 2945 3010]
[2715 2690 2805 2835 2745 2685 2715 2785] [2990 3060 2960 2895 2950 3065 2995 2880]
[2935 2850 2890 2755 2800 2750 2720 2840] [3105 3515 3185 3110 2950 3040 3055 2995]
[2745 2910 2750 2720 2840 2790 2910 2795] [3275 3200 3170 2990 3005 3010 3040 3030]
[2870 2715 2935 2850 2685 2665 2925 2770] [2985 3090 3015 3205 3015 3050 2990 3070]
[2995 2935 2725 2755 2710 2780 2810 2790] [3180 3300 2995 3090 3000 3035 3150 3190]
[2720 2820 2995 2655 2850 2715 2945 2820] [3165 3235 3235 2960 3115 3040 3010 3075]
COM7 1 28
1
[2755 2675 2710 2710 2715 2595 2825 2750] [3310 2860 3385 2775 2770 3085 2610 2820]
[2845 2975 2725 2760 2685 2720 2800 2780] [3150 2895 3305 2980 3070 3080 3145 2910]
[2715 2690 2805 2835 2745 2685 2715 2785] [3310 3080 2955 3010 3035 3060 3095 3220]
[2935 2850 2890 2755 2800 2750 2720 2840] [3230 3220 3065 3100 3155 3125 3020 2935]
[2745 2910 2750 2720 2840 2790 2910 2795] [3065 3275 3190 2865 2990 3025 3145 3140]
[2870 2715 2935 2850 2685 2665 2925 2770] [3210 3130 3200 3115 3165 3055 3100 3125]
[2995 2935 2725 2755 2710 2780 2810 2790] [3270 3250 3180 3335 3175 2945 3190 3245]
[2720 2820 2995 2655 2850 2715 2945 2820] [3180 3020 3195 3335 3360 2970 3235 3270]
COM3 0 29
1
[2775 2560 2720 2650 2630 2630 2625 2695] [3310 2860 3385 2775 2770 3085 2610 2820]
[2865 2745 2740 2645 2650 2740 2765 2730] [3150 2895 3305 2980 3070 3080 3145 2910]
[2520 2705 2745 2780 2680 2790 2590 2715] [3310 3080 2955 3010 3035 3060 3095 3220]
[2695 2820 2690 2665 2780 2850 2710 2620] [3230 3220 3065 3100 3155 3125 3020 2935]
[2840 2565 2790 2725 2850 2550 2815 2670] [3065 3275 3190 2865 2990 3025 3145 3140]
[2765 2765 2750 2845 2690 2785 2720 2575] [3210 3130 3200 3115 3165 3055 3100 3125]
[2690 2720 2645 2715 2545 2885 2805 2600] [3270 3250 3180 3335 3175 2945 3190 3245]
[2645 2585 2660 2805 2835 2625 2695 2720] [3180 3020 3195 3335 3360 2970 3235 3270]
COM7 1 30
1
[2775 2560 2720 2650 2630 2630 2625 2695] [3105 3090 3130 2965 2790 2875 3075 2830]
[2865 2745 2740 2645 2650 2740 2765 2730] [3010 2935 3130 2965 2900 3030 3010 2980]
[2520 2705 2745 2780 2680 2790 2590 2715] [3035 3265 2960 2945 3035 2950 2980 3010]
[2695 2820 2690 2665 2780 2850 2710 2620] [2915 3100 3180 3145 2890 3075 2965 3025]
[2840 2565 2790 2725 2850 2550 2815 2670] [3090 3320 3060 3075 3155 3105 3120 3080]
[2765 2765 2750 2845 2690 2785 2720 2575] [3135 3190 3070 3125 3020 3135 3150 3050]
[2690 2720 2645 2715 2545 2885 2805 2600] [3145 3090 3060 3270 2970 3145 2960 3045]
[2645 2585 2660 2805 2835 2625 2695 2720] [3125 2955 3190 3050 3080 3050 2935 3180]
COM3 0 31
1
[2730 2630 2890 2695 2715 2660 2870 2790] [3105 3090 3130 2965 2790 2875 3075 2830]
[2735 2780 2750 2865 2660 2790 2730 2815] [3010 2935 3130 2965 2900 3030 3010 2980]
[2760 2925 2890 2780 2765 2790 2800 3025] [3035 3265 2960 2945 3035 2950 2980 3010]
[2750 2880 2870 2755 2850 2855 2800 2880] [2915 3100 3180 3145 2890 3075 2965 3025]
[2800 2870 2755 2650 2820 2790 2960 2765] [3090 3320 3060 3075 3155 3105 3120 3080]
[2905 2915 2810 2860 2725 2880 2925 2725] [3135 3190 3070 3125 3020 3135 3150 3050]
[2710 2960 2675 2805 2680 2890 2725 2780] [3145 3090 3060 3270 2970 3145 2960 3045]
[2870 2820 2760 2815 2855 2940 2885 3030] [3125 2955 3190 3050 3080 3050 2935 3180]
COM7 1 32
1
[2730 2630 2890 2695 2715 2660 2870 2790] [2645 2550 2810 2710 2930 2575 2605 2765]
[2735 2780 2750 2865 2660 2790 2730 2815] [2670 2745 3010 2880 2655 2950 2910 2890]
[2760 2925 2890 2780 2765 2790 2800 3025] [2720 2790 2670 2685 2950 2815 2835 2780]
[2750 2880 2870 2755 2850 2855 2800 2880] [2540 2835 2810 2875 2825 2920 2815 2680]
[2800 2870 2755 2650 2820 2790 2960 2765] [2550 2640 2840 2640 2885 2835 2925 2750]
[2905 2915 2810 2860 2725 2880 2925 2725] [2630 2680 2945 2960 2790 2895 3000 2955]
[2710 2960 2675 2805 2680 2890 2725 2780] [2700 3090 2855 3000 2800 2920 2905 3085]
[2870 2820 2760 2815 2855 2940 2885 3030] [3120 2795 2805 3110 3120 3205 3035 2940]
COM3 0 33
1
[2695 2660 2645 2800 2715 2680 2750 2800] [2645 2550 2810 2710 2930 2575 2605 2765]
[2860 2825 2815 2730 2725 2670 2735 2665] [2670 2745 3010 2880 2655 2950 2910 2890]
[2705 2740 2870 2680 2710 2765 2715 2760] [2720 2790 2670 2685 2950 2815 2835 2780]
[2810 2880 2805 2785 2735 2805 2775 2775] [2540 2835 2810 2875 2825 2920 2815 2680]
[2705 2870 2765 2705 2815 2735 2895 2845] [2550 2640 2840 2640 2885 2835 2925 2750]
[2710 2765 2800 2730 2810 2845 2950 2710] [2630 2680 2945 2960 2790 2895 3000 2955]
[2800 2895 2725 2845 2690 2705 2710 2570] [2700 3090 2855 3000 2800 2920 2905 3085]
[2770 3035 2795 2885 2735 2810 2745 2615] [3120 2795 2805 3110 3120 3205 3035 2940]
COM7 1 34
1
[2695 2660 2645 2800 2715 2680 2750 2800] [3260 2880 3420 2875 2810 2925 3140 2940]
[2860 2825 2815 2730 2725 2670 2735 2665] [3065 2995 2925 2940 3105 3105 3060 2970]
[2705 2740 2870 2680 2710 2765 2715 2760] [3240 3065 2970 3040 3055 2955 3060 2950]
[2810 2880 2805 2785 2735 2805 2775 2775] [3050 3350 3310 3085 3095 3095 3050 3000]
[2705 2870 2765 2705 2815 2735 2895 2845] [3165 3000 3070 3095 3125 2945 3205 3065]
[2710 2765 2800 2730 2810 2845 2950 2710] [3100 3000 3045 3155 3140 3150 3190 2920]
[2800 2895 2725 2845 2690 2705 2710 2570] [3130 3195 3230 3125 3145 3165 3205 3225]
[2770 3035 2795 2885 2735 2810 2745 2615] [3135 2975 3125 3330 3180 3210 3265 3050]
COM3 0 35
1
[2555 2575 2610 2725 2625 2685 2635 2820] [3260 2880 3420 2875 2810 2925 3140 2940]
[2745 2790 2685 2795 2645 2760 2715 2650] [3065 2995 2925 2940 3105 3105 3060 2970]
[2585 2715 2670 2735 2670 2775 2650 2715] [3240 3065 2970 3040 3055 2955 3060 2950]
[2755 2685 2675 2605 2810 2810 2735 2635] [3050 3350 3310 3085 3095 3095 3050 3000]
[2685 2850 2835 2765 2840 2740 2850 2875] [3165 3000 3070 3095 3125 2945 3205 3065]
[2730 2725 2765 2720 2655 2805 2775 2710] [3100 3000 3045 3155 3140 3150 3190 2920]
[2790 2840 2645 2710 2715 2725 2675 2755] [3130 3195 3230 3125 3145 3165 3205 3225]
[2960 2775 2640 2785 2820 2700 2865 2650] [3135 2975 3125 3330 3180 3210 3265 3050]
COM7 1 36
1
[2555 2575 2610 2725 2625 2685 2635 2820] [3075 2840 3240 3130 3015 2835 3040 2970]
[2745 2790 2685 2795 2645 2760 2715 2650] [2800 2870 3105 3195 2850 3125 3010 2980]
[2585 2715 2670 2735 2670 2775 2650 2715] [3110 3200 3080 2970 3095 2945 3090 2880]
[2755 2685 2675 2605 2810 2810 2735 2635] [2995 3195 3275 2970 3065 3005 3060 2965]
[2685 2850 2835 2765 2840 2740 2850 2875] [3015 2965 3135 2875 2995 2885 3220 3105]
[2730 2725 2765 2720 2655 2805 2775 2710] [2900 3150 3035 3110 3270 3020 3225 3000]
[2790 2840 2645 2710 2715 2725 2675 2755] [3270 3205 3170 3000 3125 3100 3095 3075]
[2960 2775 2640 2785 2820 2700 2865 2650] [3080 3105 3240 3200 3045 2950 2985 3180]
COM3 0 37
1
[2600 2725 2640 2775 2760 2665 2870 2735] [3075 2840 3240 3130 3015 2835 3040 2970]
[2870 2795 2815 2790 2730 2800 2750 2720] [2800 2870 3105 3195 2850 3125 3010 2980]
[2675 2750 2740 2810 2730 2770 2800 2740] [3110 3200 3080 2970 3095 2945 3090 2880]
[2770 2870 2930 2775 2845 2800 2725 2875] [2995 3195 3275 2970 3065 3005 3060 2965]
[3005 2775 2745 2760 2785 2760 2785 2845] [3015 2965 3135 2875 2995 2885 3220 3105]
[2970 2745 3025 2880 2720 2990 2905 2765] [2900 3150 3035 3110 3270 3020 3225 3000]
[2730 2750 2655 2900 2670 2865 2630 2655] [3270 3205 3170 3000 3125 3100 3095 3075]
[2845 2820 2960 2805 2670 2730 2850 2925] [3080 3105 3240 3200 3045 2950 2985 3180]
COM7 1 38
1
[2600 2725 2640 2775 2760 2665 2870 2735] [2710 3150 2715 3170 2835 3195 3120 2960]
[2870 2795 2815 2790 2730 2800 2750 2720] [2960 3040 3055 2945 3035 3040 3010 3060]
[2675 2750 2740 2810 2730 2770 2800 2740] [3010 3025 3080 2985 3075 3005 2980 2980]
[2770 2870 2930 2775 2845 2800 2725 2875] [2950 3245 3010 3090 2980 2960 3110 2915]
[3005 2775 2745 2760 2785 2760 2785 2845] [2895 2910 2955 2940 2925 2965 3095 3095]
[2970 2745 3025 2880 2720 2990 2905 2765] [2745 3160 2865 3185 3065 3035 3180 2980]
[2730 2750 2655 2900 2670 2865 2630 2655] [3030 3175 3330 3075 3020 3050 3065 3210]
[2845 2820 2960 2805 2670 2730 2850 2925] [2905 3310 3210 3100 3005 2985 2985 3210]
COM3 0 39
1
[2520 2570 2685 2735 2645 2665 2765 2680] [2710 3150 2715 3170 2835 3195 3120 2960]
[2835 2690 2530 2655 2650 2675 2695 2640] [2960 3040 3055 2945 3035 3040 3010 3060]
[2585 2755 2665 2700 2685 2700 2625 2795] [3010 3025 3080 2985 3075 3005 2980 2980]
[2710 2880 2795 2690 2695 2750 2740 2640] [2950 3245 3010 3090 2980 2960 3110 2915]
[2765 2655 2835 2650 2770 2665 2855 2865] [2895 2910 2955 2940 2925 2965 3095 3095]
[2780 2765 2845 2800 2740 2925 2850 2660] [2745 3160 2865 3185 3065 3035 3180 2980]
[2740 2880 2470 2800 2715 2720 2675 2645] [3030 3175 3330 3075 3020 3050 3065 3210]
[2810 2750 2625 2640 2675 2675 2850 2700] [2905 3310 3210 3100 3005 2985 2985 3210]
COM7 1 40
1
[2520 2570 2685 2735 2645 2665 2765 2680] [2930 3265 3010 3005 2980 3020 2810 2920]
[2835 2690 2530 2655 2650 2675 2695 2640] [2985 2960 3140 3105 3125 3100 3155 2905]
[2585 2755 2665 2700 2685 2700 2625 2795] [3125 3165 3135 3150 3175 2975 3020 2980]
[2710 2880 2795 2690 2695 2750 2740 2640] [3125 3340 3195 3105 3090 3050 3010 3105]
[2765 2655 2835 2650 2770 2665 2855 2865] [3005 3035 3185 2920 2945 3160 3100 3125]
[2780 2765 2845 2800 2740 2925 2850 2660] [3025 3050 3280 3210 3105 3250 3235 2920]
[2740 2880 2470 2800 2715 2720 2675 2645] [3100 3155 3305 3370 3025 3100 3245 3240]
[2810 2750 2625 2640 2675 2675 2850 2700] [3125 3065 3100 3375 3080 3170 3055 3095]
COM3 0 41
1
[2665 2715 2590 2590 2575 2620 2540 2560] [2930 3265 3010 3005 2980 3020 2810 2920]
[2605 2570 2595 2750 2650 2680 2610 2595] [2985 2960 3140 3105 3125 3100 3155 2905]
[2485 2590 2600 2700 2565 2640 2640 2650] [3125 3165 3135 3150 3175 2975 3020 2980]
[2575 2545 2535 2620 2710 2635 2640 2510] [3125 3340 3195 3105 3090 3050 3010 3105]
[2725 2610 2615 2525 2625 2585 2735 2675] [3005 3035 3185 2920 2945 3160 3100 3125]
[2655 2700 2680 2705 2695 2805 2635 2700] [3025 3050 3280 3210 3105 3250 3235 2920]
[2630 2715 2650 2790 2740 2735 2550 2780] [3100 3155 3305 3370 3025 3100 3245 3240]
[2860 2820 2735 2755 2625 2685 2580 2695] [3125 3065 3100 3375 3080 3170 3055 3095]
COM7 1 42
1
[2665 2715 2590 2590 2575 2620 2540 2560] [2930 3050 3190 2765 2480 2710 2745 2980]
[2605 2570 2595 2750 2650 2680 2610 2595] [3105 2930 3220 3035 2850 2985 3105 2860]
[2485 2590 2600 2700 2565 2640 2640 2650] [3165 3055 3165 2910 3085 2970 3050 2910]
[2575 2545 2535 2620 2710 2635 2640 2510] [3070 3160 3215 2935 2990 3030 2985 2880]
[2725 2610 2615 2525 2625 2585 2735 2675] [3025 2910 3110 2870 3015 3050 3010 3000]
[2655 2700 2680 2705 2695 2805 2635 2700] [3280 3015 3065 3095 3000 3090 3090 3125]
[2630 2715 2650 2790 2740 2735 2550 2780] [3220 3035 3295 3075 3040 3095 3265 3125]
[2860 2820 2735 2755 2625 2685 2580 2695] [3170 3100 3185 3130 3190 3215 3095 3055]
COM3 0 43
1
[2755 2675 2905 2695 2660 2620 2770 2690] [2930 3050 3190 2765 2480 2710 2745 2980]
[2925 2775 2685 2900 2800 2845 2715 2850] [3105 2930 3220 3035 2850 2985 3105 2860]
[2750 2820 2780 2835 2820 2820 2800 2875] [3165 3055 3165 2910 3085 2970 3050 2910]
[2965 2850 2825 2840 2910 2775 2725 2785] [3070 3160 3215 2935 2990 3030 2985 2880]
[2935 2825 2835 2960 2910 2855 2870 2930] [3025 2910 3110 2870 3015 3050 3010 3000]
[2765 2670 2725 2855 2810 2880 2940 2705] [3280 3015 3065 3095 3000 3090 3090 3125]
[2740 2825 2815 2990 2790 2770 2795 2860] [3220 3035 3295 3075 3040 3095 3265 3125]
[3010 2995 3015 2785 2710 2705 3090 2825] [3170 3100 3185 3130 3190 3215 3095 3055]
COM7 1 44
1
[2755 2675 2905 2695 2660 2620 2770 2690] [2330 2545 2570 2770 2740 2805 2910 2850]
[2925 2775 2685 2900 2800 2845 2715 2850] [2595 2595 2515 2720 2805 2800 2855 2885]
[2750 2820 2780 2835 2820 2820 2800 2875] [2515 2550 2700 2685 2865 2820 2885 2660]
[2965 2850 2825 2840 2910 2775 2725 2785] [2590 3085 2860 2775 2785 2855 2815 2810]
[2935 2825 2835 2960 2910 2855 2870 2930] [2665 2765 2665 2605 2710 2815 3045 2875]
[2765 2670 2725 2855 2810 2880 2940 2705] [2495 2670 2645 2860 2740 2890 2960 2815]
[2740 2825 2815 2990 2790 2770 2795 2860] [2810 2870 2965 2790 3055 2925 2905 2955]
[3010 2995 3015 2785 2710 2705 3090 2825] [2915 2675 2805 2815 2690 2765 2770 2935]
COM3 0 45
1
[2855 2750 2750 2745 2790 2690 2755 2785] [2330 2545 2570 2770 2740 2805 2910 2850]
[2895 2870 2685 2785 2720 2795 2810 2910] [2595 2595 2515 2720 2805 2800 2855 2885]
[2765 2840 2860 2920 2765 2860 2860 2685] [2515 2550 2700 2685 2865 2820 2885 2660]
[2865 2755 2875 2795 3050 2845 2720 2685] [2590 3085 2860 2775 2785 2855 2815 2810]
[2925 2885 2895 2795 2855 2890 3055 2975] [2665 2765 2665 2605 2710 2815 3045 2875]
[2810 2765 2915 2970 2700 2805 2935 2795] [2495 2670 2645 2860 2740 2890 2960 2815]
[2845 2890 2885 2840 2825 2785 2770 2770] [2810 2870 2965 2790 3055 2925 2905 2955]
[2875 2820 2495 2800 2870 2885 2935 2630] [2915 2675 2805 2815 2690 2765 2770 2935]
COM7 1 46
1
[2855 2750 2750 2745 2790 2690 2755 2785] [2910 2870 2990 2900 2870 2900 2795 2995]
[2895 2870 2685 2785 2720 2795 2810 2910] [3290 3070 3000 3145 3040 3065 3130 2825]
[2765 2840 2860 2920 2765 2860 2860 2685] [3105 3020 3100 2970 3085 3005 3060 3030]
[2865 2755 2875 2795 3050 2845 2720 2685] [3230 3180 3105 3035 2940 2970 3010 3030]
[2925 2885 2895 2795 2855 2890 3055 2975] [2930 3000 3175 2990 3010 3095 3205 3140]
[2810 2765 2915 2970 2700 2805 2935 2795] [3090 2965 3040 3210 2985 3205 3070 3060]
[2845 2890 2885 2840 2825 2785 2770 2770] [3195 2975 3225 2975 3125 3095 3335 3240]
[2875 2820 2495 2800 2870 2885 2935 2630] [3130 2975 3015 3295 2965 3050 3400 2980]
COM3 0 47
1
[2675 2690 2535 2690 2715 2620 2560 2550] [2910 2870 2990 2900 2870 2900 2795 2995]
[2670 2740 2685 2745 2600 2775 2660 2715] [3290 3070 3000 3145 3040 3065 3130 2825]
[2620 2695 2650 2735 2725 2690 2715 2685] [3105 3020 3100 2970 3085 3005 3060 3030]
[2700 2680 2650 2730 2730 2675 2675 2615] [3230 3180 3105 3035 2940 2970 3010 3030]
[2635 2765 2645 2630 2810 2670 2795 2710] [2930 3000 3175 2990 3010 3095 3205 3140]
[2685 2755 2840 2730 2710 2780 2760 2660] [3090 2965 3040 3210 2985 3205 3070 3060]
[2895 2685 2675 2810 2735 2640 2495 2565] [3195 2975 3225 2975 3125 3095 3335 3240]
[2845 2630 2680 2655 2690 2745 2660 2570] [3130 2975 3015 3295 2965 3050 3400 2980]
COM7 1 48
1
[2675 2690 2535 2690 2715 2620 2560 2550] [2705 2655 3170 2885 3240 3130 3040 2975]
[2670 2740 2685 2745 2600 2775 2660 2715] [3190 2985 3115 3130 3140 3155 3050 3030]
[2620 2695 2650 2735 2725 2690 2715 2685] [3070 3025 3005 3035 3070 2910 3015 2790]
[2700 2680 2650 2730 2730 2675 2675 2615] [2905 3235 3090 3005 2995 2905 3165 3025]
[2635 2765 2645 2630 2810 2670 2795 2710] [3060 3200 3175 3060 2970 3025 3160 3155]
[2685 2755 2840 2730 2710 2780 2760 2660] [2915 3040 2980 3080 3075 3170 3205 3155]
[2895 2685 2675 2810 2735 2640 2495 2565] [3130 3350 3090 3030 3115 2990 2895 3180]
[2845 2630 2680 2655 2690 2745 2660 2570] [3080 3200 3075 3130 3110 3135 3210 3025]
COM3 0 49
1
[2795 2720 2590 2785 2570 2715 2725 2730] [2705 2655 3170 2885 3240 3130 3040 2975]
[2810 2970 2740 2820 2720 2690 2895 2785] [3190 2985 3115 3130 3140 3155 3050 3030]
[2575 2705 2975 2745 2790 2870 2775 2830] [3070 3025 3005 3035 3070 2910 3015 2790]
[2675 2850 2985 2770 2805 2765 2815 2855] [2905 3235 3090 3005 2995 2905 3165 3025]
[2975 2755 2825 2845 2770 2735 2800 2890] [3060 3200 3175 3060 2970 3025 3160 3155]
[2745 2770 2865 2885 2695 2850 2960 2735] [2915 3040 2980 3080 3075 3170 3205 3155]
[2815 2825 2545 2965 2745 2890 2795 2860] [3130 3350 3090 3030 3115 2990 2895 3180]
[3050 2820 2765 2860 2920 2875 3005 2750] [3080 3200 3075 3130 3110 3135 3210 3025]
COM7 1 50
1
[2795 2720 2590 2785 2570 2715 2725 2730] [2540 3105 3125 3070 2945 2935 2990 3210]
[2810 2970 2740 2820 2720 2690 2895 2785] [2880 3210 2885 2730 2910 3120 2800 2850]
[2575 2705 2975 2745 2790 2870 2775 2830] [2715 2655 3025 3000 2995 2845 2935 3065]
[2675 2850 2985 2770 2805 2765 2815 2855] [2950 3090 3185 2945 2995 3045 2970 2925]
[2975 2755 2825 2845 2770 2735 2800 2890] [3045 2905 3095 2865 2870 3045 2975 3035]
[2745 2770 2865 2885 2695 2850 2960 2735] [2925 3005 3005 3010 3135 2960 3145 3085]
[2815 2825 2545 2965 2745 2890 2795 2860] [2885 3330 3205 3010 2900 2995 3155 3170]
[3050 2820 2765 2860 2920 2875 3005 2750] [3275 3170 2800 3200 3210 2805 3050 3100]
COM3 0 51
1
[2730 2785 2775 2755 2750 2705 2725 2770] [2540 3105 3125 3070 2945 2935 2990 3210]
[2825 2815 2800 2805 2745 2770 2810 2890] [2880 3210 2885 2730 2910 3120 2800 2850]
[2590 2775 2805 2685 2730 2825 2755 2835] [2715 2655 3025 3000 2995 2845 2935 3065]
[2780 2755 2945 2765 2805 2805 2830 2800] [2950 3090 3185 2945 2995 3045 2970 2925]
[2945 2790 2895 2860 2975 2830 2855 2950] [3045 2905 3095 2865 2870 3045 2975 3035]
[2660 2885 2875 2885 2765 2880 3045 2815] [2925 3005 3005 3010 3135 2960 3145 3085]
[2695 2780 2975 2845 2570 2950 2650 2775] [2885 3330 3205 3010 2900 2995 3155 3170]
[2770 2780 2725 2770 2635 2810 2775 2730] [3275 3170 2800 3200 3210 2805 3050 3100]
COM7 1 52
1
[2730 2785 2775 2755 2750 2705 2725 2770] [2970 2895 3060 2930 2905 3160 3140 3100]
[2825 2815 2800 2805 2745 2770 2810 2890] [3120 3170 3065 3000 2880 3205 3030 2925]
[2590 2775 2805 2685 2730 2825 2755 2835] [3065 3220 3040 2920 3045 2950 3090 2890]
[2780 2755 2945 2765 2805 2805 2830 2800] [2990 3210 3325 3150 3040 3095 3220 2935]
[2945 2790 2895 2860 2975 2830 2855 2950] [3155 3185 3155 2950 3080 3040 3155 3165]
[2660 2885 2875 2885 2765 2880 3045 2815] [2985 2930 3225 3115 3085 3105 3200 3120]
[2695 2780 2975 2845 2570 2950 2650 2775] [3095 3485 3205 2925 2975 3360 3125 3105]
[2770 2780 2725 2770 2635 2810 2775 2730] [3105 3195 3215 3185 2955 3025 3125 2970]
COM3 0 53
1
[2550 2540 2595 2530 2705 2570 2600 2545] [2970 2895 3060 2930 2905 3160 3140 3100]
[2630 2675 2560 2695 2615 2670 2525 2685] [3120 3170 3065 3000 2880 3205 3030 2925]
[2590 2625 2660 2710 2595 2690 2650 2640] [3065 3220 3040 2920 3045 2950 3090 2890]
[2705 2760 2835 2580 2680 2465 2630 2485] [2990 3210 3325 3150 3040 3095 3220 2935]
[2695 2700 2625 2590 2715 2640 2760 2610] [3155 3185 3155 2950 3080 3040 3155 3165]
[2535 2705 2690 2750 2560 2770 2745 2515] [2985 2930 3225 3115 3085 3105 3200 3120]
[2645 2630 2670 2610 2730 2530 2535 2625] [3095 3485 3205 2925 2975 3360 3125 3105]
[2875 2600 2735 2550 2700 2760 2695 2565] [3105 3195 3215 3185 2955 3025 3125 2970]
COM7 1 54
1
[2550 2540 2595 2530 2705 2570 2600 2545] [2990 2850 3005 2995 3135 3165 3105 3120]
[2630 2675 2560 2695 2615 2670 2525 2685] [2990 3050 3095 2955 2835 3105 2935 2870]
[2590 2625 2660 2710 2595 2690 2650 2640] [2885 3050 2935 2885 2975 2945 2965 2990]
[2705 2760 2835 2580 2680 2465 2630 2485] [3045 3270 3240 2960 3125 2980 3060 2965]
[2695 2700 2625 2590 2715 2640 2760 2610] [3105 3130 3215 2915 3065 2995 3065 3130]
[2535 2705 2690 2750 2560 2770 2745 2515] [2940 3150 3095 3105 3055 3035 3085 3245]
[2645 2630 2670 2610 2730 2530 2535 2625] [3190 3310 3255 2975 2935 3080 3110 3080]
[2875 2600 2735 2550 2700 2760 2695 2565] [3275 3130 3275 3355 3205 3080 2960 3140]
COM3 0 55
1
[2710 2805 2720 2910 2695 2685 2850 2925] [2990 2850 3005 2995 3135 3165 3105 3120]
[2880 2920 2740 2710 2795 2850 2905 2870] [2990 3050 3095 2955 2835 3105 2935 2870]
[2670 2785 2815 2750 2765 2915 2815 2840] [2885 3050 2935 2885 2975 2945 2965 2990]
[2765 2805 3000 2885 2845 2980 2875 2940] [3045 3270 3240 2960 3125 2980 3060 2965]
[2925 2850 2940 2880 2935 2725 3015 2910] [3105 3130 3215 2915 3065 2995 3065 3130]
[2920 2935 2955 2895 2840 2945 2960 2995] [2940 3150 3095 3105 3055 3035 3085 3245]
[2815 2880 2900 3045 2825 2900 2840 2730] [3190 3310 3255 2975 2935 3080 3110 3080]
[3045 2985 2835 2965 3080 2885 3130 2900] [3275 3130 3275 3355 3205 3080 2960 3140]
COM7 1 56
1
[2710 2805 2720 2910 2695 2685 2850 2925] [3270 3420 3135 3260 3340 2935 3150 2925]
[2880 2920 2740 2710 2795 2850 2905 2870] [3355 3315 3340 3065 3255 3180 3010 2985]
[2670 2785 2815 2750 2765 2915 2815 2840] [3415 3265 3265 3185 3130 2985 3005 3120]
[2765 2805 3000 2885 2845 2980 2875 2940] [3435 3285 3465 3325 3275 3090 3105 3195]
[2925 2850 2940 2880 2935 2725 3015 2910] [3285 3230 3405 3230 3170 3175 3185 3250]
[2920 2935 2955 2895 2840 2945 2960 2995] [3285 3440 3215 3305 3165 3210 3260 3230]
[2815 2880 2900 3045 2825 2900 2840 2730] [3305 3485 3465 3325 3520 3220 3305 3390]
[3045 2985 2835 2965 3080 2885 3130 2900] [3355 3325 3430 3315 3210 3090 3350 3375]
COM3 0 57
1
[2665 2540 2710 2725 2670 2565 2745 2655] [3270 3420 3135 3260 3340 2935 3150 2925]
[2790 2735 2670 2780 2755 2750 2675 2610] [3355 3315 3340 3065 3255 3180 3010 2985]
[2630 2820 2845 2630 2680 2750 2715 2700] [3415 3265 3265 3185 3130 2985 3005 3120]
[2775 2695 2795 2655 2850 2680 2765 2680] [3435 3285 3465 3325 3275 3090 3105 3195]
[2815 2855 2805 2680 2875 2695 2855 2680] [3285 3230 3405 3230 3170 3175 3185 3250]
[2730 2785 2945 2885 2670 2850 2940 2755] [3285 3440 3215 3305 3165 3210 3260 3230]
[2810 2780 2725 2845 2830 2785 2715 2910] [3305 3485 3465 3325 3520 3220 3305 3390]
[3015 2705 2835 2785 2620 2825 2835 2725] [3355 3325 3430 3315 3210 3090 3350 3375]
COM7 1 58
1
[2665 2540 2710 2725 2670 2565 2745 2655] [2875 3225 3300 2740 3260 2705 2810 2850]
[2790 2735 2670 2780 2755 2750 2675 2610] [3140 3015 3390 3000 2950 3105 2905 3140]
[2630 2820 2845 2630 2680 2750 2715 2700] [2910 3095 3190 3025 3120 3165 3050 2975]
[2775 2695 2795 2655 2850 2680 2765 2680] [3300 3305 3240 3145 3010 3075 3190 3030]
[2815 2855 2805 2680 2875 2695 2855 2680] [2980 2960 3165 3025 3075 3060 3065 3140]
[2730 2785 2945 2885 2670 2850 2940 2755] [3265 3260 3290 3300 3210 3045 2960 3140]
[2810 2780 2725 2845 2830 2785 2715 2910] [3230 3210 3135 3065 3090 3055 3160 3180]
[3015 2705 2835 2785 2620 2825 2835 2725] [3100 3055 3315 3140 3180 3260 2990 3310]
COM3 0 59
1
[2705 2750 2670 2705 2780 2800 2850 2870] [2875 3225 3300 2740 3260 2705 2810 2850]
[2845 3010 2795 2825 2765 2845 2875 2875] [3140 3015 3390 3000 2950 3105 2905 3140]
[2650 2700 2805 2780 2690 2805 2740 2825] [2910 3095 3190 3025 3120 3165 3050 2975]
[2825 2870 2945 2775 2785 2755 2845 2810] [3300 3305 3240 3145 3010 3075 3190 3030]
[2960 2805 2910 2835 2850 2730 2915 2865] [2980 2960 3165 3025 3075 3060 3065 3140]
[2850 2860 3005 3030 2765 2860 2915 2585] [3265 3260 3290 3300 3210 3045 2960 3140]
[2715 2835 2740 2820 2895 2815 2900 2775] [3230 3210 3135 3065 3090 3055 3160 3180]
[2840 2820 2940 2960 2960 3010 2940 2825] [3100 3055 3315 3140 3180 3260 2990 3310]
COM7 1 60
1
[2705 2750 2670 2705 2780 2800 2850 2870] [3105 3055 3190 2980 3025 3065 3155 2930]
[2845 3010 2795 2825 2765 2845 2875 2875] [2890 3025 3070 3020 3065 3035 2945 3020]
[2650 2700 2805 2780 2690 2805 2740 2825] [2930 2950 3045 2905 3010 2985 2915 3025]
[2825 2870 2945 2775 2785 2755 2845 2810] [2960 3195 3080 2935 3060 2875 2965 3050]
[2960 2805 2910 2835 2850 2730 2915 2865] [3000 3305 3165 2960 2960 2945 3130 3135]
[2850 2860 3005 3030 2765 2860 2915 2585] [2740 3095 3195 3145 3100 3090 3000 2955]
[2715 2835 2740 2820 2895 2815 2900 2775] [3060 3090 3345 3140 2935 3145 3230 3115]
[2840 2820 2940 2960 2960 3010 2940 2825] [3090 3110 3210 3080 3035 3270 2985 3180]
COM3 0 61
1
[2765 2490 2645 2635 2585 2715 2665 2590] [3105 3055 3190 2980 3025 3065 3155 2930]
[2715 2680 2605 2665 2615 2615 2645 2645] [2890 3025 3070 3020 3065 3035 2945 3020]
[2585 2615 2800 2705 2715 2610 2665 2620] [2930 2950 3045 2905 3010 2985 2915 3025]
[2745 2580 2690 2655 2775 2605 2645 2705] [2960 3195 3080 2935 3060 2875 2965 3050]
[2810 2720 2800 2600 2745 2710 2760 2705] [3000 3305 3165 2960 2960 2945 3130 3135]
[2690 2700 2680 2725 2570 2595 2665 2580] [2740 3095 3195 3145 3100 3090 3000 2955]
[2580 2665 2650 2670 2740 2640 2605 2715] [3060 3090 3345 3140 2935 3145 3230 3115]
[2850 2780 2650 2715 2765 2800 2765 2670] [3090 3110 3210 3080 3035 3270 2985 3180]
COM7 1 62
1
[2765 2490 2645 2635 2585 2715 2665 2590] [2585 2985 2995 3095 3020 3065 2760 3170]
[2715 2680 2605 2665 2615 2615 2645 2645] [3080 3105 3240 2940 2840 2955 3060 3105]
[2585 2615 2800 2705 2715 2610 2665 2620] [3070 2875 3115 3030 3045 2940 3015 2805]
[2745 2580 2690 2655 2775 2605 2645 2705] [3070 2980 3145 3155 2980 3085 3210 3055]
[2810 2720 2800 2600 2745 2710 2760 2705] [3190 3115 3210 2815 3035 3060 3155 3070]
[2690 2700 2680 2725 2570 2595 2665 2580] [3040 3125 3190 3040 3125 3100 3125 3070]
[2580 2665 2650 2670 2740 2640 2605 2715] [3110 3125 3245 3040 3180 3335 3145 2995]
[2850 2780 2650 2715 2765 2800 2765 2670] [3250 3040 3015 3240 2825 3080 3105 3135]
COM3 0 63
1
[2675 2665 2670 2650 2675 2690 2915 2720] [2585 2985 2995 3095 3020 3065 2760 3170]
[2800 2800 2720 2800 2795 2840 2765 2805] [3080 3105 3240 2940 2840 2955 3060 3105]
[2690 2745 2715 2735 2615 2910 2745 2780] [3070 2875 3115 3030 3045 2940 3015 2805]
[2910 2850 2820 2755 2800 2800 2710 2750] [3070 2980 3145 3155 2980 3085 3210 3055]
[2925 2715 2840 2725 2935 2780 2915 2975] [3190 3115 3210 2815 3035 3060 3155 3070]
[2810 2765 2915 2945 2640 2860 2865 2775] [3040 3125 3190 3040 3125 3100 3125 3070]
[2925 2955 2650 2905 2840 2785 3035 2865] [3110 3125 3245 3040 3180 3335 3145 2995]
[2870 3020 2790 2860 2830 2970 3070 2935] [3250 3040 3015 3240 2825 3080 3105 3135]
COM7 1 64
1
[2675 2665 2670 2650 2675 2690 2915 2720] [3090 2980 3210 2875 3020 2780 3065 3075]
[2800 2800 2720 2800 2795 2840 2765 2805] [2880 3045 3095 3270 2975 3145 3075 2925]
[2690 2745 2715 2735 2615 2910 2745 2780] [3035 2950 2960 2960 3010 2905 3010 2800]
[2910 2850 2820 2755 2800 2800 2710 2750] [3170 3320 3070 3010 2965 2880 3015 3140]
[2925 2715 2840 2725 2935 2780 2915 2975] [2915 2915 3200 2840 3015 3050 3000 3000]
[2810 2765 2915 2945 2640 2860 2865 2775] [3040 3045 3005 3180 3005 3185 3090 3145]
[2925 2955 2650 2905 2840 2785 3035 2865] [2995 3270 3120 2980 3130 3315 3065 3295]
[2870 3020 2790 2860 2830 2970 3070 2935] [2915 3260 3295 3190 3045 3055 3045 3290]
COM3 0 65
1
[2765 2560 2710 2615 2670 2745 2730 2705] [3090 2980 3210 2875 3020 2780 3065 3075]
[2860 2810 2745 2730 2755 2770 2890 2705] [2880 3045 3095 3270 2975 3145 3075 2925]
[2700 2740 2780 2700 2710 2805 2765 2815] [3035 2950 2960 2960 3010 2905 3010 2800]
[2845 2940 2860 2705 2850 2730 2650 2615] [3170 3320 3070 3010 2965 2880 3015 3140]
[2845 2665 2850 2750 2760 2805 2795 2695] [2915 2915 3200 2840 3015 3050 3000 3000]
[2640 2770 2900 2650 2765 2805 2905 2760] [3040 3045 3005 3180 3005 3185 3090 3145]
[2845 2835 2715 2735 2740 2945 2590 2780] [2995 3270 3120 2980 3130 3315 3065 3295]
[3020 2820 3015 2725 2990 2870 2915 2720] [2915 3260 3295 3190 3045 3055 3045 3290]