COM7 1 6
1
[2845 2930 2735 2870 2935 2995 2945 3015] [2770 2680 2835 2765 2855 2630 2795 2825]
[3030 3000 2830 3055 2910 2925 2975 2990] [2775 2665 2850 2885 2950 2745 2815 2935]
[2985 2860 2910 3025 2820 3005 3030 2965] [2600 2765 2800 2730 2890 2845 2905 2905]
[3050 3220 2980 2835 2960 2920 2955 2860] [2840 2965 3015 3005 2850 2995 2925 2715]
[3090 2895 3035 2945 2935 2905 3170 3060] [2845 2795 2810 2905 2835 2905 2910 3065]
[3010 3040 3215 2910 2810 2975 2960 2980] [2665 2750 2915 2770 2950 2920 3015 2965]
[3025 3150 3075 3065 3125 3110 3010 2955] [2895 2910 2965 2995 2830 2950 3195 3305]
[2970 2830 3045 3050 3035 2875 3190 3030] [3065 3040 2745 2755 2940 2975 2915 2940]
COM3 0 7
1
[3090 2970 2680 3210 2995 2735 3020 2940] [2770 2680 2835 2765 2855 2630 2795 2825]
[2905 2695 2905 2935 2930 2875 2885 2920] [2775 2665 2850 2885 2950 2745 2815 2935]
[2775 2875 3015 2875 2725 3040 2915 2795] [2600 2765 2800 2730 2890 2845 2905 2905]
[3200 2820 3040 3150 3065 2985 3040 3060] [2840 2965 3015 3005 2850 2995 2925 2715]
[3085 3145 2985 2835 2930 2870 3005 3055] [2845 2795 2810 2905 2835 2905 2910 3065]
[2705 3135 3000 2910 2850 3075 3245 3070] [2665 2750 2915 2770 2950 2920 3015 2965]
[3020 2990 3180 2925 2815 2765 2760 3025] [2895 2910 2965 2995 2830 2950 3195 3305]
[2965 3020 2960 2720 2955 2970 3180 3505] [3065 3040 2745 2755 2940 2975 2915 2940]
COM7 1 8
1
[3090 2970 2680 3210 2995 2735 3020 2940] [2980 2945 2840 3150 2905 3105 3115 2875]
[2905 2695 2905 2935 2930 2875 2885 2920] [3170 3005 3015 2975 2780 3005 2895 2875]
[2775 2875 3015 2875 2725 3040 2915 2795] [3135 2915 3135 2980 3090 2875 2945 2960]
[3200 2820 3040 3150 3065 2985 3040 3060] [3105 3285 3225 3145 3040 3175 3030 2880]
[3085 3145 2985 2835 2930 2870 3005 3055] [3165 3305 3170 2955 3060 2990 3160 3060]
[2705 3135 3000 2910 2850 3075 3245 3070] [3065 3205 2985 3120 3070 2975 3085 3185]
[3020 2990 3180 2925 2815 2765 2760 3025] [3090 3085 3000 3325 3290 3080 3200 3210]
[2965 3020 2960 2720 2955 2970 3180 3505] [3195 3030 3025 3070 3190 3040 3015 3000]
COM3 0 9
1
[2840 2980 2735 3005 2805 2820 2705 2735] [2980 2945 2840 3150 2905 3105 3115 2875]
[3065 2855 2840 2935 2745 3040 2905 2900] [3170 3005 3015 2975 2780 3005 2895 2875]
[2630 2940 2805 2755 2780 2895 2815 2860] [3135 2915 3135 2980 3090 2875 2945 2960]
[2890 2780 2920 2900 2960 2840 2835 2765] [3105 3285 3225 3145 3040 3175 3030 2880]
[3095 2990 3115 2985 3005 2870 3010 2965] [3165 3305 3170 2955 3060 2990 3160 3060]
[3010 2805 2925 2925 2780 2925 2920 2920] [3065 3205 2985 3120 3070 2975 3085 3185]
[3000 2940 3075 3045 2740 2825 2870 2955] [3090 3085 3000 3325 3290 3080 3200 3210]
[3040 2995 3100 2715 2890 2870 3000 2760] [3195 3030 3025 3070 3190 3040 3015 3000]
COM7 1 10
1
[2840 2980 2735 3005 2805 2820 2705 2735] [2795 2490 2525 2770 2840 2960 2600 2775]
[3065 2855 2840 2935 2745 3040 2905 2900] [2495 2410 2720 2710 2710 2865 2905 2930]
[2630 2940 2805 2755 2780 2895 2815 2860] [2675 2650 2900 2740 3000 3025 2845 2945]
[2890 2780 2920 2900 2960 2840 2835 2765] [2520 2785 2750 2815 2825 2815 2910 2915]
[3095 2990 3115 2985 3005 2870 3010 2965] [2820 2795 2895 2820 2710 2770 3010 2870]
[3010 2805 2925 2925 2780 2925 2920 2920] [2690 2765 2950 2915 2920 2920 2970 2665]
[3000 2940 3075 3045 2740 2825 2870 2955] [2910 2910 2885 2865 2925 2850 2855 3055]
[3040 2995 3100 2715 2890 2870 3000 2760] [2720 2945 2830 2850 2775 2725 2920 2955]
COM3 0 11
1
[3095 2800 2875 3075 2775 2775 2885 3000] [2795 2490 2525 2770 2840 2960 2600 2775]
[2945 2975 2700 2990 2850 2865 2990 2875] [2495 2410 2720 2710 2710 2865 2905 2930]
[2640 2890 2955 2910 2855 2855 3060 2970] [2675 2650 2900 2740 3000 3025 2845 2945]
[3150 2940 3005 2945 2995 2845 2900 2945] [2520 2785 2750 2815 2825 2815 2910 2915]
[2965 2975 3115 2935 3135 3175 2990 3115] [2820 2795 2895 2820 2710 2770 3010 2870]
[2790 2795 3195 2810 2850 2970 3285 2775] [2690 2765 2950 2915 2920 2920 2970 2665]
[2960 3110 3130 2935 2900 3040 2960 2940] [2910 2910 2885 2865 2925 2850 2855 3055]
[3255 3040 2785 2975 3040 2970 3040 3175] [2720 2945 2830 2850 2775 2725 2920 2955]
COM7 1 12
1
[3095 2800 2875 3075 2775 2775 2885 3000] [2790 2845 2835 2960 3060 2855 2950 2705]
[2945 2975 2700 2990 2850 2865 2990 2875] [2985 2945 3070 3040 2955 3190 2915 3120]
[2640 2890 2955 2910 2855 2855 3060 2970] [3050 2870 3100 3040 3215 3025 3000 2910]
[3150 2940 3005 2945 2995 2845 2900 2945] [3130 2975 3280 3000 3000 2870 3015 2940]
[2965 2975 3115 2935 3135 3175 2990 3115] [2845 3175 3070 3090 2980 3005 3035 3045]
[2790 2795 3195 2810 2850 2970 3285 2775] [3080 3290 3170 3095 3015 3160 3090 3175]
[2960 3110 3130 2935 2900 3040 2960 2940] [3005 3050 3150 3275 2895 3150 3120 3280]
[3255 3040 2785 2975 3040 2970 3040 3175] [3275 3155 3205 3135 3075 2950 3110 3240]
COM3 0 13
1
[2950 3035 2790 2930 3055 2790 2940 2985] [2790 2845 2835 2960 3060 2855 2950 2705]
[2920 2925 2860 2825 2930 2910 3025 3120] [2985 2945 3070 3040 2955 3190 2915 3120]
[2995 2970 3015 3035 2950 3075 2980 3100] [3050 2870 3100 3040 3215 3025 3000 2910]
[3015 3035 3010 2975 2990 3030 2830 2980] [3130 2975 3280 3000 3000 2870 3015 2940]
[2885 2960 2920 2870 3030 2865 3005 2940] [2845 3175 3070 3090 2980 3005 3035 3045]
[3010 3045 2940 2975 2805 3145 3235 3035] [3080 3290 3170 3095 3015 3160 3090 3175]
[3140 2940 3200 3080 3000 2915 3170 3040] [3005 3050 3150 3275 2895 3150 3120 3280]
[3170 3035 3110 2935 2835 3035 2970 3305] [3275 3155 3205 3135 3075 2950 3110 3240]
COM7 1 14
1
[2950 3035 2790 2930 3055 2790 2940 2985] [3250 2975 2925 3010 2815 2895 2835 3005]
[2920 2925 2860 2825 2930 2910 3025 3120] [3110 3010 3010 3035 3125 3165 3100 3020]
[2995 2970 3015 3035 2950 3075 2980 3100] [3340 3200 3110 3205 3090 2970 3055 2940]
[3015 3035 3010 2975 2990 3030 2830 2980] [3255 2970 3240 3195 3120 3245 3100 3085]
[2885 2960 2920 2870 3030 2865 3005 2940] [3165 3350 3235 3175 3125 3075 3270 3180]
[3010 3045 2940 2975 2805 3145 3235 3035] [3100 3165 3250 3195 3135 3225 3140 3150]
[3140 2940 3200 3080 3000 2915 3170 3040] [3050 3225 3345 3135 3060 3075 3090 3180]
[3170 3035 3110 2935 2835 3035 2970 3305] [3210 3325 3135 3340 3165 3295 3180 3175]
COM3 0 15
1
[2750 2580 2725 2655 2810 2600 2765 2665] [3250 2975 2925 3010 2815 2895 2835 3005]
[2920 2690 2655 2750 2670 2785 2665 2690] [3110 3010 3010 3035 3125 3165 3100 3020]
[2745 2740 2750 2775 2745 2715 2810 2800] [3340 3200 3110 3205 3090 2970 3055 2940]
[2945 2820 2910 2840 2745 2775 2695 2600] [3255 2970 3240 3195 3120 3245 3100 3085]
[2745 2810 2925 2710 3010 2805 2885 2810] [3165 3350 3235 3175 3125 3075 3270 3180]
[2740 3035 2935 2770 2790 2950 2790 2535] [3100 3165 3250 3195 3135 3225 3140 3150]
[2790 2715 3225 3105 2865 2700 2900 2795] [3050 3225 3345 3135 3060 3075 3090 3180]
[3055 2885 2570 2790 2635 2955 3015 2900] [3210 3325 3135 3340 3165 3295 3180 3175]
COM7 1 16
1
[2750 2580 2725 2655 2810 2600 2765 2665] [3280 2895 3165 3330 3180 3065 2960 3005]
[2920 2690 2655 2750 2670 2785 2665 2690] [3015 2910 3185 2905 2965 3140 2935 2910]
[2745 2740 2750 2775 2745 2715 2810 2800] [2965 3105 3190 2960 3065 2990 2965 3035]
[2945 2820 2910 2840 2745 2775 2695 2600] [3345 3160 3095 3075 2990 3120 2975 3035]
[2745 2810 2925 2710 3010 2805 2885 2810] [3025 3115 3320 2965 3090 3060 3000 3235]
[2740 3035 2935 2770 2790 2950 2790 2535] [3030 3065 3165 3275 3110 3080 3055 2940]
[2790 2715 3225 3105 2865 2700 2900 2795] [3165 3490 3110 3090 3140 2970 2845 3050]
[3055 2885 2570 2790 2635 2955 3015 2900] [3295 3030 3085 3310 3085 3195 3110 2880]
COM3 0 17
1
[2600 2875 2705 2785 2835 2685 2960 2750] [3280 2895 3165 3330 3180 3065 2960 3005]
[3015 2925 2655 2910 2845 2820 2860 2995] [3015 2910 3185 2905 2965 3140 2935 2910]
[2770 3120 3155 2790 2885 2845 2875 2780] [2965 3105 3190 2960 3065 2990 2965 3035]
[2870 2820 2925 2740 2970 2960 2845 2840] [3345 3160 3095 3075 2990 3120 2975 3035]
[3135 2905 3150 2865 3030 3080 2990 2905] [3025 3115 3320 2965 3090 3060 3000 3235]
[2975 3190 2930 2650 2835 2970 3035 2905] [3030 3065 3165 3275 3110 3080 3055 2940]
[3015 3135 2840 3180 2725 2945 3005 3130] [3165 3490 3110 3090 3140 2970 2845 3050]
[3045 2850 3170 2970 3070 2970 3030 2800] [3295 3030 3085 3310 3085 3195 3110 2880]
COM7 1 18
1
[2600 2875 2705 2785 2835 2685 2960 2750] [3495 3305 3210 3025 3155 3180 3215 3115]
[3015 2925 2655 2910 2845 2820 2860 2995] [3520 3235 3415 3295 3125 3350 3320 3150]
[2770 3120 3155 2790 2885 2845 2875 2780] [3660 3275 3360 3275 3285 3245 3295 3095]
[2870 2820 2925 2740 2970 2960 2845 2840] [3510 3410 3510 3345 3140 3240 3235 3080]
[3135 2905 3150 2865 3030 3080 2990 2905] [3260 3480 3440 3375 3250 3165 3215 3335]
[2975 3190 2930 2650 2835 2970 3035 2905] [3515 3425 3390 3225 3385 3320 3205 3245]
[3015 3135 2840 3180 2725 2945 3005 3130] [3575 3350 3490 3240 3235 3405 3145 3550]
[3045 2850 3170 2970 3070 2970 3030 2800] [3430 3450 3445 3500 3485 3280 3220 3095]
COM3 0 19
1
[2780 2750 2575 2880 2635 2795 2700 2820] [3495 3305 3210 3025 3155 3180 3215 3115]
[2990 2850 2655 2740 2810 2690 2745 2695] [3520 3235 3415 3295 3125 3350 3320 3150]
[2680 2735 2990 2720 2655 2825 2815 2720] [3660 3275 3360 3275 3285 3245 3295 3095]
[2705 2840 2770 2685 2870 2730 2780 2645] [3510 3410 3510 3345 3140 3240 3235 3080]
[2960 2895 2925 2920 2930 2640 2950 2865] [3260 3480 3440 3375 3250 3165 3215 3335]
[2845 2850 2910 2830 2740 2785 2725 2955] [3515 3425 3390 3225 3385 3320 3205 3245]
[2850 2850 2795 3105 2805 2700 2800 2575] [3575 3350 3490 3240 3235 3405 3145 3550]
[2715 2905 2830 2950 2620 2945 2810 2835] [3430 3450 3445 3500 3485 3280 3220 3095]
COM7 1 20
1
[2780 2750 2575 2880 2635 2795 2700 2820] [3355 3025 3285 2990 2950 3180 3110 3315]
[2990 2850 2655 2740 2810 2690 2745 2695] [3115 3255 3165 3035 3050 3180 3125 3025]
[2680 2735 2990 2720 2655 2825 2815 2720] [3230 3330 3295 3180 3215 3110 3065 3020]
[2705 2840 2770 2685 2870 2730 2780 2645] [3395 3375 3365 3295 3150 3195 3145 3085]
[2960 2895 2925 2920 2930 2640 2950 2865] [3420 3415 3300 3125 3205 3075 3250 3175]
[2845 2850 2910 2830 2740 2785 2725 2955] [3245 3200 3210 3185 3125 3100 3175 3225]
[2850 2850 2795 3105 2805 2700 2800 2575] [3315 3395 3365 3185 3165 3115 3195 3350]
[2715 2905 2830 2950 2620 2945 2810 2835] [3135 3050 3175 3360 3165 3195 3340 3185]
COM3 0 21
1
[2610 2670 2650 2660 2795 2605 2715 2720] [3355 3025 3285 2990 2950 3180 3110 3315]
[2865 2785 2855 2885 2760 2785 2840 2870] [3115 3255 3165 3035 3050 3180 3125 3025]
[2625 2710 2815 2825 2850 2765 2735 2655] [3230 3330 3295 3180 3215 3110 3065 3020]
[2715 2825 2905 2845 2975 2845 2870 2840] [3395 3375 3365 3295 3150 3195 3145 3085]
[2715 2735 2925 2810 2990 2620 3095 3050] [3420 3415 3300 3125 3205 3075 3250 3175]
[3010 3115 2990 2895 2680 2680 2940 2735] [3245 3200 3210 3185 3125 3100 3175 3225]
[2980 2805 2895 3000 2835 2775 2895 2880] [3315 3395 3365 3185 3165 3115 3195 3350]
[2720 2985 2970 2875 2945 2820 3130 2760] [3135 3050 3175 3360 3165 3195 3340 3185]
COM7 1 22
1
[2610 2670 2650 2660 2795 2605 2715 2720] [2935 3000 3390 2900 3415 2960 2850 2875]
[2865 2785 2855 2885 2760 2785 2840 2870] [3100 3115 3320 3055 3090 3030 3000 2960]
[2625 2710 2815 2825 2850 2765 2735 2655] [3010 3190 3155 2895 3030 3160 3055 2980]
[2715 2825 2905 2845 2975 2845 2870 2840] [3205 2960 3160 3045 3025 2995 2975 3085]
[2715 2735 2925 2810 2990 2620 3095 3050] [3305 3070 3245 2835 3105 3050 3135 3275]
[3010 3115 2990 2895 2680 2680 2940 2735] [3020 3025 3060 3290 3165 3120 3105 2975]
[2980 2805 2895 3000 2835 2775 2895 2880] [3065 3370 3205 3070 3215 3050 3190 3215]
[2720 2985 2970 2875 2945 2820 3130 2760] [3105 2965 3340 3335 3040 2990 2940 3265]
COM3 0 23
1
[2900 2570 2810 2880 2745 2670 3025 2810] [2935 3000 3390 2900 3415 2960 2850 2875]
[2925 2900 2885 2955 2775 2850 2915 2755] [3100 3115 3320 3055 3090 3030 3000 2960]
[2705 2635 2905 2760 2715 2850 2720 2595] [3010 3190 3155 2895 3030 3160 3055 2980]
[2930 2930 2870 2865 2980 2945 2675 2760] [3205 2960 3160 3045 3025 2995 2975 3085]
[3020 2640 3185 2785 2900 2900 3000 3050] [3305 3070 3245 2835 3105 3050 3135 3275]
[2745 2930 3040 2860 2910 3150 2850 2840] [3020 3025 3060 3290 3165 3120 3105 2975]
[2850 2850 2705 3095 2815 2760 2680 2905] [3065 3370 3205 3070 3215 3050 3190 3215]
[2815 3205 2860 2800 2830 3245 3025 3020] [3105 2965 3340 3335 3040 2990 2940 3265]
COM7 1 24
1
[2900 2570 2810 2880 2745 2670 3025 2810] [2710 3065 3020 2925 2730 2870 2850 2950]
[2925 2900 2885 2955 2775 2850 2915 2755] [3160 3005 2850 2905 2780 3120 3145 2785]
[2705 2635 2905 2760 2715 2850 2720 2595] [2975 3120 3140 2970 3105 2800 3045 2940]
[2930 2930 2870 2865 2980 2945 2675 2760] [3115 3260 3280 3000 3070 2945 3115 3185]
[3020 2640 3185 2785 2900 2900 3000 3050] [3135 3055 3310 3025 2965 3090 3035 3150]
[2745 2930 3040 2860 2910 3150 2850 2840] [3095 2845 2985 3250 2865 3160 3240 3110]
[2850 2850 2705 3095 2815 2760 2680 2905] [3020 3220 3310 3240 3050 3010 3160 3050]
[2815 3205 2860 2800 2830 3245 3025 3020] [3095 3135 3220 3030 3350 3105 3305 3240]
COM3 0 25
1
[2900 2740 2810 3000 2740 2850 3020 2940] [2710 3065 3020 2925 2730 2870 2850 2950]
[3035 2935 2925 2905 2925 2890 2905 2985] [3160 3005 2850 2905 2780 3120 3145 2785]
[2745 2950 2850 2945 2835 2940 2980 3210] [2975 3120 3140 2970 3105 2800 3045 2940]
[3045 3060 3150 2880 3220 2840 3085 2895] [3115 3260 3280 3000 3070 2945 3115 3185]
[3160 2880 2845 2950 2885 2980 2940 3055] [3135 3055 3310 3025 2965 3090 3035 3150]
[3115 3130 3110 3105 2665 2860 3110 3035] [3095 2845 2985 3250 2865 3160 3240 3110]
[3015 2870 3075 3215 2995 2970 2955 3100] [3020 3220 3310 3240 3050 3010 3160 3050]
[3050 2855 3035 3165 3195 3030 2925 3395] [3095 3135 3220 3030 3350 3105 3305 3240]
COM7 1 26
1
[2900 2740 2810 3000 2740 2850 3020 2940] [3115 3235 3385 3340 3290 3190 3435 3145]
[3035 2935 2925 2905 2925 2890 2905 2985] [3510 3415 3525 3325 3135 3295 3030 3005]
[2745 2950 2850 2945 2835 2940 2980 3210] [3365 3665 3275 3230 3220 3170 3050 3130]
[3045 3060 3150 2880 3220 2840 3085 2895] [3310 3330 3365 3370 3145 3180 3225 3110]
[3160 2880 2845 2950 2885 2980 2940 3055] [3455 3165 3395 3280 3235 3185 3290 3300]
[3115 3130 3110 3105 2665 2860 3110 3035] [3290 3460 3300 3305 3245 3215 3370 3355]
[3015 2870 3075 3215 2995 2970 2955 3100] [3420 3540 3205 3360 3265 3245 3375 3440]
[3050 2855 3035 3165 3195 3030 2925 3395] [3215 3390 3355 3575 3135 3260 3285 3310]
COM3 0 27
1
[2545 2615 2675 2600 2685 2730 2810 2615] [3115 3235 3385 3340 3290 3190 3435 3145]
[2520 2850 2600 3055 2675 2840 2620 2710] [3510 3415 3525 3325 3135 3295 3030 3005]
[2755 2735 2850 2760 2825 2745 2760 2840] [3365 3665 3275 3230 3220 3170 3050 3130]
[2790 2970 2765 2815 2715 2805 2705 2620] [3310 3330 3365 3370 3145 3180 3225 3110]
[2705 2880 2720 2845 2870 2810 2860 2775] [3455 3165 3395 3280 3235 3185 3290 3300]
[2755 2720 2750 2925 2710 2850 2685 2715] [3290 3460 3300 3305 3245 3215 3370 3355]
[2995 2755 2775 3065 2600 2745 2750 2615] [3420 3540 3205 3360 3265 3245 3375 3440]
[2965 2900 2770 2785 2805 2905 3030 2665] [3215 3390 3355 3575 3135 3260 3285 3310]
COM7 1 28
1
[2545 2615 2675 2600 2685 2730 2810 2615] [2795 2995 2835 3120 3045 2945 2940 2970]
[2520 2850 2600 3055 2675 2840 2620 2710] [2870 3020 3000 2905 2860 3005 2955 2955]
[2755 2735 2850 2760 2825 2745 2760 2840] [2970 2870 2985 2950 3105 2980 3045 2900]
[2790 2970 2765 2815 2715 2805 2705 2620] [2930 3240 3215 3030 3000 2900 3050 3035]
[2705 2880 2720 2845 2870 2810 2860 2775] [3140 2955 2990 2860 2890 2875 3050 2945]
[2755 2720 2750 2925 2710 2850 2685 2715] [2830 3090 2980 3035 3020 2920 3105 3055]
[2995 2755 2775 3065 2600 2745 2750 2615] [3070 3210 3005 2955 2985 3100 3045 3110]
[2965 2900 2770 2785 2805 2905 3030 2665] [3175 3195 2990 3140 3015 2990 3035 3185]
COM3 0 29
1
[2975 2735 2650 2845 3005 2815 2870 2905] [2795 2995 2835 3120 3045 2945 2940 2970]
[2965 2935 2885 3000 2840 2825 2895 2900] [2870 3020 3000 2905 2860 3005 2955 2955]
[2590 2890 3080 2955 2910 2835 2975 2945] [2970 2870 2985 2950 3105 2980 3045 2900]
[2940 3170 3090 2815 2960 3095 2880 2960] [2930 3240 3215 3030 3000 2900 3050 3035]
[2960 3005 3155 3060 2910 2990 3095 3060] [3140 2955 2990 2860 2890 2875 3050 2945]
[2915 2705 3045 2955 2780 2960 2965 2875] [2830 3090 2980 3035 3020 2920 3105 3055]
[3140 2990 2970 3095 2920 2795 2875 3180] [3070 3210 3005 2955 2985 3100 3045 3110]
[3125 3065 2940 2975 2840 3145 3270 2880] [3175 3195 2990 3140 3015 2990 3035 3185]
COM7 1 30
1
[2975 2735 2650 2845 3005 2815 2870 2905] [2930 3005 2835 2990 2685 2950 3015 2955]
[2965 2935 2885 3000 2840 2825 2895 2900] [2910 2855 3115 2910 2845 3090 2860 2985]
[2590 2890 3080 2955 2910 2835 2975 2945] [2890 2910 3025 2960 2990 2865 2925 2935]
[2940 3170 3090 2815 2960 3095 2880 2960] [2840 3215 3180 3105 3015 2970 2955 3045]
[2960 3005 3155 3060 2910 2990 3095 3060] [3075 3075 2995 2860 2885 2885 3170 3085]
[2915 2705 3045 2955 2780 2960 2965 2875] [2970 2930 3005 3010 2965 2915 3215 3265]
[3140 2990 2970 3095 2920 2795 2875 3180] [2890 3030 3145 2980 3125 3015 2995 3240]
[3125 3065 2940 2975 2840 3145 3270 2880] [3010 2975 3175 3115 3065 3130 3135 3065]
COM3 0 31
1
[2720 2675 2845 2825 2580 2990 2895 2830] [2930 3005 2835 2990 2685 2950 3015 2955]
[3010 2885 2775 2875 2900 2805 2745 2585] [2910 2855 3115 2910 2845 3090 2860 2985]
[2530 2850 2975 2770 2650 2820 2800 2765] [2890 2910 3025 2960 2990 2865 2925 2935]
[2740 2845 2815 2825 2790 2755 2750 2700] [2840 3215 3180 3105 3015 2970 2955 3045]
[2960 2915 2900 2755 2915 2765 3150 2765] [3075 3075 2995 2860 2885 2885 3170 3085]
[2735 2750 2895 2835 2845 2955 2950 2705] [2970 2930 3005 3010 2965 2915 3215 3265]
[2820 2715 2905 2805 2895 2870 2780 2705] [2890 3030 3145 2980 3125 3015 2995 3240]
[2860 3100 2945 2720 3060 3070 2820 2665] [3010 2975 3175 3115 3065 3130 3135 3065]
COM7 1 32
1
[2720 2675 2845 2825 2580 2990 2895 2830] [2680 2830 2925 3070 3040 2730 2850 2995]
[3010 2885 2775 2875 2900 2805 2745 2585] [3085 3020 3160 2995 3040 3020 2905 2960]
[2530 2850 2975 2770 2650 2820 2800 2765] [2935 3150 3065 3005 3020 2890 3005 2825]
[2740 2845 2815 2825 2790 2755 2750 2700] [2860 3035 3045 2920 3005 2970 3115 2875]
[2960 2915 2900 2755 2915 2765 3150 2765] [3020 3305 3075 2940 2910 2990 3040 3075]
[2735 2750 2895 2835 2845 2955 2950 2705] [3165 3045 3015 3025 3055 3035 3110 2975]
[2820 2715 2905 2805 2895 2870 2780 2705] [3240 3195 3165 3095 3095 2970 3075 3385]
[2860 3100 2945 2720 3060 3070 2820 2665] [3165 3180 3235 3130 3030 3040 3030 3070]
COM3 0 33
1
[2720 2710 2920 2975 2790 2740 2780 2770] [2680 2830 2925 3070 3040 2730 2850 2995]
[2760 2895 2690 2665 2620 2845 2585 2785] [3085 3020 3160 2995 3040 3020 2905 2960]
[2825 2900 2830 2710 2615 2755 2665 2750] [2935 3150 3065 3005 3020 2890 3005 2825]
[2560 2840 2795 2775 2670 2780 2950 2625] [2860 3035 3045 2920 3005 2970 3115 2875]
[3020 2685 2780 2795 2965 3010 2825 2750] [3020 3305 3075 2940 2910 2990 3040 3075]
[2985 2740 2955 2785 2765 2785 2920 2650] [3165 3045 3015 3025 3055 3035 3110 2975]
[2710 2870 2570 2865 2865 2745 2895 2690] [3240 3195 3165 3095 3095 2970 3075 3385]
[2960 2735 2910 2810 2830 2760 2750 2705] [3165 3180 3235 3130 3030 3040 3030 3070]
COM7 1 34
1
[2720 2710 2920 2975 2790 2740 2780 2770] [3415 3085 3000 2960 3245 2640 2850 2970]
[2760 2895 2690 2665 2620 2845 2585 2785] [3240 3055 2995 2950 2880 3045 2970 2865]
[2825 2900 2830 2710 2615 2755 2665 2750] [2940 2810 3070 2850 3145 3095 2820 2960]
[2560 2840 2795 2775 2670 2780 2950 2625] [2940 3120 3015 2925 2970 2895 3015 2935]
[3020 2685 2780 2795 2965 3010 2825 2750] [3035 3135 3045 2950 3040 3120 3055 3075]
[2985 2740 2955 2785 2765 2785 2920 2650] [2915 2870 3025 3210 2845 3200 3230 3300]
[2710 2870 2570 2865 2865 2745 2895 2690] [3140 3165 3070 3025 2990 2990 3305 3210]
[2960 2735 2910 2810 2830 2760 2750 2705] [3135 3370 3395 3315 3055 2815 3195 2980]
COM3 0 35
1
[2665 2925 3090 2995 2730 2965 2860 2990] [3415 3085 3000 2960 3245 2640 2850 2970]
[3080 2995 2840 3195 2925 2930 2985 3125] [3240 3055 2995 2950 2880 3045 2970 2865]
[2795 2970 2830 2890 2965 2925 2920 2875] [2940 2810 3070 2850 3145 3095 2820 2960]
[3045 2895 3035 2950 2995 2885 2970 2860] [2940 3120 3015 2925 2970 2895 3015 2935]
[3135 2865 2990 2895 3025 2990 2985 3185] [3035 3135 3045 2950 3040 3120 3055 3075]
[3005 3145 3220 2940 3275 3225 3050 2870] [2915 2870 3025 3210 2845 3200 3230 3300]
[3005 3010 3100 3005 2840 3165 3005 2950] [3140 3165 3070 3025 2990 2990 3305 3210]
[3165 2895 2880 3155 2935 3070 3145 3055] [3135 3370 3395 3315 3055 2815 3195 2980]
COM7 1 36
1
[2665 2925 3090 2995 2730 2965 2860 2990] [2640 2810 2800 3005 2890 3145 2850 2800]
[3080 2995 2840 3195 2925 2930 2985 3125] [2835 2775 3025 2905 2975 3045 2905 3095]
[2795 2970 2830 2890 2965 2925 2920 2875] [3010 2900 2965 3030 3000 2995 2945 2890]
[3045 2895 3035 2950 2995 2885 2970 2860] [2930 2995 2970 3045 2900 2900 2990 2965]
[3135 2865 2990 2895 3025 2990 2985 3185] [3085 3015 3040 2885 3050 2975 3065 3125]
[3005 3145 3220 2940 3275 3225 3050 2870] [3130 2805 3105 3285 2920 3100 3245 3060]
[3005 3010 3100 3005 2840 3165 3005 2950] [3035 3015 3165 2940 2900 3110 2980 3165]
[3165 2895 2880 3155 2935 3070 3145 3055] [2880 3055 3060 3175 2975 2835 3215 3300]
COM3 0 37
1
[2645 3115 2895 2995 2825 2835 2860 2605] [2640 2810 2800 3005 2890 3145 2850 2800]
[2830 2960 2775 2990 2815 2820 2825 2835] [2835 2775 3025 2905 2975 3045 2905 3095]
[2810 2770 2765 2945 2735 2815 2790 2945] [3010 2900 2965 3030 3000 2995 2945 2890]
[2765 2880 2935 2640 2870 2820 2880 2870] [2930 2995 2970 3045 2900 2900 2990 2965]
[2960 2855 2860 2975 2925 2765 3005 3165] [3085 3015 3040 2885 3050 2975 3065 3125]
[3005 2875 2915 2960 2975 2875 2950 2975] [3130 2805 3105 3285 2920 3100 3245 3060]
[2925 2850 2680 3105 2935 2775 2885 2945] [3035 3015 3165 2940 2900 3110 2980 3165]
[3065 2785 2945 2970 3085 2820 2890 2905] [2880 3055 3060 3175 2975 2835 3215 3300]
COM7 1 38
1
[2645 3115 2895 2995 2825 2835 2860 2605] [2795 3095 2935 2875 2990 2875 2850 2875]
[2830 2960 2775 2990 2815 2820 2825 2835] [2910 2910 3065 2905 2765 3010 2895 2945]
[2810 2770 2765 2945 2735 2815 2790 2945] [2905 2795 3130 3040 3035 2940 2900 2945]
[2765 2880 2935 2640 2870 2820 2880 2870] [3015 2930 3135 2905 3015 2935 3080 3025]
[2960 2855 2860 2975 2925 2765 3005 3165] [2995 2945 2910 2925 3105 3030 2945 3075]
[3005 2875 2915 2960 2975 2875 2950 2975] [2905 2930 3035 3085 3050 3055 3255 3250]
[2925 2850 2680 3105 2935 2775 2885 2945] [3235 3165 3170 3105 3045 2850 3055 3070]
[3065 2785 2945 2970 3085 2820 2890 2905] [3225 3160 3045 3095 3160 2915 3020 2835]
COM3 0 39
1
[2650 2775 2825 2815 2665 2710 2900 2680] [2795 3095 2935 2875 2990 2875 2850 2875]
[3010 2845 2670 2770 2670 2685 2870 2670] [2910 2910 3065 2905 2765 3010 2895 2945]
[2795 2790 2845 2655 2765 2765 2790 2850] [2905 2795 3130 3040 3035 2940 2900 2945]
[2910 2730 3015 2675 2935 2820 2915 2520] [3015 2930 3135 2905 3015 2935 3080 3025]
[3040 2835 2795 2755 3025 2745 2900 2840] [2995 2945 2910 2925 3105 3030 2945 3075]
[2740 2670 2915 2955 2695 2705 2715 2785] [2905 2930 3035 3085 3050 3055 3255 3250]
[2660 2830 2640 2920 3015 2875 2810 2770] [3235 3165 3170 3105 3045 2850 3055 3070]
[2775 2905 2860 2795 2915 3030 2825 2645] [3225 3160 3045 3095 3160 2915 3020 2835]
COM7 1 40
1
[2650 2775 2825 2815 2665 2710 2900 2680] [2570 2675 2725 2775 2415 2735 2975 2875]
[3010 2845 2670 2770 2670 2685 2870 2670] [2895 2775 2840 2840 2705 2865 2825 2950]
[2795 2790 2845 2655 2765 2765 2790 2850] [2565 2740 2725 2640 2750 2690 2865 2785]
[2910 2730 3015 2675 2935 2820 2915 2520] [2610 2740 2665 2815 2765 2855 2950 2840]
[3040 2835 2795 2755 3025 2745 2900 2840] [2630 2575 2990 2675 2800 2875 3110 2810]
[2740 2670 2915 2955 2695 2705 2715 2785] [2670 2860 2830 2820 2865 2700 2920 3145]
[2660 2830 2640 2920 3015 2875 2810 2770] [2770 2910 2975 2715 2985 2840 3200 3080]
[2775 2905 2860 2795 2915 3030 2825 2645] [2780 2855 2965 2940 2845 2750 2805 2875]
COM3 0 41
1
[2945 2785 2695 2840 2955 2885 2945 3080] [2570 2675 2725 2775 2415 2735 2975 2875]
[2850 3065 2925 2905 2990 2950 2990 3125] [2895 2775 2840 2840 2705 2865 2825 2950]
[2850 2895 2905 2870 2895 2950 2890 3055] [2565 2740 2725 2640 2750 2690 2865 2785]
[3045 3185 3035 2755 2995 2920 2985 2865] [2610 2740 2665 2815 2765 2855 2950 2840]
[3020 2955 2985 2885 2965 3010 2990 3040] [2630 2575 2990 2675 2800 2875 3110 2810]
[2680 2885 2785 3235 2805 2970 3145 3110] [2670 2860 2830 2820 2865 2700 2920 3145]
[3090 3025 3005 3230 3145 3145 3090 2795] [2770 2910 2975 2715 2985 2840 3200 3080]
[3250 3030 3205 2970 3135 3095 3175 2915] [2780 2855 2965 2940 2845 2750 2805 2875]
COM7 1 42
1
[2945 2785 2695 2840 2955 2885 2945 3080] [2795 2660 3050 2910 2550 2950 2995 3035]
[2850 3065 2925 2905 2990 2950 2990 3125] [2835 2955 2810 2690 2860 2925 2860 2785]
[2850 2895 2905 2870 2895 2950 2890 3055] [2935 2770 2825 2790 2945 2860 2920 2895]
[3045 3185 3035 2755 2995 2920 2985 2865] [2830 2910 2955 2975 2950 2925 3045 2815]
[3020 2955 2985 2885 2965 3010 2990 3040] [2810 2795 2800 2865 2915 2735 2970 3120]
[2680 2885 2785 3235 2805 2970 3145 3110] [2735 2975 2980 2905 3010 3045 3180 3225]
[3090 3025 3005 3230 3145 3145 3090 2795] [3035 2850 2785 3025 2895 2975 3090 3115]
[3250 3030 3205 2970 3135 3095 3175 2915] [2945 2840 2795 2965 3115 2835 2940 3145]
COM3 0 43
1
[2890 2720 3075 2735 2945 2730 2820 3085] [2795 2660 3050 2910 2550 2950 2995 3035]
[3055 3070 2880 2880 2815 2955 3000 3135] [2835 2955 2810 2690 2860 2925 2860 2785]
[2915 3070 3010 2845 2795 2930 2860 2945] [2935 2770 2825 2790 2945 2860 2920 2895]
[2880 3160 3025 2960 2995 3000 2825 2975] [2830 2910 2955 2975 2950 2925 3045 2815]
[2795 2815 3000 2825 3025 3010 3170 2965] [2810 2795 2800 2865 2915 2735 2970 3120]
[2920 2980 2955 3130 2970 3075 2805 3075] [2735 2975 2980 2905 3010 3045 3180 3225]
[3090 2945 3145 3025 2925 2960 2930 2945] [3035 2850 2785 3025 2895 2975 3090 3115]
[3265 2805 2960 2905 3030 3025 2875 2915] [2945 2840 2795 2965 3115 2835 2940 3145]
COM7 1 44
1
[2890 2720 3075 2735 2945 2730 2820 3085] [3355 3115 2960 3075 2820 3200 3025 2805]
[3055 3070 2880 2880 2815 2955 3000 3135] [3195 3015 3150 2920 2925 3035 3255 2905]
[2915 3070 3010 2845 2795 2930 2860 2945] [3230 3045 3110 2945 3080 2965 3005 2880]
[2880 3160 3025 2960 2995 3000 2825 2975] [3090 3300 3235 3055 3185 3065 3065 3010]
[2795 2815 3000 2825 3025 3010 3170 2965] [3185 3220 3145 2910 3100 3145 3075 3070]
[2920 2980 2955 3130 2970 3075 2805 3075] [3075 3175 2900 3130 3120 3100 3090 3210]
[3090 2945 3145 3025 2925 2960 2930 2945] [3100 3270 3225 3015 3115 3315 3110 3330]
[3265 2805 2960 2905 3030 3025 2875 2915] [3140 3200 3105 3080 3040 3160 3095 3265]
COM3 0 45
1
[2695 2665 2880 2820 2895 2885 2945 2755] [3355 3115 2960 3075 2820 3200 3025 2805]
[2995 2995 2710 2990 2725 2840 2800 2720] [3195 3015 3150 2920 2925 3035 3255 2905]
[2665 2970 3010 2850 2750 2930 2895 2765] [3230 3045 3110 2945 3080 2965 3005 2880]
[3190 2795 3090 2855 2910 2840 2735 2870] [3090 3300 3235 3055 3185 3065 3065 3010]
[2835 2810 2920 2725 2910 2835 3110 3015] [3185 3220 3145 2910 3100 3145 3075 3070]
[2850 2850 2865 2970 2835 2955 2720 2740] [3075 3175 2900 3130 3120 3100 3090 3210]
[3085 2965 3085 2925 2935 3110 2635 3135] [3100 3270 3225 3015 3115 3315 3110 3330]
[3240 3265 2800 2965 2825 3105 2925 2860] [3140 3200 3105 3080 3040 3160 3095 3265]
COM7 1 46
1
[2695 2665 2880 2820 2895 2885 2945 2755] [2695 2470 2560 2710 2860 2705 2845 2715]
[2995 2995 2710 2990 2725 2840 2800 2720] [2550 2665 2775 2745 2890 2860 2800 2710]
[2665 2970 3010 2850 2750 2930 2895 2765] [2595 3015 2710 2720 2940 2925 2940 2825]
[3190 2795 3090 2855 2910 2840 2735 2870] [2765 2780 2840 2925 2830 2825 3025 2875]
[2835 2810 2920 2725 2910 2835 3110 3015] [2770 2895 2895 2685 2835 2840 2910 2795]
[2850 2850 2865 2970 2835 2955 2720 2740] [2755 2805 2950 2960 2855 2915 2990 3120]
[3085 2965 3085 2925 2935 3110 2635 3135] [2680 2870 2950 2805 2920 2970 2850 3150]
[3240 3265 2800 2965 2825 3105 2925 2860] [3010 2815 2745 3080 2685 2670 3010 3005]
COM3 0 47
1
[2845 2815 2775 2975 2965 2845 2955 2910] [2695 2470 2560 2710 2860 2705 2845 2715]
[3010 2975 3055 2905 2925 2890 3070 2945] [2550 2665 2775 2745 2890 2860 2800 2710]
[2850 2845 2805 2890 2800 2890 2920 2905] [2595 3015 2710 2720 2940 2925 2940 2825]
[3045 2945 3035 2910 3010 2895 2940 2975] [2765 2780 2840 2925 2830 2825 3025 2875]
[3110 2985 3030 2940 3130 3100 3150 3040] [2770 2895 2895 2685 2835 2840 2910 2795]
[3190 3105 3120 3035 2920 2970 3050 2765] [2755 2805 2950 2960 2855 2915 2990 3120]
[2975 2985 2980 3035 2935 2975 2930 2830] [2680 2870 2950 2805 2920 2970 2850 3150]
[2935 2880 2955 2950 3065 3070 3160 3135] [3010 2815 2745 3080 2685 2670 3010 3005]
COM7 1 48
1
[2845 2815 2775 2975 2965 2845 2955 2910] [2550 2650 2670 2770 2855 2630 2845 2870]
[3010 2975 3055 2905 2925 2890 3070 2945] [2645 2770 2805 2720 2985 2925 2950 2615]
[2850 2845 2805 2890 2800 2890 2920 2905] [2745 2765 2775 2785 2910 2840 2800 2770]
[3045 2945 3035 2910 3010 2895 2940 2975] [2930 2990 2740 2870 2990 3005 2945 2765]
[3110 2985 3030 2940 3130 3100 3150 3040] [2780 2615 2895 2710 2900 2700 2940 3015]
[3190 3105 3120 3035 2920 2970 3050 2765] [2710 2830 2930 3085 2975 3100 2915 2825]
[2975 2985 2980 3035 2935 2975 2930 2830] [2815 2835 3110 2805 2815 2995 3010 2905]
[2935 2880 2955 2950 3065 3070 3160 3135] [2740 2715 2965 3030 2810 2825 2960 2875]
COM3 0 49
1
[2820 2795 2740 2900 2940 2895 2925 2990] [2550 2650 2670 2770 2855 2630 2845 2870]
[2825 3010 2800 2815 2805 3005 3020 3050] [2645 2770 2805 2720 2985 2925 2950 2615]
[2975 3020 2870 2900 2790 2995 2920 3085] [2745 2765 2775 2785 2910 2840 2800 2770]
[2865 3095 2935 2810 3080 2930 3075 3100] [2930 2990 2740 2870 2990 3005 2945 2765]
[3105 3065 3180 2900 3025 2895 3075 3155] [2780 2615 2895 2710 2900 2700 2940 3015]
[2920 2905 2930 3045 2965 2965 3245 2955] [2710 2830 2930 3085 2975 3100 2915 2825]
[3165 2870 2865 3035 3055 2720 2950 3190] [2815 2835 3110 2805 2815 2995 3010 2905]
[3200 2900 3145 3135 3025 3375 3235 3025] [2740 2715 2965 3030 2810 2825 2960 2875]
COM7 1 50
1
[2820 2795 2740 2900 2940 2895 2925 2990] [3225 2950 3005 3050 3105 3165 2850 2875]
[2825 3010 2800 2815 2805 3005 3020 3050] [2900 2930 2985 2955 2955 2975 3045 3070]
[2975 3020 2870 2900 2790 2995 2920 3085] [3005 3085 2985 3075 3090 2935 3005 3030]
[2865 3095 2935 2810 3080 2930 3075 3100] [3075 3145 3305 3095 3040 3005 3035 3115]
[3105 3065 3180 2900 3025 2895 3075 3155] [3000 3205 3070 3080 2945 3165 3085 3195]
[2920 2905 2930 3045 2965 2965 3245 2955] [3090 3305 3275 3080 3055 3090 3065 3105]
[3165 2870 2865 3035 3055 2720 2950 3190] [3030 3300 3070 3060 3155 3070 3280 3190]
[3200 2900 3145 3135 3025 3375 3235 3025] [3205 3050 3295 3085 3310 3025 3140 3250]
COM3 0 51
1
[2685 2705 2830 2805 2825 2670 2820 2685] [3225 2950 3005 3050 3105 3165 2850 2875]
[2770 3000 2835 2930 2740 2840 2790 2960] [2900 2930 2985 2955 2955 2975 3045 3070]
[2565 2825 2995 2785 2900 2740 2705 2950] [3005 3085 2985 3075 3090 2935 3005 3030]
[2740 2895 2935 2875 2825 2680 2875 2750] [3075 3145 3305 3095 3040 3005 3035 3115]
[2890 2955 2900 2835 2925 2950 2955 2965] [3000 3205 3070 3080 2945 3165 3085 3195]
[2785 2925 3135 2895 2995 2910 3015 2870] [3090 3305 3275 3080 3055 3090 3065 3105]
[2805 2750 3070 2925 2925 2905 2820 2765] [3030 3300 3070 3060 3155 3070 3280 3190]
[2960 2695 3140 3030 2880 2965 2940 2910] [3205 3050 3295 3085 3310 3025 3140 3250]
COM7 1 52
1
[2685 2705 2830 2805 2825 2670 2820 2685] [2560 2670 2740 2705 2805 2910 2845 2700]
[2770 3000 2835 2930 2740 2840 2790 2960] [2675 2985 2845 3075 3015 2840 2905 2860]
[2565 2825 2995 2785 2900 2740 2705 2950] [2745 2930 2925 2785 2935 2875 2885 2875]
[2740 2895 2935 2875 2825 2680 2875 2750] [2750 2715 3025 2930 2850 2765 2970 2890]
[2890 2955 2900 2835 2925 2950 2955 2965] [2800 2995 3080 2740 2790 2885 2990 3070]
[2785 2925 3135 2895 2995 2910 3015 2870] [2655 2855 2785 2880 2975 2970 2870 2945]
[2805 2750 3070 2925 2925 2905 2820 2765] [3040 2890 2825 2870 2940 3005 3100 3085]
[2960 2695 3140 3030 2880 2965 2940 2910] [2980 2845 3010 2990 3035 2825 3040 3180]
COM3 0 53
1
[3045 2825 2795 2880 2995 2865 2955 2885] [2560 2670 2740 2705 2805 2910 2845 2700]
[2905 2955 3035 3050 2795 3030 2815 2970] [2675 2985 2845 3075 3015 2840 2905 2860]
[2805 2915 2780 2825 2890 2895 2810 2940] [2745 2930 2925 2785 2935 2875 2885 2875]
[2995 2895 3035 2870 3135 3000 3140 2835] [2750 2715 3025 2930 2850 2765 2970 2890]
[3045 2735 3000 2995 3115 2895 2960 3055] [2800 2995 3080 2740 2790 2885 2990 3070]
[2875 2940 3140 3055 2955 2920 3140 2825] [2655 2855 2785 2880 2975 2970 2870 2945]
[3020 2835 3075 3095 3085 2825 2895 2805] [3040 2890 2825 2870 2940 3005 3100 3085]
[2960 3035 3035 3260 2805 2875 3255 2915] [2980 2845 3010 2990 3035 2825 3040 3180]
COM7 1 54
1
[3045 2825 2795 2880 2995 2865 2955 2885] [3485 3640 3425 3350 3245 3040 3300 3150]
[2905 2955 3035 3050 2795 3030 2815 2970] [3315 3450 3410 3110 3240 3260 3145 2930]
[2805 2915 2780 2825 2890 2895 2810 2940] [3305 3450 3320 3315 3235 3175 3260 3270]
[2995 2895 3035 2870 3135 3000 3140 2835] [3405 3470 3380 3355 3215 3210 3190 3165]
[3045 2735 3000 2995 3115 2895 2960 3055] [3485 3545 3420 3195 3370 3235 3340 3310]
[2875 2940 3140 3055 2955 2920 3140 2825] [3445 3350 3425 3285 3215 3225 3270 3165]
[3020 2835 3075 3095 3085 2825 2895 2805] [3325 3485 3575 3335 3210 3365 3355 3355]
[2960 3035 3035 3260 2805 2875 3255 2915] [3235 3365 3445 3445 3115 3290 3265 3330]
COM3 0 55
1
[2620 2930 2600 2660 2765 2755 2665 2640] [3485 3640 3425 3350 3245 3040 3300 3150]
[2795 2755 2580 2695 2715 2615 2735 2645] [3315 3450 3410 3110 3240 3260 3145 2930]
[2505 2625 2870 2690 2820 2790 2825 2725] [3305 3450 3320 3315 3235 3175 3260 3270]
[2860 2910 2975 2750 2905 2730 2830 2570] [3405 3470 3380 3355 3215 3210 3190 3165]
[3045 2845 2800 2805 2930 2855 2670 2825] [3485 3545 3420 3195 3370 3235 3340 3310]
[2445 2615 2750 2955 2705 2965 2710 2610] [3445 3350 3425 3285 3215 3225 3270 3165]
[2935 2870 2805 2925 2835 2600 2865 2670] [3325 3485 3575 3335 3210 3365 3355 3355]
[2940 2875 2645 2930 2785 2940 2780 2830] [3235 3365 3445 3445 3115 3290 3265 3330]
COM7 1 56
1
[2620 2930 2600 2660 2765 2755 2665 2640] [2895 3030 3020 3230 2700 2940 2695 2975]
[2795 2755 2580 2695 2715 2615 2735 2645] [3070 3160 3155 2980 2890 3045 3020 3115]
[2505 2625 2870 2690 2820 2790 2825 2725] [3135 3050 3035 3100 3065 3040 3080 2825]
[2860 2910 2975 2750 2905 2730 2830 2570] [3065 3270 3170 3030 3015 3005 3125 3185]
[3045 2845 2800 2805 2930 2855 2670 2825] [3135 3135 3230 2955 3105 3060 3240 3115]
[2445 2615 2750 2955 2705 2965 2710 2610] [3005 3145 3060 3125 3065 3215 3130 3270]
[2935 2870 2805 2925 2835 2600 2865 2670] [2900 3160 3120 3120 3060 3140 3095 3280]
[2940 2875 2645 2930 2785 2940 2780 2830] [3190 3125 3000 3060 3175 3015 3215 3275]
COM3 0 57
1
[2870 2525 2670 2660 2855 2740 2820 2855] [2895 3030 3020 3230 2700 2940 2695 2975]
[2805 2825 2805 3100 2830 2750 2735 2710] [3070 3160 3155 2980 2890 3045 3020 3115]
[2525 2860 2775 2740 2730 2745 2745 2575] [3135 3050 3035 3100 3065 3040 3080 2825]
[3010 2740 2665 2885 2950 2835 2875 2815] [3065 3270 3170 3030 3015 3005 3125 3185]
[2915 2645 2845 2705 2845 2830 2745 2835] [3135 3135 3230 2955 3105 3060 3240 3115]
[2740 2880 2965 2970 2745 2745 2885 2680] [3005 3145 3060 3125 3065 3215 3130 3270]
[2790 2865 2890 2680 2650 2910 2735 2785] [2900 3160 3120 3120 3060 3140 3095 3280]
[2645 2900 2630 2735 2955 2735 2955 2800] [3190 3125 3000 3060 3175 3015 3215 3275]
COM7 1 58
1
[2870 2525 2670 2660 2855 2740 2820 2855] [2645 3120 3225 2975 2920 2895 2845 3135]
[2805 2825 2805 3100 2830 2750 2735 2710] [2905 2945 3170 3055 3040 3085 3010 3115]
[2525 2860 2775 2740 2730 2745 2745 2575] [3140 3055 3195 3010 3095 2955 3045 2900]
[3010 2740 2665 2885 2950 2835 2875 2815] [3105 3290 3215 3260 3025 3065 3080 2895]
[2915 2645 2845 2705 2845 2830 2745 2835] [3010 2935 3145 3050 3030 3125 3235 3045]
[2740 2880 2965 2970 2745 2745 2885 2680] [2955 3015 3075 3205 2985 3090 3010 3155]
[2790 2865 2890 2680 2650 2910 2735 2785] [3145 3290 3225 3065 3265 3110 3110 3345]
[2645 2900 2630 2735 2955 2735 2955 2800] [3125 3005 3215 3225 2920 3170 2945 3090]
COM3 0 59
1
[2845 2705 2640 2970 2850 2940 2935 2905] [2645 3120 3225 2975 2920 2895 2845 3135]
[3000 2755 2825 2965 2845 2760 2835 2575] [2905 2945 3170 3055 3040 3085 3010 3115]
[2670 2940 2805 2890 2875 2925 2795 2630] [3140 3055 3195 3010 3095 2955 3045 2900]
[2940 2765 2870 2825 2870 2770 2845 2935] [3105 3290 3215 3260 3025 3065 3080 2895]
[2860 2825 3025 2870 2975 2805 2970 3120] [3010 2935 3145 3050 3030 3125 3235 3045]
[2860 2855 2975 2900 2900 3170 2915 2970] [2955 3015 3075 3205 2985 3090 3010 3155]
[3265 2865 2865 3040 2920 2760 2570 2925] [3145 3290 3225 3065 3265 3110 3110 3345]
[3100 2895 2600 2695 2925 2865 2870 2820] [3125 3005 3215 3225 2920 3170 2945 3090]
COM7 1 60
1
[2845 2705 2640 2970 2850 2940 2935 2905] [3195 3335 3245 3000 2885 2960 3080 3105]
[3000 2755 2825 2965 2845 2760 2835 2575] [3520 3370 3375 3230 3130 3160 3105 3345]
[2670 2940 2805 2890 2875 2925 2795 2630] [3370 3420 3295 3185 3280 3070 3220 3075]
[2940 2765 2870 2825 2870 2770 2845 2935] [3445 3510 3435 3165 3165 3080 3180 3155]
[2860 2825 3025 2870 2975 2805 2970 3120] [3405 3175 3200 3285 3205 3195 3255 3465]
[2860 2855 2975 2900 2900 3170 2915 2970] [3150 3350 3195 3315 3220 3340 3145 3155]
[3265 2865 2865 3040 2920 2760 2570 2925] [3125 3220 3425 3130 3180 3140 3230 3305]
[3100 2895 2600 2695 2925 2865 2870 2820] [3295 3390 3285 3360 3160 3200 3330 3345]
COM3 0 61
1
[2740 2585 2640 2845 2660 2670 2855 2710] [3195 3335 3245 3000 2885 2960 3080 3105]
[2955 3005 2725 2905 2830 2855 2715 2625] [3520 3370 3375 3230 3130 3160 3105 3345]
[2745 2560 2770 2750 2840 2670 2860 2705] [3370 3420 3295 3185 3280 3070 3220 3075]
[2945 2720 3030 2685 2875 2995 2900 2880] [3445 3510 3435 3165 3165 3080 3180 3155]
[2700 2735 2935 2750 2925 2760 2825 2695] [3405 3175 3200 3285 3205 3195 3255 3465]
[2880 2705 2720 2710 2720 2815 2835 2775] [3150 3350 3195 3315 3220 3340 3145 3155]
[2685 2850 2700 2795 2710 2875 2900 2730] [3125 3220 3425 3130 3180 3140 3230 3305]
[2960 2895 2715 2590 2885 2965 3265 2800] [3295 3390 3285 3360 3160 3200 3330 3345]
COM7 1 62
1
[2740 2585 2640 2845 2660 2670 2855 2710] [2705 2625 3150 2790 3280 3035 2770 2780]
[2955 3005 2725 2905 2830 2855 2715 2625] [3000 2900 2945 2820 2920 3120 2910 2885]
[2745 2560 2770 2750 2840 2670 2860 2705] [3035 3000 2995 3030 2960 2965 2965 2970]
[2945 2720 3030 2685 2875 2995 2900 2880] [3000 3110 3075 3020 3085 2985 2950 2995]
[2700 2735 2935 2750 2925 2760 2825 2695] [2950 3055 3130 2990 2980 3095 3110 3100]
[2880 2705 2720 2710 2720 2815 2835 2775] [2970 3020 2970 2995 2940 2985 3145 3035]
[2685 2850 2700 2795 2710 2875 2900 2730] [3160 3265 3025 3235 3135 3170 3005 3205]
[2960 2895 2715 2590 2885 2965 3265 2800] [3090 3035 3070 3050 3110 3115 3150 3125]
COM3 0 63
1
[2770 2815 2955 3135 2840 2835 3055 3105] [2705 2625 3150 2790 3280 3035 2770 2780]
[3075 3010 2880 3135 2910 2720 2910 3155] [3000 2900 2945 2820 2920 3120 2910 2885]
[2990 3030 3110 2995 3015 3035 2915 2835] [3035 3000 2995 3030 2960 2965 2965 2970]
[3045 3070 3015 3010 2990 2980 2920 2975] [3000 3110 3075 3020 3085 2985 2950 2995]
[3045 3065 3120 2975 3090 2900 3000 3050] [2950 3055 3130 2990 2980 3095 3110 3100]
[2915 3225 3035 2955 3235 3095 3195 2915] [2970 3020 2970 2995 2940 2985 3145 3035]
[3345 3005 2900 3030 3015 3110 2900 3215] [3160 3265 3025 3235 3135 3170 3005 3205]
[3315 2815 2870 3060 3080 3040 2940 3055] [3090 3035 3070 3050 3110 3115 3150 3125]
COM7 1 64
1
[2770 2815 2955 3135 2840 2835 3055 3105] [2705 2630 2925 2775 2795 2895 2630 2775]
[3075 3010 2880 3135 2910 2720 2910 3155] [2645 2675 2850 2885 2915 2865 2740 2850]
[2990 3030 3110 2995 3015 3035 2915 2835] [2975 2800 2880 2790 2995 2910 2765 2980]
[3045 3070 3015 3010 2990 2980 2920 2975] [2830 2970 3025 2950 2975 2925 2975 2980]
[3045 3065 3120 2975 3090 2900 3000 3050] [2820 2795 3005 2955 2980 3030 3045 3000]
[2915 3225 3035 2955 3235 3095 3195 2915] [2720 2950 2770 3005 3035 3020 3045 3045]
[3345 3005 2900 3030 3015 3110 2900 3215] [2930 3020 3055 3050 3005 2835 3150 3060]
[3315 2815 2870 3060 3080 3040 2940 3055] [2890 2970 3135 3205 3095 2955 3010 2965]
COM3 0 65
1
[2850 2725 2700 2895 2760 2680 3065 2745] [2705 2630 2925 2775 2795 2895 2630 2775]
[3075 2890 2805 2750 2785 2950 2885 2990] [2645 2675 2850 2885 2915 2865 2740 2850]
[2700 2970 2935 3010 2835 2870 2810 3040] [2975 2800 2880 2790 2995 2910 2765 2980]
[2980 2965 3035 2740 2935 2900 2960 2925] [2830 2970 3025 2950 2975 2925 2975 2980]
[3145 2970 3010 2905 2930 2800 3220 3190] [2820 2795 3005 2955 2980 3030 3045 3000]
[2900 3000 3225 3070 2920 3040 2970 2805] [2720 2950 2770 3005 3035 3020 3045 3045]
[2995 3020 3100 2910 2860 2935 2865 2945] [2930 3020 3055 3050 3005 2835 3150 3060]
[2825 3005 3055 2770 2955 3215 2995 3235] [2890 2970 3135 3205 3095 2955 3010 2965]