COM4 1 6
0
[2510 2845 2760 2840 2825 2890 3225 3075] [3075 3040 2870 3070 2930 2990 3370 3115]
[2990 2955 2960 3050 2875 3000 3100 3240] [3270 3245 3155 3140 3090 3180 2990 3150]
[2970 3105 3005 2980 2775 3060 3060 3120] [3255 3040 3150 3105 3015 2930 3070 2880]
[3100 3155 3025 3010 3070 3035 3035 3095] [3285 3160 3235 3070 3040 3120 3200 2965]
[3340 3120 3095 3050 3140 2965 3180 3205] [3170 3260 3235 3130 3060 3120 3180 3125]
[3115 2935 3095 3015 2890 3150 3190 3145] [3080 3020 2995 3100 3190 3195 3235 3175]
[3290 3300 3065 3275 2955 3030 2955 3200] [3345 3350 3215 3210 3100 3360 3200 3325]
[3145 2960 2835 2960 3020 3020 3180 2965] [3250 3320 3190 3220 3140 3280 3235 3155]
COM8 0 7
0
[2815 2925 2975 2945 2885 2895 2930 3000] [3075 3040 2870 3070 2930 2990 3370 3115]
[3070 2960 2920 3045 2955 2960 3125 2865] [3270 3245 3155 3140 3090 3180 2990 3150]
[2930 3115 2925 3000 2875 2980 2980 3015] [3255 3040 3150 3105 3015 2930 3070 2880]
[3065 2990 3145 2880 3005 3030 3020 3100] [3285 3160 3235 3070 3040 3120 3200 2965]
[2960 2995 3090 3045 3090 3000 3110 3040] [3170 3260 3235 3130 3060 3120 3180 3125]
[2845 2965 3170 3025 2900 2955 3195 3205] [3080 3020 2995 3100 3190 3195 3235 3175]
[3230 3140 2935 3215 3060 3175 2890 3105] [3345 3350 3215 3210 3100 3360 3200 3325]
[3180 3100 3100 2975 3090 3090 2995 2925] [3250 3320 3190 3220 3140 3280 3235 3155]
COM4 1 8
0
[2815 2925 2975 2945 2885 2895 2930 3000] [3780 3670 3875 3820 3505 3455 3350 3295]
[3070 2960 2920 3045 2955 2960 3125 2865] [3575 3705 3610 3800 3505 3520 3350 3165]
[2930 3115 2925 3000 2875 2980 2980 3015] [3640 3695 3670 3595 3485 3480 3370 3255]
[3065 2990 3145 2880 3005 3030 3020 3100] [3620 3420 3800 3775 3485 3595 3485 3280]
[2960 2995 3090 3045 3090 3000 3110 3040] [3805 3730 3765 3465 3425 3540 3505 3470]
[2845 2965 3170 3025 2900 2955 3195 3205] [3575 3730 3540 3490 3610 3510 3570 3545]
[3230 3140 2935 3215 3060 3175 2890 3105] [3540 3790 3605 3625 3525 3620 3395 3555]
[3180 3100 3100 2975 3090 3090 2995 2925] [3490 3460 3590 3870 3155 3555 3615 3515]
COM8 0 9
0
[2570 2200 2535 2445 2450 2395 2700 2385] [3780 3670 3875 3820 3505 3455 3350 3295]
[2605 2705 2435 2510 2655 2740 2460 2505] [3575 3705 3610 3800 3505 3520 3350 3165]
[2610 2585 2665 2610 2635 2595 2605 2570] [3640 3695 3670 3595 3485 3480 3370 3255]
[2555 2645 2720 2695 2640 2660 2580 2610] [3620 3420 3800 3775 3485 3595 3485 3280]
[2615 2775 2600 2715 2595 2660 2715 2610] [3805 3730 3765 3465 3425 3540 3505 3470]
[2580 2655 2670 2695 2565 2700 2785 2650] [3575 3730 3540 3490 3610 3510 3570 3545]
[2620 2690 2865 2865 2530 2625 2770 2795] [3540 3790 3605 3625 3525 3620 3395 3555]
[2375 2730 2720 2590 2540 2800 2750 2545] [3490 3460 3590 3870 3155 3555 3615 3515]
COM4 1 10
0
[2570 2200 2535 2445 2450 2395 2700 2385] [3565 3125 3280 3000 3060 2810 2935 3310]
[2605 2705 2435 2510 2655 2740 2460 2505] [3125 3325 3205 3190 3185 3165 3125 3010]
[2610 2585 2665 2610 2635 2595 2605 2570] [3290 3435 3385 3195 3405 3115 3075 3180]
[2555 2645 2720 2695 2640 2660 2580 2610] [3445 3155 3290 3155 3170 3220 3295 3110]
[2615 2775 2600 2715 2595 2660 2715 2610] [3270 3440 3315 3275 3185 3065 3270 3120]
[2580 2655 2670 2695 2565 2700 2785 2650] [3310 3165 3255 3275 3105 3195 3300 3335]
[2620 2690 2865 2865 2530 2625 2770 2795] [3270 3425 3300 3300 3210 3315 3225 3375]
[2375 2730 2720 2590 2540 2800 2750 2545] [3405 3425 3265 3600 3180 3125 3300 3430]
COM8 0 11
0
[2945 2915 2385 2640 2670 2640 2725 2595] [3565 3125 3280 3000 3060 2810 2935 3310]
[2715 2765 2840 2945 2835 3000 2660 2725] [3125 3325 3205 3190 3185 3165 3125 3010]
[2690 2960 3005 2865 2760 2925 2755 2800] [3290 3435 3385 3195 3405 3115 3075 3180]
[2750 2875 2870 2730 2735 2995 2795 2625] [3445 3155 3290 3155 3170 3220 3295 3110]
[2810 2830 2790 2880 2895 2840 2975 3025] [3270 3440 3315 3275 3185 3065 3270 3120]
[2370 2965 2750 2905 2795 2985 2775 3005] [3310 3165 3255 3275 3105 3195 3300 3335]
[2505 2705 2780 2865 2690 3030 2695 2740] [3270 3425 3300 3300 3210 3315 3225 3375]
[2285 2555 2670 2890 2505 2870 3055 2690] [3405 3425 3265 3600 3180 3125 3300 3430]
COM4 1 12
0
[2945 2915 2385 2640 2670 2640 2725 2595] [2750 3175 2815 3085 3145 2920 3100 2965]
[2715 2765 2840 2945 2835 3000 2660 2725] [3115 3090 3065 3035 3005 3040 2985 2935]
[2690 2960 3005 2865 2760 2925 2755 2800] [3175 3065 3075 3090 3130 3025 3100 2915]
[2750 2875 2870 2730 2735 2995 2795 2625] [3085 3240 3235 3080 3140 3040 3130 2920]
[2810 2830 2790 2880 2895 2840 2975 3025] [3095 3170 3345 2885 3140 3005 3110 3070]
[2370 2965 2750 2905 2795 2985 2775 3005] [2950 3015 2965 3195 3030 3210 3190 3145]
[2505 2705 2780 2865 2690 3030 2695 2740] [3025 3215 3185 3410 3045 3165 3260 3195]
[2285 2555 2670 2890 2505 2870 3055 2690] [3145 3030 2995 3255 3000 3165 3105 3250]
COM8 0 13
0
[1335 1875 2280 2575 2480 2405 2550 2305] [2750 3175 2815 3085 3145 2920 3100 2965]
[1785 2305 2375 2575 2735 2700 2570 2560] [3115 3090 3065 3035 3005 3040 2985 2935]
[1980 2515 2590 2590 2605 2815 2625 2505] [3175 3065 3075 3090 3130 3025 3100 2915]
[2195 2650 2665 2640 2835 2780 2610 2630] [3085 3240 3235 3080 3140 3040 3130 2920]
[2355 2465 2825 2550 2575 2640 2750 2550] [3095 3170 3345 2885 3140 3005 3110 3070]
[2035 2505 2620 2670 2720 2900 2755 2390] [2950 3015 2965 3195 3030 3210 3190 3145]
[2160 2435 2590 2555 2695 2765 2635 2550] [3025 3215 3185 3410 3045 3165 3260 3195]
[2275 2350 2670 2735 2820 2875 2730 2500] [3145 3030 2995 3255 3000 3165 3105 3250]
COM4 1 14
0
[1335 1875 2280 2575 2480 2405 2550 2305] [3430 3315 3515 3340 3295 3295 3335 3340]
[1785 2305 2375 2575 2735 2700 2570 2560] [3775 3510 3505 3445 3390 3455 3275 3405]
[1980 2515 2590 2590 2605 2815 2625 2505] [3435 3710 3590 3515 3605 3380 3330 3375]
[2195 2650 2665 2640 2835 2780 2610 2630] [3715 3530 3685 3575 3440 3405 3285 3255]
[2355 2465 2825 2550 2575 2640 2750 2550] [3565 3615 3615 3385 3445 3345 3490 3315]
[2035 2505 2620 2670 2720 2900 2755 2390] [3600 3450 3450 3530 3415 3555 3450 3460]
[2160 2435 2590 2555 2695 2765 2635 2550] [3450 3715 3630 3505 3350 3440 3570 3490]
[2275 2350 2670 2735 2820 2875 2730 2500] [3650 3640 3410 3445 3490 3545 3200 3555]
COM8 0 15
0
[1850 2250 2450 2870 2510 2835 2760 2470] [3430 3315 3515 3340 3295 3295 3335 3340]
[2070 2530 2720 2625 2775 2895 2790 2765] [3775 3510 3505 3445 3390 3455 3275 3405]
[2060 2430 2690 2840 2750 2840 2840 2860] [3435 3710 3590 3515 3605 3380 3330 3375]
[2260 2745 2925 2870 2900 2970 2795 3010] [3715 3530 3685 3575 3440 3405 3285 3255]
[2235 2650 2880 2715 2775 2795 2955 2965] [3565 3615 3615 3385 3445 3345 3490 3315]
[2225 2620 2905 3085 2880 3085 3085 3025] [3600 3450 3450 3530 3415 3555 3450 3460]
[1975 2575 2785 3075 3065 2925 2980 2895] [3450 3715 3630 3505 3350 3440 3570 3490]
[1875 2570 2970 2750 2815 3080 2985 2860] [3650 3640 3410 3445 3490 3545 3200 3555]
COM4 1 16
0
[1850 2250 2450 2870 2510 2835 2760 2470] [3225 2995 3405 3200 3335 2885 3140 3220]
[2070 2530 2720 2625 2775 2895 2790 2765] [3190 3190 3095 2920 3005 3130 3000 3050]
[2060 2430 2690 2840 2750 2840 2840 2860] [2990 3100 3295 3090 3205 3095 3005 3050]
[2260 2745 2925 2870 2900 2970 2795 3010] [3190 3355 3245 3375 3075 3145 3175 2965]
[2235 2650 2880 2715 2775 2795 2955 2965] [3265 3195 3230 3150 3310 3075 3235 3125]
[2225 2620 2905 3085 2880 3085 3085 3025] [3160 3250 3140 3225 3150 3090 3230 3260]
[1975 2575 2785 3075 3065 2925 2980 2895] [3195 3425 3275 3260 3125 3150 3175 3325]
[1875 2570 2970 2750 2815 3080 2985 2860] [3325 3285 3280 3385 3120 3175 3295 3280]
COM8 0 17
0
[1640 1630 2435 2590 2585 2900 2795 2630] [3225 2995 3405 3200 3335 2885 3140 3220]
[1780 2105 2380 2865 2645 2870 2835 2465] [3190 3190 3095 2920 3005 3130 3000 3050]
[1410 2230 2850 2820 2785 2835 2945 2740] [2990 3100 3295 3090 3205 3095 3005 3050]
[1885 2405 2755 2855 2890 2770 2740 2635] [3190 3355 3245 3375 3075 3145 3175 2965]
[1930 2225 2890 2710 3065 2840 2945 2980] [3265 3195 3230 3150 3310 3075 3235 3125]
[1645 2330 2805 2670 2740 3025 3015 2710] [3160 3250 3140 3225 3150 3090 3230 3260]
[1540 2345 2640 2885 2865 2810 2920 2935] [3195 3425 3275 3260 3125 3150 3175 3325]
[1405 1490 2420 2690 2895 2695 2910 2655] [3325 3285 3280 3385 3120 3175 3295 3280]
COM4 1 18
0
[1640 1630 2435 2590 2585 2900 2795 2630] [3445 3255 3340 2960 3125 3190 3325 3240]
[1780 2105 2380 2865 2645 2870 2835 2465] [3535 3270 3230 3255 3240 3180 3095 3085]
[1410 2230 2850 2820 2785 2835 2945 2740] [3365 3365 3375 3300 3275 3205 3165 3185]
[1885 2405 2755 2855 2890 2770 2740 2635] [3410 3565 3405 3400 3285 3335 3210 3205]
[1930 2225 2890 2710 3065 2840 2945 2980] [3445 3245 3490 3175 3135 3280 3225 3240]
[1645 2330 2805 2670 2740 3025 3015 2710] [3505 3455 3420 3345 3225 3280 3295 3175]
[1540 2345 2640 2885 2865 2810 2920 2935] [3355 3460 3485 3265 3405 3345 3140 3445]
[1405 1490 2420 2690 2895 2695 2910 2655] [3550 3620 3445 3495 3445 3415 3380 3380]
COM8 0 19
0
[1365 1700 2050 2275 2465 2540 2655 2305] [3445 3255 3340 2960 3125 3190 3325 3240]
[1785 2255 2285 2770 2555 2665 2540 2475] [3535 3270 3230 3255 3240 3180 3095 3085]
[1495 2000 2385 2530 2635 2635 2600 2480] [3365 3365 3375 3300 3275 3205 3165 3185]
[1430 2120 2455 2635 2640 2880 2640 2515] [3410 3565 3405 3400 3285 3335 3210 3205]
[1395 1815 2120 2525 2625 2575 2730 2645] [3445 3245 3490 3175 3135 3280 3225 3240]
[1445 1510 1995 2190 2480 2845 2565 2510] [3505 3455 3420 3345 3225 3280 3295 3175]
[1265 1255 1350 1825 2200 2450 2420 2620] [3355 3460 3485 3265 3405 3345 3140 3445]
[1165 1270 1315 1595 1815 2570 2705 2450] [3550 3620 3445 3495 3445 3415 3380 3380]
COM4 1 20
0
[1365 1700 2050 2275 2465 2540 2655 2305] [2630 2540 3000 2695 2500 2895 2870 2855]
[1785 2255 2285 2770 2555 2665 2540 2475] [2705 2845 2840 2720 2850 2950 2905 2865]
[1495 2000 2385 2530 2635 2635 2600 2480] [2805 2785 2750 2700 2870 2875 2775 2970]
[1430 2120 2455 2635 2640 2880 2640 2515] [2910 2950 2815 2880 2890 2890 2915 2895]
[1395 1815 2120 2525 2625 2575 2730 2645] [2895 2855 2880 2890 2870 2840 2935 3025]
[1445 1510 1995 2190 2480 2845 2565 2510] [2830 2930 2785 2855 2875 2995 3090 2940]
[1265 1255 1350 1825 2200 2450 2420 2620] [2945 3080 3085 2890 3075 2835 3080 3055]
[1165 1270 1315 1595 1815 2570 2705 2450] [2980 2920 3115 3190 3030 2700 3065 2955]
COM8 0 21
0
[1480 1455 2145 2945 2845 2990 3215 2910] [2630 2540 3000 2695 2500 2895 2870 2855]
[1620 1685 2275 2900 2945 3010 2935 3000] [2705 2845 2840 2720 2850 2950 2905 2865]
[1655 1830 2245 2670 2775 2990 2955 3100] [2805 2785 2750 2700 2870 2875 2775 2970]
[1615 1750 2015 2325 2740 3015 2905 2945] [2910 2950 2815 2880 2890 2890 2915 2895]
[1665 1705 2095 2500 2705 2895 3195 3020] [2895 2855 2880 2890 2870 2840 2935 3025]
[1470 1645 1920 2015 2350 2875 2995 3250] [2830 2930 2785 2855 2875 2995 3090 2940]
[1555 1610 1525 1885 1820 2295 2680 3005] [2945 3080 3085 2890 3075 2835 3080 3055]
[1580 1510 1595 1505 1615 2035 2445 2900] [2980 2920 3115 3190 3030 2700 3065 2955]
COM4 1 22
0
[1480 1455 2145 2945 2845 2990 3215 2910] [3145 3160 3240 3330 3130 3210 3265 3100]
[1620 1685 2275 2900 2945 3010 2935 3000] [3345 3530 3385 3285 3220 3295 3205 3125]
[1655 1830 2245 2670 2775 2990 2955 3100] [3225 3480 3370 3220 3390 3280 3165 3170]
[1615 1750 2015 2325 2740 3015 2905 2945] [3435 3345 3395 3375 3290 3295 3180 3265]
[1665 1705 2095 2500 2705 2895 3195 3020] [3335 3385 3455 3205 3260 3180 3120 3215]
[1470 1645 1920 2015 2350 2875 2995 3250] [3225 3180 3310 3375 3320 3325 3250 3290]
[1555 1610 1525 1885 1820 2295 2680 3005] [3030 3490 3410 3405 3440 3300 3380 3305]
[1580 1510 1595 1505 1615 2035 2445 2900] [3070 3240 3410 3335 3520 3130 3355 3240]
COM8 0 23
0
[1870 1600 1685 1735 1905 1865 2525 2375] [3145 3160 3240 3330 3130 3210 3265 3100]
[1745 2020 1825 1775 1865 2275 2570 2715] [3345 3530 3385 3285 3220 3295 3205 3125]
[1585 2020 1925 1895 2155 2330 2570 2765] [3225 3480 3370 3220 3390 3280 3165 3170]
[1755 1970 2250 1985 2130 2225 2510 2640] [3435 3345 3395 3375 3290 3295 3180 3265]
[1955 1965 2200 2160 1935 2080 2480 2815] [3335 3385 3455 3205 3260 3180 3120 3215]
[1645 1875 2335 2170 1755 1995 2135 2590] [3225 3180 3310 3375 3320 3325 3250 3290]
[1550 1780 1925 1950 1545 1780 1700 2320] [3030 3490 3410 3405 3440 3300 3380 3305]
[1650 1565 1935 1680 1540 1680 1915 2220] [3070 3240 3410 3335 3520 3130 3355 3240]
COM4 1 24
0
[1870 1600 1685 1735 1905 1865 2525 2375] [2720 2680 2880 2880 2640 2960 3005 2965]
[1745 2020 1825 1775 1865 2275 2570 2715] [2905 2855 3025 2835 2860 2960 3005 2860]
[1585 2020 1925 1895 2155 2330 2570 2765] [2885 3125 3040 2975 2995 2920 2890 2915]
[1755 1970 2250 1985 2130 2225 2510 2640] [3050 3135 3035 2900 3000 3000 3005 2925]
[1955 1965 2200 2160 1935 2080 2480 2815] [2915 2945 3120 2925 2875 2845 2890 3090]
[1645 1875 2335 2170 1755 1995 2135 2590] [2855 2950 2790 3080 2895 3055 3115 2945]
[1550 1780 1925 1950 1545 1780 1700 2320] [3085 2985 3075 3105 3005 3030 2950 3115]
[1650 1565 1935 1680 1540 1680 1915 2220] [3105 3145 3065 3145 2995 3225 2895 2965]
COM8 0 25
0
[2180 1935 2355 2975 2335 2365 2220 2155] [2720 2680 2880 2880 2640 2960 3005 2965]
[2080 2000 2540 2880 2715 2585 2455 2775] [2905 2855 3025 2835 2860 2960 3005 2860]
[2175 2230 2870 2765 2520 2550 2530 2870] [2885 3125 3040 2975 2995 2920 2890 2915]
[2255 2280 2725 2950 2530 2355 2355 2870] [3050 3135 3035 2900 3000 3000 3005 2925]
[2415 2330 2660 2550 2865 2225 2585 3100] [2915 2945 3120 2925 2875 2845 2890 3090]
[2155 2150 2585 2940 2430 2345 2240 2515] [2855 2950 2790 3080 2895 3055 3115 2945]
[1960 1965 2350 2565 2040 2295 1915 2480] [3085 2985 3075 3105 3005 3030 2950 3115]
[2235 2080 1920 2130 2175 1885 2195 2475] [3105 3145 3065 3145 2995 3225 2895 2965]
COM4 1 26
0
[2180 1935 2355 2975 2335 2365 2220 2155] [3185 2755 3320 3315 2965 3060 3165 3135]
[2080 2000 2540 2880 2715 2585 2455 2775] [3105 3105 2895 3055 3040 3080 3115 3070]
[2175 2230 2870 2765 2520 2550 2530 2870] [2820 3080 3190 2985 3180 3045 3065 3025]
[2255 2280 2725 2950 2530 2355 2355 2870] [3305 3250 3225 3375 3150 3155 3190 3115]
[2415 2330 2660 2550 2865 2225 2585 3100] [3220 3260 3245 3145 3070 3050 3195 3300]
[2155 2150 2585 2940 2430 2345 2240 2515] [2850 3025 3100 3295 3165 3145 3205 3150]
[1960 1965 2350 2565 2040 2295 1915 2480] [3025 3420 3130 3050 3155 3170 3125 3280]
[2235 2080 1920 2130 2175 1885 2195 2475] [3150 3095 3280 3330 3045 3125 3295 3325]
COM8 0 27
0
[1775 1450 2310 2530 2645 2185 1970 1935] [3185 2755 3320 3315 2965 3060 3165 3135]
[2300 2235 2290 2620 2480 2445 2245 2145] [3105 3105 2895 3055 3040 3080 3115 3070]
[1805 2105 2440 2675 2635 2415 2335 2240] [2820 3080 3190 2985 3180 3045 3065 3025]
[2135 2110 2425 2490 2755 2370 2240 1965] [3305 3250 3225 3375 3150 3155 3190 3115]
[2315 2100 2320 2565 2785 2315 2405 2080] [3220 3260 3245 3145 3070 3050 3195 3300]
[2285 2090 2260 2535 2375 2405 1840 2095] [2850 3025 3100 3295 3165 3145 3205 3150]
[2285 1785 2095 2155 2300 1820 1730 1830] [3025 3420 3130 3050 3155 3170 3125 3280]
[2100 2040 2075 2060 1875 1770 1835 1820] [3150 3095 3280 3330 3045 3125 3295 3325]
COM4 1 28
0
[1775 1450 2310 2530 2645 2185 1970 1935] [2570 2540 2580 2695 2625 2805 2795 2790]
[2300 2235 2290 2620 2480 2445 2245 2145] [2720 2810 2835 2675 2665 2740 2635 2730]
[1805 2105 2440 2675 2635 2415 2335 2240] [2755 2850 2830 2700 2715 2615 2720 2790]
[2135 2110 2425 2490 2755 2370 2240 1965] [2655 2875 2985 2690 2815 2620 2740 2760]
[2315 2100 2320 2565 2785 2315 2405 2080] [2555 2875 2905 2690 2680 2750 2935 3015]
[2285 2090 2260 2535 2375 2405 1840 2095] [2615 2740 2970 2905 2895 2730 2890 2995]
[2285 1785 2095 2155 2300 1820 1730 1830] [2695 3215 3165 2780 2840 2845 2875 3000]
[2100 2040 2075 2060 1875 1770 1835 1820] [2715 3065 3155 2860 2630 2620 2640 2955]
COM8 0 29
0
[2245 1890 2535 2795 2860 2625 2630 2405] [2570 2540 2580 2695 2625 2805 2795 2790]
[2675 2385 2485 2970 3060 2670 2430 2635] [2720 2810 2835 2675 2665 2740 2635 2730]
[2580 2525 2365 2530 2740 2660 2430 2565] [2755 2850 2830 2700 2715 2615 2720 2790]
[2770 2505 2370 2525 2635 2810 2670 2770] [2655 2875 2985 2690 2815 2620 2740 2760]
[2885 2380 2525 2695 2925 2475 2490 2780] [2555 2875 2905 2690 2680 2750 2935 3015]
[2830 2705 2490 2510 2520 2515 2315 2405] [2615 2740 2970 2905 2895 2730 2890 2995]
[2875 2450 2270 2180 2315 2110 2055 2190] [2695 3215 3165 2780 2840 2845 2875 3000]
[2835 2595 2375 2040 1720 2105 2325 2245] [2715 3065 3155 2860 2630 2620 2640 2955]
COM4 1 30
0
[2245 1890 2535 2795 2860 2625 2630 2405] [3105 3170 3695 3305 3285 2990 3355 3395]
[2675 2385 2485 2970 3060 2670 2430 2635] [3325 3315 3455 3220 3315 3350 3305 3170]
[2580 2525 2365 2530 2740 2660 2430 2565] [3035 3280 3430 3310 3450 3275 3325 3435]
[2770 2505 2370 2525 2635 2810 2670 2770] [3140 3315 3255 3450 3365 3360 3365 3195]
[2885 2380 2525 2695 2925 2475 2490 2780] [3110 3175 3385 3195 3245 3470 3505 3375]
[2830 2705 2490 2510 2520 2515 2315 2405] [2850 3245 3175 3215 3340 3445 3380 3480]
[2875 2450 2270 2180 2315 2110 2055 2190] [2775 2990 3415 3270 3180 3350 3665 3300]
[2835 2595 2375 2040 1720 2105 2325 2245] [2605 3070 3265 3305 3485 3270 3285 3440]
COM8 0 31
0
[2265 2320 2170 2400 2800 2360 2210 2305] [3105 3170 3695 3305 3285 2990 3355 3395]
[2560 2335 1950 2640 2660 2590 2380 2360] [3325 3315 3455 3220 3315 3350 3305 3170]
[2540 2480 2255 2410 2580 2530 2510 2410] [3035 3280 3430 3310 3450 3275 3325 3435]
[2640 2585 2280 2470 2505 2655 2475 2250] [3140 3315 3255 3450 3365 3360 3365 3195]
[3020 2675 2545 2220 2550 2340 2375 2170] [3110 3175 3385 3195 3245 3470 3505 3375]
[2825 2900 2830 2270 2060 2290 2190 1965] [2850 3245 3175 3215 3340 3445 3380 3480]
[2855 2710 2640 2550 2015 1780 1580 1740] [2775 2990 3415 3270 3180 3350 3665 3300]
[2945 2880 2945 2370 2130 1825 1895 1940] [2605 3070 3265 3305 3485 3270 3285 3440]
COM4 1 32
0
[2265 2320 2170 2400 2800 2360 2210 2305] [2570 2755 2825 3185 3020 2990 2885 3085]
[2560 2335 1950 2640 2660 2590 2380 2360] [2725 2935 3165 3135 2965 3180 2985 3140]
[2540 2480 2255 2410 2580 2530 2510 2410] [2635 2875 3105 3025 3215 3010 3070 3030]
[2640 2585 2280 2470 2505 2655 2475 2250] [2750 2875 3260 3040 3100 3150 3170 3030]
[3020 2675 2545 2220 2550 2340 2375 2170] [2495 2975 3130 3075 3165 3030 3220 3230]
[2825 2900 2830 2270 2060 2290 2190 1965] [2485 2740 2970 3170 3030 3205 3140 3235]
[2855 2710 2640 2550 2015 1780 1580 1740] [2480 2850 3070 3005 3070 3225 3160 3210]
[2945 2880 2945 2370 2130 1825 1895 1940] [2265 2945 3120 3165 3160 3065 3195 3295]
COM8 0 33
0
[2540 2180 2190 1885 2375 2355 2005 2060] [2570 2755 2825 3185 3020 2990 2885 3085]
[2655 2510 2310 2315 2420 2435 2030 1995] [2725 2935 3165 3135 2965 3180 2985 3140]
[2605 2445 2495 2425 2385 2405 2345 2245] [2635 2875 3105 3025 3215 3010 3070 3030]
[2830 2675 2800 2435 2660 2235 2245 2050] [2750 2875 3260 3040 3100 3150 3170 3030]
[2980 2920 2605 2480 2525 2335 2185 1965] [2495 2975 3130 3075 3165 3030 3220 3230]
[3040 3000 2610 2460 2400 2430 2210 1755] [2485 2740 2970 3170 3030 3205 3140 3235]
[2905 2810 2995 2855 2405 2305 1610 1700] [2480 2850 3070 3005 3070 3225 3160 3210]
[2840 2830 2735 2675 2390 2270 1895 1690] [2265 2945 3120 3165 3160 3065 3195 3295]
COM4 1 34
0
[2540 2180 2190 1885 2375 2355 2005 2060] [2160 2850 3010 2990 2810 2925 2820 3080]
[2655 2510 2310 2315 2420 2435 2030 1995] [2670 3000 2935 2990 2915 2905 2915 2795]
[2605 2445 2495 2425 2385 2405 2345 2245] [2585 2860 3170 2980 2960 2980 2995 2795]
[2830 2675 2800 2435 2660 2235 2245 2050] [2665 2790 3125 2895 3115 2830 3040 3005]
[2980 2920 2605 2480 2525 2335 2185 1965] [2390 2620 3005 2905 3045 2965 3100 3165]
[3040 3000 2610 2460 2400 2430 2210 1755] [2235 2520 2710 3140 3000 3050 3200 3135]
[2905 2810 2995 2855 2405 2305 1610 1700] [2285 2560 2740 3015 3155 3145 3010 3205]
[2840 2830 2735 2675 2390 2270 1895 1690] [2105 2410 2810 3275 3085 3095 3180 3100]
COM8 0 35
0
[2670 2645 2610 2435 2310 2200 2085 2255] [2160 2850 3010 2990 2810 2925 2820 3080]
[2650 3000 2855 2540 2760 2005 1790 1960] [2670 3000 2935 2990 2915 2905 2915 2795]
[2785 2760 2735 2865 2415 2265 2265 1975] [2585 2860 3170 2980 2960 2980 2995 2795]
[2745 2885 2870 2975 2735 2390 2360 2045] [2665 2790 3125 2895 3115 2830 3040 3005]
[3170 2870 3070 2830 2960 2675 2370 2225] [2390 2620 3005 2905 3045 2965 3100 3165]
[3115 2965 3155 2845 2960 2785 2560 2030] [2235 2520 2710 3140 3000 3050 3200 3135]
[2815 3085 3205 2845 2825 3015 2145 2135] [2285 2560 2740 3015 3155 3145 3010 3205]
[3000 2645 2920 2970 2680 2835 2535 1985] [2105 2410 2810 3275 3085 3095 3180 3100]
COM4 1 36
0
[2670 2645 2610 2435 2310 2200 2085 2255] [1985 2340 2470 2875 2790 2895 2900 2940]
[2650 3000 2855 2540 2760 2005 1790 1960] [2160 2610 2670 2900 2990 3040 2990 2850]
[2785 2760 2735 2865 2415 2265 2265 1975] [2255 2355 2880 2855 2975 2995 2995 2910]
[2745 2885 2870 2975 2735 2390 2360 2045] [2340 2615 2780 2960 3000 3010 2970 2905]
[3170 2870 3070 2830 2960 2675 2370 2225] [2145 2275 2500 2635 2860 2915 3050 3025]
[3115 2965 3155 2845 2960 2785 2560 2030] [1950 2095 2125 2755 2920 2950 2975 3195]
[2815 3085 3205 2845 2825 3015 2145 2135] [2035 2210 2255 2560 2810 2935 3100 3050]
[3000 2645 2920 2970 2680 2835 2535 1985] [1910 2140 2360 2680 2760 2855 3000 2965]
COM8 0 37
0
[2595 2765 2760 2900 2600 2430 2310 2335] [1985 2340 2470 2875 2790 2895 2900 2940]
[3240 2955 2895 3190 2840 2515 2335 2210] [2160 2610 2670 2900 2990 3040 2990 2850]
[2815 2980 2985 2885 2730 2870 2570 2160] [2255 2355 2880 2855 2975 2995 2995 2910]
[2930 2865 2925 3005 2790 2770 2565 2355] [2340 2615 2780 2960 3000 3010 2970 2905]
[2940 3015 3010 2945 2910 2780 2590 2445] [2145 2275 2500 2635 2860 2915 3050 3025]
[2985 2790 3095 2960 2820 2835 2855 2145] [1950 2095 2125 2755 2920 2950 2975 3195]
[3140 3085 2990 2695 3085 2750 2640 2310] [2035 2210 2255 2560 2810 2935 3100 3050]
[3025 2795 2860 2890 2905 2900 2525 2460] [1910 2140 2360 2680 2760 2855 3000 2965]
COM4 1 38
0
[2595 2765 2760 2900 2600 2430 2310 2335] [2290 2485 2865 2625 2410 2660 3035 2805]
[3240 2955 2895 3190 2840 2515 2335 2210] [2320 2755 2580 2825 2750 3040 2935 2865]
[2815 2980 2985 2885 2730 2870 2570 2160] [2165 2625 2510 2760 2685 2765 2965 2860]
[2930 2865 2925 3005 2790 2770 2565 2355] [2415 2080 2580 2490 2690 2685 2965 2900]
[2940 3015 3010 2945 2910 2780 2590 2445] [2010 2055 2295 2130 2635 2925 2950 3030]
[2985 2790 3095 2960 2820 2835 2855 2145] [2020 2130 2135 2310 2410 2755 2820 2940]
[3140 3085 2990 2695 3085 2750 2640 2310] [1985 2015 2105 2320 2625 2850 3080 3055]
[3025 2795 2860 2890 2905 2900 2525 2460] [2075 2000 2065 2455 2545 2910 3125 3215]
COM8 0 39
0
[2970 2540 2965 3010 2745 2530 2260 2150] [2290 2485 2865 2625 2410 2660 3035 2805]
[3100 2960 3015 2855 2840 2580 2380 2505] [2320 2755 2580 2825 2750 3040 2935 2865]
[2680 2990 2890 2870 2885 2800 2705 2185] [2165 2625 2510 2760 2685 2765 2965 2860]
[3100 3080 3025 2945 2935 2905 2780 2390] [2415 2080 2580 2490 2690 2685 2965 2900]
[2995 3015 3075 2825 2940 3025 2855 2520] [2010 2055 2295 2130 2635 2925 2950 3030]
[2905 3090 2955 3030 2995 3020 2775 2510] [2020 2130 2135 2310 2410 2755 2820 2940]
[2945 2925 2875 3225 2800 2860 2975 2610] [1985 2015 2105 2320 2625 2850 3080 3055]
[2835 2920 3015 3030 3010 2980 3090 2635] [2075 2000 2065 2455 2545 2910 3125 3215]
COM4 1 40
0
[2970 2540 2965 3010 2745 2530 2260 2150] [2710 2920 3070 3085 2630 2800 2930 3020]
[3100 2960 3015 2855 2840 2580 2380 2505] [2765 2850 2850 3010 2985 2895 2915 3295]
[2680 2990 2890 2870 2885 2800 2705 2185] [2560 2890 3050 2870 2820 2800 2965 3030]
[3100 3080 3025 2945 2935 2905 2780 2390] [2490 3105 2860 2795 2685 2825 2915 3010]
[2995 3015 3075 2825 2940 3025 2855 2520] [2525 2365 2670 2515 2535 2650 3100 3085]
[2905 3090 2955 3030 2995 3020 2775 2510] [2505 2215 2425 2510 2555 2740 2885 3195]
[2945 2925 2875 3225 2800 2860 2975 2610] [2490 2405 2385 2340 2240 2645 2880 3200]
[2835 2920 3015 3030 3010 2980 3090 2635] [2570 2120 2135 2370 2445 2570 3015 3185]
COM8 0 41
0
[2655 2750 2695 2685 2395 2500 2370 1955] [2710 2920 3070 3085 2630 2800 2930 3020]
[2575 2540 2580 2795 2620 2560 2540 2340] [2765 2850 2850 3010 2985 2895 2915 3295]
[2555 2605 2490 2600 2680 2665 2405 2215] [2560 2890 3050 2870 2820 2800 2965 3030]
[2535 2770 2760 2685 2730 2815 2525 2255] [2490 3105 2860 2795 2685 2825 2915 3010]
[2780 2525 2960 2710 2890 2670 2795 2595] [2525 2365 2670 2515 2535 2650 3100 3085]
[2595 2830 2990 2870 2745 2770 2845 2500] [2505 2215 2425 2510 2555 2740 2885 3195]
[2835 2670 2570 2790 2630 2690 2670 2620] [2490 2405 2385 2340 2240 2645 2880 3200]
[2695 2715 2725 2765 2665 2690 2865 2550] [2570 2120 2135 2370 2445 2570 3015 3185]
COM4 1 42
0
[2655 2750 2695 2685 2395 2500 2370 1955] [2610 2765 2925 2880 2935 2735 2820 2950]
[2575 2540 2580 2795 2620 2560 2540 2340] [2700 2785 2810 2835 2750 2945 2820 2940]
[2555 2605 2490 2600 2680 2665 2405 2215] [2640 2620 2900 2870 2960 2875 2920 3030]
[2535 2770 2760 2685 2730 2815 2525 2255] [3095 2790 2555 2735 2655 2735 2890 3010]
[2780 2525 2960 2710 2890 2670 2795 2595] [3155 2875 2575 2415 2405 2670 2910 2900]
[2595 2830 2990 2870 2745 2770 2845 2500] [3080 2625 2305 2500 2430 2580 2740 3060]
[2835 2670 2570 2790 2630 2690 2670 2620] [3130 2785 2425 2280 2250 2490 2795 3105]
[2695 2715 2725 2765 2665 2690 2865 2550] [3390 2655 2600 2355 2240 2225 2675 2965]
COM8 0 43
0
[3070 2795 2700 2855 3020 2640 2395 2080] [2610 2765 2925 2880 2935 2735 2820 2950]
[3065 2775 3005 2880 3035 2955 2620 2485] [2700 2785 2810 2835 2750 2945 2820 2940]
[2835 3025 3045 2840 2765 2975 2855 2680] [2640 2620 2900 2870 2960 2875 2920 3030]
[2895 2885 3175 2880 2935 2970 2885 2695] [3095 2790 2555 2735 2655 2735 2890 3010]
[3015 2945 2985 2880 2980 2830 3015 3040] [3155 2875 2575 2415 2405 2670 2910 2900]
[3030 3195 3045 2920 2830 2940 3000 2825] [3080 2625 2305 2500 2430 2580 2740 3060]
[2905 3045 2925 2870 2990 3030 2735 2990] [3130 2785 2425 2280 2250 2490 2795 3105]
[2850 2950 3085 3095 2870 3020 3175 2810] [3390 2655 2600 2355 2240 2225 2675 2965]
COM4 1 44
0
[3070 2795 2700 2855 3020 2640 2395 2080] [2355 2210 2355 2425 2855 2415 2415 2580]
[3065 2775 3005 2880 3035 2955 2620 2485] [2335 2105 2205 2390 2340 2575 2595 2790]
[2835 3025 3045 2840 2765 2975 2855 2680] [2585 2360 2395 2305 2450 2560 2665 2690]
[2895 2885 3175 2880 2935 2970 2885 2695] [2540 2515 2325 2325 2205 2350 2635 2760]
[3015 2945 2985 2880 2980 2830 3015 3040] [2630 2505 2420 2030 2010 2120 2535 2780]
[3030 3195 3045 2920 2830 2940 3000 2825] [2565 2550 2445 2320 2070 2145 2360 2590]
[2905 3045 2925 2870 2990 3030 2735 2990] [2555 2585 2545 2300 2010 2010 2370 2835]
[2850 2950 3085 3095 2870 3020 3175 2810] [2825 2770 2635 2460 2100 1985 2240 2845]
COM8 0 45
0
[3030 2715 2735 3230 2820 3035 2830 2530] [2355 2210 2355 2425 2855 2415 2415 2580]
[3125 2970 3115 3230 3200 3080 2820 3050] [2335 2105 2205 2390 2340 2575 2595 2790]
[2970 3020 3175 2930 3040 3010 2955 2850] [2585 2360 2395 2305 2450 2560 2665 2690]
[3100 3020 3150 3040 3065 3005 3170 2885] [2540 2515 2325 2325 2205 2350 2635 2760]
[3320 3040 3240 3175 3235 3140 3160 3095] [2630 2505 2420 2030 2010 2120 2535 2780]
[3245 3320 3095 3085 2965 3175 3330 3025] [2565 2550 2445 2320 2070 2145 2360 2590]
[3070 3105 2910 3275 3095 3265 3140 3005] [2555 2585 2545 2300 2010 2010 2370 2835]
[3345 2955 2950 3185 2950 3400 3295 3195] [2825 2770 2635 2460 2100 1985 2240 2845]
COM4 1 46
0
[3030 2715 2735 3230 2820 3035 2830 2530] [3080 2860 2850 2745 2490 2565 2640 2965]
[3125 2970 3115 3230 3200 3080 2820 3050] [3295 3105 3240 2725 2480 2850 2715 3020]
[2970 3020 3175 2930 3040 3010 2955 2850] [3235 3260 3215 2765 2580 2530 2685 2805]
[3100 3020 3150 3040 3065 3005 3170 2885] [3265 3215 3295 3015 2560 2540 2725 2845]
[3320 3040 3240 3175 3235 3140 3160 3095] [3290 3420 3210 2940 2575 2485 2575 2750]
[3245 3320 3095 3085 2965 3175 3330 3025] [3175 3440 3135 3125 2925 2430 2520 2555]
[3070 3105 2910 3275 3095 3265 3140 3005] [3085 3330 3505 3035 2610 2305 2130 2600]
[3345 2955 2950 3185 2950 3400 3295 3195] [3440 3370 3115 3095 2570 2205 2170 2525]
COM8 0 47
0
[2445 2415 2945 2410 2925 2795 2830 2475] [3080 2860 2850 2745 2490 2565 2640 2965]
[3135 2970 2575 2840 2975 2805 2690 2980] [3295 3105 3240 2725 2480 2850 2715 3020]
[2875 2960 2710 2900 2795 2850 2800 2845] [3235 3260 3215 2765 2580 2530 2685 2805]
[3045 2835 2855 2815 2965 2775 2805 2815] [3265 3215 3295 3015 2560 2540 2725 2845]
[2910 2945 3090 2825 3000 2820 3130 2825] [3290 3420 3210 2940 2575 2485 2575 2750]
[2810 3200 2915 2955 2960 2750 3055 2700] [3175 3440 3135 3125 2925 2430 2520 2555]
[2970 3070 2685 3155 2770 3030 2570 2805] [3085 3330 3505 3035 2610 2305 2130 2600]
[2980 2960 2750 3035 2940 2955 3090 2855] [3440 3370 3115 3095 2570 2205 2170 2525]
COM4 1 48
0
[2445 2415 2945 2410 2925 2795 2830 2475] [3225 3020 3180 3015 2775 2455 2745 3040]
[3135 2970 2575 2840 2975 2805 2690 2980] [3140 3335 3245 3105 2920 2810 2560 2820]
[2875 2960 2710 2900 2795 2850 2800 2845] [3250 3325 3275 3130 3065 2645 2640 2795]
[3045 2835 2855 2815 2965 2775 2805 2815] [3275 3390 3300 3210 3040 2835 2690 2645]
[2910 2945 3090 2825 3000 2820 3130 2825] [3190 3360 3235 3150 2975 2775 2745 2645]
[2810 3200 2915 2955 2960 2750 3055 2700] [3305 3350 3060 3260 3025 2730 2480 2430]
[2970 3070 2685 3155 2770 3030 2570 2805] [3375 3295 3270 3265 2900 2680 2310 2525]
[2980 2960 2750 3035 2940 2955 3090 2855] [3465 3500 3345 3360 2925 2470 2240 2305]
COM8 0 49
0
[2555 2785 3035 2890 2795 2830 2995 2705] [3225 3020 3180 3015 2775 2455 2745 3040]
[2950 3025 2680 2985 2735 2875 2890 2790] [3140 3335 3245 3105 2920 2810 2560 2820]
[2970 2935 2955 2925 2850 3010 2845 2900] [3250 3325 3275 3130 3065 2645 2640 2795]
[2995 2830 3085 2810 2975 2890 2965 2835] [3275 3390 3300 3210 3040 2835 2690 2645]
[3015 2895 3010 2835 3065 2965 3000 3065] [3190 3360 3235 3150 2975 2775 2745 2645]
[3190 3020 2970 3110 2900 3230 3105 2950] [3305 3350 3060 3260 3025 2730 2480 2430]
[2855 2830 2790 2975 2990 2995 2930 3105] [3375 3295 3270 3265 2900 2680 2310 2525]
[2825 2945 2900 3100 2965 3080 3075 3135] [3465 3500 3345 3360 2925 2470 2240 2305]
COM4 1 50
0
[2555 2785 3035 2890 2795 2830 2995 2705] [3115 3415 3050 3245 2775 2790 2680 2580]
[2950 3025 2680 2985 2735 2875 2890 2790] [3345 3235 3225 3055 2945 2820 2465 2240]
[2970 2935 2955 2925 2850 3010 2845 2900] [3265 3165 3225 3210 3170 2870 2385 2410]
[2995 2830 3085 2810 2975 2890 2965 2835] [3300 3265 3185 3190 3095 3035 2460 2470]
[3015 2895 3010 2835 3065 2965 3000 3065] [3270 3035 3245 3065 3075 2995 2550 2270]
[3190 3020 2970 3110 2900 3230 3105 2950] [3090 3340 3010 3300 3055 2860 2485 2325]
[2855 2830 2790 2975 2990 2995 2930 3105] [3370 3410 3250 3095 3060 2645 2405 2150]
[2825 2945 2900 3100 2965 3080 3075 3135] [3390 3275 3210 3145 3010 2325 2240 2195]
COM8 0 51
0
[2580 2735 2560 2685 2735 2855 2870 2885] [3115 3415 3050 3245 2775 2790 2680 2580]
[2970 3040 2760 2885 2755 2735 2905 2925] [3345 3235 3225 3055 2945 2820 2465 2240]
[2890 2835 2805 2870 2890 2850 2860 3060] [3265 3165 3225 3210 3170 2870 2385 2410]
[2940 2950 2985 2905 2900 3010 2915 2920] [3300 3265 3185 3190 3095 3035 2460 2470]
[3010 2950 2970 2945 2935 2835 3045 3085] [3270 3035 3245 3065 3075 2995 2550 2270]
[3110 2860 3200 3140 2835 2945 3095 3005] [3090 3340 3010 3300 3055 2860 2485 2325]
[2995 2990 2950 2970 2880 3095 2920 2985] [3370 3410 3250 3095 3060 2645 2405 2150]
[3000 3075 3095 2995 2995 2895 3015 2885] [3390 3275 3210 3145 3010 2325 2240 2195]
COM4 1 52
0
[2580 2735 2560 2685 2735 2855 2870 2885] [3290 3310 3310 3300 3175 2625 2775 2485]
[2970 3040 2760 2885 2755 2735 2905 2925] [3205 3215 3335 3135 2975 2910 2675 2290]
[2890 2835 2805 2870 2890 2850 2860 3060] [3330 3185 3355 3300 3110 2765 2640 2215]
[2940 2950 2985 2905 2900 3010 2915 2920] [3175 3320 3180 3300 3255 2785 2610 2100]
[3010 2950 2970 2945 2935 2835 3045 3085] [3230 3415 3405 3175 3185 3025 2705 2490]
[3110 2860 3200 3140 2835 2945 3095 3005] [3200 3320 3395 3245 3110 3000 2590 2225]
[2995 2990 2950 2970 2880 3095 2920 2985] [3310 3515 3385 3360 3115 2935 2430 2350]
[3000 3075 3095 2995 2995 2895 3015 2885] [3525 3280 3360 3385 3195 2660 2470 2245]
COM8 0 53
0
[2530 2610 2595 2740 2790 2775 2855 2680] [3290 3310 3310 3300 3175 2625 2775 2485]
[3095 3035 3020 2770 2890 3015 2955 2875] [3205 3215 3335 3135 2975 2910 2675 2290]
[2955 2940 3035 2810 2730 2975 2840 2945] [3330 3185 3355 3300 3110 2765 2640 2215]
[2990 2900 2935 2875 2990 2955 2920 2960] [3175 3320 3180 3300 3255 2785 2610 2100]
[2980 2945 3210 2900 2925 2965 3030 3090] [3230 3415 3405 3175 3185 3025 2705 2490]
[2940 3035 2980 3120 2955 2830 2845 2875] [3200 3320 3395 3245 3110 3000 2590 2225]
[2910 2925 2960 2935 2990 3225 2805 3005] [3310 3515 3385 3360 3115 2935 2430 2350]
[3235 2820 3185 2905 3020 2875 3000 2975] [3525 3280 3360 3385 3195 2660 2470 2245]
COM4 1 54
0
[2530 2610 2595 2740 2790 2775 2855 2680] [2850 2920 3035 2945 2765 2465 2410 2210]
[3095 3035 3020 2770 2890 3015 2955 2875] [2970 2945 2895 2925 2730 3010 2475 2335]
[2955 2940 3035 2810 2730 2975 2840 2945] [3005 3120 3240 2870 2785 2705 2600 2235]
[2990 2900 2935 2875 2990 2955 2920 2960] [3225 3035 3030 3150 2830 2775 2585 2120]
[2980 2945 3210 2900 2925 2965 3030 3090] [2930 3165 3100 2870 2905 2970 2765 2270]
[2940 3035 2980 3120 2955 2830 2845 2875] [2965 3010 3075 3085 2945 2735 2555 2100]
[2910 2925 2960 2935 2990 3225 2805 3005] [3110 2990 3125 3075 3075 2480 2175 2200]
[3235 2820 3185 2905 3020 2875 3000 2975] [3170 3080 3095 3165 2990 2410 2270 1700]
COM8 0 55
0
[2595 2610 2950 2640 2540 2470 2735 2860] [2850 2920 3035 2945 2765 2465 2410 2210]
[2940 2700 2695 2930 2730 2975 2650 2620] [2970 2945 2895 2925 2730 3010 2475 2335]
[2720 2765 2945 2665 2785 2915 2685 2815] [3005 3120 3240 2870 2785 2705 2600 2235]
[2945 3015 2820 2795 2895 2945 2875 2710] [3225 3035 3030 3150 2830 2775 2585 2120]
[2860 2850 2905 2855 2960 2880 2925 2950] [2930 3165 3100 2870 2905 2970 2765 2270]
[2770 2940 3070 3030 2715 2915 2875 2835] [2965 3010 3075 3085 2945 2735 2555 2100]
[2685 3005 2875 3140 2960 2915 3060 2815] [3110 2990 3125 3075 3075 2480 2175 2200]
[2990 2955 2955 3005 2985 2765 3035 2880] [3170 3080 3095 3165 2990 2410 2270 1700]
COM4 1 56
0
[2595 2610 2950 2640 2540 2470 2735 2860] [3195 3110 3305 3180 2890 2815 2880 2650]
[2940 2700 2695 2930 2730 2975 2650 2620] [3170 3390 3205 3190 3190 3090 2965 2595]
[2720 2765 2945 2665 2785 2915 2685 2815] [3280 3115 3240 3200 3200 3095 2920 2670]
[2945 3015 2820 2795 2895 2945 2875 2710] [3240 3530 3365 3300 3225 3150 3080 2635]
[2860 2850 2905 2855 2960 2880 2925 2950] [3290 3185 3245 3125 3240 3205 3065 2745]
[2770 2940 3070 3030 2715 2915 2875 2835] [3255 3175 3240 3500 3235 3220 3005 2605]
[2685 3005 2875 3140 2960 2915 3060 2815] [3315 3310 3205 3175 3150 3205 2700 2515]
[2990 2955 2955 3005 2985 2765 3035 2880] [3325 3090 3415 3235 3110 2855 2550 2250]
COM8 0 57
0
[2930 2725 2815 2865 2705 2515 2775 2885] [3195 3110 3305 3180 2890 2815 2880 2650]
[2745 2670 2605 2940 2915 2870 2885 2735] [3170 3390 3205 3190 3190 3090 2965 2595]
[2825 2890 2900 2735 2780 2860 2860 2715] [3280 3115 3240 3200 3200 3095 2920 2670]
[2980 2825 2810 2950 2830 2925 3025 2735] [3240 3530 3365 3300 3225 3150 3080 2635]
[3010 3005 3035 2830 2960 2855 2870 3100] [3290 3185 3245 3125 3240 3205 3065 2745]
[2960 2985 2915 2950 2895 2805 3040 2925] [3255 3175 3240 3500 3235 3220 3005 2605]
[3065 3185 2945 2945 2985 2810 2745 3000] [3315 3310 3205 3175 3150 3205 2700 2515]
[2670 2940 2740 2845 3090 3010 3065 2720] [3325 3090 3415 3235 3110 2855 2550 2250]
COM4 1 58
0
[2930 2725 2815 2865 2705 2515 2775 2885] [3365 3150 3070 3110 2815 2925 2680 2435]
[2745 2670 2605 2940 2915 2870 2885 2735] [3270 3350 3100 3040 3210 3160 2685 2615]
[2825 2890 2900 2735 2780 2860 2860 2715] [3195 3170 3205 3235 3225 3165 2940 2670]
[2980 2825 2810 2950 2830 2925 3025 2735] [3215 3435 3110 3215 3070 3180 3075 2710]
[3010 3005 3035 2830 2960 2855 2870 3100] [3355 3400 3235 2915 3125 3090 3070 2915]
[2960 2985 2915 2950 2895 2805 3040 2925] [3240 3310 3215 3100 3165 3215 3005 2800]
[3065 3185 2945 2945 2985 2810 2745 3000] [3080 3210 3205 3135 3105 3145 2855 2695]
[2670 2940 2740 2845 3090 3010 3065 2720] [3240 3305 3230 3300 3155 3225 2870 2555]
COM8 0 59
0
[2530 2615 2690 3170 2945 2715 2595 2670] [3365 3150 3070 3110 2815 2925 2680 2435]
[2745 2950 2945 3150 2835 2890 2905 3000] [3270 3350 3100 3040 3210 3160 2685 2615]
[2815 2840 3010 2795 2775 3000 2865 2900] [3195 3170 3205 3235 3225 3165 2940 2670]
[2965 2865 3090 2910 2930 2770 2885 2960] [3215 3435 3110 3215 3070 3180 3075 2710]
[3230 3010 2950 2955 3030 2860 3035 3040] [3355 3400 3235 2915 3125 3090 3070 2915]
[2975 3095 3190 2990 2805 3025 3195 3125] [3240 3310 3215 3100 3165 3215 3005 2800]
[3070 3070 3050 2965 2970 3015 3020 2990] [3080 3210 3205 3135 3105 3145 2855 2695]
[3115 2955 2845 3035 3140 2815 3090 3070] [3240 3305 3230 3300 3155 3225 2870 2555]
COM4 1 60
0
[2530 2615 2690 3170 2945 2715 2595 2670] [3120 3065 3255 3040 3005 2925 3000 2690]
[2745 2950 2945 3150 2835 2890 2905 3000] [3090 3050 3160 2910 2845 3295 2980 2720]
[2815 2840 3010 2795 2775 3000 2865 2900] [3140 3100 3145 3090 3185 3125 3070 2835]
[2965 2865 3090 2910 2930 2770 2885 2960] [2950 3125 3075 3355 3025 2975 3170 2815]
[3230 3010 2950 2955 3030 2860 3035 3040] [3305 3180 3185 2990 3125 2995 3075 3030]
[2975 3095 3190 2990 2805 3025 3195 3125] [3010 3265 3105 3270 3225 3135 2955 3210]
[3070 3070 3050 2965 2970 3015 3020 2990] [3240 3235 3180 3315 3205 3175 3135 2870]
[3115 2955 2845 3035 3140 2815 3090 3070] [3065 3255 3190 3350 3305 3075 3105 2875]
COM8 0 61
0
[2805 2925 2985 2915 2615 2785 2875 2735] [3120 3065 3255 3040 3005 2925 3000 2690]
[2900 2830 2895 3050 2895 2920 2765 2755] [3090 3050 3160 2910 2845 3295 2980 2720]
[2565 2895 2935 2850 2745 2905 2795 2845] [3140 3100 3145 3090 3185 3125 3070 2835]
[2880 2895 3010 2900 2975 2980 2910 2850] [2950 3125 3075 3355 3025 2975 3170 2815]
[2905 2880 2965 2910 3000 2830 3000 2970] [3305 3180 3185 2990 3125 2995 3075 3030]
[2810 2775 2865 2885 2645 2875 2960 2955] [3010 3265 3105 3270 3225 3135 2955 3210]
[2775 2775 2945 2890 2960 2970 2810 2795] [3240 3235 3180 3315 3205 3175 3135 2870]
[3125 2915 3020 2905 2835 2810 3015 2955] [3065 3255 3190 3350 3305 3075 3105 2875]
COM4 1 62
0
[2805 2925 2985 2915 2615 2785 2875 2735] [3030 3195 3290 2850 3040 2950 2795 2880]
[2900 2830 2895 3050 2895 2920 2765 2755] [2920 3070 3030 2905 2860 3045 2990 2865]
[2565 2895 2935 2850 2745 2905 2795 2845] [2915 3140 3115 2950 3105 3040 2965 2895]
[2880 2895 3010 2900 2975 2980 2910 2850] [2950 3030 2950 3075 3070 3170 3115 2840]
[2905 2880 2965 2910 3000 2830 3000 2970] [3045 3180 3240 3045 2990 3010 3080 2980]
[2810 2775 2865 2885 2645 2875 2960 2955] [3050 3035 3245 3275 3040 3100 3125 2930]
[2775 2775 2945 2890 2960 2970 2810 2795] [3085 3300 3085 3065 3005 3135 3015 3130]
[3125 2915 3020 2905 2835 2810 3015 2955] [3270 3080 3220 3445 3060 2920 2895 2965]
COM8 0 63
0
[2645 2785 3035 2560 2550 2690 2745 2800] [3030 3195 3290 2850 3040 2950 2795 2880]
[3075 2795 2845 2960 2905 2850 2955 2805] [2920 3070 3030 2905 2860 3045 2990 2865]
[2905 2895 2970 2890 2705 2860 2705 2845] [2915 3140 3115 2950 3105 3040 2965 2895]
[3100 2990 3090 2835 2930 2910 2950 2935] [2950 3030 2950 3075 3070 3170 3115 2840]
[2965 2905 2900 2915 2860 2855 2975 2905] [3045 3180 3240 3045 2990 3010 3080 2980]
[2845 3095 3165 2900 2890 3020 2940 2815] [3050 3035 3245 3275 3040 3100 3125 2930]
[2790 3075 3035 2850 2985 2805 2875 2735] [3085 3300 3085 3065 3005 3135 3015 3130]
[3205 2960 2660 3030 2870 3020 3000 2845] [3270 3080 3220 3445 3060 2920 2895 2965]
COM4 1 64
0
[2645 2785 3035 2560 2550 2690 2745 2800] [2870 3025 3205 2945 3305 3020 3205 2955]
[3075 2795 2845 2960 2905 2850 2955 2805] [2995 2980 3075 2825 2970 3160 3120 2860]
[2905 2895 2970 2890 2705 2860 2705 2845] [3105 3035 3135 3120 3210 3060 3015 2910]
[3100 2990 3090 2835 2930 2910 2950 2935] [3175 3120 3090 3115 3050 2980 3200 2900]
[2965 2905 2900 2915 2860 2855 2975 2905] [3235 3085 3090 2995 3180 3120 3145 3155]
[2845 3095 3165 2900 2890 3020 2940 2815] [3105 3175 3205 3220 3150 3050 3160 3050]
[2790 3075 3035 2850 2985 2805 2875 2735] [3080 3310 3110 3180 3060 3140 3060 3205]
[3205 2960 2660 3030 2870 3020 3000 2845] [3385 3375 3060 3025 3220 2900 3190 3160]
COM8 0 65
0
[2540 2595 2665 2590 2920 2655 2685 2640] [2870 3025 3205 2945 3305 3020 3205 2955]
[2895 2690 2580 2660 2625 2690 2715 2640] [2995 2980 3075 2825 2970 3160 3120 2860]
[2630 2770 2670 2715 2720 2740 2705 2730] [3105 3035 3135 3120 3210 3060 3015 2910]
[2680 2880 2815 2750 2790 2780 2765 2665] [3175 3120 3090 3115 3050 2980 3200 2900]
[2940 2810 2955 2825 2900 2810 2800 2850] [3235 3085 3090 2995 3180 3120 3145 3155]
[2810 2955 2815 2870 2745 2745 2870 2665] [3105 3175 3205 3220 3150 3050 3160 3050]
[2745 2795 2655 2850 2810 2960 2815 2740] [3080 3310 3110 3180 3060 3140 3060 3205]
[2975 2800 2950 2690 2625 2955 2940 2730] [3385 3375 3060 3025 3220 2900 3190 3160]