COM4 1 6
0
[2850 2805 2900 3025 2900 2900 2740 2710] [3210 3125 3070 2935 3035 2880 2915 3025]
[3035 2730 3010 3040 2940 3000 2930 2960] [3125 2950 3290 3015 3155 3150 3060 2995]
[2750 2990 2950 2855 2845 2825 2915 2865] [3020 3045 3035 2845 3115 2790 3000 2960]
[3025 3015 3045 2755 2875 2960 2960 3030] [3050 3080 3105 2830 2975 2945 3100 3005]
[2990 2875 2825 2945 2915 2840 2940 3000] [3015 3255 3275 3015 3060 2995 3205 3120]
[3045 2900 3145 2960 2855 2950 2915 2870] [3060 3050 3150 3175 3035 3185 3145 3230]
[3045 3000 3180 2965 2735 2860 3015 2960] [3180 3150 3315 3040 3105 3175 3085 3280]
[3150 2765 3005 2980 2740 2950 2920 3025] [3030 3395 3140 3085 3190 3105 3035 3235]
COM8 0 7
0
[2785 2755 2720 2825 2740 2750 2520 2415] [3210 3125 3070 2935 3035 2880 2915 3025]
[2860 2835 2740 2915 2805 2935 2715 2865] [3125 2950 3290 3015 3155 3150 3060 2995]
[2865 2930 2925 2690 2735 2855 2865 3085] [3020 3045 3035 2845 3115 2790 3000 2960]
[2795 2765 2810 3015 2875 2820 2945 3020] [3050 3080 3105 2830 2975 2945 3100 3005]
[2860 2920 2960 2945 2945 2820 2995 3040] [3015 3255 3275 3015 3060 2995 3205 3120]
[2740 3035 2955 3020 2855 2970 3020 2650] [3060 3050 3150 3175 3035 3185 3145 3230]
[3060 2900 2815 2955 2665 2815 2905 3050] [3180 3150 3315 3040 3105 3175 3085 3280]
[3010 3020 3125 2875 2945 2885 2975 2700] [3030 3395 3140 3085 3190 3105 3035 3235]
COM4 1 8
0
[2785 2755 2720 2825 2740 2750 2520 2415] [2680 3295 2905 3195 3215 3130 3215 3100]
[2860 2835 2740 2915 2805 2935 2715 2865] [3125 2960 3050 3105 2845 3205 3115 3055]
[2865 2930 2925 2690 2735 2855 2865 3085] [3130 3110 3195 2985 3110 3245 3020 3015]
[2795 2765 2810 3015 2875 2820 2945 3020] [3305 2995 3410 3145 3120 3005 3095 2945]
[2860 2920 2960 2945 2945 2820 2995 3040] [3300 3170 3205 3010 3095 3005 3240 3215]
[2740 3035 2955 3020 2855 2970 3020 2650] [3040 3055 3115 3285 3110 3110 3150 3155]
[3060 2900 2815 2955 2665 2815 2905 3050] [3310 3175 3135 3130 3085 3080 3160 3145]
[3010 3020 3125 2875 2945 2885 2975 2700] [3300 3130 3230 3215 3125 3195 3320 3260]
COM8 0 9
0
[2865 2925 2675 2865 2715 2665 2715 3045] [2680 3295 2905 3195 3215 3130 3215 3100]
[2910 2970 2835 2965 2810 2910 2775 2975] [3125 2960 3050 3105 2845 3205 3115 3055]
[2710 2615 2915 2865 2770 2885 3025 2965] [3130 3110 3195 2985 3110 3245 3020 3015]
[3075 2890 3045 2970 2930 2935 2895 2760] [3305 2995 3410 3145 3120 3005 3095 2945]
[3135 2920 2955 2965 2800 2890 2870 3000] [3300 3170 3205 3010 3095 3005 3240 3215]
[2945 2950 2975 2955 2890 2975 3040 2830] [3040 3055 3115 3285 3110 3110 3150 3155]
[3060 2900 2940 3145 2975 3020 2910 2995] [3310 3175 3135 3130 3085 3080 3160 3145]
[2560 2810 2810 2790 2765 3010 2870 2955] [3300 3130 3230 3215 3125 3195 3320 3260]
COM4 1 10
0
[2865 2925 2675 2865 2715 2665 2715 3045] [3525 3050 2910 2865 3220 3145 3045 3135]
[2910 2970 2835 2965 2810 2910 2775 2975] [3125 2840 3145 3045 2990 3020 3080 2910]
[2710 2615 2915 2865 2770 2885 3025 2965] [3210 3260 3200 3040 3070 3055 3065 3020]
[3075 2890 3045 2970 2930 2935 2895 2760] [3420 3020 3025 3105 3050 3110 3030 2920]
[3135 2920 2955 2965 2800 2890 2870 3000] [3235 3275 3070 3000 3130 3160 3295 3020]
[2945 2950 2975 2955 2890 2975 3040 2830] [3235 3325 3195 3310 3160 3290 3235 3125]
[3060 2900 2940 3145 2975 3020 2910 2995] [3175 3295 3155 3155 3240 3020 3080 3235]
[2560 2810 2810 2790 2765 3010 2870 2955] [3325 3345 3020 3220 3150 2965 3020 3265]
COM8 0 11
0
[2460 2655 2570 2570 2635 2570 2740 2700] [3525 3050 2910 2865 3220 3145 3045 3135]
[2695 2740 2820 3145 2815 2720 2865 2920] [3125 2840 3145 3045 2990 3020 3080 2910]
[2850 2970 2865 2785 2715 2915 2780 2915] [3210 3260 3200 3040 3070 3055 3065 3020]
[2925 2845 2840 2935 2970 2970 2950 2920] [3420 3020 3025 3105 3050 3110 3030 2920]
[2965 2885 2790 2860 2990 2860 3045 3015] [3235 3275 3070 3000 3130 3160 3295 3020]
[2740 2590 3145 2945 2900 2870 2945 2930] [3235 3325 3195 3310 3160 3290 3235 3125]
[2960 2920 3050 2965 2975 3085 2700 2810] [3175 3295 3155 3155 3240 3020 3080 3235]
[2990 3020 2990 2600 3130 2920 2990 2745] [3325 3345 3020 3220 3150 2965 3020 3265]
COM4 1 12
0
[2460 2655 2570 2570 2635 2570 2740 2700] [3260 3140 3150 3055 2860 2870 2990 2945]
[2695 2740 2820 3145 2815 2720 2865 2920] [2985 2980 3105 3210 3070 3070 3020 2910]
[2850 2970 2865 2785 2715 2915 2780 2915] [3145 3055 3215 2960 3190 3100 2995 3060]
[2925 2845 2840 2935 2970 2970 2950 2920] [3190 3175 3195 3085 3105 3050 3025 2945]
[2965 2885 2790 2860 2990 2860 3045 3015] [3190 2970 3405 3095 3060 3140 3160 3210]
[2740 2590 3145 2945 2900 2870 2945 2930] [3190 3320 3020 3125 3055 2990 3145 3100]
[2960 2920 3050 2965 2975 3085 2700 2810] [3290 3405 3265 3175 3165 3190 3195 3160]
[2990 3020 2990 2600 3130 2920 2990 2745] [3270 3245 3065 3265 3090 3080 3030 3125]
COM8 0 13
0
[2640 2870 2565 2850 2910 2925 2510 2845] [3260 3140 3150 3055 2860 2870 2990 2945]
[2680 2945 2810 2910 2875 2740 2695 2805] [2985 2980 3105 3210 3070 3070 3020 2910]
[2610 2695 2955 2815 2800 2985 2795 2745] [3145 3055 3215 2960 3190 3100 2995 3060]
[2880 2825 3070 2850 2865 2830 2925 2895] [3190 3175 3195 3085 3105 3050 3025 2945]
[3160 2755 3010 2750 3030 2815 2990 3060] [3190 2970 3405 3095 3060 3140 3160 3210]
[2785 2920 3045 2910 2735 3020 2900 3015] [3190 3320 3020 3125 3055 2990 3145 3100]
[2660 2915 2950 2970 2810 2950 2695 2700] [3290 3405 3265 3175 3165 3190 3195 3160]
[3010 2895 2825 2870 2740 3130 2910 3030] [3270 3245 3065 3265 3090 3080 3030 3125]
COM4 1 14
0
[2640 2870 2565 2850 2910 2925 2510 2845] [3185 2945 3230 3040 3035 3090 3255 3120]
[2680 2945 2810 2910 2875 2740 2695 2805] [3145 3040 3295 3035 3125 3135 3010 3320]
[2610 2695 2955 2815 2800 2985 2795 2745] [3195 3140 3190 3195 3250 3075 3060 2990]
[2880 2825 3070 2850 2865 2830 2925 2895] [3245 3215 3170 3180 3045 3075 3160 3080]
[3160 2755 3010 2750 3030 2815 2990 3060] [3335 3040 3115 3065 3110 3225 3285 3175]
[2785 2920 3045 2910 2735 3020 2900 3015] [3045 3310 3205 3325 3265 3235 3145 3160]
[2660 2915 2950 2970 2810 2950 2695 2700] [3225 3175 3380 3195 3215 3010 3310 3125]
[3010 2895 2825 2870 2740 3130 2910 3030] [3160 3180 3305 3145 3180 3195 3125 3390]
COM8 0 15
0
[2615 2625 3180 2630 2790 2675 3220 2780] [3185 2945 3230 3040 3035 3090 3255 3120]
[3025 2790 2725 2720 2865 2820 2850 2935] [3145 3040 3295 3035 3125 3135 3010 3320]
[2850 2835 2940 2875 2700 2940 2975 2905] [3195 3140 3190 3195 3250 3075 3060 2990]
[2980 2990 2860 3000 3050 2910 3005 3010] [3245 3215 3170 3180 3045 3075 3160 3080]
[3005 3015 2915 2890 3005 2805 3025 2830] [3335 3040 3115 3065 3110 3225 3285 3175]
[2785 2780 3085 2800 2835 3000 3165 2900] [3045 3310 3205 3325 3265 3235 3145 3160]
[2960 2800 2575 2955 2905 2935 2810 2770] [3225 3175 3380 3195 3215 3010 3310 3125]
[2915 2950 2970 2940 3005 2980 3000 3030] [3160 3180 3305 3145 3180 3195 3125 3390]
COM4 1 16
0
[2615 2625 3180 2630 2790 2675 3220 2780] [3195 2970 3020 2820 3030 3025 2985 3235]
[3025 2790 2725 2720 2865 2820 2850 2935] [3055 3060 3155 3065 3010 3005 3050 3010]
[2850 2835 2940 2875 2700 2940 2975 2905] [2900 3115 3125 3230 3270 3085 3155 3055]
[2980 2990 2860 3000 3050 2910 3005 3010] [3105 3270 3170 3065 2995 3090 3105 3145]
[3005 3015 2915 2890 3005 2805 3025 2830] [3045 3150 3170 3095 3185 3005 3170 3135]
[2785 2780 3085 2800 2835 3000 3165 2900] [2970 3015 3220 3225 3085 3045 3190 3300]
[2960 2800 2575 2955 2905 2935 2810 2770] [3175 3200 3285 3195 3165 3085 3110 3160]
[2915 2950 2970 2940 3005 2980 3000 3030] [3010 3320 3170 3235 3360 3035 3250 3270]
COM8 0 17
0
[2730 2685 2740 2970 2605 2630 2740 2715] [3195 2970 3020 2820 3030 3025 2985 3235]
[3005 2910 2615 2910 3025 2905 2855 2995] [3055 3060 3155 3065 3010 3005 3050 3010]
[2690 2565 2740 2825 2715 2835 2840 2925] [2900 3115 3125 3230 3270 3085 3155 3055]
[2915 2885 3065 2665 2840 2885 2850 2760] [3105 3270 3170 3065 2995 3090 3105 3145]
[2910 2870 2995 2815 2960 2915 2965 2905] [3045 3150 3170 3095 3185 3005 3170 3135]
[2625 2750 2980 3020 2885 2765 2785 2645] [2970 3015 3220 3225 3085 3045 3190 3300]
[2995 2880 2595 2850 2765 2890 2725 2505] [3175 3200 3285 3195 3165 3085 3110 3160]
[2790 2740 2985 2785 2940 2835 2870 3125] [3010 3320 3170 3235 3360 3035 3250 3270]
COM4 1 18
0
[2730 2685 2740 2970 2605 2630 2740 2715] [3095 2745 2815 3250 3155 3055 3040 2945]
[3005 2910 2615 2910 3025 2905 2855 2995] [3110 3265 3000 3090 3010 3085 3190 2920]
[2690 2565 2740 2825 2715 2835 2840 2925] [3375 3305 3220 3170 3215 3115 3120 3050]
[2915 2885 3065 2665 2840 2885 2850 2760] [3265 3040 3030 3115 3155 3015 3230 2965]
[2910 2870 2995 2815 2960 2915 2965 2905] [3275 3180 3370 3065 3050 3285 3170 3130]
[2625 2750 2980 3020 2885 2765 2785 2645] [3230 3065 3120 3185 2925 3215 3200 3195]
[2995 2880 2595 2850 2765 2890 2725 2505] [3190 3220 3265 3260 3155 3085 3265 3400]
[2790 2740 2985 2785 2940 2835 2870 3125] [3255 3275 3205 3465 3170 3040 3190 3260]
COM8 0 19
0
[2915 2835 2225 3025 2850 2490 2970 2515] [3095 2745 2815 3250 3155 3055 3040 2945]
[2610 2950 2660 2865 2830 2725 2820 2915] [3110 3265 3000 3090 3010 3085 3190 2920]
[2745 2860 2920 2905 2860 2790 2860 2925] [3375 3305 3220 3170 3215 3115 3120 3050]
[2850 2930 3030 2960 2950 2845 2785 2900] [3265 3040 3030 3115 3155 3015 3230 2965]
[2815 2850 2975 2935 2925 2770 3050 2945] [3275 3180 3370 3065 3050 3285 3170 3130]
[2845 2950 2840 2900 2835 2965 2955 2805] [3230 3065 3120 3185 2925 3215 3200 3195]
[2765 2995 2700 2755 2720 3100 2880 2940] [3190 3220 3265 3260 3155 3085 3265 3400]
[2900 2730 2855 3005 2785 3160 3085 2900] [3255 3275 3205 3465 3170 3040 3190 3260]
COM4 1 20
0
[2915 2835 2225 3025 2850 2490 2970 2515] [2865 3290 3295 2840 2890 2915 2910 3175]
[2610 2950 2660 2865 2830 2725 2820 2915] [3115 2955 3080 3135 3250 3130 3070 3110]
[2745 2860 2920 2905 2860 2790 2860 2925] [2900 2995 3155 2920 3195 3085 3000 3055]
[2850 2930 3030 2960 2950 2845 2785 2900] [3200 3295 3210 3230 3060 3235 3045 3055]
[2815 2850 2975 2935 2925 2770 3050 2945] [3320 3160 3225 3105 3145 3320 3075 3275]
[2845 2950 2840 2900 2835 2965 2955 2805] [2835 3370 3220 3270 3215 3155 3260 3205]
[2765 2995 2700 2755 2720 3100 2880 2940] [3295 3355 3185 2970 3185 3155 3095 3290]
[2900 2730 2855 3005 2785 3160 3085 2900] [3420 3255 3240 3305 3180 3040 3190 3380]
COM8 0 21
0
[2915 2460 2805 3005 2850 2785 2740 2550] [2865 3290 3295 2840 2890 2915 2910 3175]
[3095 2955 2820 2825 2850 2770 2955 2945] [3115 2955 3080 3135 3250 3130 3070 3110]
[2840 2835 2815 2875 2820 2840 2915 3010] [2900 2995 3155 2920 3195 3085 3000 3055]
[2790 2865 2925 2830 2860 2800 2925 2895] [3200 3295 3210 3230 3060 3235 3045 3055]
[2835 2815 2860 2830 2910 2865 2890 3095] [3320 3160 3225 3105 3145 3320 3075 3275]
[2370 2680 3160 3000 2855 2985 3020 2720] [2835 3370 3220 3270 3215 3155 3260 3205]
[1925 2630 2775 2970 2985 3020 2845 2815] [3295 3355 3185 2970 3185 3155 3095 3290]
[1875 2300 2900 2760 2940 2945 3075 3085] [3420 3255 3240 3305 3180 3040 3190 3380]
COM4 1 22
0
[2915 2460 2805 3005 2850 2785 2740 2550] [3220 3200 3095 3025 3180 2955 2805 3175]
[3095 2955 2820 2825 2850 2770 2955 2945] [3050 2950 3065 2940 2975 2920 3050 2850]
[2840 2835 2815 2875 2820 2840 2915 3010] [3025 3050 3045 3080 3220 3165 2995 2975]
[2790 2865 2925 2830 2860 2800 2925 2895] [3220 3030 3030 3065 3050 2975 2970 3055]
[2835 2815 2860 2830 2910 2865 2890 3095] [3165 3045 3120 2860 3005 3160 3185 3180]
[2370 2680 3160 3000 2855 2985 3020 2720] [3260 3065 3310 2965 3090 3100 3070 3185]
[1925 2630 2775 2970 2985 3020 2845 2815] [2995 2985 3165 3155 3105 3055 3030 3170]
[1875 2300 2900 2760 2940 2945 3075 3085] [3380 3110 3110 3400 3155 3235 3340 3425]
COM8 0 23
0
[2680 2445 2220 2865 2650 2810 2735 2680] [3220 3200 3095 3025 3180 2955 2805 3175]
[2790 2855 2740 2875 2590 2890 2960 2865] [3050 2950 3065 2940 2975 2920 3050 2850]
[2740 2750 2760 2770 2765 2840 2700 2995] [3025 3050 3045 3080 3220 3165 2995 2975]
[2210 2960 2890 2875 2795 3005 2905 2860] [3220 3030 3030 3065 3050 2975 2970 3055]
[2205 2520 2975 2920 3045 2775 2985 3095] [3165 3045 3120 2860 3005 3160 3185 3180]
[2110 2435 2720 2965 2960 3070 3085 2925] [3260 3065 3310 2965 3090 3100 3070 3185]
[1800 2030 2375 2615 2880 2885 2850 3000] [2995 2985 3165 3155 3105 3055 3030 3170]
[1665 1740 2275 2530 2790 3070 3015 3105] [3380 3110 3110 3400 3155 3235 3340 3425]
COM4 1 24
0
[2680 2445 2220 2865 2650 2810 2735 2680] [2990 2920 3145 2815 2745 2910 3155 2950]
[2790 2855 2740 2875 2590 2890 2960 2865] [3185 2840 3265 2985 2965 3105 2990 3075]
[2740 2750 2760 2770 2765 2840 2700 2995] [3200 3045 3120 2945 3085 3010 3140 3040]
[2210 2960 2890 2875 2795 3005 2905 2860] [3355 3055 3185 3075 3000 3105 3050 3050]
[2205 2520 2975 2920 3045 2775 2985 3095] [3005 3150 3210 3100 3040 3060 3085 3085]
[2110 2435 2720 2965 2960 3070 3085 2925] [3060 3015 3060 3135 2935 3045 3150 3250]
[1800 2030 2375 2615 2880 2885 2850 3000] [3165 3270 3355 3230 3005 3135 3250 3270]
[1665 1740 2275 2530 2790 3070 3015 3105] [3140 3105 3145 3260 3230 3070 3190 3250]
COM8 0 25
0
[1550 2245 2635 2745 2520 2710 2970 2885] [2990 2920 3145 2815 2745 2910 3155 2950]
[2200 2415 2795 2815 2835 2770 2725 3105] [3185 2840 3265 2985 2965 3105 2990 3075]
[2125 2075 2725 2770 2720 2930 2820 2845] [3200 3045 3120 2945 3085 3010 3140 3040]
[1795 2140 2600 2775 2980 3015 2950 2900] [3355 3055 3185 3075 3000 3105 3050 3050]
[2110 2105 2520 2600 2885 2845 2945 3015] [3005 3150 3210 3100 3040 3060 3085 3085]
[1720 1975 2330 2600 2870 3005 2960 3015] [3060 3015 3060 3135 2935 3045 3150 3250]
[1625 1980 1840 2420 2550 3020 2885 2915] [3165 3270 3355 3230 3005 3135 3250 3270]
[1610 1650 1775 2135 2470 3010 2890 3065] [3140 3105 3145 3260 3230 3070 3190 3250]
COM4 1 26
0
[1550 2245 2635 2745 2520 2710 2970 2885] [2865 3210 2910 3135 3305 2705 3005 3150]
[2200 2415 2795 2815 2835 2770 2725 3105] [3080 2840 3335 2950 2810 3050 2910 2970]
[2125 2075 2725 2770 2720 2930 2820 2845] [3160 3155 2985 3085 3165 3090 3055 2965]
[1795 2140 2600 2775 2980 3015 2950 2900] [3250 3245 3345 3195 2935 3150 2970 2900]
[2110 2105 2520 2600 2885 2845 2945 3015] [2915 3050 3185 3025 2970 3080 3085 3075]
[1720 1975 2330 2600 2870 3005 2960 3015] [3105 3000 3290 3215 3045 3210 3140 3230]
[1625 1980 1840 2420 2550 3020 2885 2915] [3130 3250 2950 3080 2900 3105 3005 3175]
[1610 1650 1775 2135 2470 3010 2890 3065] [3090 3245 3030 3310 2915 3035 3075 3260]
COM8 0 27
0
[2305 1975 1940 2170 2440 2710 2740 2825] [2865 3210 2910 3135 3305 2705 3005 3150]
[2470 2250 2310 2390 2725 2810 2855 2780] [3080 2840 3335 2950 2810 3050 2910 2970]
[2400 2240 2060 2460 2565 2820 2780 2840] [3160 3155 2985 3085 3165 3090 3055 2965]
[2510 2260 2215 2385 2610 3005 2995 2845] [3250 3245 3345 3195 2935 3150 2970 2900]
[2465 2290 2035 2390 2710 2830 2950 3040] [2915 3050 3185 3025 2970 3080 3085 3075]
[2205 1980 2165 2175 2525 2965 3065 2695] [3105 3000 3290 3215 3045 3210 3140 3230]
[2055 1940 1805 2070 2350 2775 2715 2945] [3130 3250 2950 3080 2900 3105 3005 3175]
[1700 1925 1650 1825 2455 2805 2910 2765] [3090 3245 3030 3310 2915 3035 3075 3260]
COM4 1 28
0
[2305 1975 1940 2170 2440 2710 2740 2825] [2865 2970 3250 3195 3145 3005 3105 2910]
[2470 2250 2310 2390 2725 2810 2855 2780] [3105 3095 3055 2800 3100 3095 3010 2940]
[2400 2240 2060 2460 2565 2820 2780 2840] [3255 3125 3195 3110 3120 2965 3045 2960]
[2510 2260 2215 2385 2610 3005 2995 2845] [3220 3180 3290 3100 2915 2960 3085 3045]
[2465 2290 2035 2390 2710 2830 2950 3040] [3095 3155 3220 2925 3025 3125 3155 3115]
[2205 1980 2165 2175 2525 2965 3065 2695] [3115 3165 3165 3145 3235 3065 3230 3070]
[2055 1940 1805 2070 2350 2775 2715 2945] [3085 3310 3255 3010 3130 3125 3290 3265]
[1700 1925 1650 1825 2455 2805 2910 2765] [3400 3105 3245 3310 3165 3010 3140 3405]
COM8 0 29
0
[2470 2520 2305 2140 2275 2420 2655 2630] [2865 2970 3250 3195 3145 3005 3105 2910]
[2570 2665 2415 2095 2365 2680 2865 2805] [3105 3095 3055 2800 3100 3095 3010 2940]
[2885 2640 2460 2295 2370 2690 2810 2720] [3255 3125 3195 3110 3120 2965 3045 2960]
[2740 2535 2290 2310 2540 2705 2875 2745] [3220 3180 3290 3100 2915 2960 3085 3045]
[2610 2405 2305 2325 2395 2840 3020 2940] [3095 3155 3220 2925 3025 3125 3155 3115]
[2295 2385 2285 1995 2370 2780 2875 2760] [3115 3165 3165 3145 3235 3065 3230 3070]
[1835 2085 1835 1940 2135 2720 2790 2865] [3085 3310 3255 3010 3130 3125 3290 3265]
[1905 1885 1690 1885 2245 2665 2815 2780] [3400 3105 3245 3310 3165 3010 3140 3405]
COM4 1 30
0
[2470 2520 2305 2140 2275 2420 2655 2630] [3330 3080 3020 3075 3395 3015 3060 3015]
[2570 2665 2415 2095 2365 2680 2865 2805] [3125 3300 3225 3125 3030 3325 3140 3150]
[2885 2640 2460 2295 2370 2690 2810 2720] [3210 3090 3190 3145 3270 3055 3055 3045]
[2740 2535 2290 2310 2540 2705 2875 2745] [3190 3260 3220 3190 3010 3050 3035 3110]
[2610 2405 2305 2325 2395 2840 3020 2940] [3070 3415 3395 3060 3115 3220 3160 3225]
[2295 2385 2285 1995 2370 2780 2875 2760] [3050 3150 3155 3220 3155 3320 3295 3260]
[1835 2085 1835 1940 2135 2720 2790 2865] [3135 3275 3185 3260 2990 3220 3160 3145]
[1905 1885 1690 1885 2245 2665 2815 2780] [3405 3130 3365 3145 3190 3105 3265 3045]
COM8 0 31
0
[2705 2590 2160 2290 2190 2460 2635 2950] [3330 3080 3020 3075 3395 3015 3060 3015]
[2965 2685 2420 2425 2415 2455 2790 2795] [3125 3300 3225 3125 3030 3325 3140 3150]
[2800 2810 2390 2390 2510 2455 2810 3010] [3210 3090 3190 3145 3270 3055 3055 3045]
[2670 2690 2385 2360 2615 2675 2835 2955] [3190 3260 3220 3190 3010 3050 3035 3110]
[2320 2590 2550 2250 2355 2455 3025 3045] [3070 3415 3395 3060 3115 3220 3160 3225]
[2045 2325 2290 2270 2210 2670 2865 2925] [3050 3150 3155 3220 3155 3320 3295 3260]
[1870 2295 1770 2040 2130 2525 2970 2860] [3135 3275 3185 3260 2990 3220 3160 3145]
[2120 1760 1695 1820 2045 2350 2590 2955] [3405 3130 3365 3145 3190 3105 3265 3045]
COM4 1 32
0
[2705 2590 2160 2290 2190 2460 2635 2950] [3395 3035 3200 3015 3370 2920 2925 2870]
[2965 2685 2420 2425 2415 2455 2790 2795] [3075 3130 3225 3050 2990 3100 3130 2850]
[2800 2810 2390 2390 2510 2455 2810 3010] [3015 3010 3025 3055 3165 3015 3130 2990]
[2670 2690 2385 2360 2615 2675 2835 2955] [3015 3245 3020 3040 3060 3130 3070 3055]
[2320 2590 2550 2250 2355 2455 3025 3045] [3050 3085 3185 3045 3070 3285 3075 3090]
[2045 2325 2290 2270 2210 2670 2865 2925] [3190 3055 3150 3170 2935 3185 3230 3350]
[1870 2295 1770 2040 2130 2525 2970 2860] [3165 3245 3320 3015 3130 3170 3025 3190]
[2120 1760 1695 1820 2045 2350 2590 2955] [3130 3245 3305 3200 3110 3335 3235 3090]
COM8 0 33
0
[2405 2465 2400 2405 2175 2385 2650 2470] [3395 3035 3200 3015 3370 2920 2925 2870]
[2510 2885 2445 2095 2265 2500 2960 2780] [3075 3130 3225 3050 2990 3100 3130 2850]
[2415 2530 2520 2400 2455 2645 2775 2880] [3015 3010 3025 3055 3165 3015 3130 2990]
[2360 2500 2200 2405 2420 2695 2830 2840] [3015 3245 3020 3040 3060 3130 3070 3055]
[2135 2135 2305 2225 2270 2540 2795 3040] [3050 3085 3185 3045 3070 3285 3075 3090]
[2330 2145 2140 2025 1985 2475 2760 2740] [3190 3055 3150 3170 2935 3185 3230 3350]
[2295 2010 1995 1820 1695 2165 2590 2995] [3165 3245 3320 3015 3130 3170 3025 3190]
[2505 2200 1805 1685 1700 2110 2595 2755] [3130 3245 3305 3200 3110 3335 3235 3090]
COM4 1 34
0
[2405 2465 2400 2405 2175 2385 2650 2470] [3030 3015 3100 2855 3215 2910 2780 3160]
[2510 2885 2445 2095 2265 2500 2960 2780] [2990 3300 3115 2985 3035 3155 3070 2920]
[2415 2530 2520 2400 2455 2645 2775 2880] [2805 3050 3125 2980 3120 3000 3005 3120]
[2360 2500 2200 2405 2420 2695 2830 2840] [3095 3145 3215 3205 3100 3130 3055 3200]
[2135 2135 2305 2225 2270 2540 2795 3040] [3300 3295 3290 3000 3040 3140 3225 3170]
[2330 2145 2140 2025 1985 2475 2760 2740] [3065 3025 3155 3155 2875 3095 3175 3095]
[2295 2010 1995 1820 1695 2165 2590 2995] [3145 3345 3250 3035 3115 2915 3190 3180]
[2505 2200 1805 1685 1700 2110 2595 2755] [2970 3235 3335 3255 3000 2965 3235 3140]
COM8 0 35
0
[1940 2205 2555 1895 1820 2275 2675 2590] [3030 3015 3100 2855 3215 2910 2780 3160]
[2185 2210 2325 2490 2415 2415 2870 2900] [2990 3300 3115 2985 3035 3155 3070 2920]
[2000 2420 2400 2335 2390 2545 2695 2930] [2805 3050 3125 2980 3120 3000 3005 3120]
[2650 2315 2470 2420 2390 2475 2740 2790] [3095 3145 3215 3205 3100 3130 3055 3200]
[2785 2380 2465 1980 2275 2500 2835 2830] [3300 3295 3290 3000 3040 3140 3225 3170]
[2610 2350 2435 2190 2045 2190 2530 2845] [3065 3025 3155 3155 2875 3095 3175 3095]
[3040 2540 2350 2065 1820 1855 2310 2710] [3145 3345 3250 3035 3115 2915 3190 3180]
[2625 2465 2470 1860 1660 2120 2380 2530] [2970 3235 3335 3255 3000 2965 3235 3140]
COM4 1 36
0
[1940 2205 2555 1895 1820 2275 2675 2590] [3010 3055 3000 2740 2975 2870 3125 2945]
[2185 2210 2325 2490 2415 2415 2870 2900] [3080 2995 3135 3025 3170 3085 3055 2850]
[2000 2420 2400 2335 2390 2545 2695 2930] [3040 3005 3060 3050 3055 2915 3120 2900]
[2650 2315 2470 2420 2390 2475 2740 2790] [3230 2950 3120 3040 3060 3040 3125 3075]
[2785 2380 2465 1980 2275 2500 2835 2830] [3075 3380 3245 2945 3000 3195 2995 3080]
[2610 2350 2435 2190 2045 2190 2530 2845] [2975 2935 3145 3150 3025 3130 3105 3040]
[3040 2540 2350 2065 1820 1855 2310 2710] [3260 3200 3235 3015 3130 3100 3140 3260]
[2625 2465 2470 1860 1660 2120 2380 2530] [3090 3060 3120 3225 2915 3070 3220 3175]
COM8 0 37
0
[2500 1980 2390 2165 2155 2105 2555 2250] [3010 3055 3000 2740 2975 2870 3125 2945]
[2675 2340 1860 2200 2150 2440 2625 2730] [3080 2995 3135 3025 3170 3085 3055 2850]
[2700 2335 2410 2120 2440 2490 2640 2745] [3040 3005 3060 3050 3055 2915 3120 2900]
[2815 2640 2300 2345 2335 2410 2710 2880] [3230 2950 3120 3040 3060 3040 3125 3075]
[3005 2605 2590 2210 2355 2380 2575 2915] [3075 3380 3245 2945 3000 3195 2995 3080]
[2755 3025 2585 2475 2025 2280 2585 2590] [2975 2935 3145 3150 3025 3130 3105 3040]
[2895 2805 2535 2405 2085 1885 2000 2500] [3260 3200 3235 3015 3130 3100 3140 3260]
[3155 2695 2740 2455 2085 1805 1700 2255] [3090 3060 3120 3225 2915 3070 3220 3175]
COM4 1 38
0
[2500 1980 2390 2165 2155 2105 2555 2250] [3215 3315 3075 2995 2915 3060 2925 3230]
[2675 2340 1860 2200 2150 2440 2625 2730] [3125 2900 3080 3045 3035 3125 3130 3085]
[2700 2335 2410 2120 2440 2490 2640 2745] [3020 3335 3130 3020 3280 3035 3055 3040]
[2815 2640 2300 2345 2335 2410 2710 2880] [3080 3320 3175 3145 3100 3205 3055 3095]
[3005 2605 2590 2210 2355 2380 2575 2915] [3070 3165 3220 3125 3135 3140 3200 3055]
[2755 3025 2585 2475 2025 2280 2585 2590] [2970 2880 3050 3345 3085 3135 3145 3320]
[2895 2805 2535 2405 2085 1885 2000 2500] [2930 2985 3185 3060 3105 3245 3250 3205]
[3155 2695 2740 2455 2085 1805 1700 2255] [2740 3080 3230 3325 3125 3075 3295 3265]
COM8 0 39
0
[2635 2420 2940 2310 1575 1615 2085 2830] [3215 3315 3075 2995 2915 3060 2925 3230]
[3075 2910 2605 2160 2210 2440 2400 3030] [3125 2900 3080 3045 3035 3125 3130 3085]
[2855 2745 2935 2410 2050 2060 2380 2800] [3020 3335 3130 3020 3280 3035 3055 3040]
[2935 2970 2825 2380 2350 1915 2495 2605] [3080 3320 3175 3145 3100 3205 3055 3095]
[2885 2925 2915 2545 2450 1980 2240 2440] [3070 3165 3220 3125 3135 3140 3200 3055]
[3045 2755 2765 2640 2290 1995 2045 2275] [2970 2880 3050 3345 3085 3135 3145 3320]
[2765 2740 2865 2725 2475 2020 1830 2125] [2930 2985 3185 3060 3105 3245 3250 3205]
[3105 3020 2785 2735 2460 2020 1715 1785] [2740 3080 3230 3325 3125 3075 3295 3265]
COM4 1 40
0
[2635 2420 2940 2310 1575 1615 2085 2830] [3020 3085 3260 3145 2620 3055 3060 3135]
[3075 2910 2605 2160 2210 2440 2400 3030] [2985 3115 3040 3045 3125 3165 3030 2920]
[2855 2745 2935 2410 2050 2060 2380 2800] [2875 3285 3040 3075 3200 3005 3150 2845]
[2935 2970 2825 2380 2350 1915 2495 2605] [2900 3050 3205 3180 3045 3065 3080 3085]
[2885 2925 2915 2545 2450 1980 2240 2440] [2740 2925 3095 2975 3095 3000 3270 3175]
[3045 2755 2765 2640 2290 1995 2045 2275] [2540 2790 2895 3190 3220 3155 3205 3075]
[2765 2740 2865 2725 2475 2020 1830 2125] [2555 2875 2895 2940 3035 3225 3170 3235]
[3105 3020 2785 2735 2460 2020 1715 1785] [2235 2855 2910 3255 3255 3325 3340 3435]
COM8 0 41
0
[2980 2520 2555 2390 2120 2140 2365 2295] [3020 3085 3260 3145 2620 3055 3060 3135]
[2960 3040 2830 2755 2050 2350 2395 2300] [2985 3115 3040 3045 3125 3165 3030 2920]
[2940 2925 2875 2535 2470 2220 2385 2555] [2875 3285 3040 3075 3200 3005 3150 2845]
[3090 2845 2910 2645 2555 2215 2230 2515] [2900 3050 3205 3180 3045 3065 3080 3085]
[3005 2810 2990 2640 2500 2435 2005 2140] [2740 2925 3095 2975 3095 3000 3270 3175]
[2780 2910 3085 2825 2370 2345 1960 1985] [2540 2790 2895 3190 3220 3155 3205 3075]
[2675 2915 2685 2775 2685 2235 2010 1815] [2555 2875 2895 2940 3035 3225 3170 3235]
[3010 2815 2700 2630 2505 2105 1915 1940] [2235 2855 2910 3255 3255 3325 3340 3435]
COM4 1 42
0
[2980 2520 2555 2390 2120 2140 2365 2295] [2500 2740 2610 2745 3010 2905 3040 2940]
[2960 3040 2830 2755 2050 2350 2395 2300] [2790 2600 3050 2980 2975 3045 3170 3050]
[2940 2925 2875 2535 2470 2220 2385 2555] [2750 2790 3010 3055 3180 3075 2995 2940]
[3090 2845 2910 2645 2555 2215 2230 2515] [2590 2825 2845 3085 3025 3065 3115 2925]
[3005 2810 2990 2640 2500 2435 2005 2140] [2540 2770 2990 2865 3125 3080 3225 3190]
[2780 2910 3085 2825 2370 2345 1960 1985] [2405 2495 2735 2950 3035 2985 3090 3020]
[2675 2915 2685 2775 2685 2235 2010 1815] [2240 2580 2705 2875 3140 3280 3090 3160]
[3010 2815 2700 2630 2505 2105 1915 1940] [2305 2590 2640 2980 3065 3070 3110 3085]
COM8 0 43
0
[2590 2755 2640 2495 2225 2230 2345 2200] [2500 2740 2610 2745 3010 2905 3040 2940]
[2950 3055 2790 2715 2380 2375 2270 2885] [2790 2600 3050 2980 2975 3045 3170 3050]
[2730 2885 2940 2650 2320 2540 2555 2865] [2750 2790 3010 3055 3180 3075 2995 2940]
[3040 2845 2850 2530 2490 2360 2475 2570] [2590 2825 2845 3085 3025 3065 3115 2925]
[3005 2735 2740 2755 2690 2260 2480 2625] [2540 2770 2990 2865 3125 3080 3225 3190]
[2975 3025 2815 2860 2470 2385 2250 2100] [2405 2495 2735 2950 3035 2985 3090 3020]
[3060 2890 2625 3185 2575 2460 1695 2040] [2240 2580 2705 2875 3140 3280 3090 3160]
[3085 2825 2900 2950 2695 2260 1875 1915] [2305 2590 2640 2980 3065 3070 3110 3085]
COM4 1 44
0
[2590 2755 2640 2495 2225 2230 2345 2200] [2855 2620 2850 2535 2615 3020 2810 2945]
[2950 3055 2790 2715 2380 2375 2270 2885] [2965 2720 2830 2605 2795 3030 2965 2990]
[2730 2885 2940 2650 2320 2540 2555 2865] [2625 2770 2660 2720 3050 3010 3050 3015]
[3040 2845 2850 2530 2490 2360 2475 2570] [2930 2840 2675 2785 3035 3120 3040 3045]
[3005 2735 2740 2755 2690 2260 2480 2625] [2525 2535 2700 2650 2965 3065 3160 3155]
[2975 3025 2815 2860 2470 2385 2250 2100] [2410 2335 2550 2770 2920 3055 3060 3195]
[3060 2890 2625 3185 2575 2460 1695 2040] [1960 2390 2510 2670 3085 3030 3045 3105]
[3085 2825 2900 2950 2695 2260 1875 1915] [2210 2475 2620 2845 3195 2985 3210 3250]
COM8 0 45
0
[2520 2920 2640 2685 2410 2060 2770 2625] [2855 2620 2850 2535 2615 3020 2810 2945]
[2840 2735 2810 2565 2345 2070 2400 2705] [2965 2720 2830 2605 2795 3030 2965 2990]
[2905 2860 2900 2720 2480 2295 2335 2655] [2625 2770 2660 2720 3050 3010 3050 3015]
[3055 2905 2895 2780 2585 2600 2240 2600] [2930 2840 2675 2785 3035 3120 3040 3045]
[2990 2840 2975 2755 2710 2325 2290 2200] [2525 2535 2700 2650 2965 3065 3160 3155]
[2935 2985 2975 2830 2730 2515 2120 1985] [2410 2335 2550 2770 2920 3055 3060 3195]
[3055 3080 2945 2880 2945 2670 2325 2085] [1960 2390 2510 2670 3085 3030 3045 3105]
[3010 2945 2720 2715 2615 2575 2500 1855] [2210 2475 2620 2845 3195 2985 3210 3250]
COM4 1 46
0
[2520 2920 2640 2685 2410 2060 2770 2625] [2860 2985 2570 2550 2810 2925 2920 2945]
[2840 2735 2810 2565 2345 2070 2400 2705] [2985 2835 2690 2740 2795 3100 2975 2855]
[2905 2860 2900 2720 2480 2295 2335 2655] [2965 2770 2605 2575 2935 2985 3080 3065]
[3055 2905 2895 2780 2585 2600 2240 2600] [2825 2775 2770 2570 2935 3120 3040 3045]
[2990 2840 2975 2755 2710 2325 2290 2200] [2590 2495 2720 2480 2875 2910 3090 3215]
[2935 2985 2975 2830 2730 2515 2120 1985] [2505 2345 2255 2630 2905 3040 3130 3095]
[3055 3080 2945 2880 2945 2670 2325 2085] [2205 2320 2365 2565 2775 2985 3295 3205]
[3010 2945 2720 2715 2615 2575 2500 1855] [1910 2300 2425 2710 2835 3190 3075 3140]
COM8 0 47
0
[2570 2500 2695 2220 2380 2050 2380 2285] [2860 2985 2570 2550 2810 2925 2920 2945]
[3050 2805 2735 2675 2460 2475 2410 2635] [2985 2835 2690 2740 2795 3100 2975 2855]
[2955 2970 2780 2755 2525 2640 2275 2550] [2965 2770 2605 2575 2935 2985 3080 3065]
[2745 3110 3055 2815 2890 2385 2385 2275] [2825 2775 2770 2570 2935 3120 3040 3045]
[2890 2720 3080 3015 2775 2590 2300 2125] [2590 2495 2720 2480 2875 2910 3090 3215]
[3045 2745 2935 3005 3015 2840 2710 2345] [2505 2345 2255 2630 2905 3040 3130 3095]
[3130 2810 3040 3190 2845 2655 2560 2365] [2205 2320 2365 2565 2775 2985 3295 3205]
[3010 2905 3010 2980 3090 2780 2765 2375] [1910 2300 2425 2710 2835 3190 3075 3140]
COM4 1 48
0
[2570 2500 2695 2220 2380 2050 2380 2285] [2865 2745 3115 2510 2835 2800 2925 3065]
[3050 2805 2735 2675 2460 2475 2410 2635] [3065 3035 2840 2780 2720 3075 2935 2825]
[2955 2970 2780 2755 2525 2640 2275 2550] [2785 2785 2590 2690 2765 2865 3055 2900]
[2745 3110 3055 2815 2890 2385 2385 2275] [2420 2590 2835 2635 2815 2830 3130 3075]
[2890 2720 3080 3015 2775 2590 2300 2125] [2460 2565 2535 2495 2735 2940 3095 3150]
[3045 2745 2935 3005 3015 2840 2710 2345] [2095 2215 2255 2410 2595 3070 3100 3140]
[3130 2810 3040 3190 2845 2655 2560 2365] [2260 2185 2370 2375 2590 3040 3115 3115]
[3010 2905 3010 2980 3090 2780 2765 2375] [2120 2040 2285 2480 2665 3050 3075 3010]
COM8 0 49
0
[2520 2550 2880 2755 2645 2430 2560 2010] [2865 2745 3115 2510 2835 2800 2925 3065]
[2750 2805 2625 3020 2725 2790 2485 2395] [3065 3035 2840 2780 2720 3075 2935 2825]
[2850 2825 2890 2800 2730 2790 2655 2525] [2785 2785 2590 2690 2765 2865 3055 2900]
[2760 2770 2860 2835 2905 2820 2785 2530] [2420 2590 2835 2635 2815 2830 3130 3075]
[3005 2840 3145 2945 2885 2840 2915 2650] [2460 2565 2535 2495 2735 2940 3095 3150]
[3105 3085 3065 2850 2625 2850 2955 2720] [2095 2215 2255 2410 2595 3070 3100 3140]
[3005 2720 2780 3175 2975 2950 2710 2560] [2260 2185 2370 2375 2590 3040 3115 3115]
[3140 2775 3075 2980 2985 2730 3175 2765] [2120 2040 2285 2480 2665 3050 3075 3010]
COM4 1 50
0
[2520 2550 2880 2755 2645 2430 2560 2010] [2620 2670 2715 2580 2615 2725 2990 3000]
[2750 2805 2625 3020 2725 2790 2485 2395] [2560 2745 2805 2400 2835 3025 2985 2905]
[2850 2825 2890 2800 2730 2790 2655 2525] [2585 2680 2530 2535 2805 2775 2915 2990]
[2760 2770 2860 2835 2905 2820 2785 2530] [2355 2615 2475 2445 2655 2780 3040 2965]
[3005 2840 3145 2945 2885 2840 2915 2650] [2470 2340 2280 2270 2505 2825 3210 3155]
[3105 3085 3065 2850 2625 2850 2955 2720] [2255 2310 2020 2165 2335 2790 3125 3200]
[3005 2720 2780 3175 2975 2950 2710 2560] [2540 2490 2070 2210 2320 2660 2925 3200]
[3140 2775 3075 2980 2985 2730 3175 2765] [2475 2330 1955 2115 2335 2810 3030 3050]
COM8 0 51
0
[2575 2995 3025 2685 3035 2560 2650 2620] [2620 2670 2715 2580 2615 2725 2990 3000]
[3190 2930 2775 2840 2860 2865 2745 2425] [2560 2745 2805 2400 2835 3025 2985 2905]
[2755 2990 2810 2695 2780 2770 2805 2630] [2585 2680 2530 2535 2805 2775 2915 2990]
[2995 2930 2980 2985 2835 2870 2845 2690] [2355 2615 2475 2445 2655 2780 3040 2965]
[3010 2950 2970 2985 3045 2725 3025 3090] [2470 2340 2280 2270 2505 2825 3210 3155]
[2805 2985 2975 2920 2835 2985 2970 2625] [2255 2310 2020 2165 2335 2790 3125 3200]
[3060 2900 3040 2925 2960 3020 2790 2995] [2540 2490 2070 2210 2320 2660 2925 3200]
[2845 2905 2750 2960 2830 2980 2710 2915] [2475 2330 1955 2115 2335 2810 3030 3050]
COM4 1 52
0
[2575 2995 3025 2685 3035 2560 2650 2620] [2440 2475 2235 2830 2710 2755 2805 2885]
[3190 2930 2775 2840 2860 2865 2745 2425] [2505 2490 2445 2545 2710 2930 2995 3080]
[2755 2990 2810 2695 2780 2770 2805 2630] [2895 2680 2535 2440 2675 2945 3005 3045]
[2995 2930 2980 2985 2835 2870 2845 2690] [3035 2655 2735 2480 2515 2920 3085 2960]
[3010 2950 2970 2985 3045 2725 3025 3090] [3050 2520 2435 2025 2555 2680 3075 3175]
[2805 2985 2975 2920 2835 2985 2970 2625] [3110 2920 2495 2380 2240 2570 2885 3095]
[3060 2900 3040 2925 2960 3020 2790 2995] [3130 2840 2600 2270 2065 2350 2585 3080]
[2845 2905 2750 2960 2830 2980 2710 2915] [2970 2710 2385 2075 1985 2315 2745 2760]
COM8 0 53
0
[2745 2505 2745 2940 2590 2550 2770 2725] [2440 2475 2235 2830 2710 2755 2805 2885]
[2755 2950 3075 2755 2875 2775 2945 2835] [2505 2490 2445 2545 2710 2930 2995 3080]
[2800 3005 2770 2810 2855 2905 2905 2800] [2895 2680 2535 2440 2675 2945 3005 3045]
[2665 2885 2895 2745 2930 2980 2900 2850] [3035 2655 2735 2480 2515 2920 3085 2960]
[3155 2975 3010 2840 3010 2855 2975 2895] [3050 2520 2435 2025 2555 2680 3075 3175]
[2970 3170 2990 2975 2870 2960 2845 2600] [3110 2920 2495 2380 2240 2570 2885 3095]
[2870 2915 2850 2970 2845 3005 2985 2730] [3130 2840 2600 2270 2065 2350 2585 3080]
[3255 2665 2880 2895 3010 2895 3080 2715] [2970 2710 2385 2075 1985 2315 2745 2760]
COM4 1 54
0
[2745 2505 2745 2940 2590 2550 2770 2725] [2865 2985 2690 2260 2415 2620 2925 2950]
[2755 2950 3075 2755 2875 2775 2945 2835] [2985 3035 2880 2540 2400 3000 3070 2945]
[2800 3005 2770 2810 2855 2905 2905 2800] [3315 3190 3105 2620 2595 2785 3075 2995]
[2665 2885 2895 2745 2930 2980 2900 2850] [3125 3075 2920 2715 2525 2640 2910 2980]
[3155 2975 3010 2840 3010 2855 2975 2895] [3105 3210 2900 2585 2560 2550 2860 3135]
[2970 3170 2990 2975 2870 2960 2845 2600] [3050 3150 2680 2595 2190 2500 2800 2930]
[2870 2915 2850 2970 2845 3005 2985 2730] [3240 3165 2820 2365 2155 2125 2450 2770]
[3255 2665 2880 2895 3010 2895 3080 2715] [2970 3045 2685 2480 2150 1840 2340 2730]
COM8 0 55
0
[2690 2505 2875 2785 2495 2845 2975 2985] [2865 2985 2690 2260 2415 2620 2925 2950]
[2625 3050 2635 2635 2800 2715 2695 2785] [2985 3035 2880 2540 2400 3000 3070 2945]
[2630 2895 3040 2820 2910 2895 2810 2775] [3315 3190 3105 2620 2595 2785 3075 2995]
[3000 3015 3060 2805 2880 2960 3005 2750] [3125 3075 2920 2715 2525 2640 2910 2980]
[3100 2885 3060 2885 2990 2860 3050 2995] [3105 3210 2900 2585 2560 2550 2860 3135]
[2965 3005 3085 3020 2890 2860 3225 3000] [3050 3150 2680 2595 2190 2500 2800 2930]
[2995 3065 2935 3105 2840 2945 2970 2915] [3240 3165 2820 2365 2155 2125 2450 2770]
[3140 2855 3075 3020 3245 2890 3065 3030] [2970 3045 2685 2480 2150 1840 2340 2730]
COM4 1 56
0
[2690 2505 2875 2785 2495 2845 2975 2985] [2700 2900 3000 2480 2315 2325 2640 2905]
[2625 3050 2635 2635 2800 2715 2695 2785] [3205 2895 2995 2625 2255 2295 2465 2945]
[2630 2895 3040 2820 2910 2895 2810 2775] [3180 3005 2890 2450 2410 2570 2595 2880]
[3000 3015 3060 2805 2880 2960 3005 2750] [3320 3170 3240 2725 2350 2175 2665 2765]
[3100 2885 3060 2885 2990 2860 3050 2995] [3175 3130 2940 2560 2150 2085 2520 2800]
[2965 3005 3085 3020 2890 2860 3225 3000] [2830 2920 2870 2695 2205 2005 2415 2925]
[2995 3065 2935 3105 2840 2945 2970 2915] [3200 3370 3020 2775 2210 1935 2130 2590]
[3140 2855 3075 3020 3245 2890 3065 3030] [3215 3060 2790 2605 1935 1775 2180 2390]
COM8 0 57
0
[2355 2785 2635 2915 2680 2840 2995 2645] [2700 2900 3000 2480 2315 2325 2640 2905]
[2850 2980 2825 3110 2745 2895 2700 2920] [3205 2895 2995 2625 2255 2295 2465 2945]
[2760 2990 2875 2870 2770 2740 2870 2935] [3180 3005 2890 2450 2410 2570 2595 2880]
[2940 3015 3065 2865 2875 2920 2955 3010] [3320 3170 3240 2725 2350 2175 2665 2765]
[2975 2960 3000 2725 3050 2830 3015 3145] [3175 3130 2940 2560 2150 2085 2520 2800]
[3045 3085 3185 3085 2970 2915 2910 2760] [2830 2920 2870 2695 2205 2005 2415 2925]
[2900 2865 2715 3135 2960 2640 2895 3240] [3200 3370 3020 2775 2210 1935 2130 2590]
[2910 2945 2860 3215 3140 3075 2860 2965] [3215 3060 2790 2605 1935 1775 2180 2390]
COM4 1 58
0
[2355 2785 2635 2915 2680 2840 2995 2645] [2865 3095 2560 2450 2350 2230 2265 2275]
[2850 2980 2825 3110 2745 2895 2700 2920] [2985 3045 2915 2625 2445 2190 2435 2370]
[2760 2990 2875 2870 2770 2740 2870 2935] [3070 2950 3060 2530 2560 2255 2255 2485]
[2940 3015 3065 2865 2875 2920 2955 3010] [3080 3180 3085 2775 2345 2025 2110 2480]
[2975 2960 3000 2725 3050 2830 3015 3145] [3205 3040 3075 2640 2405 2135 2120 2580]
[3045 3085 3185 3085 2970 2915 2910 2760] [3030 3090 3005 2575 2295 2035 2125 2560]
[2900 2865 2715 3135 2960 2640 2895 3240] [3085 3105 2960 2590 2230 1850 1985 2505]
[2910 2945 2860 3215 3140 3075 2860 2965] [3220 3200 3015 2670 2190 1945 2080 2345]
COM8 0 59
0
[2775 2685 2880 2820 2680 2775 2665 3055] [2865 3095 2560 2450 2350 2230 2265 2275]
[3015 3055 2695 2785 2875 2835 2945 2860] [2985 3045 2915 2625 2445 2190 2435 2370]
[2765 2850 2900 2825 2990 2955 2865 2755] [3070 2950 3060 2530 2560 2255 2255 2485]
[2960 2835 2935 2810 2940 3010 2840 3005] [3080 3180 3085 2775 2345 2025 2110 2480]
[3005 2830 2965 2940 3080 2735 3050 2875] [3205 3040 3075 2640 2405 2135 2120 2580]
[2595 2995 3215 2825 2720 2880 3035 2935] [3030 3090 3005 2575 2295 2035 2125 2560]
[2740 3085 2935 2875 3085 2870 3050 2975] [3085 3105 2960 2590 2230 1850 1985 2505]
[3115 3065 2755 2940 2880 2975 3015 2955] [3220 3200 3015 2670 2190 1945 2080 2345]
COM4 1 60
0
[2775 2685 2880 2820 2680 2775 2665 3055] [3005 3010 3085 2615 2610 2310 2170 2115]
[3015 3055 2695 2785 2875 2835 2945 2860] [3075 2840 2920 2780 2580 2310 2195 2330]
[2765 2850 2900 2825 2990 2955 2865 2755] [3045 3160 3065 2820 2525 2105 2205 2370]
[2960 2835 2935 2810 2940 3010 2840 3005] [3020 3085 3015 2880 2560 1905 2070 2240]
[3005 2830 2965 2940 3080 2735 3050 2875] [3230 3155 3175 2650 2555 2105 1915 2255]
[2595 2995 3215 2825 2720 2880 3035 2935] [3075 3055 2830 2965 2370 2130 1940 2080]
[2740 3085 2935 2875 3085 2870 3050 2975] [3165 3135 3200 2840 2315 2025 2000 2270]
[3115 3065 2755 2940 2880 2975 3015 2955] [3270 3175 3110 2740 2180 1805 1945 2125]
COM8 0 61
0
[3095 2505 2755 2745 2825 2700 2870 2785] [3005 3010 3085 2615 2610 2310 2170 2115]
[2665 2880 2655 2885 2680 2775 2760 2865] [3075 2840 2920 2780 2580 2310 2195 2330]
[2710 2815 2835 2690 2995 2900 2765 2850] [3045 3160 3065 2820 2525 2105 2205 2370]
[2940 2990 3015 2910 2940 2975 2905 3010] [3020 3085 3015 2880 2560 1905 2070 2240]
[3060 2905 2965 3040 2935 2840 2950 2910] [3230 3155 3175 2650 2555 2105 1915 2255]
[2950 2955 3060 2955 2880 2830 2835 2805] [3075 3055 2830 2965 2370 2130 1940 2080]
[2815 2915 2835 2920 2915 3020 3030 2750] [3165 3135 3200 2840 2315 2025 2000 2270]
[3010 3040 2700 2930 2835 3010 2870 2730] [3270 3175 3110 2740 2180 1805 1945 2125]
COM4 1 62
0
[3095 2505 2755 2745 2825 2700 2870 2785] [3295 2600 2910 2865 2620 2375 1800 2335]
[2665 2880 2655 2885 2680 2775 2760 2865] [3075 2995 3030 2895 2645 2405 1890 2335]
[2710 2815 2835 2690 2995 2900 2765 2850] [3045 3190 3215 3010 2970 2590 2015 2205]
[2940 2990 3015 2910 2940 2975 2905 3010] [3080 3185 3210 3035 2935 2600 2230 2315]
[3060 2905 2965 3040 2935 2840 2950 2910] [3260 3155 3245 2925 3090 2525 2275 2055]
[2950 2955 3060 2955 2880 2830 2835 2805] [3030 3235 3035 3165 2790 2505 2220 2205]
[2815 2915 2835 2920 2915 3020 3030 2750] [3070 3395 3335 2985 2780 2360 2100 1735]
[3010 3040 2700 2930 2835 3010 2870 2730] [3380 3260 3145 3050 2745 2170 1835 1820]
COM8 0 63
0
[2850 2805 2435 3025 2695 2390 2810 2830] [3295 2600 2910 2865 2620 2375 1800 2335]
[2955 2775 2855 2805 2925 2725 2780 2785] [3075 2995 3030 2895 2645 2405 1890 2335]
[2715 2870 2965 2930 2825 2770 2785 2800] [3045 3190 3215 3010 2970 2590 2015 2205]
[2860 2895 2920 2850 2945 2935 2795 2900] [3080 3185 3210 3035 2935 2600 2230 2315]
[3005 2840 3035 2915 2935 3000 2890 2910] [3260 3155 3245 2925 3090 2525 2275 2055]
[3035 2810 2940 3075 2795 2870 2965 2620] [3030 3235 3035 3165 2790 2505 2220 2205]
[2810 3050 2940 3185 2915 3145 2660 2975] [3070 3395 3335 2985 2780 2360 2100 1735]
[3150 2685 2920 2905 2940 2850 3080 2780] [3380 3260 3145 3050 2745 2170 1835 1820]
COM4 1 64
0
[2850 2805 2435 3025 2695 2390 2810 2830] [2865 2980 2910 2995 2895 2205 2260 2255]
[2955 2775 2855 2805 2925 2725 2780 2785] [2985 2840 3345 3140 2810 2815 2280 2060]
[2715 2870 2965 2930 2825 2770 2785 2800] [3145 3120 3070 2930 3030 2705 2255 2120]
[2860 2895 2920 2850 2945 2935 2795 2900] [3005 3005 3290 2945 3075 2700 2335 1950]
[3005 2840 3035 2915 2935 3000 2890 2910] [3100 3335 3190 3040 3030 2830 2340 2070]
[3035 2810 2940 3075 2795 2870 2965 2620] [3105 3275 3355 3110 3020 2680 2220 2120]
[2810 3050 2940 3185 2915 3145 2660 2975] [3010 3205 3255 3280 3055 2600 2305 2035]
[3150 2685 2920 2905 2940 2850 3080 2780] [3405 3185 3335 3325 2820 2420 2205 1940]
COM8 0 65
0
[2620 2530 2995 2965 2770 2680 2850 2635] [2865 2980 2910 2995 2895 2205 2260 2255]
[2830 2955 2680 2955 2710 2820 2945 2715] [2985 2840 3345 3140 2810 2815 2280 2060]
[2740 2875 2825 2735 2750 2850 2850 2845] [3145 3120 3070 2930 3030 2705 2255 2120]
[2875 3005 2925 2985 3055 2895 2920 2695] [3005 3005 3290 2945 3075 2700 2335 1950]
[2785 3040 3000 2920 3050 2850 2965 2935] [3100 3335 3190 3040 3030 2830 2340 2070]
[2900 2755 3040 3090 2875 2905 2975 2765] [3105 3275 3355 3110 3020 2680 2220 2120]
[3060 3065 2755 2880 2760 2970 2775 2840] [3010 3205 3255 3280 3055 2600 2305 2035]
[2995 2880 3120 2950 2795 3010 3010 2955] [3405 3185 3335 3325 2820 2420 2205 1940]