COM8 0 6
0
[3085 2555 2535 2650 2955 2865 2990 2755] [2775 3065 3320 2700 3255 2685 2935 3105]
[2875 2875 2915 2945 2925 2950 2915 2990] [2990 3090 3020 2825 3010 3115 3035 2865]
[2890 2840 2955 2870 2840 2945 2905 3010] [3220 3055 3195 3085 3205 3170 2940 3005]
[3075 2940 3040 2935 2935 2995 3015 2900] [2945 3145 2960 3040 3060 2890 3080 2980]
[3120 3070 3065 2945 2975 2890 2970 3070] [3265 3350 3265 2805 3080 3175 3145 3195]
[2940 2945 3170 3120 2890 2975 3050 3015] [2990 3050 2985 3200 3100 3135 3245 3095]
[2800 3050 3115 3135 2905 2920 3010 2975] [3175 3190 3255 3180 3085 3255 3045 3330]
[3005 2945 2995 3085 3000 3105 3020 2700] [3245 3240 3290 3325 2880 3225 3055 3230]
COM4 1 7
0
[3085 2555 2535 2650 2955 2865 2990 2755] [2975 3335 3485 3290 3295 3145 2940 3160]
[2875 2875 2915 2945 2925 2950 2915 2990] [3185 3370 3350 3300 3245 3190 2990 2990]
[2890 2840 2955 2870 2840 2945 2905 3010] [3425 3380 3340 3255 3270 3160 3110 3105]
[3075 2940 3040 2935 2935 2995 3015 2900] [3385 3275 3260 3165 3180 3240 3260 3145]
[3120 3070 3065 2945 2975 2890 2970 3070] [3500 3435 3445 3090 3310 3180 3215 3245]
[2940 2945 3170 3120 2890 2975 3050 3015] [3275 3310 3400 3365 3305 3385 3325 3290]
[2800 3050 3115 3135 2905 2920 3010 2975] [3260 3410 3295 3505 3175 3300 3365 3325]
[3005 2945 2995 3085 3000 3105 3020 2700] [3630 3400 3255 3300 3280 3115 3140 3195]
COM8 0 8
0
[2735 2685 2640 2630 2450 2775 2845 2700] [2975 3335 3485 3290 3295 3145 2940 3160]
[3115 2945 2795 2925 2655 2700 2900 2635] [3185 3370 3350 3300 3245 3190 2990 2990]
[2710 2860 2625 2790 2835 2870 2845 2785] [3425 3380 3340 3255 3270 3160 3110 3105]
[2840 2800 3000 2840 2835 2795 2810 2865] [3385 3275 3260 3165 3180 3240 3260 3145]
[2950 2820 2875 2660 3050 2775 2885 2925] [3500 3435 3445 3090 3310 3180 3215 3245]
[3125 2830 2980 2915 2740 3000 2785 2630] [3275 3310 3400 3365 3305 3385 3325 3290]
[2925 2805 2810 3215 2875 2780 2920 2630] [3260 3410 3295 3505 3175 3300 3365 3325]
[2840 2800 2600 2890 3000 2715 3080 2790] [3630 3400 3255 3300 3280 3115 3140 3195]
COM4 1 9
0
[2735 2685 2640 2630 2450 2775 2845 2700] [3290 3420 2920 2825 3030 2875 3145 3120]
[3115 2945 2795 2925 2655 2700 2900 2635] [3135 3020 3160 3190 3105 3115 3035 3075]
[2710 2860 2625 2790 2835 2870 2845 2785] [3220 3185 3195 3070 3230 3035 3070 3130]
[2840 2800 3000 2840 2835 2795 2810 2865] [3225 3135 3225 3210 3090 3015 3060 3165]
[2950 2820 2875 2660 3050 2775 2885 2925] [3265 3120 3145 3060 3300 3030 3235 3155]
[3125 2830 2980 2915 2740 3000 2785 2630] [3145 3190 3350 3365 3190 3310 3105 3230]
[2925 2805 2810 3215 2875 2780 2920 2630] [3235 3320 3245 3185 3110 3110 3160 3365]
[2840 2800 2600 2890 3000 2715 3080 2790] [3205 3260 3345 3255 3265 3255 3375 3250]
COM8 0 10
0
[3025 2755 2410 2550 3030 2520 2880 2670] [3290 3420 2920 2825 3030 2875 3145 3120]
[2800 2865 2805 2595 2815 2725 2615 2930] [3135 3020 3160 3190 3105 3115 3035 3075]
[2730 2925 2800 2790 2730 2895 2695 3005] [3220 3185 3195 3070 3230 3035 3070 3130]
[3085 2965 2970 2900 2960 2955 2900 2945] [3225 3135 3225 3210 3090 3015 3060 3165]
[2900 2875 2950 2775 2840 2875 2945 3035] [3265 3120 3145 3060 3300 3030 3235 3155]
[2795 3150 3045 2895 2805 2720 3065 2840] [3145 3190 3350 3365 3190 3310 3105 3230]
[2805 3045 2805 2865 3070 2825 2740 2780] [3235 3320 3245 3185 3110 3110 3160 3365]
[2910 2890 2690 3125 2745 3105 2890 2580] [3205 3260 3345 3255 3265 3255 3375 3250]
COM4 1 11
0
[3025 2755 2410 2550 3030 2520 2880 2670] [3280 3090 3010 2800 3000 3125 3060 2960]
[2800 2865 2805 2595 2815 2725 2615 2930] [3065 3165 3050 2990 2915 3110 2965 2950]
[2730 2925 2800 2790 2730 2895 2695 3005] [3115 3090 3130 3075 3025 3045 3015 3050]
[3085 2965 2970 2900 2960 2955 2900 2945] [3105 3000 3020 3075 3070 3040 3135 2985]
[2900 2875 2950 2775 2840 2875 2945 3035] [3120 3230 3180 3095 3030 3095 3090 3190]
[2795 3150 3045 2895 2805 2720 3065 2840] [3105 3070 3105 3145 3095 3180 3090 3165]
[2805 3045 2805 2865 3070 2825 2740 2780] [3255 3345 3415 3095 3155 3220 3010 3205]
[2910 2890 2690 3125 2745 3105 2890 2580] [3140 3195 3215 3120 3065 2825 3140 2920]
COM8 0 12
0
[2865 2695 2750 2930 2690 2630 2880 2635] [3280 3090 3010 2800 3000 3125 3060 2960]
[3015 2960 2790 2840 2715 2875 2820 2865] [3065 3165 3050 2990 2915 3110 2965 2950]
[2855 2775 2850 3040 2820 2905 2875 2970] [3115 3090 3130 3075 3025 3045 3015 3050]
[2975 2810 3015 2930 2960 2905 2915 3030] [3105 3000 3020 3075 3070 3040 3135 2985]
[3100 2795 3075 2800 2970 2845 3045 3000] [3120 3230 3180 3095 3030 3095 3090 3190]
[2970 2750 3050 3070 2830 2950 3005 2910] [3105 3070 3105 3145 3095 3180 3090 3165]
[3060 2910 2815 2920 2835 2870 2815 2790] [3255 3345 3415 3095 3155 3220 3010 3205]
[3005 3020 3005 2965 2855 3005 2985 2965] [3140 3195 3215 3120 3065 2825 3140 2920]
COM4 1 13
0
[2865 2695 2750 2930 2690 2630 2880 2635] [2730 2970 2900 3125 3370 2955 3065 2960]
[3015 2960 2790 2840 2715 2875 2820 2865] [3000 2910 2935 2985 3150 2955 3025 3025]
[2855 2775 2850 3040 2820 2905 2875 2970] [2990 3135 3105 2935 3125 3025 3100 3050]
[2975 2810 3015 2930 2960 2905 2915 3030] [3180 3010 3195 3120 2945 3025 3065 2955]
[3100 2795 3075 2800 2970 2845 3045 3000] [3075 3255 3090 2995 2915 3045 3185 2980]
[2970 2750 3050 3070 2830 2950 3005 2910] [2920 3280 3250 3220 3025 3150 3135 3290]
[3060 2910 2815 2920 2835 2870 2815 2790] [3125 3450 3305 3175 2895 3245 3170 3210]
[3005 3020 3005 2965 2855 3005 2985 2965] [3070 3105 3165 3360 3280 2915 3055 3450]
COM8 0 14
0
[2750 2790 2950 3005 2860 2780 2685 3015] [2730 2970 2900 3125 3370 2955 3065 2960]
[2970 2765 2635 3035 2785 2955 2840 2765] [3000 2910 2935 2985 3150 2955 3025 3025]
[2765 3015 3010 2995 2740 2955 2840 2950] [2990 3135 3105 2935 3125 3025 3100 3050]
[2865 2910 3045 2865 2950 2880 2960 2955] [3180 3010 3195 3120 2945 3025 3065 2955]
[3195 2925 2875 2885 3065 2825 2900 3045] [3075 3255 3090 2995 2915 3045 3185 2980]
[2845 2895 3015 2995 2815 3070 3005 3015] [2920 3280 3250 3220 3025 3150 3135 3290]
[2890 2750 2970 2840 2800 3080 2875 2830] [3125 3450 3305 3175 2895 3245 3170 3210]
[3010 3085 3090 2915 3010 3125 3040 3045] [3070 3105 3165 3360 3280 2915 3055 3450]
COM4 1 15
0
[2750 2790 2950 3005 2860 2780 2685 3015] [3380 3125 3240 3215 3175 2805 3060 3025]
[2970 2765 2635 3035 2785 2955 2840 2765] [3330 3400 3400 3210 3105 3360 2985 3260]
[2765 3015 3010 2995 2740 2955 2840 2950] [3315 3245 3225 3085 3250 3105 3150 3105]
[2865 2910 3045 2865 2950 2880 2960 2955] [3290 3435 3170 3270 3080 3210 3275 3050]
[3195 2925 2875 2885 3065 2825 2900 3045] [3245 3460 3245 3070 3175 3175 3250 3225]
[2845 2895 3015 2995 2815 3070 3005 3015] [3295 3270 3160 3225 3115 3345 3310 3420]
[2890 2750 2970 2840 2800 3080 2875 2830] [3420 3275 3335 3335 3210 3405 3240 3160]
[3010 3085 3090 2915 3010 3125 3040 3045] [3355 3570 3555 3480 3400 3190 3125 3295]
COM8 0 16
0
[2590 2585 3020 3195 2745 2670 2735 2910] [3380 3125 3240 3215 3175 2805 3060 3025]
[2690 2870 2865 2910 2940 2640 2895 2935] [3330 3400 3400 3210 3105 3360 2985 3260]
[2690 2815 2735 2745 2740 2865 2750 2960] [3315 3245 3225 3085 3250 3105 3150 3105]
[2640 2865 2895 2855 2900 2775 2920 2665] [3290 3435 3170 3270 3080 3210 3275 3050]
[2740 2955 2960 2935 2800 3005 3090 2690] [3245 3460 3245 3070 3175 3175 3250 3225]
[2595 2750 2850 2910 2835 3000 2790 2800] [3295 3270 3160 3225 3115 3345 3310 3420]
[2850 2815 2905 2865 2865 2965 2715 2695] [3420 3275 3335 3335 3210 3405 3240 3160]
[2475 2780 2580 2870 2830 2885 2905 2860] [3355 3570 3555 3480 3400 3190 3125 3295]
COM4 1 17
0
[2590 2585 3020 3195 2745 2670 2735 2910] [3225 3105 3415 3335 3180 2905 3060 3125]
[2690 2870 2865 2910 2940 2640 2895 2935] [3410 3305 3220 3330 3170 3150 3110 2870]
[2690 2815 2735 2745 2740 2865 2750 2960] [3170 3255 3300 3180 3320 3055 3165 3030]
[2640 2865 2895 2855 2900 2775 2920 2665] [3320 3065 3410 3305 3205 3050 3190 3180]
[2740 2955 2960 2935 2800 3005 3090 2690] [3240 3260 3230 3010 3215 3230 3110 3180]
[2595 2750 2850 2910 2835 3000 2790 2800] [3130 3180 3225 3210 3175 3205 3275 3120]
[2850 2815 2905 2865 2865 2965 2715 2695] [3225 3305 3445 3115 3185 3135 3335 3395]
[2475 2780 2580 2870 2830 2885 2905 2860] [3120 3280 3225 3445 3280 3215 3420 3340]
COM8 0 18
0
[2510 2330 2605 2540 2860 2620 2870 2955] [3225 3105 3415 3335 3180 2905 3060 3125]
[2610 2890 2905 2825 2675 2950 2700 2825] [3410 3305 3220 3330 3170 3150 3110 2870]
[2710 3015 2870 2645 2695 2850 2855 2865] [3170 3255 3300 3180 3320 3055 3165 3030]
[2845 2940 2790 2810 2870 2865 2915 2835] [3320 3065 3410 3305 3205 3050 3190 3180]
[2935 2995 3080 2650 2980 2865 3025 2990] [3240 3260 3230 3010 3215 3230 3110 3180]
[2820 2830 3060 3075 2795 2825 3065 2940] [3130 3180 3225 3210 3175 3205 3275 3120]
[2505 2780 3045 2740 2920 3000 2865 2925] [3225 3305 3445 3115 3185 3135 3335 3395]
[2585 2920 2940 2915 2745 2930 2735 2785] [3120 3280 3225 3445 3280 3215 3420 3340]
COM4 1 19
0
[2510 2330 2605 2540 2860 2620 2870 2955] [3175 3075 3035 3020 2950 2965 2900 3205]
[2610 2890 2905 2825 2675 2950 2700 2825] [3085 3170 3135 3035 3120 3230 2915 3060]
[2710 3015 2870 2645 2695 2850 2855 2865] [3250 3155 3205 3040 3220 3020 3095 2980]
[2845 2940 2790 2810 2870 2865 2915 2835] [3140 3125 3075 3155 3105 3030 3125 3120]
[2935 2995 3080 2650 2980 2865 3025 2990] [3200 3310 3165 3065 3165 3120 3235 3215]
[2820 2830 3060 3075 2795 2825 3065 2940] [3145 3205 3015 3120 3085 3155 3175 3090]
[2505 2780 3045 2740 2920 3000 2865 2925] [3205 3315 3305 3050 3050 3125 3100 3145]
[2585 2920 2940 2915 2745 2930 2735 2785] [3250 3085 3240 3120 3360 2915 3205 3195]
COM8 0 20
0
[2155 2540 2630 2570 2665 2825 2760 2565] [3175 3075 3035 3020 2950 2965 2900 3205]
[2520 2715 2860 2840 2840 2930 2715 2820] [3085 3170 3135 3035 3120 3230 2915 3060]
[2575 2585 2865 2975 2795 2775 2810 2795] [3250 3155 3205 3040 3220 3020 3095 2980]
[2520 2635 3010 2910 2975 2855 2875 2820] [3140 3125 3075 3155 3105 3030 3125 3120]
[2555 2685 2985 3010 2860 2845 3035 3070] [3200 3310 3165 3065 3165 3120 3235 3215]
[2035 2585 2835 2970 2890 2915 2875 2985] [3145 3205 3015 3120 3085 3155 3175 3090]
[2320 2590 2825 3100 2805 3095 2795 2920] [3205 3315 3305 3050 3050 3125 3100 3145]
[2300 2460 2830 3020 2830 3005 3075 2885] [3250 3085 3240 3120 3360 2915 3205 3195]
COM4 1 21
0
[2155 2540 2630 2570 2665 2825 2760 2565] [2790 3080 2920 3050 3030 3010 3115 2750]
[2520 2715 2860 2840 2840 2930 2715 2820] [3120 3050 3100 2965 3030 3160 3025 2950]
[2575 2585 2865 2975 2795 2775 2810 2795] [3065 3085 3000 2970 3125 3065 3010 2970]
[2520 2635 3010 2910 2975 2855 2875 2820] [3215 3355 3210 3290 3080 2935 3060 3075]
[2555 2685 2985 3010 2860 2845 3035 3070] [3100 3035 3080 2900 2885 3180 3155 3100]
[2035 2585 2835 2970 2890 2915 2875 2985] [3160 3335 3035 3120 3000 2990 3250 3225]
[2320 2590 2825 3100 2805 3095 2795 2920] [3020 3150 3275 3050 3230 3000 3170 3200]
[2300 2460 2830 3020 2830 3005 3075 2885] [3295 3370 3125 3165 3035 2980 3180 3225]
COM8 0 22
0
[2145 1970 2420 2765 2920 2890 2735 2995] [2790 3080 2920 3050 3030 3010 3115 2750]
[2435 2605 2575 2945 2910 2930 2930 2935] [3120 3050 3100 2965 3030 3160 3025 2950]
[2325 2415 2840 2805 2630 2835 2840 2995] [3065 3085 3000 2970 3125 3065 3010 2970]
[2490 2460 2765 3020 2905 2950 2955 2985] [3215 3355 3210 3290 3080 2935 3060 3075]
[2450 2510 2805 2945 2970 2800 3005 2925] [3100 3035 3080 2900 2885 3180 3155 3100]
[2595 2590 2600 2995 2880 2960 3015 3150] [3160 3335 3035 3120 3000 2990 3250 3225]
[1960 2475 2795 3030 2975 2750 2750 2945] [3020 3150 3275 3050 3230 3000 3170 3200]
[2235 2695 2620 2710 2955 3065 3035 2965] [3295 3370 3125 3165 3035 2980 3180 3225]
COM4 1 23
0
[2145 1970 2420 2765 2920 2890 2735 2995] [2980 3075 3110 3090 2600 2935 3125 3190]
[2435 2605 2575 2945 2910 2930 2930 2935] [2920 3205 3070 3160 3180 3245 3125 3010]
[2325 2415 2840 2805 2630 2835 2840 2995] [3110 3075 3005 3050 3265 3045 3125 3050]
[2490 2460 2765 3020 2905 2950 2955 2985] [3255 3050 3155 3105 3095 3050 3080 3085]
[2450 2510 2805 2945 2970 2800 3005 2925] [3190 3200 3340 2895 3155 3080 3225 3085]
[2595 2590 2600 2995 2880 2960 3015 3150] [3275 3350 3015 3185 3115 3105 3160 3050]
[1960 2475 2795 3030 2975 2750 2750 2945] [3225 3300 3165 3290 3000 3090 3090 3000]
[2235 2695 2620 2710 2955 3065 3035 2965] [3305 3240 3135 3175 3170 3030 3075 3095]
COM8 0 24
0
[1975 2095 2280 2390 2920 2730 2465 2710] [2980 3075 3110 3090 2600 2935 3125 3190]
[2570 2285 2465 2445 2875 2825 2735 2715] [2920 3205 3070 3160 3180 3245 3125 3010]
[2490 2260 2590 2710 2785 2885 2760 2790] [3110 3075 3005 3050 3265 3045 3125 3050]
[2350 2525 2560 2880 2865 2800 2730 2635] [3255 3050 3155 3105 3095 3050 3080 3085]
[2350 2345 2625 2880 2945 2805 3000 2990] [3190 3200 3340 2895 3155 3080 3225 3085]
[2360 2345 2955 2880 2715 2830 3090 2980] [3275 3350 3015 3185 3115 3105 3160 3050]
[2075 2450 2455 2855 2780 2905 2690 2520] [3225 3300 3165 3290 3000 3090 3090 3000]
[2020 2225 2450 2685 2870 2890 3015 2845] [3305 3240 3135 3175 3170 3030 3075 3095]
COM4 1 25
0
[1975 2095 2280 2390 2920 2730 2465 2710] [2980 3080 3095 3170 2860 2965 2940 3055]
[2570 2285 2465 2445 2875 2825 2735 2715] [3135 2955 3210 3055 3030 3095 3045 3070]
[2490 2260 2590 2710 2785 2885 2760 2790] [3270 3185 3165 2935 3150 3070 3100 3080]
[2350 2525 2560 2880 2865 2800 2730 2635] [3130 3255 3135 3115 2870 3135 3110 3110]
[2350 2345 2625 2880 2945 2805 3000 2990] [3265 3195 3180 3040 3180 3030 3145 3065]
[2360 2345 2955 2880 2715 2830 3090 2980] [3075 3240 3195 3210 3190 3175 3175 3165]
[2075 2450 2455 2855 2780 2905 2690 2520] [3115 3320 3200 3200 3160 3070 3200 3270]
[2020 2225 2450 2685 2870 2890 3015 2845] [3115 3185 3240 3320 3035 3130 3170 3065]
COM8 0 26
0
[1990 1615 2225 2575 2685 2840 2650 2725] [2980 3080 3095 3170 2860 2965 2940 3055]
[2570 2365 2265 2475 2875 2735 2690 2670] [3135 2955 3210 3055 3030 3095 3045 3070]
[2340 2350 2600 2810 2620 2805 2840 2845] [3270 3185 3165 2935 3150 3070 3100 3080]
[2345 2450 2640 2750 2755 2955 2810 2725] [3130 3255 3135 3115 2870 3135 3110 3110]
[2315 2270 2510 2605 2945 2775 2965 3025] [3265 3195 3180 3040 3180 3030 3145 3065]
[2070 2355 2570 2905 2955 2970 2915 2890] [3075 3240 3195 3210 3190 3175 3175 3165]
[1995 2370 2450 2750 2645 2815 2750 2780] [3115 3320 3200 3200 3160 3070 3200 3270]
[1665 2030 2360 3105 2580 2750 2975 2710] [3115 3185 3240 3320 3035 3130 3170 3065]
COM4 1 27
0
[1990 1615 2225 2575 2685 2840 2650 2725] [3115 2915 3240 3355 3085 3035 3375 3105]
[2570 2365 2265 2475 2875 2735 2690 2670] [3255 3020 3155 2980 3115 3085 3100 2920]
[2340 2350 2600 2810 2620 2805 2840 2845] [3095 3120 3180 2950 3195 3045 3035 2965]
[2345 2450 2640 2750 2755 2955 2810 2725] [3210 3120 3105 3140 3020 3035 3055 2985]
[2315 2270 2510 2605 2945 2775 2965 3025] [3025 3140 3070 3010 3015 3090 3085 3110]
[2070 2355 2570 2905 2955 2970 2915 2890] [3100 3190 3100 3270 3170 3055 3200 3090]
[1995 2370 2450 2750 2645 2815 2750 2780] [3160 3145 3050 3115 3095 3105 3170 3235]
[1665 2030 2360 3105 2580 2750 2975 2710] [3250 3505 3020 3315 3250 3065 3225 3080]
COM8 0 28
0
[2425 1935 2010 2570 2655 2770 2590 2785] [3115 2915 3240 3355 3085 3035 3375 3105]
[2520 2380 2280 2535 2810 2725 2855 2860] [3255 3020 3155 2980 3115 3085 3100 2920]
[2240 2475 2470 2640 2840 2855 2870 2660] [3095 3120 3180 2950 3195 3045 3035 2965]
[2230 2175 2500 2685 2925 2900 2900 2810] [3210 3120 3105 3140 3020 3035 3055 2985]
[2070 2035 2685 2640 2960 2820 2920 2950] [3025 3140 3070 3010 3015 3090 3085 3110]
[1720 2105 2280 2785 2770 2965 2910 2910] [3100 3190 3100 3270 3170 3055 3200 3090]
[1980 1965 2185 2530 2615 3015 2905 2975] [3160 3145 3050 3115 3095 3105 3170 3235]
[1860 1745 1795 2210 2560 2990 3200 2795] [3250 3505 3020 3315 3250 3065 3225 3080]
COM4 1 29
0
[2425 1935 2010 2570 2655 2770 2590 2785] [2785 2755 3240 3045 2815 2985 2940 3065]
[2520 2380 2280 2535 2810 2725 2855 2860] [2840 2850 3105 2990 2955 3120 3035 3045]
[2240 2475 2470 2640 2840 2855 2870 2660] [3040 3065 3105 2960 2970 3005 3005 3065]
[2230 2175 2500 2685 2925 2900 2900 2810] [3245 3080 3075 3105 3005 3020 3080 3080]
[2070 2035 2685 2640 2960 2820 2920 2950] [3115 3230 3070 3125 3075 2965 3170 3205]
[1720 2105 2280 2785 2770 2965 2910 2910] [3040 3045 2945 3100 2920 3050 3150 3195]
[1980 1965 2185 2530 2615 3015 2905 2975] [3110 3265 3240 3125 3125 3030 3125 3090]
[1860 1745 1795 2210 2560 2990 3200 2795] [3320 3440 3310 3310 2925 3245 3270 3095]
COM8 0 30
0
[1810 2260 2090 2425 2395 2940 2845 2705] [2785 2755 3240 3045 2815 2985 2940 3065]
[2330 2470 2580 2840 2725 2950 2775 2935] [2840 2850 3105 2990 2955 3120 3035 3045]
[1875 2235 2420 2670 2730 2850 2885 3110] [3040 3065 3105 2960 2970 3005 3005 3065]
[2025 2285 2380 2705 2930 2905 2975 2980] [3245 3080 3075 3105 3005 3020 3080 3080]
[2180 1880 2135 2540 2870 2845 3045 3155] [3115 3230 3070 3125 3075 2965 3170 3205]
[2290 2200 2125 2610 2670 3020 3025 2925] [3040 3045 2945 3100 2920 3050 3150 3195]
[2465 2275 2150 2385 2575 2805 2855 2975] [3110 3265 3240 3125 3125 3030 3125 3090]
[2515 1875 1900 1835 2170 2565 3000 2885] [3320 3440 3310 3310 2925 3245 3270 3095]
COM4 1 31
0
[1810 2260 2090 2425 2395 2940 2845 2705] [2710 2755 3090 2785 3305 2795 2940 2960]
[2330 2470 2580 2840 2725 2950 2775 2935] [2995 2970 3005 2825 3000 3105 3045 2790]
[1875 2235 2420 2670 2730 2850 2885 3110] [2825 2875 2810 2930 2870 2875 3075 3005]
[2025 2285 2380 2705 2930 2905 2975 2980] [2950 2940 3015 3035 2925 2970 3105 2985]
[2180 1880 2135 2540 2870 2845 3045 3155] [3090 3020 3005 2820 2915 3045 3045 3110]
[2290 2200 2125 2610 2670 3020 3025 2925] [3090 2845 2985 3015 3120 3050 3065 3105]
[2465 2275 2150 2385 2575 2805 2855 2975] [2910 3145 3105 3140 3135 3105 3165 3085]
[2515 1875 1900 1835 2170 2565 3000 2885] [3010 3070 2990 3085 2925 2910 3125 3330]
COM8 0 32
0
[1915 1455 1620 2380 2760 2500 2985 3015] [2710 2755 3090 2785 3305 2795 2940 2960]
[2255 2135 2120 2685 2810 2700 2740 2900] [2995 2970 3005 2825 3000 3105 3045 2790]
[2355 2095 2445 2540 2740 2770 2855 3065] [2825 2875 2810 2930 2870 2875 3075 3005]
[2680 2225 2315 2470 2765 2975 2910 2915] [2950 2940 3015 3035 2925 2970 3105 2985]
[2695 2295 2265 2415 2495 2695 2905 2930] [3090 3020 3005 2820 2915 3045 3045 3110]
[2515 2250 2235 2180 2445 2720 2970 2920] [3090 2845 2985 3015 3120 3050 3065 3105]
[2585 2355 2025 1755 1925 2350 2510 2750] [2910 3145 3105 3140 3135 3105 3165 3085]
[2485 2515 1425 2050 1635 2310 2245 2825] [3010 3070 2990 3085 2925 2910 3125 3330]
COM4 1 33
0
[1915 1455 1620 2380 2760 2500 2985 3015] [2785 2950 2925 3005 2985 3070 3170 2930]
[2255 2135 2120 2685 2810 2700 2740 2900] [2985 3060 3075 2990 2850 2945 2820 2840]
[2355 2095 2445 2540 2740 2770 2855 3065] [3115 3140 3010 2800 2980 2810 2955 2910]
[2680 2225 2315 2470 2765 2975 2910 2915] [3150 2935 3130 2895 2945 2935 3035 2980]
[2695 2295 2265 2415 2495 2695 2905 2930] [3155 3135 3100 2870 3125 2995 3050 3140]
[2515 2250 2235 2180 2445 2720 2970 2920] [3035 2945 2945 2905 2925 3075 3135 3085]
[2585 2355 2025 1755 1925 2350 2510 2750] [3165 3150 3265 3015 2975 3130 3070 3205]
[2485 2515 1425 2050 1635 2310 2245 2825] [3040 2940 3050 3150 2915 3075 3285 3075]
COM8 0 34
0
[2235 2310 2355 2485 2380 2110 2500 2335] [2785 2950 2925 3005 2985 3070 3170 2930]
[2465 2300 2530 2470 2480 2420 2495 2780] [2985 3060 3075 2990 2850 2945 2820 2840]
[2560 2360 2330 2335 2460 2530 2480 2730] [3115 3140 3010 2800 2980 2810 2955 2910]
[2755 2590 2415 2550 2545 2505 2385 2835] [3150 2935 3130 2895 2945 2935 3035 2980]
[2755 2525 2510 2410 2385 2380 2500 2815] [3155 3135 3100 2870 3125 2995 3050 3140]
[2660 2320 2400 2355 2275 2120 2230 2710] [3035 2945 2945 2905 2925 3075 3135 3085]
[2575 2490 2320 2345 2240 2345 1915 2260] [3165 3150 3265 3015 2975 3130 3070 3205]
[2870 2485 2340 2225 1965 1935 2075 2215] [3040 2940 3050 3150 2915 3075 3285 3075]
COM4 1 35
0
[2235 2310 2355 2485 2380 2110 2500 2335] [2605 2850 2915 3105 2725 2810 2940 3195]
[2465 2300 2530 2470 2480 2420 2495 2780] [2790 2970 3125 3100 2955 3025 3030 2930]
[2560 2360 2330 2335 2460 2530 2480 2730] [2995 2990 3025 3080 3030 3035 3055 3020]
[2755 2590 2415 2550 2545 2505 2385 2835] [3200 3175 3030 3130 3165 2925 2995 3105]
[2755 2525 2510 2410 2385 2380 2500 2815] [2860 3000 3005 3145 3005 3010 3110 3120]
[2660 2320 2400 2355 2275 2120 2230 2710] [3020 3095 2985 3150 3025 3175 3170 3110]
[2575 2490 2320 2345 2240 2345 1915 2260] [2945 3160 3350 3185 3100 3220 3055 3305]
[2870 2485 2340 2225 1965 1935 2075 2215] [2840 3335 3025 3075 3045 3135 3260 3345]
COM8 0 36
0
[2490 2335 2125 2255 2560 2615 2465 2170] [2605 2850 2915 3105 2725 2810 2940 3195]
[2515 2355 2515 2290 2845 2740 2535 2240] [2790 2970 3125 3100 2955 3025 3030 2930]
[2665 2270 2435 2540 2590 2805 2515 2480] [2995 2990 3025 3080 3030 3035 3055 3020]
[2760 2450 2475 2405 2795 2755 2635 2335] [3200 3175 3030 3130 3165 2925 2995 3105]
[2980 2495 2535 2565 2690 2560 2505 2340] [2860 3000 3005 3145 3005 3010 3110 3120]
[2735 2390 2670 2555 2610 2565 2345 2120] [3020 3095 2985 3150 3025 3175 3170 3110]
[2855 2680 2415 2335 2515 2370 2070 2145] [2945 3160 3350 3185 3100 3220 3055 3305]
[2800 2510 2475 2020 2190 2105 1940 1995] [2840 3335 3025 3075 3045 3135 3260 3345]
COM4 1 37
0
[2490 2335 2125 2255 2560 2615 2465 2170] [2470 2505 2870 2755 3235 3015 3085 3105]
[2515 2355 2515 2290 2845 2740 2535 2240] [2425 2705 2940 2905 3030 3165 2915 2965]
[2665 2270 2435 2540 2590 2805 2515 2480] [2600 2875 3140 2770 3100 2875 3140 3030]
[2760 2450 2475 2405 2795 2755 2635 2335] [2715 2870 3130 3080 3005 3090 3055 2895]
[2980 2495 2535 2565 2690 2560 2505 2340] [2665 3100 3170 2910 3140 3140 3130 3200]
[2735 2390 2670 2555 2610 2565 2345 2120] [2615 2935 3060 3180 3035 3075 3065 3145]
[2855 2680 2415 2335 2515 2370 2070 2145] [2660 3125 3195 3045 3250 3065 3165 3170]
[2800 2510 2475 2020 2190 2105 1940 1995] [2570 3135 3160 3180 3100 3020 3175 3135]
COM8 0 38
0
[2330 2165 2065 2300 2660 2910 2905 2410] [2470 2505 2870 2755 3235 3015 3085 3105]
[2515 2555 2565 2470 2555 2640 2730 2495] [2425 2705 2940 2905 3030 3165 2915 2965]
[2620 2470 2435 2495 2615 2800 2540 2420] [2600 2875 3140 2770 3100 2875 3140 3030]
[2805 2670 2680 2635 2665 2785 2605 2375] [2715 2870 3130 3080 3005 3090 3055 2895]
[2915 2975 2635 2620 2610 2595 2640 2515] [2665 3100 3170 2910 3140 3140 3130 3200]
[2805 2620 2555 2570 2320 2750 2315 2205] [2615 2935 3060 3180 3035 3075 3065 3145]
[3000 2810 2705 2420 2095 2145 1885 1920] [2660 3125 3195 3045 3250 3065 3165 3170]
[3010 2900 2830 2445 1925 2055 2050 2050] [2570 3135 3160 3180 3100 3020 3175 3135]
COM4 1 39
0
[2330 2165 2065 2300 2660 2910 2905 2410] [2620 2685 3175 2790 3345 3035 3205 3115]
[2515 2555 2565 2470 2555 2640 2730 2495] [2440 2790 3185 3170 3090 3040 3085 2865]
[2620 2470 2435 2495 2615 2800 2540 2420] [2530 2965 3215 3065 3050 3055 3130 3085]
[2805 2670 2680 2635 2665 2785 2605 2375] [2525 3120 3145 3155 3130 3090 3125 2920]
[2915 2975 2635 2620 2610 2595 2640 2515] [2600 3130 3155 2950 3040 3000 3145 3245]
[2805 2620 2555 2570 2320 2750 2315 2205] [2430 2950 3220 3075 3115 3085 3095 3265]
[3000 2810 2705 2420 2095 2145 1885 1920] [2575 2995 3205 3155 3245 3305 3105 3235]
[3010 2900 2830 2445 1925 2055 2050 2050] [2490 3075 3140 3225 3275 3210 3285 2955]
COM8 0 40
0
[2545 2135 1865 1885 2140 2460 2770 1975] [2620 2685 3175 2790 3345 3035 3205 3115]
[2510 2580 2275 2545 2335 2510 2385 2215] [2440 2790 3185 3170 3090 3040 3085 2865]
[2765 2635 2550 2245 2415 2600 2515 2375] [2530 2965 3215 3065 3050 3055 3130 3085]
[2725 2630 2605 2795 2595 2485 2475 2375] [2525 3120 3145 3155 3130 3090 3125 2920]
[2825 2770 2825 2690 2485 2455 2465 2250] [2600 3130 3155 2950 3040 3000 3145 3245]
[2740 2875 2900 2720 2635 2520 2180 1885] [2430 2950 3220 3075 3115 3085 3095 3265]
[2880 2775 2785 2930 2735 2225 1765 1720] [2575 2995 3205 3155 3245 3305 3105 3235]
[3160 2900 2660 2905 2795 2260 2165 1790] [2490 3075 3140 3225 3275 3210 3285 2955]
COM4 1 41
0
[2545 2135 1865 1885 2140 2460 2770 1975] [2520 2435 2920 3075 2870 2965 3135 3025]
[2510 2580 2275 2545 2335 2510 2385 2215] [2360 2650 2935 3180 2940 3090 2965 2960]
[2765 2635 2550 2245 2415 2600 2515 2375] [2450 2715 3200 3000 3195 3005 3030 2960]
[2725 2630 2605 2795 2595 2485 2475 2375] [2380 2780 3175 3075 3115 3135 3050 2995]
[2825 2770 2825 2690 2485 2455 2465 2250] [2380 2715 3005 2825 3165 3090 3150 3155]
[2740 2875 2900 2720 2635 2520 2180 1885] [2290 2485 2710 3140 3025 3110 3215 3190]
[2880 2775 2785 2930 2735 2225 1765 1720] [2125 2445 2835 3030 3010 3255 3245 3160]
[3160 2900 2660 2905 2795 2260 2165 1790] [1930 2325 2740 3055 3045 3105 3110 3235]
COM8 0 42
0
[2715 2510 2245 2530 2140 1960 2505 2560] [2520 2435 2920 3075 2870 2965 3135 3025]
[2750 2715 2545 2470 2285 2260 2330 2285] [2360 2650 2935 3180 2940 3090 2965 2960]
[2765 2645 2620 2395 2215 2455 2400 2115] [2450 2715 3200 3000 3195 3005 3030 2960]
[2640 2945 2840 2640 2525 2510 2300 2115] [2380 2780 3175 3075 3115 3135 3050 2995]
[2970 2700 3010 2785 2740 2575 2545 2110] [2380 2715 3005 2825 3165 3090 3150 3155]
[2965 2675 2870 2920 2690 2655 2605 2290] [2290 2485 2710 3140 3025 3110 3215 3190]
[2800 2785 2860 2875 2665 2785 2540 2435] [2125 2445 2835 3030 3010 3255 3245 3160]
[2640 2950 2910 2915 2850 2875 2630 2115] [1930 2325 2740 3055 3045 3105 3110 3235]
COM4 1 43
0
[2715 2510 2245 2530 2140 1960 2505 2560] [2450 2460 2815 3010 2965 2975 2995 3055]
[2750 2715 2545 2470 2285 2260 2330 2285] [2155 2475 2940 3035 2985 3115 3145 2975]
[2765 2645 2620 2395 2215 2455 2400 2115] [2350 2450 3150 3020 3070 2990 3015 2980]
[2640 2945 2840 2640 2525 2510 2300 2115] [2310 2510 2865 3045 3000 3095 3000 3145]
[2970 2700 3010 2785 2740 2575 2545 2110] [2130 2560 2815 2750 2925 3060 3175 3145]
[2965 2675 2870 2920 2690 2655 2605 2290] [2125 2135 2490 2585 2940 3095 3140 3210]
[2800 2785 2860 2875 2665 2785 2540 2435] [2140 2350 2390 2520 2895 3030 3120 3140]
[2640 2950 2910 2915 2850 2875 2630 2115] [2065 2310 2240 2485 2735 3105 3220 3275]
COM8 0 44
0
[2865 2445 2910 2525 2945 2260 2200 2125] [2450 2460 2815 3010 2965 2975 2995 3055]
[2810 2985 2750 2730 2615 2590 2345 1980] [2155 2475 2940 3035 2985 3115 3145 2975]
[2745 2890 2960 2685 2750 2810 2510 2355] [2350 2450 3150 3020 3070 2990 3015 2980]
[2835 2945 3000 2805 2800 2830 2630 2320] [2310 2510 2865 3045 3000 3095 3000 3145]
[3005 2710 3155 2995 2975 2750 2805 2565] [2130 2560 2815 2750 2925 3060 3175 3145]
[2945 2820 2920 3015 2870 3005 3035 2565] [2125 2135 2490 2585 2940 3095 3140 3210]
[2925 3055 2725 2965 2945 3005 2695 2440] [2140 2350 2390 2520 2895 3030 3120 3140]
[3010 2845 2965 2915 2895 2995 2990 2380] [2065 2310 2240 2485 2735 3105 3220 3275]
COM4 1 45
0
[2865 2445 2910 2525 2945 2260 2200 2125] [2435 2125 2390 2510 2735 2925 3125 3025]
[2810 2985 2750 2730 2615 2590 2345 1980] [2565 2260 2395 2765 2860 3130 3130 2965]
[2745 2890 2960 2685 2750 2810 2510 2355] [2315 2330 2535 2715 3050 2875 3095 3050]
[2835 2945 3000 2805 2800 2830 2630 2320] [2330 1975 2510 2715 2945 3010 3010 3070]
[3005 2710 3155 2995 2975 2750 2805 2565] [2295 2345 2615 2435 2805 2950 3015 3205]
[2945 2820 2920 3015 2870 3005 3035 2565] [2430 2310 2300 2435 2685 2785 3110 3115]
[2925 3055 2725 2965 2945 3005 2695 2440] [2265 2295 2390 2455 2345 2545 2950 3135]
[3010 2845 2965 2915 2895 2995 2990 2380] [2080 2270 2155 2295 2260 2475 2800 3085]
COM8 0 46
0
[2765 2735 2615 2800 2770 2725 2900 2490] [2435 2125 2390 2510 2735 2925 3125 3025]
[3250 3055 2760 2765 2810 2805 2700 2580] [2565 2260 2395 2765 2860 3130 3130 2965]
[2610 3070 3010 2885 2870 2840 2765 2770] [2315 2330 2535 2715 3050 2875 3095 3050]
[3040 3090 2985 2735 2975 2750 2715 2500] [2330 1975 2510 2715 2945 3010 3010 3070]
[3175 3100 3035 2850 2825 2780 2940 2680] [2295 2345 2615 2435 2805 2950 3015 3205]
[3045 2870 2995 2935 2855 2935 2750 2525] [2430 2310 2300 2435 2685 2785 3110 3115]
[2835 3115 2845 3185 2875 2965 2850 2615] [2265 2295 2390 2455 2345 2545 2950 3135]
[2965 2865 2860 3160 3010 2835 2975 2825] [2080 2270 2155 2295 2260 2475 2800 3085]
COM4 1 47
0
[2765 2735 2615 2800 2770 2725 2900 2490] [2570 2455 2660 2705 2745 2470 2675 2850]
[3250 3055 2760 2765 2810 2805 2700 2580] [2420 2650 2745 2670 2640 2640 2930 2815]
[2610 3070 3010 2885 2870 2840 2765 2770] [2580 2485 2865 2865 2900 2695 2800 2990]
[3040 3090 2985 2735 2975 2750 2715 2500] [2480 2450 2930 2825 2545 2610 2895 2905]
[3175 3100 3035 2850 2825 2780 2940 2680] [2460 2545 2810 2605 2590 2615 2685 3030]
[3045 2870 2995 2935 2855 2935 2750 2525] [2480 2205 2500 2835 2695 2455 2710 2910]
[2835 3115 2845 3185 2875 2965 2850 2615] [2380 2360 2450 2380 2355 2490 2640 2900]
[2965 2865 2860 3160 3010 2835 2975 2825] [2305 2245 2245 2475 2305 2295 2740 2730]
COM8 0 48
0
[2890 2755 2520 2515 2625 2630 2675 2645] [2570 2455 2660 2705 2745 2470 2675 2850]
[2935 2595 2710 2985 2655 2670 2925 2715] [2420 2650 2745 2670 2640 2640 2930 2815]
[2680 2895 2710 2715 2780 2820 2935 2700] [2580 2485 2865 2865 2900 2695 2800 2990]
[3055 2805 2980 2885 2825 2795 2690 2760] [2480 2450 2930 2825 2545 2610 2895 2905]
[2850 2840 2825 2860 3005 2890 2885 2705] [2460 2545 2810 2605 2590 2615 2685 3030]
[2855 2820 2810 2950 2845 2935 2860 2860] [2480 2205 2500 2835 2695 2455 2710 2910]
[2790 2915 2860 2800 2790 2950 2835 2730] [2380 2360 2450 2380 2355 2490 2640 2900]
[3005 3040 2860 3105 2905 2815 3080 2900] [2305 2245 2245 2475 2305 2295 2740 2730]
COM4 1 49
0
[2890 2755 2520 2515 2625 2630 2675 2645] [2415 2525 2660 3035 2965 2695 2525 2695]
[2935 2595 2710 2985 2655 2670 2925 2715] [2585 2615 2675 2965 3070 3065 2680 2565]
[2680 2895 2710 2715 2780 2820 2935 2700] [2785 2690 2875 3015 3035 2855 2795 2905]
[3055 2805 2980 2885 2825 2795 2690 2760] [2750 2635 2760 2890 2925 2810 2590 2785]
[2850 2840 2825 2860 3005 2890 2885 2705] [2630 2425 2600 2765 2825 2810 2555 2785]
[2855 2820 2810 2950 2845 2935 2860 2860] [2730 2560 2320 2665 2910 2730 2650 2760]
[2790 2915 2860 2800 2790 2950 2835 2730] [2765 2510 2235 2430 2485 2455 2490 2775]
[3005 3040 2860 3105 2905 2815 3080 2900] [2825 2505 2220 2185 2185 2330 2500 2895]
COM8 0 50
0
[2585 3095 3010 2995 2865 2575 2795 2665] [2415 2525 2660 3035 2965 2695 2525 2695]
[2835 2980 2815 2665 2700 2910 2870 2860] [2585 2615 2675 2965 3070 3065 2680 2565]
[2840 2770 2970 2780 2760 2820 2745 2800] [2785 2690 2875 3015 3035 2855 2795 2905]
[2930 2895 2795 2850 2995 2875 2870 2710] [2750 2635 2760 2890 2925 2810 2590 2785]
[2890 3045 2905 2925 2960 2770 2825 2935] [2630 2425 2600 2765 2825 2810 2555 2785]
[2950 2915 2970 2910 2885 2910 2970 2895] [2730 2560 2320 2665 2910 2730 2650 2760]
[2775 2850 2705 2965 2790 2995 2835 2770] [2765 2510 2235 2430 2485 2455 2490 2775]
[2875 3240 2935 2750 2910 3005 2815 2785] [2825 2505 2220 2185 2185 2330 2500 2895]
COM4 1 51
0
[2585 3095 3010 2995 2865 2575 2795 2665] [2465 2395 2385 2700 2625 2645 2470 2515]
[2835 2980 2815 2665 2700 2910 2870 2860] [2785 2490 2360 2590 2745 2870 2610 2415]
[2840 2770 2970 2780 2760 2820 2745 2800] [2805 2495 2605 2700 3080 2815 2615 2520]
[2930 2895 2795 2850 2995 2875 2870 2710] [3050 2710 2375 2445 2650 2650 2615 2610]
[2890 3045 2905 2925 2960 2770 2825 2935] [2865 2475 2415 2420 2520 2605 2570 2590]
[2950 2915 2970 2910 2885 2910 2970 2895] [2850 2705 2640 2380 2370 2395 2325 2560]
[2775 2850 2705 2965 2790 2995 2835 2770] [3105 3205 2585 2205 2105 2075 2265 2735]
[2875 3240 2935 2750 2910 3005 2815 2785] [2965 2820 2595 2400 1920 1695 2000 2520]
COM8 0 52
0
[2925 2445 2500 2655 2935 2580 2700 2825] [2465 2395 2385 2700 2625 2645 2470 2515]
[2990 3040 3150 2875 2845 2795 2795 2800] [2785 2490 2360 2590 2745 2870 2610 2415]
[2760 2910 2950 2825 2875 2915 2855 2830] [2805 2495 2605 2700 3080 2815 2615 2520]
[2950 3000 2890 2945 3035 2960 2935 2925] [3050 2710 2375 2445 2650 2650 2615 2610]
[3000 2785 2940 3005 3080 2775 2970 3060] [2865 2475 2415 2420 2520 2605 2570 2590]
[3015 2780 3055 2965 2945 2940 3025 2830] [2850 2705 2640 2380 2370 2395 2325 2560]
[2855 3030 3000 2965 3055 2965 2955 2995] [3105 3205 2585 2205 2105 2075 2265 2735]
[2790 2740 2990 2805 2920 2975 2995 2820] [2965 2820 2595 2400 1920 1695 2000 2520]
COM4 1 53
0
[2925 2445 2500 2655 2935 2580 2700 2825] [2620 2355 2385 2480 2530 2805 2935 2535]
[2990 3040 3150 2875 2845 2795 2795 2800] [2995 2750 2720 2645 2670 2935 2700 2665]
[2760 2910 2950 2825 2875 2915 2855 2830] [2895 2795 2600 2465 2610 2760 2695 2505]
[2950 3000 2890 2945 3035 2960 2935 2925] [3100 3240 3065 2520 2455 2525 2490 2540]
[3000 2785 2940 3005 3080 2775 2970 3060] [2930 2970 2895 2660 2335 2235 2290 2440]
[3015 2780 3055 2965 2945 2940 3025 2830] [2965 3045 2965 2985 2555 2205 2230 2395]
[2855 3030 3000 2965 3055 2965 2955 2995] [2985 3275 3050 2790 2570 2175 2150 2230]
[2790 2740 2990 2805 2920 2975 2995 2820] [3170 3255 3020 3100 2655 2345 2080 2030]
COM8 0 54
0
[2855 3145 2735 3180 2910 2775 2805 2755] [2620 2355 2385 2480 2530 2805 2935 2535]
[2975 2800 2810 2950 3015 2995 2860 2730] [2995 2750 2720 2645 2670 2935 2700 2665]
[2930 2965 2915 2950 2975 2875 2955 2990] [2895 2795 2600 2465 2610 2760 2695 2505]
[2925 3070 2945 2885 2795 2960 2810 2975] [3100 3240 3065 2520 2455 2525 2490 2540]
[2930 2895 3005 3000 2960 2845 3135 3015] [2930 2970 2895 2660 2335 2235 2290 2440]
[2785 3140 3140 2995 2890 3065 3040 2790] [2965 3045 2965 2985 2555 2205 2230 2395]
[2530 3065 3050 3175 2935 2635 2925 2875] [2985 3275 3050 2790 2570 2175 2150 2230]
[3005 2570 2935 3080 2770 2835 3035 2955] [3170 3255 3020 3100 2655 2345 2080 2030]
COM4 1 55
0
[2855 3145 2735 3180 2910 2775 2805 2755] [2875 2930 2605 2525 2425 2435 2505 2485]
[2975 2800 2810 2950 3015 2995 2860 2730] [3000 2945 2865 2425 2445 2765 2565 2700]
[2930 2965 2915 2950 2975 2875 2955 2990] [3100 3240 3090 2635 2820 2675 2560 2475]
[2925 3070 2945 2885 2795 2960 2810 2975] [3255 3135 3125 3230 2810 2540 2405 2445]
[2930 2895 3005 3000 2960 2845 3135 3015] [3240 3130 3155 2935 3070 2790 2465 2180]
[2785 3140 3140 2995 2890 3065 3040 2790] [3110 3115 3100 3200 3110 2845 2580 2260]
[2530 3065 3050 3175 2935 2635 2925 2875] [3290 3390 3320 3185 3430 2910 2580 2555]
[3005 2570 2935 3080 2770 2835 3035 2955] [3385 3520 3205 3400 3135 2805 2635 2370]
COM8 0 56
0
[2995 2505 2585 2490 2745 2970 2860 2615] [2875 2930 2605 2525 2425 2435 2505 2485]
[2640 2945 2760 2805 2860 2725 3020 2950] [3000 2945 2865 2425 2445 2765 2565 2700]
[2885 2950 2910 2780 2695 2825 2635 2720] [3100 3240 3090 2635 2820 2675 2560 2475]
[3085 2865 2955 3015 2785 2795 2885 2750] [3255 3135 3125 3230 2810 2540 2405 2445]
[2915 2900 2830 2915 2895 3005 2885 2785] [3240 3130 3155 2935 3070 2790 2465 2180]
[2695 3045 2905 3010 2835 3130 3060 2930] [3110 3115 3100 3200 3110 2845 2580 2260]
[2725 2910 2800 2900 2805 2640 2765 2970] [3290 3390 3320 3185 3430 2910 2580 2555]
[3110 2945 2810 2915 2700 2780 2795 3075] [3385 3520 3205 3400 3135 2805 2635 2370]
COM4 1 57
0
[2995 2505 2585 2490 2745 2970 2860 2615] [3020 3140 3390 3170 2630 2725 2190 2330]
[2640 2945 2760 2805 2860 2725 3020 2950] [3365 3115 3450 3025 3005 2815 2520 2300]
[2885 2950 2910 2780 2695 2825 2635 2720] [3350 3275 3160 3125 3205 3010 2590 2560]
[3085 2865 2955 3015 2785 2795 2885 2750] [3105 3065 3365 3305 3090 3085 2775 2520]
[2915 2900 2830 2915 2895 3005 2885 2785] [3310 3255 3210 3275 3240 3340 3065 2770]
[2695 3045 2905 3010 2835 3130 3060 2930] [3160 3315 3325 3245 3020 3220 3110 2590]
[2725 2910 2800 2900 2805 2640 2765 2970] [3350 3240 3275 3215 3320 3135 2945 2735]
[3110 2945 2810 2915 2700 2780 2795 3075] [3335 3300 3315 3400 3110 2990 2885 2600]
COM8 0 58
0
[2470 2515 2665 2615 2620 2775 2955 2645] [3020 3140 3390 3170 2630 2725 2190 2330]
[2870 2645 2915 2985 3095 2900 2710 2850] [3365 3115 3450 3025 3005 2815 2520 2300]
[2845 2655 2775 2725 2755 2865 2800 2860] [3350 3275 3160 3125 3205 3010 2590 2560]
[3090 2925 3135 2875 2880 2905 2855 2870] [3105 3065 3365 3305 3090 3085 2775 2520]
[3005 2740 2975 2910 2935 2900 2920 2720] [3310 3255 3210 3275 3240 3340 3065 2770]
[3035 2750 2970 3005 2775 2960 2845 2840] [3160 3315 3325 3245 3020 3220 3110 2590]
[2850 2915 2980 2965 3040 2965 2780 2960] [3350 3240 3275 3215 3320 3135 2945 2735]
[2865 3095 2835 3115 2745 2950 2935 2850] [3335 3300 3315 3400 3110 2990 2885 2600]
COM4 1 59
0
[2470 2515 2665 2615 2620 2775 2955 2645] [3050 3215 3135 2875 3175 2880 2795 2665]
[2870 2645 2915 2985 3095 2900 2710 2850] [3150 3045 2935 2895 2860 2950 2805 2535]
[2845 2655 2775 2725 2755 2865 2800 2860] [3040 3135 3010 3100 3055 2875 2845 2695]
[3090 2925 3135 2875 2880 2905 2855 2870] [3095 2995 2995 2895 2995 2840 2915 2675]
[3005 2740 2975 2910 2935 2900 2920 2720] [3095 3015 3070 2915 3060 2995 2945 2695]
[3035 2750 2970 3005 2775 2960 2845 2840] [3075 3180 3035 3275 2920 3110 3065 2925]
[2850 2915 2980 2965 3040 2965 2780 2960] [3170 3275 3180 3225 3090 3045 3105 2800]
[2865 3095 2835 3115 2745 2950 2935 2850] [3245 3080 3145 3295 3140 3100 3025 2695]
COM8 0 60
0
[2685 2610 2895 3025 2800 2625 2650 2705] [3050 3215 3135 2875 3175 2880 2795 2665]
[2850 3050 2890 2795 2925 2875 2895 2825] [3150 3045 2935 2895 2860 2950 2805 2535]
[2795 2925 3040 2840 2865 2910 2805 2740] [3040 3135 3010 3100 3055 2875 2845 2695]
[2865 2905 2935 2930 2950 2995 2935 2880] [3095 2995 2995 2895 2995 2840 2915 2675]
[3095 2905 3070 2830 3025 2845 2925 2980] [3095 3015 3070 2915 3060 2995 2945 2695]
[3125 2940 3045 2940 2950 2985 2905 2920] [3075 3180 3035 3275 2920 3110 3065 2925]
[2825 2910 2915 2960 2970 2945 2930 2985] [3170 3275 3180 3225 3090 3045 3105 2800]
[3115 2940 3005 3085 2755 2930 3180 2950] [3245 3080 3145 3295 3140 3100 3025 2695]
COM4 1 61
0
[2685 2610 2895 3025 2800 2625 2650 2705] [2875 3035 3060 3135 3125 2975 2935 2620]
[2850 3050 2890 2795 2925 2875 2895 2825] [2950 3065 3090 3090 2840 3035 2955 2610]
[2795 2925 3040 2840 2865 2910 2805 2740] [3095 3015 3135 3050 3150 3000 2895 2615]
[2865 2905 2935 2930 2950 2995 2935 2880] [3105 3095 3365 3020 3080 3010 3005 2845]
[3095 2905 3070 2830 3025 2845 2925 2980] [3070 3105 3175 2870 3015 3030 3100 2915]
[3125 2940 3045 2940 2950 2985 2905 2920] [2940 3105 3000 3130 3085 3080 3010 2925]
[2825 2910 2915 2960 2970 2945 2930 2985] [3140 3265 3390 3140 3075 3085 3170 3100]
[3115 2940 3005 3085 2755 2930 3180 2950] [3225 3120 3195 3305 3065 3145 3145 2955]
COM8 0 62
0
[2630 2785 2845 2790 2730 2985 2725 2560] [2875 3035 3060 3135 3125 2975 2935 2620]
[3355 3140 2775 2805 2700 2875 2825 2865] [2950 3065 3090 3090 2840 3035 2955 2610]
[2835 2885 2955 2925 2825 2945 2870 2805] [3095 3015 3135 3050 3150 3000 2895 2615]
[2825 3010 3040 2850 2995 2815 2940 2900] [3105 3095 3365 3020 3080 3010 3005 2845]
[2950 3055 3050 2905 2975 2865 3025 3010] [3070 3105 3175 2870 3015 3030 3100 2915]
[2920 2835 2980 2945 2840 2745 2940 2945] [2940 3105 3000 3130 3085 3080 3010 2925]
[2805 3005 2805 3190 2920 3020 2920 2870] [3140 3265 3390 3140 3075 3085 3170 3100]
[2940 3085 2735 2910 3005 2955 2890 2965] [3225 3120 3195 3305 3065 3145 3145 2955]
COM4 1 63
0
[2630 2785 2845 2790 2730 2985 2725 2560] [2850 3040 2920 2790 2815 2925 2835 2830]
[3355 3140 2775 2805 2700 2875 2825 2865] [2870 3020 3210 3005 3060 3030 2955 2930]
[2835 2885 2955 2925 2825 2945 2870 2805] [2905 2965 3105 3035 3065 2930 3030 2800]
[2825 3010 3040 2850 2995 2815 2940 2900] [2945 3080 3155 3165 3030 3000 3065 2840]
[2950 3055 3050 2905 2975 2865 3025 3010] [3240 3060 3135 2950 3040 3090 3100 3225]
[2920 2835 2980 2945 2840 2745 2940 2945] [3035 2945 3095 3120 3035 3055 3065 2940]
[2805 3005 2805 3190 2920 3020 2920 2870] [3095 3215 3400 3000 3065 3145 3145 3300]
[2940 3085 2735 2910 3005 2955 2890 2965] [3365 3095 3295 3195 3050 3145 3150 3115]
COM8 0 64
0
[2685 2540 2425 2630 2840 2735 2725 2945] [2850 3040 2920 2790 2815 2925 2835 2830]
[2925 3040 2785 2925 2965 2900 3075 2905] [2870 3020 3210 3005 3060 3030 2955 2930]
[2705 3000 3045 2980 2755 2995 2905 2895] [2905 2965 3105 3035 3065 2930 3030 2800]
[2980 3010 3025 2995 2870 2925 2885 3030] [2945 3080 3155 3165 3030 3000 3065 2840]
[2900 2945 3000 2950 3075 2895 3015 2940] [3240 3060 3135 2950 3040 3090 3100 3225]
[3045 3005 3065 3070 3015 2985 3170 2980] [3035 2945 3095 3120 3035 3055 3065 2940]
[2715 2895 3035 2845 2860 3005 3030 2975] [3095 3215 3400 3000 3065 3145 3145 3300]
[3145 2795 2965 3020 2880 2905 3075 2875] [3365 3095 3295 3195 3050 3145 3150 3115]
COM4 1 65
0
[2685 2540 2425 2630 2840 2735 2725 2945] [3315 3100 3170 3235 3110 3250 3100 2800]
[2925 3040 2785 2925 2965 2900 3075 2905] [3215 3260 3160 3220 3295 3180 3190 2790]
[2705 3000 3045 2980 2755 2995 2905 2895] [3225 3185 3260 3090 3095 3230 3080 3005]
[2980 3010 3025 2995 2870 2925 2885 3030] [3380 3350 3465 3395 3220 3155 3160 3075]
[2900 2945 3000 2950 3075 2895 3015 2940] [3280 3260 3185 3035 3165 3285 3275 3235]
[3045 3005 3065 3070 3015 2985 3170 2980] [3125 3090 3390 3330 3040 2995 3190 3125]
[2715 2895 3035 2845 2860 3005 3030 2975] [3095 3425 3325 3030 3040 3155 3345 3165]
[3145 2795 2965 3020 2880 2905 3075 2875] [3100 3305 3270 3575 3065 3180 3110 3275]