COM8 1 6
4
[3005 2590 2810 2900 2870 3000 2895 2855] [3115 3215 3305 3105 3000 3105 3135 3140]
[2805 2870 2995 3135 2950 3000 2940 3135] [3430 2910 3305 3060 3080 3245 3200 3205]
[3105 2890 2950 2900 2865 2950 2945 3000] [2970 3250 3070 3160 3285 3105 3185 3180]
[2875 3005 3010 2865 2970 2980 2800 2995] [3280 3030 3315 3190 3130 3185 3205 3180]
[2945 2945 3065 2820 3060 3030 3240 3055] [3410 3250 3150 3065 3095 3050 3220 3225]
[2905 2975 3070 2900 2880 2940 2805 2745] [2995 3320 3010 3270 3175 3405 3260 3310]
[3050 3085 3040 3165 2860 3095 3030 2920] [3375 3320 3325 3105 3170 3095 3190 3355]
[3325 2910 3245 2905 3235 3090 3065 2710] [3560 3120 3290 3310 3375 3190 3165 3000]
COM3 0 7
4
[2755 2745 2900 2880 2920 2810 2995 3145] [3115 3215 3305 3105 3000 3105 3135 3140]
[2865 3020 2980 2965 2965 3120 2940 3250] [3430 2910 3305 3060 3080 3245 3200 3205]
[3025 3005 2830 2950 2940 2870 2965 3000] [2970 3250 3070 3160 3285 3105 3185 3180]
[3025 2945 3070 2880 3000 2840 3135 3140] [3280 3030 3315 3190 3130 3185 3205 3180]
[3075 3050 3280 3095 3180 2935 3015 3185] [3410 3250 3150 3065 3095 3050 3220 3225]
[2660 2895 3240 3005 2755 3000 2975 2965] [2995 3320 3010 3270 3175 3405 3260 3310]
[3000 3300 2905 3150 3025 2850 2960 3085] [3375 3320 3325 3105 3170 3095 3190 3355]
[3305 3300 2995 2895 3210 3480 2650 2805] [3560 3120 3290 3310 3375 3190 3165 3000]
COM8 1 8
4
[2755 2745 2900 2880 2920 2810 2995 3145] [3210 3410 3240 3195 3160 3230 3150 3280]
[2865 3020 2980 2965 2965 3120 2940 3250] [3165 3115 3290 3190 3070 3165 3030 3115]
[3025 3005 2830 2950 2940 2870 2965 3000] [3325 3215 3275 3120 3210 3240 3220 3060]
[3025 2945 3070 2880 3000 2840 3135 3140] [3365 3275 3245 3195 3195 3250 3225 3125]
[3075 3050 3280 3095 3180 2935 3015 3185] [3165 3250 3330 3030 3135 3125 3255 3300]
[2660 2895 3240 3005 2755 3000 2975 2965] [3395 3410 3350 3270 3190 3160 3220 3305]
[3000 3300 2905 3150 3025 2850 2960 3085] [3385 3490 3250 3125 3085 3345 3200 3205]
[3305 3300 2995 2895 3210 3480 2650 2805] [3275 3280 3190 3440 3360 3300 3105 3160]
COM3 0 9
4
[3040 2735 2945 3025 2855 2900 3115 2845] [3210 3410 3240 3195 3160 3230 3150 3280]
[3010 3230 2915 2820 2810 2845 2895 3010] [3165 3115 3290 3190 3070 3165 3030 3115]
[2785 3045 2925 3040 2945 2915 2935 3055] [3325 3215 3275 3120 3210 3240 3220 3060]
[2990 2915 3060 2925 3120 3045 2970 2870] [3365 3275 3245 3195 3195 3250 3225 3125]
[3100 2960 3035 2960 3045 2925 3005 3070] [3165 3250 3330 3030 3135 3125 3255 3300]
[3025 2930 3060 3055 2820 2995 3035 2955] [3395 3410 3350 3270 3190 3160 3220 3305]
[3220 2870 3205 2940 3065 3130 3090 2975] [3385 3490 3250 3125 3085 3345 3200 3205]
[3085 3050 2775 3145 2970 2825 3160 2905] [3275 3280 3190 3440 3360 3300 3105 3160]
COM8 1 10
4
[3040 2735 2945 3025 2855 2900 3115 2845] [3175 3310 3350 2945 3315 2960 3120 3180]
[3010 3230 2915 2820 2810 2845 2895 3010] [3405 3135 3370 3105 3145 3205 3150 3055]
[2785 3045 2925 3040 2945 2915 2935 3055] [3160 3205 3140 3260 3345 3035 3065 3085]
[2990 2915 3060 2925 3120 3045 2970 2870] [3245 3285 3335 3305 3210 3145 3145 3080]
[3100 2960 3035 2960 3045 2925 3005 3070] [3000 3270 3335 2960 3090 3070 3155 3300]
[3025 2930 3060 3055 2820 2995 3035 2955] [3045 3250 3125 3350 3170 3350 3270 3360]
[3220 2870 3205 2940 3065 3130 3090 2975] [3450 3150 3310 3290 3170 3130 3240 3350]
[3085 3050 2775 3145 2970 2825 3160 2905] [3250 3495 3355 3590 3285 3225 2950 3470]
COM3 0 11
4
[2865 2940 2765 2790 2860 2785 2880 2790] [3175 3310 3350 2945 3315 2960 3120 3180]
[3245 3035 2855 3020 2725 2930 2905 2885] [3405 3135 3370 3105 3145 3205 3150 3055]
[2935 2790 2880 2975 2775 2900 2920 2990] [3160 3205 3140 3260 3345 3035 3065 3085]
[2850 2975 2985 2735 2935 2815 3060 2700] [3245 3285 3335 3305 3210 3145 3145 3080]
[2915 2795 3000 2865 3110 2820 3005 2710] [3000 3270 3335 2960 3090 3070 3155 3300]
[3025 3065 3185 3000 2835 2965 2990 2990] [3045 3250 3125 3350 3170 3350 3270 3360]
[2955 3020 3020 2940 2950 2835 2540 2965] [3450 3150 3310 3290 3170 3130 3240 3350]
[2805 2915 2910 3070 3050 2875 3180 2930] [3250 3495 3355 3590 3285 3225 2950 3470]
COM8 1 12
4
[2865 2940 2765 2790 2860 2785 2880 2790] [3055 3135 3060 3095 3000 3160 3100 3140]
[3245 3035 2855 3020 2725 2930 2905 2885] [3040 3065 2980 3165 2970 3120 3155 3080]
[2935 2790 2880 2975 2775 2900 2920 2990] [2885 3085 3090 3120 3220 3150 3120 2940]
[2850 2975 2985 2735 2935 2815 3060 2700] [3010 3225 3095 3250 3190 2975 2985 3030]
[2915 2795 3000 2865 3110 2820 3005 2710] [3115 3015 3220 2970 2990 3030 3155 3075]
[3025 3065 3185 3000 2835 2965 2990 2990] [3245 3225 3200 3160 3065 3240 3205 3000]
[2955 3020 3020 2940 2950 2835 2540 2965] [3285 3145 3250 3315 3270 3150 3245 3170]
[2805 2915 2910 3070 3050 2875 3180 2930] [3390 3260 3140 3200 3110 3145 3015 2910]
COM3 0 13
4
[2865 2930 2920 2815 2860 2955 2960 2945] [3055 3135 3060 3095 3000 3160 3100 3140]
[3085 2925 2985 2880 2935 3035 2945 2885] [3040 3065 2980 3165 2970 3120 3155 3080]
[2935 2995 2940 2945 2915 2980 2800 3105] [2885 3085 3090 3120 3220 3150 3120 2940]
[3070 3195 2820 3030 3130 3000 2925 2820] [3010 3225 3095 3250 3190 2975 2985 3030]
[3255 2970 3035 2880 3135 2905 3020 3210] [3115 3015 3220 2970 2990 3030 3155 3075]
[3140 3210 2945 2960 2990 2995 3215 3135] [3245 3225 3200 3160 3065 3240 3205 3000]
[3340 3120 3120 3090 2915 2985 2895 2835] [3285 3145 3250 3315 3270 3150 3245 3170]
[3175 3145 2975 2680 3120 3200 2910 2935] [3390 3260 3140 3200 3110 3145 3015 2910]
COM8 1 14
4
[2865 2930 2920 2815 2860 2955 2960 2945] [3270 3140 3145 2960 3195 3240 3195 3160]
[3085 2925 2985 2880 2935 3035 2945 2885] [3310 3160 3345 3100 3200 3230 3050 2935]
[2935 2995 2940 2945 2915 2980 2800 3105] [3380 3115 3215 3110 3280 3060 3195 3135]
[3070 3195 2820 3030 3130 3000 2925 2820] [3320 3290 3220 3115 3295 3080 3090 3095]
[3255 2970 3035 2880 3135 2905 3020 3210] [3280 3395 3210 3170 3205 3105 3085 2910]
[3140 3210 2945 2960 2990 2995 3215 3135] [3205 3440 3250 3195 3115 3200 2945 2440]
[3340 3120 3120 3090 2915 2985 2895 2835] [3090 3215 3310 3265 3115 2905 2395 2045]
[3175 3145 2975 2680 3120 3200 2910 2935] [3185 3010 3225 3220 3140 2405 2035 1770]
COM3 0 15
4
[2790 2895 2800 2880 2900 2820 2850 2820] [3270 3140 3145 2960 3195 3240 3195 3160]
[2880 2945 2825 2930 2850 2825 2750 2960] [3310 3160 3345 3100 3200 3230 3050 2935]
[2805 2860 2725 2920 2915 2900 2735 2755] [3380 3115 3215 3110 3280 3060 3195 3135]
[3015 2995 2985 3030 2990 2840 2685 2700] [3320 3290 3220 3115 3295 3080 3090 3095]
[2965 2985 2985 2945 2905 2800 3085 2830] [3280 3395 3210 3170 3205 3105 3085 2910]
[2580 2910 3120 3070 2870 2900 2815 2925] [3205 3440 3250 3195 3115 3200 2945 2440]
[3035 3095 3215 3045 2845 2815 2870 2825] [3090 3215 3310 3265 3115 2905 2395 2045]
[3205 2750 2875 2970 2790 2985 3165 2595] [3185 3010 3225 3220 3140 2405 2035 1770]
COM8 1 16
4
[2790 2895 2800 2880 2900 2820 2850 2820] [3275 3090 3135 3095 3090 2995 3125 3180]
[2880 2945 2825 2930 2850 2825 2750 2960] [3020 3035 3010 3105 3095 3140 3020 3100]
[2805 2860 2725 2920 2915 2900 2735 2755] [3140 3285 3125 3005 3065 3035 3085 3035]
[3015 2995 2985 3030 2990 2840 2685 2700] [3130 2945 3170 3085 3010 3000 2820 2650]
[2965 2985 2985 2945 2905 2800 3085 2830] [3085 3050 3075 3070 3145 2905 2925 2580]
[2580 2910 3120 3070 2870 2900 2815 2925] [3035 3160 3205 3165 3065 3135 2940 2360]
[3035 3095 3215 3045 2845 2815 2870 2825] [3220 3050 3325 3230 3155 3115 2520 2225]
[3205 2750 2875 2970 2790 2985 3165 2595] [3005 2995 3250 2965 3150 3110 2580 2305]
COM3 0 17
4
[2775 2670 2805 2840 2740 2775 2935 2995] [3275 3090 3135 3095 3090 2995 3125 3180]
[3030 2970 2900 3130 2890 3085 2940 2785] [3020 3035 3010 3105 3095 3140 3020 3100]
[3000 3055 3165 2920 3010 2980 2935 3095] [3140 3285 3125 3005 3065 3035 3085 3035]
[2765 3220 3055 2945 3040 2975 2925 2720] [3130 2945 3170 3085 3010 3000 2820 2650]
[2980 2925 2940 2775 2915 2895 2875 3030] [3085 3050 3075 3070 3145 2905 2925 2580]
[2665 2990 3025 3055 2765 2890 2945 2835] [3035 3160 3205 3165 3065 3135 2940 2360]
[3175 3000 3180 2940 2825 2975 2945 2925] [3220 3050 3325 3230 3155 3115 2520 2225]
[2935 3125 2920 3380 2875 2980 3190 2935] [3005 2995 3250 2965 3150 3110 2580 2305]
COM8 1 18
4
[2775 2670 2805 2840 2740 2775 2935 2995] [3460 3295 3300 3275 3290 3105 3220 3175]
[3030 2970 2900 3130 2890 3085 2940 2785] [3155 3330 3265 3230 3175 3155 3225 3010]
[3000 3055 3165 2920 3010 2980 2935 3095] [3205 3240 3295 3170 3225 3010 3235 3180]
[2765 3220 3055 2945 3040 2975 2925 2720] [3385 3250 3155 3245 3020 3130 3105 3075]
[2980 2925 2940 2775 2915 2895 2875 3030] [3375 3195 3150 3205 3065 3050 3100 3230]
[2665 2990 3025 3055 2765 2890 2945 2835] [3440 3170 3315 3165 3195 3160 3200 3075]
[3175 3000 3180 2940 2825 2975 2945 2925] [3085 3575 3410 3375 3135 3275 3195 3270]
[2935 3125 2920 3380 2875 2980 3190 2935] [3375 3195 3095 3535 3295 3265 3220 3300]
COM3 0 19
4
[3125 2700 2805 2715 2840 2700 2920 2910] [3460 3295 3300 3275 3290 3105 3220 3175]
[3005 3045 3000 2935 2875 2745 2805 2925] [3155 3330 3265 3230 3175 3155 3225 3010]
[2795 3065 2945 2855 2900 2980 2875 3000] [3205 3240 3295 3170 3225 3010 3235 3180]
[3080 3215 2870 2950 3035 2840 3020 2975] [3385 3250 3155 3245 3020 3130 3105 3075]
[2870 2945 2815 2925 3045 3225 3135 2860] [3375 3195 3150 3205 3065 3050 3100 3230]
[3310 3050 2975 3140 2800 3125 2935 2875] [3440 3170 3315 3165 3195 3160 3200 3075]
[3050 2840 2940 2800 3100 2770 2885 3070] [3085 3575 3410 3375 3135 3275 3195 3270]
[2980 3100 2905 2885 2670 2795 3070 2640] [3375 3195 3095 3535 3295 3265 3220 3300]
COM8 1 20
4
[3125 2700 2805 2715 2840 2700 2920 2910] [3285 3065 3230 3020 3170 3050 3195 3135]
[3005 3045 3000 2935 2875 2745 2805 2925] [3220 3160 3155 3200 3155 3185 3185 3095]
[2795 3065 2945 2855 2900 2980 2875 3000] [3045 3170 3065 3040 3135 3060 2905 2690]
[3080 3215 2870 2950 3035 2840 3020 2975] [3165 3055 3245 3140 3010 2910 2955 2330]
[2870 2945 2815 2925 3045 3225 3135 2860] [3190 3155 3225 3235 3275 3070 2750 2190]
[3310 3050 2975 3140 2800 3125 2935 2875] [3020 3145 3150 3380 3075 3135 2975 2325]
[3050 2840 2940 2800 3100 2770 2885 3070] [3350 3325 3390 3180 3155 3195 2925 2635]
[2980 3100 2905 2885 2670 2795 3070 2640] [3130 3390 3290 3340 3290 3105 3085 2495]
COM3 0 21
4
[2825 2715 2700 2830 2965 2870 2835 2940] [3285 3065 3230 3020 3170 3050 3195 3135]
[3000 2935 2885 3015 2840 2860 2840 2755] [3220 3160 3155 3200 3155 3185 3185 3095]
[2945 2775 2900 2895 2915 2785 2770 2735] [3045 3170 3065 3040 3135 3060 2905 2690]
[2965 2835 3065 3005 2965 2890 2910 2870] [3165 3055 3245 3140 3010 2910 2955 2330]
[2885 2985 2970 2910 2910 2885 2835 3020] [3190 3155 3225 3235 3275 3070 2750 2190]
[3100 2885 2955 2925 2785 3005 2990 2965] [3020 3145 3150 3380 3075 3135 2975 2325]
[2900 2805 3115 3040 2960 2940 2985 2785] [3350 3325 3390 3180 3155 3195 2925 2635]
[2995 3020 2990 2935 2785 2995 2875 2730] [3130 3390 3290 3340 3290 3105 3085 2495]
COM8 1 22
4
[2825 2715 2700 2830 2965 2870 2835 2940] [3165 3235 3355 3275 3215 3165 3080 3125]
[3000 2935 2885 3015 2840 2860 2840 2755] [3050 3130 3235 3145 3105 3225 3170 2915]
[2945 2775 2900 2895 2915 2785 2770 2735] [3375 3315 3185 3160 3130 2865 2920 2660]
[2965 2835 3065 3005 2965 2890 2910 2870] [3275 3335 3245 3150 3000 2670 2360 2275]
[2885 2985 2970 2910 2910 2885 2835 3020] [3275 3125 3225 2865 2835 2225 2270 1940]
[3100 2885 2955 2925 2785 3005 2990 2965] [3150 3160 3265 2985 2495 2245 1905 1875]
[2900 2805 3115 3040 2960 2940 2985 2785] [3280 3400 3195 3260 2655 2015 1835 1880]
[2995 3020 2990 2935 2785 2995 2875 2730] [3215 3205 3155 3155 2655 2150 2000 1665]
COM3 0 23
4
[2990 2770 2985 2915 2895 2870 2895 3005] [3165 3235 3355 3275 3215 3165 3080 3125]
[3110 3280 2915 2960 3010 2995 3055 2945] [3050 3130 3235 3145 3105 3225 3170 2915]
[3065 2805 2970 2910 2940 2990 2965 3155] [3375 3315 3185 3160 3130 2865 2920 2660]
[3020 3075 3195 3025 3030 3180 2955 3155] [3275 3335 3245 3150 3000 2670 2360 2275]
[3060 2935 2995 3115 3050 2905 3100 3260] [3275 3125 3225 2865 2835 2225 2270 1940]
[2825 2995 3200 3235 2810 3105 2935 3260] [3150 3160 3265 2985 2495 2245 1905 1875]
[3115 3155 3250 3400 3185 2900 2845 2915] [3280 3400 3195 3260 2655 2015 1835 1880]
[3000 2935 2905 3005 2935 2905 3070 2945] [3215 3205 3155 3155 2655 2150 2000 1665]
COM8 1 24
4
[2990 2770 2985 2915 2895 2870 2895 3005] [3135 2955 3255 3120 2995 3070 3075 3135]
[3110 3280 2915 2960 3010 2995 3055 2945] [3055 3010 3200 3025 3110 3120 3025 2925]
[3065 2805 2970 2910 2940 2990 2965 3155] [3235 3085 3065 3060 3075 3085 3040 3100]
[3020 3075 3195 3025 3030 3180 2955 3155] [3015 3180 3255 3050 3010 3125 3065 2865]
[3060 2935 2995 3115 3050 2905 3100 3260] [3175 3175 3150 2960 3120 2965 2865 2715]
[2825 2995 3200 3235 2810 3105 2935 3260] [2850 3095 2970 3080 2775 2635 2340 2410]
[3115 3155 3250 3400 3185 2900 2845 2915] [3075 3285 3175 2750 2480 2205 2205 2085]
[3000 2935 2905 3005 2935 2905 3070 2945] [3025 3155 2775 2450 2160 1825 1765 1980]
COM3 0 25
4
[3125 2765 2865 2800 2965 2825 2940 2945] [3135 2955 3255 3120 2995 3070 3075 3135]
[3095 3025 2980 3015 2860 2995 2825 2960] [3055 3010 3200 3025 3110 3120 3025 2925]
[2890 3005 3150 2755 2865 3090 2935 2980] [3235 3085 3065 3060 3075 3085 3040 3100]
[2880 3130 3070 3035 3110 2955 3090 2840] [3015 3180 3255 3050 3010 3125 3065 2865]
[3165 3085 3045 2895 3035 2935 3215 3055] [3175 3175 3150 2960 3120 2965 2865 2715]
[3035 2965 3010 3135 2810 3230 3085 3095] [2850 3095 2970 3080 2775 2635 2340 2410]
[2975 2965 2695 2870 2960 2970 3165 3390] [3075 3285 3175 2750 2480 2205 2205 2085]
[2900 2810 3210 2895 3225 3105 3065 3065] [3025 3155 2775 2450 2160 1825 1765 1980]
COM8 1 26
4
[3125 2765 2865 2800 2965 2825 2940 2945] [3120 3085 3145 3090 3095 3070 3185 3140]
[3095 3025 2980 3015 2860 2995 2825 2960] [3270 3050 3320 3010 3215 3130 3140 3145]
[2890 3005 3150 2755 2865 3090 2935 2980] [3055 3200 3065 3170 3135 3135 3130 3110]
[2880 3130 3070 3035 3110 2955 3090 2840] [3160 3355 3390 3040 3145 3150 3110 3055]
[3165 3085 3045 2895 3035 2935 3215 3055] [3195 3180 3200 2955 3140 3105 3240 2980]
[3035 2965 3010 3135 2810 3230 3085 3095] [3045 3070 3135 3215 3005 3040 3065 3005]
[2975 2965 2695 2870 2960 2970 3165 3390] [3235 2990 3345 3200 2935 2955 2745 2695]
[2900 2810 3210 2895 3225 3105 3065 3065] [2930 3225 3190 2950 2770 2440 2180 2110]
COM3 0 27
4
[2970 2975 2710 2885 2865 2795 2825 2910] [3120 3085 3145 3090 3095 3070 3185 3140]
[2990 2825 2890 2840 2840 2980 2855 2895] [3270 3050 3320 3010 3215 3130 3140 3145]
[3055 2865 2775 2875 2935 2855 2885 2990] [3055 3200 3065 3170 3135 3135 3130 3110]
[3215 2850 2985 2840 3040 2970 2920 2890] [3160 3355 3390 3040 3145 3150 3110 3055]
[3210 2975 3035 2825 2850 2830 3160 3075] [3195 3180 3200 2955 3140 3105 3240 2980]
[3010 3005 2955 2735 3055 2955 2990 2875] [3045 3070 3135 3215 3005 3040 3065 3005]
[2900 2750 2730 3080 2745 3225 2955 2970] [3235 2990 3345 3200 2935 2955 2745 2695]
[2895 3055 2975 2840 2970 2735 2960 3015] [2930 3225 3190 2950 2770 2440 2180 2110]
COM8 1 28
4
[2970 2975 2710 2885 2865 2795 2825 2910] [3090 3270 3105 3060 3170 3025 3065 3195]
[2990 2825 2890 2840 2840 2980 2855 2895] [3345 2985 3155 3175 3115 3150 2965 2925]
[3055 2865 2775 2875 2935 2855 2885 2990] [3290 3100 3220 3075 3360 3085 3060 2870]
[3215 2850 2985 2840 3040 2970 2920 2890] [3135 3070 3155 3020 3175 3160 3040 2715]
[3210 2975 3035 2825 2850 2830 3160 3075] [3190 3160 3215 3030 3040 3080 3070 2890]
[3010 3005 2955 2735 3055 2955 2990 2875] [3055 3180 3195 3315 3005 3055 2890 2435]
[2900 2750 2730 3080 2745 3225 2955 2970] [3280 3050 3285 3030 3045 2645 2465 2355]
[2895 3055 2975 2840 2970 2735 2960 3015] [3145 3465 3160 2995 2620 2310 2025 2040]
COM3 0 29
4
[3095 2810 2625 2945 2845 2935 2945 3115] [3090 3270 3105 3060 3170 3025 3065 3195]
[2910 3005 2955 2875 2845 2960 2875 3005] [3345 2985 3155 3175 3115 3150 2965 2925]
[2870 3085 3150 2975 3010 2970 2885 3090] [3290 3100 3220 3075 3360 3085 3060 2870]
[2905 3085 2945 2995 3040 3025 3065 2980] [3135 3070 3155 3020 3175 3160 3040 2715]
[3215 3070 3185 3110 3115 2925 3225 3170] [3190 3160 3215 3030 3040 3080 3070 2890]
[3085 3175 3220 3070 2965 2960 3000 3115] [3055 3180 3195 3315 3005 3055 2890 2435]
[3200 3110 2950 2905 2950 3080 2855 2970] [3280 3050 3285 3030 3045 2645 2465 2355]
[3100 3100 2795 3070 3200 2975 3450 3045] [3145 3465 3160 2995 2620 2310 2025 2040]
COM8 1 30
4
[3095 2810 2625 2945 2845 2935 2945 3115] [3260 3115 3145 3305 3210 2925 2735 2750]
[2910 3005 2955 2875 2845 2960 2875 3005] [3195 3255 3270 3020 3015 3100 2635 2285]
[2870 3085 3150 2975 3010 2970 2885 3090] [3260 3225 3080 2935 3185 2920 2245 2025]
[2905 3085 2945 2995 3040 3025 3065 2980] [3240 3025 3405 3330 3055 2555 2315 1845]
[3215 3070 3185 3110 3115 2925 3225 3170] [3065 3220 3365 2945 2685 2385 2065 2075]
[3085 3175 3220 3070 2965 2960 3000 3115] [2920 3235 3070 2740 2335 2125 2225 2280]
[3200 3110 2950 2905 2950 3080 2855 2970] [3225 3265 2750 2185 2125 2120 2150 2470]
[3100 3100 2795 3070 3200 2975 3450 3045] [3140 2720 2465 2265 1965 1965 2225 2355]
COM3 0 31
4
[2845 2760 2890 2910 2725 2925 2930 2805] [3260 3115 3145 3305 3210 2925 2735 2750]
[3005 3005 2745 2935 2790 2980 2995 2780] [3195 3255 3270 3020 3015 3100 2635 2285]
[2935 2725 3100 2975 2865 2910 2920 2895] [3260 3225 3080 2935 3185 2920 2245 2025]
[2805 2700 3110 2955 3030 2945 2990 2865] [3240 3025 3405 3330 3055 2555 2315 1845]
[3205 3090 3130 2960 3050 2925 2945 2805] [3065 3220 3365 2945 2685 2385 2065 2075]
[2985 2940 2955 2975 3010 3100 3215 3200] [2920 3235 3070 2740 2335 2125 2225 2280]
[2900 2875 3035 3165 2935 2995 2885 2790] [3225 3265 2750 2185 2125 2120 2150 2470]
[3245 3320 2790 2925 3330 2965 3195 3015] [3140 2720 2465 2265 1965 1965 2225 2355]
COM8 1 32
4
[2845 2760 2890 2910 2725 2925 2930 2805] [2960 3110 2995 3010 2895 2445 2155 2150]
[3005 3005 2745 2935 2790 2980 2995 2780] [3010 2975 3070 2865 2540 2475 2145 2110]
[2935 2725 3100 2975 2865 2910 2920 2895] [3195 3085 2955 2640 2380 2050 1970 2185]
[2805 2700 3110 2955 3030 2945 2990 2865] [2930 3215 2855 2405 2195 1925 2175 2390]
[3205 3090 3130 2960 3050 2925 2945 2805] [3145 2940 2640 2105 1885 1945 2425 2605]
[2985 2940 2955 2975 3010 3100 3215 3200] [3010 2740 2420 2040 1820 2115 2405 2740]
[2900 2875 3035 3165 2935 2995 2885 2790] [2895 2735 2160 1935 1750 1885 2210 2415]
[3245 3320 2790 2925 3330 2965 3195 3015] [3190 2600 2375 2085 1680 1825 2080 2010]
COM3 0 33
4
[2915 2995 2975 2890 2855 2790 2935 2810] [2960 3110 2995 3010 2895 2445 2155 2150]
[3005 2955 2790 2900 2930 2955 2905 2995] [3010 2975 3070 2865 2540 2475 2145 2110]
[2790 2960 2875 2790 2770 2950 2835 3075] [3195 3085 2955 2640 2380 2050 1970 2185]
[3065 2750 3180 3005 2925 3025 3075 2785] [2930 3215 2855 2405 2195 1925 2175 2390]
[2980 3015 2965 3000 3000 2875 3025 3075] [3145 2940 2640 2105 1885 1945 2425 2605]
[2755 2910 3010 2925 3015 3135 2775 2510] [3010 2740 2420 2040 1820 2115 2405 2740]
[3040 2955 3135 2905 3045 2815 2570 2745] [2895 2735 2160 1935 1750 1885 2210 2415]
[3090 3285 2960 3000 3190 3050 2885 3260] [3190 2600 2375 2085 1680 1825 2080 2010]
COM8 1 34
4
[2915 2995 2975 2890 2855 2790 2935 2810] [3430 3250 3360 3105 2885 2505 2220 2225]
[3005 2955 2790 2900 2930 2955 2905 2995] [3220 3075 3100 3055 2660 2330 2090 2030]
[2790 2960 2875 2790 2770 2950 2835 3075] [3145 3145 3175 2820 2550 2020 1995 2165]
[3065 2750 3180 3005 2925 3025 3075 2785] [2960 3075 3005 2525 2235 1945 2050 2140]
[2980 3015 2965 3000 3000 2875 3025 3075] [3165 3070 3005 2450 2170 1905 1945 2245]
[2755 2910 3010 2925 3015 3135 2775 2510] [3075 3245 2975 2470 2060 1890 1995 1925]
[3040 2955 3135 2905 3045 2815 2570 2745] [3265 3365 3200 2705 2125 1940 1805 1900]
[3090 3285 2960 3000 3190 3050 2885 3260] [3385 3145 3150 2680 2490 2035 1820 1755]
COM3 0 35
4
[2870 2785 2745 2885 2845 2770 2870 2855] [3430 3250 3360 3105 2885 2505 2220 2225]
[2875 2870 2895 3020 2860 2970 2940 3005] [3220 3075 3100 3055 2660 2330 2090 2030]
[2795 2995 3010 2835 2965 2980 3020 2830] [3145 3145 3175 2820 2550 2020 1995 2165]
[2900 2910 3055 3015 3030 2930 3005 2935] [2960 3075 3005 2525 2235 1945 2050 2140]
[3165 3005 3000 2625 3155 2815 2865 3075] [3165 3070 3005 2450 2170 1905 1945 2245]
[2835 3150 3145 3050 2765 2940 2920 2800] [3075 3245 2975 2470 2060 1890 1995 1925]
[2930 3045 3025 2855 3090 2960 2880 2965] [3265 3365 3200 2705 2125 1940 1805 1900]
[3115 3100 3105 2905 3075 3330 2995 3105] [3385 3145 3150 2680 2490 2035 1820 1755]
COM8 1 36
4
[2870 2785 2745 2885 2845 2770 2870 2855] [3320 3270 3410 3040 3245 2925 2395 2020]
[2875 2870 2895 3020 2860 2970 2940 3005] [3055 3095 3265 3200 3080 2865 2365 1850]
[2795 2995 3010 2835 2965 2980 3020 2830] [3070 3120 3190 3020 2855 2395 2025 1650]
[2900 2910 3055 3015 3030 2930 3005 2935] [3110 3155 3160 3065 2690 2280 1865 1580]
[3165 3005 3000 2625 3155 2815 2865 3075] [3480 3210 3270 2945 2710 2215 1915 1685]
[2835 3150 3145 3050 2765 2940 2920 2800] [3300 3170 3215 3125 2685 2165 1730 1620]
[2930 3045 3025 2855 3090 2960 2880 2965] [3315 3305 3265 3185 2850 2005 1880 1600]
[3115 3100 3105 2905 3075 3330 2995 3105] [3200 3000 3195 3335 2815 2195 1815 1640]
COM3 0 37
4
[2780 2915 2875 2915 2770 2830 2850 2935] [3320 3270 3410 3040 3245 2925 2395 2020]
[2955 3190 2870 2980 2930 2925 2925 2920] [3055 3095 3265 3200 3080 2865 2365 1850]
[2935 2875 2835 2920 2990 2875 2865 2970] [3070 3120 3190 3020 2855 2395 2025 1650]
[3070 3065 2950 2845 3000 2955 2810 3000] [3110 3155 3160 3065 2690 2280 1865 1580]
[3200 2995 3025 2895 3150 2895 3095 3070] [3480 3210 3270 2945 2710 2215 1915 1685]
[3010 2925 3145 2780 2985 2745 3220 2660] [3300 3170 3215 3125 2685 2165 1730 1620]
[3175 3045 3165 3035 3210 3145 2770 2785] [3315 3305 3265 3185 2850 2005 1880 1600]
[3220 3310 3055 3130 3200 2985 3255 3195] [3200 3000 3195 3335 2815 2195 1815 1640]
COM8 1 38
4
[2780 2915 2875 2915 2770 2830 2850 2935] [3250 3360 3140 3125 3055 2565 2240 1900]
[2955 3190 2870 2980 2930 2925 2925 2920] [3200 3110 3215 2880 2510 2305 1905 1625]
[2935 2875 2835 2920 2990 2875 2865 2970] [3330 3235 3065 2545 2285 1880 1675 1585]
[3070 3065 2950 2845 3000 2955 2810 3000] [3315 3195 2595 2305 1730 1605 1615 1575]
[3200 2995 3025 2895 3150 2895 3095 3070] [3250 3005 2505 1905 1630 1445 1620 1800]
[3010 2925 3145 2780 2985 2745 3220 2660] [3070 3005 2415 1970 1600 1510 1705 1860]
[3175 3045 3165 3035 3210 3145 2770 2785] [3205 3210 2590 1940 1595 1515 1735 1820]
[3220 3310 3055 3130 3200 2985 3255 3195] [3235 3285 2800 2305 1625 1585 1690 1850]
COM3 0 39
4
[2740 2810 2915 2715 2900 2870 2945 2940] [3250 3360 3140 3125 3055 2565 2240 1900]
[3055 2800 2980 2860 2755 2895 2870 2905] [3200 3110 3215 2880 2510 2305 1905 1625]
[2905 2900 3035 2955 2775 2945 2870 2990] [3330 3235 3065 2545 2285 1880 1675 1585]
[3050 2745 2945 2995 3085 2960 2985 2890] [3315 3195 2595 2305 1730 1605 1615 1575]
[3125 3060 2925 2865 2870 2925 2915 2970] [3250 3005 2505 1905 1630 1445 1620 1800]
[3025 2860 2795 3075 2805 3090 3015 3055] [3070 3005 2415 1970 1600 1510 1705 1860]
[3245 2755 2820 3010 3045 2995 2775 2800] [3205 3210 2590 1940 1595 1515 1735 1820]
[2655 3265 2985 3000 3155 2975 3135 2760] [3235 3285 2800 2305 1625 1585 1690 1850]
COM8 1 40
4
[2740 2810 2915 2715 2900 2870 2945 2940] [3330 3090 3205 3135 3130 2715 2225 2000]
[3055 2800 2980 2860 2755 2895 2870 2905] [3205 3280 3265 3065 2690 2485 2050 1675]
[2905 2900 3035 2955 2775 2945 2870 2990] [3190 3090 2970 2575 2425 2095 1770 1630]
[3050 2745 2945 2995 3085 2960 2985 2890] [3195 2845 2610 2360 2110 1700 1675 1635]
[3125 3060 2925 2865 2870 2925 2915 2970] [2870 2330 2195 1855 1760 1585 1705 1770]
[3025 2860 2795 3075 2805 3090 3015 3055] [2390 1960 1870 1830 1660 1615 1785 1875]
[3245 2755 2820 3010 3045 2995 2775 2800] [2175 1805 1665 1615 1600 1630 1650 1935]
[2655 3265 2985 3000 3155 2975 3135 2760] [2105 1610 1600 1635 1530 1570 1715 1915]
COM3 0 41
4
[2970 2640 2950 2815 2765 2910 2905 2955] [3330 3090 3205 3135 3130 2715 2225 2000]
[2965 2920 2755 2985 2830 2735 2795 2985] [3205 3280 3265 3065 2690 2485 2050 1675]
[2895 2895 2800 2835 2915 2980 2895 2905] [3190 3090 2970 2575 2425 2095 1770 1630]
[2725 2855 3000 2955 2850 3000 2995 3000] [3195 2845 2610 2360 2110 1700 1675 1635]
[2980 2870 3000 2855 3045 2925 3205 3040] [2870 2330 2195 1855 1760 1585 1705 1770]
[2785 2915 3060 2685 2835 2815 2890 2990] [2390 1960 1870 1830 1660 1615 1785 1875]
[3115 2985 2950 2945 2865 2860 2980 2970] [2175 1805 1665 1615 1600 1630 1650 1935]
[2930 2770 2800 2840 2725 2975 3050 3135] [2105 1610 1600 1635 1530 1570 1715 1915]
COM8 1 42
4
[2970 2640 2950 2815 2765 2910 2905 2955] [3335 3185 3275 3105 3075 2875 2400 2095]
[2965 2920 2755 2985 2830 2735 2795 2985] [3120 3170 3325 3075 3050 2645 2175 1910]
[2895 2895 2800 2835 2915 2980 2895 2905] [3210 3140 3130 2945 2890 2325 1920 1725]
[2725 2855 3000 2955 2850 3000 2995 3000] [3305 3045 3160 3095 2715 2210 2010 1670]
[2980 2870 3000 2855 3045 2925 3205 3040] [2975 3260 3005 2875 2545 2100 1850 1825]
[2785 2915 3060 2685 2835 2815 2890 2990] [3135 3010 2950 2670 2200 1935 1785 1865]
[3115 2985 2950 2945 2865 2860 2980 2970] [3035 2515 2385 2195 1865 1805 1755 1655]
[2930 2770 2800 2840 2725 2975 3050 3135] [2435 2275 2025 2045 1640 1545 1705 1755]
COM3 0 43
4
[2710 2765 2830 2905 2815 2700 3035 2950] [3335 3185 3275 3105 3075 2875 2400 2095]
[3100 2910 2980 3015 2845 2875 2925 2985] [3120 3170 3325 3075 3050 2645 2175 1910]
[2780 3060 2915 3020 2915 2800 2945 3050] [3210 3140 3130 2945 2890 2325 1920 1725]
[2935 3095 3125 2905 2970 3120 2885 2915] [3305 3045 3160 3095 2715 2210 2010 1670]
[3275 2975 2945 2860 2940 2925 3095 3205] [2975 3260 3005 2875 2545 2100 1850 1825]
[3030 3130 3245 2795 2870 2995 2985 2920] [3135 3010 2950 2670 2200 1935 1785 1865]
[3035 3065 2910 2930 2935 2885 2865 3085] [3035 2515 2385 2195 1865 1805 1755 1655]
[3085 3070 2975 2900 2970 3045 3165 2690] [2435 2275 2025 2045 1640 1545 1705 1755]
COM8 1 44
4
[2710 2765 2830 2905 2815 2700 3035 2950] [3285 3105 3225 2945 3205 2970 2515 2095]
[3100 2910 2980 3015 2845 2875 2925 2985] [3120 2980 3110 3035 3045 2970 2375 1845]
[2780 3060 2915 3020 2915 2800 2945 3050] [3140 2965 2780 2705 2835 2565 2185 1800]
[2935 3095 3125 2905 2970 3120 2885 2915] [3335 3075 2755 2630 2340 2165 2000 1750]
[3275 2975 2945 2860 2940 2925 3095 3205] [3090 2940 2610 2275 2135 2030 1865 1895]
[3030 3130 3245 2795 2870 2995 2985 2920] [3040 2975 2790 2170 1925 1680 1805 1760]
[3035 3065 2910 2930 2935 2885 2865 3085] [3080 3050 2930 2125 1865 1615 1660 1970]
[3085 3070 2975 2900 2970 3045 3165 2690] [3115 2690 2315 1970 1635 1545 1745 1895]
COM3 0 45
4
[3020 2795 2630 3005 3020 2880 3095 3120] [3285 3105 3225 2945 3205 2970 2515 2095]
[3005 2845 3100 3015 3030 2930 2910 2910] [3120 2980 3110 3035 3045 2970 2375 1845]
[2940 2890 2935 2970 2915 2965 2935 2980] [3140 2965 2780 2705 2835 2565 2185 1800]
[3010 2975 3180 3030 3005 2945 3010 3000] [3335 3075 2755 2630 2340 2165 2000 1750]
[2895 2765 3050 2940 3110 3135 3085 3075] [3090 2940 2610 2275 2135 2030 1865 1895]
[3025 3130 3060 3050 3025 3145 2985 2980] [3040 2975 2790 2170 1925 1680 1805 1760]
[3000 3135 2780 3060 3145 2935 3155 2800] [3080 3050 2930 2125 1865 1615 1660 1970]
[3110 3110 3055 2865 2975 3140 2820 3080] [3115 2690 2315 1970 1635 1545 1745 1895]
COM8 1 46
4
[3020 2795 2630 3005 3020 2880 3095 3120] [3045 3165 3220 3105 3300 3055 2575 2185]
[3005 2845 3100 3015 3030 2930 2910 2910] [2970 3010 3125 3005 3075 2935 2285 2005]
[2940 2890 2935 2970 2915 2965 2935 2980] [3085 3060 2800 2805 2895 2645 2205 1740]
[3010 2975 3180 3030 3005 2945 3010 3000] [3130 3100 2625 2435 2435 2170 2030 1845]
[2895 2765 3050 2940 3110 3135 3085 3075] [2995 2685 2320 2005 1985 1915 1855 1950]
[3025 3130 3060 3050 3025 3145 2985 2980] [3010 2825 2270 2025 1675 1705 1835 1845]
[3000 3135 2780 3060 3145 2935 3155 2800] [3020 2770 2160 1805 1595 1595 1675 1885]
[3110 3110 3055 2865 2975 3140 2820 3080] [3045 2355 1770 1920 1690 1485 1660 1925]
COM3 0 47
4
[2895 2750 2830 2930 2875 2840 2960 3040] [3045 3165 3220 3105 3300 3055 2575 2185]
[3070 3025 2920 2740 2865 2865 2870 2910] [2970 3010 3125 3005 3075 2935 2285 2005]
[2680 2720 2815 2695 2740 2980 2840 2975] [3085 3060 2800 2805 2895 2645 2205 1740]
[3000 2990 2790 2880 3040 2885 2945 2965] [3130 3100 2625 2435 2435 2170 2030 1845]
[2980 2990 3060 2875 2840 2890 2995 3045] [2995 2685 2320 2005 1985 1915 1855 1950]
[2985 2605 2950 2960 2875 2995 3070 2660] [3010 2825 2270 2025 1675 1705 1835 1845]
[2945 2830 2915 2945 2765 2915 2715 3115] [3020 2770 2160 1805 1595 1595 1675 1885]
[2965 3035 2985 2995 2975 2920 2865 2930] [3045 2355 1770 1920 1690 1485 1660 1925]
COM8 1 48
4
[2895 2750 2830 2930 2875 2840 2960 3040] [2915 2685 2920 2810 2915 2630 2375 2170]
[3070 3025 2920 2740 2865 2865 2870 2910] [3025 2560 2505 2425 2465 2440 2150 1825]
[2680 2720 2815 2695 2740 2980 2840 2975] [3035 2515 2060 2025 2085 1930 1880 1790]
[3000 2990 2790 2880 3040 2885 2945 2965] [3020 2435 1965 1745 1710 1645 1750 1830]
[2980 2990 3060 2875 2840 2890 2995 3045] [2940 2430 2045 1675 1630 1580 1780 1955]
[2985 2605 2950 2960 2875 2995 3070 2660] [2405 2045 1775 1875 1615 1705 1780 2030]
[2945 2830 2915 2945 2765 2915 2715 3115] [1960 1900 1900 1800 1785 1695 1755 2285]
[2965 3035 2985 2995 2975 2920 2865 2930] [1760 1860 2005 2095 1925 1690 1835 2170]
COM3 0 49
4
[3040 2955 2675 2935 2930 2845 2980 2860] [2915 2685 2920 2810 2915 2630 2375 2170]
[2845 2945 2945 2975 2730 2850 2940 3010] [3025 2560 2505 2425 2465 2440 2150 1825]
[2760 2875 3025 3030 2915 2980 2705 2905] [3035 2515 2060 2025 2085 1930 1880 1790]
[3070 3095 3020 2795 3020 3015 2865 3000] [3020 2435 1965 1745 1710 1645 1750 1830]
[3095 2890 2970 2800 2990 2990 2890 2975] [2940 2430 2045 1675 1630 1580 1780 1955]
[2795 2775 3045 2805 2965 3050 2975 3000] [2405 2045 1775 1875 1615 1705 1780 2030]
[3040 3135 3445 3005 3050 2870 2925 2915] [1960 1900 1900 1800 1785 1695 1755 2285]
[2905 3060 2885 3180 2975 2885 3050 2780] [1760 1860 2005 2095 1925 1690 1835 2170]
COM8 1 50
4
[3040 2955 2675 2935 2930 2845 2980 2860] [3075 2555 2170 1740 1755 1915 1920 1800]
[2845 2945 2945 2975 2730 2850 2940 3010] [2905 2390 1920 1755 1660 1815 1765 1705]
[2760 2875 3025 3030 2915 2980 2705 2905] [2510 1930 1785 1810 1815 1715 1770 1770]
[3070 3095 3020 2795 3020 3015 2865 3000] [1845 1565 1735 1770 1815 1760 1730 1845]
[3095 2890 2970 2800 2990 2990 2890 2975] [1685 1725 1915 1855 1905 1855 1805 1950]
[2795 2775 3045 2805 2965 3050 2975 3000] [1400 1615 1980 2185 1920 1735 1870 2105]
[3040 3135 3445 3005 3050 2870 2925 2915] [1610 1880 2275 2245 2055 1805 1790 2100]
[2905 3060 2885 3180 2975 2885 3050 2780] [1700 1760 2195 2325 1860 1630 1825 2160]
COM3 0 51
4
[2970 2785 2760 2765 2885 2710 2920 3055] [3075 2555 2170 1740 1755 1915 1920 1800]
[3000 2950 2770 2895 2785 2970 2730 2750] [2905 2390 1920 1755 1660 1815 1765 1705]
[2730 2815 2710 2750 2835 2920 2735 2810] [2510 1930 1785 1810 1815 1715 1770 1770]
[2740 2870 3045 2925 3000 2955 2900 2870] [1845 1565 1735 1770 1815 1760 1730 1845]
[2870 2865 3070 2880 2995 2935 2915 3065] [1685 1725 1915 1855 1905 1855 1805 1950]
[3175 2680 2925 2935 2945 2920 2870 2970] [1400 1615 1980 2185 1920 1735 1870 2105]
[2795 3105 3040 2870 2895 2705 3020 2915] [1610 1880 2275 2245 2055 1805 1790 2100]
[3145 2935 2550 3010 2620 2780 2895 2945] [1700 1760 2195 2325 1860 1630 1825 2160]
COM8 1 52
4
[2970 2785 2760 2765 2885 2710 2920 3055] [2725 2370 2025 1825 2040 1975 2155 2000]
[3000 2950 2770 2895 2785 2970 2730 2750] [2555 1995 1780 1675 1770 2160 1935 1855]
[2730 2815 2710 2750 2835 2920 2735 2810] [2340 1900 1580 1625 1940 1970 1930 1785]
[2740 2870 3045 2925 3000 2955 2900 2870] [2060 1760 1645 1805 1855 1785 1720 1935]
[2870 2865 3070 2880 2995 2935 2915 3065] [1880 1595 1720 1570 1835 1660 1785 2140]
[3175 2680 2925 2935 2945 2920 2870 2970] [1700 1440 1690 1860 1890 1775 1880 2315]
[2795 3105 3040 2870 2895 2705 3020 2915] [1690 1550 1750 1625 1825 1670 1860 2250]
[3145 2935 2550 3010 2620 2780 2895 2945] [1760 1565 1665 1655 1660 1590 1915 2380]
COM3 0 53
4
[3075 2800 2625 2840 2825 2870 2975 3015] [2725 2370 2025 1825 2040 1975 2155 2000]
[2805 2995 3050 2795 2870 2865 2940 3000] [2555 1995 1780 1675 1770 2160 1935 1855]
[2890 2950 3140 2780 2875 3065 3020 2940] [2340 1900 1580 1625 1940 1970 1930 1785]
[3065 3050 3160 2960 2990 3045 2925 2850] [2060 1760 1645 1805 1855 1785 1720 1935]
[2775 3060 2940 2860 3045 2880 3025 3190] [1880 1595 1720 1570 1835 1660 1785 2140]
[3110 3055 3145 2920 2995 3130 3070 2955] [1700 1440 1690 1860 1890 1775 1880 2315]
[2670 3170 2890 3165 2865 3105 2800 2905] [1690 1550 1750 1625 1825 1670 1860 2250]
[3225 2905 3090 2845 3095 2985 3180 3115] [1760 1565 1665 1655 1660 1590 1915 2380]
COM8 1 54
4
[3075 2800 2625 2840 2825 2870 2975 3015] [3185 2830 2495 1895 1640 1445 1665 2080]
[2805 2995 3050 2795 2870 2865 2940 3000] [2970 2630 2160 1780 1585 1565 1685 2095]
[2890 2950 3140 2780 2875 3065 3020 2940] [2950 2470 1960 1625 1530 1540 1925 2365]
[3065 3050 3160 2960 2990 3045 2925 2850] [2975 2210 1800 1615 1535 1650 2095 2415]
[2775 3060 2940 2860 3045 2880 3025 3190] [2550 2190 1785 1460 1515 1695 2420 2750]
[3110 3055 3145 2920 2995 3130 3070 2955] [2790 2040 1670 1575 1560 1795 2385 2845]
[2670 3170 2890 3165 2865 3105 2800 2905] [2700 2340 1755 1440 1595 1745 2240 2995]
[3225 2905 3090 2845 3095 2985 3180 3115] [2930 2305 1705 1565 1470 1680 2190 2860]
COM3 0 55
4
[3115 2920 2880 2825 2845 2815 2980 3105] [3185 2830 2495 1895 1640 1445 1665 2080]
[3100 3025 2810 2885 2925 2890 2940 3105] [2970 2630 2160 1780 1585 1565 1685 2095]
[2765 2945 2870 2860 3020 2905 2850 3120] [2950 2470 1960 1625 1530 1540 1925 2365]
[2975 2840 3055 2930 3145 3045 3005 2845] [2975 2210 1800 1615 1535 1650 2095 2415]
[3070 3095 2990 2990 2905 2895 3095 2910] [2550 2190 1785 1460 1515 1695 2420 2750]
[2995 2950 2925 3165 3005 3130 3055 2765] [2790 2040 1670 1575 1560 1795 2385 2845]
[3110 2895 2950 2945 2775 3110 3195 2800] [2700 2340 1755 1440 1595 1745 2240 2995]
[3065 3215 2795 3085 3105 2885 3130 3045] [2930 2305 1705 1565 1470 1680 2190 2860]
COM8 1 56
4
[3115 2920 2880 2825 2845 2815 2980 3105] [2855 2545 2340 1740 1635 1690 2100 2675]
[3100 3025 2810 2885 2925 2890 2940 3105] [2670 2320 1915 1485 1585 1745 2135 2550]
[2765 2945 2870 2860 3020 2905 2850 3120] [2365 2005 1700 1585 1625 1660 2335 2710]
[2975 2840 3055 2930 3145 3045 3005 2845] [2040 1630 1585 1470 1670 1820 2450 3075]
[3070 3095 2990 2990 2905 2895 3095 2910] [1790 1640 1535 1435 1650 1835 2440 3075]
[2995 2950 2925 3165 3005 3130 3055 2765] [1735 1550 1510 1615 1615 1905 2440 2940]
[3110 2895 2950 2945 2775 3110 3195 2800] [1920 1650 1580 1490 1455 1775 2090 3010]
[3065 3215 2795 3085 3105 2885 3130 3045] [2155 1635 1560 1520 1385 1620 1990 2570]
COM3 0 57
4
[2740 2765 3000 2945 2735 2855 2795 2830] [2855 2545 2340 1740 1635 1690 2100 2675]
[2890 3035 2865 2950 2750 2930 2845 2720] [2670 2320 1915 1485 1585 1745 2135 2550]
[2835 2815 2725 2710 2760 2885 2735 2915] [2365 2005 1700 1585 1625 1660 2335 2710]
[2975 2940 3000 3085 2850 2825 2935 2945] [2040 1630 1585 1470 1670 1820 2450 3075]
[3115 2820 3050 2680 2890 2860 3025 2750] [1790 1640 1535 1435 1650 1835 2440 3075]
[2955 3130 3345 2915 2875 2850 3055 2860] [1735 1550 1510 1615 1615 1905 2440 2940]
[2825 2750 2930 2780 2955 2790 2630 2690] [1920 1650 1580 1490 1455 1775 2090 3010]
[2880 2800 2710 2930 3110 3165 2855 2110] [2155 1635 1560 1520 1385 1620 1990 2570]
COM8 1 58
4
[2740 2765 3000 2945 2735 2855 2795 2830] [3020 2590 2045 1715 1820 1785 2300 2805]
[2890 3035 2865 2950 2750 2930 2845 2720] [2800 2275 1920 1595 1675 1950 2415 2825]
[2835 2815 2725 2710 2760 2885 2735 2915] [2395 2030 1655 1600 1800 2175 2585 3110]
[2975 2940 3000 3085 2850 2825 2935 2945] [2060 1700 1600 1620 1845 2265 2845 3080]
[3115 2820 3050 2680 2890 2860 3025 2750] [1855 1650 1675 1490 1825 2345 2960 2930]
[2955 3130 3345 2915 2875 2850 3055 2860] [1640 1730 1640 1655 1750 2220 2885 3310]
[2825 2750 2930 2780 2955 2790 2630 2690] [1840 1720 1715 1590 1670 1995 2590 3195]
[2880 2800 2710 2930 3110 3165 2855 2110] [1820 1715 1650 1605 1540 1675 2385 3020]
COM3 0 59
4
[2835 2880 2775 2805 2990 2785 2860 2785] [3020 2590 2045 1715 1820 1785 2300 2805]
[3110 2825 2615 3100 2910 2945 2940 2870] [2800 2275 1920 1595 1675 1950 2415 2825]
[2945 2900 2865 2930 2885 2980 2820 2980] [2395 2030 1655 1600 1800 2175 2585 3110]
[2980 2970 2870 3025 3000 2890 2985 2815] [2060 1700 1600 1620 1845 2265 2845 3080]
[3150 3035 3065 3010 2975 2770 3030 3180] [1855 1650 1675 1490 1825 2345 2960 2930]
[2860 2935 2995 3070 2880 3005 3010 2875] [1640 1730 1640 1655 1750 2220 2885 3310]
[2830 3020 2870 2955 3035 2945 2840 2805] [1840 1720 1715 1590 1670 1995 2590 3195]
[3130 2880 2950 2940 2985 2955 3040 2945] [1820 1715 1650 1605 1540 1675 2385 3020]
COM8 1 60
4
[2835 2880 2775 2805 2990 2785 2860 2785] [3025 2755 2485 1945 1775 1605 1945 2600]
[3110 2825 2615 3100 2910 2945 2940 2870] [3055 2645 2330 1770 1535 1735 2030 2500]
[2945 2900 2865 2930 2885 2980 2820 2980] [3130 2845 2095 1655 1625 1600 2120 2725]
[2980 2970 2870 3025 3000 2890 2985 2815] [2875 2260 1945 1635 1525 1810 2350 2865]
[3150 3035 3065 3010 2975 2770 3030 3180] [2520 2225 1830 1470 1650 1825 2590 3055]
[2860 2935 2995 3070 2880 3005 3010 2875] [2050 1935 1735 1685 1645 1900 2510 3135]
[2830 3020 2870 2955 3035 2945 2840 2805] [1965 1935 1725 1525 1585 1820 2505 3165]
[3130 2880 2950 2940 2985 2955 3040 2945] [2055 2065 1695 1605 1530 1740 2370 2955]
COM3 0 61
4
[2980 2695 2965 2755 2750 2880 2755 3040] [3025 2755 2485 1945 1775 1605 1945 2600]
[2925 3035 2875 2835 2830 2930 2990 2885] [3055 2645 2330 1770 1535 1735 2030 2500]
[2920 2995 2940 2870 2770 2950 2835 2755] [3130 2845 2095 1655 1625 1600 2120 2725]
[3050 2820 3160 2745 3000 2840 2665 2865] [2875 2260 1945 1635 1525 1810 2350 2865]
[3165 2895 3050 3010 3165 2910 3160 2945] [2520 2225 1830 1470 1650 1825 2590 3055]
[3030 3130 3060 3050 2770 2925 2920 3060] [2050 1935 1735 1685 1645 1900 2510 3135]
[3040 3110 2695 2930 2955 2885 2815 2790] [1965 1935 1725 1525 1585 1820 2505 3165]
[3290 2835 2935 3165 3255 3245 3190 2845] [2055 2065 1695 1605 1530 1740 2370 2955]
COM8 1 62
4
[2980 2695 2965 2755 2750 2880 2755 3040] [3035 3105 2850 2430 1900 1705 1920 2610]
[2925 3035 2875 2835 2830 2930 2990 2885] [2755 2910 2810 2275 1745 1625 1905 2385]
[2920 2995 2940 2870 2770 2950 2835 2755] [3055 2905 2535 1940 1685 1540 1905 2440]
[3050 2820 3160 2745 3000 2840 2665 2865] [2775 2570 2295 1760 1540 1635 1930 2475]
[3165 2895 3050 3010 3165 2910 3160 2945] [2580 2290 1890 1610 1580 1625 2080 2640]
[3030 3130 3060 3050 2770 2925 2920 3060] [2405 2170 1865 1770 1610 1670 2200 2830]
[3040 3110 2695 2930 2955 2885 2815 2790] [2240 2090 1775 1655 1505 1900 2215 2995]
[3290 2835 2935 3165 3255 3245 3190 2845] [2120 1875 1735 1585 1465 1690 2260 2925]
COM3 0 63
4
[2755 2800 2750 2775 2850 2900 2960 2855] [3035 3105 2850 2430 1900 1705 1920 2610]
[3010 3005 2870 2780 2950 2895 2845 2870] [2755 2910 2810 2275 1745 1625 1905 2385]
[2905 2740 2940 2825 2800 2970 2905 2880] [3055 2905 2535 1940 1685 1540 1905 2440]
[3070 2960 3160 3015 2980 3025 2995 2820] [2775 2570 2295 1760 1540 1635 1930 2475]
[3145 2935 3005 2660 2875 2925 3025 3205] [2580 2290 1890 1610 1580 1625 2080 2640]
[2800 3040 3145 2995 2990 2880 3055 2805] [2405 2170 1865 1770 1610 1670 2200 2830]
[3015 3050 3110 2940 2745 2885 2955 2910] [2240 2090 1775 1655 1505 1900 2215 2995]
[2930 2870 3095 2840 2975 2895 3030 2935] [2120 1875 1735 1585 1465 1690 2260 2925]
COM8 1 64
4
[2755 2800 2750 2775 2850 2900 2960 2855] [3155 3055 3115 2580 2115 1675 1690 2350]
[3010 3005 2870 2780 2950 2895 2845 2870] [3315 3165 3130 2365 2000 1700 1805 2335]
[2905 2740 2940 2825 2800 2970 2905 2880] [2845 3170 2700 2200 1835 1595 1865 2325]
[3070 2960 3160 3015 2980 3025 2995 2820] [2975 2605 2480 1925 1610 1600 1970 2445]
[3145 2935 3005 2660 2875 2925 3025 3205] [2300 2000 1980 1705 1575 1645 2105 2740]
[2800 3040 3145 2995 2990 2880 3055 2805] [1775 1915 1765 1655 1600 1805 2345 2805]
[3015 3050 3110 2940 2745 2885 2955 2910] [2015 1835 1755 1540 1655 1980 2425 3000]
[2930 2870 3095 2840 2975 2895 3030 2935] [2060 1740 1775 1600 1510 1945 2455 3315]
COM3 0 65
4
[3115 2895 2750 3005 2990 3010 2980 3125] [3155 3055 3115 2580 2115 1675 1690 2350]
[3195 3035 2935 3125 2930 2970 2920 3005] [3315 3165 3130 2365 2000 1700 1805 2335]
[2755 2895 3110 2970 2890 2895 2865 2990] [2845 3170 2700 2200 1835 1595 1865 2325]
[2960 2905 2945 2995 3020 2950 3085 2840] [2975 2605 2480 1925 1610 1600 1970 2445]
[3350 3045 3130 2970 2910 2880 3090 2750] [2300 2000 1980 1705 1575 1645 2105 2740]
[2920 3015 3290 2965 2870 2995 3135 2955] [1775 1915 1765 1655 1600 1805 2345 2805]
[3335 3115 3010 3205 2780 2795 3090 2975] [2015 1835 1755 1540 1655 1980 2425 3000]
[3155 2880 2985 3295 3155 2705 2975 2935] [2060 1740 1775 1600 1510 1945 2455 3315]