COM3 0 6
4
[2835 2755 2795 2880 2815 2890 2825 3180] [3295 3375 3290 3250 3240 3135 3215 3335]
[2915 2900 2945 2855 2915 3045 2915 2810] [3125 3215 3400 3020 3205 3200 3210 3080]
[3100 2860 2745 2760 2910 3065 2890 3085] [3110 3300 3325 3095 3140 3165 3120 3195]
[2505 2560 3020 2780 2790 3005 2795 2965] [3315 3210 3200 3245 3190 3130 3145 3120]
[2515 2570 2890 2975 3140 2980 3160 3140] [3225 3320 3140 3165 3195 3235 3315 3265]
[2335 2330 2935 3245 2920 2900 3035 3060] [3250 3250 3295 3270 3215 3125 3370 3150]
[2040 2355 2420 3010 3050 3095 2875 2945] [3225 3110 3400 3145 3205 3260 3415 3355]
[2260 2400 2335 2485 2820 2950 3020 3015] [3245 3255 3420 3385 3165 3270 3390 3330]
COM8 1 7
4
[2835 2755 2795 2880 2815 2890 2825 3180] [3300 3270 3255 3225 3245 3195 3145 3235]
[2915 2900 2945 2855 2915 3045 2915 2810] [3285 3285 3345 3255 3175 3200 3190 3100]
[3100 2860 2745 2760 2910 3065 2890 3085] [3265 3265 3305 3135 3240 3075 3145 3225]
[2505 2560 3020 2780 2790 3005 2795 2965] [3045 3210 3275 3175 3205 3130 3330 3175]
[2515 2570 2890 2975 3140 2980 3160 3140] [3185 3425 3190 3145 3275 3155 3065 3230]
[2335 2330 2935 3245 2920 2900 3035 3060] [3210 3250 3415 3165 3235 3265 3385 3190]
[2040 2355 2420 3010 3050 3095 2875 2945] [3275 3210 3385 3405 3290 3295 3305 3500]
[2260 2400 2335 2485 2820 2950 3020 3015] [3395 3505 3485 3385 3170 3275 3385 3225]
COM3 0 8
4
[2890 2805 2940 3040 2730 2720 2800 2990] [3300 3270 3255 3225 3245 3195 3145 3235]
[3020 2910 2940 2880 2890 3080 2910 2910] [3285 3285 3345 3255 3175 3200 3190 3100]
[2720 2690 2970 2980 2975 2840 2835 3040] [3265 3265 3305 3135 3240 3075 3145 3225]
[3030 3055 3000 2920 3135 2885 2955 3050] [3045 3210 3275 3175 3205 3130 3330 3175]
[2845 2525 2765 2875 3010 2875 3070 3030] [3185 3425 3190 3145 3275 3155 3065 3230]
[2235 2520 2755 2960 2645 2955 2725 2840] [3210 3250 3415 3165 3235 3265 3385 3190]
[2390 2340 2745 2850 3055 2960 3115 2715] [3275 3210 3385 3405 3290 3295 3305 3500]
[2495 2190 2460 2725 2770 2945 3020 3070] [3395 3505 3485 3385 3170 3275 3385 3225]
COM8 1 9
4
[2890 2805 2940 3040 2730 2720 2800 2990] [3240 3070 3190 3250 3160 3170 3220 3225]
[3020 2910 2940 2880 2890 3080 2910 2910] [3270 3050 3290 3075 2965 3225 3170 3140]
[2720 2690 2970 2980 2975 2840 2835 3040] [3205 3175 3190 3080 3235 3100 3190 3200]
[3030 3055 3000 2920 3135 2885 2955 3050] [3265 3445 3260 3085 3115 3130 3200 3140]
[2845 2525 2765 2875 3010 2875 3070 3030] [3125 3145 3340 3095 3200 3225 3265 3275]
[2235 2520 2755 2960 2645 2955 2725 2840] [3215 3250 3220 3250 3250 3230 3295 3305]
[2390 2340 2745 2850 3055 2960 3115 2715] [3350 3395 3330 3265 3005 3300 3230 3425]
[2495 2190 2460 2725 2770 2945 3020 3070] [3330 3225 3145 3440 3245 3035 3385 3340]
COM3 0 10
4
[2930 2605 2715 2915 2750 2865 2915 2830] [3240 3070 3190 3250 3160 3170 3220 3225]
[2815 2815 2830 2915 2835 2945 2990 2730] [3270 3050 3290 3075 2965 3225 3170 3140]
[2695 2775 2940 2635 2965 2865 2870 3200] [3205 3175 3190 3080 3235 3100 3190 3200]
[2825 2715 2560 2810 2805 3015 2810 2840] [3265 3445 3260 3085 3115 3130 3200 3140]
[2315 2315 2495 2810 2825 2950 2955 3120] [3125 3145 3340 3095 3200 3225 3265 3275]
[2250 2090 2540 2795 2655 3040 3035 2920] [3215 3250 3220 3250 3250 3230 3295 3305]
[2245 2160 2235 2510 2785 2965 2725 2940] [3350 3395 3330 3265 3005 3300 3230 3425]
[2375 2390 2385 1985 2350 2500 3380 3300] [3330 3225 3145 3440 3245 3035 3385 3340]
COM8 1 11
4
[2930 2605 2715 2915 2750 2865 2915 2830] [2990 3065 3010 2990 3010 2985 3015 3100]
[2815 2815 2830 2915 2835 2945 2990 2730] [3080 2910 3145 2865 2975 3175 3035 3195]
[2695 2775 2940 2635 2965 2865 2870 3200] [2995 3005 2970 2960 3120 3060 3040 2970]
[2825 2715 2560 2810 2805 3015 2810 2840] [3045 3305 3135 3080 2975 3095 3020 3150]
[2315 2315 2495 2810 2825 2950 2955 3120] [3005 3170 3110 2915 3115 3080 3155 3005]
[2250 2090 2540 2795 2655 3040 3035 2920] [2940 3035 3215 3115 2990 3120 3130 3290]
[2245 2160 2235 2510 2785 2965 2725 2940] [3220 3400 3100 2935 3210 3225 3145 3225]
[2375 2390 2385 1985 2350 2500 3380 3300] [3115 3225 3235 3060 3125 3325 3125 3075]
COM3 0 12
4
[2640 2630 2640 2810 2820 2925 2835 3095] [2990 3065 3010 2990 3010 2985 3015 3100]
[2710 2495 2380 2780 2840 3145 2905 2940] [3080 2910 3145 2865 2975 3175 3035 3195]
[2330 2310 2175 2525 2885 3135 2785 2795] [2995 3005 2970 2960 3120 3060 3040 2970]
[2170 2265 2205 2520 2790 3000 2965 2885] [3045 3305 3135 3080 2975 3095 3020 3150]
[2465 2495 2305 2365 2505 2845 3245 3150] [3005 3170 3110 2915 3115 3080 3155 3005]
[2355 2510 2535 2280 2145 2565 2935 3155] [2940 3035 3215 3115 2990 3120 3130 3290]
[2445 2630 2510 2390 2215 2395 2590 2835] [3220 3400 3100 2935 3210 3225 3145 3225]
[2575 2505 2450 2075 1985 2000 2460 2670] [3115 3225 3235 3060 3125 3325 3125 3075]
COM8 1 13
4
[2640 2630 2640 2810 2820 2925 2835 3095] [3200 3270 3180 3200 3110 3025 3190 3190]
[2710 2495 2380 2780 2840 3145 2905 2940] [3115 3075 3225 3115 3220 3200 3135 3105]
[2330 2310 2175 2525 2885 3135 2785 2795] [3215 3250 3245 3160 3270 3045 3225 3035]
[2170 2265 2205 2520 2790 3000 2965 2885] [3175 3010 3255 3210 3200 3195 3235 3120]
[2465 2495 2305 2365 2505 2845 3245 3150] [3060 3305 3280 3125 3190 3095 3340 3120]
[2355 2510 2535 2280 2145 2565 2935 3155] [3060 3230 3255 3260 3125 3250 3205 3060]
[2445 2630 2510 2390 2215 2395 2590 2835] [3210 3310 3270 3210 3255 3190 3175 3475]
[2575 2505 2450 2075 1985 2000 2460 2670] [3235 3340 3405 3200 3175 3225 3355 3395]
COM3 0 14
4
[2350 2510 2215 2615 2950 3020 2945 3175] [3200 3270 3180 3200 3110 3025 3190 3190]
[2420 2290 2435 2465 2860 3070 3025 3325] [3115 3075 3225 3115 3220 3200 3135 3105]
[2555 2240 2185 2425 2625 2945 2905 3235] [3215 3250 3245 3160 3270 3045 3225 3035]
[2535 2190 2265 2230 2525 2880 3055 3210] [3175 3010 3255 3210 3200 3195 3235 3120]
[2565 2395 2300 2245 2560 2675 3135 3420] [3060 3305 3280 3125 3190 3095 3340 3120]
[2575 2480 2220 2140 1975 2480 2945 3070] [3060 3230 3255 3260 3125 3250 3205 3060]
[2430 2715 2225 2105 2000 2385 2535 2940] [3210 3310 3270 3210 3255 3190 3175 3475]
[2045 2235 2200 2040 1855 2440 3020 3280] [3235 3340 3405 3200 3175 3225 3355 3395]
COM8 1 15
4
[2350 2510 2215 2615 2950 3020 2945 3175] [3535 3485 3490 3455 3445 3240 3280 3455]
[2420 2290 2435 2465 2860 3070 3025 3325] [3480 3295 3455 3345 3195 3260 3315 3210]
[2555 2240 2185 2425 2625 2945 2905 3235] [3345 3380 3450 3210 3290 3330 3300 3235]
[2535 2190 2265 2230 2525 2880 3055 3210] [3555 3480 3395 3410 3390 3325 3285 3250]
[2565 2395 2300 2245 2560 2675 3135 3420] [3355 3470 3425 3255 3185 3380 3065 3215]
[2575 2480 2220 2140 1975 2480 2945 3070] [3340 3210 3420 3490 3230 3340 3395 3335]
[2430 2715 2225 2105 2000 2385 2535 2940] [3355 3440 3315 3345 3020 3320 3300 3495]
[2045 2235 2200 2040 1855 2440 3020 3280] [3415 3455 3325 3475 3195 3305 3365 3515]
COM3 0 16
4
[1775 1805 2360 2650 2780 2795 2765 2705] [3535 3485 3490 3455 3445 3240 3280 3455]
[1900 2050 2215 2735 2790 2925 2910 2860] [3480 3295 3455 3345 3195 3260 3315 3210]
[1530 1660 2210 2370 2740 2995 2840 2825] [3345 3380 3450 3210 3290 3330 3300 3235]
[1780 1890 2055 2250 2665 3155 2885 2735] [3555 3480 3395 3410 3390 3325 3285 3250]
[1575 1550 1985 2320 2665 2825 2935 2850] [3355 3470 3425 3255 3185 3380 3065 3215]
[1480 1680 1805 2110 2610 2785 2910 2650] [3340 3210 3420 3490 3230 3340 3395 3335]
[1375 1430 1600 2320 2535 2605 2560 3035] [3355 3440 3315 3345 3020 3320 3300 3495]
[1500 1520 1785 2130 2425 2770 3015 2900] [3415 3455 3325 3475 3195 3305 3365 3515]
COM8 1 17
4
[1775 1805 2360 2650 2780 2795 2765 2705] [3405 3520 3440 3455 3475 3205 3220 3350]
[1900 2050 2215 2735 2790 2925 2910 2860] [3405 3435 3560 3340 3310 3225 3245 3270]
[1530 1660 2210 2370 2740 2995 2840 2825] [3515 3415 3315 3260 3340 3150 3390 3200]
[1780 1890 2055 2250 2665 3155 2885 2735] [3415 3435 3670 3420 3270 3405 3280 3355]
[1575 1550 1985 2320 2665 2825 2935 2850] [3500 3630 3430 3320 3350 3365 3205 3090]
[1480 1680 1805 2110 2610 2785 2910 2650] [3135 3540 3455 3450 3210 3280 3365 3260]
[1375 1430 1600 2320 2535 2605 2560 3035] [3385 3470 3380 3235 3250 3315 3355 3490]
[1500 1520 1785 2130 2425 2770 3015 2900] [3585 3445 3335 3385 3620 3305 3435 3475]
COM3 0 18
4
[1855 2015 2135 2735 2920 2840 3145 2950] [3405 3520 3440 3455 3475 3205 3220 3350]
[1730 1705 2320 2660 2795 2795 2845 2865] [3405 3435 3560 3340 3310 3225 3245 3270]
[1510 1790 2195 2690 2700 2900 2770 3145] [3515 3415 3315 3260 3340 3150 3390 3200]
[1795 1535 1995 2255 2615 2895 2950 2940] [3415 3435 3670 3420 3270 3405 3280 3355]
[1880 1495 1855 2135 2605 2890 2970 3045] [3500 3630 3430 3320 3350 3365 3205 3090]
[1820 1540 1960 1935 2405 2825 3040 2860] [3135 3540 3455 3450 3210 3280 3365 3260]
[1900 1505 1345 1940 2390 2560 3070 2615] [3385 3470 3380 3235 3250 3315 3355 3490]
[1840 1520 1660 1740 2375 2845 2965 3165] [3585 3445 3335 3385 3620 3305 3435 3475]
COM8 1 19
4
[1855 2015 2135 2735 2920 2840 3145 2950] [3485 3275 3490 3345 3340 3390 3290 3350]
[1730 1705 2320 2660 2795 2795 2845 2865] [3410 3380 3505 3510 3275 3270 3235 3145]
[1510 1790 2195 2690 2700 2900 2770 3145] [3550 3510 3460 3355 3345 3220 3325 3280]
[1795 1535 1995 2255 2615 2895 2950 2940] [3610 3610 3395 3385 3395 3110 3325 3135]
[1880 1495 1855 2135 2605 2890 2970 3045] [3550 3670 3400 3280 3215 3280 3260 3450]
[1820 1540 1960 1935 2405 2825 3040 2860] [3370 3450 3375 3535 3400 3325 3510 3360]
[1900 1505 1345 1940 2390 2560 3070 2615] [3310 3580 3380 3235 3550 3340 3320 3340]
[1840 1520 1660 1740 2375 2845 2965 3165] [3385 3340 3495 3610 3180 3280 3480 3450]
COM3 0 20
4
[1975 1780 2425 2725 2810 2715 2550 2550] [3485 3275 3490 3345 3340 3390 3290 3350]
[1820 2130 2375 2520 2760 2995 2900 2960] [3410 3380 3505 3510 3275 3270 3235 3145]
[1575 1695 2085 2335 2735 2815 2655 2760] [3550 3510 3460 3355 3345 3220 3325 3280]
[1705 1870 1935 2255 2620 2795 2900 2740] [3610 3610 3395 3385 3395 3110 3325 3135]
[1800 1790 1855 2075 2480 2715 3120 3010] [3550 3670 3400 3280 3215 3280 3260 3450]
[2080 1655 1670 2005 2085 2325 2760 2725] [3370 3450 3375 3535 3400 3325 3510 3360]
[2125 1805 1520 1735 1765 1955 2065 2720] [3310 3580 3380 3235 3550 3340 3320 3340]
[2295 1780 1475 1135 1300 1680 2085 2395] [3385 3340 3495 3610 3180 3280 3480 3450]
COM8 1 21
4
[1975 1780 2425 2725 2810 2715 2550 2550] [3155 3110 3220 3155 3330 3005 3215 3220]
[1820 2130 2375 2520 2760 2995 2900 2960] [2995 3250 3070 3230 3135 3200 3105 3120]
[1575 1695 2085 2335 2735 2815 2655 2760] [3160 3210 3265 3070 3215 3155 3150 3160]
[1705 1870 1935 2255 2620 2795 2900 2740] [3055 3130 3170 3115 3135 3160 3095 2975]
[1800 1790 1855 2075 2480 2715 3120 3010] [3145 3270 3135 3075 3115 3255 3155 3115]
[2080 1655 1670 2005 2085 2325 2760 2725] [3115 3370 3340 3465 3120 3105 3315 3150]
[2125 1805 1520 1735 1765 1955 2065 2720] [3205 3330 3265 3205 3100 3035 3375 3375]
[2295 1780 1475 1135 1300 1680 2085 2395] [3500 3375 3485 3325 3160 3205 3270 3305]
COM3 0 22
4
[2035 2240 2330 2670 2790 2730 2950 2730] [3155 3110 3220 3155 3330 3005 3215 3220]
[2270 2240 2315 2700 2780 2825 2895 2855] [2995 3250 3070 3230 3135 3200 3105 3120]
[1700 2165 2550 2630 2770 2775 2825 2830] [3160 3210 3265 3070 3215 3155 3150 3160]
[2025 2020 2380 2515 2780 3010 3065 2915] [3055 3130 3170 3115 3135 3160 3095 2975]
[1755 1820 2275 2470 2780 2870 2770 3040] [3145 3270 3135 3075 3115 3255 3155 3115]
[1720 1720 2045 2400 2535 3100 2775 2890] [3115 3370 3340 3465 3120 3105 3315 3150]
[1820 1580 1855 2310 2620 2955 2655 2890] [3205 3330 3265 3205 3100 3035 3375 3375]
[1960 1985 1610 2095 2225 2545 2945 2765] [3500 3375 3485 3325 3160 3205 3270 3305]
COM8 1 23
4
[2035 2240 2330 2670 2790 2730 2950 2730] [2730 3035 3005 2910 3130 2920 3140 3200]
[2270 2240 2315 2700 2780 2825 2895 2855] [3115 3130 3070 2930 2910 3130 3010 2965]
[1700 2165 2550 2630 2770 2775 2825 2830] [3170 3160 2995 2895 3090 3060 3090 3085]
[2025 2020 2380 2515 2780 3010 3065 2915] [3075 3240 3135 2920 3050 3030 3040 2935]
[1755 1820 2275 2470 2780 2870 2770 3040] [3120 3005 3070 2935 2995 3120 3065 3105]
[1720 1720 2045 2400 2535 3100 2775 2890] [3110 3055 3155 3025 3120 3185 3205 3055]
[1820 1580 1855 2310 2620 2955 2655 2890] [3230 3320 3255 3145 2925 3040 3070 3245]
[1960 1985 1610 2095 2225 2545 2945 2765] [3150 3280 3270 3495 3335 3110 3070 3300]
COM3 0 24
4
[2240 2090 2420 2660 2725 2835 2895 2700] [2730 3035 3005 2910 3130 2920 3140 3200]
[2220 2160 2455 2785 2905 2910 2840 2915] [3115 3130 3070 2930 2910 3130 3010 2965]
[2075 2045 2340 2585 2860 2985 2795 3010] [3170 3160 2995 2895 3090 3060 3090 3085]
[2300 2155 2325 2665 2860 2900 2875 2925] [3075 3240 3135 2920 3050 3030 3040 2935]
[2220 2025 2170 2515 2835 2945 2825 2925] [3120 3005 3070 2935 2995 3120 3065 3105]
[2255 2195 2275 2555 2555 2790 2995 2940] [3110 3055 3155 3025 3120 3185 3205 3055]
[2020 1890 1980 2460 2655 2960 2880 2925] [3230 3320 3255 3145 2925 3040 3070 3245]
[1950 1970 1840 2260 2770 2865 3015 2820] [3150 3280 3270 3495 3335 3110 3070 3300]
COM8 1 25
4
[2240 2090 2420 2660 2725 2835 2895 2700] [3245 3270 3335 3240 3175 3165 3155 3255]
[2220 2160 2455 2785 2905 2910 2840 2915] [3335 3215 3335 3250 3220 3295 3245 3205]
[2075 2045 2340 2585 2860 2985 2795 3010] [3135 3170 3295 3175 3240 3190 3260 3205]
[2300 2155 2325 2665 2860 2900 2875 2925] [3160 3185 3335 3250 3155 3045 3270 3200]
[2220 2025 2170 2515 2835 2945 2825 2925] [3410 3310 3280 3270 2990 3280 3220 3325]
[2255 2195 2275 2555 2555 2790 2995 2940] [3275 3345 3190 3440 3200 3290 3130 3310]
[2020 1890 1980 2460 2655 2960 2880 2925] [3490 3330 3415 3380 3380 3300 3280 3200]
[1950 1970 1840 2260 2770 2865 3015 2820] [3255 3495 3385 3505 3170 3405 3330 3490]
COM3 0 26
4
[2290 1970 2355 2795 2730 2740 2930 3075] [3245 3270 3335 3240 3175 3165 3155 3255]
[2225 2230 2310 2795 2910 2870 2965 3115] [3335 3215 3335 3250 3220 3295 3245 3205]
[2140 1780 2115 2620 2820 2870 2900 3010] [3135 3170 3295 3175 3240 3190 3260 3205]
[1955 2025 2215 2365 2715 2995 2920 3075] [3160 3185 3335 3250 3155 3045 3270 3200]
[2355 2030 2025 2310 2735 2750 3045 2765] [3410 3310 3280 3270 2990 3280 3220 3325]
[2295 1865 1865 2365 2355 2940 2800 2880] [3275 3345 3190 3440 3200 3290 3130 3310]
[2075 1645 1955 2025 2420 3070 2875 2905] [3490 3330 3415 3380 3380 3300 3280 3200]
[2355 1625 1730 1845 2415 2905 2820 3210] [3255 3495 3385 3505 3170 3405 3330 3490]
COM8 1 27
4
[2290 1970 2355 2795 2730 2740 2930 3075] [3280 3310 3275 3300 3130 3110 3135 3295]
[2225 2230 2310 2795 2910 2870 2965 3115] [3050 3130 3290 3105 3150 3205 3220 3185]
[2140 1780 2115 2620 2820 2870 2900 3010] [3325 3290 3170 3005 3185 3135 3180 3265]
[1955 2025 2215 2365 2715 2995 2920 3075] [3330 3305 3275 3270 3065 3175 3245 3145]
[2355 2030 2025 2310 2735 2750 3045 2765] [3235 3255 3270 3145 3190 3100 3130 3130]
[2295 1865 1865 2365 2355 2940 2800 2880] [3100 3215 3210 3240 3065 3235 3235 3020]
[2075 1645 1955 2025 2420 3070 2875 2905] [3205 3495 3245 3210 3160 3245 3205 3445]
[2355 1625 1730 1845 2415 2905 2820 3210] [3255 3345 3410 3335 3145 3175 3440 3350]
COM3 0 28
4
[2125 1845 2430 2570 2770 2720 2820 3105] [3280 3310 3275 3300 3130 3110 3135 3295]
[2080 2215 2170 2375 2565 2545 2860 2870] [3050 3130 3290 3105 3150 3205 3220 3185]
[2045 1930 1965 2090 2310 2585 2645 2895] [3325 3290 3170 3005 3185 3135 3180 3265]
[2330 1920 1660 1750 2075 2500 2885 2915] [3330 3305 3275 3270 3065 3175 3245 3145]
[2355 1960 1740 1590 2035 2405 2940 2945] [3235 3255 3270 3145 3190 3100 3130 3130]
[2215 1700 1645 1760 1755 2335 2450 2895] [3100 3215 3210 3240 3065 3235 3235 3020]
[2500 1780 1510 1640 1995 1795 2495 2675] [3205 3495 3245 3210 3160 3245 3205 3445]
[2460 1695 1670 1530 1885 1880 1905 2270] [3255 3345 3410 3335 3145 3175 3440 3350]
COM8 1 29
4
[2125 1845 2430 2570 2770 2720 2820 3105] [2995 3005 3270 2975 3035 3065 3225 3250]
[2080 2215 2170 2375 2565 2545 2860 2870] [3235 3210 3235 3005 3110 3075 3140 3210]
[2045 1930 1965 2090 2310 2585 2645 2895] [3245 3170 3145 3095 3130 3115 3060 3035]
[2330 1920 1660 1750 2075 2500 2885 2915] [3240 3285 3290 3165 2970 3205 3040 2935]
[2355 1960 1740 1590 2035 2405 2940 2945] [3140 3135 3315 3165 3225 3135 3230 3130]
[2215 1700 1645 1760 1755 2335 2450 2895] [3165 3165 3135 3135 3175 3230 3255 3195]
[2500 1780 1510 1640 1995 1795 2495 2675] [3240 3255 3330 3325 3240 3185 3155 3335]
[2460 1695 1670 1530 1885 1880 1905 2270] [3200 3395 3120 3310 3225 3295 3075 3320]
COM3 0 30
4
[2030 1650 1565 1440 1775 2050 2495 2825] [2995 3005 3270 2975 3035 3065 3225 3250]
[2105 1955 1555 1780 1800 2150 2660 2825] [3235 3210 3235 3005 3110 3075 3140 3210]
[1795 1715 1800 1655 1865 1910 2350 2550] [3245 3170 3145 3095 3130 3115 3060 3035]
[2395 2020 1840 1640 1600 1875 2080 2515] [3240 3285 3290 3165 2970 3205 3040 2935]
[2400 1760 1855 1480 1405 1455 1505 2055] [3140 3135 3315 3165 3225 3135 3230 3130]
[2610 1975 1905 1755 1560 1525 1480 1670] [3165 3165 3135 3135 3175 3230 3255 3195]
[2480 2145 1805 1560 1445 1515 1490 1435] [3240 3255 3330 3325 3240 3185 3155 3335]
[2530 2120 1895 1760 1545 1445 1375 1360] [3200 3395 3120 3310 3225 3295 3075 3320]
COM8 1 31
4
[2030 1650 1565 1440 1775 2050 2495 2825] [3420 3240 3270 3250 3200 3380 3265 3265]
[2105 1955 1555 1780 1800 2150 2660 2825] [3200 3300 3345 3215 3195 3255 3170 3135]
[1795 1715 1800 1655 1865 1910 2350 2550] [3195 3305 3285 3200 3415 3145 3130 3160]
[2395 2020 1840 1640 1600 1875 2080 2515] [3250 3265 3245 3130 3300 3180 3295 3230]
[2400 1760 1855 1480 1405 1455 1505 2055] [3220 3455 3400 3100 3305 3250 3225 3370]
[2610 1975 1905 1755 1560 1525 1480 1670] [3275 3350 3255 3160 3350 3290 3285 3300]
[2480 2145 1805 1560 1445 1515 1490 1435] [3325 3370 3270 3225 3205 3345 3200 3330]
[2530 2120 1895 1760 1545 1445 1375 1360] [3360 3375 3390 3610 3130 3295 3375 3205]
COM3 0 32
4
[2365 1860 1640 1710 1880 2135 2765 2845] [3420 3240 3270 3250 3200 3380 3265 3265]
[2400 2080 1570 1655 1660 2040 2555 2725] [3200 3300 3345 3215 3195 3255 3170 3135]
[2275 2150 1725 1525 1585 1820 2350 2945] [3195 3305 3285 3200 3415 3145 3130 3160]
[2515 2485 2050 1600 1580 1765 2285 2570] [3250 3265 3245 3130 3300 3180 3295 3230]
[2825 2470 1975 1655 1640 1665 2180 2565] [3220 3455 3400 3100 3305 3250 3225 3370]
[2725 2490 2360 1805 1540 1640 1885 2215] [3275 3350 3255 3160 3350 3290 3285 3300]
[3005 2470 1965 1790 1450 1495 1820 2445] [3325 3370 3270 3225 3205 3345 3200 3330]
[2900 2655 2090 1615 1535 1640 1925 2425] [3360 3375 3390 3610 3130 3295 3375 3205]
COM8 1 33
4
[2365 1860 1640 1710 1880 2135 2765 2845] [3210 3045 3150 3125 3325 3115 3140 3230]
[2400 2080 1570 1655 1660 2040 2555 2725] [3120 3165 3305 3130 2985 3170 3070 3140]
[2275 2150 1725 1525 1585 1820 2350 2945] [3180 3205 3135 3235 3210 3050 3060 3085]
[2515 2485 2050 1600 1580 1765 2285 2570] [3055 3230 3135 3150 3045 3150 3165 3175]
[2825 2470 1975 1655 1640 1665 2180 2565] [3225 3320 3120 3050 3155 3040 3270 3225]
[2725 2490 2360 1805 1540 1640 1885 2215] [3150 3150 3310 3355 3255 3105 3220 3320]
[3005 2470 1965 1790 1450 1495 1820 2445] [3140 3485 3290 3225 3455 3220 3250 3225]
[2900 2655 2090 1615 1535 1640 1925 2425] [3195 3220 3115 3280 3100 3025 3350 3510]
COM3 0 34
4
[2410 1910 1620 1590 1820 2165 2630 2695] [3210 3045 3150 3125 3325 3115 3140 3230]
[2715 2620 1740 1730 1855 2150 2480 2740] [3120 3165 3305 3130 2985 3170 3070 3140]
[2805 2450 1975 1825 1560 1995 2035 2625] [3180 3205 3135 3235 3210 3050 3060 3085]
[2995 2580 2155 1745 1545 1585 1770 2095] [3055 3230 3135 3150 3045 3150 3165 3175]
[2900 2720 2490 1930 1570 1340 1445 1735] [3225 3320 3120 3050 3155 3040 3270 3225]
[2590 2920 2370 1905 1500 1430 1430 1550] [3150 3150 3310 3355 3255 3105 3220 3320]
[3105 2775 2240 1940 1420 1310 1230 1540] [3140 3485 3290 3225 3455 3220 3250 3225]
[3180 2575 2195 1555 1350 1420 1515 1685] [3195 3220 3115 3280 3100 3025 3350 3510]
COM8 1 35
4
[2410 1910 1620 1590 1820 2165 2630 2695] [3220 3365 3410 3350 3415 3250 3175 3325]
[2715 2620 1740 1730 1855 2150 2480 2740] [3115 3220 3300 3305 3155 3410 3300 3135]
[2805 2450 1975 1825 1560 1995 2035 2625] [3190 3335 3260 3200 3410 3120 3340 3215]
[2995 2580 2155 1745 1545 1585 1770 2095] [2745 3015 3300 3150 3205 3240 3280 3135]
[2900 2720 2490 1930 1570 1340 1445 1735] [2640 2890 3110 3035 3180 3160 3395 3420]
[2590 2920 2370 1905 1500 1430 1430 1550] [2540 2965 3160 3365 3135 3320 3300 3365]
[3105 2775 2240 1940 1420 1310 1230 1540] [2650 3085 3190 3205 3375 3110 3360 3265]
[3180 2575 2195 1555 1350 1420 1515 1685] [2850 3110 3250 3360 3430 3425 3210 3505]
COM3 0 36
4
[2685 2205 1865 1565 1680 1775 2590 2645] [3220 3365 3410 3350 3415 3250 3175 3325]
[2840 2500 1875 1540 1620 2030 2380 2750] [3115 3220 3300 3305 3155 3410 3300 3135]
[2755 2440 2025 1705 1540 1945 2065 2525] [3190 3335 3260 3200 3410 3120 3340 3215]
[2940 2730 2190 1695 1635 1565 1785 2340] [2745 3015 3300 3150 3205 3240 3280 3135]
[2865 2840 2515 1800 1570 1520 1650 1700] [2640 2890 3110 3035 3180 3160 3395 3420]
[2755 2790 2530 2040 1460 1390 1505 1450] [2540 2965 3160 3365 3135 3320 3300 3365]
[2985 2720 2455 2040 1490 1360 1305 1450] [2650 3085 3190 3205 3375 3110 3360 3265]
[3030 2715 2320 1725 1535 1405 1620 1500] [2850 3110 3250 3360 3430 3425 3210 3505]
COM8 1 37
4
[2685 2205 1865 1565 1680 1775 2590 2645] [3015 2870 2955 2750 3000 2975 2975 2995]
[2840 2500 1875 1540 1620 2030 2380 2750] [3100 3070 3055 2835 2870 3120 2985 3070]
[2755 2440 2025 1705 1540 1945 2065 2525] [3035 3015 3095 2985 3050 2860 2920 2950]
[2940 2730 2190 1695 1635 1565 1785 2340] [3180 2930 2885 2955 2915 2835 3025 2825]
[2865 2840 2515 1800 1570 1520 1650 1700] [2715 3325 3090 3065 2965 2895 3175 3045]
[2755 2790 2530 2040 1460 1390 1505 1450] [2350 2800 2915 3085 3070 2985 3130 3060]
[2985 2720 2455 2040 1490 1360 1305 1450] [1985 2560 2805 2890 3160 3050 3165 3175]
[3030 2715 2320 1725 1535 1405 1620 1500] [1795 2170 2625 3355 3170 3140 3315 3065]
COM3 0 38
4
[2590 2270 1900 1780 1910 2035 2555 2575] [3015 2870 2955 2750 3000 2975 2975 2995]
[2635 2395 1950 1820 1925 2120 2425 2805] [3100 3070 3055 2835 2870 3120 2985 3070]
[2670 2300 1935 1565 1560 2010 2440 2480] [3035 3015 3095 2985 3050 2860 2920 2950]
[2770 2390 1985 1600 1595 1785 2090 2225] [3180 2930 2885 2955 2915 2835 3025 2825]
[2700 2225 2245 1495 1585 1510 2025 2265] [2715 3325 3090 3065 2965 2895 3175 3045]
[2710 2490 2235 1635 1320 1550 1830 1685] [2350 2800 2915 3085 3070 2985 3130 3060]
[2710 2845 1790 1450 1375 1405 1520 1705] [1985 2560 2805 2890 3160 3050 3165 3175]
[3080 2470 2265 1510 1590 1430 1585 1955] [1795 2170 2625 3355 3170 3140 3315 3065]
COM8 1 39
4
[2590 2270 1900 1780 1910 2035 2555 2575] [3245 3135 3290 3095 3370 3195 2975 3250]
[2635 2395 1950 1820 1925 2120 2425 2805] [3175 3050 3270 3140 3150 3285 3110 3125]
[2670 2300 1935 1565 1560 2010 2440 2480] [3100 3160 3180 2980 3230 3110 3170 3020]
[2770 2390 1985 1600 1595 1785 2090 2225] [3070 3090 3360 3195 3135 3145 3260 3085]
[2700 2225 2245 1495 1585 1510 2025 2265] [3320 3140 3130 3280 3345 3160 3270 3270]
[2710 2490 2235 1635 1320 1550 1830 1685] [3040 3210 3325 3105 3185 3275 3215 3120]
[2710 2845 1790 1450 1375 1405 1520 1705] [2810 3085 3245 3215 3295 3135 3265 3240]
[3080 2470 2265 1510 1590 1430 1585 1955] [2415 2730 3040 3385 3310 3145 3275 2990]
COM3 0 40
4
[2740 2235 1920 2195 2335 2685 3105 3345] [3245 3135 3290 3095 3370 3195 2975 3250]
[3045 2490 1895 2055 2185 2670 2955 3215] [3175 3050 3270 3140 3150 3285 3110 3125]
[2520 2190 1935 1855 2185 2630 3060 3015] [3100 3160 3180 2980 3230 3110 3170 3020]
[2695 2395 2125 1820 2095 2670 2955 2830] [3070 3090 3360 3195 3135 3145 3260 3085]
[2895 2205 2130 1655 2135 2380 2725 2765] [3320 3140 3130 3280 3345 3160 3270 3270]
[2830 2025 2035 1745 1920 2085 2330 2155] [3040 3210 3325 3105 3185 3275 3215 3120]
[3000 2440 1905 1800 1635 1660 1810 2140] [2810 3085 3245 3215 3295 3135 3265 3240]
[2925 2505 2160 1550 1730 1855 2045 2035] [2415 2730 3040 3385 3310 3145 3275 2990]
COM8 1 41
4
[2740 2235 1920 2195 2335 2685 3105 3345] [2770 2680 2905 2915 2745 2875 2810 3175]
[3045 2490 1895 2055 2185 2670 2955 3215] [2670 2910 2915 2955 2860 2970 2925 2885]
[2520 2190 1935 1855 2185 2630 3060 3015] [2710 2905 2890 2885 3020 2990 2915 2895]
[2695 2395 2125 1820 2095 2670 2955 2830] [2630 2910 2855 2975 3050 3045 3035 2935]
[2895 2205 2130 1655 2135 2380 2725 2765] [2900 3000 3090 2890 3045 2915 2990 2910]
[2830 2025 2035 1745 1920 2085 2330 2155] [2895 3060 3115 3025 3035 2865 3100 3055]
[3000 2440 1905 1800 1635 1660 1810 2140] [2665 3075 3230 3120 3155 3220 3065 3195]
[2925 2505 2160 1550 1730 1855 2045 2035] [2045 2565 3040 3260 3165 3180 3085 3070]
COM3 0 42
4
[2550 2350 1920 1945 2395 2720 3025 2990] [2770 2680 2905 2915 2745 2875 2810 3175]
[2875 2435 1990 1905 2320 2705 3030 2965] [2670 2910 2915 2955 2860 2970 2925 2885]
[2720 2340 1955 1860 2360 2740 3015 3120] [2710 2905 2890 2885 3020 2990 2915 2895]
[2735 2290 2035 1850 2160 2535 2900 2955] [2630 2910 2855 2975 3050 3045 3035 2935]
[2895 2335 2235 1930 1950 2405 3160 2890] [2900 3000 3090 2890 3045 2915 2990 2910]
[2740 2560 2165 2110 1765 2345 2525 2390] [2895 3060 3115 3025 3035 2865 3100 3055]
[3005 2615 2165 1615 1655 1960 1970 2275] [2665 3075 3230 3120 3155 3220 3065 3195]
[3320 2745 2160 1790 1615 2035 2265 1985] [2045 2565 3040 3260 3165 3180 3085 3070]
COM8 1 43
4
[2550 2350 1920 1945 2395 2720 3025 2990] [2860 2875 3115 3015 3245 3020 3135 3150]
[2875 2435 1990 1905 2320 2705 3030 2965] [2670 2980 3275 3020 3050 3155 3110 3070]
[2720 2340 1955 1860 2360 2740 3015 3120] [2550 2790 3310 2950 3205 2990 3120 3090]
[2735 2290 2035 1850 2160 2535 2900 2955] [2505 3010 3240 3190 3065 3125 3235 3055]
[2895 2335 2235 1930 1950 2405 3160 2890] [2290 2700 2995 2995 3140 3090 3250 3280]
[2740 2560 2165 2110 1765 2345 2525 2390] [2010 2475 2650 3010 3125 3035 3340 3065]
[3005 2615 2165 1615 1655 1960 1970 2275] [1975 2030 2565 3005 3020 3150 3185 3425]
[3320 2745 2160 1790 1615 2035 2265 1985] [1960 1930 2120 2620 2985 3180 3195 3250]
COM3 0 44
4
[2690 2350 1985 1580 2140 2490 2795 2695] [2860 2875 3115 3015 3245 3020 3135 3150]
[3030 2475 1845 1870 2030 2440 2905 2685] [2670 2980 3275 3020 3050 3155 3110 3070]
[2625 2345 2010 1680 2005 2310 2670 2805] [2550 2790 3310 2950 3205 2990 3120 3090]
[2770 2655 2255 1725 1825 2155 2490 2545] [2505 3010 3240 3190 3065 3125 3235 3055]
[2805 2580 2165 1440 1555 1610 2255 2425] [2290 2700 2995 2995 3140 3090 3250 3280]
[2990 2720 2240 1855 1480 1720 2000 2230] [2010 2475 2650 3010 3125 3035 3340 3065]
[3130 2705 2165 1695 1340 1515 1750 2175] [1975 2030 2565 3005 3020 3150 3185 3425]
[2925 2520 2320 1675 1615 1420 1800 2430] [1960 1930 2120 2620 2985 3180 3195 3250]
COM8 1 45
4
[2690 2350 1985 1580 2140 2490 2795 2695] [2585 3050 3465 3350 3200 3110 3210 3345]
[3030 2475 1845 1870 2030 2440 2905 2685] [2465 2980 3290 3290 3175 3245 3250 3245]
[2625 2345 2010 1680 2005 2310 2670 2805] [2415 2825 3140 3220 3230 3190 3280 3215]
[2770 2655 2255 1725 1825 2155 2490 2545] [2275 2635 2825 3135 3200 3035 3205 3210]
[2805 2580 2165 1440 1555 1610 2255 2425] [2205 2210 2575 2870 3005 3265 3295 3235]
[2990 2720 2240 1855 1480 1720 2000 2230] [2225 2145 2170 2695 3030 3215 3205 3205]
[3130 2705 2165 1695 1340 1515 1750 2175] [2275 2245 2215 2395 3025 3155 3270 3335]
[2925 2520 2320 1675 1615 1420 1800 2430] [2460 2190 2145 2410 2560 2915 3320 3245]
COM3 0 46
4
[2870 2320 1945 1775 2175 2440 2935 2800] [2585 3050 3465 3350 3200 3110 3210 3345]
[2800 2565 2030 1855 2060 2430 2855 2890] [2465 2980 3290 3290 3175 3245 3250 3245]
[2675 2320 2030 1625 1740 2270 2485 2590] [2415 2825 3140 3220 3230 3190 3280 3215]
[3030 2750 2155 1660 1620 1935 2470 2610] [2275 2635 2825 3135 3200 3035 3205 3210]
[3015 2915 2315 1875 1530 1660 2055 2945] [2205 2210 2575 2870 3005 3265 3295 3235]
[2860 2805 2745 2130 1660 1680 1900 2410] [2225 2145 2170 2695 3030 3215 3205 3205]
[2895 2990 2680 1965 1470 1300 1570 2310] [2275 2245 2215 2395 3025 3155 3270 3335]
[2945 3145 2570 2340 1535 1480 1565 2165] [2460 2190 2145 2410 2560 2915 3320 3245]
COM8 1 47
4
[2870 2320 1945 1775 2175 2440 2935 2800] [2335 2710 3060 3225 3040 3130 3200 3305]
[2800 2565 2030 1855 2060 2430 2855 2890] [2335 2505 2700 3130 3140 3220 3205 3275]
[2675 2320 2030 1625 1740 2270 2485 2590] [2275 2245 2595 2985 3295 3060 3215 3210]
[3030 2750 2155 1660 1620 1935 2470 2610] [2405 2295 2470 2795 3170 3180 3195 3255]
[3015 2915 2315 1875 1530 1660 2055 2945] [2375 2180 2400 2570 3040 3240 3350 3305]
[2860 2805 2745 2130 1660 1680 1900 2410] [2490 2060 2285 2505 3050 3125 3385 3370]
[2895 2990 2680 1965 1470 1300 1570 2310] [2395 2200 2270 2630 2925 3050 3225 3265]
[2945 3145 2570 2340 1535 1480 1565 2165] [2255 2145 2470 2845 3015 3220 3165 3315]
COM3 0 48
4
[2785 2555 1895 1995 2095 2330 2785 2860] [2335 2710 3060 3225 3040 3130 3200 3305]
[2800 2535 1990 1675 2065 2260 2740 2930] [2335 2505 2700 3130 3140 3220 3205 3275]
[2900 2485 2050 1755 1920 2100 2585 2900] [2275 2245 2595 2985 3295 3060 3215 3210]
[3200 2655 2190 1585 1600 1875 2305 2680] [2405 2295 2470 2795 3170 3180 3195 3255]
[3095 2555 2380 1765 1570 1650 2300 2730] [2375 2180 2400 2570 3040 3240 3350 3305]
[2895 2985 2560 1795 1545 1440 1685 2440] [2490 2060 2285 2505 3050 3125 3385 3370]
[2825 3050 2480 2230 1595 1430 1560 1805] [2395 2200 2270 2630 2925 3050 3225 3265]
[2895 2805 2470 2015 1640 1400 1580 1985] [2255 2145 2470 2845 3015 3220 3165 3315]
COM8 1 49
4
[2785 2555 1895 1995 2095 2330 2785 2860] [2245 2365 2875 3120 3090 3190 3220 3320]
[2800 2535 1990 1675 2065 2260 2740 2930] [2070 2370 2825 3165 3090 3230 3145 3100]
[2900 2485 2050 1755 1920 2100 2585 2900] [2100 2170 2655 3005 3135 3165 3115 3160]
[3200 2655 2190 1585 1600 1875 2305 2680] [2060 2170 2530 3005 3140 3100 3255 3150]
[3095 2555 2380 1765 1570 1650 2300 2730] [1940 2095 2540 2860 3050 3290 3330 3115]
[2895 2985 2560 1795 1545 1440 1685 2440] [1855 2250 2635 3025 3175 3210 3260 3390]
[2825 3050 2480 2230 1595 1430 1560 1805] [2025 2445 2815 3245 3035 3145 3245 3350]
[2895 2805 2470 2015 1640 1400 1580 1985] [2045 2470 3040 3405 3235 3360 3310 3320]
COM3 0 50
4
[3010 2525 2340 1935 1815 1915 2485 2655] [2245 2365 2875 3120 3090 3190 3220 3320]
[2965 2745 2315 1905 2015 1765 2185 2530] [2070 2370 2825 3165 3090 3230 3145 3100]
[2765 2790 2440 2015 1760 1655 1770 2315] [2100 2170 2655 3005 3135 3165 3115 3160]
[2900 2850 2690 2250 1965 1720 1625 1835] [2060 2170 2530 3005 3140 3100 3255 3150]
[3250 2920 2710 2350 1880 1505 1705 1800] [1940 2095 2540 2860 3050 3290 3330 3115]
[2970 2905 3020 2645 2135 1670 1690 1565] [1855 2250 2635 3025 3175 3210 3260 3390]
[2875 2975 2890 2800 2290 1870 1535 1635] [2025 2445 2815 3245 3035 3145 3245 3350]
[2945 2965 2785 2660 2225 1875 1735 1520] [2045 2470 3040 3405 3235 3360 3310 3320]
COM8 1 51
4
[3010 2525 2340 1935 1815 1915 2485 2655] [2085 2325 2735 3000 3145 3050 2985 3095]
[2965 2745 2315 1905 2015 1765 2185 2530] [1900 2195 2610 3015 3130 3250 3135 3155]
[2765 2790 2440 2015 1760 1655 1770 2315] [1840 2025 2640 3005 3275 2985 3195 2935]
[2900 2850 2690 2250 1965 1720 1625 1835] [1855 2060 2760 3025 3120 3025 3105 3135]
[3250 2920 2710 2350 1880 1505 1705 1800] [1680 2195 2640 3000 3045 3155 3130 3225]
[2970 2905 3020 2645 2135 1670 1690 1565] [1775 2270 2825 3130 3115 3310 3270 3055]
[2875 2975 2890 2800 2290 1870 1535 1635] [2005 2495 3055 3245 3290 3225 3165 3170]
[2945 2965 2785 2660 2225 1875 1735 1520] [2020 2350 2855 3235 3100 3090 3000 3365]
COM3 0 52
4
[2930 2755 3160 2760 2020 1905 1925 2170] [2085 2325 2735 3000 3145 3050 2985 3095]
[2850 3000 3085 2755 2565 1930 1670 1830] [1900 2195 2610 3015 3130 3250 3135 3155]
[2785 3150 3090 2930 2600 2180 1835 1730] [1840 2025 2640 3005 3275 2985 3195 2935]
[2970 2825 3025 2875 2785 2335 1855 1605] [1855 2060 2760 3025 3120 3025 3105 3135]
[2940 2815 3015 2950 2925 2765 2385 1850] [1680 2195 2640 3000 3045 3155 3130 3225]
[2900 3020 3085 2960 3025 2700 2290 1860] [1775 2270 2825 3130 3115 3310 3270 3055]
[3005 3220 3060 3015 3060 3105 2510 1740] [2005 2495 3055 3245 3290 3225 3165 3170]
[3115 2885 3140 3120 2940 3145 2685 1960] [2020 2350 2855 3235 3100 3090 3000 3365]
COM8 1 53
4
[2930 2755 3160 2760 2020 1905 1925 2170] [2095 2400 2550 3000 3210 3160 3075 3150]
[2850 3000 3085 2755 2565 1930 1670 1830] [2040 2285 2635 3045 2880 3175 3125 3060]
[2785 3150 3090 2930 2600 2180 1835 1730] [2020 2190 2410 2905 3210 3135 2965 3025]
[2970 2825 3025 2875 2785 2335 1855 1605] [1950 2175 2530 2745 3010 3235 3025 2955]
[2940 2815 3015 2950 2925 2765 2385 1850] [1815 2095 2520 2750 3205 3230 3065 3270]
[2900 3020 3085 2960 3025 2700 2290 1860] [1555 1865 2455 2875 3160 3055 3290 3190]
[3005 3220 3060 3015 3060 3105 2510 1740] [1650 2010 2360 2975 3245 3275 3365 3380]
[3115 2885 3140 3120 2940 3145 2685 1960] [1645 1875 2550 3045 3145 3090 3375 3505]
COM3 0 54
4
[2720 2860 2875 2775 2550 2095 2105 2050] [2095 2400 2550 3000 3210 3160 3075 3150]
[2905 3070 2890 2780 2655 2310 1930 1670] [2040 2285 2635 3045 2880 3175 3125 3060]
[2790 2860 2780 2885 2740 2360 1920 1980] [2020 2190 2410 2905 3210 3135 2965 3025]
[3015 2950 3020 2870 2905 2675 2210 1760] [1950 2175 2530 2745 3010 3235 3025 2955]
[2940 3050 3155 2935 2905 2855 2610 2035] [1815 2095 2520 2750 3205 3230 3065 3270]
[3135 3160 3090 2895 2995 2915 2660 2345] [1555 1865 2455 2875 3160 3055 3290 3190]
[2895 3135 2885 3025 3135 3050 2655 2210] [1650 2010 2360 2975 3245 3275 3365 3380]
[2945 3055 3070 2950 2915 2900 2945 2570] [1645 1875 2550 3045 3145 3090 3375 3505]
COM8 1 55
4
[2720 2860 2875 2775 2550 2095 2105 2050] [2010 2565 2880 3110 2920 3070 3160 3295]
[2905 3070 2890 2780 2655 2310 1930 1670] [1885 2260 2865 2960 3240 3205 3135 3265]
[2790 2860 2780 2885 2740 2360 1920 1980] [1900 2240 2730 3005 3235 3105 3115 3180]
[3015 2950 3020 2870 2905 2675 2210 1760] [2005 2105 2645 3015 3190 3080 3210 3200]
[2940 3050 3155 2935 2905 2855 2610 2035] [1855 2245 2805 3045 3135 3135 3055 3360]
[3135 3160 3090 2895 2995 2915 2660 2345] [1880 2045 2665 3330 3170 3180 3000 3145]
[2895 3135 2885 3025 3135 3050 2655 2210] [1800 2230 2950 3120 3140 3130 3195 3275]
[2945 3055 3070 2950 2915 2900 2945 2570] [1860 2040 2565 2930 2915 2995 3465 3165]
COM3 0 56
4
[2765 2745 2905 2945 2805 2720 2950 2640] [2010 2565 2880 3110 2920 3070 3160 3295]
[2960 2960 2915 2985 2895 2890 2885 2700] [1885 2260 2865 2960 3240 3205 3135 3265]
[2905 2825 2935 2995 2780 2940 2605 2530] [1900 2240 2730 3005 3235 3105 3115 3180]
[3180 3145 2870 2995 2980 3015 2555 2300] [2005 2105 2645 3015 3190 3080 3210 3200]
[3165 2940 3010 3100 2945 2870 2665 2270] [1855 2245 2805 3045 3135 3135 3055 3360]
[2975 3005 3220 2920 2830 3015 2500 2355] [1880 2045 2665 3330 3170 3180 3000 3145]
[2980 3025 2945 3165 2895 2920 2500 2445] [1800 2230 2950 3120 3140 3130 3195 3275]
[3175 3015 2945 2855 3080 2690 2890 2210] [1860 2040 2565 2930 2915 2995 3465 3165]
COM8 1 57
4
[2765 2745 2905 2945 2805 2720 2950 2640] [2330 2510 2970 3065 3130 3070 3170 3165]
[2960 2960 2915 2985 2895 2890 2885 2700] [2115 2455 2875 3040 3135 3200 3085 3200]
[2905 2825 2935 2995 2780 2940 2605 2530] [2180 2445 2860 3070 3235 3125 3110 3020]
[3180 3145 2870 2995 2980 3015 2555 2300] [2245 2580 2865 3170 3065 3120 3140 3035]
[3165 2940 3010 3100 2945 2870 2665 2270] [2140 2490 2925 2935 3170 3225 3255 3115]
[2975 3005 3220 2920 2830 3015 2500 2355] [2045 2350 2740 3170 3055 3110 3195 3145]
[2980 3025 2945 3165 2895 2920 2500 2445] [2025 2440 2765 3165 3095 3345 3215 3295]
[3175 3015 2945 2855 3080 2690 2890 2210] [2065 2465 2950 3335 3195 3025 3225 3265]
COM3 0 58
4
[3055 2940 2790 2970 2775 2830 2935 2915] [2330 2510 2970 3065 3130 3070 3170 3165]
[3015 2995 2935 2910 2800 2895 2910 2600] [2115 2455 2875 3040 3135 3200 3085 3200]
[3020 2690 2910 2790 2915 3085 2790 2905] [2180 2445 2860 3070 3235 3125 3110 3020]
[3015 2950 3085 2715 2870 2890 3020 2835] [2245 2580 2865 3170 3065 3120 3140 3035]
[3190 2940 3110 2970 3165 3000 2990 3010] [2140 2490 2925 2935 3170 3225 3255 3115]
[3240 2810 3220 2790 2990 2940 2970 2585] [2045 2350 2740 3170 3055 3110 3195 3145]
[2795 2735 2915 3065 3220 2945 2700 2520] [2025 2440 2765 3165 3095 3345 3215 3295]
[2915 3080 2820 2855 2800 2945 3000 2790] [2065 2465 2950 3335 3195 3025 3225 3265]
COM8 1 59
4
[3055 2940 2790 2970 2775 2830 2935 2915] [2375 2600 3055 3305 3170 3220 3210 3405]
[3015 2995 2935 2910 2800 2895 2910 2600] [2175 2575 2945 3210 3045 3235 3250 3260]
[3020 2690 2910 2790 2915 3085 2790 2905] [2330 2515 3030 3125 3190 3115 3120 3225]
[3015 2950 3085 2715 2870 2890 3020 2835] [2160 2335 2975 3120 3190 3130 3305 3295]
[3190 2940 3110 2970 3165 3000 2990 3010] [1830 2445 2685 3045 3330 3255 3270 3415]
[3240 2810 3220 2790 2990 2940 2970 2585] [1920 2320 2750 3150 3235 3230 3320 3390]
[2795 2735 2915 3065 3220 2945 2700 2520] [1885 2275 2815 3150 3205 3215 3140 3535]
[2915 3080 2820 2855 2800 2945 3000 2790] [2040 2210 2710 3130 3160 3190 3385 3320]
COM3 0 60
4
[2890 2955 2935 2880 2850 2795 2915 2750] [2375 2600 3055 3305 3170 3220 3210 3405]
[3035 3160 2940 2885 2805 3015 3020 2770] [2175 2575 2945 3210 3045 3235 3250 3260]
[2795 3010 3080 2930 2960 2895 3070 2825] [2330 2515 3030 3125 3190 3115 3120 3225]
[2995 3015 3160 2920 2905 3010 2925 2790] [2160 2335 2975 3120 3190 3130 3305 3295]
[2940 3050 3170 2885 3100 2885 3120 2960] [1830 2445 2685 3045 3330 3255 3270 3415]
[2990 3025 3150 3150 2895 3110 2935 2810] [1920 2320 2750 3150 3235 3230 3320 3390]
[3260 3075 3145 3010 3070 2940 2810 2925] [1885 2275 2815 3150 3205 3215 3140 3535]
[3115 3385 2725 3020 2850 2910 3325 2810] [2040 2210 2710 3130 3160 3190 3385 3320]
COM8 1 61
4
[2890 2955 2935 2880 2850 2795 2915 2750] [2200 2455 2870 3060 3175 2905 3015 3140]
[3035 3160 2940 2885 2805 3015 3020 2770] [2080 2355 2640 2880 2935 3260 3235 3160]
[2795 3010 3080 2930 2960 2895 3070 2825] [2185 2035 2315 2465 2895 3050 3170 3155]
[2995 3015 3160 2920 2905 3010 2925 2790] [2040 1750 1995 2555 2930 3025 3090 3120]
[2940 3050 3170 2885 3100 2885 3120 2960] [2010 1690 1985 2270 2890 3025 3055 3305]
[2990 3025 3150 3150 2895 3110 2935 2810] [1775 1685 1940 2465 2965 3200 3265 3135]
[3260 3075 3145 3010 3070 2940 2810 2925] [1785 1700 2000 2480 3040 3185 3230 3280]
[3115 3385 2725 3020 2850 2910 3325 2810] [1815 1700 1860 2470 2990 2950 3160 3425]
COM3 0 62
4
[2810 3015 2900 3040 2905 2795 2665 2565] [2200 2455 2870 3060 3175 2905 3015 3140]
[2865 2995 3005 2975 2910 2945 2895 2900] [2080 2355 2640 2880 2935 3260 3235 3160]
[2900 2925 2790 2920 2945 2905 2900 2945] [2185 2035 2315 2465 2895 3050 3170 3155]
[3030 3070 3075 3095 3125 3080 2965 2895] [2040 1750 1995 2555 2930 3025 3090 3120]
[3050 2875 3010 3080 3005 3035 3065 2965] [2010 1690 1985 2270 2890 3025 3055 3305]
[2990 3015 3085 3120 2905 3105 3015 3020] [1775 1685 1940 2465 2965 3200 3265 3135]
[3005 2965 3120 2690 2985 2845 2650 2705] [1785 1700 2000 2480 3040 3185 3230 3280]
[2865 3065 3090 3070 3115 2620 3330 2830] [1815 1700 1860 2470 2990 2950 3160 3425]
COM8 1 63
4
[2810 3015 2900 3040 2905 2795 2665 2565] [2330 1945 1945 2065 2450 2700 3175 3095]
[2865 2995 3005 2975 2910 2945 2895 2900] [1985 1955 1645 1885 2450 3075 3100 2975]
[2900 2925 2790 2920 2945 2905 2900 2945] [2135 1770 1775 2005 2590 2985 2980 3010]
[3030 3070 3075 3095 3125 3080 2965 2895] [2140 1890 1835 2050 2490 3095 3085 3080]
[3050 2875 3010 3080 3005 3035 3065 2965] [2085 1775 1795 1865 2345 3075 3205 3125]
[2990 3015 3085 3120 2905 3105 3015 3020] [1885 1800 1595 1885 2310 2865 3130 3200]
[3005 2965 3120 2690 2985 2845 2650 2705] [2085 1765 1705 1610 1935 2445 3120 3320]
[2865 3065 3090 3070 3115 2620 3330 2830] [1955 1845 1720 1585 1660 2205 2815 3205]
COM3 0 64
4
[3050 2575 2875 2765 2810 2805 2995 2735] [2330 1945 1945 2065 2450 2700 3175 3095]
[2880 2995 2620 2840 2745 2890 2910 2675] [1985 1955 1645 1885 2450 3075 3100 2975]
[2725 2765 2880 2700 2795 2915 2845 2945] [2135 1770 1775 2005 2590 2985 2980 3010]
[2730 2795 2925 2765 2780 2955 2670 2740] [2140 1890 1835 2050 2490 3095 3085 3080]
[2940 2810 3010 2850 3070 3005 2775 2950] [2085 1775 1795 1865 2345 3075 3205 3125]
[2740 2955 3170 3125 3020 2870 2925 2845] [1885 1800 1595 1885 2310 2865 3130 3200]
[2825 2775 2820 2810 2795 2960 2715 2705] [2085 1765 1705 1610 1935 2445 3120 3320]
[3135 2885 2845 2945 2760 2945 3015 2580] [1955 1845 1720 1585 1660 2205 2815 3205]
COM8 1 65
4
[3050 2575 2875 2765 2810 2805 2995 2735] [1835 1600 1800 1935 2520 3020 3040 3100]
[2880 2995 2620 2840 2745 2890 2910 2675] [1870 1675 1595 1950 2340 3075 2985 2975]
[2725 2765 2880 2700 2795 2915 2845 2945] [1955 1620 1515 1790 2280 2745 2895 3095]
[2730 2795 2925 2765 2780 2955 2670 2740] [2030 1545 1585 1610 1970 2520 3035 2865]
[2940 2810 3010 2850 3070 3005 2775 2950] [2075 1755 1555 1500 1805 2415 3035 3040]
[2740 2955 3170 3125 3020 2870 2925 2845] [1855 1645 1520 1615 1645 2115 2800 3145]
[2825 2775 2820 2810 2795 2960 2715 2705] [1945 1765 1695 1535 1630 1965 2550 3105]
[3135 2885 2845 2945 2760 2945 3015 2580] [1975 1670 1565 1595 1495 1965 2515 3195]