COM3 0 6
4
[2900 2875 2725 2805 2975 2960 2735 3110] [3030 2905 2920 2905 3185 2945 3045 3100]
[3035 2945 2810 3070 3010 2900 3005 3035] [3015 2970 3070 2975 2970 3150 2950 2955]
[2890 2915 3140 3070 2840 2925 2890 3020] [3010 3135 3005 3000 3115 3000 3000 2975]
[2945 2805 2995 2975 3090 2995 2855 2895] [3165 3285 2995 3035 2980 2985 3170 3125]
[3270 2975 2900 2800 2945 3090 2970 3145] [2915 3015 3145 3050 3070 2980 3075 3195]
[2925 2830 3005 3095 3040 3335 3240 2795] [2850 3275 3040 3040 3080 3135 3305 3300]
[3130 2800 3060 2880 3235 3315 2575 3000] [3215 3265 3210 3135 2960 3145 3085 3210]
[2775 3095 3095 2935 3165 3170 3285 3065] [3210 2965 3040 3145 3215 2910 3085 3025]
COM8 1 7
4
[2900 2875 2725 2805 2975 2960 2735 3110] [2915 2970 3125 2945 2955 2990 3020 3185]
[3035 2945 2810 3070 3010 2900 3005 3035] [3245 2960 3140 3090 3050 3135 3120 3050]
[2890 2915 3140 3070 2840 2925 2890 3020] [3020 3030 3155 2975 3145 3095 3110 3095]
[2945 2805 2995 2975 3090 2995 2855 2895] [3195 3015 3280 3025 3060 2980 3045 3120]
[3270 2975 2900 2800 2945 3090 2970 3145] [3185 3135 3290 3025 3045 2970 2985 3125]
[2925 2830 3005 3095 3040 3335 3240 2795] [3210 3160 3230 3180 3120 2990 3115 3025]
[3130 2800 3060 2880 3235 3315 2575 3000] [3095 3025 3100 3110 3210 3040 3200 3380]
[2775 3095 3095 2935 3165 3170 3285 3065] [3145 3320 3265 3355 3175 3175 3000 3245]
COM3 0 8
4
[2570 2670 2795 2670 2855 2660 2850 2805] [2915 2970 3125 2945 2955 2990 3020 3185]
[2875 2890 2935 2805 2775 3015 2870 2780] [3245 2960 3140 3090 3050 3135 3120 3050]
[2485 2790 2880 2900 2580 2835 2720 2720] [3020 3030 3155 2975 3145 3095 3110 3095]
[2595 2795 2785 2815 2775 2830 2895 2830] [3195 3015 3280 3025 3060 2980 3045 3120]
[2785 2725 3005 2840 3000 2810 2840 2665] [3185 3135 3290 3025 3045 2970 2985 3125]
[2870 2965 2650 3010 2680 3030 3245 2695] [3210 3160 3230 3180 3120 2990 3115 3025]
[2260 2715 2805 2660 2760 2705 2910 2845] [3095 3025 3100 3110 3210 3040 3200 3380]
[1565 2310 3020 2710 2830 3085 2835 3040] [3145 3320 3265 3355 3175 3175 3000 3245]
COM8 1 9
4
[2570 2670 2795 2670 2855 2660 2850 2805] [3260 2980 3205 3095 3340 3070 3060 3180]
[2875 2890 2935 2805 2775 3015 2870 2780] [3125 3165 3170 3110 2995 3190 3055 2990]
[2485 2790 2880 2900 2580 2835 2720 2720] [3105 3235 3185 3160 3190 3005 3075 3045]
[2595 2795 2785 2815 2775 2830 2895 2830] [3335 3145 3010 3030 3205 3180 3150 3155]
[2785 2725 3005 2840 3000 2810 2840 2665] [3365 3345 3105 3195 3065 3240 3175 3120]
[2870 2965 2650 3010 2680 3030 3245 2695] [3140 3190 3235 3140 3290 3285 3145 3325]
[2260 2715 2805 2660 2760 2705 2910 2845] [3300 3355 3455 3190 3175 3200 3175 3230]
[1565 2310 3020 2710 2830 3085 2835 3040] [3245 3405 3390 3170 3210 3190 3220 2880]
COM3 0 10
4
[2640 2515 2785 2935 2630 2715 2760 2850] [3260 2980 3205 3095 3340 3070 3060 3180]
[2570 2650 2750 2785 2900 2875 2710 2855] [3125 3165 3170 3110 2995 3190 3055 2990]
[2825 2800 2760 2780 2790 2920 2815 2930] [3105 3235 3185 3160 3190 3005 3075 3045]
[2645 2785 2785 2855 2900 2775 2780 2755] [3335 3145 3010 3030 3205 3180 3150 3155]
[2820 2865 2750 2815 3145 2690 2970 3120] [3365 3345 3105 3195 3065 3240 3175 3120]
[2270 2845 2900 2640 2920 2940 2895 2865] [3140 3190 3235 3140 3290 3285 3145 3325]
[1595 2120 2730 3125 2975 2435 2960 2635] [3300 3355 3455 3190 3175 3200 3175 3230]
[1535 1655 2310 2935 2800 2890 2730 2775] [3245 3405 3390 3170 3210 3190 3220 2880]
COM8 1 11
4
[2640 2515 2785 2935 2630 2715 2760 2850] [3090 3135 3240 3075 3275 3140 3075 3185]
[2570 2650 2750 2785 2900 2875 2710 2855] [3095 3090 3220 3195 2985 3085 3255 3055]
[2825 2800 2760 2780 2790 2920 2815 2930] [3240 3250 3160 3085 3250 3095 3085 3015]
[2645 2785 2785 2855 2900 2775 2780 2755] [3025 3250 3160 3245 3155 3135 3165 3275]
[2820 2865 2750 2815 3145 2690 2970 3120] [3290 3485 3230 3170 3195 3135 3260 3225]
[2270 2845 2900 2640 2920 2940 2895 2865] [3095 3085 3045 3200 3195 3105 3310 3315]
[1595 2120 2730 3125 2975 2435 2960 2635] [3245 3320 3235 3100 3205 3240 3370 3075]
[1535 1655 2310 2935 2800 2890 2730 2775] [3190 3160 3265 3425 3280 3100 3285 3465]
COM3 0 12
4
[2835 2890 2915 2965 2920 2920 2925 2870] [3090 3135 3240 3075 3275 3140 3075 3185]
[2835 2775 2895 2960 2895 3050 2970 3125] [3095 3090 3220 3195 2985 3085 3255 3055]
[2545 2805 2915 2910 3030 3050 2960 2935] [3240 3250 3160 3085 3250 3095 3085 3015]
[2445 2830 3000 2905 2900 2920 3015 2915] [3025 3250 3160 3245 3155 3135 3165 3275]
[1870 2115 2625 2875 2925 2965 2960 3290] [3290 3485 3230 3170 3195 3135 3260 3225]
[1520 1980 2500 2585 2890 2945 2940 2895] [3095 3085 3045 3200 3195 3105 3310 3315]
[1430 1595 1995 2460 2795 2935 2835 3005] [3245 3320 3235 3100 3205 3240 3370 3075]
[1480 1460 1675 2150 2560 2925 3005 2985] [3190 3160 3265 3425 3280 3100 3285 3465]
COM8 1 13
4
[2835 2890 2915 2965 2920 2920 2925 2870] [3015 2995 3045 3145 3325 3015 3095 3205]
[2835 2775 2895 2960 2895 3050 2970 3125] [2940 3060 3080 3100 2980 3030 3080 2995]
[2545 2805 2915 2910 3030 3050 2960 2935] [2945 3230 3050 3020 3120 2980 3065 2940]
[2445 2830 3000 2905 2900 2920 3015 2915] [3230 3155 3075 3130 3125 3245 3285 3140]
[1870 2115 2625 2875 2925 2965 2960 3290] [3325 3150 3210 2950 3170 3115 3075 3105]
[1520 1980 2500 2585 2890 2945 2940 2895] [2995 2885 3060 3295 3135 3200 3125 3075]
[1430 1595 1995 2460 2795 2935 2835 3005] [2920 3270 3200 3210 3190 3185 3205 3445]
[1480 1460 1675 2150 2560 2925 3005 2985] [3005 3315 3115 3315 3115 3145 3335 3045]
COM3 0 14
4
[1630 2315 2700 2865 2700 2660 2850 2775] [3015 2995 3045 3145 3325 3015 3095 3205]
[1705 2075 2460 2930 2830 2985 2840 2860] [2940 3060 3080 3100 2980 3030 3080 2995]
[1395 1595 2320 2740 2805 2920 2810 2845] [2945 3230 3050 3020 3120 2980 3065 2940]
[1530 1525 2070 2580 2915 2985 2890 3025] [3230 3155 3075 3130 3125 3245 3285 3140]
[1555 1565 1660 2245 2615 2765 2970 3035] [3325 3150 3210 2950 3170 3115 3075 3105]
[1410 1390 1675 1960 2380 2755 2735 2810] [2995 2885 3060 3295 3135 3200 3125 3075]
[1535 1430 1515 1860 2135 3030 2710 2745] [2920 3270 3200 3210 3190 3185 3205 3445]
[1515 1255 1500 1680 1995 2390 2835 3135] [3005 3315 3115 3315 3115 3145 3335 3045]
COM8 1 15
4
[1630 2315 2700 2865 2700 2660 2850 2775] [2995 2975 2995 2890 3205 3090 3005 3175]
[1705 2075 2460 2930 2830 2985 2840 2860] [2845 2905 3035 3020 2940 3090 3030 2900]
[1395 1595 2320 2740 2805 2920 2810 2845] [3040 2940 3045 2910 3085 2935 2980 3095]
[1530 1525 2070 2580 2915 2985 2890 3025] [3090 3020 3000 3115 3005 3090 3125 3075]
[1555 1565 1660 2245 2615 2765 2970 3035] [3170 3015 2965 3080 3030 2980 2905 3055]
[1410 1390 1675 1960 2380 2755 2735 2810] [2925 3075 3215 3225 3050 3100 3125 3230]
[1535 1430 1515 1860 2135 3030 2710 2745] [3015 3285 3105 3235 3130 3180 2975 3130]
[1515 1255 1500 1680 1995 2390 2835 3135] [3190 3130 3235 3205 3055 3305 3175 3210]
COM3 0 16
4
[1655 1550 1760 2495 2840 2880 2980 3080] [2995 2975 2995 2890 3205 3090 3005 3175]
[1615 1565 1770 2555 2745 2985 2895 3050] [2845 2905 3035 3020 2940 3090 3030 2900]
[1540 1490 1695 2375 2785 2920 2875 3020] [3040 2940 3045 2910 3085 2935 2980 3095]
[1460 1515 1700 2325 2780 3000 2800 2840] [3090 3020 3000 3115 3005 3090 3125 3075]
[1520 1450 1735 1955 2750 2875 2970 3015] [3170 3015 2965 3080 3030 2980 2905 3055]
[1340 1410 1680 2125 2565 3065 3015 2945] [2925 3075 3215 3225 3050 3100 3125 3230]
[1345 1360 1460 1980 2355 2890 2970 2815] [3015 3285 3105 3235 3130 3180 2975 3130]
[1535 1540 1450 1900 2525 3005 3180 3200] [3190 3130 3235 3205 3055 3305 3175 3210]
COM8 1 17
4
[1655 1550 1760 2495 2840 2880 2980 3080] [2855 2770 3050 2990 3005 3035 2980 3100]
[1615 1565 1770 2555 2745 2985 2895 3050] [2845 2690 2840 2905 2935 3075 3005 2975]
[1540 1490 1695 2375 2785 2920 2875 3020] [2860 2930 2935 2860 2965 3070 3130 2930]
[1460 1515 1700 2325 2780 3000 2800 2840] [3085 3025 3075 2980 3065 3090 3050 2945]
[1520 1450 1735 1955 2750 2875 2970 3015] [2960 3015 3060 2910 2975 2975 3275 3105]
[1340 1410 1680 2125 2565 3065 3015 2945] [2990 3005 2985 3040 3050 3025 3090 3070]
[1345 1360 1460 1980 2355 2890 2970 2815] [3025 2770 2995 3155 3155 3145 3085 3060]
[1535 1540 1450 1900 2525 3005 3180 3200] [3075 2975 2945 3255 2910 2915 3020 3185]
COM3 0 18
4
[1685 1315 1545 2295 2665 2835 2935 2645] [2855 2770 3050 2990 3005 3035 2980 3100]
[1515 1480 1615 2135 2555 2845 2960 2870] [2845 2690 2840 2905 2935 3075 3005 2975]
[1300 1370 1545 1960 2525 2675 2695 2935] [2860 2930 2935 2860 2965 3070 3130 2930]
[1515 1445 1520 2000 2355 2735 2855 2875] [3085 3025 3075 2980 3065 3090 3050 2945]
[1630 1430 1380 1600 2190 2385 2970 2930] [2960 3015 3060 2910 2975 2975 3275 3105]
[1595 1485 1465 1525 1885 2685 3170 2710] [2990 3005 2985 3040 3050 3025 3090 3070]
[1650 1430 1350 1420 1685 2395 2600 2640] [3025 2770 2995 3155 3155 3145 3085 3060]
[1950 1300 1365 1450 1820 2435 3075 2885] [3075 2975 2945 3255 2910 2915 3020 3185]
COM8 1 19
4
[1685 1315 1545 2295 2665 2835 2935 2645] [3535 3420 3390 3295 3215 3305 3230 3375]
[1515 1480 1615 2135 2555 2845 2960 2870] [3570 3445 3310 3390 3300 3335 3245 3305]
[1300 1370 1545 1960 2525 2675 2695 2935] [3340 3330 3390 3335 3335 3295 3265 3275]
[1515 1445 1520 2000 2355 2735 2855 2875] [3410 3385 3395 3405 3395 3250 3285 3345]
[1630 1430 1380 1600 2190 2385 2970 2930] [3410 3535 3340 3335 3270 3430 3390 3385]
[1595 1485 1465 1525 1885 2685 3170 2710] [3140 3380 3405 3355 3345 3290 3420 3305]
[1650 1430 1350 1420 1685 2395 2600 2640] [3340 3275 3390 3370 3515 3360 3635 3440]
[1950 1300 1365 1450 1820 2435 3075 2885] [3235 3490 3450 3520 3450 3300 3340 3445]
COM3 0 20
4
[1575 1235 1455 1800 2505 2810 2690 2780] [3535 3420 3390 3295 3215 3305 3230 3375]
[1680 1535 1255 1710 2080 2575 2680 2775] [3570 3445 3310 3390 3300 3335 3245 3305]
[1470 1280 1315 1545 1865 2530 2765 2880] [3340 3330 3390 3335 3335 3295 3265 3275]
[1605 1480 1250 1340 1740 2355 2470 2835] [3410 3385 3395 3405 3395 3250 3285 3345]
[1635 1230 1310 1300 1550 1650 2490 2745] [3410 3535 3340 3335 3270 3430 3390 3385]
[1740 1425 1410 1315 1320 1445 2015 2315] [3140 3380 3405 3355 3345 3290 3420 3305]
[2000 1645 1350 1305 1150 1340 1545 2305] [3340 3275 3390 3370 3515 3360 3635 3440]
[2145 1655 1275 1105 1120 1200 1580 1770] [3235 3490 3450 3520 3450 3300 3340 3445]
COM8 1 21
4
[1575 1235 1455 1800 2505 2810 2690 2780] [3445 3420 3525 3330 3395 3315 3080 3405]
[1680 1535 1255 1710 2080 2575 2680 2775] [3415 3430 3395 3480 3285 3340 3410 3395]
[1470 1280 1315 1545 1865 2530 2765 2880] [3335 3470 3550 3315 3505 3190 3405 3240]
[1605 1480 1250 1340 1740 2355 2470 2835] [3375 3435 3365 3305 3475 3490 3350 3405]
[1635 1230 1310 1300 1550 1650 2490 2745] [3375 3485 3490 3235 3350 3300 3370 3390]
[1740 1425 1410 1315 1320 1445 2015 2315] [3125 3340 3315 3505 3200 3385 3470 3350]
[2000 1645 1350 1305 1150 1340 1545 2305] [3145 3420 3495 3425 3455 3345 3395 3430]
[2145 1655 1275 1105 1120 1200 1580 1770] [3275 3380 3420 3485 3435 3455 3395 3590]
COM3 0 22
4
[1730 1395 1515 1895 2565 2770 3005 2900] [3445 3420 3525 3330 3395 3315 3080 3405]
[1780 1460 1520 1900 2450 2795 2865 2815] [3415 3430 3395 3480 3285 3340 3410 3395]
[1880 1400 1375 1675 2240 2930 2790 2910] [3335 3470 3550 3315 3505 3190 3405 3240]
[1675 1370 1440 1585 2130 2685 2770 2775] [3375 3435 3365 3305 3475 3490 3350 3405]
[1740 1350 1320 1455 1845 2405 2970 2965] [3375 3485 3490 3235 3350 3300 3370 3390]
[1485 1285 1355 1440 1560 2200 2760 3010] [3125 3340 3315 3505 3200 3385 3470 3350]
[1975 1400 1315 1390 1510 1760 2405 2840] [3145 3420 3495 3425 3455 3345 3395 3430]
[1995 1400 1555 1200 1430 1485 1960 1945] [3275 3380 3420 3485 3435 3455 3395 3590]
COM8 1 23
4
[1730 1395 1515 1895 2565 2770 3005 2900] [2715 2880 2660 2795 2825 2880 2850 3110]
[1780 1460 1520 1900 2450 2795 2865 2815] [2750 2880 2890 2740 2915 3010 2835 2900]
[1880 1400 1375 1675 2240 2930 2790 2910] [2875 2760 2990 2865 2960 2930 2980 2835]
[1675 1370 1440 1585 2130 2685 2770 2775] [2960 2960 3075 2890 2990 2960 2965 2965]
[1740 1350 1320 1455 1845 2405 2970 2965] [2905 3115 3010 2925 2925 2945 3055 3225]
[1485 1285 1355 1440 1560 2200 2760 3010] [2785 2995 2790 3150 2920 2970 3060 2995]
[1975 1400 1315 1390 1510 1760 2405 2840] [2895 3115 3070 3110 2900 2920 3035 3115]
[1995 1400 1555 1200 1430 1485 1960 1945] [3085 3060 3015 3070 2825 3095 2895 3075]
COM3 0 24
4
[1970 1565 1580 2045 2640 2775 2980 2695] [2715 2880 2660 2795 2825 2880 2850 3110]
[2030 1585 1525 2020 2465 2640 2990 2885] [2750 2880 2890 2740 2915 3010 2835 2900]
[1875 1570 1595 1800 2325 2820 2855 2790] [2875 2760 2990 2865 2960 2930 2980 2835]
[2130 1545 1590 1710 2175 2530 2700 2720] [2960 2960 3075 2890 2990 2960 2965 2965]
[2205 1545 1465 1455 1845 2540 2910 3035] [2905 3115 3010 2925 2925 2945 3055 3225]
[1890 1695 1490 1470 1535 2560 2775 2650] [2785 2995 2790 3150 2920 2970 3060 2995]
[2450 1630 1460 1345 1595 2270 2735 3040] [2895 3115 3070 3110 2900 2920 3035 3115]
[2570 1700 1440 1270 1660 1905 2680 2970] [3085 3060 3015 3070 2825 3095 2895 3075]
COM8 1 25
4
[1970 1565 1580 2045 2640 2775 2980 2695] [3535 3480 3505 3355 3415 3265 3185 3305]
[2030 1585 1525 2020 2465 2640 2990 2885] [3430 3510 3460 3270 3250 3365 3295 3270]
[1875 1570 1595 1800 2325 2820 2855 2790] [3540 3475 3335 3240 3365 3310 3360 3440]
[2130 1545 1590 1710 2175 2530 2700 2720] [3305 3300 3550 3470 3200 3310 3250 3325]
[2205 1545 1465 1455 1845 2540 2910 3035] [3350 3190 3475 3300 3330 3305 3275 3415]
[1890 1695 1490 1470 1535 2560 2775 2650] [3420 3215 3325 3460 3440 3505 3415 3580]
[2450 1630 1460 1345 1595 2270 2735 3040] [3290 3415 3535 3390 3475 3350 3365 3370]
[2570 1700 1440 1270 1660 1905 2680 2970] [3390 3455 3615 3655 3470 3175 3235 3385]
COM3 0 26
4
[1755 1550 1545 2060 2570 2830 2925 2980] [3535 3480 3505 3355 3415 3265 3185 3305]
[1970 1535 1590 2035 2505 2895 2955 2885] [3430 3510 3460 3270 3250 3365 3295 3270]
[1975 1530 1445 1800 2455 2885 2895 2825] [3540 3475 3335 3240 3365 3310 3360 3440]
[1990 1455 1560 1620 2345 2895 2740 2750] [3305 3300 3550 3470 3200 3310 3250 3325]
[2445 1585 1445 1540 2030 2470 3070 2775] [3350 3190 3475 3300 3330 3305 3275 3415]
[2020 1625 1610 1450 1670 2175 2515 2600] [3420 3215 3325 3460 3440 3505 3415 3580]
[2625 1750 1410 1480 1500 1610 1735 2735] [3290 3415 3535 3390 3475 3350 3365 3370]
[2940 1860 1540 1265 1430 1405 1985 2375] [3390 3455 3615 3655 3470 3175 3235 3385]
COM8 1 27
4
[1755 1550 1545 2060 2570 2830 2925 2980] [3575 3430 3445 3380 3330 3180 3165 3270]
[1970 1535 1590 2035 2505 2895 2955 2885] [3535 3410 3460 3195 3385 3270 3210 3140]
[1975 1530 1445 1800 2455 2885 2895 2825] [3445 3490 3365 3310 3400 3160 3280 3160]
[1990 1455 1560 1620 2345 2895 2740 2750] [3470 3315 3420 3110 3330 3270 3365 3285]
[2445 1585 1445 1540 2030 2470 3070 2775] [3275 3300 3410 3220 3205 3295 3325 3425]
[2020 1625 1610 1450 1670 2175 2515 2600] [2990 3215 3385 3340 3385 3455 3275 3400]
[2625 1750 1410 1480 1500 1610 1735 2735] [3145 3270 3320 3420 3450 3305 3270 3480]
[2940 1860 1540 1265 1430 1405 1985 2375] [3330 3590 3335 3335 3270 3250 3675 3330]
COM3 0 28
4
[1970 1470 1485 1830 2345 2790 2820 2960] [3575 3430 3445 3380 3330 3180 3165 3270]
[2005 1855 1460 1880 2395 2750 2900 2875] [3535 3410 3460 3195 3385 3270 3210 3140]
[1995 1770 1450 1545 2080 2645 2810 2925] [3445 3490 3365 3310 3400 3160 3280 3160]
[2405 1745 1600 1535 1915 2280 2895 2870] [3470 3315 3420 3110 3330 3270 3365 3285]
[2680 2035 1575 1410 1645 2085 2550 2695] [3275 3300 3410 3220 3205 3295 3325 3425]
[2730 1965 1755 1610 1465 1680 1815 1865] [2990 3215 3385 3340 3385 3455 3275 3400]
[2585 2395 1785 1540 1340 1435 1465 1820] [3145 3270 3320 3420 3450 3305 3270 3480]
[2845 2595 1825 1360 1385 1330 1575 1700] [3330 3590 3335 3335 3270 3250 3675 3330]
COM8 1 29
4
[1970 1470 1485 1830 2345 2790 2820 2960] [3230 3375 3280 3215 3255 3160 3205 3240]
[2005 1855 1460 1880 2395 2750 2900 2875] [3125 3330 3365 3255 3205 3160 3195 3215]
[1995 1770 1450 1545 2080 2645 2810 2925] [3190 3260 3265 3270 3440 3075 3075 3195]
[2405 1745 1600 1535 1915 2280 2895 2870] [3230 3210 3270 3175 3205 3265 3205 3165]
[2680 2035 1575 1410 1645 2085 2550 2695] [3145 3305 3220 3135 3185 3285 3305 3265]
[2730 1965 1755 1610 1465 1680 1815 1865] [3325 3225 3360 3385 3300 3375 3330 3360]
[2585 2395 1785 1540 1340 1435 1465 1820] [2925 3355 3300 3365 3305 3365 3555 3380]
[2845 2595 1825 1360 1385 1330 1575 1700] [2815 3070 3255 3455 3325 3250 3395 3210]
COM3 0 30
4
[2080 1580 1530 1760 2380 2700 2755 2855] [3230 3375 3280 3215 3255 3160 3205 3240]
[2285 1795 1420 1635 2270 2765 2860 2720] [3125 3330 3365 3255 3205 3160 3195 3215]
[2455 1730 1570 1505 1860 2445 2595 2535] [3190 3260 3265 3270 3440 3075 3075 3195]
[2535 2155 1690 1480 1715 1945 2265 2205] [3230 3210 3270 3175 3205 3265 3205 3165]
[2900 2190 1795 1430 1540 1495 1755 1810] [3145 3305 3220 3135 3185 3285 3305 3265]
[2640 2380 2015 1570 1310 1545 1585 1405] [3325 3225 3360 3385 3300 3375 3330 3360]
[2625 2680 1775 1660 1360 1485 1485 1820] [2925 3355 3300 3365 3305 3365 3555 3380]
[3035 2510 1880 1545 1465 1445 1650 1885] [2815 3070 3255 3455 3325 3250 3395 3210]
COM8 1 31
4
[2080 1580 1530 1760 2380 2700 2755 2855] [3105 3080 3130 2995 3075 3060 3125 3105]
[2285 1795 1420 1635 2270 2765 2860 2720] [3090 3110 3130 2970 3070 3155 3095 3190]
[2455 1730 1570 1505 1860 2445 2595 2535] [3040 3105 3125 3055 3135 3005 3120 3040]
[2535 2155 1690 1480 1715 1945 2265 2205] [2915 3250 3230 3150 3115 3110 3130 2980]
[2900 2190 1795 1430 1540 1495 1755 1810] [2705 3010 3130 3110 3060 3035 3240 3260]
[2640 2380 2015 1570 1310 1545 1585 1405] [2275 2700 3115 3225 3015 3220 3205 3335]
[2625 2680 1775 1660 1360 1485 1485 1820] [2165 2565 2950 3140 3290 3055 3075 3405]
[3035 2510 1880 1545 1465 1445 1650 1885] [2040 2375 2800 3180 3150 3195 3305 2925]
COM3 0 32
4
[1955 1470 1465 1740 2205 2275 2085 1670] [3105 3080 3130 2995 3075 3060 3125 3105]
[2090 1660 1505 1620 2030 2305 1870 1910] [3090 3110 3130 2970 3070 3155 3095 3190]
[2285 1655 1540 1405 1700 1995 1970 1620] [3040 3105 3125 3055 3135 3005 3120 3040]
[2355 1705 1495 1450 1730 1940 1800 1685] [2915 3250 3230 3150 3115 3110 3130 2980]
[2810 2110 1645 1430 1585 1595 2065 2045] [2705 3010 3130 3110 3060 3035 3240 3260]
[2540 2110 1785 1485 1340 1655 1805 1755] [2275 2700 3115 3225 3015 3220 3205 3335]
[2790 2505 1880 1525 1255 1435 1660 1815] [2165 2565 2950 3140 3290 3055 3075 3405]
[3080 2505 1905 1460 1420 1405 1715 1770] [2040 2375 2800 3180 3150 3195 3305 2925]
COM8 1 33
4
[1955 1470 1465 1740 2205 2275 2085 1670] [3325 3285 3355 3170 3170 3165 3140 3270]
[2090 1660 1505 1620 2030 2305 1870 1910] [3120 3095 3080 3075 3105 3225 3195 3140]
[2285 1655 1540 1405 1700 1995 1970 1620] [2775 3160 3130 3060 3145 3160 3130 3175]
[2355 1705 1495 1450 1730 1940 1800 1685] [2495 2900 3220 3325 3175 3180 3180 3165]
[2810 2110 1645 1430 1585 1595 2065 2045] [2225 2585 3100 2895 3250 3220 3070 3350]
[2540 2110 1785 1485 1340 1655 1805 1755] [1885 2610 3075 3225 3160 3185 3210 3170]
[2790 2505 1880 1525 1255 1435 1660 1815] [2125 2555 3295 3170 3255 3345 3295 3385]
[3080 2505 1905 1460 1420 1405 1715 1770] [2360 2675 3190 3500 3310 3375 3210 3380]
COM3 0 34
4
[2420 1775 1550 1645 1985 2105 2095 1960] [3325 3285 3355 3170 3170 3165 3140 3270]
[2775 2100 1545 1825 1845 2070 2050 2000] [3120 3095 3080 3075 3105 3225 3195 3140]
[2510 2280 1775 1535 1640 1670 1785 1725] [2775 3160 3130 3060 3145 3160 3130 3175]
[3020 2480 1860 1660 1500 1690 1620 1705] [2495 2900 3220 3325 3175 3180 3180 3165]
[3105 2690 2370 1840 1615 1445 1585 1680] [2225 2585 3100 2895 3250 3220 3070 3350]
[2985 2795 2515 2065 1580 1600 1545 1390] [1885 2610 3075 3225 3160 3185 3210 3170]
[3070 3035 2535 2285 1630 1515 1330 1485] [2125 2555 3295 3170 3255 3345 3295 3385]
[3010 2875 2640 2325 1590 1535 1540 1415] [2360 2675 3190 3500 3310 3375 3210 3380]
COM8 1 35
4
[2420 1775 1550 1645 1985 2105 2095 1960] [3210 2985 3325 3195 3210 3090 3080 3220]
[2775 2100 1545 1825 1845 2070 2050 2000] [3105 3140 3160 3090 3135 3285 3195 3140]
[2510 2280 1775 1535 1640 1670 1785 1725] [3040 3140 3130 3055 3185 2985 3200 3105]
[3020 2480 1860 1660 1500 1690 1620 1705] [2800 3130 3125 3305 3165 3120 3200 3270]
[3105 2690 2370 1840 1615 1445 1585 1680] [2950 3185 3400 3040 3195 3235 3340 3265]
[2985 2795 2515 2065 1580 1600 1545 1390] [2820 3145 3205 3260 3140 3305 3200 3375]
[3070 3035 2535 2285 1630 1515 1330 1485] [3115 3190 3305 3205 3180 3065 3310 3325]
[3010 2875 2640 2325 1590 1535 1540 1415] [3320 3065 3235 3370 3130 3175 3270 3080]
COM3 0 36
4
[2580 2335 1995 1855 1465 1260 1295 1545] [3210 2985 3325 3195 3210 3090 3080 3220]
[2955 2770 2545 2175 1630 1380 1235 1445] [3105 3140 3160 3090 3135 3285 3195 3140]
[2595 2905 2670 2295 1960 1350 1330 1145] [3040 3140 3130 3055 3185 2985 3200 3105]
[3130 2940 2920 2525 2170 1820 1490 1210] [2800 3130 3125 3305 3165 3120 3200 3270]
[3015 2855 2985 2790 2575 2025 1510 1275] [2950 3185 3400 3040 3195 3235 3340 3265]
[2740 3095 2970 3090 2610 2390 1680 1305] [2820 3145 3205 3260 3140 3305 3200 3375]
[3100 2695 2890 3225 2895 2355 1545 1230] [3115 3190 3305 3205 3180 3065 3310 3325]
[2930 3105 3175 2750 2480 2320 1640 1365] [3320 3065 3235 3370 3130 3175 3270 3080]
COM8 1 37
4
[2580 2335 1995 1855 1465 1260 1295 1545] [3230 3175 3135 3020 3160 2945 3195 3105]
[2955 2770 2545 2175 1630 1380 1235 1445] [2660 3075 3185 3025 3040 3160 3000 3105]
[2595 2905 2670 2295 1960 1350 1330 1145] [2235 2910 3045 3105 3220 3085 3080 3025]
[3130 2940 2920 2525 2170 1820 1490 1210] [1875 2605 3005 3180 3155 2980 3000 3075]
[3015 2855 2985 2790 2575 2025 1510 1275] [1730 2390 2940 3000 3035 3125 3070 3215]
[2740 3095 2970 3090 2610 2390 1680 1305] [1585 2610 2920 3255 3055 3195 3275 3070]
[3100 2695 2890 3225 2895 2355 1545 1230] [1960 2670 3000 3190 3190 3200 3230 3350]
[2930 3105 3175 2750 2480 2320 1640 1365] [2120 2665 3120 3430 3185 3150 3180 3230]
COM3 0 38
4
[2865 2590 2495 2125 1865 1630 1585 1855] [3230 3175 3135 3020 3160 2945 3195 3105]
[2920 2700 2535 2320 1950 1585 1490 1680] [2660 3075 3185 3025 3040 3160 3000 3105]
[2800 2925 2765 2530 2235 1880 1730 1575] [2235 2910 3045 3105 3220 3085 3080 3025]
[3020 3015 2855 2715 2535 2025 1855 1590] [1875 2605 3005 3180 3155 2980 3000 3075]
[2805 2915 2985 2890 2855 2660 2330 2100] [1730 2390 2940 3000 3035 3125 3070 3215]
[2975 3340 2870 2945 2880 2640 2310 1820] [1585 2610 2920 3255 3055 3195 3275 3070]
[2970 2825 3195 2975 2825 2840 2320 1865] [1960 2670 3000 3190 3190 3200 3230 3350]
[3095 3095 2560 2935 2735 2580 2205 1545] [2120 2665 3120 3430 3185 3150 3180 3230]
COM8 1 39
4
[2865 2590 2495 2125 1865 1630 1585 1855] [3350 3200 3225 3280 3415 3265 3260 3330]
[2920 2700 2535 2320 1950 1585 1490 1680] [2825 3085 3295 3105 3315 3305 3210 3215]
[2800 2925 2765 2530 2235 1880 1730 1575] [2775 3030 3120 3105 3245 3245 3320 3225]
[3020 3015 2855 2715 2535 2025 1855 1590] [2360 2655 3000 3180 3125 3240 3295 3210]
[2805 2915 2985 2890 2855 2660 2330 2100] [2135 2385 2480 2820 3185 3070 3350 3290]
[2975 3340 2870 2945 2880 2640 2310 1820] [1775 1865 2155 2690 3155 3280 3135 3070]
[2970 2825 3195 2975 2825 2840 2320 1865] [1705 1785 2135 2335 2815 3235 3215 3270]
[3095 3095 2560 2935 2735 2580 2205 1545] [1700 1745 2015 2525 2945 3010 3365 3180]
COM3 0 40
4
[2900 2870 2690 2660 2405 1820 1615 1845] [3350 3200 3225 3280 3415 3265 3260 3330]
[3195 2925 2905 2910 2555 2185 1645 1660] [2825 3085 3295 3105 3315 3305 3210 3215]
[2895 2860 2825 2805 2445 2245 1635 1630] [2775 3030 3120 3105 3245 3245 3320 3225]
[2960 2925 3160 2655 2575 2195 1560 1560] [2360 2655 3000 3180 3125 3240 3295 3210]
[2855 2945 3000 2670 2640 1895 1510 1490] [2135 2385 2480 2820 3185 3070 3350 3290]
[3045 3005 3095 2685 2460 2165 1715 1270] [1775 1865 2155 2690 3155 3280 3135 3070]
[3310 3165 2590 2900 2485 2145 1735 1340] [1705 1785 2135 2335 2815 3235 3215 3270]
[3105 2875 2655 2805 2745 2635 1615 1365] [1700 1745 2015 2525 2945 3010 3365 3180]
COM8 1 41
4
[2900 2870 2690 2660 2405 1820 1615 1845] [3290 3250 3385 3225 3415 3240 3245 3375]
[3195 2925 2905 2910 2555 2185 1645 1660] [3295 3230 3125 3315 3255 3235 3270 3265]
[2895 2860 2825 2805 2445 2245 1635 1630] [3285 3230 3410 3270 3285 3140 3245 3285]
[2960 2925 3160 2655 2575 2195 1560 1560] [3215 3245 3205 3315 3365 3295 3475 3190]
[2855 2945 3000 2670 2640 1895 1510 1490] [3065 3095 3250 3190 3280 3375 3405 3495]
[3045 3005 3095 2685 2460 2165 1715 1270] [2570 3045 3205 3345 3255 3280 3415 3320]
[3310 3165 2590 2900 2485 2145 1735 1340] [2505 2610 3060 3245 3415 3415 3325 3470]
[3105 2875 2655 2805 2745 2635 1615 1365] [2155 2230 2470 2825 3055 3290 3275 3395]
COM3 0 42
4
[2715 2550 2795 2925 2705 2280 1885 1745] [3290 3250 3385 3225 3415 3240 3245 3375]
[2975 2665 2715 2860 2755 2420 2105 1850] [3295 3230 3125 3315 3255 3235 3270 3265]
[2870 2725 2875 2630 2795 2485 2075 1845] [3285 3230 3410 3270 3285 3140 3245 3285]
[2925 2925 3010 2840 2880 2465 1985 1510] [3215 3245 3205 3315 3365 3295 3475 3190]
[3090 2995 2970 2795 2915 2510 2295 1525] [3065 3095 3250 3190 3280 3375 3405 3495]
[2600 2785 3115 2905 3095 2595 2265 1735] [2570 3045 3205 3345 3255 3280 3415 3320]
[2930 3155 2975 3030 3035 2725 2060 1720] [2505 2610 3060 3245 3415 3415 3325 3470]
[3195 3090 2920 2935 2830 2450 2315 1920] [2155 2230 2470 2825 3055 3290 3275 3395]
COM8 1 43
4
[2715 2550 2795 2925 2705 2280 1885 1745] [3595 3195 3305 3300 3270 3305 3270 3305]
[2975 2665 2715 2860 2755 2420 2105 1850] [3330 3245 3340 3200 3250 3375 3300 3245]
[2870 2725 2875 2630 2795 2485 2075 1845] [3250 3245 3380 3135 3300 3265 3205 3305]
[2925 2925 3010 2840 2880 2465 1985 1510] [3220 3230 3295 3085 3395 3360 3395 3265]
[3090 2995 2970 2795 2915 2510 2295 1525] [3040 3310 3285 3075 3065 3380 3265 3330]
[2600 2785 3115 2905 3095 2595 2265 1735] [2835 3350 3320 3120 3305 3285 3405 3310]
[2930 3155 2975 3030 3035 2725 2060 1720] [2945 3275 3215 3180 3305 3355 3350 3565]
[3195 3090 2920 2935 2830 2450 2315 1920] [2770 3150 3425 3365 3180 3300 3270 3320]
COM3 0 44
4
[2945 2945 2790 2790 2775 2485 2215 1640] [3595 3195 3305 3300 3270 3305 3270 3305]
[3045 2890 2895 3045 2850 2525 2320 1820] [3330 3245 3340 3200 3250 3375 3300 3245]
[2560 2790 2735 2780 2815 2795 2310 1860] [3250 3245 3380 3135 3300 3265 3205 3305]
[2760 3005 2945 2890 3105 2835 2230 1705] [3220 3230 3295 3085 3395 3360 3395 3265]
[2675 2925 3000 2890 2870 2715 2475 2020] [3040 3310 3285 3075 3065 3380 3265 3330]
[2970 3000 2900 2835 2770 2945 2470 1845] [2835 3350 3320 3120 3305 3285 3405 3310]
[2925 2650 2975 2960 2800 2920 2370 1820] [2945 3275 3215 3180 3305 3355 3350 3565]
[2930 2675 2750 2805 2840 2560 2400 1860] [2770 3150 3425 3365 3180 3300 3270 3320]
COM8 1 45
4
[2945 2945 2790 2790 2775 2485 2215 1640] [2595 3070 3150 2850 2920 2895 2805 2955]
[3045 2890 2895 3045 2850 2525 2320 1820] [2505 2920 3190 3040 2930 3075 3120 2810]
[2560 2790 2735 2780 2815 2795 2310 1860] [2410 3020 2940 2900 3100 2995 2865 3040]
[2760 3005 2945 2890 3105 2835 2230 1705] [2480 2925 2995 3210 3050 3055 3100 3070]
[2675 2925 3000 2890 2870 2715 2475 2020] [2135 2905 3130 2940 2940 3095 3130 3030]
[2970 3000 2900 2835 2770 2945 2470 1845] [2025 2790 3015 3035 3030 3130 3095 3265]
[2925 2650 2975 2960 2800 2920 2370 1820] [2235 2835 3170 3080 3050 3040 3080 3080]
[2930 2675 2750 2805 2840 2560 2400 1860] [1845 2745 3050 3280 3130 3015 2955 3250]
COM3 0 46
4
[2940 2770 2910 2735 2780 2640 2265 1795] [2595 3070 3150 2850 2920 2895 2805 2955]
[2970 2980 3005 3095 2870 2765 2560 1780] [2505 2920 3190 3040 2930 3075 3120 2810]
[2790 2875 2940 2875 2950 2930 2445 2060] [2410 3020 2940 2900 3100 2995 2865 3040]
[2690 2760 2905 2930 2995 3095 2675 2040] [2480 2925 2995 3210 3050 3055 3100 3070]
[3095 2990 3165 2920 2980 3025 2640 2185] [2135 2905 3130 2940 2940 3095 3130 3030]
[2905 2910 2875 2710 2965 2945 2835 2315] [2025 2790 3015 3035 3030 3130 3095 3265]
[2985 2985 2875 3040 2900 2925 2590 2200] [2235 2835 3170 3080 3050 3040 3080 3080]
[3040 2870 3205 3080 2925 3000 2745 2280] [1845 2745 3050 3280 3130 3015 2955 3250]
COM8 1 47
4
[2940 2770 2910 2735 2780 2640 2265 1795] [3000 3085 2960 3205 3180 3310 3320 3320]
[2970 2980 3005 3095 2870 2765 2560 1780] [2525 2755 3055 3050 3290 3270 3095 3145]
[2790 2875 2940 2875 2950 2930 2445 2060] [2210 2520 2900 3065 3110 3075 3180 3285]
[2690 2760 2905 2930 2995 3095 2675 2040] [2165 2440 3005 3190 3205 3250 3250 3135]
[3095 2990 3165 2920 2980 3025 2640 2185] [2020 2485 3140 3175 3225 3240 3415 3370]
[2905 2910 2875 2710 2965 2945 2835 2315] [1890 2350 2800 3035 3165 3240 3285 3380]
[2985 2985 2875 3040 2900 2925 2590 2200] [1700 2160 2580 3010 3290 3330 3250 3240]
[3040 2870 3205 3080 2925 3000 2745 2280] [1885 1880 2120 2370 2835 3030 3340 3495]
COM3 0 48
4
[2875 2705 2710 2970 2770 2575 2280 2000] [3000 3085 2960 3205 3180 3310 3320 3320]
[2960 3105 2615 2880 2720 2605 2225 1820] [2525 2755 3055 3050 3290 3270 3095 3145]
[2815 2785 2850 2895 2855 2765 2455 1915] [2210 2520 2900 3065 3110 3075 3180 3285]
[2935 3015 3010 3040 2825 2855 2750 2020] [2165 2440 3005 3190 3205 3250 3250 3135]
[2930 2740 3065 3050 3060 2875 2715 2100] [2020 2485 3140 3175 3225 3240 3415 3370]
[2935 2830 2995 2950 2735 2945 2755 2445] [1890 2350 2800 3035 3165 3240 3285 3380]
[2630 2905 2855 2960 3045 2760 2710 2330] [1700 2160 2580 3010 3290 3330 3250 3240]
[2930 2580 2875 2870 3085 2920 3085 2155] [1885 1880 2120 2370 2835 3030 3340 3495]
COM8 1 49
4
[2875 2705 2710 2970 2770 2575 2280 2000] [1555 2160 2690 3005 3210 3040 2965 3025]
[2960 3105 2615 2880 2720 2605 2225 1820] [1685 2185 2905 3025 2990 2975 3105 3055]
[2815 2785 2850 2895 2855 2765 2455 1915] [1615 1825 2605 3000 3040 3095 3060 2995]
[2935 3015 3010 3040 2825 2855 2750 2020] [1560 1935 2175 2765 2930 3085 3250 2955]
[2930 2740 3065 3050 3060 2875 2715 2100] [1505 1625 1900 2100 2805 2965 3070 3115]
[2935 2830 2995 2950 2735 2945 2755 2445] [1520 1520 1690 1985 2355 2945 3085 3025]
[2630 2905 2855 2960 3045 2760 2710 2330] [1620 1750 1580 1640 1980 2420 3080 3030]
[2930 2580 2875 2870 3085 2920 3085 2155] [1820 1610 1635 1590 1675 2010 2725 3070]
COM3 0 50
4
[2665 2930 2895 2790 2845 2670 2210 1775] [1555 2160 2690 3005 3210 3040 2965 3025]
[2890 2885 2800 2950 2740 2800 2245 1735] [1685 2185 2905 3025 2990 2975 3105 3055]
[2850 2885 2940 2820 2890 2815 2305 1770] [1615 1825 2605 3000 3040 3095 3060 2995]
[3005 3075 2745 2870 2770 2995 2550 2095] [1560 1935 2175 2765 2930 3085 3250 2955]
[3120 2885 2845 2715 2900 2840 2475 2115] [1505 1625 1900 2100 2805 2965 3070 3115]
[2835 2565 2895 2940 2820 2945 2825 2410] [1520 1520 1690 1985 2355 2945 3085 3025]
[2930 2655 2975 3115 2785 3090 2750 2275] [1620 1750 1580 1640 1980 2420 3080 3030]
[2905 2955 2920 2935 2920 3090 2955 2285] [1820 1610 1635 1590 1675 2010 2725 3070]
COM8 1 51
4
[2665 2930 2895 2790 2845 2670 2210 1775] [1875 2135 2800 3020 3230 2945 2990 3100]
[2890 2885 2800 2950 2740 2800 2245 1735] [1675 1920 2500 2960 3080 3180 3110 2990]
[2850 2885 2940 2820 2890 2815 2305 1770] [1615 1690 2075 2605 3135 3055 2995 3110]
[3005 3075 2745 2870 2770 2995 2550 2095] [1595 1615 1920 2330 2875 3070 3045 3120]
[3120 2885 2845 2715 2900 2840 2475 2115] [1565 1685 1740 2000 2595 2960 3200 3070]
[2835 2565 2895 2940 2820 2945 2825 2410] [1640 1650 1700 2020 2365 3000 3100 3070]
[2930 2655 2975 3115 2785 3090 2750 2275] [1480 1615 1735 1895 2345 2885 3080 3250]
[2905 2955 2920 2935 2920 3090 2955 2285] [1635 1520 1680 1860 2305 2680 3015 3250]
COM3 0 52
4
[2805 2785 2695 2775 2765 2775 2380 1895] [1875 2135 2800 3020 3230 2945 2990 3100]
[2915 2900 3010 2925 2845 2775 2435 2135] [1675 1920 2500 2960 3080 3180 3110 2990]
[3280 2800 2905 2920 2845 2810 2575 2215] [1615 1690 2075 2605 3135 3055 2995 3110]
[2800 3020 2945 2765 2945 2900 2625 2230] [1595 1615 1920 2330 2875 3070 3045 3120]
[3125 3155 3000 2865 2945 3000 2850 2220] [1565 1685 1740 2000 2595 2960 3200 3070]
[2970 3005 2965 2870 3055 2685 2955 2550] [1640 1650 1700 2020 2365 3000 3100 3070]
[2870 2835 2925 3175 2785 2840 2800 2830] [1480 1615 1735 1895 2345 2885 3080 3250]
[3225 3105 2870 3345 2920 2765 3005 2790] [1635 1520 1680 1860 2305 2680 3015 3250]
COM8 1 53
4
[2805 2785 2695 2775 2765 2775 2380 1895] [2175 2570 3045 3070 3125 3105 2980 3160]
[2915 2900 3010 2925 2845 2775 2435 2135] [1990 2510 3130 3180 3100 3175 3100 3155]
[3280 2800 2905 2920 2845 2810 2575 2215] [1855 2125 2790 2985 3210 2910 3280 3035]
[2800 3020 2945 2765 2945 2900 2625 2230] [1735 2065 2570 3030 3070 3080 3095 2975]
[3125 3155 3000 2865 2945 3000 2850 2220] [1665 1840 2425 2675 2980 3145 3175 3060]
[2970 3005 2965 2870 3055 2685 2955 2550] [1535 1860 2500 2945 3015 3290 3215 3350]
[2870 2835 2925 3175 2785 2840 2800 2830] [1580 2005 2360 2850 3205 3190 3205 3030]
[3225 3105 2870 3345 2920 2765 3005 2790] [1725 2050 2385 3150 3030 2945 3290 3350]
COM3 0 54
4
[2795 2765 3045 2760 2790 2710 2725 2295] [2175 2570 3045 3070 3125 3105 2980 3160]
[3045 2905 2825 2935 2860 2810 2710 2280] [1990 2510 3130 3180 3100 3175 3100 3155]
[2645 2835 2840 2820 2835 3005 2850 2720] [1855 2125 2790 2985 3210 2910 3280 3035]
[2875 2650 2900 2900 2880 3000 2815 2845] [1735 2065 2570 3030 3070 3080 3095 2975]
[2815 2895 2870 3015 2950 2875 2970 2750] [1665 1840 2425 2675 2980 3145 3175 3060]
[2825 2990 2990 2685 2685 2860 2955 3015] [1535 1860 2500 2945 3015 3290 3215 3350]
[2740 2835 2970 2900 3100 3065 2515 2810] [1580 2005 2360 2850 3205 3190 3205 3030]
[2810 2845 2925 2825 2920 3035 2975 3005] [1725 2050 2385 3150 3030 2945 3290 3350]
COM8 1 55
4
[2795 2765 3045 2760 2790 2710 2725 2295] [1810 2050 2540 2870 2925 3095 3165 3150]
[3045 2905 2825 2935 2860 2810 2710 2280] [1720 1985 2280 2480 2755 3085 3175 3125]
[2645 2835 2840 2820 2835 3005 2850 2720] [1735 1740 1975 2235 2625 2800 3150 3025]
[2875 2650 2900 2900 2880 3000 2815 2845] [1765 1670 1845 1960 2265 2790 3095 3195]
[2815 2895 2870 3015 2950 2875 2970 2750] [1725 1795 1835 1770 1980 2640 2945 3205]
[2825 2990 2990 2685 2685 2860 2955 3015] [1645 1755 1805 1995 2120 2505 3140 3155]
[2740 2835 2970 2900 3100 3065 2515 2810] [1685 1880 1820 1900 2305 2680 3185 3180]
[2810 2845 2925 2825 2920 3035 2975 3005] [1755 1650 1785 2135 2515 2770 3100 3085]
COM3 0 56
4
[2835 2775 2935 2960 2775 2800 3105 2845] [1810 2050 2540 2870 2925 3095 3165 3150]
[3050 3115 2740 2845 2815 2930 2945 2730] [1720 1985 2280 2480 2755 3085 3175 3125]
[2825 3155 3115 2790 2865 2850 2820 2935] [1735 1740 1975 2235 2625 2800 3150 3025]
[2925 3005 3005 2975 2940 2955 2805 2885] [1765 1670 1845 1960 2265 2790 3095 3195]
[3065 3040 3070 3035 3080 3005 3035 2675] [1725 1795 1835 1770 1980 2640 2945 3205]
[2950 2965 3160 3345 2545 3010 3005 2905] [1645 1755 1805 1995 2120 2505 3140 3155]
[2895 2935 3150 3035 2850 2925 2865 2825] [1685 1880 1820 1900 2305 2680 3185 3180]
[3240 3205 2925 2860 2875 2895 3005 3030] [1755 1650 1785 2135 2515 2770 3100 3085]
COM8 1 57
4
[2835 2775 2935 2960 2775 2800 3105 2845] [1830 1920 2420 2770 3225 3065 3215 3280]
[3050 3115 2740 2845 2815 2930 2945 2730] [1685 1795 2120 2335 2715 3015 3165 3155]
[2825 3155 3115 2790 2865 2850 2820 2935] [1615 1690 1920 1960 2445 2590 3050 3015]
[2925 3005 3005 2975 2940 2955 2805 2885] [1760 1590 1815 1895 2135 2320 2590 3055]
[3065 3040 3070 3035 3080 3005 3035 2675] [1785 1775 1905 1875 1940 2025 2420 2770]
[2950 2965 3160 3345 2545 3010 3005 2905] [1585 1750 1975 2080 1955 1880 2240 2415]
[2895 2935 3150 3035 2850 2925 2865 2825] [1645 1830 2050 2100 1895 1840 2005 2365]
[3240 3205 2925 2860 2875 2895 3005 3030] [1740 1745 1930 2060 1790 1845 2080 2335]
COM3 0 58
4
[3045 2910 2840 2925 2820 2685 2755 2445] [1830 1920 2420 2770 3225 3065 3215 3280]
[2725 2895 2815 2975 2905 2875 2840 2765] [1685 1795 2120 2335 2715 3015 3165 3155]
[2890 2800 2745 2780 2825 2930 2790 2935] [1615 1690 1920 1960 2445 2590 3050 3015]
[3015 2940 3060 2975 2995 2935 2955 2850] [1760 1590 1815 1895 2135 2320 2590 3055]
[2930 2870 2740 2840 2980 2690 2855 3085] [1785 1775 1905 1875 1940 2025 2420 2770]
[2920 2830 3070 2800 2755 3020 2835 2800] [1585 1750 1975 2080 1955 1880 2240 2415]
[2980 3055 2785 2970 2900 3020 2800 3385] [1645 1830 2050 2100 1895 1840 2005 2365]
[3045 2555 2925 3315 2920 3080 2960 2880] [1740 1745 1930 2060 1790 1845 2080 2335]
COM8 1 59
4
[3045 2910 2840 2925 2820 2685 2755 2445] [2340 2570 2800 2550 2915 3135 3160 3155]
[2725 2895 2815 2975 2905 2875 2840 2765] [1955 2200 2385 2420 2595 3160 3110 3165]
[2890 2800 2745 2780 2825 2930 2790 2935] [1925 1980 2140 2225 2700 2995 3110 3035]
[3015 2940 3060 2975 2995 2935 2955 2850] [1815 1880 2070 2190 2465 2790 3030 3255]
[2930 2870 2740 2840 2980 2690 2855 3085] [1800 1795 1995 2030 2335 2470 3020 3245]
[2920 2830 3070 2800 2755 3020 2835 2800] [1675 1840 2045 2220 2095 2255 2570 3010]
[2980 3055 2785 2970 2900 3020 2800 3385] [1700 2075 2160 2240 2040 2050 2305 2780]
[3045 2555 2925 3315 2920 3080 2960 2880] [1820 2090 2310 2500 2160 2040 2135 2340]
COM3 0 60
4
[2870 2845 2960 2900 2770 2830 2995 2640] [2340 2570 2800 2550 2915 3135 3160 3155]
[3190 2960 2775 3040 2860 3020 2950 2820] [1955 2200 2385 2420 2595 3160 3110 3165]
[2890 3110 2635 2900 2990 2995 2765 3000] [1925 1980 2140 2225 2700 2995 3110 3035]
[3100 3160 2845 2930 2840 2950 2840 2840] [1815 1880 2070 2190 2465 2790 3030 3255]
[3100 2885 3200 2865 2995 2875 2955 3035] [1800 1795 1995 2030 2335 2470 3020 3245]
[2925 2875 3000 3030 2715 2945 2975 2920] [1675 1840 2045 2220 2095 2255 2570 3010]
[3285 2985 2900 2850 2970 2795 2920 2785] [1700 2075 2160 2240 2040 2050 2305 2780]
[3045 3100 3155 2620 2875 3035 3215 2850] [1820 2090 2310 2500 2160 2040 2135 2340]
COM8 1 61
4
[2870 2845 2960 2900 2770 2830 2995 2640] [2605 3330 3465 3175 3150 3055 3145 3305]
[3190 2960 2775 3040 2860 3020 2950 2820] [2440 3160 3520 3245 3070 3055 3095 3230]
[2890 3110 2635 2900 2990 2995 2765 3000] [2240 2775 3345 2905 2865 2805 2890 3020]
[3100 3160 2845 2930 2840 2950 2840 2840] [2005 2340 2805 2510 2515 2595 2945 3195]
[3100 2885 3200 2865 2995 2875 2955 3035] [1865 2140 2500 2110 2335 2465 2975 3250]
[2925 2875 3000 3030 2715 2945 2975 2920] [1765 2075 2265 2120 2170 2540 2875 3065]
[3285 2985 2900 2850 2970 2795 2920 2785] [1700 2070 2195 2155 2045 2280 2775 3345]
[3045 3100 3155 2620 2875 3035 3215 2850] [1855 2020 2385 2430 2290 2235 2575 3085]
COM3 0 62
4
[2960 2495 2650 2970 2790 2705 2920 2610] [2605 3330 3465 3175 3150 3055 3145 3305]
[3000 2975 2920 2895 2860 2755 3025 2960] [2440 3160 3520 3245 3070 3055 3095 3230]
[2870 2775 2715 2920 2900 2895 2890 2900] [2240 2775 3345 2905 2865 2805 2890 3020]
[2945 2840 3155 2975 2905 2855 2850 3140] [2005 2340 2805 2510 2515 2595 2945 3195]
[2875 2835 3065 2950 2980 2820 2935 2810] [1865 2140 2500 2110 2335 2465 2975 3250]
[2800 2895 3155 2945 2900 2845 3130 3095] [1765 2075 2265 2120 2170 2540 2875 3065]
[2690 2710 3130 3190 2805 3120 2650 2915] [1700 2070 2195 2155 2045 2280 2775 3345]
[3045 2750 3335 3345 2895 2935 3010 2705] [1855 2020 2385 2430 2290 2235 2575 3085]
COM8 1 63
4
[2960 2495 2650 2970 2790 2705 2920 2610] [2475 3285 3295 3335 3005 3125 3150 3370]
[3000 2975 2920 2895 2860 2755 3025 2960] [2345 3100 3325 3345 3180 3175 3280 3085]
[2870 2775 2715 2920 2900 2895 2890 2900] [2155 2760 3395 3250 3245 2990 3030 2970]
[2945 2840 3155 2975 2905 2855 2850 3140] [2105 2430 3160 3025 2875 2665 2705 2940]
[2875 2835 3065 2950 2980 2820 2935 2810] [1880 2415 2660 2685 2325 2295 2490 2810]
[2800 2895 3155 2945 2900 2845 3130 3095] [1700 2095 2520 2540 2135 2150 2415 2790]
[2690 2710 3130 3190 2805 3120 2650 2915] [1745 2320 2485 2440 2180 2060 2310 3110]
[3045 2750 3335 3345 2895 2935 3010 2705] [1845 2190 2475 2655 2275 2000 2485 2830]
COM3 0 64
4
[2780 2665 2715 2865 2635 2810 2885 2825] [2475 3285 3295 3335 3005 3125 3150 3370]
[3045 3090 2715 3045 3060 2925 2895 2860] [2345 3100 3325 3345 3180 3175 3280 3085]
[2890 2940 2925 2920 2940 3045 2805 2930] [2155 2760 3395 3250 3245 2990 3030 2970]
[2740 2925 3245 2730 2940 3045 2925 2840] [2105 2430 3160 3025 2875 2665 2705 2940]
[2885 2865 3170 2940 2995 2860 3260 3155] [1880 2415 2660 2685 2325 2295 2490 2810]
[2935 3010 2910 2805 2895 3020 3200 2905] [1700 2095 2520 2540 2135 2150 2415 2790]
[2935 3140 2780 2795 3010 2935 2875 2915] [1745 2320 2485 2440 2180 2060 2310 3110]
[3150 3065 2805 2755 3085 3055 2910 3200] [1845 2190 2475 2655 2275 2000 2485 2830]
COM8 1 65
4
[2780 2665 2715 2865 2635 2810 2885 2825] [1750 2330 2545 2935 3005 2885 3065 3015]
[3045 3090 2715 3045 3060 2925 2895 2860] [1560 2095 2560 2825 2895 3040 2805 2820]
[2890 2940 2925 2920 2940 3045 2805 2930] [1535 1910 2430 2545 2815 2550 2625 2470]
[2740 2925 3245 2730 2940 3045 2925 2840] [1615 1685 2220 2605 2480 2155 2090 2160]
[2885 2865 3170 2940 2995 2860 3260 3155] [1520 1640 2215 2315 2350 2000 1855 2085]
[2935 3010 2910 2805 2895 3020 3200 2905] [1425 1565 2020 2450 2300 1960 1955 2305]
[2935 3140 2780 2795 3010 2935 2875 2915] [1440 1595 1895 2515 2580 2145 2010 2175]
[3150 3065 2805 2755 3085 3055 2910 3200] [1520 1590 2015 2470 2630 2175 2095 2045]