COM3 0 6
1
[2755 2795 2685 2710 2770 2720 2830 2700] [3070 3055 3175 3000 3155 3005 3095 3195]
[2600 3020 2785 2915 2810 2905 2845 2835] [2985 3260 3215 2995 2915 3035 2980 3055]
[2670 2885 2825 2740 2770 2850 2835 2830] [3135 2950 3080 2890 3095 3110 2840 2960]
[2850 2885 2860 2790 2825 2820 2765 2825] [3230 3250 3155 3080 2935 3050 3105 3000]
[2855 2880 2940 2770 2825 2895 2895 3035] [3200 3190 3250 3000 3090 3070 2995 3250]
[2900 2940 2910 2950 2845 2840 2900 2625] [2950 3115 3015 3195 3080 3070 3270 3100]
[2920 2970 2675 2910 2925 2975 2775 2685] [3105 3345 3355 3180 3075 3115 3245 3345]
[2940 2825 2765 2820 3010 2895 3030 2910] [3190 3060 3335 3260 2935 3210 3190 3115]
COM8 1 7
1
[2755 2795 2685 2710 2770 2720 2830 2700] [2825 3065 2815 2960 3155 2910 3020 3045]
[2600 3020 2785 2915 2810 2905 2845 2835] [2965 3090 3035 2985 2945 3105 2970 2950]
[2670 2885 2825 2740 2770 2850 2835 2830] [3145 2930 2975 2930 3080 3040 2940 2905]
[2850 2885 2860 2790 2825 2820 2765 2825] [2990 3075 3150 3150 2950 3015 3050 2965]
[2855 2880 2940 2770 2825 2895 2895 3035] [3290 3060 3250 3025 2860 2990 3055 3005]
[2900 2940 2910 2950 2845 2840 2900 2625] [2975 2870 2940 3165 3025 3180 3085 3065]
[2920 2970 2675 2910 2925 2975 2775 2685] [3125 3210 3165 3035 3050 3185 2905 3170]
[2940 2825 2765 2820 3010 2895 3030 2910] [3250 3260 3045 3115 3115 3140 3345 3315]
COM3 0 8
1
[2870 2620 2810 2785 2725 2790 2810 3060] [2825 3065 2815 2960 3155 2910 3020 3045]
[2975 2885 2815 2925 2815 2845 2760 2950] [2965 3090 3035 2985 2945 3105 2970 2950]
[2840 2800 2815 2810 2760 2855 2765 2780] [3145 2930 2975 2930 3080 3040 2940 2905]
[2970 2935 2935 2820 2830 2985 2800 2880] [2990 3075 3150 3150 2950 3015 3050 2965]
[3095 2910 3040 2905 2940 2870 3010 3075] [3290 3060 3250 3025 2860 2990 3055 3005]
[2820 3090 3155 3010 2975 3050 3070 3055] [2975 2870 2940 3165 3025 3180 3085 3065]
[2900 3035 2870 3200 2845 2875 2900 2810] [3125 3210 3165 3035 3050 3185 2905 3170]
[3045 2830 2870 3010 2835 3110 3095 2910] [3250 3260 3045 3115 3115 3140 3345 3315]
COM8 1 9
1
[2870 2620 2810 2785 2725 2790 2810 3060] [3015 3135 3135 3070 3180 3040 3100 3130]
[2975 2885 2815 2925 2815 2845 2760 2950] [2990 3165 3035 3040 2910 3040 2920 3125]
[2840 2800 2815 2810 2760 2855 2765 2780] [3115 3050 3200 2935 3030 3040 2885 3030]
[2970 2935 2935 2820 2830 2985 2800 2880] [2880 3225 3220 3070 3030 3260 3100 2890]
[3095 2910 3040 2905 2940 2870 3010 3075] [3055 3170 3110 2810 2930 2950 3070 3095]
[2820 3090 3155 3010 2975 3050 3070 3055] [2985 3050 2800 3180 3155 3030 3000 3280]
[2900 3035 2870 3200 2845 2875 2900 2810] [3115 3215 3280 3105 3225 3115 3325 3415]
[3045 2830 2870 3010 2835 3110 3095 2910] [3095 3220 3175 3110 2895 2895 3140 3300]
COM3 0 10
1
[2775 2745 2640 2800 2660 2875 2920 2805] [3015 3135 3135 3070 3180 3040 3100 3130]
[2805 3050 2835 2790 2835 2795 2885 2875] [2990 3165 3035 3040 2910 3040 2920 3125]
[2790 2950 2935 2750 2895 2945 2765 3005] [3115 3050 3200 2935 3030 3040 2885 3030]
[2895 2830 2955 2825 2860 2895 2880 2945] [2880 3225 3220 3070 3030 3260 3100 2890]
[3055 2970 2935 2805 2935 2925 2915 3100] [3055 3170 3110 2810 2930 2950 3070 3095]
[2935 2940 2955 3085 2945 3025 2965 2900] [2985 3050 2800 3180 3155 3030 3000 3280]
[3005 3075 3055 3050 2850 2855 2820 2840] [3115 3215 3280 3105 3225 3115 3325 3415]
[3110 2905 2855 2890 2985 3045 2950 2780] [3095 3220 3175 3110 2895 2895 3140 3300]
COM8 1 11
1
[2775 2745 2640 2800 2660 2875 2920 2805] [3210 2970 3200 3055 3055 3085 3000 3095]
[2805 3050 2835 2790 2835 2795 2885 2875] [3050 3100 3145 2910 2910 3160 2955 2970]
[2790 2950 2935 2750 2895 2945 2765 3005] [3140 3095 3080 3075 3170 3010 2890 2990]
[2895 2830 2955 2825 2860 2895 2880 2945] [3090 3060 3170 3120 2975 3045 2995 2870]
[3055 2970 2935 2805 2935 2925 2915 3100] [3150 3120 3155 2960 2900 2980 3110 3130]
[2935 2940 2955 3085 2945 3025 2965 2900] [2935 3015 3075 3125 3090 3050 3100 3070]
[3005 3075 3055 3050 2850 2855 2820 2840] [3140 3160 3140 3080 3240 3085 3345 3370]
[3110 2905 2855 2890 2985 3045 2950 2780] [3235 3295 3195 3370 3080 3040 3150 3070]
COM3 0 12
1
[2810 2600 2830 2835 2845 2670 2775 2915] [3210 2970 3200 3055 3055 3085 3000 3095]
[2875 2910 2980 2755 2815 2925 2750 2770] [3050 3100 3145 2910 2910 3160 2955 2970]
[2705 2815 2795 2710 2775 2915 2805 2870] [3140 3095 3080 3075 3170 3010 2890 2990]
[3080 2830 2930 2865 2850 2795 2890 2985] [3090 3060 3170 3120 2975 3045 2995 2870]
[2935 2895 3065 2885 2980 2830 2905 2925] [3150 3120 3155 2960 2900 2980 3110 3130]
[2920 3010 2910 2880 2985 2995 2955 2900] [2935 3015 3075 3125 3090 3050 3100 3070]
[2930 3070 2780 2925 3055 2840 2630 2915] [3140 3160 3140 3080 3240 3085 3345 3370]
[2875 2785 2940 3035 2950 2895 2955 2830] [3235 3295 3195 3370 3080 3040 3150 3070]
COM8 1 13
1
[2810 2600 2830 2835 2845 2670 2775 2915] [2775 2965 3025 3050 2930 2910 3045 2990]
[2875 2910 2980 2755 2815 2925 2750 2770] [2810 3075 3035 2980 2930 3120 2915 2965]
[2705 2815 2795 2710 2775 2915 2805 2870] [2925 3090 3045 2875 3135 2985 2860 2860]
[3080 2830 2930 2865 2850 2795 2890 2985] [3015 3160 3200 3100 3065 3020 3090 2965]
[2935 2895 3065 2885 2980 2830 2905 2925] [3200 2905 3115 2960 3125 3065 3020 3130]
[2920 3010 2910 2880 2985 2995 2955 2900] [2780 3015 3150 3175 2985 3155 3060 3060]
[2930 3070 2780 2925 3055 2840 2630 2915] [3050 3045 3115 3035 3070 3030 3085 3230]
[2875 2785 2940 3035 2950 2895 2955 2830] [3040 3055 3135 3030 3060 3100 2945 3270]
COM3 0 14
1
[2925 2685 2830 2830 2780 2725 2880 2805] [2775 2965 3025 3050 2930 2910 3045 2990]
[2875 2895 2835 2825 2810 2820 2825 2815] [2810 3075 3035 2980 2930 3120 2915 2965]
[2730 2825 2890 2895 2815 2915 2790 3020] [2925 3090 3045 2875 3135 2985 2860 2860]
[2940 3010 2955 2805 2810 2835 2810 2865] [3015 3160 3200 3100 3065 3020 3090 2965]
[3005 2810 2950 2850 3035 2810 3010 2950] [3200 2905 3115 2960 3125 3065 3020 3130]
[2880 2920 2955 2880 2900 2770 3015 2945] [2780 3015 3150 3175 2985 3155 3060 3060]
[2930 2920 2870 2950 3000 2885 2920 2795] [3050 3045 3115 3035 3070 3030 3085 3230]
[3080 2725 2940 2875 3115 2870 3115 2995] [3040 3055 3135 3030 3060 3100 2945 3270]
COM8 1 15
1
[2925 2685 2830 2830 2780 2725 2880 2805] [3225 3125 3025 3045 2995 3095 2950 3085]
[2875 2895 2835 2825 2810 2820 2825 2815] [3045 3140 3095 3000 2990 3170 2855 2970]
[2730 2825 2890 2895 2815 2915 2790 3020] [3165 3065 2985 3045 3095 2990 2985 3010]
[2940 3010 2955 2805 2810 2835 2810 2865] [2995 3235 3160 3140 3115 2975 3005 3095]
[3005 2810 2950 2850 3035 2810 3010 2950] [3075 3200 3130 2870 2910 3225 3065 3055]
[2880 2920 2955 2880 2900 2770 3015 2945] [3105 3055 3005 3275 3240 3120 3210 3065]
[2930 2920 2870 2950 3000 2885 2920 2795] [3090 3265 3190 3115 3195 2905 3210 3210]
[3080 2725 2940 2875 3115 2870 3115 2995] [3130 3350 3225 3170 3100 2965 3205 3135]
COM3 0 16
1
[2820 2740 2790 2750 2675 2775 2710 2975] [3225 3125 3025 3045 2995 3095 2950 3085]
[2875 2875 2920 2820 2765 2760 2850 2820] [3045 3140 3095 3000 2990 3170 2855 2970]
[2775 2885 2830 2760 2835 2855 2800 2730] [3165 3065 2985 3045 3095 2990 2985 3010]
[2895 2805 2900 2725 2860 2785 2830 2650] [2995 3235 3160 3140 3115 2975 3005 3095]
[3000 2805 2940 2910 2935 2765 2905 3030] [3075 3200 3130 2870 2910 3225 3065 3055]
[2920 2870 3075 3015 2775 2790 2775 2875] [3105 3055 3005 3275 3240 3120 3210 3065]
[2750 3040 3045 2850 2845 2805 2705 2770] [3090 3265 3190 3115 3195 2905 3210 3210]
[2800 2885 2775 2940 2815 2725 3160 2825] [3130 3350 3225 3170 3100 2965 3205 3135]
COM8 1 17
1
[2820 2740 2790 2750 2675 2775 2710 2975] [2820 2835 2910 3025 3150 2945 2985 3055]
[2875 2875 2920 2820 2765 2760 2850 2820] [3035 3020 3035 2995 2905 3000 3020 3025]
[2775 2885 2830 2760 2835 2855 2800 2730] [2980 2995 3050 2975 3100 3020 3010 2925]
[2895 2805 2900 2725 2860 2785 2830 2650] [3095 3090 3175 3115 3025 2930 3060 2945]
[3000 2805 2940 2910 2935 2765 2905 3030] [3060 3095 3200 2860 2930 2970 3170 3135]
[2920 2870 3075 3015 2775 2790 2775 2875] [3050 3045 3050 3150 2910 3020 3095 3145]
[2750 3040 3045 2850 2845 2805 2705 2770] [3045 3145 3380 3110 3165 3035 3150 3110]
[2800 2885 2775 2940 2815 2725 3160 2825] [3080 3100 3275 3335 3150 2945 3055 3145]
COM3 0 18
1
[2845 2595 2830 2755 2820 2735 2800 2855] [2820 2835 2910 3025 3150 2945 2985 3055]
[2895 2845 2840 2915 2795 2795 2800 2915] [3035 3020 3035 2995 2905 3000 3020 3025]
[2735 3030 2725 2825 2845 2910 2805 2945] [2980 2995 3050 2975 3100 3020 3010 2925]
[2765 3075 2815 2795 2870 2875 2770 2795] [3095 3090 3175 3115 3025 2930 3060 2945]
[3005 2905 2910 2815 2980 2765 3080 3040] [3060 3095 3200 2860 2930 2970 3170 3135]
[2880 2910 2825 2880 2840 2895 2910 3000] [3050 3045 3050 3150 2910 3020 3095 3145]
[2570 3010 2735 2845 2830 2795 2975 2810] [3045 3145 3380 3110 3165 3035 3150 3110]
[2800 2965 2690 2710 2880 2885 2955 3000] [3080 3100 3275 3335 3150 2945 3055 3145]
COM8 1 19
1
[2845 2595 2830 2755 2820 2735 2800 2855] [3085 3015 2990 3065 3000 2990 2975 3270]
[2895 2845 2840 2915 2795 2795 2800 2915] [3120 3150 3155 2925 2930 3115 3150 3010]
[2735 3030 2725 2825 2845 2910 2805 2945] [3095 2900 3110 3070 3130 3040 2980 3000]
[2765 3075 2815 2795 2870 2875 2770 2795] [2915 3220 3160 3095 3060 3055 3170 3025]
[3005 2905 2910 2815 2980 2765 3080 3040] [3220 3090 3150 3115 2960 3135 3065 3145]
[2880 2910 2825 2880 2840 2895 2910 3000] [2900 3200 2900 3195 3065 3050 3010 3185]
[2570 3010 2735 2845 2830 2795 2975 2810] [3020 3185 3215 3135 2970 3035 3085 3100]
[2800 2965 2690 2710 2880 2885 2955 3000] [2960 3135 3075 3335 3090 2980 3190 3145]
COM3 0 20
1
[2820 2610 2725 2840 2765 2735 2855 2945] [3085 3015 2990 3065 3000 2990 2975 3270]
[3010 2935 2825 2710 2780 2920 2860 2890] [3120 3150 3155 2925 2930 3115 3150 3010]
[2690 2855 2870 2820 2775 2890 2840 2760] [3095 2900 3110 3070 3130 3040 2980 3000]
[3035 2995 2925 2885 2895 2810 2895 2880] [2915 3220 3160 3095 3060 3055 3170 3025]
[3050 2815 2960 2925 3075 2890 2935 2995] [3220 3090 3150 3115 2960 3135 3065 3145]
[2915 3095 2970 2965 2905 2880 2975 3075] [2900 3200 2900 3195 3065 3050 3010 3185]
[2815 2945 2885 2940 2860 2840 3070 2880] [3020 3185 3215 3135 2970 3035 3085 3100]
[3065 2820 2855 2900 2795 2900 3050 3000] [2960 3135 3075 3335 3090 2980 3190 3145]
COM8 1 21
1
[2820 2610 2725 2840 2765 2735 2855 2945] [2970 2975 2990 2980 3040 2965 2915 3020]
[3010 2935 2825 2710 2780 2920 2860 2890] [2795 3005 2935 2955 2930 2970 2960 2990]
[2690 2855 2870 2820 2775 2890 2840 2760] [3000 3065 3115 2910 3000 3065 2975 2930]
[3035 2995 2925 2885 2895 2810 2895 2880] [2980 3215 3290 3120 3085 2970 3100 3080]
[3050 2815 2960 2925 3075 2890 2935 2995] [3055 3055 3275 2840 2910 2980 3125 3070]
[2915 3095 2970 2965 2905 2880 2975 3075] [3060 2995 3010 3095 3000 3080 3085 3035]
[2815 2945 2885 2940 2860 2840 3070 2880] [2985 3155 3095 3015 2975 3045 3115 3135]
[3065 2820 2855 2900 2795 2900 3050 3000] [3125 3215 3300 3165 3010 2900 3080 3240]
COM3 0 22
1
[3000 2765 2550 2765 2815 2730 2795 2850] [2970 2975 2990 2980 3040 2965 2915 3020]
[2960 2865 2960 2800 2770 2835 2795 2825] [2795 3005 2935 2955 2930 2970 2960 2990]
[2780 2895 2890 2855 2820 2875 2845 2940] [3000 3065 3115 2910 3000 3065 2975 2930]
[2925 2900 2960 2815 2815 2875 2835 2940] [2980 3215 3290 3120 3085 2970 3100 3080]
[3050 2895 2960 2765 3060 2825 2935 3085] [3055 3055 3275 2840 2910 2980 3125 3070]
[2810 2770 3055 2885 2905 3010 2985 2910] [3060 2995 3010 3095 3000 3080 3085 3035]
[2680 2950 2885 2965 2955 2985 2870 2955] [2985 3155 3095 3015 2975 3045 3115 3135]
[3170 2810 2675 2960 2950 3015 3380 2930] [3125 3215 3300 3165 3010 2900 3080 3240]
COM8 1 23
1
[3000 2765 2550 2765 2815 2730 2795 2850] [3070 2790 3020 3000 2855 3100 2955 3055]
[2960 2865 2960 2800 2770 2835 2795 2825] [3125 3170 2890 3005 2905 3145 2980 3070]
[2780 2895 2890 2855 2820 2875 2845 2940] [2950 3005 3080 2960 3165 3055 2935 2945]
[2925 2900 2960 2815 2815 2875 2835 2940] [2975 3080 3215 3085 3015 3045 3115 2850]
[3050 2895 2960 2765 3060 2825 2935 3085] [3095 3005 3255 2810 2875 3000 2945 3190]
[2810 2770 3055 2885 2905 3010 2985 2910] [3090 3240 3050 3245 3280 3025 3170 3215]
[2680 2950 2885 2965 2955 2985 2870 2955] [3190 3215 3200 3050 2935 3050 3005 3180]
[3170 2810 2675 2960 2950 3015 3380 2930] [2875 3265 3195 3300 3120 3105 3225 3075]
COM3 0 24
1
[2795 2645 2890 2840 2810 2765 2860 2880] [3070 2790 3020 3000 2855 3100 2955 3055]
[2795 3035 2975 2820 2860 2850 2855 2855] [3125 3170 2890 3005 2905 3145 2980 3070]
[2805 2945 2905 2790 2780 2975 2800 2995] [2950 3005 3080 2960 3165 3055 2935 2945]
[2760 2965 2960 2850 2895 2890 2810 2955] [2975 3080 3215 3085 3015 3045 3115 2850]
[3095 2855 2860 2905 3050 2840 2895 3075] [3095 3005 3255 2810 2875 3000 2945 3190]
[2665 3070 3135 2975 3000 2780 2840 2825] [3090 3240 3050 3245 3280 3025 3170 3215]
[2910 2870 2885 2990 2940 2970 2750 2775] [3190 3215 3200 3050 2935 3050 3005 3180]
[3090 3050 3020 2850 2825 2900 2855 2845] [2875 3265 3195 3300 3120 3105 3225 3075]
COM8 1 25
1
[2795 2645 2890 2840 2810 2765 2860 2880] [3080 3055 2975 2915 2985 3035 3075 3040]
[2795 3035 2975 2820 2860 2850 2855 2855] [3085 3035 3085 2995 2920 3090 2920 2985]
[2805 2945 2905 2790 2780 2975 2800 2995] [3075 3120 3100 3030 3055 3020 3025 2975]
[2760 2965 2960 2850 2895 2890 2810 2955] [3030 3120 3175 3135 2945 3005 3020 2905]
[3095 2855 2860 2905 3050 2840 2895 3075] [3085 3070 3140 3025 2910 2935 3155 3145]
[2665 3070 3135 2975 3000 2780 2840 2825] [2935 3160 3050 3130 3205 3095 3130 3150]
[2910 2870 2885 2990 2940 2970 2750 2775] [3050 3170 3175 2990 3140 3125 3030 3205]
[3090 3050 3020 2850 2825 2900 2855 2845] [3215 3170 3040 3330 2970 2975 3050 3235]
COM3 0 26
1
[3100 2555 2665 2770 2795 2750 2885 2925] [3080 3055 2975 2915 2985 3035 3075 3040]
[2840 2855 2805 2925 2880 2860 2850 2910] [3085 3035 3085 2995 2920 3090 2920 2985]
[2750 2765 2740 2775 2810 2885 2835 2935] [3075 3120 3100 3030 3055 3020 3025 2975]
[2775 2930 3010 2895 2890 2840 2805 2865] [3030 3120 3175 3135 2945 3005 3020 2905]
[3090 2735 3040 2890 3050 2875 3000 3035] [3085 3070 3140 3025 2910 2935 3155 3145]
[2935 2925 3090 2880 3015 3095 2900 2970] [2935 3160 3050 3130 3205 3095 3130 3150]
[2910 3075 2995 2900 2850 2975 2570 2775] [3050 3170 3175 2990 3140 3125 3030 3205]
[2865 2825 2875 2890 3090 2945 3100 2800] [3215 3170 3040 3330 2970 2975 3050 3235]
COM8 1 27
1
[3100 2555 2665 2770 2795 2750 2885 2925] [3045 2965 2960 3005 3200 3075 3080 3135]
[2840 2855 2805 2925 2880 2860 2850 2910] [2955 3125 3140 3095 2945 3135 2995 2905]
[2750 2765 2740 2775 2810 2885 2835 2935] [3025 3040 3105 3060 3075 3005 2965 3035]
[2775 2930 3010 2895 2890 2840 2805 2865] [3210 3000 3210 3110 3100 3005 3190 3010]
[3090 2735 3040 2890 3050 2875 3000 3035] [3190 2940 3235 2965 3010 3030 3090 3185]
[2935 2925 3090 2880 3015 3095 2900 2970] [3130 2920 3095 3220 3175 3070 3105 3110]
[2910 3075 2995 2900 2850 2975 2570 2775] [3220 3110 3210 3145 3190 3075 3095 3335]
[2865 2825 2875 2890 3090 2945 3100 2800] [3240 3170 3320 3385 3215 2815 3220 3145]
COM3 0 28
1
[2665 2705 2655 2870 2725 2725 2860 2885] [3045 2965 2960 3005 3200 3075 3080 3135]
[2895 3065 2665 2770 2845 2850 2845 2800] [2955 3125 3140 3095 2945 3135 2995 2905]
[2680 2800 2875 2740 2820 2930 2760 2915] [3025 3040 3105 3060 3075 3005 2965 3035]
[2925 2760 2935 2780 2940 2840 2855 2855] [3210 3000 3210 3110 3100 3005 3190 3010]
[3055 2945 2850 2805 2850 2805 2970 3095] [3190 2940 3235 2965 3010 3030 3090 3185]
[2920 2965 2955 2975 2765 2895 3090 2830] [3130 2920 3095 3220 3175 3070 3105 3110]
[2695 2845 2715 2850 2840 2860 2815 2945] [3220 3110 3210 3145 3190 3075 3095 3335]
[3070 2885 2875 2795 2875 2865 3115 2965] [3240 3170 3320 3385 3215 2815 3220 3145]
COM8 1 29
1
[2665 2705 2655 2870 2725 2725 2860 2885] [2870 3040 2965 2995 3085 2895 3040 3160]
[2895 3065 2665 2770 2845 2850 2845 2800] [3035 3165 3095 2990 2865 3110 2975 2865]
[2680 2800 2875 2740 2820 2930 2760 2915] [3145 2925 3000 3030 3195 3020 2960 2905]
[2925 2760 2935 2780 2940 2840 2855 2855] [2910 3195 3100 3015 2995 3005 3020 3125]
[3055 2945 2850 2805 2850 2805 2970 3095] [3190 3115 3240 2945 3090 3080 2995 3045]
[2920 2965 2955 2975 2765 2895 3090 2830] [2970 3040 2935 3265 3025 2925 3105 3200]
[2695 2845 2715 2850 2840 2860 2815 2945] [3165 3030 2940 3170 3125 2995 3215 3250]
[3070 2885 2875 2795 2875 2865 3115 2965] [3285 3085 3070 3195 3205 3310 3010 3005]
COM3 0 30
1
[2785 2690 2920 2845 2765 2720 2875 2885] [2870 3040 2965 2995 3085 2895 3040 3160]
[2845 2910 2935 2935 2890 2845 2905 3020] [3035 3165 3095 2990 2865 3110 2975 2865]
[2755 2895 2910 2855 2905 2935 2780 2890] [3145 2925 3000 3030 3195 3020 2960 2905]
[2780 2890 2950 2850 2905 2875 2970 2895] [2910 3195 3100 3015 2995 3005 3020 3125]
[3015 3000 2870 2760 2885 2810 2935 2940] [3190 3115 3240 2945 3090 3080 2995 3045]
[2935 2930 3140 3030 2950 3005 2975 3025] [2970 3040 2935 3265 3025 2925 3105 3200]
[3025 2905 2740 2915 2945 2705 3025 2870] [3165 3030 2940 3170 3125 2995 3215 3250]
[2980 3105 3075 3000 2945 2905 3035 3100] [3285 3085 3070 3195 3205 3310 3010 3005]
COM8 1 31
1
[2785 2690 2920 2845 2765 2720 2875 2885] [3045 3200 3110 3200 3230 2940 2940 3105]
[2845 2910 2935 2935 2890 2845 2905 3020] [2790 3220 3050 2975 3030 3150 2930 2910]
[2755 2895 2910 2855 2905 2935 2780 2890] [3035 3160 2935 3005 3080 3090 3015 3025]
[2780 2890 2950 2850 2905 2875 2970 2895] [3045 3350 3000 3095 2970 3065 3110 3080]
[3015 3000 2870 2760 2885 2810 2935 2940] [3175 3100 3115 2950 3035 3200 3085 3175]
[2935 2930 3140 3030 2950 3005 2975 3025] [2940 3125 3145 3215 3200 3105 3070 3115]
[3025 2905 2740 2915 2945 2705 3025 2870] [2980 3200 3170 3130 3045 2995 3170 3060]
[2980 3105 3075 3000 2945 2905 3035 3100] [2880 3330 3170 3310 3190 3205 3180 3055]
COM3 0 32
1
[2790 2710 2705 2905 2800 2780 2830 2745] [3045 3200 3110 3200 3230 2940 2940 3105]
[2940 2870 2845 2825 2755 2885 2745 2870] [2790 3220 3050 2975 3030 3150 2930 2910]
[2895 2850 2850 2770 2835 2870 2800 2960] [3035 3160 2935 3005 3080 3090 3015 3025]
[2910 2780 2960 2875 2900 2875 2845 2770] [3045 3350 3000 3095 2970 3065 3110 3080]
[3000 2835 2860 2860 2950 2825 2985 3070] [3175 3100 3115 2950 3035 3200 3085 3175]
[2750 2885 3070 2985 2975 2900 3025 2965] [2940 3125 3145 3215 3200 3105 3070 3115]
[3085 3045 2910 2935 3035 3040 2930 2880] [2980 3200 3170 3130 3045 2995 3170 3060]
[3085 2900 2985 2900 3035 2800 2955 3145] [2880 3330 3170 3310 3190 3205 3180 3055]
COM8 1 33
1
[2790 2710 2705 2905 2800 2780 2830 2745] [3090 3150 3060 3020 3135 3035 3115 3055]
[2940 2870 2845 2825 2755 2885 2745 2870] [2950 3145 3230 2930 2900 3185 3035 2915]
[2895 2850 2850 2770 2835 2870 2800 2960] [3065 3065 3075 3055 3130 2995 3010 3035]
[2910 2780 2960 2875 2900 2875 2845 2770] [2935 2960 3120 3165 2905 3005 2990 3085]
[3000 2835 2860 2860 2950 2825 2985 3070] [3095 3225 3170 2855 2990 3040 3095 3180]
[2750 2885 3070 2985 2975 2900 3025 2965] [3065 3130 3175 3170 3070 3015 3145 3165]
[3085 3045 2910 2935 3035 3040 2930 2880] [3075 3320 2930 3100 3160 3150 3195 3215]
[3085 2900 2985 2900 3035 2800 2955 3145] [3220 3245 3170 3255 3055 3075 3045 3135]
COM3 0 34
1
[3010 2735 2640 2770 2810 2705 2855 2905] [3090 3150 3060 3020 3135 3035 3115 3055]
[2865 2920 2960 2860 2750 2835 2800 2970] [2950 3145 3230 2930 2900 3185 3035 2915]
[2820 2795 2845 2695 2775 2950 2785 2975] [3065 3065 3075 3055 3130 2995 3010 3035]
[2840 2980 2820 2810 2840 2790 2890 3000] [2935 2960 3120 3165 2905 3005 2990 3085]
[2865 2770 3015 3000 3100 2790 3000 2995] [3095 3225 3170 2855 2990 3040 3095 3180]
[2995 2770 3185 2895 2880 2960 2975 2795] [3065 3130 3175 3170 3070 3015 3145 3165]
[2945 3000 2640 2985 2800 2885 2855 2935] [3075 3320 2930 3100 3160 3150 3195 3215]
[2995 2890 2870 2885 2845 2905 3220 2810] [3220 3245 3170 3255 3055 3075 3045 3135]
COM8 1 35
1
[3010 2735 2640 2770 2810 2705 2855 2905] [2990 2925 2940 2845 3080 2795 2975 3060]
[2865 2920 2960 2860 2750 2835 2800 2970] [3100 3070 3000 2920 2840 2970 2940 2985]
[2820 2795 2845 2695 2775 2950 2785 2975] [2865 2825 2975 3005 3100 2980 2885 2905]
[2840 2980 2820 2810 2840 2790 2890 3000] [2930 3260 3155 3120 2950 3005 3065 2980]
[2865 2770 3015 3000 3100 2790 3000 2995] [3135 3165 2990 3165 2885 3155 3045 3105]
[2995 2770 3185 2895 2880 2960 2975 2795] [3060 2935 2915 3295 3000 3180 2995 3070]
[2945 3000 2640 2985 2800 2885 2855 2935] [3010 3260 3100 3145 3210 2960 3225 3275]
[2995 2890 2870 2885 2845 2905 3220 2810] [3140 3070 3045 3165 3060 3015 3040 2975]
COM3 0 36
1
[2805 2785 2670 2735 2700 2785 2770 2880] [2990 2925 2940 2845 3080 2795 2975 3060]
[2865 2835 2865 2885 2835 2855 2825 2900] [3100 3070 3000 2920 2840 2970 2940 2985]
[2835 2765 2985 2865 2770 2965 2800 2980] [2865 2825 2975 3005 3100 2980 2885 2905]
[2980 2945 2970 2900 2930 2840 2900 2835] [2930 3260 3155 3120 2950 3005 3065 2980]
[2840 3055 3150 2835 3100 2925 3025 2995] [3135 3165 2990 3165 2885 3155 3045 3105]
[2945 2905 3025 2850 2715 3055 3060 3010] [3060 2935 2915 3295 3000 3180 2995 3070]
[2945 2945 3095 2935 2780 2960 2905 2785] [3010 3260 3100 3145 3210 2960 3225 3275]
[2890 2985 2885 2980 2970 2900 3180 2955] [3140 3070 3045 3165 3060 3015 3040 2975]
COM8 1 37
1
[2805 2785 2670 2735 2700 2785 2770 2880] [2975 2975 3055 2970 3005 2985 3025 3175]
[2865 2835 2865 2885 2835 2855 2825 2900] [2950 2905 2980 2845 2955 3030 2885 2970]
[2835 2765 2985 2865 2770 2965 2800 2980] [3085 3095 3000 2835 3110 2940 3030 2960]
[2980 2945 2970 2900 2930 2840 2900 2835] [2895 3130 2985 2935 2935 3105 3050 2955]
[2840 3055 3150 2835 3100 2925 3025 2995] [3105 3150 2965 2905 2975 3070 3065 3195]
[2945 2905 3025 2850 2715 3055 3060 3010] [3045 3070 2920 3180 3030 3080 3085 3170]
[2945 2945 3095 2935 2780 2960 2905 2785] [2995 3325 2925 3185 3180 3150 3215 3085]
[2890 2985 2885 2980 2970 2900 3180 2955] [3150 3215 3020 3130 2890 3000 3030 3235]
COM3 0 38
1
[2755 2835 2735 2770 2805 2795 2830 2795] [2975 2975 3055 2970 3005 2985 3025 3175]
[2945 2815 2815 2970 2730 2775 2835 2930] [2950 2905 2980 2845 2955 3030 2885 2970]
[2765 2795 2910 2780 2805 2935 2800 2995] [3085 3095 3000 2835 3110 2940 3030 2960]
[2980 2890 3070 2830 2890 2810 2880 2835] [2895 3130 2985 2935 2935 3105 3050 2955]
[3020 2935 2920 2995 3045 2840 3000 2990] [3105 3150 2965 2905 2975 3070 3065 3195]
[2700 2945 2970 2795 2910 2785 3040 2955] [3045 3070 2920 3180 3030 3080 3085 3170]
[2945 2985 2930 2970 2915 2775 2845 3025] [2995 3325 2925 3185 3180 3150 3215 3085]
[3040 2935 2990 2900 2845 2885 3040 3020] [3150 3215 3020 3130 2890 3000 3030 3235]
COM8 1 39
1
[2755 2835 2735 2770 2805 2795 2830 2795] [2960 3000 3060 2925 3000 2920 2960 3120]
[2945 2815 2815 2970 2730 2775 2835 2930] [2990 2980 3030 2825 2890 3105 2870 3055]
[2765 2795 2910 2780 2805 2935 2800 2995] [2925 2840 3025 3070 3095 3020 2860 2800]
[2980 2890 3070 2830 2890 2810 2880 2835] [3045 3135 3005 3125 2990 2985 3025 3070]
[3020 2935 2920 2995 3045 2840 3000 2990] [2975 3180 3135 2860 2890 2890 3155 3050]
[2700 2945 2970 2795 2910 2785 3040 2955] [3045 3070 3060 3070 2975 2960 3180 3065]
[2945 2985 2930 2970 2915 2775 2845 3025] [2895 3185 3090 2940 2880 3020 3120 3095]
[3040 2935 2990 2900 2845 2885 3040 3020] [3170 3045 3125 3240 3015 3140 3055 3200]
COM3 0 40
1
[2825 2790 2755 2720 2865 2820 2970 2830] [2960 3000 3060 2925 3000 2920 2960 3120]
[2850 2890 2785 2885 2835 2885 2815 2905] [2990 2980 3030 2825 2890 3105 2870 3055]
[2850 2895 2915 2845 2760 2865 2800 2870] [2925 2840 3025 3070 3095 3020 2860 2800]
[3055 2845 3045 2850 2940 2840 2835 2785] [3045 3135 3005 3125 2990 2985 3025 3070]
[2935 2875 2870 2895 3015 2750 3005 2980] [2975 3180 3135 2860 2890 2890 3155 3050]
[2945 2820 2970 3050 2835 2900 3040 3065] [3045 3070 3060 3070 2975 2960 3180 3065]
[2945 2940 2850 2975 2985 2960 2905 2935] [2895 3185 3090 2940 2880 3020 3120 3095]
[2965 2800 3020 2835 2835 2990 3125 3030] [3170 3045 3125 3240 3015 3140 3055 3200]
COM8 1 41
1
[2825 2790 2755 2720 2865 2820 2970 2830] [2930 2865 3065 2935 3070 3050 3045 3000]
[2850 2890 2785 2885 2835 2885 2815 2905] [2905 3130 3140 2885 2870 2950 2935 3020]
[2850 2895 2915 2845 2760 2865 2800 2870] [3025 3060 3000 2975 3050 2980 3025 2950]
[3055 2845 3045 2850 2940 2840 2835 2785] [3040 3295 3160 3035 2975 3010 2990 2935]
[2935 2875 2870 2895 3015 2750 3005 2980] [2930 2945 3045 3025 3050 3075 2970 3200]
[2945 2820 2970 3050 2835 2900 3040 3065] [2970 2920 2985 3215 2915 3090 3180 2980]
[2945 2940 2850 2975 2985 2960 2905 2935] [2970 3245 3235 3115 2945 3055 3065 3295]
[2965 2800 3020 2835 2835 2990 3125 3030] [3180 3145 3140 3240 3120 2845 3040 3340]
COM3 0 42
1
[2755 2675 2840 2925 2840 2835 2955 2985] [2930 2865 3065 2935 3070 3050 3045 3000]
[2905 2995 2785 2940 2905 2875 2805 2960] [2905 3130 3140 2885 2870 2950 2935 3020]
[2850 2940 2880 2700 2735 2865 2815 2960] [3025 3060 3000 2975 3050 2980 3025 2950]
[2850 2960 3195 2895 2930 2900 2755 2895] [3040 3295 3160 3035 2975 3010 2990 2935]
[3100 2925 3010 2920 3035 2900 2935 3055] [2930 2945 3045 3025 3050 3075 2970 3200]
[2920 2945 2945 2985 2880 2995 3025 3005] [2970 2920 2985 3215 2915 3090 3180 2980]
[2945 2955 2915 2980 2845 2835 2740 2830] [2970 3245 3235 3115 2945 3055 3065 3295]
[2890 2835 3005 3130 2795 3030 3040 3055] [3180 3145 3140 3240 3120 2845 3040 3340]
COM8 1 43
1
[2755 2675 2840 2925 2840 2835 2955 2985] [3020 3090 3115 2960 3000 2885 3125 3135]
[2905 2995 2785 2940 2905 2875 2805 2960] [2875 3105 3085 2875 2935 3105 2970 2935]
[2850 2940 2880 2700 2735 2865 2815 2960] [3145 2945 3030 3040 3165 2870 3000 2875]
[2850 2960 3195 2895 2930 2900 2755 2895] [3005 3005 3125 3110 2910 2960 3040 3025]
[3100 2925 3010 2920 3035 2900 2935 3055] [2905 3010 3185 2975 2910 3045 3070 2975]
[2920 2945 2945 2985 2880 2995 3025 3005] [3055 2930 3000 3195 2840 3050 3165 3185]
[2945 2955 2915 2980 2845 2835 2740 2830] [3070 3140 3145 3080 3165 3035 3005 3110]
[2890 2835 3005 3130 2795 3030 3040 3055] [3305 3220 3250 3405 2990 3280 3035 3145]
COM3 0 44
1
[2780 2645 2685 2695 2725 2795 2735 2755] [3020 3090 3115 2960 3000 2885 3125 3135]
[2970 2885 3020 2820 2775 2835 2900 2930] [2875 3105 3085 2875 2935 3105 2970 2935]
[2700 2820 2875 2760 2860 2815 2765 2795] [3145 2945 3030 3040 3165 2870 3000 2875]
[2815 2815 3020 2995 2900 2815 2865 2820] [3005 3005 3125 3110 2910 2960 3040 3025]
[2865 2805 2915 2870 3010 2910 3050 2965] [2905 3010 3185 2975 2910 3045 3070 2975]
[2935 2780 2955 3070 2825 2905 3045 2910] [3055 2930 3000 3195 2840 3050 3165 3185]
[2930 2860 2740 2935 2780 2810 2905 2785] [3070 3140 3145 3080 3165 3035 3005 3110]
[2965 2895 3070 2820 2975 2955 2955 2975] [3305 3220 3250 3405 2990 3280 3035 3145]
COM8 1 45
1
[2780 2645 2685 2695 2725 2795 2735 2755] [3070 3120 3105 3025 2920 2900 3135 3005]
[2970 2885 3020 2820 2775 2835 2900 2930] [2955 3160 3075 3125 2920 3135 3035 3140]
[2700 2820 2875 2760 2860 2815 2765 2795] [3095 3155 3065 3100 3105 3110 3075 2965]
[2815 2815 3020 2995 2900 2815 2865 2820] [3290 3210 3210 3095 2990 3110 2935 2980]
[2865 2805 2915 2870 3010 2910 3050 2965] [3060 3040 3060 2910 3035 3080 2960 3035]
[2935 2780 2955 3070 2825 2905 3045 2910] [3150 2995 3210 3215 3150 3105 3240 3055]
[2930 2860 2740 2935 2780 2810 2905 2785] [3065 3195 3100 3195 3185 3165 3105 3160]
[2965 2895 3070 2820 2975 2955 2955 2975] [3200 3225 3310 3275 3205 3005 3150 2905]
COM3 0 46
1
[2980 2725 2660 2770 2770 2685 2830 2880] [3070 3120 3105 3025 2920 2900 3135 3005]
[2845 2945 2765 2940 2795 2775 2910 2825] [2955 3160 3075 3125 2920 3135 3035 3140]
[2825 2905 2805 2785 2785 2840 2855 2770] [3095 3155 3065 3100 3105 3110 3075 2965]
[2990 2885 2825 2825 2845 2775 2895 2815] [3290 3210 3210 3095 2990 3110 2935 2980]
[2870 2935 3035 2865 3120 2845 2835 3005] [3060 3040 3060 2910 3035 3080 2960 3035]
[2825 2965 3035 2830 2765 2965 2905 2700] [3150 2995 3210 3215 3150 3105 3240 3055]
[2740 2870 2890 2980 3050 2855 2745 2745] [3065 3195 3100 3195 3185 3165 3105 3160]
[3125 2990 2895 2890 2800 2895 3055 2810] [3200 3225 3310 3275 3205 3005 3150 2905]
COM8 1 47
1
[2980 2725 2660 2770 2770 2685 2830 2880] [3025 3125 2950 2980 3005 2960 2975 3060]
[2845 2945 2765 2940 2795 2775 2910 2825] [2815 3105 3115 3010 2905 3090 2895 3030]
[2825 2905 2805 2785 2785 2840 2855 2770] [3165 3055 3060 3045 3090 2990 2965 2975]
[2990 2885 2825 2825 2845 2775 2895 2815] [3135 2960 3160 3025 2970 3010 3020 2900]
[2870 2935 3035 2865 3120 2845 2835 3005] [3070 3200 3095 2985 2965 2975 2935 2995]
[2825 2965 3035 2830 2765 2965 2905 2700] [2850 3040 3170 3250 3120 3025 3135 3305]
[2740 2870 2890 2980 3050 2855 2745 2745] [2985 3160 3115 3265 3245 3180 3070 3200]
[3125 2990 2895 2890 2800 2895 3055 2810] [3240 3170 3150 3245 3045 3005 2885 3070]
COM3 0 48
1
[2720 2905 2695 2680 2735 2740 2715 2845] [3025 3125 2950 2980 3005 2960 2975 3060]
[2920 2835 2865 2750 2825 2825 2835 2870] [2815 3105 3115 3010 2905 3090 2895 3030]
[2755 2735 2840 2795 2805 2840 2790 2870] [3165 3055 3060 3045 3090 2990 2965 2975]
[2785 2820 2865 2765 2835 2900 2750 2685] [3135 2960 3160 3025 2970 3010 3020 2900]
[2970 2865 2960 2960 2860 2825 2910 2865] [3070 3200 3095 2985 2965 2975 2935 2995]
[2920 2755 2915 2970 2825 2805 2960 2815] [2850 3040 3170 3250 3120 3025 3135 3305]
[2945 2995 2910 2865 3020 2855 2885 2780] [2985 3160 3115 3265 3245 3180 3070 3200]
[3110 3090 2845 2900 2870 3100 2825 2740] [3240 3170 3150 3245 3045 3005 2885 3070]
COM8 1 49
1
[2720 2905 2695 2680 2735 2740 2715 2845] [2870 2985 2950 3025 2965 2885 2975 3040]
[2920 2835 2865 2750 2825 2825 2835 2870] [2970 2980 3075 2950 2935 3080 2825 3055]
[2755 2735 2840 2795 2805 2840 2790 2870] [3065 3100 3155 3025 3145 2995 2945 2940]
[2785 2820 2865 2765 2835 2900 2750 2685] [2880 3080 3085 3100 2990 3095 3015 2980]
[2970 2865 2960 2960 2860 2825 2910 2865] [3120 3035 3135 3075 2950 3115 3130 3000]
[2920 2755 2915 2970 2825 2805 2960 2815] [2990 3105 2915 3115 3125 3125 3150 3420]
[2945 2995 2910 2865 3020 2855 2885 2780] [3145 3170 3180 2995 2975 2800 3090 2970]
[3110 3090 2845 2900 2870 3100 2825 2740] [3090 3225 3055 3115 3070 3030 3150 3030]
COM3 0 50
1
[2775 2745 2665 2900 2875 2790 2930 2915] [2870 2985 2950 3025 2965 2885 2975 3040]
[2845 2935 2775 2815 2800 2885 2845 2835] [2970 2980 3075 2950 2935 3080 2825 3055]
[2750 2855 3025 2800 2750 2885 2770 2935] [3065 3100 3155 3025 3145 2995 2945 2940]
[2755 2900 2960 2715 2880 2900 2785 2955] [2880 3080 3085 3100 2990 3095 3015 2980]
[2885 2885 2960 2925 3010 2895 2925 3065] [3120 3035 3135 3075 2950 3115 3130 3000]
[2850 2810 3015 3035 2785 2960 2910 3005] [2990 3105 2915 3115 3125 3125 3150 3420]
[3040 2800 2770 3065 2750 2895 2850 3030] [3145 3170 3180 2995 2975 2800 3090 2970]
[3010 2960 2750 2890 2890 3015 2965 2775] [3090 3225 3055 3115 3070 3030 3150 3030]
COM8 1 51
1
[2775 2745 2665 2900 2875 2790 2930 2915] [3025 2880 2975 3035 2980 2990 3080 3230]
[2845 2935 2775 2815 2800 2885 2845 2835] [2990 3175 3075 2960 3030 3100 3060 2940]
[2750 2855 3025 2800 2750 2885 2770 2935] [3060 3040 3190 2975 3105 3100 2855 2950]
[2755 2900 2960 2715 2880 2900 2785 2955] [3100 2960 3125 3190 3045 3045 3035 2880]
[2885 2885 2960 2925 3010 2895 2925 3065] [3220 2975 3110 2990 3010 2940 2975 3130]
[2850 2810 3015 3035 2785 2960 2910 3005] [3060 3075 2895 3030 3140 3120 3205 3070]
[3040 2800 2770 3065 2750 2895 2850 3030] [3270 3105 3145 3225 2985 3040 3090 3410]
[3010 2960 2750 2890 2890 3015 2965 2775] [3145 3305 3290 3355 3220 3015 3075 3030]
COM3 0 52
1
[2810 2630 2670 2900 2695 2700 2805 2910] [3025 2880 2975 3035 2980 2990 3080 3230]
[2860 2930 2815 2875 2775 2840 2840 2770] [2990 3175 3075 2960 3030 3100 3060 2940]
[2730 2820 2845 2795 2835 2970 2745 2960] [3060 3040 3190 2975 3105 3100 2855 2950]
[2845 2840 3020 3000 2900 2840 2775 2690] [3100 2960 3125 3190 3045 3045 3035 2880]
[2970 2960 2935 2860 2950 2750 3010 2965] [3220 2975 3110 2990 3010 2940 2975 3130]
[2830 2870 3015 2955 2885 2905 3050 2825] [3060 3075 2895 3030 3140 3120 3205 3070]
[2735 2975 2850 3000 2865 2785 2925 2785] [3270 3105 3145 3225 2985 3040 3090 3410]
[3070 2835 3045 3005 3030 3005 3110 2995] [3145 3305 3290 3355 3220 3015 3075 3030]
COM8 1 53
1
[2810 2630 2670 2900 2695 2700 2805 2910] [3125 3080 3005 2945 3105 2995 3040 3095]
[2860 2930 2815 2875 2775 2840 2840 2770] [3110 3020 3105 2980 2975 3065 2920 2895]
[2730 2820 2845 2795 2835 2970 2745 2960] [2935 3065 3140 3045 3045 3025 2955 3135]
[2845 2840 3020 3000 2900 2840 2775 2690] [2930 3005 3170 3030 3035 2975 3060 3000]
[2970 2960 2935 2860 2950 2750 3010 2965] [3060 3285 3185 2975 2950 2905 2970 3140]
[2830 2870 3015 2955 2885 2905 3050 2825] [3040 2940 3090 3190 3000 3045 3170 3110]
[2735 2975 2850 3000 2865 2785 2925 2785] [2985 3320 3225 3185 3065 3005 3110 3050]
[3070 2835 3045 3005 3030 3005 3110 2995] [2925 3215 3210 3200 3100 2855 3055 3350]
COM3 0 54
1
[2935 2800 2705 2800 2795 2805 2885 2935] [3125 3080 3005 2945 3105 2995 3040 3095]
[2960 2850 2935 2930 2750 2885 2895 2765] [3110 3020 3105 2980 2975 3065 2920 2895]
[2775 2820 2900 2750 2815 2950 2800 2880] [2935 3065 3140 3045 3045 3025 2955 3135]
[2840 3050 3095 2905 2835 2775 2825 2765] [2930 3005 3170 3030 3035 2975 3060 3000]
[2890 3045 2960 3075 2995 2840 3150 2990] [3060 3285 3185 2975 2950 2905 2970 3140]
[2920 2975 2915 2795 2910 2825 2965 2810] [3040 2940 3090 3190 3000 3045 3170 3110]
[2810 3020 2840 3005 3180 3025 2700 2795] [2985 3320 3225 3185 3065 3005 3110 3050]
[2890 2895 3005 3115 2890 2885 2965 2905] [2925 3215 3210 3200 3100 2855 3055 3350]
COM8 1 55
1
[2935 2800 2705 2800 2795 2805 2885 2935] [3105 3080 3060 2925 3170 3015 3045 3020]
[2960 2850 2935 2930 2750 2885 2895 2765] [2990 3040 3035 2985 2990 3200 2985 3105]
[2775 2820 2900 2750 2815 2950 2800 2880] [3060 3080 3080 3045 3140 3010 2980 3005]
[2840 3050 3095 2905 2835 2775 2825 2765] [3020 3100 3125 3105 3040 2995 3160 2940]
[2890 3045 2960 3075 2995 2840 3150 2990] [3090 3105 3115 2910 3095 3125 3210 3085]
[2920 2975 2915 2795 2910 2825 2965 2810] [3160 3180 2920 3095 3045 3075 3205 3105]
[2810 3020 2840 3005 3180 3025 2700 2795] [2985 3160 3090 2990 3005 3090 3165 3405]
[2890 2895 3005 3115 2890 2885 2965 2905] [3190 3255 3240 3195 3185 3005 3180 3115]
COM3 0 56
1
[2780 2710 2700 2710 2725 2820 2850 3000] [3105 3080 3060 2925 3170 3015 3045 3020]
[2905 2920 2800 2845 2800 2855 2760 2815] [2990 3040 3035 2985 2990 3200 2985 3105]
[2650 2870 2880 2760 2780 2945 2775 2870] [3060 3080 3080 3045 3140 3010 2980 3005]
[2875 2820 3105 2825 2950 2830 2840 2870] [3020 3100 3125 3105 3040 2995 3160 2940]
[2995 2885 2910 2710 3115 2820 2825 2950] [3090 3105 3115 2910 3095 3125 3210 3085]
[2945 2805 3040 2870 2870 2965 2990 2900] [3160 3180 2920 3095 3045 3075 3205 3105]
[2950 2870 2910 2995 2955 2875 2790 2975] [2985 3160 3090 2990 3005 3090 3165 3405]
[2900 2840 2965 2995 2865 2995 2970 2750] [3190 3255 3240 3195 3185 3005 3180 3115]
COM8 1 57
1
[2780 2710 2700 2710 2725 2820 2850 3000] [3200 3170 3150 2975 3060 3100 3080 3125]
[2905 2920 2800 2845 2800 2855 2760 2815] [3035 3165 3215 2985 3060 3075 2960 2910]
[2650 2870 2880 2760 2780 2945 2775 2870] [3145 3340 3035 3070 3125 2915 3010 3040]
[2875 2820 3105 2825 2950 2830 2840 2870] [2940 2975 3340 3155 3040 2955 3150 3045]
[2995 2885 2910 2710 3115 2820 2825 2950] [3060 3160 3280 3000 3050 2975 3250 3090]
[2945 2805 3040 2870 2870 2965 2990 2900] [3140 3025 3095 3180 3085 3225 3165 3150]
[2950 2870 2910 2995 2955 2875 2790 2975] [3170 3330 3235 3110 3115 3045 3320 3095]
[2900 2840 2965 2995 2865 2995 2970 2750] [3125 3245 3170 3225 3065 3160 3205 3055]
COM3 0 58
1
[2720 2905 2640 2825 2760 2650 2860 2825] [3200 3170 3150 2975 3060 3100 3080 3125]
[2880 2930 2715 2820 2760 2885 2900 2865] [3035 3165 3215 2985 3060 3075 2960 2910]
[2680 2765 2840 2760 2845 2815 2805 2895] [3145 3340 3035 3070 3125 2915 3010 3040]
[2870 2945 2885 2745 2860 2825 2800 2630] [2940 2975 3340 3155 3040 2955 3150 3045]
[2790 2925 2890 2865 2950 2910 2935 2890] [3060 3160 3280 3000 3050 2975 3250 3090]
[2940 2855 2970 2965 2835 2965 2795 2775] [3140 3025 3095 3180 3085 3225 3165 3150]
[2705 3040 2625 2945 2840 3130 2905 2935] [3170 3330 3235 3110 3115 3045 3320 3095]
[3010 2840 2725 2835 2975 2950 3095 2780] [3125 3245 3170 3225 3065 3160 3205 3055]
COM8 1 59
1
[2720 2905 2640 2825 2760 2650 2860 2825] [2935 2945 2985 3065 2965 2870 2975 2970]
[2880 2930 2715 2820 2760 2885 2900 2865] [2940 3050 3080 2920 2905 3105 3010 2860]
[2680 2765 2840 2760 2845 2815 2805 2895] [3025 3030 3060 2930 3050 2820 2925 3005]
[2870 2945 2885 2745 2860 2825 2800 2630] [3045 3055 3100 3190 3020 3110 3060 2985]
[2790 2925 2890 2865 2950 2910 2935 2890] [2835 2990 3060 2940 2855 3080 3095 3120]
[2940 2855 2970 2965 2835 2965 2795 2775] [2870 2895 3000 3085 3080 2975 3115 3150]
[2705 3040 2625 2945 2840 3130 2905 2935] [2890 3145 3120 3155 3105 3330 3115 3275]
[3010 2840 2725 2835 2975 2950 3095 2780] [3135 3125 3100 3140 3160 3095 3225 2860]
COM3 0 60
1
[2905 2700 2900 2840 2885 2725 2940 2845] [2935 2945 2985 3065 2965 2870 2975 2970]
[2840 3000 2820 2985 2835 2850 2805 3020] [2940 3050 3080 2920 2905 3105 3010 2860]
[2855 2895 2925 2775 2810 2945 2845 2960] [3025 3030 3060 2930 3050 2820 2925 3005]
[2990 2885 2955 2870 2875 2775 2905 2895] [3045 3055 3100 3190 3020 3110 3060 2985]
[2965 2855 2955 2815 2940 2750 2940 3110] [2835 2990 3060 2940 2855 3080 3095 3120]
[2775 2980 3035 3020 2790 2910 2870 2975] [2870 2895 3000 3085 3080 2975 3115 3150]
[2950 2945 2885 2990 2925 2895 2905 2945] [2890 3145 3120 3155 3105 3330 3115 3275]
[3015 2840 2970 3030 2830 2955 3190 2980] [3135 3125 3100 3140 3160 3095 3225 2860]
COM8 1 61
1
[2905 2700 2900 2840 2885 2725 2940 2845] [2950 3080 3105 2895 3075 2995 3025 3150]
[2840 3000 2820 2985 2835 2850 2805 3020] [2880 3225 3085 2925 3000 3030 3030 2990]
[2855 2895 2925 2775 2810 2945 2845 2960] [3090 2945 3195 3015 3040 2870 3000 2890]
[2990 2885 2955 2870 2875 2775 2905 2895] [2875 2875 3050 3050 3095 2970 2940 2960]
[2965 2855 2955 2815 2940 2750 2940 3110] [3065 3180 3060 2895 3145 2970 2975 3035]
[2775 2980 3035 3020 2790 2910 2870 2975] [3025 3045 2940 3160 2960 3100 3200 3290]
[2950 2945 2885 2990 2925 2895 2905 2945] [2980 3210 3185 3045 3295 3135 3080 3225]
[3015 2840 2970 3030 2830 2955 3190 2980] [3020 3370 3270 3310 3240 2930 3115 3030]
COM3 0 62
1
[2745 2690 2810 2770 2815 2765 2800 3000] [2950 3080 3105 2895 3075 2995 3025 3150]
[3005 3020 2885 2990 2735 2970 2835 2825] [2880 3225 3085 2925 3000 3030 3030 2990]
[2900 2900 2925 2775 2755 2875 2820 3040] [3090 2945 3195 3015 3040 2870 3000 2890]
[2960 2825 3030 2865 2875 2925 2890 2965] [2875 2875 3050 3050 3095 2970 2940 2960]
[2890 2805 2965 2935 2960 2845 2920 3000] [3065 3180 3060 2895 3145 2970 2975 3035]
[2935 2965 2975 2860 2960 2965 2940 2915] [3025 3045 2940 3160 2960 3100 3200 3290]
[3075 3080 3075 3095 2865 3030 2795 2705] [2980 3210 3185 3045 3295 3135 3080 3225]
[2870 2950 2880 2905 2840 3200 3040 2940] [3020 3370 3270 3310 3240 2930 3115 3030]
COM8 1 63
1
[2745 2690 2810 2770 2815 2765 2800 3000] [2965 2940 2975 3055 2980 3070 3040 3055]
[3005 3020 2885 2990 2735 2970 2835 2825] [3105 3175 2985 2905 2945 3125 2965 3110]
[2900 2900 2925 2775 2755 2875 2820 3040] [3055 3165 3075 3025 3105 3095 2995 3040]
[2960 2825 3030 2865 2875 2925 2890 2965] [2925 3110 3035 3125 3070 3025 3060 3010]
[2890 2805 2965 2935 2960 2845 2920 3000] [3055 3115 3345 2945 3205 3105 3000 3145]
[2935 2965 2975 2860 2960 2965 2940 2915] [3030 3075 3040 3195 2960 3110 3175 3150]
[3075 3080 3075 3095 2865 3030 2795 2705] [3090 3270 3200 3005 3000 3045 3075 3140]
[2870 2950 2880 2905 2840 3200 3040 2940] [3105 3310 3085 3060 3250 3205 3165 2950]
COM3 0 64
1
[2925 2830 2870 2855 2660 2645 2880 2880] [2965 2940 2975 3055 2980 3070 3040 3055]
[2925 2855 2695 2825 2865 2810 2775 2865] [3105 3175 2985 2905 2945 3125 2965 3110]
[2990 2715 2790 2775 2770 3000 2795 3010] [3055 3165 3075 3025 3105 3095 2995 3040]
[2890 2885 2975 2855 2825 2845 2875 2755] [2925 3110 3035 3125 3070 3025 3060 3010]
[3185 2870 2965 2870 2960 2945 2815 2945] [3055 3115 3345 2945 3205 3105 3000 3145]
[3020 2955 3100 2990 2845 2910 2950 2880] [3030 3075 3040 3195 2960 3110 3175 3150]
[2920 2940 3035 2920 2735 2900 2775 2890] [3090 3270 3200 3005 3000 3045 3075 3140]
[3085 2740 2820 2870 3035 2890 3160 2985] [3105 3310 3085 3060 3250 3205 3165 2950]
COM8 1 65
1
[2925 2830 2870 2855 2660 2645 2880 2880] [3160 3115 3020 3090 2955 2955 3055 3240]
[2925 2855 2695 2825 2865 2810 2775 2865] [3050 3280 3100 3070 2985 3190 3010 3120]
[2990 2715 2790 2775 2770 3000 2795 3010] [3200 3135 3200 3050 3195 3005 3065 3170]
[2890 2885 2975 2855 2825 2845 2875 2755] [3110 3195 3255 3140 3060 3065 2990 3120]
[3185 2870 2965 2870 2960 2945 2815 2945] [3205 3345 3205 2925 3125 3230 3135 3195]
[3020 2955 3100 2990 2845 2910 2950 2880] [3020 3260 3110 3275 3150 3250 3150 3225]
[2920 2940 3035 2920 2735 2900 2775 2890] [3140 3285 3120 3190 3090 3150 2985 3225]
[3085 2740 2820 2870 3035 2890 3160 2985] [3090 3405 3320 3310 3255 3140 3050 3300]