COM3 0 6
1
[2965 2790 2805 2765 2800 2795 2760 2885] [3175 3035 3235 2970 3150 3015 3085 3140]
[2920 2790 2830 2710 2795 2760 2850 2780] [3140 3100 3095 3020 2950 3210 3020 2935]
[2780 2810 2815 2805 2825 2945 2780 2890] [3160 3210 3060 3040 3110 3070 2925 2925]
[2770 2855 2905 2805 2805 2815 2890 2850] [3130 3090 3200 3105 3110 3065 3055 2830]
[2720 2985 3150 2750 2940 2815 2920 2960] [3120 3100 3205 2865 3025 3185 3135 3105]
[2875 2950 2865 3015 2775 2815 2925 2850] [3160 3000 2945 3190 3085 3160 3170 3100]
[2615 3055 2915 3040 2755 2875 2740 2770] [3040 3160 3265 3305 3060 3005 3140 3245]
[2785 2830 2860 2860 3095 2890 2905 2955] [3185 3185 3090 3450 3305 3200 3165 3095]
COM8 1 7
1
[2965 2790 2805 2765 2800 2795 2760 2885] [3140 3095 3265 3130 3155 3010 3025 3075]
[2920 2790 2830 2710 2795 2760 2850 2780] [3355 3140 3195 3115 3095 3090 3045 3140]
[2780 2810 2815 2805 2825 2945 2780 2890] [3110 3170 3140 3080 3230 3125 3025 2930]
[2770 2855 2905 2805 2805 2815 2890 2850] [3195 3150 3220 3120 2935 3040 3035 3030]
[2720 2985 3150 2750 2940 2815 2920 2960] [3295 2955 3030 3205 3115 3200 3305 3125]
[2875 2950 2865 3015 2775 2815 2925 2850] [3130 3295 3065 3275 3235 3160 3085 3200]
[2615 3055 2915 3040 2755 2875 2740 2770] [3205 3265 3185 3155 3235 3140 3175 3135]
[2785 2830 2860 2860 3095 2890 2905 2955] [3285 3220 3140 3315 3195 3160 3195 3320]
COM3 0 8
1
[2895 2685 2770 2740 2730 2680 2750 2790] [3140 3095 3265 3130 3155 3010 3025 3075]
[2860 3035 3015 2920 2840 2860 2820 2890] [3355 3140 3195 3115 3095 3090 3045 3140]
[2820 3010 2910 2795 2835 2870 2765 2960] [3110 3170 3140 3080 3230 3125 3025 2930]
[2905 2880 3030 2975 2800 2885 2820 2975] [3195 3150 3220 3120 2935 3040 3035 3030]
[2890 2955 2965 2850 3040 2825 2910 2980] [3295 2955 3030 3205 3115 3200 3305 3125]
[2940 2955 2940 3000 2835 2825 2925 2990] [3130 3295 3065 3275 3235 3160 3085 3200]
[2900 3020 2935 3005 2735 2890 2775 2860] [3205 3265 3185 3155 3235 3140 3175 3135]
[2825 2910 3010 3100 2880 3100 3065 2915] [3285 3220 3140 3315 3195 3160 3195 3320]
COM8 1 9
1
[2895 2685 2770 2740 2730 2680 2750 2790] [2925 3010 3190 2980 2965 2895 3025 3065]
[2860 3035 3015 2920 2840 2860 2820 2890] [3090 3070 3130 2940 2870 3090 3100 2990]
[2820 3010 2910 2795 2835 2870 2765 2960] [3085 3055 3005 2895 3090 2975 3040 2930]
[2905 2880 3030 2975 2800 2885 2820 2975] [3125 2945 3225 3165 3030 3020 3015 2945]
[2890 2955 2965 2850 3040 2825 2910 2980] [3115 3220 3065 2970 3040 3200 3105 3085]
[2940 2955 2940 3000 2835 2825 2925 2990] [2940 3135 3065 2945 3040 3070 3195 3175]
[2900 3020 2935 3005 2735 2890 2775 2860] [2935 3185 3215 3090 3050 3130 3140 3230]
[2825 2910 3010 3100 2880 3100 3065 2915] [3180 3205 3090 3245 3165 2915 3360 3205]
COM3 0 10
1
[2855 2770 2645 2810 2780 2780 2805 2825] [2925 3010 3190 2980 2965 2895 3025 3065]
[2790 2925 2715 2805 2790 2945 2770 2800] [3090 3070 3130 2940 2870 3090 3100 2990]
[2840 2820 2895 2730 2770 2860 2755 2960] [3085 3055 3005 2895 3090 2975 3040 2930]
[2925 2890 2955 2795 2840 2830 2800 2865] [3125 2945 3225 3165 3030 3020 3015 2945]
[2875 2800 2935 3000 2925 2915 2920 2990] [3115 3220 3065 2970 3040 3200 3105 3085]
[2825 2940 2830 2895 2815 3010 2875 2785] [2940 3135 3065 2945 3040 3070 3195 3175]
[2800 2925 2980 3035 2780 2795 2895 2925] [2935 3185 3215 3090 3050 3130 3140 3230]
[2875 2830 2805 2675 3015 2990 2825 2820] [3180 3205 3090 3245 3165 2915 3360 3205]
COM8 1 11
1
[2855 2770 2645 2810 2780 2780 2805 2825] [2915 2955 3020 2910 3110 2895 2935 3000]
[2790 2925 2715 2805 2790 2945 2770 2800] [2955 2840 2855 2950 2830 2975 2965 2950]
[2840 2820 2895 2730 2770 2860 2755 2960] [3090 3055 3000 2815 3040 2975 2905 2935]
[2925 2890 2955 2795 2840 2830 2800 2865] [3000 2865 3170 3135 2840 2835 2840 2940]
[2875 2800 2935 3000 2925 2915 2920 2990] [3175 2965 3115 3040 2970 2855 3010 3035]
[2825 2940 2830 2895 2815 3010 2875 2785] [2935 3225 3035 3085 3120 2940 2995 2920]
[2800 2925 2980 3035 2780 2795 2895 2925] [2985 3005 3210 3125 3020 3030 3155 3030]
[2875 2830 2805 2675 3015 2990 2825 2820] [3120 3220 3150 3205 3270 3000 3070 3020]
COM3 0 12
1
[2825 2860 2770 2845 2860 2740 2900 2900] [2915 2955 3020 2910 3110 2895 2935 3000]
[2865 2870 2785 2935 2835 2805 2840 2930] [2955 2840 2855 2950 2830 2975 2965 2950]
[2800 2900 2795 2860 2855 2835 2845 2785] [3090 3055 3000 2815 3040 2975 2905 2935]
[2900 2900 2960 2800 2830 2840 2810 2845] [3000 2865 3170 3135 2840 2835 2840 2940]
[2890 2895 2915 2790 2910 2840 3015 2810] [3175 2965 3115 3040 2970 2855 3010 3035]
[2945 2930 3075 2950 2775 2905 2950 3005] [2935 3225 3035 3085 3120 2940 2995 2920]
[2845 2865 2750 2920 2920 2870 3015 2845] [2985 3005 3210 3125 3020 3030 3155 3030]
[3040 3030 2765 3080 2870 2985 2970 2850] [3120 3220 3150 3205 3270 3000 3070 3020]
COM8 1 13
1
[2825 2860 2770 2845 2860 2740 2900 2900] [3330 3200 3280 3000 3170 3005 3075 3230]
[2865 2870 2785 2935 2835 2805 2840 2930] [3175 3130 3175 3085 3080 3125 3010 2990]
[2800 2900 2795 2860 2855 2835 2845 2785] [3270 3155 3070 3050 3245 3125 3070 3025]
[2900 2900 2960 2800 2830 2840 2810 2845] [3095 2890 3175 3135 3125 3100 3105 3105]
[2890 2895 2915 2790 2910 2840 3015 2810] [3015 3125 3300 3165 3005 3075 3290 3115]
[2945 2930 3075 2950 2775 2905 2950 3005] [3090 3075 3050 3195 2985 3055 3115 3200]
[2845 2865 2750 2920 2920 2870 3015 2845] [3315 3070 3285 3140 3300 3145 3275 3110]
[3040 3030 2765 3080 2870 2985 2970 2850] [3245 3245 3290 3310 3335 3245 3160 3370]
COM3 0 14
1
[2820 2715 2790 2870 2835 2755 2855 2790] [3330 3200 3280 3000 3170 3005 3075 3230]
[2915 2825 2800 2900 2815 2860 2810 2905] [3175 3130 3175 3085 3080 3125 3010 2990]
[2750 2885 2860 2750 2720 2895 2785 2960] [3270 3155 3070 3050 3245 3125 3070 3025]
[2935 2945 3010 2820 2845 2890 2910 2890] [3095 2890 3175 3135 3125 3100 3105 3105]
[2960 2770 3040 2865 3010 2885 2935 2970] [3015 3125 3300 3165 3005 3075 3290 3115]
[2905 2905 2915 2910 2855 3055 2905 2975] [3090 3075 3050 3195 2985 3055 3115 3200]
[2745 2975 2730 2945 2955 2910 2695 2925] [3315 3070 3285 3140 3300 3145 3275 3110]
[3070 3150 2990 2885 2890 2735 3035 2915] [3245 3245 3290 3310 3335 3245 3160 3370]
COM8 1 15
1
[2820 2715 2790 2870 2835 2755 2855 2790] [2940 2890 3035 3000 3055 3005 2965 3045]
[2915 2825 2800 2900 2815 2860 2810 2905] [2795 3045 3205 2950 2915 3170 3070 2980]
[2750 2885 2860 2750 2720 2895 2785 2960] [2900 3135 3120 3020 3145 2970 3040 2970]
[2935 2945 3010 2820 2845 2890 2910 2890] [3140 3010 3135 3120 2870 3090 3100 2975]
[2960 2770 3040 2865 3010 2885 2935 2970] [3155 3125 3195 2910 2935 2990 3055 2975]
[2905 2905 2915 2910 2855 3055 2905 2975] [2945 3085 2950 3135 3050 2960 3165 3175]
[2745 2975 2730 2945 2955 2910 2695 2925] [3125 3190 3170 3025 3040 3080 3150 3315]
[3070 3150 2990 2885 2890 2735 3035 2915] [3185 3065 3135 3340 3050 2895 3200 3215]
COM3 0 16
1
[2835 2810 2595 2760 2770 2820 2790 2900] [2940 2890 3035 3000 3055 3005 2965 3045]
[2985 2885 2940 2900 2840 2840 2770 2775] [2795 3045 3205 2950 2915 3170 3070 2980]
[2765 2795 2950 2825 2835 2955 2775 2815] [2900 3135 3120 3020 3145 2970 3040 2970]
[2800 2830 3045 2790 2815 2810 2910 2855] [3140 3010 3135 3120 2870 3090 3100 2975]
[2945 2895 2925 2805 3050 2740 2915 3000] [3155 3125 3195 2910 2935 2990 3055 2975]
[2875 2905 3015 2905 2845 2990 2875 2910] [2945 3085 2950 3135 3050 2960 3165 3175]
[2770 2800 2935 2980 2865 2735 2925 2880] [3125 3190 3170 3025 3040 3080 3150 3315]
[2895 3050 2895 2895 2890 2885 3085 2800] [3185 3065 3135 3340 3050 2895 3200 3215]
COM8 1 17
1
[2835 2810 2595 2760 2770 2820 2790 2900] [3010 2945 2830 2950 3035 2965 2955 3000]
[2985 2885 2940 2900 2840 2840 2770 2775] [3025 3000 2940 2975 2915 3050 2915 2855]
[2765 2795 2950 2825 2835 2955 2775 2815] [2890 3090 2940 2845 3070 2855 3070 2895]
[2800 2830 3045 2790 2815 2810 2910 2855] [2805 2885 3005 3045 2915 2870 2970 2885]
[2945 2895 2925 2805 3050 2740 2915 3000] [3060 3165 3140 2850 3005 2890 3170 3045]
[2875 2905 3015 2905 2845 2990 2875 2910] [3005 2980 2985 3065 2970 2970 3225 3350]
[2770 2800 2935 2980 2865 2735 2925 2880] [2995 3205 3020 3000 3115 2960 3280 3020]
[2895 3050 2895 2895 2890 2885 3085 2800] [3290 3050 3075 3100 2995 2870 3035 3155]
COM3 0 18
1
[2895 2800 2750 2825 2745 2770 2835 3015] [3010 2945 2830 2950 3035 2965 2955 3000]
[2950 2935 2865 2905 2780 2875 2820 2835] [3025 3000 2940 2975 2915 3050 2915 2855]
[2690 2825 2880 2790 2780 2850 2810 2900] [2890 3090 2940 2845 3070 2855 3070 2895]
[2845 2885 2910 2800 2845 2880 2820 2850] [2805 2885 3005 3045 2915 2870 2970 2885]
[2800 2775 3025 2875 2865 2750 2925 2945] [3060 3165 3140 2850 3005 2890 3170 3045]
[2795 2805 2970 3030 2970 2965 2985 2765] [3005 2980 2985 3065 2970 2970 3225 3350]
[2685 3040 2785 2845 2815 2810 2730 2880] [2995 3205 3020 3000 3115 2960 3280 3020]
[2950 2965 3045 3105 3145 3000 2925 3070] [3290 3050 3075 3100 2995 2870 3035 3155]
COM8 1 19
1
[2895 2800 2750 2825 2745 2770 2835 3015] [3240 3190 3170 3110 3155 3135 3165 3130]
[2950 2935 2865 2905 2780 2875 2820 2835] [3140 3150 3065 2995 2940 3075 3110 2985]
[2690 2825 2880 2790 2780 2850 2810 2900] [3160 3150 3070 3125 3115 3020 3055 2960]
[2845 2885 2910 2800 2845 2880 2820 2850] [3075 3150 3240 3110 3140 3135 3105 3025]
[2800 2775 3025 2875 2865 2750 2925 2945] [3220 3325 3275 3010 3015 3075 3230 3040]
[2795 2805 2970 3030 2970 2965 2985 2765] [3115 3045 2965 3160 3135 3110 3180 3200]
[2685 3040 2785 2845 2815 2810 2730 2880] [3290 3585 3290 3240 3020 3195 3260 3390]
[2950 2965 3045 3105 3145 3000 2925 3070] [3250 3435 3255 3450 3065 3020 3105 3230]
COM3 0 20
1
[2870 2740 2850 2750 2790 2710 2880 2875] [3240 3190 3170 3110 3155 3135 3165 3130]
[3015 2930 2815 2910 2920 2740 2845 2735] [3140 3150 3065 2995 2940 3075 3110 2985]
[2795 2855 2905 2810 2750 2895 2765 2940] [3160 3150 3070 3125 3115 3020 3055 2960]
[2875 2865 2975 2745 2900 2875 2865 2865] [3075 3150 3240 3110 3140 3135 3105 3025]
[2945 2965 2940 2865 2960 2915 3045 3000] [3220 3325 3275 3010 3015 3075 3230 3040]
[2870 2755 3035 2910 2965 3105 3025 2850] [3115 3045 2965 3160 3135 3110 3180 3200]
[2765 2690 2815 2840 2920 2850 2795 2955] [3290 3585 3290 3240 3020 3195 3260 3390]
[2895 2990 2975 2845 3040 2855 2970 2990] [3250 3435 3255 3450 3065 3020 3105 3230]
COM8 1 21
1
[2870 2740 2850 2750 2790 2710 2880 2875] [2805 3040 3070 2995 3120 2950 3055 3110]
[3015 2930 2815 2910 2920 2740 2845 2735] [2900 3015 3145 2900 2895 3115 3000 3085]
[2795 2855 2905 2810 2750 2895 2765 2940] [3060 3100 3180 2975 3145 2990 3045 2910]
[2875 2865 2975 2745 2900 2875 2865 2865] [3085 3385 3020 2910 2910 2900 3030 3010]
[2945 2965 2940 2865 2960 2915 3045 3000] [2970 3035 3325 2905 3070 3060 3085 2965]
[2870 2755 3035 2910 2965 3105 3025 2850] [2975 3175 3105 3055 3120 3120 3025 3265]
[2765 2690 2815 2840 2920 2850 2795 2955] [2960 3105 3190 2975 3040 3140 2985 3210]
[2895 2990 2975 2845 3040 2855 2970 2990] [3200 3305 3290 3245 3110 3125 3150 3355]
COM3 0 22
1
[2685 2705 2750 2770 2835 2715 2900 2830] [2805 3040 3070 2995 3120 2950 3055 3110]
[2890 2935 2765 2840 2810 2805 2760 2890] [2900 3015 3145 2900 2895 3115 3000 3085]
[2805 2835 2890 2815 2700 2865 2810 2895] [3060 3100 3180 2975 3145 2990 3045 2910]
[2905 2785 2945 2830 2950 2835 2805 2745] [3085 3385 3020 2910 2910 2900 3030 3010]
[3025 2810 2955 2820 3000 3030 2895 3000] [2970 3035 3325 2905 3070 3060 3085 2965]
[2845 2925 3025 2995 2830 2825 3025 2900] [2975 3175 3105 3055 3120 3120 3025 3265]
[2895 3015 2805 2855 2865 3040 2800 2975] [2960 3105 3190 2975 3040 3140 2985 3210]
[3045 2990 3085 2950 2955 2695 2970 2945] [3200 3305 3290 3245 3110 3125 3150 3355]
COM8 1 23
1
[2685 2705 2750 2770 2835 2715 2900 2830] [3125 3065 3195 3015 3170 3005 3040 3130]
[2890 2935 2765 2840 2810 2805 2760 2890] [3120 3160 3220 3145 3050 3225 2965 2970]
[2805 2835 2890 2815 2700 2865 2810 2895] [3050 3085 3235 3130 3205 3155 3135 3110]
[2905 2785 2945 2830 2950 2835 2805 2745] [3065 3160 3110 3105 3060 3090 2940 2960]
[3025 2810 2955 2820 3000 3030 2895 3000] [3215 3355 3125 3025 3115 3035 3145 3065]
[2845 2925 3025 2995 2830 2825 3025 2900] [3015 3100 2975 3200 2945 3075 3110 3005]
[2895 3015 2805 2855 2865 3040 2800 2975] [3055 3295 3440 3145 3150 3235 3085 3105]
[3045 2990 3085 2950 2955 2695 2970 2945] [3030 3040 3185 3375 2955 3110 3005 3275]
COM3 0 24
1
[2855 2810 2830 2690 2705 2705 2800 2875] [3125 3065 3195 3015 3170 3005 3040 3130]
[2940 3085 2835 2910 2780 2935 2825 2815] [3120 3160 3220 3145 3050 3225 2965 2970]
[2825 2825 2950 2850 2850 2940 2775 2950] [3050 3085 3235 3130 3205 3155 3135 3110]
[2935 2810 2960 2820 2825 2805 2810 2840] [3065 3160 3110 3105 3060 3090 2940 2960]
[2810 2985 2880 2825 3095 2795 2990 2995] [3215 3355 3125 3025 3115 3035 3145 3065]
[3030 2940 3075 2875 2745 2900 3025 2785] [3015 3100 2975 3200 2945 3075 3110 3005]
[2675 2935 2745 3030 2985 2960 3085 2935] [3055 3295 3440 3145 3150 3235 3085 3105]
[2895 2990 3040 2900 2890 2825 3130 3010] [3030 3040 3185 3375 2955 3110 3005 3275]
COM8 1 25
1
[2855 2810 2830 2690 2705 2705 2800 2875] [2855 2840 2945 2850 3105 2960 2805 2990]
[2940 3085 2835 2910 2780 2935 2825 2815] [2790 2830 2935 2970 2920 3205 2905 2815]
[2825 2825 2950 2850 2850 2940 2775 2950] [2810 2900 2895 2985 3110 2915 2925 2860]
[2935 2810 2960 2820 2825 2805 2810 2840] [3210 2875 3125 3055 2865 3025 2965 2935]
[2810 2985 2880 2825 3095 2795 2990 2995] [3150 2865 3125 2755 2950 2975 3075 3165]
[3030 2940 3075 2875 2745 2900 3025 2785] [2965 3235 3075 3200 3070 3160 3020 3045]
[2675 2935 2745 3030 2985 2960 3085 2935] [3045 3250 3275 3105 2960 3075 2945 3190]
[2895 2990 3040 2900 2890 2825 3130 3010] [3270 3105 3190 3140 3085 3140 2855 3235]
COM3 0 26
1
[2785 2905 2750 2820 2690 2745 2935 2930] [2855 2840 2945 2850 3105 2960 2805 2990]
[2830 2830 2790 2770 2790 2875 2810 2975] [2790 2830 2935 2970 2920 3205 2905 2815]
[2760 2735 2950 2825 2760 2940 2755 3015] [2810 2900 2895 2985 3110 2915 2925 2860]
[2880 2975 3065 2880 2800 2810 2725 2965] [3210 2875 3125 3055 2865 3025 2965 2935]
[3020 2990 3120 2855 2995 2885 3075 2830] [3150 2865 3125 2755 2950 2975 3075 3165]
[2920 2885 2970 2905 2855 2990 2900 2900] [2965 3235 3075 3200 3070 3160 3020 3045]
[2905 2895 2935 2865 2935 2990 2930 2830] [3045 3250 3275 3105 2960 3075 2945 3190]
[2895 2785 2895 2890 2880 2795 3105 2820] [3270 3105 3190 3140 3085 3140 2855 3235]
COM8 1 27
1
[2785 2905 2750 2820 2690 2745 2935 2930] [2975 2835 2910 2895 2930 2840 2970 3095]
[2830 2830 2790 2770 2790 2875 2810 2975] [3030 2945 3115 2895 2925 3055 3035 2885]
[2760 2735 2950 2825 2760 2940 2755 3015] [2925 2935 2965 2970 3115 3010 2975 3020]
[2880 2975 3065 2880 2800 2810 2725 2965] [2980 2830 2985 3135 2975 3020 3145 2900]
[3020 2990 3120 2855 2995 2885 3075 2830] [2980 3120 3105 2895 2875 2990 2975 3005]
[2920 2885 2970 2905 2855 2990 2900 2900] [3140 2980 3050 3210 2990 3025 3195 3155]
[2905 2895 2935 2865 2935 2990 2930 2830] [3080 3185 3215 3060 3070 2940 3050 3110]
[2895 2785 2895 2890 2880 2795 3105 2820] [3115 3235 3150 3035 3205 3230 3245 3280]
COM3 0 28
1
[2705 2645 2665 2785 2685 2745 2885 2915] [2975 2835 2910 2895 2930 2840 2970 3095]
[3000 2930 2835 2825 2780 2860 2845 2900] [3030 2945 3115 2895 2925 3055 3035 2885]
[2735 2900 2945 2800 2800 2925 2840 2890] [2925 2935 2965 2970 3115 3010 2975 3020]
[2980 2850 2920 2735 2860 2770 2765 2855] [2980 2830 2985 3135 2975 3020 3145 2900]
[2885 2900 2960 2815 2885 2935 3055 3000] [2980 3120 3105 2895 2875 2990 2975 3005]
[2915 2935 2970 3030 2785 3040 3055 2955] [3140 2980 3050 3210 2990 3025 3195 3155]
[3020 2925 2850 3050 2865 2910 2775 2765] [3080 3185 3215 3060 3070 2940 3050 3110]
[3040 2840 2820 2800 2890 2790 2965 3040] [3115 3235 3150 3035 3205 3230 3245 3280]
COM8 1 29
1
[2705 2645 2665 2785 2685 2745 2885 2915] [3010 3055 2970 3040 3305 3135 3000 3140]
[3000 2930 2835 2825 2780 2860 2845 2900] [2915 3055 3160 3035 3035 3105 2915 3000]
[2735 2900 2945 2800 2800 2925 2840 2890] [3200 3165 3125 2995 3065 3110 3085 3040]
[2980 2850 2920 2735 2860 2770 2765 2855] [3215 3055 3060 3065 2950 3135 3025 2985]
[2885 2900 2960 2815 2885 2935 3055 3000] [3125 3275 3170 2975 2950 2965 3155 3200]
[2915 2935 2970 3030 2785 3040 3055 2955] [2925 2995 3010 3075 3115 3105 3070 3305]
[3020 2925 2850 3050 2865 2910 2775 2765] [3035 3120 3310 3175 3165 3235 3155 3145]
[3040 2840 2820 2800 2890 2790 2965 3040] [3225 3215 3285 3295 3035 2990 3235 3115]
COM3 0 30
1
[2910 2715 2735 2745 2725 2800 2760 2910] [3010 3055 2970 3040 3305 3135 3000 3140]
[2960 2815 2785 2865 2830 2790 2895 3005] [2915 3055 3160 3035 3035 3105 2915 3000]
[2835 2895 2800 2740 2805 2950 2730 2995] [3200 3165 3125 2995 3065 3110 3085 3040]
[2790 2890 2960 2815 2940 2845 2895 2855] [3215 3055 3060 3065 2950 3135 3025 2985]
[2860 2925 3090 2845 3030 2715 3015 2830] [3125 3275 3170 2975 2950 2965 3155 3200]
[2895 2745 2970 3045 2890 2880 2850 2840] [2925 2995 3010 3075 3115 3105 3070 3305]
[2815 2845 2730 2990 3055 2910 2855 2960] [3035 3120 3310 3175 3165 3235 3155 3145]
[2865 3070 2955 2965 2695 2835 2965 2820] [3225 3215 3285 3295 3035 2990 3235 3115]
COM8 1 31
1
[2910 2715 2735 2745 2725 2800 2760 2910] [3160 3155 3255 3185 3025 3085 2985 3035]
[2960 2815 2785 2865 2830 2790 2895 3005] [3190 3210 3205 3090 2935 3190 2965 3075]
[2835 2895 2800 2740 2805 2950 2730 2995] [3070 3170 3220 3065 3095 3035 3060 3085]
[2790 2890 2960 2815 2940 2845 2895 2855] [3190 3605 3090 3150 3050 3110 3090 2960]
[2860 2925 3090 2845 3030 2715 3015 2830] [3170 3060 3170 3100 3035 3225 3220 3130]
[2895 2745 2970 3045 2890 2880 2850 2840] [2975 3195 3105 3245 3120 3100 3290 3200]
[2815 2845 2730 2990 3055 2910 2855 2960] [3210 3235 3300 3260 3250 3095 3290 3420]
[2865 3070 2955 2965 2695 2835 2965 2820] [3270 3335 3355 3405 3240 3125 3300 3225]
COM3 0 32
1
[2765 2895 2665 2815 2750 2735 2855 2875] [3160 3155 3255 3185 3025 3085 2985 3035]
[2960 3045 2830 2805 2850 2860 2840 2935] [3190 3210 3205 3090 2935 3190 2965 3075]
[2820 2825 2950 2740 2820 2890 2820 2815] [3070 3170 3220 3065 3095 3035 3060 3085]
[2980 2880 2850 2875 2765 2830 2865 2795] [3190 3605 3090 3150 3050 3110 3090 2960]
[2890 2805 2945 2925 2895 2840 3040 3050] [3170 3060 3170 3100 3035 3225 3220 3130]
[2820 2820 3025 2825 2765 2830 2985 2805] [2975 3195 3105 3245 3120 3100 3290 3200]
[2880 2800 2870 2865 2845 2960 2825 2960] [3210 3235 3300 3260 3250 3095 3290 3420]
[2960 2810 2955 2965 2810 2820 3345 2910] [3270 3335 3355 3405 3240 3125 3300 3225]
COM8 1 33
1
[2765 2895 2665 2815 2750 2735 2855 2875] [3255 3125 3125 3040 3145 3090 3170 3215]
[2960 3045 2830 2805 2850 2860 2840 2935] [3125 3270 3160 3090 3015 3145 3150 3110]
[2820 2825 2950 2740 2820 2890 2820 2815] [3170 3125 3215 3105 3170 3035 3045 3030]
[2980 2880 2850 2875 2765 2830 2865 2795] [3430 3100 3270 3205 3000 3080 3230 3105]
[2890 2805 2945 2925 2895 2840 3040 3050] [3160 3070 3205 3065 3110 3090 3175 3145]
[2820 2820 3025 2825 2765 2830 2985 2805] [2925 3090 3145 3260 3200 2985 3125 3235]
[2880 2800 2870 2865 2845 2960 2825 2960] [3175 3420 3255 3205 3195 3240 3210 3140]
[2960 2810 2955 2965 2810 2820 3345 2910] [3265 3175 3315 3380 3370 2995 3355 3115]
COM3 0 34
1
[2910 2630 2865 2800 2790 2670 2795 2795] [3255 3125 3125 3040 3145 3090 3170 3215]
[2910 2830 2860 2905 2730 2875 2825 2890] [3125 3270 3160 3090 3015 3145 3150 3110]
[2840 2885 2950 2875 2750 2940 2805 2980] [3170 3125 3215 3105 3170 3035 3045 3030]
[2945 2710 2925 2810 2950 2740 2890 2810] [3430 3100 3270 3205 3000 3080 3230 3105]
[3005 3000 2965 2905 2965 2825 2860 3040] [3160 3070 3205 3065 3110 3090 3175 3145]
[2945 2780 2975 2965 2785 2985 2985 2890] [2925 3090 3145 3260 3200 2985 3125 3235]
[2900 2895 2870 2870 2860 3070 2805 2845] [3175 3420 3255 3205 3195 3240 3210 3140]
[2890 3005 3030 3045 3105 2905 3105 2965] [3265 3175 3315 3380 3370 2995 3355 3115]
COM8 1 35
1
[2910 2630 2865 2800 2790 2670 2795 2795] [2840 2895 2975 2930 2935 2920 2950 2985]
[2910 2830 2860 2905 2730 2875 2825 2890] [3030 3065 3030 2960 2975 3110 2970 2930]
[2840 2885 2950 2875 2750 2940 2805 2980] [2970 3055 3025 3025 3170 3020 2885 2940]
[2945 2710 2925 2810 2950 2740 2890 2810] [2960 2870 3055 3155 3015 2950 3000 2880]
[3005 3000 2965 2905 2965 2825 2860 3040] [2970 3050 3155 2925 2990 2930 3100 3120]
[2945 2780 2975 2965 2785 2985 2985 2890] [2960 2880 2930 3100 3020 3105 3165 2995]
[2900 2895 2870 2870 2860 3070 2805 2845] [3015 3040 3015 3080 3155 3220 3110 3130]
[2890 3005 3030 3045 3105 2905 3105 2965] [3190 3125 3225 3195 3010 3065 3125 3315]
COM3 0 36
1
[2910 2870 2735 2925 2765 2755 2885 2945] [2840 2895 2975 2930 2935 2920 2950 2985]
[2970 3045 2750 2805 2815 2800 2850 2820] [3030 3065 3030 2960 2975 3110 2970 2930]
[2785 2940 3050 2800 2730 2940 2825 2900] [2970 3055 3025 3025 3170 3020 2885 2940]
[3025 2885 2950 2905 2800 2840 2830 2855] [2960 2870 3055 3155 3015 2950 3000 2880]
[3020 2880 3015 2880 3045 2815 2920 2970] [2970 3050 3155 2925 2990 2930 3100 3120]
[2855 2975 3185 2850 2855 2970 2875 2910] [2960 2880 2930 3100 3020 3105 3165 2995]
[2935 2730 2730 3015 3005 2805 2995 2755] [3015 3040 3015 3080 3155 3220 3110 3130]
[3045 2830 2895 2905 2995 2815 3175 3005] [3190 3125 3225 3195 3010 3065 3125 3315]
COM8 1 37
1
[2910 2870 2735 2925 2765 2755 2885 2945] [3015 2970 3205 2945 3025 3005 2995 3115]
[2970 3045 2750 2805 2815 2800 2850 2820] [3015 3105 3025 2995 2905 3020 3000 2990]
[2785 2940 3050 2800 2730 2940 2825 2900] [2975 3110 3015 2995 2975 3095 3045 2950]
[3025 2885 2950 2905 2800 2840 2830 2855] [3065 3090 3145 3075 2970 3075 3030 2830]
[3020 2880 3015 2880 3045 2815 2920 2970] [3155 2950 3080 2995 3025 2865 3055 3190]
[2855 2975 3185 2850 2855 2970 2875 2910] [3130 3165 3095 3100 3080 3160 3135 3105]
[2935 2730 2730 3015 3005 2805 2995 2755] [2975 3435 3140 3165 3095 3180 3140 3250]
[3045 2830 2895 2905 2995 2815 3175 3005] [2990 3075 3020 3310 3275 2935 3000 3030]
COM3 0 38
1
[2820 2700 2800 2845 2780 2730 2870 2925] [3015 2970 3205 2945 3025 3005 2995 3115]
[2910 2865 2885 2915 2775 2835 2860 2900] [3015 3105 3025 2995 2905 3020 3000 2990]
[2835 2950 2925 2825 2820 2895 2875 2865] [2975 3110 3015 2995 2975 3095 3045 2950]
[2865 2890 2895 2745 2810 2910 2825 2805] [3065 3090 3145 3075 2970 3075 3030 2830]
[2935 2900 2895 2825 2850 2840 2935 3000] [3155 2950 3080 2995 3025 2865 3055 3190]
[3000 2810 3075 2790 2785 2950 2875 2880] [3130 3165 3095 3100 3080 3160 3135 3105]
[2855 2950 2860 3050 2975 2820 2880 2725] [2975 3435 3140 3165 3095 3180 3140 3250]
[2815 2920 2895 2900 2975 2870 3105 2845] [2990 3075 3020 3310 3275 2935 3000 3030]
COM8 1 39
1
[2820 2700 2800 2845 2780 2730 2870 2925] [3160 3205 3205 3015 3350 3085 3075 3130]
[2910 2865 2885 2915 2775 2835 2860 2900] [3265 3190 3305 3180 3135 3075 3115 3095]
[2835 2950 2925 2825 2820 2895 2875 2865] [3105 3235 3170 3065 3110 3175 3095 3010]
[2865 2890 2895 2745 2810 2910 2825 2805] [3165 3330 3240 3075 3075 3045 3230 3105]
[2935 2900 2895 2825 2850 2840 2935 3000] [3335 3145 3225 3050 3090 3065 3215 3155]
[3000 2810 3075 2790 2785 2950 2875 2880] [3145 3115 3110 3220 3220 3270 3245 3290]
[2855 2950 2860 3050 2975 2820 2880 2725] [3355 3270 3385 3250 3240 3375 3030 3290]
[2815 2920 2895 2900 2975 2870 3105 2845] [3205 3345 3370 3195 3285 3245 3300 3475]
COM3 0 40
1
[2625 2755 2635 2775 2735 2750 2945 2725] [3160 3205 3205 3015 3350 3085 3075 3130]
[2975 3015 2945 3005 2825 2955 2705 2900] [3265 3190 3305 3180 3135 3075 3115 3095]
[2795 2975 3025 2725 2760 2865 2980 3025] [3105 3235 3170 3065 3110 3175 3095 3010]
[2940 2975 2960 2960 2875 3010 2910 2980] [3165 3330 3240 3075 3075 3045 3230 3105]
[3045 3025 3105 2940 2910 2760 2910 2845] [3335 3145 3225 3050 3090 3065 3215 3155]
[2945 2970 3125 2765 2965 2835 2905 2870] [3145 3115 3110 3220 3220 3270 3245 3290]
[2845 2835 2870 2935 2935 2730 2825 2910] [3355 3270 3385 3250 3240 3375 3030 3290]
[2970 2870 2785 3055 2745 3230 2970 3020] [3205 3345 3370 3195 3285 3245 3300 3475]
COM8 1 41
1
[2625 2755 2635 2775 2735 2750 2945 2725] [3300 3190 3265 3060 3275 3065 3105 3000]
[2975 3015 2945 3005 2825 2955 2705 2900] [3065 3065 3175 3020 3195 3115 2995 3045]
[2795 2975 3025 2725 2760 2865 2980 3025] [3220 3115 3190 2995 3155 3035 3085 3050]
[2940 2975 2960 2960 2875 3010 2910 2980] [3115 2890 3400 3205 3045 3025 3175 3075]
[3045 3025 3105 2940 2910 2760 2910 2845] [3200 3155 3335 2995 3030 3140 3055 3305]
[2945 2970 3125 2765 2965 2835 2905 2870] [3030 3325 3260 3275 3155 3160 3265 3175]
[2845 2835 2870 2935 2935 2730 2825 2910] [3250 3350 3445 3295 3130 3080 3040 3215]
[2970 2870 2785 3055 2745 3230 2970 3020] [3140 3095 3245 3345 3320 3235 3305 3380]
COM3 0 42
1
[2865 2685 2800 2810 2625 2825 2915 2735] [3300 3190 3265 3060 3275 3065 3105 3000]
[2970 2830 2725 2975 2785 2750 2810 2805] [3065 3065 3175 3020 3195 3115 2995 3045]
[2775 3140 2860 2825 2795 2915 2920 2965] [3220 3115 3190 2995 3155 3035 3085 3050]
[3160 2755 3040 3010 2905 2835 2815 2920] [3115 2890 3400 3205 3045 3025 3175 3075]
[2940 3000 2935 2725 2905 2890 2970 3195] [3200 3155 3335 2995 3030 3140 3055 3305]
[2895 3125 3235 3095 2945 2925 3020 2810] [3030 3325 3260 3275 3155 3160 3265 3175]
[2995 3000 3010 2775 2935 2750 2695 2910] [3250 3350 3445 3295 3130 3080 3040 3215]
[3135 3015 2590 2635 2955 3075 2990 2915] [3140 3095 3245 3345 3320 3235 3305 3380]
COM8 1 43
1
[2865 2685 2800 2810 2625 2825 2915 2735] [3285 3240 2950 3230 3220 2915 3125 3040]
[2970 2830 2725 2975 2785 2750 2810 2805] [3135 3235 3230 3100 3100 3175 3000 3085]
[2775 3140 2860 2825 2795 2915 2920 2965] [3020 3285 3115 2970 3105 3020 3020 2950]
[3160 2755 3040 3010 2905 2835 2815 2920] [3080 3160 3095 3200 2990 3200 3030 2995]
[2940 3000 2935 2725 2905 2890 2970 3195] [3275 3105 3230 2895 3065 3265 3135 3200]
[2895 3125 3235 3095 2945 2925 3020 2810] [3040 3280 3115 3235 2945 3315 3135 3170]
[2995 3000 3010 2775 2935 2750 2695 2910] [3245 3250 3340 3145 3155 3275 3260 3190]
[3135 3015 2590 2635 2955 3075 2990 2915] [3160 3400 3410 3380 3265 3295 3030 3250]
COM3 0 44
1
[2840 2955 2805 2950 2805 2750 2795 2855] [3285 3240 2950 3230 3220 2915 3125 3040]
[2925 3005 2925 2860 2905 2860 2855 2870] [3135 3235 3230 3100 3100 3175 3000 3085]
[2750 2950 2950 2950 2945 2905 2920 2970] [3020 3285 3115 2970 3105 3020 3020 2950]
[2585 2890 2980 2950 2945 2920 2970 2940] [3080 3160 3095 3200 2990 3200 3030 2995]
[2915 2880 2920 3050 2840 2995 3100 3190] [3275 3105 3230 2895 3065 3265 3135 3200]
[3065 3020 2980 2870 2780 3105 2910 2845] [3040 3280 3115 3235 2945 3315 3135 3170]
[3020 3105 3125 3155 3075 2885 2950 2745] [3245 3250 3340 3145 3155 3275 3260 3190]
[2965 3025 2965 2970 2885 2910 3165 3090] [3160 3400 3410 3380 3265 3295 3030 3250]
COM8 1 45
1
[2840 2955 2805 2950 2805 2750 2795 2855] [3115 3015 3135 2960 3240 3035 2975 3045]
[2925 3005 2925 2860 2905 2860 2855 2870] [3085 2995 3155 3025 3095 3150 3100 3005]
[2750 2950 2950 2950 2945 2905 2920 2970] [2980 3155 3140 3125 3175 3145 3055 3110]
[2585 2890 2980 2950 2945 2920 2970 2940] [3090 3055 3335 3170 3150 2985 3160 3120]
[2915 2880 2920 3050 2840 2995 3100 3190] [3165 3020 3135 2965 3145 2970 3180 3350]
[3065 3020 2980 2870 2780 3105 2910 2845] [3080 3070 3100 3190 3100 3245 3115 3070]
[3020 3105 3125 3155 3075 2885 2950 2745] [3140 3440 3195 3280 3200 3050 3010 3125]
[2965 3025 2965 2970 2885 2910 3165 3090] [3305 3070 3195 3335 3270 3040 3160 3195]
COM3 0 46
1
[2995 2875 2795 3000 2920 2890 2860 3015] [3115 3015 3135 2960 3240 3035 2975 3045]
[2965 2875 2760 2925 2840 3035 2865 2990] [3085 2995 3155 3025 3095 3150 3100 3005]
[2865 2760 3000 2765 2755 2910 2845 3080] [2980 3155 3140 3125 3175 3145 3055 3110]
[2890 2970 3100 2995 2905 3010 2965 2855] [3090 3055 3335 3170 3150 2985 3160 3120]
[3210 2865 3140 2975 3010 3015 3150 3000] [3165 3020 3135 2965 3145 2970 3180 3350]
[3085 3190 3140 3145 2850 3200 2965 2935] [3080 3070 3100 3190 3100 3245 3115 3070]
[3015 3205 3010 2985 2935 2890 2880 2950] [3140 3440 3195 3280 3200 3050 3010 3125]
[2915 2985 2700 2935 3075 2895 2995 2920] [3305 3070 3195 3335 3270 3040 3160 3195]
COM8 1 47
1
[2995 2875 2795 3000 2920 2890 2860 3015] [3260 3220 3180 3065 3260 3105 3060 3115]
[2965 2875 2760 2925 2840 3035 2865 2990] [3280 3160 3265 3145 3140 3180 3125 2995]
[2865 2760 3000 2765 2755 2910 2845 3080] [3190 3225 3200 3125 3155 3035 3175 3055]
[2890 2970 3100 2995 2905 3010 2965 2855] [3305 2810 3350 3180 3010 3065 3210 3020]
[3210 2865 3140 2975 3010 3015 3150 3000] [3205 3110 3215 3095 3150 3075 3150 3180]
[3085 3190 3140 3145 2850 3200 2965 2935] [3085 3090 3200 3085 3065 3215 3240 3210]
[3015 3205 3010 2985 2935 2890 2880 2950] [3115 3155 3305 3185 3175 3425 3095 3215]
[2915 2985 2700 2935 3075 2895 2995 2920] [3450 3070 3270 3390 3165 3160 3285 3495]
COM3 0 48
1
[2775 2890 2800 2835 2775 2725 2935 2925] [3260 3220 3180 3065 3260 3105 3060 3115]
[2915 2960 2825 2910 2810 2785 2790 2965] [3280 3160 3265 3145 3140 3180 3125 2995]
[2850 2915 2905 2935 2865 2870 2755 2950] [3190 3225 3200 3125 3155 3035 3175 3055]
[2860 3050 2955 2960 2870 2825 3030 2710] [3305 2810 3350 3180 3010 3065 3210 3020]
[3105 2915 3170 2745 2975 2870 3095 2950] [3205 3110 3215 3095 3150 3075 3150 3180]
[2935 3010 3225 2965 2740 3025 2935 2795] [3085 3090 3200 3085 3065 3215 3240 3210]
[2830 2865 3000 3025 2920 2940 2790 3080] [3115 3155 3305 3185 3175 3425 3095 3215]
[2950 2720 3140 2945 2950 2805 3030 2785] [3450 3070 3270 3390 3165 3160 3285 3495]
COM8 1 49
1
[2775 2890 2800 2835 2775 2725 2935 2925] [3205 3000 3115 2980 3225 3035 3190 3115]
[2915 2960 2825 2910 2810 2785 2790 2965] [3135 2970 3205 3135 3035 3105 3095 2910]
[2850 2915 2905 2935 2865 2870 2755 2950] [3060 2965 3090 3010 3130 3020 3015 2850]
[2860 3050 2955 2960 2870 2825 3030 2710] [3250 2980 3110 3050 3070 3070 2975 3080]
[3105 2915 3170 2745 2975 2870 3095 2950] [3255 3195 3130 2850 3175 3015 3180 3110]
[2935 3010 3225 2965 2740 3025 2935 2795] [2925 3110 3090 3205 3075 3275 3110 3175]
[2830 2865 3000 3025 2920 2940 2790 3080] [3215 3170 3240 3140 3165 3015 3135 3265]
[2950 2720 3140 2945 2950 2805 3030 2785] [3025 3280 3105 3215 3090 3245 3240 3385]
COM3 0 50
1
[3010 2905 2800 3150 2905 2955 3040 3250] [3205 3000 3115 2980 3225 3035 3190 3115]
[2940 2995 3085 2975 2895 2935 2995 2895] [3135 2970 3205 3135 3035 3105 3095 2910]
[2910 3040 3005 2925 2970 3050 2965 3090] [3060 2965 3090 3010 3130 3020 3015 2850]
[3040 2935 3020 3010 3020 2975 2990 3055] [3250 2980 3110 3050 3070 3070 2975 3080]
[3215 3150 3030 3105 3095 2895 2965 3145] [3255 3195 3130 2850 3175 3015 3180 3110]
[2885 3115 2955 3085 2845 2950 3110 3145] [2925 3110 3090 3205 3075 3275 3110 3175]
[3085 2830 3005 2920 2935 3220 2960 2945] [3215 3170 3240 3140 3165 3015 3135 3265]
[3215 3120 3145 2870 3200 3295 3150 3155] [3025 3280 3105 3215 3090 3245 3240 3385]
COM8 1 51
1
[3010 2905 2800 3150 2905 2955 3040 3250] [3195 3405 3220 3270 3235 3165 3115 3255]
[2940 2995 3085 2975 2895 2935 2995 2895] [3200 3215 3205 3025 3060 3220 3105 2985]
[2910 3040 3005 2925 2970 3050 2965 3090] [3210 3210 3080 3090 3150 3115 3140 3020]
[3040 2935 3020 3010 3020 2975 2990 3055] [3280 3375 3395 3210 3270 3145 3165 3130]
[3215 3150 3030 3105 3095 2895 2965 3145] [3270 3160 3230 3000 3195 3175 3225 3230]
[2885 3115 2955 3085 2845 2950 3110 3145] [3080 3250 3270 3275 3205 3200 3265 3065]
[3085 2830 3005 2920 2935 3220 2960 2945] [3420 3445 3330 3270 3255 3165 3280 3215]
[3215 3120 3145 2870 3200 3295 3150 3155] [3205 3280 3400 3350 3245 3040 3125 3330]
COM3 0 52
1
[2995 2880 2990 2905 2770 2865 3065 2765] [3195 3405 3220 3270 3235 3165 3115 3255]
[2840 3230 2865 2765 2875 2820 2810 2865] [3200 3215 3205 3025 3060 3220 3105 2985]
[2875 2945 2890 2820 2900 2840 3005 2895] [3210 3210 3080 3090 3150 3115 3140 3020]
[2880 2965 2980 2955 2970 2910 2915 2965] [3280 3375 3395 3210 3270 3145 3165 3130]
[2950 3065 2960 2940 2935 2875 2915 2925] [3270 3160 3230 3000 3195 3175 3225 3230]
[2820 2600 3015 2970 2830 2950 2850 3075] [3080 3250 3270 3275 3205 3200 3265 3065]
[2820 3090 2845 3035 3125 2890 2740 2905] [3420 3445 3330 3270 3255 3165 3280 3215]
[3035 2815 3150 2570 2950 2965 3220 3135] [3205 3280 3400 3350 3245 3040 3125 3330]
COM8 1 53
1
[2995 2880 2990 2905 2770 2865 3065 2765] [3000 3085 2880 2880 3200 2865 2990 2895]
[2840 3230 2865 2765 2875 2820 2810 2865] [3015 3020 3075 3055 2810 2995 2900 2815]
[2875 2945 2890 2820 2900 2840 3005 2895] [2735 2915 2940 2960 3055 2930 3020 2915]
[2880 2965 2980 2955 2970 2910 2915 2965] [2940 3130 2870 3155 2980 3105 3020 2920]
[2950 3065 2960 2940 2935 2875 2915 2925] [2915 3260 2965 2755 2925 2880 3120 2995]
[2820 2600 3015 2970 2830 2950 2850 3075] [2950 3065 2930 3015 2915 3035 3090 3100]
[2820 3090 2845 3035 3125 2890 2740 2905] [3060 3040 3170 2985 3270 3045 3050 3070]
[3035 2815 3150 2570 2950 2965 3220 3135] [3130 3220 3045 3215 3050 3110 3145 2995]
COM3 0 54
1
[2990 2950 2790 2995 2860 2805 2940 2855] [3000 3085 2880 2880 3200 2865 2990 2895]
[2970 2950 2915 3045 2895 3000 2915 3075] [3015 3020 3075 3055 2810 2995 2900 2815]
[2780 2795 2985 2905 2870 3060 2835 3070] [2735 2915 2940 2960 3055 2930 3020 2915]
[2980 3150 2995 2995 3055 2970 2955 2935] [2940 3130 2870 3155 2980 3105 3020 2920]
[2945 3060 3215 2990 2990 3005 2995 3155] [2915 3260 2965 2755 2925 2880 3120 2995]
[3105 2930 3025 3120 3030 3065 3270 2950] [2950 3065 2930 3015 2915 3035 3090 3100]
[2950 3150 2695 3025 2925 3055 3005 2875] [3060 3040 3170 2985 3270 3045 3050 3070]
[3035 3370 2950 2865 2950 3070 3180 2910] [3130 3220 3045 3215 3050 3110 3145 2995]
COM8 1 55
1
[2990 2950 2790 2995 2860 2805 2940 2855] [3220 3135 3360 3105 3210 3200 3055 3075]
[2970 2950 2915 3045 2895 3000 2915 3075] [3230 3200 3305 3200 3130 3185 3100 3140]
[2780 2795 2985 2905 2870 3060 2835 3070] [3290 3210 3285 3150 3235 3045 3095 2940]
[2980 3150 2995 2995 3055 2970 2955 2935] [3285 3365 3130 3200 3060 3100 3180 3000]
[2945 3060 3215 2990 2990 3005 2995 3155] [3035 3190 3395 3140 3135 3165 3135 3040]
[3105 2930 3025 3120 3030 3065 3270 2950] [3145 3270 3020 3120 3100 3275 3200 3105]
[2950 3150 2695 3025 2925 3055 3005 2875] [3225 3375 3295 3300 3050 3265 3200 3270]
[3035 3370 2950 2865 2950 3070 3180 2910] [3420 3365 3400 3425 3050 3235 3190 3180]
COM3 0 56
1
[3085 2870 2770 3050 2905 2985 3015 3000] [3220 3135 3360 3105 3210 3200 3055 3075]
[2955 3095 3055 2990 2920 3000 2920 2980] [3230 3200 3305 3200 3130 3185 3100 3140]
[2780 3105 2895 2910 2905 3010 2915 3070] [3290 3210 3285 3150 3235 3045 3095 2940]
[3010 3070 3195 3005 2905 2950 2935 2895] [3285 3365 3130 3200 3060 3100 3180 3000]
[3185 3120 3100 2990 3095 2870 3000 3050] [3035 3190 3395 3140 3135 3165 3135 3040]
[3325 3165 3150 2965 2845 3030 3045 3215] [3145 3270 3020 3120 3100 3275 3200 3105]
[3200 3125 3075 3135 3035 2800 3060 3100] [3225 3375 3295 3300 3050 3265 3200 3270]
[2960 3385 3075 3100 3265 3045 3130 3335] [3420 3365 3400 3425 3050 3235 3190 3180]
COM8 1 57
1
[3085 2870 2770 3050 2905 2985 3015 3000] [3120 3120 3070 3010 3260 3070 2900 3075]
[2955 3095 3055 2990 2920 3000 2920 2980] [2990 3005 3070 2985 2900 3130 2905 2980]
[2780 3105 2895 2910 2905 3010 2915 3070] [3090 3025 3030 3080 3115 3025 3075 2890]
[3010 3070 3195 3005 2905 2950 2935 2895] [3030 3005 3100 3140 3120 3025 3005 2885]
[3185 3120 3100 2990 3095 2870 3000 3050] [3050 3235 3100 2855 3090 3035 3310 3005]
[3325 3165 3150 2965 2845 3030 3045 3215] [3130 3175 3040 3160 3085 3070 3060 3240]
[3200 3125 3075 3135 3035 2800 3060 3100] [3030 3220 2970 3190 3145 2985 3215 3310]
[2960 3385 3075 3100 3265 3045 3130 3335] [3290 3030 3060 3055 3060 3130 3160 3315]
COM3 0 58
1
[3005 2925 2800 3085 2740 2875 2935 2885] [3120 3120 3070 3010 3260 3070 2900 3075]
[2810 2995 2775 2960 2965 2995 2975 3105] [2990 3005 3070 2985 2900 3130 2905 2980]
[2725 3040 2995 2750 2865 2870 2915 3205] [3090 3025 3030 3080 3115 3025 3075 2890]
[2975 2965 2865 2905 2925 2880 2945 2880] [3030 3005 3100 3140 3120 3025 3005 2885]
[2870 3065 3030 2945 3165 2840 2890 3050] [3050 3235 3100 2855 3090 3035 3310 3005]
[2860 3035 3245 2965 2905 2950 2920 2970] [3130 3175 3040 3160 3085 3070 3060 3240]
[3015 3030 2815 3135 3135 2935 3075 2840] [3030 3220 2970 3190 3145 2985 3215 3310]
[3140 2765 2955 2815 2700 2955 2910 3010] [3290 3030 3060 3055 3060 3130 3160 3315]
COM8 1 59
1
[3005 2925 2800 3085 2740 2875 2935 2885] [3035 2845 2920 2910 3145 2945 2985 3130]
[2810 2995 2775 2960 2965 2995 2975 3105] [3110 3055 3005 3025 2915 3065 2995 2950]
[2725 3040 2995 2750 2865 2870 2915 3205] [3220 3035 3000 2975 3185 3140 3040 2995]
[2975 2965 2865 2905 2925 2880 2945 2880] [3115 3175 3220 3015 3035 2955 3000 2985]
[2870 3065 3030 2945 3165 2840 2890 3050] [3105 3000 3170 2955 3125 3010 3110 3115]
[2860 3035 3245 2965 2905 2950 2920 2970] [2960 3035 3315 3135 3010 3040 3210 3040]
[3015 3030 2815 3135 3135 2935 3075 2840] [3035 3110 3270 3145 3065 3055 3095 3215]
[3140 2765 2955 2815 2700 2955 2910 3010] [3300 3435 3245 3170 3090 3145 3140 3425]
COM3 0 60
1
[3005 2740 2845 2935 2700 2975 3100 2735] [3035 2845 2920 2910 3145 2945 2985 3130]
[2810 3000 3065 3045 2915 3005 2890 2875] [3110 3055 3005 3025 2915 3065 2995 2950]
[2890 3165 3090 2790 2810 3120 2960 3010] [3220 3035 3000 2975 3185 3140 3040 2995]
[3035 3020 3130 3070 2995 2980 2870 3100] [3115 3175 3220 3015 3035 2955 3000 2985]
[3100 3170 3245 2885 3080 3050 3210 3115] [3105 3000 3170 2955 3125 3010 3110 3115]
[3130 3170 2985 3235 2835 3240 3250 2955] [2960 3035 3315 3135 3010 3040 3210 3040]
[2780 2990 3270 3025 2985 3100 3200 2935] [3035 3110 3270 3145 3065 3055 3095 3215]
[3235 2890 3340 2950 3180 3145 3200 3135] [3300 3435 3245 3170 3090 3145 3140 3425]
COM8 1 61
1
[3005 2740 2845 2935 2700 2975 3100 2735] [2790 2790 2935 2855 2855 2815 2875 2970]
[2810 3000 3065 3045 2915 3005 2890 2875] [2880 2890 2890 2910 2900 2905 2920 2945]
[2890 3165 3090 2790 2810 3120 2960 3010] [2895 3025 2940 2845 3020 2850 2985 2840]
[3035 3020 3130 3070 2995 2980 2870 3100] [3055 3270 3095 2985 2830 2820 3005 2975]
[3100 3170 3245 2885 3080 3050 3210 3115] [2890 3075 3150 2825 2845 3040 3040 3120]
[3130 3170 2985 3235 2835 3240 3250 2955] [2950 2990 2970 3050 2935 3090 3210 2955]
[2780 2990 3270 3025 2985 3100 3200 2935] [3030 3075 3100 3080 3085 3040 3150 3105]
[3235 2890 3340 2950 3180 3145 3200 3135] [3210 3000 2995 3190 3065 3030 2855 3310]
COM3 0 62
1
[2745 2570 2905 2890 2885 2810 2955 2975] [2790 2790 2935 2855 2855 2815 2875 2970]
[2895 3060 2955 2770 2815 3010 2850 2870] [2880 2890 2890 2910 2900 2905 2920 2945]
[2780 2935 3005 2740 2970 2810 2810 2825] [2895 3025 2940 2845 3020 2850 2985 2840]
[2735 2935 2905 2895 2930 3015 2725 2715] [3055 3270 3095 2985 2830 2820 3005 2975]
[3065 2955 3170 2960 3000 2825 2970 2980] [2890 3075 3150 2825 2845 3040 3040 3120]
[2845 2940 3135 2915 2825 2940 3005 2930] [2950 2990 2970 3050 2935 3090 3210 2955]
[2565 3035 2960 2810 2990 2935 2855 3115] [3030 3075 3100 3080 3085 3040 3150 3105]
[3295 2880 3030 2965 2910 2955 2955 2910] [3210 3000 2995 3190 3065 3030 2855 3310]
COM8 1 63
1
[2745 2570 2905 2890 2885 2810 2955 2975] [2710 2875 2830 2705 2975 2995 2920 2935]
[2895 3060 2955 2770 2815 3010 2850 2870] [2860 2825 2905 2855 2775 3005 2905 2825]
[2780 2935 3005 2740 2970 2810 2810 2825] [2925 2995 2835 2960 2990 2850 3045 2830]
[2735 2935 2905 2895 2930 3015 2725 2715] [3000 2890 2960 3075 3030 2815 2985 3010]
[3065 2955 3170 2960 3000 2825 2970 2980] [2850 2970 3270 2810 2995 2865 2875 3130]
[2845 2940 3135 2915 2825 2940 3005 2930] [2870 2765 2925 3010 3010 2955 2950 2995]
[2565 3035 2960 2810 2990 2935 2855 3115] [2835 3080 3005 3165 2905 3095 3060 2995]
[3295 2880 3030 2965 2910 2955 2955 2910] [3065 2985 3085 2945 3075 3015 3010 3175]
COM3 0 64
1
[2745 2805 2870 2765 2890 2890 2955 2740] [2710 2875 2830 2705 2975 2995 2920 2935]
[2965 3005 2810 2780 2740 2950 2820 2905] [2860 2825 2905 2855 2775 3005 2905 2825]
[2805 3090 2915 2810 2780 3120 2900 2915] [2925 2995 2835 2960 2990 2850 3045 2830]
[3040 2850 3035 2960 3075 2935 2915 2945] [3000 2890 2960 3075 3030 2815 2985 3010]
[2950 2995 2990 2945 3015 2840 3195 2950] [2850 2970 3270 2810 2995 2865 2875 3130]
[3080 2990 3200 3080 2775 3110 3190 2865] [2870 2765 2925 3010 3010 2955 2950 2995]
[2980 2975 3085 3195 2765 3165 2890 2805] [2835 3080 3005 3165 2905 3095 3060 2995]
[3130 2840 2955 2750 2785 2910 3140 2995] [3065 2985 3085 2945 3075 3015 3010 3175]
COM8 1 65
1
[2745 2805 2870 2765 2890 2890 2955 2740] [3225 3150 3205 3075 3260 3085 3025 3095]
[2965 3005 2810 2780 2740 2950 2820 2905] [3290 3035 3275 3105 2990 3070 3130 2945]
[2805 3090 2915 2810 2780 3120 2900 2915] [3130 3135 3030 3075 3205 2950 3155 3035]
[3040 2850 3035 2960 3075 2935 2915 2945] [3050 3315 3185 3070 3090 3205 3180 2975]
[2950 2995 2990 2945 3015 2840 3195 2950] [3205 3205 3185 2935 3010 3075 3270 3130]
[3080 2990 3200 3080 2775 3110 3190 2865] [3070 3020 3085 3185 3085 3050 3115 3235]
[2980 2975 3085 3195 2765 3165 2890 2805] [3140 3245 3270 3150 3040 3265 3090 3190]
[3130 2840 2955 2750 2785 2910 3140 2995] [3375 3350 3225 3030 3250 3025 2985 3240]