COM3 0 6
1
[2950 3080 3115 2980 2835 2680 2945 2950] [3125 3210 3285 3010 3080 3125 3040 3285]
[3155 3055 3110 3025 2990 3065 2910 3055] [3075 3100 3170 2930 3095 3050 3050 3150]
[2840 2825 3060 2995 2950 2985 2810 3245] [3240 3260 3245 3110 3175 3005 3120 3000]
[2945 3090 3010 2830 3005 2995 3145 3035] [2970 3230 3170 3265 3055 3000 3095 2900]
[3050 3110 3190 2970 3155 2860 3080 3040] [3280 3195 3195 3060 3135 3220 3235 3035]
[2985 3015 3220 3170 2910 3150 3000 3095] [3100 3235 3275 3220 3080 3235 3115 2925]
[3250 3135 2975 3090 3110 3070 2935 3020] [3230 3395 3235 3260 3095 3070 3175 3210]
[2805 2890 2895 3225 2945 3080 3220 2630] [3150 3240 3170 3215 3230 3135 3265 3180]
COM8 1 7
1
[2950 3080 3115 2980 2835 2680 2945 2950] [2790 2840 3135 2990 3180 2925 3025 2910]
[3155 3055 3110 3025 2990 3065 2910 3055] [3040 2995 3080 2895 3000 3160 2900 2855]
[2840 2825 3060 2995 2950 2985 2810 3245] [3275 2995 3115 2975 2890 3160 3015 2905]
[2945 3090 3010 2830 3005 2995 3145 3035] [3220 2890 3065 3020 2935 3090 3030 2895]
[3050 3110 3190 2970 3155 2860 3080 3040] [2900 2900 3130 2805 2930 3025 3005 3080]
[2985 3015 3220 3170 2910 3150 3000 3095] [3055 3105 3155 3250 2970 3195 3040 3125]
[3250 3135 2975 3090 3110 3070 2935 3020] [3150 3150 3355 3190 3455 3030 3040 3260]
[2805 2890 2895 3225 2945 3080 3220 2630] [3225 3220 3115 3305 3060 3045 2950 3035]
COM3 0 8
1
[2995 2900 2845 2970 2750 2735 2820 2875] [2790 2840 3135 2990 3180 2925 3025 2910]
[3025 2900 2840 2835 2785 3050 3005 3110] [3040 2995 3080 2895 3000 3160 2900 2855]
[2850 2925 3110 2745 3065 2705 2960 3065] [3275 2995 3115 2975 2890 3160 3015 2905]
[2875 2835 2725 3000 2835 2930 2775 2870] [3220 2890 3065 3020 2935 3090 3030 2895]
[3295 3115 2995 2985 3000 2855 3070 3115] [2900 2900 3130 2805 2930 3025 3005 3080]
[2810 3175 3110 2905 3040 2875 2875 2950] [3055 3105 3155 3250 2970 3195 3040 3125]
[3220 2710 2940 2980 2995 2805 2910 2910] [3150 3150 3355 3190 3455 3030 3040 3260]
[2700 3080 2945 3240 2940 2935 3020 2900] [3225 3220 3115 3305 3060 3045 2950 3035]
COM8 1 9
1
[2995 2900 2845 2970 2750 2735 2820 2875] [2960 2915 2910 2800 3160 2940 3035 2875]
[3025 2900 2840 2835 2785 3050 3005 3110] [2900 2985 2960 2900 2840 3050 2905 2935]
[2850 2925 3110 2745 3065 2705 2960 3065] [2980 2870 3025 3005 3005 3000 2945 2910]
[2875 2835 2725 3000 2835 2930 2775 2870] [2815 3250 2900 2830 2980 2980 3060 2880]
[3295 3115 2995 2985 3000 2855 3070 3115] [2855 2985 3140 3035 2895 2925 3020 3090]
[2810 3175 3110 2905 3040 2875 2875 2950] [2955 3215 3005 3040 2935 3055 3245 3000]
[3220 2710 2940 2980 2995 2805 2910 2910] [2845 3075 3175 2890 3155 3110 3055 3315]
[2700 3080 2945 3240 2940 2935 3020 2900] [2755 3125 2950 2960 3065 3020 2840 2975]
COM3 0 10
1
[2960 2790 2850 2670 2780 2605 2935 2735] [2960 2915 2910 2800 3160 2940 3035 2875]
[2970 2835 2710 3095 2875 2835 2905 2960] [2900 2985 2960 2900 2840 3050 2905 2935]
[2900 3025 2750 2740 2695 2715 2805 2695] [2980 2870 3025 3005 3005 3000 2945 2910]
[2735 2595 2855 2865 2945 2950 2935 2665] [2815 3250 2900 2830 2980 2980 3060 2880]
[2940 2840 2865 2875 2980 2845 3150 2590] [2855 2985 3140 3035 2895 2925 3020 3090]
[2655 2845 2700 2780 2820 2780 3095 2800] [2955 3215 3005 3040 2935 3055 3245 3000]
[2865 2810 2805 3030 2815 2775 2650 2940] [2845 3075 3175 2890 3155 3110 3055 3315]
[3100 3085 2845 2820 2850 2860 3015 2800] [2755 3125 2950 2960 3065 3020 2840 2975]
COM8 1 11
1
[2960 2790 2850 2670 2780 2605 2935 2735] [3450 3110 3390 3145 3275 3060 3105 3235]
[2970 2835 2710 3095 2875 2835 2905 2960] [3055 3175 3160 3125 3105 3125 3115 3100]
[2900 3025 2750 2740 2695 2715 2805 2695] [3390 3340 3245 3300 3140 3140 3060 3145]
[2735 2595 2855 2865 2945 2950 2935 2665] [3150 3075 3360 3295 3070 2995 3140 3095]
[2940 2840 2865 2875 2980 2845 3150 2590] [3215 3225 3300 3180 3100 3195 3095 3125]
[2655 2845 2700 2780 2820 2780 3095 2800] [3180 3190 3270 3375 3235 3235 3215 3125]
[2865 2810 2805 3030 2815 2775 2650 2940] [3035 3340 3285 3320 3085 3130 3290 3130]
[3100 3085 2845 2820 2850 2860 3015 2800] [3200 3245 3395 3245 3335 3335 3245 3335]
COM3 0 12
1
[2800 2950 2965 2945 2790 2800 2910 2945] [3450 3110 3390 3145 3275 3060 3105 3235]
[3030 2830 2905 2905 2915 2910 2845 2975] [3055 3175 3160 3125 3105 3125 3115 3100]
[2850 2890 2995 2855 2875 2925 2875 3110] [3390 3340 3245 3300 3140 3140 3060 3145]
[2950 2805 3160 2770 2910 2865 2880 3050] [3150 3075 3360 3295 3070 2995 3140 3095]
[2815 3000 3145 2970 3120 3030 3195 2980] [3215 3225 3300 3180 3100 3195 3095 3125]
[3080 2985 3240 2940 2830 3050 2940 2860] [3180 3190 3270 3375 3235 3235 3215 3125]
[2740 2985 2990 2780 3095 2920 2800 2830] [3035 3340 3285 3320 3085 3130 3290 3130]
[2915 3040 2830 2765 3090 3015 3015 3115] [3200 3245 3395 3245 3335 3335 3245 3335]
COM8 1 13
1
[2800 2950 2965 2945 2790 2800 2910 2945] [3070 3040 3290 2990 3210 2985 3000 3025]
[3030 2830 2905 2905 2915 2910 2845 2975] [3220 3085 3095 3130 3120 3250 3055 3075]
[2850 2890 2995 2855 2875 2925 2875 3110] [3035 3080 3025 3040 3115 3095 3095 2810]
[2950 2805 3160 2770 2910 2865 2880 3050] [3010 3145 3110 3080 3145 3025 3180 3185]
[2815 3000 3145 2970 3120 3030 3195 2980] [3210 3285 3235 2825 3225 3165 3150 3210]
[3080 2985 3240 2940 2830 3050 2940 2860] [2945 3170 3135 3290 3065 3055 3205 3195]
[2740 2985 2990 2780 3095 2920 2800 2830] [3250 3155 3205 3035 3175 3185 3055 3095]
[2915 3040 2830 2765 3090 3015 3015 3115] [3540 3380 3175 3465 3295 3200 3330 3380]
COM3 0 14
1
[2730 2750 2875 3075 2775 2785 2950 2885] [3070 3040 3290 2990 3210 2985 3000 3025]
[2785 2995 2800 2970 2805 2865 2805 3085] [3220 3085 3095 3130 3120 3250 3055 3075]
[2980 2960 2985 2740 2865 3055 2805 2785] [3035 3080 3025 3040 3115 3095 3095 2810]
[2770 2950 2955 3075 3010 2955 2920 2720] [3010 3145 3110 3080 3145 3025 3180 3185]
[3165 2955 3100 2880 3090 2750 2990 2995] [3210 3285 3235 2825 3225 3165 3150 3210]
[2715 3005 2985 3175 2820 3020 2975 2690] [2945 3170 3135 3290 3065 3055 3205 3195]
[3000 3015 2895 3050 2900 3025 2975 2795] [3250 3155 3205 3035 3175 3185 3055 3095]
[3195 3070 2805 2950 2935 3080 2790 3050] [3540 3380 3175 3465 3295 3200 3330 3380]
COM8 1 15
1
[2730 2750 2875 3075 2775 2785 2950 2885] [3210 3030 3210 3125 3225 3085 2955 3150]
[2785 2995 2800 2970 2805 2865 2805 3085] [3125 3060 3220 3060 2915 3080 3135 2940]
[2980 2960 2985 2740 2865 3055 2805 2785] [3230 3300 3120 3050 3085 3100 3030 3035]
[2770 2950 2955 3075 3010 2955 2920 2720] [3010 3235 3220 3105 3105 3130 3055 3100]
[3165 2955 3100 2880 3090 2750 2990 2995] [3245 3160 3270 3040 3110 3155 3085 3155]
[2715 3005 2985 3175 2820 3020 2975 2690] [3095 3070 3125 3300 3120 3200 3270 3230]
[3000 3015 2895 3050 2900 3025 2975 2795] [3100 3340 3255 3040 3230 3340 3230 3210]
[3195 3070 2805 2950 2935 3080 2790 3050] [3155 3325 3195 3275 3360 2975 3020 3390]
COM3 0 16
1
[2945 2895 2790 2925 2750 2865 2910 3125] [3210 3030 3210 3125 3225 3085 2955 3150]
[2995 2970 2890 2795 2910 2935 2805 2970] [3125 3060 3220 3060 2915 3080 3135 2940]
[2745 2810 2995 2765 2815 2940 2965 2900] [3230 3300 3120 3050 3085 3100 3030 3035]
[2980 2740 2805 2840 2935 2920 2965 2870] [3010 3235 3220 3105 3105 3130 3055 3100]
[2940 2945 2995 2970 2995 2830 3150 2735] [3245 3160 3270 3040 3110 3155 3085 3155]
[2770 3090 3235 2855 2775 2890 2925 2840] [3095 3070 3125 3300 3120 3200 3270 3230]
[3005 2715 2915 2840 3010 2605 2855 2935] [3100 3340 3255 3040 3230 3340 3230 3210]
[2910 2710 3090 3125 2855 3240 2825 2795] [3155 3325 3195 3275 3360 2975 3020 3390]
COM8 1 17
1
[2945 2895 2790 2925 2750 2865 2910 3125] [3285 3095 3110 3045 3050 3010 3125 3160]
[2995 2970 2890 2795 2910 2935 2805 2970] [3110 3090 3120 3050 3060 3160 3030 3030]
[2745 2810 2995 2765 2815 2940 2965 2900] [2970 3000 3105 2895 3145 3225 2985 2830]
[2980 2740 2805 2840 2935 2920 2965 2870] [3100 2915 3275 3085 3105 3160 3145 2915]
[2940 2945 2995 2970 2995 2830 3150 2735] [3060 3000 3115 3080 3015 2975 3160 3180]
[2770 3090 3235 2855 2775 2890 2925 2840] [3080 3240 3270 3305 3265 3065 3265 3260]
[3005 2715 2915 2840 3010 2605 2855 2935] [3035 3490 3265 3225 3155 3090 3185 3025]
[2910 2710 3090 3125 2855 3240 2825 2795] [3315 3170 3065 3360 2995 3075 3285 3275]
COM3 0 18
1
[2730 2890 2875 2805 2705 2765 2885 2765] [3285 3095 3110 3045 3050 3010 3125 3160]
[3025 2685 3005 2730 2745 2740 2765 2865] [3110 3090 3120 3050 3060 3160 3030 3030]
[2900 2450 2880 2820 2810 2820 2800 2840] [2970 3000 3105 2895 3145 3225 2985 2830]
[2790 2825 2875 2995 2875 2800 2835 2805] [3100 2915 3275 3085 3105 3160 3145 2915]
[2885 2865 2935 2960 2690 2665 3045 3120] [3060 3000 3115 3080 3015 2975 3160 3180]
[2755 2790 2910 2940 2800 2825 2695 2745] [3080 3240 3270 3305 3265 3065 3265 3260]
[2935 3050 2755 2910 2800 3025 2800 2920] [3035 3490 3265 3225 3155 3090 3185 3025]
[2905 2805 2870 2845 2865 2945 2765 2880] [3315 3170 3065 3360 2995 3075 3285 3275]
COM8 1 19
1
[2730 2890 2875 2805 2705 2765 2885 2765] [3350 3095 3200 3090 3110 2925 3055 3075]
[3025 2685 3005 2730 2745 2740 2765 2865] [3080 3085 3020 3010 2970 3115 3125 3030]
[2900 2450 2880 2820 2810 2820 2800 2840] [3180 3015 3155 3025 3165 3095 3060 3040]
[2790 2825 2875 2995 2875 2800 2835 2805] [3090 3225 3110 3015 3105 2950 3090 2885]
[2885 2865 2935 2960 2690 2665 3045 3120] [3040 3155 3215 3035 3095 3120 3135 3280]
[2755 2790 2910 2940 2800 2825 2695 2745] [3030 3190 3070 3130 3145 3255 3200 3175]
[2935 3050 2755 2910 2800 3025 2800 2920] [3315 3190 3175 3325 2875 3075 3185 3090]
[2905 2805 2870 2845 2865 2945 2765 2880] [3370 3280 3335 3185 3105 2975 3205 3205]
COM3 0 20
1
[2800 2650 2940 2980 2805 2900 3020 3120] [3350 3095 3200 3090 3110 2925 3055 3075]
[2900 2895 2810 2900 2970 2995 2910 2905] [3080 3085 3020 3010 2970 3115 3125 3030]
[2905 2795 2985 2800 2810 2915 3040 3020] [3180 3015 3155 3025 3165 3095 3060 3040]
[2805 2775 2955 2975 2980 3015 2970 2845] [3090 3225 3110 3015 3105 2950 3090 2885]
[2940 3035 3000 3095 3010 2780 3045 3130] [3040 3155 3215 3035 3095 3120 3135 3280]
[3070 2945 3120 2960 2835 3080 3140 2965] [3030 3190 3070 3130 3145 3255 3200 3175]
[2885 2790 2815 3205 2805 2965 3095 2785] [3315 3190 3175 3325 2875 3075 3185 3090]
[3165 2835 3155 2905 3270 2945 3340 2990] [3370 3280 3335 3185 3105 2975 3205 3205]
COM8 1 21
1
[2800 2650 2940 2980 2805 2900 3020 3120] [3365 3110 3290 3105 3175 2985 3040 3020]
[2900 2895 2810 2900 2970 2995 2910 2905] [3300 2895 3175 3215 3080 3065 3055 2990]
[2905 2795 2985 2800 2810 2915 3040 3020] [3135 3195 3080 2920 3105 3110 3135 2915]
[2805 2775 2955 2975 2980 3015 2970 2845] [2925 3485 3155 3135 3135 3010 3035 3055]
[2940 3035 3000 3095 3010 2780 3045 3130] [3120 2950 3125 2995 3075 3115 3130 3300]
[3070 2945 3120 2960 2835 3080 3140 2965] [3240 3045 3135 3215 2965 3055 3190 3230]
[2885 2790 2815 3205 2805 2965 3095 2785] [3215 3210 3185 3130 2950 3305 3145 3345]
[3165 2835 3155 2905 3270 2945 3340 2990] [3260 3315 3420 3385 3170 3095 3255 3415]
COM3 0 22
1
[3070 2690 2800 2980 2845 2765 2860 2845] [3365 3110 3290 3105 3175 2985 3040 3020]
[2900 3055 3030 2880 2910 2905 2970 2950] [3300 2895 3175 3215 3080 3065 3055 2990]
[3055 3070 2800 2920 2860 3020 2980 3005] [3135 3195 3080 2920 3105 3110 3135 2915]
[2930 2935 2920 2890 3005 2835 3025 2925] [2925 3485 3155 3135 3135 3010 3035 3055]
[3100 3300 2985 3125 3010 2980 2985 3040] [3120 2950 3125 2995 3075 3115 3130 3300]
[2895 3020 3020 3035 3025 3155 2915 2895] [3240 3045 3135 3215 2965 3055 3190 3230]
[2800 2950 2850 2970 2910 3260 3125 2925] [3215 3210 3185 3130 2950 3305 3145 3345]
[3065 3020 2885 2945 2935 2945 3130 2725] [3260 3315 3420 3385 3170 3095 3255 3415]
COM8 1 23
1
[3070 2690 2800 2980 2845 2765 2860 2845] [3115 2995 3345 2885 2990 3025 2995 3115]
[2900 3055 3030 2880 2910 2905 2970 2950] [3175 3145 3265 3115 3125 3125 2985 3100]
[3055 3070 2800 2920 2860 3020 2980 3005] [3015 3115 3070 3005 3090 3145 3140 2930]
[2930 2935 2920 2890 3005 2835 3025 2925] [3115 3345 3095 3005 3020 2935 3020 3025]
[3100 3300 2985 3125 3010 2980 2985 3040] [3220 3380 3120 2770 3150 3140 3080 3170]
[2895 3020 3020 3035 3025 3155 2915 2895] [3055 3075 3070 3170 3065 3240 3205 3345]
[2800 2950 2850 2970 2910 3260 3125 2925] [3215 3250 3275 3120 3400 3075 3195 3090]
[3065 3020 2885 2945 2935 2945 3130 2725] [3295 3030 3135 3275 3185 3090 3100 3345]
COM3 0 24
1
[2645 2650 2675 2875 2800 2810 2845 2870] [3115 2995 3345 2885 2990 3025 2995 3115]
[2905 2845 2680 2910 2810 2795 2710 2975] [3175 3145 3265 3115 3125 3125 2985 3100]
[2815 2760 2950 2750 2620 2760 2785 2790] [3015 3115 3070 3005 3090 3145 3140 2930]
[2860 2900 2850 2840 2735 2780 2780 2825] [3115 3345 3095 3005 3020 2935 3020 3025]
[2875 2945 2835 2900 3005 2715 2750 3030] [3220 3380 3120 2770 3150 3140 3080 3170]
[2990 2665 2840 2790 2645 2955 2810 2875] [3055 3075 3070 3170 3065 3240 3205 3345]
[3005 3000 2990 2910 2805 3030 2905 2925] [3215 3250 3275 3120 3400 3075 3195 3090]
[3320 3200 2880 2815 2935 2845 3160 2765] [3295 3030 3135 3275 3185 3090 3100 3345]
COM8 1 25
1
[2645 2650 2675 2875 2800 2810 2845 2870] [3155 3105 3060 2905 3310 3095 2930 3055]
[2905 2845 2680 2910 2810 2795 2710 2975] [3000 2950 3150 2965 2950 3105 3020 3050]
[2815 2760 2950 2750 2620 2760 2785 2790] [3255 2980 3140 2930 3180 3000 2945 2945]
[2860 2900 2850 2840 2735 2780 2780 2825] [3320 3330 3225 3155 3070 2975 3220 3050]
[2875 2945 2835 2900 3005 2715 2750 3030] [3185 3165 3315 2925 3070 3125 3045 3085]
[2990 2665 2840 2790 2645 2955 2810 2875] [2985 3065 3325 3295 3115 3120 3110 3165]
[3005 3000 2990 2910 2805 3030 2905 2925] [3240 3320 3380 3365 3145 2890 3065 3295]
[3320 3200 2880 2815 2935 2845 3160 2765] [3310 3095 3065 3145 3180 3125 3215 3365]
COM3 0 26
1
[2950 2740 2945 2950 2910 2875 3020 2895] [3155 3105 3060 2905 3310 3095 2930 3055]
[3065 3115 2940 3040 2970 3020 2805 2975] [3000 2950 3150 2965 2950 3105 3020 3050]
[2890 2935 2800 3005 2900 2930 2900 2905] [3255 2980 3140 2930 3180 3000 2945 2945]
[3000 3050 3020 2935 2875 2910 2895 2845] [3320 3330 3225 3155 3070 2975 3220 3050]
[3140 2965 3115 2950 3010 2950 2990 3040] [3185 3165 3315 2925 3070 3125 3045 3085]
[2990 2920 3025 2905 2675 3090 3150 2895] [2985 3065 3325 3295 3115 3120 3110 3165]
[2765 3335 2945 3205 2805 3295 2995 2895] [3240 3320 3380 3365 3145 2890 3065 3295]
[2945 3245 2715 3110 3095 2945 3345 3025] [3310 3095 3065 3145 3180 3125 3215 3365]
COM8 1 27
1
[2950 2740 2945 2950 2910 2875 3020 2895] [2970 3050 3130 2965 3050 3175 3105 3075]
[3065 3115 2940 3040 2970 3020 2805 2975] [3225 2955 3310 2990 3045 3225 3085 2990]
[2890 2935 2800 3005 2900 2930 2900 2905] [2995 3055 3070 3065 3115 3045 3045 2940]
[3000 3050 3020 2935 2875 2910 2895 2845] [3220 3160 3025 3180 3150 3120 3015 3030]
[3140 2965 3115 2950 3010 2950 2990 3040] [3005 3015 3190 2900 3015 2915 3155 2995]
[2990 2920 3025 2905 2675 3090 3150 2895] [3175 3100 3145 3200 3140 3175 3135 3025]
[2765 3335 2945 3205 2805 3295 2995 2895] [3300 3275 3250 3120 3050 2995 3195 3225]
[2945 3245 2715 3110 3095 2945 3345 3025] [3355 3255 3115 3175 2985 3165 3105 3095]
COM3 0 28
1
[2870 2890 2790 2835 2890 2720 2900 3145] [2970 3050 3130 2965 3050 3175 3105 3075]
[2880 2855 2940 2975 2975 2690 2980 3050] [3225 2955 3310 2990 3045 3225 3085 2990]
[2820 2695 2900 2850 2890 3020 2815 2905] [2995 3055 3070 3065 3115 3045 3045 2940]
[3035 2935 2895 2985 3050 2910 2855 2840] [3220 3160 3025 3180 3150 3120 3015 3030]
[2925 2865 2965 2935 3005 2960 3160 2905] [3005 3015 3190 2900 3015 2915 3155 2995]
[2990 2805 3150 2960 2915 2920 3150 2955] [3175 3100 3145 3200 3140 3175 3135 3025]
[2875 3035 2805 3040 3125 3050 3055 2935] [3300 3275 3250 3120 3050 2995 3195 3225]
[3405 2810 3035 3075 3015 3235 3160 3015] [3355 3255 3115 3175 2985 3165 3105 3095]
COM8 1 29
1
[2870 2890 2790 2835 2890 2720 2900 3145] [2990 3065 3175 3060 3275 2960 3125 3220]
[2880 2855 2940 2975 2975 2690 2980 3050] [3025 3110 3145 3065 3110 3155 3185 2960]
[2820 2695 2900 2850 2890 3020 2815 2905] [3220 3165 3165 3065 3065 3200 3220 2850]
[3035 2935 2895 2985 3050 2910 2855 2840] [3245 3075 3160 3030 2900 3195 3030 3055]
[2925 2865 2965 2935 3005 2960 3160 2905] [3165 3150 3165 2925 3065 3135 3120 3100]
[2990 2805 3150 2960 2915 2920 3150 2955] [3045 3090 3185 3235 3125 3220 3145 3295]
[2875 3035 2805 3040 3125 3050 3055 2935] [3270 3185 3215 3065 3190 3205 3120 3165]
[3405 2810 3035 3075 3015 3235 3160 3015] [3430 3175 3175 3315 3100 3195 3090 3420]
COM3 0 30
1
[2855 2555 2410 2725 2885 2770 2705 2620] [2990 3065 3175 3060 3275 2960 3125 3220]
[2770 2770 2765 2985 2830 2840 2670 2595] [3025 3110 3145 3065 3110 3155 3185 2960]
[2705 2825 2840 2660 2715 2900 2705 2695] [3220 3165 3165 3065 3065 3200 3220 2850]
[2760 2760 3175 2710 2810 2830 2740 2750] [3245 3075 3160 3030 2900 3195 3030 3055]
[2820 2920 2920 2825 2965 2715 2910 2845] [3165 3150 3165 2925 3065 3135 3120 3100]
[2745 2620 2865 2920 3035 2750 2675 2700] [3045 3090 3185 3235 3125 3220 3145 3295]
[3000 2785 2990 2845 2570 2870 2645 2630] [3270 3185 3215 3065 3190 3205 3120 3165]
[2840 2590 2680 2905 2790 2885 2910 2670] [3430 3175 3175 3315 3100 3195 3090 3420]
COM8 1 31
1
[2855 2555 2410 2725 2885 2770 2705 2620] [3120 3085 3340 3100 3065 2965 3045 3255]
[2770 2770 2765 2985 2830 2840 2670 2595] [3210 3035 3020 2900 2980 3135 3055 2935]
[2705 2825 2840 2660 2715 2900 2705 2695] [3085 3165 3095 2975 3025 3070 3095 3095]
[2760 2760 3175 2710 2810 2830 2740 2750] [3240 2975 3240 3315 3065 3015 3210 2985]
[2820 2920 2920 2825 2965 2715 2910 2845] [3010 3295 3270 3010 2995 3135 3090 3035]
[2745 2620 2865 2920 3035 2750 2675 2700] [3040 3100 3105 3115 3040 3055 3195 3140]
[3000 2785 2990 2845 2570 2870 2645 2630] [3150 3240 3235 3165 3255 2970 3330 3225]
[2840 2590 2680 2905 2790 2885 2910 2670] [3125 3160 3395 3140 3335 3415 3225 3045]
COM3 0 32
1
[2825 2915 2975 2940 2955 2900 3140 2995] [3120 3085 3340 3100 3065 2965 3045 3255]
[3145 3060 3110 3060 2870 3045 2950 2960] [3210 3035 3020 2900 2980 3135 3055 2935]
[2850 2950 3070 2920 3000 2940 2905 3005] [3085 3165 3095 2975 3025 3070 3095 3095]
[3135 2915 3085 2995 2970 3015 2950 3035] [3240 2975 3240 3315 3065 3015 3210 2985]
[3275 3005 3310 3045 3130 3200 3205 3210] [3010 3295 3270 3010 2995 3135 3090 3035]
[2935 3160 2940 3070 2945 3075 2945 2705] [3040 3100 3105 3115 3040 3055 3195 3140]
[3080 3040 3425 3210 3090 3030 2985 3025] [3150 3240 3235 3165 3255 2970 3330 3225]
[3045 3035 3255 3100 3135 3050 3270 3540] [3125 3160 3395 3140 3335 3415 3225 3045]
COM8 1 33
1
[2825 2915 2975 2940 2955 2900 3140 2995] [3035 3020 3190 2905 3195 3090 3000 3125]
[3145 3060 3110 3060 2870 3045 2950 2960] [3185 3245 3100 3090 2995 3065 3115 2935]
[2850 2950 3070 2920 3000 2940 2905 3005] [3070 3170 3260 2970 3040 3115 3040 3025]
[3135 2915 3085 2995 2970 3015 2950 3035] [3145 3305 3225 3110 3135 3005 3325 3110]
[3275 3005 3310 3045 3130 3200 3205 3210] [3035 3035 3205 2925 3080 3105 3195 3170]
[2935 3160 2940 3070 2945 3075 2945 2705] [3070 3115 3220 3270 3105 3040 3190 3280]
[3080 3040 3425 3210 3090 3030 2985 3025] [3160 3145 3245 3040 3205 3100 3155 3260]
[3045 3035 3255 3100 3135 3050 3270 3540] [3255 3235 3385 3315 3275 3020 3325 3015]
COM3 0 34
1
[2930 2700 2975 2950 2770 2830 2790 2770] [3035 3020 3190 2905 3195 3090 3000 3125]
[2880 2960 2835 2985 2990 3050 2910 3165] [3185 3245 3100 3090 2995 3065 3115 2935]
[2965 3205 3150 2860 2850 2995 2850 2785] [3070 3170 3260 2970 3040 3115 3040 3025]
[2880 2865 2945 2995 2975 3135 2970 3025] [3145 3305 3225 3110 3135 3005 3325 3110]
[3265 3055 3010 2945 3005 3195 3290 2960] [3035 3035 3205 2925 3080 3105 3195 3170]
[2950 2730 3020 3030 2835 2830 3040 2965] [3070 3115 3220 3270 3105 3040 3190 3280]
[2980 2810 2815 3165 2910 3195 2725 3080] [3160 3145 3245 3040 3205 3100 3155 3260]
[3030 2890 3160 2960 3080 3115 2805 3100] [3255 3235 3385 3315 3275 3020 3325 3015]
COM8 1 35
1
[2930 2700 2975 2950 2770 2830 2790 2770] [3095 3250 3210 2950 3030 3105 3095 3105]
[2880 2960 2835 2985 2990 3050 2910 3165] [3070 3000 3185 2950 3060 3140 3085 2990]
[2965 3205 3150 2860 2850 2995 2850 2785] [3010 3120 3165 3085 3170 3155 3080 3000]
[2880 2865 2945 2995 2975 3135 2970 3025] [3215 3130 3135 3125 3135 3090 3125 3085]
[3265 3055 3010 2945 3005 3195 3290 2960] [3220 3160 3145 2955 2995 2990 3225 3250]
[2950 2730 3020 3030 2835 2830 3040 2965] [2985 3245 3215 3210 3125 3155 3070 3120]
[2980 2810 2815 3165 2910 3195 2725 3080] [3195 3345 3095 3115 3130 3345 3045 3135]
[3030 2890 3160 2960 3080 3115 2805 3100] [3245 3310 3195 3565 3060 3195 3195 3275]
COM3 0 36
1
[2585 2605 2635 2690 2665 2595 2580 2525] [3095 3250 3210 2950 3030 3105 3095 3105]
[2835 2720 2495 2745 2480 2820 2640 2415] [3070 3000 3185 2950 3060 3140 3085 2990]
[2535 2530 2685 2580 2745 2695 2600 2640] [3010 3120 3165 3085 3170 3155 3080 3000]
[2570 2770 2755 2580 2695 2730 2545 2430] [3215 3130 3135 3125 3135 3090 3125 3085]
[2710 2550 2635 2595 2605 2725 2750 2590] [3220 3160 3145 2955 2995 2990 3225 3250]
[2500 2670 2880 2620 2345 2680 2645 2375] [2985 3245 3215 3210 3125 3155 3070 3120]
[2825 2525 2510 2530 2445 2395 2530 2470] [3195 3345 3095 3115 3130 3345 3045 3135]
[2620 2780 2675 2560 2715 2595 2800 2400] [3245 3310 3195 3565 3060 3195 3195 3275]
COM8 1 37
1
[2585 2605 2635 2690 2665 2595 2580 2525] [3075 3125 3020 2990 3145 3075 3135 3035]
[2835 2720 2495 2745 2480 2820 2640 2415] [3150 2925 3140 2955 2815 3100 3070 2970]
[2535 2530 2685 2580 2745 2695 2600 2640] [3115 3125 3200 2945 3155 2995 3045 2940]
[2570 2770 2755 2580 2695 2730 2545 2430] [3245 3270 3010 3110 3175 2985 3205 2900]
[2710 2550 2635 2595 2605 2725 2750 2590] [3005 3395 3190 3035 3120 3090 2910 3155]
[2500 2670 2880 2620 2345 2680 2645 2375] [3085 3105 3295 3170 3085 3275 3105 3085]
[2825 2525 2510 2530 2445 2395 2530 2470] [3050 3205 3325 3345 3065 3170 3190 3080]
[2620 2780 2675 2560 2715 2595 2800 2400] [3120 3295 3305 3070 3120 3265 3215 3205]
COM3 0 38
1
[3010 3015 2790 2815 2940 2925 3000 2985] [3075 3125 3020 2990 3145 3075 3135 3035]
[2765 3225 2860 2785 2975 3045 3020 2885] [3150 2925 3140 2955 2815 3100 3070 2970]
[2980 2890 3070 2850 2910 2940 2905 3005] [3115 3125 3200 2945 3155 2995 3045 2940]
[3190 3015 3015 2975 2800 2925 3070 2895] [3245 3270 3010 3110 3175 2985 3205 2900]
[3185 3050 3015 2925 3165 2805 3195 3240] [3005 3395 3190 3035 3120 3090 2910 3155]
[3055 3210 3170 2955 3065 3090 3210 2850] [3085 3105 3295 3170 3085 3275 3105 3085]
[3160 2985 3145 3300 2990 3310 2870 2810] [3050 3205 3325 3345 3065 3170 3190 3080]
[3125 3220 3235 3345 2885 3110 2970 3090] [3120 3295 3305 3070 3120 3265 3215 3205]
COM8 1 39
1
[3010 3015 2790 2815 2940 2925 3000 2985] [3210 3075 3100 3095 3185 2955 2870 3055]
[2765 3225 2860 2785 2975 3045 3020 2885] [3085 3035 3165 3005 3070 3100 3010 2960]
[2980 2890 3070 2850 2910 2940 2905 3005] [3160 3225 3075 3035 3145 3050 3045 3010]
[3190 3015 3015 2975 2800 2925 3070 2895] [3240 3130 3095 3125 3035 3145 3115 3055]
[3185 3050 3015 2925 3165 2805 3195 3240] [3020 3220 3170 2855 3005 3165 3125 3180]
[3055 3210 3170 2955 3065 3090 3210 2850] [3040 3165 3175 3250 3175 3100 3005 3200]
[3160 2985 3145 3300 2990 3310 2870 2810] [3225 3350 3405 3210 3285 3000 3330 3430]
[3125 3220 3235 3345 2885 3110 2970 3090] [3210 3365 3305 3300 3125 3020 3125 3330]
COM3 0 40
1
[2800 2870 2750 2865 2915 2945 2930 2985] [3210 3075 3100 3095 3185 2955 2870 3055]
[3045 3085 2825 3135 2900 2910 2900 2955] [3085 3035 3165 3005 3070 3100 3010 2960]
[2855 3075 2810 2715 2825 2990 2785 3090] [3160 3225 3075 3035 3145 3050 3045 3010]
[3030 2950 2850 2930 2950 2900 2865 2960] [3240 3130 3095 3125 3035 3145 3115 3055]
[3210 3195 3135 2970 2840 3045 3225 3305] [3020 3220 3170 2855 3005 3165 3125 3180]
[2970 3020 2790 2945 2835 3265 2935 2880] [3040 3165 3175 3250 3175 3100 3005 3200]
[3225 3005 2945 2910 3060 3220 2930 2815] [3225 3350 3405 3210 3285 3000 3330 3430]
[3100 3000 2945 2905 2855 3035 3305 3005] [3210 3365 3305 3300 3125 3020 3125 3330]
COM8 1 41
1
[2800 2870 2750 2865 2915 2945 2930 2985] [3105 2990 3180 3125 3170 3165 3060 3065]
[3045 3085 2825 3135 2900 2910 2900 2955] [3145 2900 3080 2950 3025 3170 3030 2935]
[2855 3075 2810 2715 2825 2990 2785 3090] [3160 3160 3170 3050 3100 3075 3115 2980]
[3030 2950 2850 2930 2950 2900 2865 2960] [3015 3070 3195 3055 3000 3025 3080 2995]
[3210 3195 3135 2970 2840 3045 3225 3305] [3165 3105 3230 3105 3180 2980 3240 3300]
[2970 3020 2790 2945 2835 3265 2935 2880] [3030 3000 3025 3235 3010 3015 3150 3320]
[3225 3005 2945 2910 3060 3220 2930 2815] [3150 3335 3145 3235 2990 3140 3125 3325]
[3100 3000 2945 2905 2855 3035 3305 3005] [3265 3180 3310 3200 3335 3130 3275 3175]
COM3 0 42
1
[2650 2650 2700 2680 2635 2580 2680 2695] [3105 2990 3180 3125 3170 3165 3060 3065]
[2935 2835 2685 2855 2760 2760 2685 2680] [3145 2900 3080 2950 3025 3170 3030 2935]
[2725 2750 2805 2665 2730 2800 2705 2715] [3160 3160 3170 3050 3100 3075 3115 2980]
[2625 2770 2805 2655 2780 2770 2830 2680] [3015 3070 3195 3055 3000 3025 3080 2995]
[2775 2710 2795 2845 2695 2790 2750 2845] [3165 3105 3230 3105 3180 2980 3240 3300]
[2785 2780 2945 2880 2680 2780 2775 2785] [3030 3000 3025 3235 3010 3015 3150 3320]
[2710 2770 2530 2710 2785 2730 2730 2765] [3150 3335 3145 3235 2990 3140 3125 3325]
[2770 2720 2800 2615 2620 2630 2840 2580] [3265 3180 3310 3200 3335 3130 3275 3175]
COM8 1 43
1
[2650 2650 2700 2680 2635 2580 2680 2695] [3265 3110 2995 2975 3220 3140 3015 3060]
[2935 2835 2685 2855 2760 2760 2685 2680] [3115 3090 3115 3170 3015 3145 2970 2960]
[2725 2750 2805 2665 2730 2800 2705 2715] [3230 3205 3120 3090 3050 3020 3005 2990]
[2625 2770 2805 2655 2780 2770 2830 2680] [3075 3055 2950 3065 3045 3000 2955 3105]
[2775 2710 2795 2845 2695 2790 2750 2845] [3190 3370 3140 2970 2935 3210 3100 3140]
[2785 2780 2945 2880 2680 2780 2775 2785] [3020 3260 3150 3260 3080 3040 3095 3015]
[2710 2770 2530 2710 2785 2730 2730 2765] [3175 3275 3180 3235 2995 3155 3140 3240]
[2770 2720 2800 2615 2620 2630 2840 2580] [3235 3205 3295 3425 2985 3150 3140 3305]
COM3 0 44
1
[2730 2540 2515 2790 2670 2600 2625 2665] [3265 3110 2995 2975 3220 3140 3015 3060]
[2790 2680 2675 2835 2735 2740 2730 2750] [3115 3090 3115 3170 3015 3145 2970 2960]
[2605 2740 2730 2655 2715 2760 2750 2830] [3230 3205 3120 3090 3050 3020 3005 2990]
[2640 2750 2805 2690 2700 2875 2785 2675] [3075 3055 2950 3065 3045 3000 2955 3105]
[2715 3045 2700 2810 2760 2715 3040 2705] [3190 3370 3140 2970 2935 3210 3100 3140]
[2605 2770 2950 2765 2875 2650 2955 2665] [3020 3260 3150 3260 3080 3040 3095 3015]
[2930 2830 2810 2780 2900 2710 2625 2745] [3175 3275 3180 3235 2995 3155 3140 3240]
[2805 2685 2950 2820 2725 2605 2735 2625] [3235 3205 3295 3425 2985 3150 3140 3305]
COM8 1 45
1
[2730 2540 2515 2790 2670 2600 2625 2665] [3085 3050 3225 3055 3000 2985 3040 3210]
[2790 2680 2675 2835 2735 2740 2730 2750] [3075 2975 3175 3035 3070 3100 2975 3085]
[2605 2740 2730 2655 2715 2760 2750 2830] [3055 3170 3140 2895 3145 3015 3035 2930]
[2640 2750 2805 2690 2700 2875 2785 2675] [3195 2980 3220 3235 3140 3045 3085 3025]
[2715 3045 2700 2810 2760 2715 3040 2705] [3085 3230 3205 2950 3035 3100 3215 3080]
[2605 2770 2950 2765 2875 2650 2955 2665] [2915 3090 3090 3170 3045 3230 3210 3185]
[2930 2830 2810 2780 2900 2710 2625 2745] [3340 3265 3405 3440 3065 3170 3140 3250]
[2805 2685 2950 2820 2725 2605 2735 2625] [3320 3245 3150 3140 3170 3335 3115 3405]
COM3 0 46
1
[2705 2475 2605 2690 2675 2655 2760 2710] [3085 3050 3225 3055 3000 2985 3040 3210]
[2770 2685 2630 2740 2795 2725 2735 2790] [3075 2975 3175 3035 3070 3100 2975 3085]
[2780 2675 2870 2675 2695 2690 2675 2950] [3055 3170 3140 2895 3145 3015 3035 2930]
[2840 2780 2820 2775 2785 2800 2750 2700] [3195 2980 3220 3235 3140 3045 3085 3025]
[2855 2830 2835 2775 2800 2650 2890 2850] [3085 3230 3205 2950 3035 3100 3215 3080]
[2705 2670 2920 2770 2695 2830 2875 2640] [2915 3090 3090 3170 3045 3230 3210 3185]
[2865 2685 2785 2735 2790 2645 2675 2865] [3340 3265 3405 3440 3065 3170 3140 3250]
[2635 2745 2755 2555 2715 2860 2905 2600] [3320 3245 3150 3140 3170 3335 3115 3405]
COM8 1 47
1
[2705 2475 2605 2690 2675 2655 2760 2710] [3040 3110 3040 2925 3155 3010 3095 3125]
[2770 2685 2630 2740 2795 2725 2735 2790] [3095 3160 3105 3140 2870 3140 3010 3110]
[2780 2675 2870 2675 2695 2690 2675 2950] [3175 3110 3225 3095 3090 2920 3040 3090]
[2840 2780 2820 2775 2785 2800 2750 2700] [3250 3105 3110 2935 3020 3030 3140 2965]
[2855 2830 2835 2775 2800 2650 2890 2850] [3090 3125 3185 2950 3060 3090 3055 3065]
[2705 2670 2920 2770 2695 2830 2875 2640] [3015 3215 2990 3215 2985 3205 3295 3400]
[2865 2685 2785 2735 2790 2645 2675 2865] [3270 3330 3230 3245 3300 3120 3100 3125]
[2635 2745 2755 2555 2715 2860 2905 2600] [3175 3170 3245 3200 2900 2980 3160 3305]
COM3 0 48
1
[2780 2640 2655 2640 2640 2705 2745 2790] [3040 3110 3040 2925 3155 3010 3095 3125]
[2680 2930 2700 2855 2745 2825 2740 2825] [3095 3160 3105 3140 2870 3140 3010 3110]
[2585 2685 2750 2585 2735 2725 2695 2765] [3175 3110 3225 3095 3090 2920 3040 3090]
[2830 2795 2850 2800 2750 2790 2750 2755] [3250 3105 3110 2935 3020 3030 3140 2965]
[2790 2840 2815 2690 2940 2665 2805 2930] [3090 3125 3185 2950 3060 3090 3055 3065]
[2790 2830 2930 2700 2755 2900 2670 2435] [3015 3215 2990 3215 2985 3205 3295 3400]
[2680 2775 2725 2790 2685 2805 2665 2695] [3270 3330 3230 3245 3300 3120 3100 3125]
[2890 2800 2795 2670 2830 2895 2710 2560] [3175 3170 3245 3200 2900 2980 3160 3305]
COM8 1 49
1
[2780 2640 2655 2640 2640 2705 2745 2790] [3295 3070 3175 3045 3185 3060 3125 3040]
[2680 2930 2700 2855 2745 2825 2740 2825] [3230 3115 3215 2970 3075 3140 2970 2815]
[2585 2685 2750 2585 2735 2725 2695 2765] [3180 3200 2895 3125 3165 3095 3070 2915]
[2830 2795 2850 2800 2750 2790 2750 2755] [3290 3200 3125 2975 3085 3050 3190 2925]
[2790 2840 2815 2690 2940 2665 2805 2930] [3055 3000 3095 3070 3090 3035 3255 3100]
[2790 2830 2930 2700 2755 2900 2670 2435] [3035 3190 3215 3160 3070 3180 3075 3190]
[2680 2775 2725 2790 2685 2805 2665 2695] [3250 3310 3230 3170 3165 3345 3125 3170]
[2890 2800 2795 2670 2830 2895 2710 2560] [3110 3170 3450 3440 3115 3025 3145 3105]
COM3 0 50
1
[2795 2685 2590 2630 2600 2710 2755 2745] [3295 3070 3175 3045 3185 3060 3125 3040]
[2795 2905 2750 2800 2755 2935 2760 2785] [3230 3115 3215 2970 3075 3140 2970 2815]
[2705 2790 2805 2760 2800 2855 2770 2895] [3180 3200 2895 3125 3165 3095 3070 2915]
[2745 2710 2845 2810 2845 2830 2790 2785] [3290 3200 3125 2975 3085 3050 3190 2925]
[2835 2660 2840 2860 2840 3025 3070 2750] [3055 3000 3095 3070 3090 3035 3255 3100]
[2805 2945 2800 2770 2700 2810 2870 2905] [3035 3190 3215 3160 3070 3180 3075 3190]
[2875 2555 2730 2935 2740 2735 2660 2920] [3250 3310 3230 3170 3165 3345 3125 3170]
[2750 2755 2835 2755 2740 2675 2805 2835] [3110 3170 3450 3440 3115 3025 3145 3105]
COM8 1 51
1
[2795 2685 2590 2630 2600 2710 2755 2745] [3215 3040 3280 3035 3160 2905 3045 3130]
[2795 2905 2750 2800 2755 2935 2760 2785] [3215 3035 3165 3010 3070 3155 2975 2855]
[2705 2790 2805 2760 2800 2855 2770 2895] [3175 3150 3100 3050 3150 3085 3135 3030]
[2745 2710 2845 2810 2845 2830 2790 2785] [3165 2880 3125 3095 3120 3150 3095 2915]
[2835 2660 2840 2860 2840 3025 3070 2750] [3100 3220 3155 3275 3035 3090 3040 3115]
[2805 2945 2800 2770 2700 2810 2870 2905] [2935 3085 3170 3085 3115 3175 2985 3070]
[2875 2555 2730 2935 2740 2735 2660 2920] [3150 3305 3345 3110 2925 3365 3195 3245]
[2750 2755 2835 2755 2740 2675 2805 2835] [3340 3355 3010 3370 3300 3100 3140 3085]
COM3 0 52
1
[2660 2615 2805 2745 2730 2705 2760 2610] [3215 3040 3280 3035 3160 2905 3045 3130]
[2945 2755 2690 2700 2725 2775 2805 2885] [3215 3035 3165 3010 3070 3155 2975 2855]
[2665 2680 2870 2615 2715 2770 2640 2880] [3175 3150 3100 3050 3150 3085 3135 3030]
[2865 2790 2825 2890 2905 2665 2865 2860] [3165 2880 3125 3095 3120 3150 3095 2915]
[2740 2790 2795 2655 2780 2715 2810 2765] [3100 3220 3155 3275 3035 3090 3040 3115]
[2660 2830 2940 2855 2770 2800 2850 2695] [2935 3085 3170 3085 3115 3175 2985 3070]
[2665 2865 2695 2850 2905 2800 2640 2945] [3150 3305 3345 3110 2925 3365 3195 3245]
[2935 2740 2835 2800 2715 2825 2945 2825] [3340 3355 3010 3370 3300 3100 3140 3085]
COM8 1 53
1
[2660 2615 2805 2745 2730 2705 2760 2610] [3205 3125 3175 3050 3120 3130 3100 3065]
[2945 2755 2690 2700 2725 2775 2805 2885] [3020 3125 3235 3115 3045 3070 3035 3060]
[2665 2680 2870 2615 2715 2770 2640 2880] [3170 3160 3030 3070 3065 2955 3100 2980]
[2865 2790 2825 2890 2905 2665 2865 2860] [3105 3250 3100 3130 3045 2920 3135 3055]
[2740 2790 2795 2655 2780 2715 2810 2765] [3170 3205 3220 2900 3005 3180 3220 3275]
[2660 2830 2940 2855 2770 2800 2850 2695] [2875 3205 3170 3170 3015 3155 3175 3335]
[2665 2865 2695 2850 2905 2800 2640 2945] [3315 3255 3045 3170 3040 3110 3370 3135]
[2935 2740 2835 2800 2715 2825 2945 2825] [3265 3365 3145 3360 3100 3115 3190 3095]
COM3 0 54
1
[2785 2575 2635 2640 2735 2780 2735 2635] [3205 3125 3175 3050 3120 3130 3100 3065]
[2750 2770 2670 2805 2745 2805 2685 2870] [3020 3125 3235 3115 3045 3070 3035 3060]
[2570 2725 2905 2755 2755 2815 2790 2860] [3170 3160 3030 3070 3065 2955 3100 2980]
[2830 2885 2840 2700 2900 2850 2810 2805] [3105 3250 3100 3130 3045 2920 3135 3055]
[2875 2835 2810 2630 2945 2740 2835 2915] [3170 3205 3220 2900 3005 3180 3220 3275]
[2610 2715 2865 2845 2735 2720 2750 2725] [2875 3205 3170 3170 3015 3155 3175 3335]
[2865 2990 2665 2835 2735 2815 2655 2720] [3315 3255 3045 3170 3040 3110 3370 3135]
[2945 2905 2725 2870 2785 2695 2810 2675] [3265 3365 3145 3360 3100 3115 3190 3095]
COM8 1 55
1
[2785 2575 2635 2640 2735 2780 2735 2635] [3145 3010 3275 2965 3015 3160 3025 3020]
[2750 2770 2670 2805 2745 2805 2685 2870] [3085 3015 3150 2960 3110 3130 2950 3115]
[2570 2725 2905 2755 2755 2815 2790 2860] [3170 3075 3105 3185 3030 3120 3080 2835]
[2830 2885 2840 2700 2900 2850 2810 2805] [3220 2980 2950 3140 3100 3055 3075 2880]
[2875 2835 2810 2630 2945 2740 2835 2915] [3075 2955 3200 3050 3170 3010 3205 3125]
[2610 2715 2865 2845 2735 2720 2750 2725] [2925 3045 3090 3115 3055 3250 3165 3105]
[2865 2990 2665 2835 2735 2815 2655 2720] [3360 3255 3270 3155 3125 3135 3215 3210]
[2945 2905 2725 2870 2785 2695 2810 2675] [3345 3155 3350 3285 3150 3210 3005 3055]
COM3 0 56
1
[2615 2600 2735 2795 2615 2730 2705 2675] [3145 3010 3275 2965 3015 3160 3025 3020]
[2765 2780 2775 2880 2770 2810 2750 2780] [3085 3015 3150 2960 3110 3130 2950 3115]
[2550 2805 2790 2675 2730 2800 2770 2775] [3170 3075 3105 3185 3030 3120 3080 2835]
[2770 2815 2860 2795 2710 2785 2820 2710] [3220 2980 2950 3140 3100 3055 3075 2880]
[2780 2890 2850 2660 2785 2815 2855 2740] [3075 2955 3200 3050 3170 3010 3205 3125]
[2755 2945 2805 2800 2695 2955 2935 2775] [2925 3045 3090 3115 3055 3250 3165 3105]
[2935 2795 2900 2975 2915 2800 2800 2715] [3360 3255 3270 3155 3125 3135 3215 3210]
[2950 2605 2810 2705 2790 2800 2655 2675] [3345 3155 3350 3285 3150 3210 3005 3055]
COM8 1 57
1
[2615 2600 2735 2795 2615 2730 2705 2675] [3175 2840 3210 2880 3035 2965 3060 3085]
[2765 2780 2775 2880 2770 2810 2750 2780] [2940 3035 3125 3085 2995 3085 3055 3075]
[2550 2805 2790 2675 2730 2800 2770 2775] [3165 3035 3195 2960 3115 2995 2980 2935]
[2770 2815 2860 2795 2710 2785 2820 2710] [3165 2945 3095 3095 2965 2970 3140 2965]
[2780 2890 2850 2660 2785 2815 2855 2740] [3215 3190 3105 2850 3000 3005 3180 3195]
[2755 2945 2805 2800 2695 2955 2935 2775] [3125 3085 3150 3125 3075 3295 3165 3225]
[2935 2795 2900 2975 2915 2800 2800 2715] [3265 3275 3150 2955 2960 3025 2960 3200]
[2950 2605 2810 2705 2790 2800 2655 2675] [3395 3050 3435 3410 3060 3020 3275 3175]
COM3 0 58
1
[2565 2575 2725 2710 2680 2660 2680 2640] [3175 2840 3210 2880 3035 2965 3060 3085]
[2720 2700 2690 2790 2730 2740 2655 2810] [2940 3035 3125 3085 2995 3085 3055 3075]
[2590 2790 2825 2645 2710 2785 2740 2850] [3165 3035 3195 2960 3115 2995 2980 2935]
[2765 2710 2815 2875 2790 2780 2710 2740] [3165 2945 3095 3095 2965 2970 3140 2965]
[2885 2725 2750 2845 2845 2800 2870 2785] [3215 3190 3105 2850 3000 3005 3180 3195]
[2855 2860 2740 2845 2730 2755 2755 2800] [3125 3085 3150 3125 3075 3295 3165 3225]
[2830 2880 2690 2945 2530 2890 2670 2685] [3265 3275 3150 2955 2960 3025 2960 3200]
[2790 2735 2700 2820 2865 2790 2700 2655] [3395 3050 3435 3410 3060 3020 3275 3175]
COM8 1 59
1
[2565 2575 2725 2710 2680 2660 2680 2640] [3155 3070 3010 2980 3175 3165 3110 3185]
[2720 2700 2690 2790 2730 2740 2655 2810] [3085 3055 3130 2975 3045 3070 2905 2940]
[2590 2790 2825 2645 2710 2785 2740 2850] [3205 2990 3065 2805 3155 3165 3035 2990]
[2765 2710 2815 2875 2790 2780 2710 2740] [3285 3240 3155 3110 3015 3175 3130 2980]
[2885 2725 2750 2845 2845 2800 2870 2785] [3260 3160 3195 2905 2980 3115 3055 3175]
[2855 2860 2740 2845 2730 2755 2755 2800] [3025 3115 3190 3155 3185 3095 3170 3160]
[2830 2880 2690 2945 2530 2890 2670 2685] [3245 3410 3175 3340 3190 3085 3035 3055]
[2790 2735 2700 2820 2865 2790 2700 2655] [3250 3395 3160 3335 3090 3055 3140 3195]
COM3 0 60
1
[2765 2705 2755 2750 2690 2735 2685 2930] [3155 3070 3010 2980 3175 3165 3110 3185]
[2790 2800 2785 2925 2825 2770 2740 2870] [3085 3055 3130 2975 3045 3070 2905 2940]
[2580 2815 2830 2765 2760 2805 2730 2945] [3205 2990 3065 2805 3155 3165 3035 2990]
[2860 2720 2850 2805 2835 2740 2745 2680] [3285 3240 3155 3110 3015 3175 3130 2980]
[2865 2870 2945 2875 2900 2760 2805 2960] [3260 3160 3195 2905 2980 3115 3055 3175]
[2690 2710 2845 2875 2730 2845 2735 2870] [3025 3115 3190 3155 3185 3095 3170 3160]
[3010 2995 2775 2830 2710 2690 2555 2880] [3245 3410 3175 3340 3190 3085 3035 3055]
[3180 2735 2565 2775 2825 2845 2825 2685] [3250 3395 3160 3335 3090 3055 3140 3195]
COM8 1 61
1
[2765 2705 2755 2750 2690 2735 2685 2930] [3015 3055 3095 2960 3120 2975 2930 3130]
[2790 2800 2785 2925 2825 2770 2740 2870] [3120 2910 3325 3055 2965 3135 3025 3055]
[2580 2815 2830 2765 2760 2805 2730 2945] [3170 3145 3205 3120 3100 2990 3205 2960]
[2860 2720 2850 2805 2835 2740 2745 2680] [3195 2905 3210 3155 3075 3030 3075 2980]
[2865 2870 2945 2875 2900 2760 2805 2960] [3155 3035 3250 2975 3035 3040 3260 3240]
[2690 2710 2845 2875 2730 2845 2735 2870] [3180 3110 2955 3095 3040 3170 3235 3190]
[3010 2995 2775 2830 2710 2690 2555 2880] [3265 3160 3305 3270 3185 3085 3155 3260]
[3180 2735 2565 2775 2825 2845 2825 2685] [3345 3090 3190 3365 3235 3150 3165 3250]
COM3 0 62
1
[2775 2520 2745 2815 2735 2655 2870 2675] [3015 3055 3095 2960 3120 2975 2930 3130]
[2735 2830 2735 2780 2770 2770 2770 2835] [3120 2910 3325 3055 2965 3135 3025 3055]
[2675 2935 2745 2835 2720 2875 2755 2740] [3170 3145 3205 3120 3100 2990 3205 2960]
[2740 2730 2900 2750 2895 2820 2775 2840] [3195 2905 3210 3155 3075 3030 3075 2980]
[2995 2840 2790 2785 2860 2835 2925 2810] [3155 3035 3250 2975 3035 3040 3260 3240]
[2755 2675 2825 2905 2765 2695 2810 2790] [3180 3110 2955 3095 3040 3170 3235 3190]
[3015 2795 2855 2865 2745 2805 2690 2805] [3265 3160 3305 3270 3185 3085 3155 3260]
[2945 2955 2620 2795 2885 2885 2870 2760] [3345 3090 3190 3365 3235 3150 3165 3250]
COM8 1 63
1
[2775 2520 2745 2815 2735 2655 2870 2675] [3125 3095 3190 3060 3360 2870 2920 3025]
[2735 2830 2735 2780 2770 2770 2770 2835] [3055 3125 3220 3140 3005 3030 3055 2950]
[2675 2935 2745 2835 2720 2875 2755 2740] [3145 3120 2990 2935 3100 3040 3020 3065]
[2740 2730 2900 2750 2895 2820 2775 2840] [3100 3205 3205 3150 3110 2975 3060 3010]
[2995 2840 2790 2785 2860 2835 2925 2810] [3170 3200 3210 3000 3170 3050 3010 2980]
[2755 2675 2825 2905 2765 2695 2810 2790] [2880 2945 3075 3310 2965 3145 3195 3035]
[3015 2795 2855 2865 2745 2805 2690 2805] [3215 3150 3330 3205 3170 3135 3070 3240]
[2945 2955 2620 2795 2885 2885 2870 2760] [3285 3040 3145 3055 3210 3055 3335 3105]
COM3 0 64
1
[2765 2645 2635 2790 2775 2630 2685 2605] [3125 3095 3190 3060 3360 2870 2920 3025]
[2790 2725 2630 2780 2745 2775 2770 2800] [3055 3125 3220 3140 3005 3030 3055 2950]
[2505 2850 2750 2715 2735 2845 2805 2715] [3145 3120 2990 2935 3100 3040 3020 3065]
[2625 2775 2795 2710 2775 2810 2790 2800] [3100 3205 3205 3150 3110 2975 3060 3010]
[2755 2855 2795 2795 2785 2840 2775 2680] [3170 3200 3210 3000 3170 3050 3010 2980]
[2640 2855 2710 2790 2625 2735 2845 2715] [2880 2945 3075 3310 2965 3145 3195 3035]
[2820 2990 2660 2650 2825 2710 2680 2815] [3215 3150 3330 3205 3170 3135 3070 3240]
[3005 2685 2895 2765 2890 2770 2870 2680] [3285 3040 3145 3055 3210 3055 3335 3105]
COM8 1 65
1
[2765 2645 2635 2790 2775 2630 2685 2605] [3125 2930 3200 3090 3180 2955 3035 3150]
[2790 2725 2630 2780 2745 2775 2770 2800] [3075 3075 3310 3010 3155 3070 3050 2940]
[2505 2850 2750 2715 2735 2845 2805 2715] [3150 3055 3070 3015 3145 3085 3140 2930]
[2625 2775 2795 2710 2775 2810 2790 2800] [3150 2940 3210 3170 3080 3050 3110 3115]
[2755 2855 2795 2795 2785 2840 2775 2680] [3225 3130 3100 2900 3185 3070 3295 3270]
[2640 2855 2710 2790 2625 2735 2845 2715] [2965 3230 3190 3165 2945 3150 3195 3125]
[2820 2990 2660 2650 2825 2710 2680 2815] [3050 3420 3340 3110 3160 3380 3050 3300]
[3005 2685 2895 2765 2890 2770 2870 2680] [3190 3340 3375 3375 3280 2840 3080 3205]