COM3 0 6
3
[2925 2725 2955 2880 2800 2870 2915 2765] [2990 3080 2270 2025 1955 1885 1995 2030]
[2985 3110 2820 2910 2905 2925 3025 2750] [3070 2945 2420 1905 1710 1725 1735 1695]
[2875 2990 3015 2960 2905 3050 2860 2910] [2755 2970 2420 1985 1695 1605 1705 1640]
[2785 3035 2920 2910 2890 2900 2780 2840] [2940 2730 2430 1850 1590 1615 1675 1660]
[3275 3000 2895 2960 3315 2850 3100 3130] [2980 2625 2265 1735 1580 1650 1815 1810]
[2895 2985 3125 3125 2820 2985 2985 2980] [2870 2695 2230 2015 1635 1645 1885 1800]
[3115 3035 3020 3060 2735 2960 2985 2920] [2780 2950 2085 1835 1645 1575 1755 1905]
[3045 3055 2975 2835 2970 2970 3140 2935] [3190 2660 2390 1745 1670 1630 1665 1800]
COM8 1 7
3
[2925 2725 2955 2880 2800 2870 2915 2765] [3225 2925 2580 2400 2195 2135 2290 2275]
[2985 3110 2820 2910 2905 2925 3025 2750] [3280 3105 2760 2155 2170 2120 2065 2000]
[2875 2990 3015 2960 2905 3050 2860 2910] [3250 2975 2660 2230 2030 1945 2040 2000]
[2785 3035 2920 2910 2890 2900 2780 2840] [3315 2800 2555 2105 1915 2090 1985 1900]
[3275 3000 2895 2960 3315 2850 3100 3130] [3150 3075 2530 2020 2010 2010 2000 2005]
[2895 2985 3125 3125 2820 2985 2985 2980] [3235 3115 2445 2235 2020 2040 2110 2135]
[3115 3035 3020 3060 2735 2960 2985 2920] [3415 3245 2565 2295 2025 1925 2035 2120]
[3045 3055 2975 2835 2970 2970 3140 2935] [3505 3160 2420 2240 1960 1735 2050 2120]
COM3 0 8
3
[2975 2870 3000 2825 3000 2815 2920 2830] [3225 2925 2580 2400 2195 2135 2290 2275]
[2955 2905 2945 3010 2795 2975 2935 2810] [3280 3105 2760 2155 2170 2120 2065 2000]
[2990 2795 2960 2910 2885 2925 2940 2875] [3250 2975 2660 2230 2030 1945 2040 2000]
[2880 2910 3000 2995 3030 2855 3055 2900] [3315 2800 2555 2105 1915 2090 1985 1900]
[2970 2975 3125 2815 3000 2905 3080 3055] [3150 3075 2530 2020 2010 2010 2000 2005]
[2830 3050 3175 3090 2960 3120 2865 2920] [3235 3115 2445 2235 2020 2040 2110 2135]
[3035 3085 3180 3075 3130 3040 2770 2925] [3415 3245 2565 2295 2025 1925 2035 2120]
[3070 2905 3040 2990 2840 2980 3020 3050] [3505 3160 2420 2240 1960 1735 2050 2120]
COM8 1 9
3
[2975 2870 3000 2825 3000 2815 2920 2830] [3055 3020 2630 2220 2060 2050 2195 2150]
[2955 2905 2945 3010 2795 2975 2935 2810] [3070 3105 2755 2200 1980 1975 2040 1960]
[2990 2795 2960 2910 2885 2925 2940 2875] [3115 2960 2545 2125 2150 1945 2025 1915]
[2880 2910 3000 2995 3030 2855 3055 2900] [3360 3075 2505 2020 1855 1825 2025 1930]
[2970 2975 3125 2815 3000 2905 3080 3055] [3270 3150 2485 1970 1875 1845 1965 2055]
[2830 3050 3175 3090 2960 3120 2865 2920] [2945 2880 2495 2220 1925 2000 2005 1895]
[3035 3085 3180 3075 3130 3040 2770 2925] [3365 3065 2575 2145 1880 2005 1965 2065]
[3070 2905 3040 2990 2840 2980 3020 3050] [3250 3125 2495 2205 1965 2015 2055 2050]
COM3 0 10
3
[2735 2665 2840 2740 2820 2665 2935 2795] [3055 3020 2630 2220 2060 2050 2195 2150]
[2895 2765 2695 2750 2910 2740 2790 2890] [3070 3105 2755 2200 1980 1975 2040 1960]
[2785 2680 2770 2775 2805 2975 2720 2865] [3115 2960 2545 2125 2150 1945 2025 1915]
[2755 2850 2950 2845 2840 2900 2920 2880] [3360 3075 2505 2020 1855 1825 2025 1930]
[2825 2935 2975 2875 2915 2780 2840 2780] [3270 3150 2485 1970 1875 1845 1965 2055]
[2900 2915 3150 2945 2870 2845 2835 2895] [2945 2880 2495 2220 1925 2000 2005 1895]
[2905 2795 2655 2840 2845 2900 2790 3025] [3365 3065 2575 2145 1880 2005 1965 2065]
[2880 3000 3085 2965 2975 2970 2985 2935] [3250 3125 2495 2205 1965 2015 2055 2050]
COM8 1 11
3
[2735 2665 2840 2740 2820 2665 2935 2795] [3090 3050 2530 2350 2080 1975 2255 2310]
[2895 2765 2695 2750 2910 2740 2790 2890] [2985 3100 2650 2210 1945 2105 2055 2000]
[2785 2680 2770 2775 2805 2975 2720 2865] [3060 2990 2710 2230 2065 1905 1865 1940]
[2755 2850 2950 2845 2840 2900 2920 2880] [3190 2735 2505 2160 1885 1885 1990 1860]
[2825 2935 2975 2875 2915 2780 2840 2780] [2935 2965 2540 2060 1950 2005 2015 1985]
[2900 2915 3150 2945 2870 2845 2835 2895] [3030 2980 2565 2280 1925 1890 2125 2080]
[2905 2795 2655 2840 2845 2900 2790 3025] [3180 2970 2635 2255 1920 2010 2010 2120]
[2880 3000 3085 2965 2975 2970 2985 2935] [3085 2975 2625 2345 1855 1775 2050 2025]
COM3 0 12
3
[2965 2950 2740 3120 2965 2960 3085 3035] [3090 3050 2530 2350 2080 1975 2255 2310]
[3150 2935 3115 3085 2940 2855 2985 2915] [2985 3100 2650 2210 1945 2105 2055 2000]
[2875 2965 2985 2865 2980 3075 3040 2930] [3060 2990 2710 2230 2065 1905 1865 1940]
[3065 3195 3105 3020 3030 3085 3070 3095] [3190 2735 2505 2160 1885 1885 1990 1860]
[3210 3045 3125 3065 2990 2840 3080 3015] [2935 2965 2540 2060 1950 2005 2015 1985]
[2925 3050 3155 3145 2870 2995 3065 2965] [3030 2980 2565 2280 1925 1890 2125 2080]
[3165 2945 3135 2940 2950 2945 2880 2775] [3180 2970 2635 2255 1920 2010 2010 2120]
[3380 3215 3160 2975 3055 3150 3040 2995] [3085 2975 2625 2345 1855 1775 2050 2025]
COM8 1 13
3
[2965 2950 2740 3120 2965 2960 3085 3035] [3290 3075 2845 2325 2170 2080 2225 2320]
[3150 2935 3115 3085 2940 2855 2985 2915] [3145 2935 2670 2180 2015 1975 2120 1920]
[2875 2965 2985 2865 2980 3075 3040 2930] [3295 3050 2530 2200 2090 1920 2010 1965]
[3065 3195 3105 3020 3030 3085 3070 3095] [3275 2830 2480 2180 1965 1975 2045 1980]
[3210 3045 3125 3065 2990 2840 3080 3015] [3320 3185 2510 2035 1920 2050 2095 2080]
[2925 3050 3155 3145 2870 2995 3065 2965] [3090 3095 2440 2085 1885 1945 2005 2095]
[3165 2945 3135 2940 2950 2945 2880 2775] [3100 3075 2630 2205 1995 1835 1970 2025]
[3380 3215 3160 2975 3055 3150 3040 2995] [3325 2915 2565 2385 2025 1900 1925 2095]
COM3 0 14
3
[3010 2860 2745 2745 2895 2730 2900 2955] [3290 3075 2845 2325 2170 2080 2225 2320]
[3070 2960 2835 2760 2990 2855 3005 2840] [3145 2935 2670 2180 2015 1975 2120 1920]
[2845 2675 2760 3090 2795 2800 2945 2840] [3295 3050 2530 2200 2090 1920 2010 1965]
[3050 2975 3005 2880 3015 3045 3010 2855] [3275 2830 2480 2180 1965 1975 2045 1980]
[3040 2945 3170 2965 2930 2805 2995 2980] [3320 3185 2510 2035 1920 2050 2095 2080]
[3000 3015 3010 3120 2750 2835 3075 2840] [3090 3095 2440 2085 1885 1945 2005 2095]
[2810 3195 3025 2900 3115 3050 2795 2920] [3100 3075 2630 2205 1995 1835 1970 2025]
[2990 2880 2990 3085 2830 2985 3225 3160] [3325 2915 2565 2385 2025 1900 1925 2095]
COM8 1 15
3
[3010 2860 2745 2745 2895 2730 2900 2955] [3195 2945 2680 2345 2345 2130 2320 2335]
[3070 2960 2835 2760 2990 2855 3005 2840] [3085 3015 2715 2130 1930 2115 1970 1920]
[2845 2675 2760 3090 2795 2800 2945 2840] [3255 3055 2580 2300 1995 1935 1955 1945]
[3050 2975 3005 2880 3015 3045 3010 2855] [3280 2905 2740 2150 1865 1915 1855 1970]
[3040 2945 3170 2965 2930 2805 2995 2980] [3230 3035 2485 1940 1875 1965 1985 2035]
[3000 3015 3010 3120 2750 2835 3075 2840] [3230 2975 2465 2350 2055 1955 1980 2100]
[2810 3195 3025 2900 3115 3050 2795 2920] [3200 2945 2510 2085 1960 1945 2105 2085]
[2990 2880 2990 3085 2830 2985 3225 3160] [3355 3020 2640 2280 2200 1860 1990 2135]
COM3 0 16
3
[2765 2585 2680 2810 2670 2915 2750 2805] [3195 2945 2680 2345 2345 2130 2320 2335]
[2845 2980 2645 2835 2725 2925 2845 2990] [3085 3015 2715 2130 1930 2115 1970 1920]
[2635 2685 2730 2800 2645 2930 2920 2935] [3255 3055 2580 2300 1995 1935 1955 1945]
[2785 2785 2895 2740 2960 2810 2885 2705] [3280 2905 2740 2150 1865 1915 1855 1970]
[2895 2750 2780 2855 2805 2580 3010 3125] [3230 3035 2485 1940 1875 1965 1985 2035]
[2830 2935 2955 2895 2735 2815 2935 2740] [3230 2975 2465 2350 2055 1955 1980 2100]
[2780 2870 2840 2925 2830 2860 2920 2970] [3200 2945 2510 2085 1960 1945 2105 2085]
[2785 3145 2975 2995 2940 2985 3145 3055] [3355 3020 2640 2280 2200 1860 1990 2135]
COM8 1 17
3
[2765 2585 2680 2810 2670 2915 2750 2805] [3045 2860 2545 2080 2130 2075 2275 2270]
[2845 2980 2645 2835 2725 2925 2845 2990] [3040 2865 2620 2130 2025 1995 1920 1945]
[2635 2685 2730 2800 2645 2930 2920 2935] [2935 2870 2460 2125 1965 1840 1875 1895]
[2785 2785 2895 2740 2960 2810 2885 2705] [3100 3030 2470 2180 1725 1875 1920 1950]
[2895 2750 2780 2855 2805 2580 3010 3125] [2885 2830 2550 1920 1835 1845 2005 1950]
[2830 2935 2955 2895 2735 2815 2935 2740] [3045 2790 2375 2185 1880 1905 2015 1865]
[2780 2870 2840 2925 2830 2860 2920 2970] [3040 2970 2540 2070 1860 1925 2005 2175]
[2785 3145 2975 2995 2940 2985 3145 3055] [3345 2720 2495 2105 1900 1700 1880 2065]
COM3 0 18
3
[2660 2580 2795 2870 2780 2620 2785 2805] [3045 2860 2545 2080 2130 2075 2275 2270]
[2755 2840 2510 2735 2745 2705 2695 2740] [3040 2865 2620 2130 2025 1995 1920 1945]
[2715 2645 2835 2765 2635 2790 2855 2840] [2935 2870 2460 2125 1965 1840 1875 1895]
[2670 2990 2790 2775 2900 2875 2770 2815] [3100 3030 2470 2180 1725 1875 1920 1950]
[3090 2835 2845 2875 2935 2780 2955 2815] [2885 2830 2550 1920 1835 1845 2005 1950]
[2670 2885 2955 2995 2630 2870 3040 2900] [3045 2790 2375 2185 1880 1905 2015 1865]
[2760 2770 2720 2945 2800 3000 2790 2960] [3040 2970 2540 2070 1860 1925 2005 2175]
[3050 3075 2970 2735 2985 2990 2885 2675] [3345 2720 2495 2105 1900 1700 1880 2065]
COM8 1 19
3
[2660 2580 2795 2870 2780 2620 2785 2805] [3235 3110 2645 2345 2145 2185 2315 2225]
[2755 2840 2510 2735 2745 2705 2695 2740] [3150 2945 2640 2200 1900 2040 1980 1950]
[2715 2645 2835 2765 2635 2790 2855 2840] [3340 2950 2460 2075 2125 1875 1805 1980]
[2670 2990 2790 2775 2900 2875 2770 2815] [3005 3220 2555 2080 1985 1985 2010 1950]
[3090 2835 2845 2875 2935 2780 2955 2815] [3320 2965 2520 2130 1905 1985 1945 2005]
[2670 2885 2955 2995 2630 2870 3040 2900] [3040 2885 2500 2285 1955 1960 1915 1920]
[2760 2770 2720 2945 2800 3000 2790 2960] [3295 3075 2620 2200 1965 1905 1955 2200]
[3050 3075 2970 2735 2985 2990 2885 2675] [3275 3315 2660 2215 1920 2025 2005 2105]
COM3 0 20
3
[2690 2625 2680 2705 2835 2555 2695 2780] [3235 3110 2645 2345 2145 2185 2315 2225]
[2710 2800 2545 2690 2760 2820 2620 2945] [3150 2945 2640 2200 1900 2040 1980 1950]
[2565 2620 2725 2705 2705 2685 2845 2840] [3340 2950 2460 2075 2125 1875 1805 1980]
[2730 2575 2860 2750 2865 2920 2795 2640] [3005 3220 2555 2080 1985 1985 2010 1950]
[2950 2925 2740 2665 2855 2730 3105 2715] [3320 2965 2520 2130 1905 1985 1945 2005]
[2855 2800 2785 2755 2780 2950 2935 2950] [3040 2885 2500 2285 1955 1960 1915 1920]
[2650 2750 2485 2835 2765 2735 2680 2945] [3295 3075 2620 2200 1965 1905 1955 2200]
[2710 3065 2770 2670 2630 2680 2870 2855] [3275 3315 2660 2215 1920 2025 2005 2105]
COM8 1 21
3
[2690 2625 2680 2705 2835 2555 2695 2780] [3385 2985 2690 2330 2335 2210 2145 2320]
[2710 2800 2545 2690 2760 2820 2620 2945] [3395 3165 2760 2205 1960 2040 2130 1950]
[2565 2620 2725 2705 2705 2685 2845 2840] [2995 2965 2570 2135 2020 1935 2010 1895]
[2730 2575 2860 2750 2865 2920 2795 2640] [3335 3325 2620 2160 2030 1870 2035 1970]
[2950 2925 2740 2665 2855 2730 3105 2715] [3280 2795 2525 2095 1980 1915 1980 1985]
[2855 2800 2785 2755 2780 2950 2935 2950] [3010 3125 2490 2245 1965 1915 1965 2100]
[2650 2750 2485 2835 2765 2735 2680 2945] [3215 2975 2670 2195 2020 1965 1920 2025]
[2710 3065 2770 2670 2630 2680 2870 2855] [3275 2785 2530 2260 1965 2025 1945 2105]
COM3 0 22
3
[2715 2655 2665 2835 2590 2610 2875 2725] [3385 2985 2690 2330 2335 2210 2145 2320]
[2870 2850 2710 2585 2735 2710 2770 2905] [3395 3165 2760 2205 1960 2040 2130 1950]
[2665 2775 2815 2670 2570 2625 2560 2935] [2995 2965 2570 2135 2020 1935 2010 1895]
[2680 2745 2715 2785 2745 2755 2840 2815] [3335 3325 2620 2160 2030 1870 2035 1970]
[2840 2700 2770 2715 2765 2820 2785 3015] [3280 2795 2525 2095 1980 1915 1980 1985]
[2850 2855 2900 2720 2750 2880 2965 2900] [3010 3125 2490 2245 1965 1915 1965 2100]
[2590 3025 2860 2875 2955 2820 2615 2875] [3215 2975 2670 2195 2020 1965 1920 2025]
[3065 2910 2990 2640 2575 2735 3065 2785] [3275 2785 2530 2260 1965 2025 1945 2105]
COM8 1 23
3
[2715 2655 2665 2835 2590 2610 2875 2725] [3265 3080 2840 2285 2170 1985 2080 2335]
[2870 2850 2710 2585 2735 2710 2770 2905] [3045 2945 2570 2105 1950 2105 2110 1855]
[2665 2775 2815 2670 2570 2625 2560 2935] [3060 3100 2645 2190 2035 1935 2025 1900]
[2680 2745 2715 2785 2745 2755 2840 2815] [3040 3185 2625 2315 1940 1835 1985 1940]
[2840 2700 2770 2715 2765 2820 2785 3015] [3225 2970 2495 2035 1920 1940 2000 2070]
[2850 2855 2900 2720 2750 2880 2965 2900] [3280 2870 2520 2260 1905 1920 2075 2100]
[2590 3025 2860 2875 2955 2820 2615 2875] [3335 2955 2680 2105 2020 1940 1940 2095]
[3065 2910 2990 2640 2575 2735 3065 2785] [2960 3025 2580 2275 2010 2015 2060 2115]
COM3 0 24
3
[3005 2865 2990 2980 2985 2950 3100 2880] [3265 3080 2840 2285 2170 1985 2080 2335]
[2935 3150 2980 3130 3005 3020 2940 2935] [3045 2945 2570 2105 1950 2105 2110 1855]
[2910 3085 3330 3040 2975 2950 3040 2930] [3060 3100 2645 2190 2035 1935 2025 1900]
[3350 3060 3095 3195 3080 3205 2985 2725] [3040 3185 2625 2315 1940 1835 1985 1940]
[3150 3020 3170 3115 3290 3035 3220 3075] [3225 2970 2495 2035 1920 1940 2000 2070]
[3300 3165 3210 3225 3015 3070 3045 3045] [3280 2870 2520 2260 1905 1920 2075 2100]
[3275 3275 3165 3300 3075 2970 2750 2965] [3335 2955 2680 2105 2020 1940 1940 2095]
[3405 3390 3185 2995 3105 3080 3055 2935] [2960 3025 2580 2275 2010 2015 2060 2115]
COM8 1 25
3
[3005 2865 2990 2980 2985 2950 3100 2880] [3135 2915 2640 2220 2160 2050 2315 2335]
[2935 3150 2980 3130 3005 3020 2940 2935] [2840 2930 2520 2120 1860 1975 2150 1985]
[2910 3085 3330 3040 2975 2950 3040 2930] [3175 3045 2380 2035 2120 1920 1820 1915]
[3350 3060 3095 3195 3080 3205 2985 2725] [3215 3050 2505 2145 1840 1820 1895 1850]
[3150 3020 3170 3115 3290 3035 3220 3075] [3160 3110 2410 2060 1935 2005 1960 1950]
[3300 3165 3210 3225 3015 3070 3045 3045] [3070 2775 2270 2145 1935 1920 1885 2075]
[3275 3275 3165 3300 3075 2970 2750 2965] [3285 3145 2485 2040 2015 1960 1920 2070]
[3405 3390 3185 2995 3105 3080 3055 2935] [3455 2970 2480 2265 1920 1835 2030 2075]
COM3 0 26
3
[2825 2750 3100 2865 2865 2870 2920 2980] [3135 2915 2640 2220 2160 2050 2315 2335]
[3005 3005 2935 3005 2890 2970 2945 2815] [2840 2930 2520 2120 1860 1975 2150 1985]
[2925 2910 2965 2865 2965 2950 3015 3120] [3175 3045 2380 2035 2120 1920 1820 1915]
[3145 2925 2995 2930 3025 2955 2905 2965] [3215 3050 2505 2145 1840 1820 1895 1850]
[3065 2910 2950 2900 3015 3065 3025 3010] [3160 3110 2410 2060 1935 2005 1960 1950]
[3085 3130 3040 2805 2945 2950 2925 2985] [3070 2775 2270 2145 1935 1920 1885 2075]
[3040 3120 2845 2995 2910 2985 3025 3140] [3285 3145 2485 2040 2015 1960 1920 2070]
[3270 3170 3060 3000 3070 3065 3150 3020] [3455 2970 2480 2265 1920 1835 2030 2075]
COM8 1 27
3
[2825 2750 3100 2865 2865 2870 2920 2980] [3415 3000 2725 2315 2255 2175 2320 2330]
[3005 3005 2935 3005 2890 2970 2945 2815] [3085 2945 2905 2335 1985 2140 2120 2115]
[2925 2910 2965 2865 2965 2950 3015 3120] [3470 3065 2805 2135 1975 1955 2120 2085]
[3145 2925 2995 2930 3025 2955 2905 2965] [2940 3260 2520 2255 2060 1895 1935 2045]
[3065 2910 2950 2900 3015 3065 3025 3010] [3410 2970 2785 2150 2035 2010 1975 1955]
[3085 3130 3040 2805 2945 2950 2925 2985] [3240 3035 2445 2230 1995 2020 2060 2120]
[3040 3120 2845 2995 2910 2985 3025 3140] [3100 2920 2640 2240 2025 1935 2000 2175]
[3270 3170 3060 3000 3070 3065 3150 3020] [3545 3020 2645 2370 1935 2025 2055 2195]
COM3 0 28
3
[2620 2580 2480 2565 2510 2645 2800 2855] [3415 3000 2725 2315 2255 2175 2320 2330]
[2620 2730 2635 2600 2540 2630 2615 2775] [3085 2945 2905 2335 1985 2140 2120 2115]
[2615 2775 2800 2515 2455 2520 2785 2695] [3470 3065 2805 2135 1975 1955 2120 2085]
[2785 2560 2685 2610 2580 2805 2700 2700] [2940 3260 2520 2255 2060 1895 1935 2045]
[2735 2520 2705 2635 2800 2660 3000 2990] [3410 2970 2785 2150 2035 2010 1975 1955]
[2755 2625 2895 2725 2700 2600 2750 2710] [3240 3035 2445 2230 1995 2020 2060 2120]
[2890 2650 2640 2795 2510 2590 2595 2970] [3100 2920 2640 2240 2025 1935 2000 2175]
[2995 2705 2880 2735 2830 2905 2915 3090] [3545 3020 2645 2370 1935 2025 2055 2195]
COM8 1 29
3
[2620 2580 2480 2565 2510 2645 2800 2855] [3290 3030 2700 2350 2300 2110 2265 2270]
[2620 2730 2635 2600 2540 2630 2615 2775] [3145 2900 2590 2115 1985 2005 1915 1980]
[2615 2775 2800 2515 2455 2520 2785 2695] [2995 2990 2620 2135 2040 1910 1925 2095]
[2785 2560 2685 2610 2580 2805 2700 2700] [3180 3075 2600 2110 1940 1850 2050 2020]
[2735 2520 2705 2635 2800 2660 3000 2990] [3245 2955 2465 2130 2010 1965 2055 1985]
[2755 2625 2895 2725 2700 2600 2750 2710] [2940 2785 2440 2000 1925 1975 2125 2045]
[2890 2650 2640 2795 2510 2590 2595 2970] [3255 3075 2485 2005 1880 2015 1935 2370]
[2995 2705 2880 2735 2830 2905 2915 3090] [3270 3085 2590 2200 1900 1965 2000 2145]
COM3 0 30
3
[2745 2735 2675 2695 2820 2685 2680 2640] [3290 3030 2700 2350 2300 2110 2265 2270]
[2895 2845 2760 2720 2725 2735 2945 2825] [3145 2900 2590 2115 1985 2005 1915 1980]
[2665 2720 2845 2825 2750 2890 2905 2950] [2995 2990 2620 2135 2040 1910 1925 2095]
[2880 2700 2805 2805 2730 2710 2815 2790] [3180 3075 2600 2110 1940 1850 2050 2020]
[2945 2965 2890 2690 2865 2810 2840 2905] [3245 2955 2465 2130 2010 1965 2055 1985]
[3025 2835 2850 2830 2810 2895 2835 2800] [2940 2785 2440 2000 1925 1975 2125 2045]
[2885 2895 2625 2945 2790 2775 2620 3095] [3255 3075 2485 2005 1880 2015 1935 2370]
[3125 3205 2985 2905 2965 2925 3065 2750] [3270 3085 2590 2200 1900 1965 2000 2145]
COM8 1 31
3
[2745 2735 2675 2695 2820 2685 2680 2640] [3295 3035 2555 2330 2305 2210 2160 2350]
[2895 2845 2760 2720 2725 2735 2945 2825] [3265 3105 2805 2320 2115 2125 2035 2005]
[2665 2720 2845 2825 2750 2890 2905 2950] [3365 2980 2560 2270 2170 1825 2065 1855]
[2880 2700 2805 2805 2730 2710 2815 2790] [3350 3180 2585 2135 2005 1855 1915 1990]
[2945 2965 2890 2690 2865 2810 2840 2905] [3100 2920 2595 2055 2030 1995 1985 2050]
[3025 2835 2850 2830 2810 2895 2835 2800] [3190 3025 2520 2175 2020 2035 2105 1935]
[2885 2895 2625 2945 2790 2775 2620 3095] [3235 3330 2615 2125 2210 2070 2065 1990]
[3125 3205 2985 2905 2965 2925 3065 2750] [3375 2840 2710 2475 2150 1935 2115 2135]
COM3 0 32
3
[3000 2955 2680 2915 2915 2830 2885 2945] [3295 3035 2555 2330 2305 2210 2160 2350]
[3055 3125 3040 2920 2905 2980 2990 3000] [3265 3105 2805 2320 2115 2125 2035 2005]
[2775 3115 3185 2870 2965 2975 2945 2965] [3365 2980 2560 2270 2170 1825 2065 1855]
[3055 2995 3025 2955 3165 2955 2895 2940] [3350 3180 2585 2135 2005 1855 1915 1990]
[2975 3045 2870 2910 2905 3185 3170 3040] [3100 2920 2595 2055 2030 1995 1985 2050]
[3000 2950 3160 2995 3050 3055 3075 2990] [3190 3025 2520 2175 2020 2035 2105 1935]
[3025 3200 3120 3155 2950 2995 2835 2900] [3235 3330 2615 2125 2210 2070 2065 1990]
[2990 3390 3065 3060 3055 3055 3215 3035] [3375 2840 2710 2475 2150 1935 2115 2135]
COM8 1 33
3
[3000 2955 2680 2915 2915 2830 2885 2945] [3280 3110 2765 2275 2275 2225 2280 2240]
[3055 3125 3040 2920 2905 2980 2990 3000] [3300 2935 2750 2190 2145 2165 2170 2100]
[2775 3115 3185 2870 2965 2975 2945 2965] [3375 2925 2725 2185 2180 1925 2125 1985]
[3055 2995 3025 2955 3165 2955 2895 2940] [2965 2965 2480 2140 2080 1860 1990 2000]
[2975 3045 2870 2910 2905 3185 3170 3040] [3325 3075 2490 2000 2030 1885 2045 2115]
[3000 2950 3160 2995 3050 3055 3075 2990] [3160 2970 2585 2095 2010 1925 2060 2030]
[3025 3200 3120 3155 2950 2995 2835 2900] [3370 3070 2755 2240 2020 1965 2010 2100]
[2990 3390 3065 3060 3055 3055 3215 3035] [3485 3160 2535 2320 1885 2020 2080 2320]
COM3 0 34
3
[2765 2640 2890 2895 2975 2900 2960 2855] [3280 3110 2765 2275 2275 2225 2280 2240]
[2905 2930 2830 3015 2745 2980 2940 2855] [3300 2935 2750 2190 2145 2165 2170 2100]
[2710 2810 3005 2820 2805 2915 3015 2995] [3375 2925 2725 2185 2180 1925 2125 1985]
[3000 2890 2895 2930 3040 2895 2870 2700] [2965 2965 2480 2140 2080 1860 1990 2000]
[3085 2735 3030 2795 2910 2995 2925 3060] [3325 3075 2490 2000 2030 1885 2045 2115]
[2965 3000 3020 3000 2850 3065 3000 2815] [3160 2970 2585 2095 2010 1925 2060 2030]
[2715 2970 2925 2945 3075 3045 2900 3115] [3370 3070 2755 2240 2020 1965 2010 2100]
[3090 2890 2850 2915 2950 2930 3200 3020] [3485 3160 2535 2320 1885 2020 2080 2320]
COM8 1 35
3
[2765 2640 2890 2895 2975 2900 2960 2855] [3120 2970 2750 2310 2120 2260 2235 2155]
[2905 2930 2830 3015 2745 2980 2940 2855] [3280 2935 2705 2215 2015 2045 2040 1920]
[2710 2810 3005 2820 2805 2915 3015 2995] [3180 2885 2540 2190 2020 1930 1950 1885]
[3000 2890 2895 2930 3040 2895 2870 2700] [3320 3240 2490 2115 1965 1935 1930 1900]
[3085 2735 3030 2795 2910 2995 2925 3060] [3205 2845 2645 2045 1940 1820 1985 2045]
[2965 3000 3020 3000 2850 3065 3000 2815] [2940 2925 2505 2170 1965 2025 2025 2000]
[2715 2970 2925 2945 3075 3045 2900 3115] [3340 3200 2465 2095 1975 1925 2045 2075]
[3090 2890 2850 2915 2950 2930 3200 3020] [3245 3260 2615 2295 2030 1905 2020 2170]
COM3 0 36
3
[2815 2915 2955 2865 3015 2835 2930 3190] [3120 2970 2750 2310 2120 2260 2235 2155]
[3000 3040 2890 2950 2900 2980 2995 2980] [3280 2935 2705 2215 2015 2045 2040 1920]
[2900 2960 3015 2970 2850 3045 3010 2975] [3180 2885 2540 2190 2020 1930 1950 1885]
[3070 3170 3060 2890 3110 2930 2935 2770] [3320 3240 2490 2115 1965 1935 1930 1900]
[2875 2805 3035 2920 3050 2810 3080 3210] [3205 2845 2645 2045 1940 1820 1985 2045]
[3030 3055 3035 3150 2935 2975 3015 2895] [2940 2925 2505 2170 1965 2025 2025 2000]
[2890 3005 2995 3060 3235 3145 3095 2905] [3340 3200 2465 2095 1975 1925 2045 2075]
[3100 3065 2875 3145 2985 3135 3300 2805] [3245 3260 2615 2295 2030 1905 2020 2170]
COM8 1 37
3
[2815 2915 2955 2865 3015 2835 2930 3190] [3495 3195 2760 2310 2270 2135 2115 2245]
[3000 3040 2890 2950 2900 2980 2995 2980] [3010 2935 2565 2225 2015 2135 1950 2075]
[2900 2960 3015 2970 2850 3045 3010 2975] [3180 3120 2530 2135 1980 1825 1970 1945]
[3070 3170 3060 2890 3110 2930 2935 2770] [3180 3075 2505 2150 1930 2010 2025 1860]
[2875 2805 3035 2920 3050 2810 3080 3210] [3280 3025 2580 1980 1980 1840 2015 1950]
[3030 3055 3035 3150 2935 2975 3015 2895] [3075 3025 2560 2120 1850 1995 2055 1955]
[2890 3005 2995 3060 3235 3145 3095 2905] [3095 3215 2570 2120 2055 2055 1920 2260]
[3100 3065 2875 3145 2985 3135 3300 2805] [3340 2975 2575 2315 1960 2010 1945 2165]
COM3 0 38
3
[2795 2945 2805 2775 2980 2805 2940 2685] [3495 3195 2760 2310 2270 2135 2115 2245]
[2915 3035 2885 2800 2840 2920 2825 2730] [3010 2935 2565 2225 2015 2135 1950 2075]
[2765 2995 2920 2885 2875 2840 3015 3040] [3180 3120 2530 2135 1980 1825 1970 1945]
[2950 2760 3035 2920 3105 2865 3095 2955] [3180 3075 2505 2150 1930 2010 2025 1860]
[3135 3045 3115 2795 3035 2695 3005 2960] [3280 3025 2580 1980 1980 1840 2015 1950]
[3005 3130 3035 2825 2945 2865 2915 2925] [3075 3025 2560 2120 1850 1995 2055 1955]
[2925 2960 2655 2945 2825 3000 3010 3115] [3095 3215 2570 2120 2055 2055 1920 2260]
[3170 3070 2950 3140 2915 2865 3190 2910] [3340 2975 2575 2315 1960 2010 1945 2165]
COM8 1 39
3
[2795 2945 2805 2775 2980 2805 2940 2685] [2980 2985 2355 2225 2145 2075 2020 2060]
[2915 3035 2885 2800 2840 2920 2825 2730] [2945 2880 2495 2135 1865 1960 1985 1755]
[2765 2995 2920 2885 2875 2840 3015 3040] [2925 2905 2390 2080 1885 1895 1920 1900]
[2950 2760 3035 2920 3105 2865 3095 2955] [3205 2720 2395 2030 1790 1745 1820 1795]
[3135 3045 3115 2795 3035 2695 3005 2960] [3135 2810 2450 1920 1740 1825 1920 1955]
[3005 3130 3035 2825 2945 2865 2915 2925] [2920 2735 2255 1900 1840 1735 1955 1935]
[2925 2960 2655 2945 2825 3000 3010 3115] [3255 2645 2450 2025 1825 1935 1940 2055]
[3170 3070 2950 3140 2915 2865 3190 2910] [3130 2890 2275 2045 1815 1775 1930 1900]
COM3 0 40
3
[2840 2745 2840 3035 2900 2785 2920 2920] [2980 2985 2355 2225 2145 2075 2020 2060]
[3215 3005 2860 3075 2955 2765 2935 2940] [2945 2880 2495 2135 1865 1960 1985 1755]
[2925 2930 2965 2935 3010 3060 2765 2895] [2925 2905 2390 2080 1885 1895 1920 1900]
[2845 2965 3050 2905 2975 2875 3000 3020] [3205 2720 2395 2030 1790 1745 1820 1795]
[3060 2965 2950 2920 2935 2850 2990 3070] [3135 2810 2450 1920 1740 1825 1920 1955]
[3035 2855 3210 3015 2970 3070 3065 2905] [2920 2735 2255 1900 1840 1735 1955 1935]
[3050 2905 2990 3135 3105 3010 2810 3040] [3255 2645 2450 2025 1825 1935 1940 2055]
[3000 3105 3230 2965 2925 3050 3140 2855] [3130 2890 2275 2045 1815 1775 1930 1900]
COM8 1 41
3
[2840 2745 2840 3035 2900 2785 2920 2920] [3370 3075 2580 2335 2210 2155 2110 2315]
[3215 3005 2860 3075 2955 2765 2935 2940] [3040 2935 2600 2280 2170 2040 2110 1930]
[2925 2930 2965 2935 3010 3060 2765 2895] [3075 3045 2660 2185 2200 1960 1905 1895]
[2845 2965 3050 2905 2975 2875 3000 3020] [3235 3325 2450 2220 1875 1935 1980 1875]
[3060 2965 2950 2920 2935 2850 2990 3070] [3280 2960 2465 2050 1940 1935 1935 2055]
[3035 2855 3210 3015 2970 3070 3065 2905] [2940 2950 2495 2220 2050 2060 2040 2030]
[3050 2905 2990 3135 3105 3010 2810 3040] [3060 3080 2515 2065 1995 2050 2045 2190]
[3000 3105 3230 2965 2925 3050 3140 2855] [3295 3255 2420 2225 1885 1980 1885 2125]
COM3 0 42
3
[3005 2810 2840 3015 2850 2810 2995 2905] [3370 3075 2580 2335 2210 2155 2110 2315]
[2900 2975 2885 2995 2935 2945 2820 2735] [3040 2935 2600 2280 2170 2040 2110 1930]
[2775 2990 3040 3030 2995 2990 2825 2975] [3075 3045 2660 2185 2200 1960 1905 1895]
[2805 2945 3110 2900 2945 3045 3100 2805] [3235 3325 2450 2220 1875 1935 1980 1875]
[3125 3065 3195 3010 3065 3015 3040 2960] [3280 2960 2465 2050 1940 1935 1935 2055]
[2975 2880 3015 3135 3005 3155 3015 2905] [2940 2950 2495 2220 2050 2060 2040 2030]
[2975 2985 2990 3040 3050 3010 2985 2915] [3060 3080 2515 2065 1995 2050 2045 2190]
[3080 2875 3075 3315 3050 2965 2985 2950] [3295 3255 2420 2225 1885 1980 1885 2125]
COM8 1 43
3
[3005 2810 2840 3015 2850 2810 2995 2905] [3230 3015 2445 2240 2315 2190 2175 2285]
[2900 2975 2885 2995 2935 2945 2820 2735] [3075 2935 2615 2005 1920 2100 1850 1945]
[2775 2990 3040 3030 2995 2990 2825 2975] [3130 2900 2575 2105 1985 1880 2010 1905]
[2805 2945 3110 2900 2945 3045 3100 2805] [3210 2835 2505 2135 1745 1955 1880 1965]
[3125 3065 3195 3010 3065 3015 3040 2960] [3220 2705 2575 1965 1900 1860 1865 1900]
[2975 2880 3015 3135 3005 3155 3015 2905] [3170 2700 2415 2170 1865 1940 1965 2055]
[2975 2985 2990 3040 3050 3010 2985 2915] [3310 3025 2640 2265 1710 1820 2065 2090]
[3080 2875 3075 3315 3050 2965 2985 2950] [3270 2765 2535 2370 2020 1935 1940 2050]
COM3 0 44
3
[3075 2990 2830 3020 3020 2940 2985 2905] [3230 3015 2445 2240 2315 2190 2175 2285]
[3165 3040 2985 3020 3005 2865 2945 2845] [3075 2935 2615 2005 1920 2100 1850 1945]
[2840 2840 2955 3050 3035 2860 3015 2800] [3130 2900 2575 2105 1985 1880 2010 1905]
[2905 3100 3125 2950 3025 3025 2905 2900] [3210 2835 2505 2135 1745 1955 1880 1965]
[2910 2925 3120 2935 2850 2930 3025 3045] [3220 2705 2575 1965 1900 1860 1865 1900]
[2995 3060 3050 3000 2960 3110 3165 3075] [3170 2700 2415 2170 1865 1940 1965 2055]
[3215 3195 3155 3230 3025 2895 2910 2975] [3310 3025 2640 2265 1710 1820 2065 2090]
[2975 2915 3240 3115 3115 3150 3335 3175] [3270 2765 2535 2370 2020 1935 1940 2050]
COM8 1 45
3
[3075 2990 2830 3020 3020 2940 2985 2905] [3035 3015 2825 2465 2310 2345 2425 2450]
[3165 3040 2985 3020 3005 2865 2945 2845] [3080 2945 2685 2350 2105 2245 2175 2125]
[2840 2840 2955 3050 3035 2860 3015 2800] [3110 2965 2710 2350 2155 2055 2135 2115]
[2905 3100 3125 2950 3025 3025 2905 2900] [3030 2885 2750 2335 2090 2030 2245 2045]
[2910 2925 3120 2935 2850 2930 3025 3045] [3120 3130 2710 2240 2195 2185 2160 2195]
[2995 3060 3050 3000 2960 3110 3165 3075] [3100 2855 2450 2345 2160 2155 2185 2230]
[3215 3195 3155 3230 3025 2895 2910 2975] [3240 3075 2620 2415 2270 2135 2240 2340]
[2975 2915 3240 3115 3115 3150 3335 3175] [3120 2910 2645 2425 2385 2040 2250 2180]
COM3 0 46
3
[2695 2545 2675 2705 2480 2530 2805 2785] [3035 3015 2825 2465 2310 2345 2425 2450]
[2805 2620 2440 2545 2665 2520 2735 2705] [3080 2945 2685 2350 2105 2245 2175 2125]
[2495 2575 2685 2575 2625 2765 2895 2740] [3110 2965 2710 2350 2155 2055 2135 2115]
[2815 2515 2585 2695 2715 2745 2775 2695] [3030 2885 2750 2335 2090 2030 2245 2045]
[2915 2660 2640 2705 2595 2570 3010 3085] [3120 3130 2710 2240 2195 2185 2160 2195]
[2720 2785 2740 2735 2715 2810 2695 2680] [3100 2855 2450 2345 2160 2155 2185 2230]
[2810 2825 2585 2580 2590 2835 2765 2825] [3240 3075 2620 2415 2270 2135 2240 2340]
[2765 2575 2685 2745 2540 2945 2800 2805] [3120 2910 2645 2425 2385 2040 2250 2180]
COM8 1 47
3
[2695 2545 2675 2705 2480 2530 2805 2785] [3280 3005 2625 2210 2210 2150 2225 2045]
[2805 2620 2440 2545 2665 2520 2735 2705] [3340 3050 2615 2250 1950 2120 2085 1985]
[2495 2575 2685 2575 2625 2765 2895 2740] [3075 3050 2640 2170 1995 1945 1995 1870]
[2815 2515 2585 2695 2715 2745 2775 2695] [3035 3035 2600 2165 2025 1900 2025 1940]
[2915 2660 2640 2705 2595 2570 3010 3085] [3280 2840 2555 1970 1845 1760 1995 2060]
[2720 2785 2740 2735 2715 2810 2695 2680] [3215 2855 2480 2235 2010 2000 1945 2070]
[2810 2825 2585 2580 2590 2835 2765 2825] [3395 3075 2490 2170 1945 1815 2020 2020]
[2765 2575 2685 2745 2540 2945 2800 2805] [3215 3000 2460 2175 1960 1790 2030 2110]
COM3 0 48
3
[2905 2900 2845 3105 2905 2840 2975 2870] [3280 3005 2625 2210 2210 2150 2225 2045]
[3055 3095 3005 3035 2965 2985 3035 2995] [3340 3050 2615 2250 1950 2120 2085 1985]
[3050 3075 2920 2810 3000 3045 3095 2895] [3075 3050 2640 2170 1995 1945 1995 1870]
[2940 3055 3195 2910 3010 3005 3000 2940] [3035 3035 2600 2165 2025 1900 2025 1940]
[3210 3085 3150 3195 3065 3135 3035 3065] [3280 2840 2555 1970 1845 1760 1995 2060]
[3195 3060 3075 2970 2885 3010 3090 3140] [3215 2855 2480 2235 2010 2000 1945 2070]
[2895 3085 2885 3070 3040 3135 2995 2985] [3395 3075 2490 2170 1945 1815 2020 2020]
[3390 3060 3185 3005 3110 3220 3145 3115] [3215 3000 2460 2175 1960 1790 2030 2110]
COM8 1 49
3
[2905 2900 2845 3105 2905 2840 2975 2870] [3180 2995 2515 2410 2275 2185 2235 2180]
[3055 3095 3005 3035 2965 2985 3035 2995] [2700 2920 2510 2010 1860 2105 1955 1870]
[3050 3075 2920 2810 3000 3045 3095 2895] [2970 2965 2535 2005 1875 1895 1855 1800]
[2940 3055 3195 2910 3010 3005 3000 2940] [3015 2910 2440 2060 1765 1775 1825 1785]
[3210 3085 3150 3195 3065 3135 3035 3065] [3335 2790 2495 1905 1765 1760 1925 2000]
[3195 3060 3075 2970 2885 3010 3090 3140] [2935 2915 2375 2150 1835 1900 2015 1955]
[2895 3085 2885 3070 3040 3135 2995 2985] [3025 3210 2310 2110 1875 1840 1965 2150]
[3390 3060 3185 3005 3110 3220 3145 3115] [3110 2920 2490 2120 1835 1770 1970 1995]
COM3 0 50
3
[3125 2920 2985 3095 3130 2865 3060 2990] [3180 2995 2515 2410 2275 2185 2235 2180]
[3210 3020 2725 3095 3135 2945 3025 3030] [2700 2920 2510 2010 1860 2105 1955 1870]
[2900 3005 3165 2960 2980 3090 2960 2950] [2970 2965 2535 2005 1875 1895 1855 1800]
[2970 2795 3070 2905 3165 2995 2920 2940] [3015 2910 2440 2060 1765 1775 1825 1785]
[3195 3145 3070 2935 3050 2940 3020 3000] [3335 2790 2495 1905 1765 1760 1925 2000]
[3100 2990 3210 3100 2935 3145 3145 2995] [2935 2915 2375 2150 1835 1900 2015 1955]
[3055 3050 3045 3035 3050 3120 2975 2985] [3025 3210 2310 2110 1875 1840 1965 2150]
[3235 2945 3000 3100 3160 3365 3035 2905] [3110 2920 2490 2120 1835 1770 1970 1995]
COM8 1 51
3
[3125 2920 2985 3095 3130 2865 3060 2990] [3590 3315 2835 2350 2300 2350 2300 2350]
[3210 3020 2725 3095 3135 2945 3025 3030] [3505 3065 2860 2410 2140 2160 2170 2115]
[2900 3005 3165 2960 2980 3090 2960 2950] [3370 3215 2860 2340 2225 2145 2145 2100]
[2970 2795 3070 2905 3165 2995 2920 2940] [3405 3420 2840 2345 1985 2025 2130 2020]
[3195 3145 3070 2935 3050 2940 3020 3000] [3230 3295 2645 2165 2080 2120 2035 2115]
[3100 2990 3210 3100 2935 3145 3145 2995] [3330 3350 2750 2390 2100 2115 2135 2200]
[3055 3050 3045 3035 3050 3120 2975 2985] [3500 3240 2775 2325 2055 1980 2220 2245]
[3235 2945 3000 3100 3160 3365 3035 2905] [3555 3365 2715 2380 2150 1945 2010 2345]
COM3 0 52
3
[2960 2870 2770 3040 2975 2845 2960 2790] [3590 3315 2835 2350 2300 2350 2300 2350]
[3025 3050 2890 3000 2870 3035 2955 2870] [3505 3065 2860 2410 2140 2160 2170 2115]
[2950 3010 3060 2985 2925 3110 2960 2815] [3370 3215 2860 2340 2225 2145 2145 2100]
[3015 3085 3030 3030 3050 3100 2940 2900] [3405 3420 2840 2345 1985 2025 2130 2020]
[3060 3085 3170 2920 3230 2990 3110 3075] [3230 3295 2645 2165 2080 2120 2035 2115]
[3110 3060 2955 3125 3205 3010 3050 2915] [3330 3350 2750 2390 2100 2115 2135 2200]
[3365 3235 3175 3095 3020 2935 2810 2935] [3500 3240 2775 2325 2055 1980 2220 2245]
[3220 3110 3060 2905 2885 3135 3250 3040] [3555 3365 2715 2380 2150 1945 2010 2345]
COM8 1 53
3
[2960 2870 2770 3040 2975 2845 2960 2790] [3280 3055 2660 2240 2270 2170 2175 2255]
[3025 3050 2890 3000 2870 3035 2955 2870] [3185 2830 2655 2235 2105 2135 2005 1980]
[2950 3010 3060 2985 2925 3110 2960 2815] [3265 3120 2640 2185 1960 1885 1945 1860]
[3015 3085 3030 3030 3050 3100 2940 2900] [3260 2850 2740 2130 2035 1940 1970 1980]
[3060 3085 3170 2920 3230 2990 3110 3075] [3270 2750 2575 2005 1955 2010 1985 1970]
[3110 3060 2955 3125 3205 3010 3050 2915] [2900 2975 2335 2150 1975 1870 2055 2050]
[3365 3235 3175 3095 3020 2935 2810 2935] [2995 3075 2580 2070 1955 1945 2045 2085]
[3220 3110 3060 2905 2885 3135 3250 3040] [3180 3175 2440 2290 2095 1960 1925 2040]
COM3 0 54
3
[2775 2715 2770 2925 2915 2905 2975 2800] [3280 3055 2660 2240 2270 2170 2175 2255]
[2990 2775 2840 2730 2890 2815 2870 2975] [3185 2830 2655 2235 2105 2135 2005 1980]
[2760 3185 2810 2890 2755 2770 2960 2805] [3265 3120 2640 2185 1960 1885 1945 1860]
[2970 2960 2900 2795 2940 2895 2885 2900] [3260 2850 2740 2130 2035 1940 1970 1980]
[3135 3000 2815 2915 2995 3005 3020 3075] [3270 2750 2575 2005 1955 2010 1985 1970]
[2950 2895 3205 3005 2810 2975 2985 2890] [2900 2975 2335 2150 1975 1870 2055 2050]
[3020 2895 2905 3070 2870 2990 2850 2940] [2995 3075 2580 2070 1955 1945 2045 2085]
[3130 2850 2835 3005 2645 3000 2840 3250] [3180 3175 2440 2290 2095 1960 1925 2040]
COM8 1 55
3
[2775 2715 2770 2925 2915 2905 2975 2800] [3545 3075 2965 2445 2220 2210 2140 2195]
[2990 2775 2840 2730 2890 2815 2870 2975] [2895 3150 2755 2285 2035 2100 2035 2000]
[2760 3185 2810 2890 2755 2770 2960 2805] [3390 2990 2585 2110 2055 1935 1910 1835]
[2970 2960 2900 2795 2940 2895 2885 2900] [3225 3155 2595 2235 2000 1835 1860 1850]
[3135 3000 2815 2915 2995 3005 3020 3075] [3235 3375 2545 2060 1875 1915 1925 1985]
[2950 2895 3205 3005 2810 2975 2985 2890] [3070 2810 2560 2150 1855 1920 2090 2070]
[3020 2895 2905 3070 2870 2990 2850 2940] [3165 3070 2730 2220 1945 1890 1965 2125]
[3130 2850 2835 3005 2645 3000 2840 3250] [3315 2945 2490 2310 1815 1955 1945 2000]
COM3 0 56
3
[2935 2955 2950 3120 2990 2850 3140 2860] [3545 3075 2965 2445 2220 2210 2140 2195]
[3025 3040 2875 2995 2950 2860 2875 2920] [2895 3150 2755 2285 2035 2100 2035 2000]
[3055 3000 3160 2890 3020 2980 2945 3040] [3390 2990 2585 2110 2055 1935 1910 1835]
[3070 3090 3060 2995 3040 3185 2885 3190] [3225 3155 2595 2235 2000 1835 1860 1850]
[3230 2885 3045 2910 3135 3060 3030 2945] [3235 3375 2545 2060 1875 1915 1925 1985]
[3095 2970 3185 3040 3050 3085 3045 3060] [3070 2810 2560 2150 1855 1920 2090 2070]
[3135 3090 2965 3200 3100 3000 3025 2975] [3165 3070 2730 2220 1945 1890 1965 2125]
[3050 3275 3065 3000 2965 3040 3315 3230] [3315 2945 2490 2310 1815 1955 1945 2000]
COM8 1 57
3
[2935 2955 2950 3120 2990 2850 3140 2860] [3175 3045 2760 2420 2380 2235 2310 2345]
[3025 3040 2875 2995 2950 2860 2875 2920] [3170 3055 2580 2360 2070 2045 2115 2125]
[3055 3000 3160 2890 3020 2980 2945 3040] [3475 2950 2505 2220 2130 2050 2025 2040]
[3070 3090 3060 2995 3040 3185 2885 3190] [3300 3125 2560 2380 2060 1980 2090 1980]
[3230 2885 3045 2910 3135 3060 3030 2945] [3105 2925 2550 2165 2055 2095 2110 2190]
[3095 2970 3185 3040 3050 3085 3045 3060] [3105 2920 2380 2265 2085 2120 2105 2110]
[3135 3090 2965 3200 3100 3000 3025 2975] [3235 3055 2700 2200 2075 2165 2070 2230]
[3050 3275 3065 3000 2965 3040 3315 3230] [3245 3080 2615 2385 1995 2085 2030 2270]
COM3 0 58
3
[2785 2560 2845 2945 2740 2635 2910 2735] [3175 3045 2760 2420 2380 2235 2310 2345]
[2870 2855 2785 2855 2780 2900 2770 2990] [3170 3055 2580 2360 2070 2045 2115 2125]
[2750 2910 2680 2855 2675 2940 2960 2850] [3475 2950 2505 2220 2130 2050 2025 2040]
[2810 2810 2870 2640 2960 2825 2975 2935] [3300 3125 2560 2380 2060 1980 2090 1980]
[2845 2925 2845 2735 2945 2810 2945 2930] [3105 2925 2550 2165 2055 2095 2110 2190]
[2700 2935 3025 2950 2845 2750 2915 2915] [3105 2920 2380 2265 2085 2120 2105 2110]
[3005 3100 2750 2835 2890 2950 2695 2850] [3235 3055 2700 2200 2075 2165 2070 2230]
[2900 3005 2860 2950 2995 3000 2765 3075] [3245 3080 2615 2385 1995 2085 2030 2270]
COM8 1 59
3
[2785 2560 2845 2945 2740 2635 2910 2735] [3305 3120 2760 2170 2345 2290 1950 2400]
[2870 2855 2785 2855 2780 2900 2770 2990] [3080 2875 2595 2140 1875 2055 2015 1955]
[2750 2910 2680 2855 2675 2940 2960 2850] [2995 2990 2550 2135 2085 1935 1920 1895]
[2810 2810 2870 2640 2960 2825 2975 2935] [3305 3100 2555 2145 1930 1895 2010 1990]
[2845 2925 2845 2735 2945 2810 2945 2930] [3195 3170 2550 1935 1885 1955 1985 2005]
[2700 2935 3025 2950 2845 2750 2915 2915] [3250 2845 2270 2325 1955 1945 2060 2130]
[3005 3100 2750 2835 2890 2950 2695 2850] [3490 3030 2405 2195 1785 1960 2035 2045]
[2900 3005 2860 2950 2995 3000 2765 3075] [3075 2875 2510 2370 2130 2055 2050 2105]
COM3 0 60
3
[3050 2990 2765 3180 2935 2750 3100 2915] [3305 3120 2760 2170 2345 2290 1950 2400]
[2990 3045 3045 2880 2895 3000 2935 2950] [3080 2875 2595 2140 1875 2055 2015 1955]
[2825 2785 2925 2905 3170 2890 3120 2995] [2995 2990 2550 2135 2085 1935 1920 1895]
[3080 3085 3120 2970 2980 2930 2925 3075] [3305 3100 2555 2145 1930 1895 2010 1990]
[3210 2995 3125 2955 2975 3025 3030 3085] [3195 3170 2550 1935 1885 1955 1985 2005]
[2945 3160 3155 3010 2990 3070 3150 3095] [3250 2845 2270 2325 1955 1945 2060 2130]
[3055 3140 3180 3105 3090 3090 3030 2905] [3490 3030 2405 2195 1785 1960 2035 2045]
[3240 2945 3315 2960 3130 2935 2970 2950] [3075 2875 2510 2370 2130 2055 2050 2105]
COM8 1 61
3
[3050 2990 2765 3180 2935 2750 3100 2915] [3215 3035 2625 2265 2055 2030 2265 2315]
[2990 3045 3045 2880 2895 3000 2935 2950] [3265 3090 2700 2135 2065 2100 1970 2010]
[2825 2785 2925 2905 3170 2890 3120 2995] [3170 2945 2580 2210 2070 1975 1950 1945]
[3080 3085 3120 2970 2980 2930 2925 3075] [3125 3090 2595 2195 1895 1995 1990 1970]
[3210 2995 3125 2955 2975 3025 3030 3085] [3000 3025 2505 2235 2035 1965 2015 2035]
[2945 3160 3155 3010 2990 3070 3150 3095] [3240 2765 2390 2170 1980 1960 2085 2095]
[3055 3140 3180 3105 3090 3090 3030 2905] [3340 2945 2685 2025 1995 2000 1950 2140]
[3240 2945 3315 2960 3130 2935 2970 2950] [3290 2890 2575 2410 1905 1945 1930 2145]
COM3 0 62
3
[3035 2745 2760 2895 2770 2795 2785 2750] [3215 3035 2625 2265 2055 2030 2265 2315]
[2705 2910 2790 2985 2725 2825 2955 2835] [3265 3090 2700 2135 2065 2100 1970 2010]
[2725 3010 2945 2810 2825 2990 2860 2740] [3170 2945 2580 2210 2070 1975 1950 1945]
[2950 2770 3000 2905 2925 2890 2720 2890] [3125 3090 2595 2195 1895 1995 1990 1970]
[2870 3060 3050 2935 2925 2685 3095 3075] [3000 3025 2505 2235 2035 1965 2015 2035]
[2855 2785 3065 2950 2735 2865 2835 2695] [3240 2765 2390 2170 1980 1960 2085 2095]
[2945 2995 3005 3015 2805 2860 2750 3065] [3340 2945 2685 2025 1995 2000 1950 2140]
[3210 2920 2700 2815 2910 2975 3010 3030] [3290 2890 2575 2410 1905 1945 1930 2145]
COM8 1 63
3
[3035 2745 2760 2895 2770 2795 2785 2750] [3115 3075 2735 2195 2315 2045 2065 2200]
[2705 2910 2790 2985 2725 2825 2955 2835] [3040 2890 2590 2085 1955 2145 1950 1985]
[2725 3010 2945 2810 2825 2990 2860 2740] [2890 3120 2520 2195 1945 1980 1945 1855]
[2950 2770 3000 2905 2925 2890 2720 2890] [3420 2865 2540 2110 1895 1845 1940 1970]
[2870 3060 3050 2935 2925 2685 3095 3075] [3105 2655 2545 2095 1895 1900 2000 2035]
[2855 2785 3065 2950 2735 2865 2835 2695] [3125 2630 2450 2190 1840 1835 2025 2000]
[2945 2995 3005 3015 2805 2860 2750 3065] [3240 3150 2535 2135 1955 1985 2045 2245]
[3210 2920 2700 2815 2910 2975 3010 3030] [3335 2990 2575 2280 2010 1975 1975 2160]
COM3 0 64
3
[2925 2835 2845 2910 2920 3015 2980 2950] [3115 3075 2735 2195 2315 2045 2065 2200]
[3115 3105 2975 3135 2935 2905 2955 2995] [3040 2890 2590 2085 1955 2145 1950 1985]
[3025 2990 3045 2900 2870 3200 2945 3000] [2890 3120 2520 2195 1945 1980 1945 1855]
[2970 3125 3050 2945 3005 2935 3020 2940] [3420 2865 2540 2110 1895 1845 1940 1970]
[3245 2990 3030 3030 3060 3025 3130 3175] [3105 2655 2545 2095 1895 1900 2000 2035]
[3125 3130 3195 3290 2945 3130 3140 2900] [3125 2630 2450 2190 1840 1835 2025 2000]
[3130 3050 2980 2955 2965 2945 3090 3050] [3240 3150 2535 2135 1955 1985 2045 2245]
[3005 3320 3055 3325 3225 3000 3350 3080] [3335 2990 2575 2280 2010 1975 1975 2160]
COM8 1 65
3
[2925 2835 2845 2910 2920 3015 2980 2950] [3440 3030 2545 2310 2225 2190 2160 2235]
[3115 3105 2975 3135 2935 2905 2955 2995] [3290 2885 2750 2225 2050 2105 2125 1945]
[3025 2990 3045 2900 2870 3200 2945 3000] [3055 2990 2670 2150 2035 1980 2035 2020]
[2970 3125 3050 2945 3005 2935 3020 2940] [3215 2840 2695 2275 2075 1940 1990 1930]
[3245 2990 3030 3030 3060 3025 3130 3175] [3110 2785 2575 2085 1965 1955 2100 2020]
[3125 3130 3195 3290 2945 3130 3140 2900] [3210 3140 2450 2145 1960 1955 1955 2130]
[3130 3050 2980 2955 2965 2945 3090 3050] [3255 2945 2770 2130 1995 2000 2055 2185]
[3005 3320 3055 3325 3225 3000 3350 3080] [3360 2995 2680 2170 2060 1905 2025 2120]