COM3 0 6
3
[2390 2095 1555 1495 1665 1490 1740 2055] [2595 2930 3250 2950 3085 2965 3260 3280]
[2330 1960 1445 1565 1625 1605 1625 2290] [2495 2780 3335 3175 3015 3155 3305 2955]
[2315 1835 1730 1545 1595 1655 1695 2065] [2405 3030 3380 2970 3255 3135 3285 2970]
[2685 2060 1765 1700 1675 1685 1785 2040] [2585 3095 3230 3320 3040 2985 3315 3080]
[2575 1865 1785 1630 1625 1580 1905 2080] [2630 3035 3390 3270 3205 3205 3295 3335]
[2265 2115 1735 1650 1630 1660 1945 2270] [2630 3095 3475 3210 3160 3295 3245 3410]
[2625 1955 1755 1815 1585 1850 1905 2530] [2815 3330 3265 3070 3375 3535 3215 3420]
[2895 2335 1875 1755 1605 1790 2045 2470] [2720 3025 3295 3360 3320 3280 3320 3465]
COM8 1 7
3
[2390 2095 1555 1495 1665 1490 1740 2055] [2475 2770 3170 3295 3045 3040 3035 3095]
[2330 1960 1445 1565 1625 1605 1625 2290] [2590 3005 3015 3100 2975 3105 3210 3010]
[2315 1835 1730 1545 1595 1655 1695 2065] [2400 2820 3005 3080 3130 3255 3105 3035]
[2685 2060 1765 1700 1675 1685 1785 2040] [2560 3060 3145 3210 3070 3195 3135 3035]
[2575 1865 1785 1630 1625 1580 1905 2080] [2540 3070 3240 2975 3115 3195 3260 3215]
[2265 2115 1735 1650 1630 1660 1945 2270] [2520 2895 3090 3140 3150 3210 3400 3035]
[2625 1955 1755 1815 1585 1850 1905 2530] [2825 3295 3200 3270 3470 3350 3235 3190]
[2895 2335 1875 1755 1605 1790 2045 2470] [2865 3085 3230 3130 3475 3165 3360 3505]
COM3 0 8
3
[2370 2240 1660 1595 1690 1695 1755 2255] [2475 2770 3170 3295 3045 3040 3035 3095]
[2615 2075 1570 1755 1620 1615 1660 2085] [2590 3005 3015 3100 2975 3105 3210 3010]
[2410 1905 1815 1605 1540 1685 1885 2340] [2400 2820 3005 3080 3130 3255 3105 3035]
[2590 1880 1485 1580 1635 1540 1790 2085] [2560 3060 3145 3210 3070 3195 3135 3035]
[2435 1725 1685 1630 1680 1800 2085 2350] [2540 3070 3240 2975 3115 3195 3260 3215]
[2520 2000 1670 1625 1630 1650 1955 2215] [2520 2895 3090 3140 3150 3210 3400 3035]
[2225 2380 1770 1685 1600 1600 2055 2475] [2825 3295 3200 3270 3470 3350 3235 3190]
[2800 2355 1770 1525 1805 1730 2335 2300] [2865 3085 3230 3130 3475 3165 3360 3505]
COM8 1 9
3
[2370 2240 1660 1595 1690 1695 1755 2255] [2575 2890 3085 3155 3230 3075 3235 3190]
[2615 2075 1570 1755 1620 1615 1660 2085] [2500 2795 3265 3305 2865 3245 3045 3095]
[2410 1905 1815 1605 1540 1685 1885 2340] [2410 2665 3040 3110 3300 2935 2850 3250]
[2590 1880 1485 1580 1635 1540 1790 2085] [2465 3225 3240 3305 3110 3185 3145 3120]
[2435 1725 1685 1630 1680 1800 2085 2350] [2430 2755 3200 2960 3415 3350 3255 3315]
[2520 2000 1670 1625 1630 1650 1955 2215] [2450 3125 3120 3270 3175 2985 3395 3200]
[2225 2380 1770 1685 1600 1600 2055 2475] [2565 3445 3240 3155 3085 3150 3320 3450]
[2800 2355 1770 1525 1805 1730 2335 2300] [2625 3495 3235 3320 3115 3035 3320 3045]
COM3 0 10
3
[2650 2130 1785 1825 1755 1855 1930 2190] [2575 2890 3085 3155 3230 3075 3235 3190]
[2455 2275 1675 1675 1820 1835 1930 2365] [2500 2795 3265 3305 2865 3245 3045 3095]
[2595 2020 1830 1600 1625 1715 1875 2245] [2410 2665 3040 3110 3300 2935 2850 3250]
[2355 2205 1720 1860 1730 1805 1965 2075] [2465 3225 3240 3305 3110 3185 3145 3120]
[2590 1935 1765 1685 1905 1785 2095 2510] [2430 2755 3200 2960 3415 3350 3255 3315]
[2600 2130 1995 1870 1700 1870 2205 2340] [2450 3125 3120 3270 3175 2985 3395 3200]
[2770 2305 2075 1695 1685 1850 2035 2525] [2565 3445 3240 3155 3085 3150 3320 3450]
[2875 2270 2010 1860 1715 1825 2130 2545] [2625 3495 3235 3320 3115 3035 3320 3045]
COM8 1 11
3
[2650 2130 1785 1825 1755 1855 1930 2190] [2610 2755 3175 3185 3210 3145 3225 3190]
[2455 2275 1675 1675 1820 1835 1930 2365] [2505 2825 3375 3150 3095 3225 3075 3145]
[2595 2020 1830 1600 1625 1715 1875 2245] [2485 2755 3200 3145 3185 3095 3145 3290]
[2355 2205 1720 1860 1730 1805 1965 2075] [2600 3020 3310 3210 3030 3055 3115 3155]
[2590 1935 1765 1685 1905 1785 2095 2510] [2580 3025 3520 3145 3035 3165 3155 3185]
[2600 2130 1995 1870 1700 1870 2205 2340] [2505 3200 2925 3380 3200 3215 3250 3315]
[2770 2305 2075 1695 1685 1850 2035 2525] [2770 3270 3195 3195 3100 3095 3405 3415]
[2875 2270 2010 1860 1715 1825 2130 2545] [2865 3155 3155 3645 3145 2915 3355 3100]
COM3 0 12
3
[2565 1870 1645 1520 1590 1715 1705 2050] [2610 2755 3175 3185 3210 3145 3225 3190]
[2540 2085 1840 1675 1675 1680 1865 2205] [2505 2825 3375 3150 3095 3225 3075 3145]
[2555 1985 1625 1620 1645 1640 1785 2250] [2485 2755 3200 3145 3185 3095 3145 3290]
[2500 2105 1825 1600 1625 1780 1855 2220] [2600 3020 3310 3210 3030 3055 3115 3155]
[2540 1980 1675 1590 1815 1605 1985 2300] [2580 3025 3520 3145 3035 3165 3155 3185]
[2565 1935 1555 1720 1560 1640 1935 2260] [2505 3200 2925 3380 3200 3215 3250 3315]
[2475 1950 1785 1690 1490 1595 2020 2345] [2770 3270 3195 3195 3100 3095 3405 3415]
[2610 2140 1885 1580 1505 1790 2315 2500] [2865 3155 3155 3645 3145 2915 3355 3100]
COM8 1 13
3
[2565 1870 1645 1520 1590 1715 1705 2050] [2645 2755 3175 3385 3155 3240 3015 3285]
[2540 2085 1840 1675 1675 1680 1865 2205] [2725 2825 3225 3090 2975 3160 3310 3025]
[2555 1985 1625 1620 1645 1640 1785 2250] [2510 3050 3215 3070 3130 3230 3125 3215]
[2500 2105 1825 1600 1625 1780 1855 2220] [2620 3020 3275 3430 3005 3180 3225 3055]
[2540 1980 1675 1590 1815 1605 1985 2300] [2555 3180 3280 3170 3280 3250 3340 3330]
[2565 1935 1555 1720 1560 1640 1935 2260] [2725 3110 3365 3400 3240 3305 3165 3405]
[2475 1950 1785 1690 1490 1595 2020 2345] [2635 3205 3265 3365 3295 3240 3145 3210]
[2610 2140 1885 1580 1505 1790 2315 2500] [2945 3235 3520 3395 3310 3380 3290 3155]
COM3 0 14
3
[2490 1725 1680 1525 1660 1365 1620 2215] [2645 2755 3175 3385 3155 3240 3015 3285]
[2640 2255 1555 1550 1455 1555 1540 2080] [2725 2825 3225 3090 2975 3160 3310 3025]
[2360 1750 1630 1450 1435 1490 1535 2305] [2510 3050 3215 3070 3130 3230 3125 3215]
[2675 1920 1550 1565 1540 1595 1645 2105] [2620 3020 3275 3430 3005 3180 3225 3055]
[2590 1745 1705 1580 1560 1325 1980 2170] [2555 3180 3280 3170 3280 3250 3340 3330]
[2345 2050 1805 1560 1375 1610 1900 1940] [2725 3110 3365 3400 3240 3305 3165 3405]
[2615 2105 1770 1780 1595 1665 1970 2325] [2635 3205 3265 3365 3295 3240 3145 3210]
[2910 2040 1785 1790 1465 1685 2255 2590] [2945 3235 3520 3395 3310 3380 3290 3155]
COM8 1 15
3
[2490 1725 1680 1525 1660 1365 1620 2215] [2345 2695 3130 2820 2930 2945 2915 2960]
[2640 2255 1555 1550 1455 1555 1540 2080] [2520 2805 2940 3050 2785 2925 2800 2945]
[2360 1750 1630 1450 1435 1490 1535 2305] [2355 2885 3220 3035 3045 2840 2925 2910]
[2675 1920 1550 1565 1540 1595 1645 2105] [2320 2875 3260 3135 3015 3000 2905 2845]
[2590 1745 1705 1580 1560 1325 1980 2170] [2610 3045 3310 3175 2905 2815 2945 3150]
[2345 2050 1805 1560 1375 1610 1900 1940] [2515 2955 3395 3110 2920 3000 3005 3270]
[2615 2105 1770 1780 1595 1665 1970 2325] [2400 3200 3515 3080 3270 3070 2950 3135]
[2910 2040 1785 1790 1465 1685 2255 2590] [2745 3390 3310 3050 3205 3005 3160 3135]
COM3 0 16
3
[2660 2255 2070 1770 1855 1785 2055 2395] [2345 2695 3130 2820 2930 2945 2915 2960]
[2585 2180 1805 1830 1770 1720 2110 2315] [2520 2805 2940 3050 2785 2925 2800 2945]
[2310 2170 1745 1810 1750 1690 2150 2320] [2355 2885 3220 3035 3045 2840 2925 2910]
[2435 2135 1720 1700 1780 1810 1965 2180] [2320 2875 3260 3135 3015 3000 2905 2845]
[2640 2145 1760 1720 2000 1745 2045 2220] [2610 3045 3310 3175 2905 2815 2945 3150]
[2460 1985 1975 1845 1625 1935 2055 2305] [2515 2955 3395 3110 2920 3000 3005 3270]
[2825 2170 1940 1900 1565 2175 2060 2650] [2400 3200 3515 3080 3270 3070 2950 3135]
[3025 2455 2005 1870 1750 2050 2545 2820] [2745 3390 3310 3050 3205 3005 3160 3135]
COM8 1 17
3
[2660 2255 2070 1770 1855 1785 2055 2395] [2510 2775 3130 3070 2930 3040 3170 3200]
[2585 2180 1805 1830 1770 1720 2110 2315] [2360 2685 3285 3010 2950 3165 3095 3110]
[2310 2170 1745 1810 1750 1690 2150 2320] [2340 2845 3220 3000 3350 3225 3125 3025]
[2435 2135 1720 1700 1780 1810 1965 2180] [2635 2990 3240 3075 3110 3250 3330 3010]
[2640 2145 1760 1720 2000 1745 2045 2220] [2540 3435 3145 3340 3290 2965 3305 3025]
[2460 1985 1975 1845 1625 1935 2055 2305] [2440 2955 3225 3250 3050 3240 3275 3240]
[2825 2170 1940 1900 1565 2175 2060 2650] [2640 3155 3440 3185 3350 3350 3290 3350]
[3025 2455 2005 1870 1750 2050 2545 2820] [2695 3255 3280 3675 3260 2920 3305 3370]
COM3 0 18
3
[2585 2105 1945 1895 1875 1965 2175 2395] [2510 2775 3130 3070 2930 3040 3170 3200]
[2595 2160 1685 1800 1860 1945 2085 2360] [2360 2685 3285 3010 2950 3165 3095 3110]
[2420 2030 1900 1855 1690 1960 1955 2380] [2340 2845 3220 3000 3350 3225 3125 3025]
[2505 2110 1920 1810 1845 1965 1950 2125] [2635 2990 3240 3075 3110 3250 3330 3010]
[2505 2205 1805 1840 2010 1705 2335 2485] [2540 3435 3145 3340 3290 2965 3305 3025]
[2640 2115 2020 1850 1820 1935 2350 2315] [2440 2955 3225 3250 3050 3240 3275 3240]
[2610 2120 2045 1900 1715 1985 2110 2620] [2640 3155 3440 3185 3350 3350 3290 3350]
[2800 2240 1955 1830 1780 2050 2685 2375] [2695 3255 3280 3675 3260 2920 3305 3370]
COM8 1 19
3
[2585 2105 1945 1895 1875 1965 2175 2395] [2640 2955 3320 3270 3365 3180 3365 3245]
[2595 2160 1685 1800 1860 1945 2085 2360] [2655 2920 3065 3235 3300 3485 3230 3185]
[2420 2030 1900 1855 1690 1960 1955 2380] [2640 3020 3215 3340 3365 3435 3430 3130]
[2505 2110 1920 1810 1845 1965 1950 2125] [2520 2875 3080 3345 3365 3305 3440 3385]
[2505 2205 1805 1840 2010 1705 2335 2485] [2690 2880 3390 3425 3395 3370 3500 3510]
[2640 2115 2020 1850 1820 1935 2350 2315] [2580 2940 3395 3350 3445 3410 3380 3470]
[2610 2120 2045 1900 1715 1985 2110 2620] [2850 3265 3675 3345 3305 3400 3545 3495]
[2800 2240 1955 1830 1780 2050 2685 2375] [3035 3305 3420 3675 3270 3400 3355 3545]
COM3 0 20
3
[2410 2200 1800 1710 1640 1450 1700 1895] [2640 2955 3320 3270 3365 3180 3365 3245]
[2435 2080 1555 1615 1605 1705 1700 2410] [2655 2920 3065 3235 3300 3485 3230 3185]
[2285 2005 1760 1475 1490 1550 1805 2260] [2640 3020 3215 3340 3365 3435 3430 3130]
[2685 2055 1605 1545 1670 1610 1640 2045] [2520 2875 3080 3345 3365 3305 3440 3385]
[2355 1885 1620 1555 1615 1550 1920 2280] [2690 2880 3390 3425 3395 3370 3500 3510]
[2205 2115 1855 1650 1490 1740 1880 2125] [2580 2940 3395 3350 3445 3410 3380 3470]
[2430 2100 1745 1690 1580 1625 2000 2450] [2850 3265 3675 3345 3305 3400 3545 3495]
[2565 2050 1710 1560 1940 1620 2110 2315] [3035 3305 3420 3675 3270 3400 3355 3545]
COM8 1 21
3
[2410 2200 1800 1710 1640 1450 1700 1895] [2515 2755 3060 3150 3080 3000 3005 3110]
[2435 2080 1555 1615 1605 1705 1700 2410] [2385 2770 3095 3145 3130 3195 2900 3005]
[2285 2005 1760 1475 1490 1550 1805 2260] [2380 2800 3075 3105 3155 2875 3055 3050]
[2685 2055 1605 1545 1670 1610 1640 2045] [2535 2845 3230 3045 3060 3240 3135 3185]
[2355 1885 1620 1555 1615 1550 1920 2280] [2385 2865 3385 3040 2995 3160 3185 3155]
[2205 2115 1855 1650 1490 1740 1880 2125] [2320 3160 3225 3180 3090 3235 3255 3200]
[2430 2100 1745 1690 1580 1625 2000 2450] [2635 3395 3170 3205 2890 3105 3300 3075]
[2565 2050 1710 1560 1940 1620 2110 2315] [2860 3240 3340 3445 3295 3285 3360 3240]
COM3 0 22
3
[2565 2170 1800 1575 1650 1780 1905 2215] [2515 2755 3060 3150 3080 3000 3005 3110]
[2505 2080 1590 1750 1710 1820 1770 2175] [2385 2770 3095 3145 3130 3195 2900 3005]
[2300 2050 1770 1750 1815 1790 1925 2310] [2380 2800 3075 3105 3155 2875 3055 3050]
[2635 2040 1740 1620 1775 1685 1820 2335] [2535 2845 3230 3045 3060 3240 3135 3185]
[2485 2115 1960 1695 1800 1755 2055 2395] [2385 2865 3385 3040 2995 3160 3185 3155]
[2445 2165 2075 1845 1735 1850 2165 2465] [2320 3160 3225 3180 3090 3235 3255 3200]
[2310 2195 1840 1820 1735 1830 1980 2775] [2635 3395 3170 3205 2890 3105 3300 3075]
[2990 2410 1940 1805 1820 2025 2230 2720] [2860 3240 3340 3445 3295 3285 3360 3240]
COM8 1 23
3
[2565 2170 1800 1575 1650 1780 1905 2215] [2485 2870 3345 3300 3430 3555 3230 3310]
[2505 2080 1590 1750 1710 1820 1770 2175] [2615 2980 3105 3130 3215 3490 3350 3445]
[2300 2050 1770 1750 1815 1790 1925 2310] [2640 3105 3165 3410 3425 3275 3340 3440]
[2635 2040 1740 1620 1775 1685 1820 2335] [2565 3195 3180 3545 3235 3455 3495 3125]
[2485 2115 1960 1695 1800 1755 2055 2395] [2670 3105 3320 3040 3355 3425 3505 3310]
[2445 2165 2075 1845 1735 1850 2165 2465] [2605 3200 3550 3475 3265 3510 3450 3755]
[2310 2195 1840 1820 1735 1830 1980 2775] [2595 3290 3265 3450 3380 3600 3640 3490]
[2990 2410 1940 1805 1820 2025 2230 2720] [2860 3245 3385 3475 3545 3525 3360 3430]
COM3 0 24
3
[2415 1785 1820 1805 1615 1560 1535 1915] [2485 2870 3345 3300 3430 3555 3230 3310]
[2405 1920 1555 1705 1585 1645 1620 1945] [2615 2980 3105 3130 3215 3490 3350 3445]
[2430 1900 1575 1540 1430 1675 1660 1845] [2640 3105 3165 3410 3425 3275 3340 3440]
[2410 1970 1575 1565 1705 1580 1755 2045] [2565 3195 3180 3545 3235 3455 3495 3125]
[2380 2055 1805 1655 1645 1590 1755 1905] [2670 3105 3320 3040 3355 3425 3505 3310]
[2435 1795 1855 1515 1515 1645 1870 2050] [2605 3200 3550 3475 3265 3510 3450 3755]
[2315 2285 1595 1535 1510 1665 1780 2155] [2595 3290 3265 3450 3380 3600 3640 3490]
[2680 2365 1865 1495 1595 1805 2195 2460] [2860 3245 3385 3475 3545 3525 3360 3430]
COM8 1 25
3
[2415 1785 1820 1805 1615 1560 1535 1915] [2570 2965 3265 3205 3345 3115 3190 3180]
[2405 1920 1555 1705 1585 1645 1620 1945] [2555 2855 3200 3390 3170 3360 3200 3360]
[2430 1900 1575 1540 1430 1675 1660 1845] [2545 3080 3155 3155 3290 3165 3110 3250]
[2410 1970 1575 1565 1705 1580 1755 2045] [2595 2975 3340 3100 3115 3160 3205 3230]
[2380 2055 1805 1655 1645 1590 1755 1905] [2635 2970 3355 3035 3150 3105 3285 3310]
[2435 1795 1855 1515 1515 1645 1870 2050] [2715 3175 3235 3385 3205 3335 3450 3490]
[2315 2285 1595 1535 1510 1665 1780 2155] [2825 3300 3440 3300 3345 3350 3495 3445]
[2680 2365 1865 1495 1595 1805 2195 2460] [2975 3340 3215 3430 3440 3330 3310 3040]
COM3 0 26
3
[2530 2035 1585 1685 1725 1845 2065 2270] [2570 2965 3265 3205 3345 3115 3190 3180]
[2525 1905 1570 1775 1710 1605 1790 2410] [2555 2855 3200 3390 3170 3360 3200 3360]
[2650 2135 1745 1645 1675 1755 1930 2410] [2545 3080 3155 3155 3290 3165 3110 3250]
[2420 2055 1690 1805 1780 1805 1905 2350] [2595 2975 3340 3100 3115 3160 3205 3230]
[2540 2160 1915 1670 1715 1690 2045 2360] [2635 2970 3355 3035 3150 3105 3285 3310]
[2410 2090 1740 1745 1695 1900 2190 2525] [2715 3175 3235 3385 3205 3335 3450 3490]
[2700 2010 1795 1745 1650 1715 2025 2385] [2825 3300 3440 3300 3345 3350 3495 3445]
[2655 2595 1835 1830 1705 1900 2445 2605] [2975 3340 3215 3430 3440 3330 3310 3040]
COM8 1 27
3
[2530 2035 1585 1685 1725 1845 2065 2270] [2475 2860 3095 3000 2965 2895 3200 2955]
[2525 1905 1570 1775 1710 1605 1790 2410] [2370 2730 3160 2935 3060 2920 2875 2865]
[2650 2135 1745 1645 1675 1755 1930 2410] [2375 3025 3215 3025 2930 3040 3120 2830]
[2420 2055 1690 1805 1780 1805 1905 2350] [2610 2785 3225 3095 3115 2835 3110 2815]
[2540 2160 1915 1670 1715 1690 2045 2360] [2520 2940 3095 2950 2885 2980 3265 3020]
[2410 2090 1740 1745 1695 1900 2190 2525] [2515 3010 3155 3195 3020 3200 3140 3140]
[2700 2010 1795 1745 1650 1715 2025 2385] [2550 3275 3270 3015 3010 3140 3055 3105]
[2655 2595 1835 1830 1705 1900 2445 2605] [2760 3090 3120 3125 3130 3180 3325 3465]
COM3 0 28
3
[2440 2080 1825 1670 1740 1650 1985 2285] [2475 2860 3095 3000 2965 2895 3200 2955]
[2590 2250 1675 2050 1740 1785 1765 2170] [2370 2730 3160 2935 3060 2920 2875 2865]
[2530 1985 1665 1770 1710 1690 1960 2185] [2375 3025 3215 3025 2930 3040 3120 2830]
[2420 2150 1945 1850 1665 1760 2135 2535] [2610 2785 3225 3095 3115 2835 3110 2815]
[2475 2225 1680 1855 1825 1630 1830 2485] [2520 2940 3095 2950 2885 2980 3265 3020]
[2540 1860 1745 1835 1555 1890 1985 2235] [2515 3010 3155 3195 3020 3200 3140 3140]
[2715 2155 1860 2070 1865 2115 2065 2500] [2550 3275 3270 3015 3010 3140 3055 3105]
[2490 2180 2100 1955 1885 2210 2450 2940] [2760 3090 3120 3125 3130 3180 3325 3465]
COM8 1 29
3
[2440 2080 1825 1670 1740 1650 1985 2285] [2565 2990 3205 3035 3250 3110 3120 3025]
[2590 2250 1675 2050 1740 1785 1765 2170] [2360 2765 3100 2815 3065 3335 3035 2940]
[2530 1985 1665 1770 1710 1690 1960 2185] [2785 3030 3405 3150 3275 3060 3145 3155]
[2420 2150 1945 1850 1665 1760 2135 2535] [2595 2990 3240 3305 3210 3010 3175 3175]
[2475 2225 1680 1855 1825 1630 1830 2485] [2515 2850 2970 3115 3110 3105 3365 3295]
[2540 1860 1745 1835 1555 1890 1985 2235] [2560 3110 3340 3320 3170 2995 3195 3390]
[2715 2155 1860 2070 1865 2115 2065 2500] [2510 2990 3335 3170 3350 3100 3495 3080]
[2490 2180 2100 1955 1885 2210 2450 2940] [2805 3070 3435 3515 3045 3160 3345 3345]
COM3 0 30
3
[2430 1995 1845 1725 1715 1635 1920 2020] [2565 2990 3205 3035 3250 3110 3120 3025]
[2465 2310 1735 1710 1815 1720 1905 2145] [2360 2765 3100 2815 3065 3335 3035 2940]
[2395 2110 1920 1615 1575 1580 1985 2085] [2785 3030 3405 3150 3275 3060 3145 3155]
[2670 2015 1905 1705 1775 1740 1835 2145] [2595 2990 3240 3305 3210 3010 3175 3175]
[2680 2105 1780 1595 1715 1630 1965 2390] [2515 2850 2970 3115 3110 3105 3365 3295]
[2360 2175 1880 1750 1550 1755 1995 2195] [2560 3110 3340 3320 3170 2995 3195 3390]
[2505 2010 1770 1780 1820 1965 2100 2475] [2510 2990 3335 3170 3350 3100 3495 3080]
[2825 2290 1855 1575 1825 1925 2095 2505] [2805 3070 3435 3515 3045 3160 3345 3345]
COM8 1 31
3
[2430 1995 1845 1725 1715 1635 1920 2020] [2485 2735 3180 3110 3100 3145 2830 3145]
[2465 2310 1735 1710 1815 1720 1905 2145] [2475 3105 3120 3230 2940 3205 3200 3135]
[2395 2110 1920 1615 1575 1580 1985 2085] [2490 2645 3205 3070 3165 2955 3095 3050]
[2670 2015 1905 1705 1775 1740 1835 2145] [2385 2800 3240 3195 2940 3085 3090 3060]
[2680 2105 1780 1595 1715 1630 1965 2390] [2520 3020 3285 3065 2915 3315 3250 3320]
[2360 2175 1880 1750 1550 1755 1995 2195] [2395 2945 3200 3325 3275 3295 3260 3230]
[2505 2010 1770 1780 1820 1965 2100 2475] [2685 3095 3230 3065 3045 3170 3340 3395]
[2825 2290 1855 1575 1825 1925 2095 2505] [2735 3085 3470 3600 3235 3125 3385 3310]
COM3 0 32
3
[2540 2035 1760 1625 2045 1875 2075 2515] [2485 2735 3180 3110 3100 3145 2830 3145]
[2670 2145 1735 1805 1840 1865 2110 2465] [2475 3105 3120 3230 2940 3205 3200 3135]
[2305 2125 1785 1705 1670 1825 1970 2405] [2490 2645 3205 3070 3165 2955 3095 3050]
[2575 2105 1985 1780 1705 1725 2005 2385] [2385 2800 3240 3195 2940 3085 3090 3060]
[2575 2230 2080 1680 1855 1835 2095 2835] [2520 3020 3285 3065 2915 3315 3250 3320]
[2510 2075 1920 1870 1650 1960 2240 2480] [2395 2945 3200 3325 3275 3295 3260 3230]
[2320 2205 1755 1900 1935 2075 2095 2745] [2685 3095 3230 3065 3045 3170 3340 3395]
[2770 2490 1970 1830 1820 2120 2380 2550] [2735 3085 3470 3600 3235 3125 3385 3310]
COM8 1 33
3
[2540 2035 1760 1625 2045 1875 2075 2515] [2550 2765 3125 3110 3185 2955 3065 2960]
[2670 2145 1735 1805 1840 1865 2110 2465] [2575 2755 3040 2990 3180 3330 3140 2990]
[2305 2125 1785 1705 1670 1825 1970 2405] [2485 2725 3285 3035 3235 3095 3235 3005]
[2575 2105 1985 1780 1705 1725 2005 2385] [2560 2870 3370 3115 3055 2930 2910 3165]
[2575 2230 2080 1680 1855 1835 2095 2835] [2560 2830 3135 3095 3105 3095 3085 3120]
[2510 2075 1920 1870 1650 1960 2240 2480] [2585 3090 3175 3365 3215 3075 3195 3310]
[2320 2205 1755 1900 1935 2075 2095 2745] [2665 3445 3140 3010 3345 3335 3325 2995]
[2770 2490 1970 1830 1820 2120 2380 2550] [3150 3155 3310 3510 3135 3205 3240 3425]
COM3 0 34
3
[2470 1945 1600 1765 1700 1565 1980 2120] [2550 2765 3125 3110 3185 2955 3065 2960]
[2765 2020 1635 1665 1580 1585 1785 2080] [2575 2755 3040 2990 3180 3330 3140 2990]
[2350 1980 1555 1715 1605 1770 1840 2245] [2485 2725 3285 3035 3235 3095 3235 3005]
[2440 2115 1595 1655 1730 1695 1855 2050] [2560 2870 3370 3115 3055 2930 2910 3165]
[2555 2145 1815 1675 1705 1785 2130 2240] [2560 2830 3135 3095 3105 3095 3085 3120]
[2440 2040 1800 1810 1635 1705 1820 2320] [2585 3090 3175 3365 3215 3075 3195 3310]
[2420 2210 1920 1645 1655 1800 1785 2395] [2665 3445 3140 3010 3345 3335 3325 2995]
[2510 2235 2175 1575 1780 1730 2215 2360] [3150 3155 3310 3510 3135 3205 3240 3425]
COM8 1 35
3
[2470 1945 1600 1765 1700 1565 1980 2120] [2485 2920 3310 3250 3185 3165 3320 3305]
[2765 2020 1635 1665 1580 1585 1785 2080] [2380 2850 3310 3360 3190 3485 3285 3405]
[2350 1980 1555 1715 1605 1770 1840 2245] [2585 3035 3070 3180 3220 3330 3365 3345]
[2440 2115 1595 1655 1730 1695 1855 2050] [2670 2935 3300 3050 3370 3420 3285 3145]
[2555 2145 1815 1675 1705 1785 2130 2240] [2505 2970 3140 3110 3110 3410 3255 3490]
[2440 2040 1800 1810 1635 1705 1820 2320] [2660 3165 3295 3465 3275 3300 3255 3400]
[2420 2210 1920 1645 1655 1800 1785 2395] [2605 2990 3310 3130 3270 3345 3580 3430]
[2510 2235 2175 1575 1780 1730 2215 2360] [2860 3275 3345 3625 3405 3290 3390 3435]
COM3 0 36
3
[2560 1815 1685 1490 1635 1640 1705 1715] [2485 2920 3310 3250 3185 3165 3320 3305]
[2435 2210 1645 1530 1710 1585 1755 2165] [2380 2850 3310 3360 3190 3485 3285 3405]
[2310 1860 1740 1585 1560 1520 1700 2000] [2585 3035 3070 3180 3220 3330 3365 3345]
[2430 1910 1595 1605 1620 1640 1640 2285] [2670 2935 3300 3050 3370 3420 3285 3145]
[2320 1920 1800 1465 1735 1600 1800 2285] [2505 2970 3140 3110 3110 3410 3255 3490]
[2480 1920 1805 1595 1490 1620 1770 2035] [2660 3165 3295 3465 3275 3300 3255 3400]
[2540 2220 1865 1625 1505 1580 1735 2415] [2605 2990 3310 3130 3270 3345 3580 3430]
[2635 1765 1965 1740 1670 1645 2160 2475] [2860 3275 3345 3625 3405 3290 3390 3435]
COM8 1 37
3
[2560 1815 1685 1490 1635 1640 1705 1715] [2485 2655 3125 3200 3170 3050 3325 3095]
[2435 2210 1645 1530 1710 1585 1755 2165] [2555 2835 3235 2965 2860 3100 3100 2850]
[2310 1860 1740 1585 1560 1520 1700 2000] [2570 2900 3205 3175 3170 3285 3375 3125]
[2430 1910 1595 1605 1620 1640 1640 2285] [2495 2945 3205 3120 3075 3010 3210 2995]
[2320 1920 1800 1465 1735 1600 1800 2285] [2475 3125 3240 3180 3225 3035 3410 3315]
[2480 1920 1805 1595 1490 1620 1770 2035] [2530 2885 3115 3300 3050 3230 3285 3140]
[2540 2220 1865 1625 1505 1580 1735 2415] [2640 3405 3175 3290 3210 3205 3375 3490]
[2635 1765 1965 1740 1670 1645 2160 2475] [2760 3215 3585 3480 3235 3275 3335 3435]
COM3 0 38
3
[2565 2005 1780 1745 1580 1940 1925 2220] [2485 2655 3125 3200 3170 3050 3325 3095]
[2745 2290 1665 1800 1795 1660 1835 2240] [2555 2835 3235 2965 2860 3100 3100 2850]
[2405 1970 1820 1730 1695 1785 1815 2270] [2570 2900 3205 3175 3170 3285 3375 3125]
[2625 1900 1885 1645 1790 1825 1915 2240] [2495 2945 3205 3120 3075 3010 3210 2995]
[2445 1935 1865 1735 1775 1640 2005 2295] [2475 3125 3240 3180 3225 3035 3410 3315]
[2235 2070 1820 1945 1680 1850 2140 2160] [2530 2885 3115 3300 3050 3230 3285 3140]
[2400 2065 1815 1895 1670 1815 1935 2440] [2640 3405 3175 3290 3210 3205 3375 3490]
[2590 2350 2035 1935 1640 1790 2055 2780] [2760 3215 3585 3480 3235 3275 3335 3435]
COM8 1 39
3
[2565 2005 1780 1745 1580 1940 1925 2220] [2470 2995 3275 3050 3215 3005 3110 3195]
[2745 2290 1665 1800 1795 1660 1835 2240] [2510 2850 3180 3090 3005 3145 3110 3085]
[2405 1970 1820 1730 1695 1785 1815 2270] [2585 2900 3125 3080 3130 3070 3185 2875]
[2625 1900 1885 1645 1790 1825 1915 2240] [2630 3135 3180 3330 3335 3150 3055 3055]
[2445 1935 1865 1735 1775 1640 2005 2295] [2485 3010 3070 2940 3145 3185 3290 3025]
[2235 2070 1820 1945 1680 1850 2140 2160] [2590 2775 3100 3275 3160 3135 3420 3315]
[2400 2065 1815 1895 1670 1815 1935 2440] [2565 3340 3530 3325 3230 3330 3165 3260]
[2590 2350 2035 1935 1640 1790 2055 2780] [2860 3120 3505 3325 3195 3110 3450 3325]
COM3 0 40
3
[2545 2135 2030 1860 1815 1840 2040 2320] [2470 2995 3275 3050 3215 3005 3110 3195]
[2565 2145 1955 1935 1765 1755 1905 2385] [2510 2850 3180 3090 3005 3145 3110 3085]
[2575 2070 1770 1720 1790 1970 2010 2360] [2585 2900 3125 3080 3130 3070 3185 2875]
[2500 1985 2070 1855 1950 1985 2045 2430] [2630 3135 3180 3330 3335 3150 3055 3055]
[2530 1985 1885 1670 1950 1815 2255 2325] [2485 3010 3070 2940 3145 3185 3290 3025]
[2550 2145 2105 1880 1780 1885 2260 2460] [2590 2775 3100 3275 3160 3135 3420 3315]
[2655 2220 1955 1985 1815 1975 2200 2605] [2565 3340 3530 3325 3230 3330 3165 3260]
[2635 2425 2005 1740 1800 2125 2345 2795] [2860 3120 3505 3325 3195 3110 3450 3325]
COM8 1 41
3
[2545 2135 2030 1860 1815 1840 2040 2320] [2655 2750 2935 3070 3345 2915 3105 2915]
[2565 2145 1955 1935 1765 1755 1905 2385] [2175 2735 3100 2945 2860 3115 2965 3000]
[2575 2070 1770 1720 1790 1970 2010 2360] [2295 2800 3120 3075 3055 2995 2845 3005]
[2500 1985 2070 1855 1950 1985 2045 2430] [2475 2875 3000 3335 3050 2835 3020 2995]
[2530 1985 1885 1670 1950 1815 2255 2325] [2505 2880 3375 2960 3145 2960 3135 3100]
[2550 2145 2105 1880 1780 1885 2260 2460] [2605 3200 3070 3275 3150 2900 3150 3215]
[2655 2220 1955 1985 1815 1975 2200 2605] [2695 2990 3265 3150 3100 3105 3305 3295]
[2635 2425 2005 1740 1800 2125 2345 2795] [2740 3480 3320 3570 3125 3125 3295 3175]
COM3 0 42
3
[2695 2210 1760 1750 1730 1765 1815 2155] [2655 2750 2935 3070 3345 2915 3105 2915]
[2580 2385 1855 1675 1705 1835 1905 2205] [2175 2735 3100 2945 2860 3115 2965 3000]
[2495 2255 1675 1810 1660 1690 1835 2330] [2295 2800 3120 3075 3055 2995 2845 3005]
[2755 2155 2000 1785 1745 1810 1985 2515] [2475 2875 3000 3335 3050 2835 3020 2995]
[2325 2055 1870 1800 1900 1665 1915 2360] [2505 2880 3375 2960 3145 2960 3135 3100]
[2600 2285 2040 1805 1665 1965 2205 2370] [2605 3200 3070 3275 3150 2900 3150 3215]
[2835 2245 1785 1815 1885 1830 2295 2585] [2695 2990 3265 3150 3100 3105 3305 3295]
[2780 1895 1950 1740 1670 1880 2385 2285] [2740 3480 3320 3570 3125 3125 3295 3175]
COM8 1 43
3
[2695 2210 1760 1750 1730 1765 1815 2155] [2555 2725 3325 3230 3105 3165 3235 3210]
[2580 2385 1855 1675 1705 1835 1905 2205] [2610 2835 3145 3180 3000 3325 3320 3165]
[2495 2255 1675 1810 1660 1690 1835 2330] [2640 2965 3155 3200 3345 3370 3220 3205]
[2755 2155 2000 1785 1745 1810 1985 2515] [2590 3110 3260 3300 3240 3215 3225 3140]
[2325 2055 1870 1800 1900 1665 1915 2360] [2480 3035 3230 3200 3360 3280 3450 3300]
[2600 2285 2040 1805 1665 1965 2205 2370] [2525 3095 3125 3330 3175 3275 3215 3230]
[2835 2245 1785 1815 1885 1830 2295 2585] [2760 3365 3280 3340 3620 3295 3445 3345]
[2780 1895 1950 1740 1670 1880 2385 2285] [2790 3315 3620 3515 3255 3275 3350 3525]
COM3 0 44
3
[2475 2035 1855 1735 1670 1595 1910 2225] [2555 2725 3325 3230 3105 3165 3235 3210]
[2535 2030 1680 1870 1720 1525 1805 2200] [2610 2835 3145 3180 3000 3325 3320 3165]
[2420 1980 1800 1590 1665 1740 1765 2215] [2640 2965 3155 3200 3345 3370 3220 3205]
[2455 2015 1845 1690 1770 1745 2010 2245] [2590 3110 3260 3300 3240 3215 3225 3140]
[2675 1975 1815 1650 1760 1590 1800 2275] [2480 3035 3230 3200 3360 3280 3450 3300]
[2580 2040 1905 1755 1640 1725 1955 2365] [2525 3095 3125 3330 3175 3275 3215 3230]
[2545 2285 1915 1820 1865 1880 1950 2510] [2760 3365 3280 3340 3620 3295 3445 3345]
[3020 2200 1930 1675 1690 1955 2025 2630] [2790 3315 3620 3515 3255 3275 3350 3525]
COM8 1 45
3
[2475 2035 1855 1735 1670 1595 1910 2225] [2520 2970 3095 3020 3090 3350 3385 3470]
[2535 2030 1680 1870 1720 1525 1805 2200] [2550 2910 3155 3060 3145 3390 3095 3200]
[2420 1980 1800 1590 1665 1740 1765 2215] [2670 3045 3170 3255 3225 3300 3260 3175]
[2455 2015 1845 1690 1770 1745 2010 2245] [2655 2870 3085 3315 3155 3460 3195 3470]
[2675 1975 1815 1650 1760 1590 1800 2275] [2540 2995 3255 3200 3390 3000 3465 3475]
[2580 2040 1905 1755 1640 1725 1955 2365] [2730 2905 3225 3290 3235 3275 3075 3570]
[2545 2285 1915 1820 1865 1880 1950 2510] [2685 3300 3520 3435 3345 3235 3405 3460]
[3020 2200 1930 1675 1690 1955 2025 2630] [2860 3355 3355 3520 3335 3265 3330 3310]
COM3 0 46
3
[2535 2005 1660 1600 1585 1540 1610 1995] [2520 2970 3095 3020 3090 3350 3385 3470]
[2535 2125 1645 1625 1650 1745 1610 2045] [2550 2910 3155 3060 3145 3390 3095 3200]
[2300 1895 1555 1525 1555 1640 1865 2095] [2670 3045 3170 3255 3225 3300 3260 3175]
[2555 2000 1560 1605 1670 1585 1705 1935] [2655 2870 3085 3315 3155 3460 3195 3470]
[2575 2135 1880 1655 1590 1555 1695 2305] [2540 2995 3255 3200 3390 3000 3465 3475]
[2335 1905 1830 1455 1555 1645 1965 2240] [2730 2905 3225 3290 3235 3275 3075 3570]
[2555 2125 1685 1885 1785 1815 1765 2560] [2685 3300 3520 3435 3345 3235 3405 3460]
[2750 1860 1565 1660 1545 1695 2025 2430] [2860 3355 3355 3520 3335 3265 3330 3310]
COM8 1 47
3
[2535 2005 1660 1600 1585 1540 1610 1995] [2520 2765 3230 3280 3240 3180 3135 3095]
[2535 2125 1645 1625 1650 1745 1610 2045] [2400 2850 3115 3300 3090 3305 2900 3045]
[2300 1895 1555 1525 1555 1640 1865 2095] [2630 3150 2995 3125 3340 3240 3080 3300]
[2555 2000 1560 1605 1670 1585 1705 1935] [2665 2870 3175 3240 3305 3250 3230 3145]
[2575 2135 1880 1655 1590 1555 1695 2305] [2420 2875 3275 3210 3200 3160 3510 3330]
[2335 1905 1830 1455 1555 1645 1965 2240] [2405 3040 2935 3150 3105 3245 3285 3270]
[2555 2125 1685 1885 1785 1815 1765 2560] [2740 3070 3055 3365 3065 3360 3380 3295]
[2750 1860 1565 1660 1545 1695 2025 2430] [2860 3135 3335 3415 3235 3415 3465 3445]
COM3 0 48
3
[2580 2125 1590 1670 1705 1615 1785 1845] [2520 2765 3230 3280 3240 3180 3135 3095]
[2510 1995 1675 1585 1630 1665 1735 2045] [2400 2850 3115 3300 3090 3305 2900 3045]
[2490 1735 1625 1540 1545 1565 1700 2120] [2630 3150 2995 3125 3340 3240 3080 3300]
[2175 2045 1755 1640 1800 1665 1770 2010] [2665 2870 3175 3240 3305 3250 3230 3145]
[2425 2080 1805 1510 1630 1575 1920 2235] [2420 2875 3275 3210 3200 3160 3510 3330]
[2395 2140 1850 1705 1590 1715 1890 2205] [2405 3040 2935 3150 3105 3245 3285 3270]
[2230 2055 1835 1635 1735 1830 2060 2275] [2740 3070 3055 3365 3065 3360 3380 3295]
[2675 2070 1635 1970 1610 1740 2045 2400] [2860 3135 3335 3415 3235 3415 3465 3445]
COM8 1 49
3
[2580 2125 1590 1670 1705 1615 1785 1845] [2465 2900 3095 3020 2875 3100 3120 3015]
[2510 1995 1675 1585 1630 1665 1735 2045] [2535 2935 3305 3100 2980 3045 3070 2775]
[2490 1735 1625 1540 1545 1565 1700 2120] [2530 2990 3050 3035 3180 2930 3040 2875]
[2175 2045 1755 1640 1800 1665 1770 2010] [2415 2740 3170 3155 3035 3030 2910 2840]
[2425 2080 1805 1510 1630 1575 1920 2235] [2465 3025 3185 3040 3070 2940 3005 3125]
[2395 2140 1850 1705 1590 1715 1890 2205] [2495 2875 3440 3180 3115 3155 2965 3100]
[2230 2055 1835 1635 1735 1830 2060 2275] [2590 3295 3425 3240 3190 2925 3140 3485]
[2675 2070 1635 1970 1610 1740 2045 2400] [2835 2810 3125 3390 3135 3010 2950 3105]
COM3 0 50
3
[2585 1935 1735 1625 1880 1705 2100 2340] [2465 2900 3095 3020 2875 3100 3120 3015]
[2515 2085 1545 1775 1660 1780 1980 2170] [2535 2935 3305 3100 2980 3045 3070 2775]
[2470 2240 1870 1660 1635 1715 1770 2190] [2530 2990 3050 3035 3180 2930 3040 2875]
[2625 1865 1820 1655 1835 1805 1900 2355] [2415 2740 3170 3155 3035 3030 2910 2840]
[2330 2045 1840 1660 1840 1650 1885 2335] [2465 3025 3185 3040 3070 2940 3005 3125]
[2505 2140 1820 1760 1555 1880 2015 2475] [2495 2875 3440 3180 3115 3155 2965 3100]
[2490 2295 2020 1880 1845 2070 2210 2500] [2590 3295 3425 3240 3190 2925 3140 3485]
[2735 2230 2255 1695 1790 1835 2340 2645] [2835 2810 3125 3390 3135 3010 2950 3105]
COM8 1 51
3
[2585 1935 1735 1625 1880 1705 2100 2340] [2330 2840 3270 3025 3195 3280 3220 3255]
[2515 2085 1545 1775 1660 1780 1980 2170] [2440 2850 3120 3250 3075 3350 3145 3260]
[2470 2240 1870 1660 1635 1715 1770 2190] [2450 2965 3110 3240 3255 3335 3315 3105]
[2625 1865 1820 1655 1835 1805 1900 2355] [2435 2870 3130 3050 3115 2910 3305 3225]
[2330 2045 1840 1660 1840 1650 1885 2335] [2540 3295 3575 3220 3280 3015 3090 3260]
[2505 2140 1820 1760 1555 1880 2015 2475] [2590 3085 3405 3320 3160 3235 3415 3465]
[2490 2295 2020 1880 1845 2070 2210 2500] [2665 2990 3420 3135 3170 3345 3125 3475]
[2735 2230 2255 1695 1790 1835 2340 2645] [2810 3100 3465 3220 3265 3205 3270 3335]
COM3 0 52
3
[2510 1845 1560 1675 1550 1575 1765 2155] [2330 2840 3270 3025 3195 3280 3220 3255]
[2435 2230 1680 1805 1720 1640 1670 2140] [2440 2850 3120 3250 3075 3350 3145 3260]
[2310 1930 1625 1485 1565 1615 1780 2275] [2450 2965 3110 3240 3255 3335 3315 3105]
[2545 2075 1645 1685 1620 1695 1875 2010] [2435 2870 3130 3050 3115 2910 3305 3225]
[2530 1955 1630 1610 1680 1550 2020 2235] [2540 3295 3575 3220 3280 3015 3090 3260]
[2735 2125 1735 1730 1650 1685 1885 2195] [2590 3085 3405 3320 3160 3235 3415 3465]
[2155 2100 1795 1450 1610 1500 2075 2395] [2665 2990 3420 3135 3170 3345 3125 3475]
[2845 2170 1865 1665 1640 1865 2225 2785] [2810 3100 3465 3220 3265 3205 3270 3335]
COM8 1 53
3
[2510 1845 1560 1675 1550 1575 1765 2155] [2750 3050 3300 3200 3180 3420 3320 3310]
[2435 2230 1680 1805 1720 1640 1670 2140] [2890 2910 3185 3180 3115 3525 3390 3345]
[2310 1930 1625 1485 1565 1615 1780 2275] [2740 3015 3260 3255 3515 3330 3330 3060]
[2545 2075 1645 1685 1620 1695 1875 2010] [2735 3120 3230 3215 3305 3240 3415 3210]
[2530 1955 1630 1610 1680 1550 2020 2235] [2775 3225 3095 3110 3290 3370 3215 3490]
[2735 2125 1735 1730 1650 1685 1885 2195] [2700 3055 3120 3315 3235 3300 3360 3570]
[2155 2100 1795 1450 1610 1500 2075 2395] [2770 3450 3495 3590 3355 3400 3360 3490]
[2845 2170 1865 1665 1640 1865 2225 2785] [2860 3385 3360 3575 3525 3330 3570 3540]
COM3 0 54
3
[2600 2105 1655 1605 1615 1505 1715 1855] [2750 3050 3300 3200 3180 3420 3320 3310]
[2460 1960 1590 1570 1715 1465 1670 2070] [2890 2910 3185 3180 3115 3525 3390 3345]
[2420 2150 1665 1480 1560 1665 1695 2005] [2740 3015 3260 3255 3515 3330 3330 3060]
[2600 2225 1665 1635 1550 1705 1895 2235] [2735 3120 3230 3215 3305 3240 3415 3210]
[2700 1900 1800 1565 1745 1420 1865 2210] [2775 3225 3095 3110 3290 3370 3215 3490]
[2480 2035 1975 1710 1550 1665 1700 2150] [2700 3055 3120 3315 3235 3300 3360 3570]
[2765 1980 1820 1535 1700 1580 1820 2345] [2770 3450 3495 3590 3355 3400 3360 3490]
[2790 2020 1895 1500 1625 1805 2270 2220] [2860 3385 3360 3575 3525 3330 3570 3540]
COM8 1 55
3
[2600 2105 1655 1605 1615 1505 1715 1855] [2570 2835 3240 3310 3160 3175 3115 3200]
[2460 1960 1590 1570 1715 1465 1670 2070] [2455 2910 3205 3205 3185 3235 3120 3085]
[2420 2150 1665 1480 1560 1665 1695 2005] [2465 2965 3425 3130 3180 3005 3220 3200]
[2600 2225 1665 1635 1550 1705 1895 2235] [2615 2870 3195 3245 2995 3200 3230 3120]
[2700 1900 1800 1565 1745 1420 1865 2210] [2435 3130 3230 3200 3210 3025 3230 3520]
[2480 2035 1975 1710 1550 1665 1700 2150] [2490 3035 3095 3355 3170 3135 3315 3115]
[2765 1980 1820 1535 1700 1580 1820 2345] [2700 3245 3345 3190 3175 3390 3225 3135]
[2790 2020 1895 1500 1625 1805 2270 2220] [2940 3320 3125 3320 3215 3225 3285 3435]
COM3 0 56
3
[2370 2195 1580 1580 1635 1575 1800 2165] [2570 2835 3240 3310 3160 3175 3115 3200]
[2340 2250 1520 1595 1720 1665 1880 1955] [2455 2910 3205 3205 3185 3235 3120 3085]
[2420 2100 1645 1605 1555 1590 1675 2060] [2465 2965 3425 3130 3180 3005 3220 3200]
[2085 2035 1765 1625 1795 1645 1865 2200] [2615 2870 3195 3245 2995 3200 3230 3120]
[2540 2080 1785 1570 1695 1615 1880 2180] [2435 3130 3230 3200 3210 3025 3230 3520]
[2640 1940 1835 1690 1640 1725 1915 2220] [2490 3035 3095 3355 3170 3135 3315 3115]
[2555 2160 1680 1620 1805 1695 2210 2490] [2700 3245 3345 3190 3175 3390 3225 3135]
[2900 2105 1855 1680 1470 1760 2255 2455] [2940 3320 3125 3320 3215 3225 3285 3435]
COM8 1 57
3
[2370 2195 1580 1580 1635 1575 1800 2165] [2470 2765 3075 3090 3125 3010 3245 3200]
[2340 2250 1520 1595 1720 1665 1880 1955] [2450 2765 3085 3090 3120 3125 3025 3190]
[2420 2100 1645 1605 1555 1590 1675 2060] [2395 2995 3145 3290 3205 3100 3015 3070]
[2085 2035 1765 1625 1795 1645 1865 2200] [2550 3100 3325 3420 3110 3040 3330 3135]
[2540 2080 1785 1570 1695 1615 1880 2180] [2660 2725 3165 3095 3225 3340 3180 3310]
[2640 1940 1835 1690 1640 1725 1915 2220] [2505 2940 3135 3565 3090 3320 3170 3355]
[2555 2160 1680 1620 1805 1695 2210 2490] [2575 2990 3410 3210 3285 3180 3360 3095]
[2900 2105 1855 1680 1470 1760 2255 2455] [3225 3245 3270 3265 3180 3170 3250 3175]
COM3 0 58
3
[2755 1905 1760 1780 1660 1760 2165 2220] [2470 2765 3075 3090 3125 3010 3245 3200]
[2530 2075 1720 1860 1765 1765 1890 2335] [2450 2765 3085 3090 3120 3125 3025 3190]
[2505 2020 1705 1735 1655 1785 1900 2140] [2395 2995 3145 3290 3205 3100 3015 3070]
[2765 2060 1865 1610 1835 1740 1690 2350] [2550 3100 3325 3420 3110 3040 3330 3135]
[2660 1845 1705 1565 1845 1760 2125 2270] [2660 2725 3165 3095 3225 3340 3180 3310]
[2435 2355 1870 1835 1565 1915 1980 2315] [2505 2940 3135 3565 3090 3320 3170 3355]
[2575 2075 1765 1700 1790 1980 2065 2390] [2575 2990 3410 3210 3285 3180 3360 3095]
[2485 2005 2175 1530 1740 2045 2585 2535] [3225 3245 3270 3265 3180 3170 3250 3175]
COM8 1 59
3
[2755 1905 1760 1780 1660 1760 2165 2220] [2705 2940 3040 3145 3215 3180 3150 3255]
[2530 2075 1720 1860 1765 1765 1890 2335] [2280 2920 3310 3095 3320 3055 3085 2990]
[2505 2020 1705 1735 1655 1785 1900 2140] [2350 2900 3205 3235 3395 3150 3220 3100]
[2765 2060 1865 1610 1835 1740 1690 2350] [2545 3005 3425 3165 3215 3145 3110 3080]
[2660 1845 1705 1565 1845 1760 2125 2270] [2460 3120 3290 3290 3185 3195 3415 3310]
[2435 2355 1870 1835 1565 1915 1980 2315] [2610 3065 3100 3215 3065 3160 3280 3320]
[2575 2075 1765 1700 1790 1980 2065 2390] [2580 3215 3485 3310 3270 3330 3165 3270]
[2485 2005 2175 1530 1740 2045 2585 2535] [2610 3265 3225 3475 3260 3210 3455 3440]
COM3 0 60
3
[2405 1875 1735 1570 1640 1610 1720 2175] [2705 2940 3040 3145 3215 3180 3150 3255]
[2530 2025 1510 1645 1625 1765 1640 2205] [2280 2920 3310 3095 3320 3055 3085 2990]
[2545 1985 1695 1500 1455 1615 1820 2110] [2350 2900 3205 3235 3395 3150 3220 3100]
[2490 2060 1760 1635 1715 1700 1875 2305] [2545 3005 3425 3165 3215 3145 3110 3080]
[2480 2165 1675 1605 1665 1605 1890 2230] [2460 3120 3290 3290 3185 3195 3415 3310]
[2465 2255 1920 1670 1470 1735 1805 2325] [2610 3065 3100 3215 3065 3160 3280 3320]
[2340 2245 1775 1690 1655 1925 1825 2405] [2580 3215 3485 3310 3270 3330 3165 3270]
[2625 1785 1735 1885 1590 2060 2240 2535] [2610 3265 3225 3475 3260 3210 3455 3440]
COM8 1 61
3
[2405 1875 1735 1570 1640 1610 1720 2175] [2695 3075 3015 3330 3270 3275 3310 3405]
[2530 2025 1510 1645 1625 1765 1640 2205] [2475 2850 3355 3095 3245 3375 3260 3275]
[2545 1985 1695 1500 1455 1615 1820 2110] [2545 2815 3180 3120 3295 3365 3190 3145]
[2490 2060 1760 1635 1715 1700 1875 2305] [2555 3195 3245 3345 3255 3150 3165 3255]
[2480 2165 1675 1605 1665 1605 1890 2230] [2620 3285 3625 3215 3370 3310 3225 3450]
[2465 2255 1920 1670 1470 1735 1805 2325] [2490 3210 3295 3535 3330 3320 3505 3300]
[2340 2245 1775 1690 1655 1925 1825 2405] [2825 3355 3605 3550 3325 3200 3340 3210]
[2625 1785 1735 1885 1590 2060 2240 2535] [2975 3035 3350 3680 3370 3500 3470 3400]
COM3 0 62
3
[2460 2100 1705 1670 1600 1570 1850 2360] [2695 3075 3015 3330 3270 3275 3310 3405]
[2610 2195 1525 1615 1620 1625 1570 2240] [2475 2850 3355 3095 3245 3375 3260 3275]
[2450 1980 1595 1580 1565 1550 1765 2065] [2545 2815 3180 3120 3295 3365 3190 3145]
[2550 2035 1705 1610 1660 1640 1750 2095] [2555 3195 3245 3345 3255 3150 3165 3255]
[2430 1915 1695 1610 1645 1610 1935 2190] [2620 3285 3625 3215 3370 3310 3225 3450]
[2465 2300 1995 1685 1550 1720 2055 2395] [2490 3210 3295 3535 3330 3320 3505 3300]
[2440 2255 1755 1800 1610 1815 1885 2260] [2825 3355 3605 3550 3325 3200 3340 3210]
[2930 2410 1825 1470 1570 1705 2335 2600] [2975 3035 3350 3680 3370 3500 3470 3400]
COM8 1 63
3
[2460 2100 1705 1670 1600 1570 1850 2360] [2470 2835 3165 3025 3270 3085 3200 3100]
[2610 2195 1525 1615 1620 1625 1570 2240] [2535 2920 3035 3130 3135 3225 2985 3170]
[2450 1980 1595 1580 1565 1550 1765 2065] [2600 2750 3245 3265 3290 3195 3135 3050]
[2550 2035 1705 1610 1660 1640 1750 2095] [2490 3160 3095 3200 2940 3200 2970 3150]
[2430 1915 1695 1610 1645 1610 1935 2190] [2465 2875 3365 3045 3120 3145 3380 3115]
[2465 2300 1995 1685 1550 1720 2055 2395] [2460 3115 3170 3420 3255 3250 3170 3400]
[2440 2255 1755 1800 1610 1815 1885 2260] [2625 3250 3295 3120 3305 3280 3195 3240]
[2930 2410 1825 1470 1570 1705 2335 2600] [2835 3605 3110 3595 3155 3190 3110 3310]
COM3 0 64
3
[2505 1875 1660 1735 1660 1680 1875 2310] [2470 2835 3165 3025 3270 3085 3200 3100]
[2395 2125 1595 1680 1760 1760 1980 2250] [2535 2920 3035 3130 3135 3225 2985 3170]
[2335 1835 1690 1550 1665 1695 1980 2285] [2600 2750 3245 3265 3290 3195 3135 3050]
[2765 2100 1705 1685 1770 1820 2060 2230] [2490 3160 3095 3200 2940 3200 2970 3150]
[2520 2240 1880 1730 1805 1740 1985 2385] [2465 2875 3365 3045 3120 3145 3380 3115]
[2495 1890 1925 1795 1615 1660 1960 2245] [2460 3115 3170 3420 3255 3250 3170 3400]
[2670 2160 1675 1720 1875 1695 2140 2590] [2625 3250 3295 3120 3305 3280 3195 3240]
[2695 2265 1770 1905 1905 2285 2405 2780] [2835 3605 3110 3595 3155 3190 3110 3310]
COM8 1 65
3
[2505 1875 1660 1735 1660 1680 1875 2310] [2595 2900 2850 2980 2865 3130 3000 3025]
[2395 2125 1595 1680 1760 1760 1980 2250] [2465 2755 3020 2955 3090 3200 2955 2990]
[2335 1835 1690 1550 1665 1695 1980 2285] [2530 2875 3205 3065 3165 3155 2940 2860]
[2765 2100 1705 1685 1770 1820 2060 2230] [2485 2845 3250 2875 2940 3040 3130 2965]
[2520 2240 1880 1730 1805 1740 1985 2385] [2555 3100 3095 3090 3105 3090 2885 3135]
[2495 1890 1925 1795 1615 1660 1960 2245] [2425 2940 3365 3105 3020 3170 3110 2840]
[2670 2160 1675 1720 1875 1695 2140 2590] [2695 3070 3105 3295 3100 3135 3185 3080]
[2695 2265 1770 1905 1905 2285 2405 2780] [2715 3245 3420 3335 3095 3095 3170 3135]