COM8 1 6
3
[2865 2910 2765 2875 2950 2650 2935 2770] [3020 3065 3190 2470 2120 1905 2165 2275]
[2970 2950 2840 2955 2940 2785 2770 3075] [3025 3195 2860 2445 1985 1935 1915 2025]
[2775 2935 2920 2960 2785 2975 2900 2750] [3230 3155 2890 2260 2055 1785 1840 1760]
[2780 2855 2980 3020 2995 2925 3005 2835] [3145 3195 2875 2420 2030 1795 1825 1785]
[3025 3015 2995 2870 3025 2975 3080 3065] [3200 3200 2875 2255 1865 1825 1815 1810]
[2850 2845 2955 2885 3085 2990 3170 2950] [2950 3040 2700 2450 1960 1760 1890 1805]
[3140 3170 2995 3115 2935 2890 2730 2965] [3195 3225 2995 2265 1960 1835 1850 1950]
[3300 2875 2940 2890 2975 2940 3115 2820] [3295 2920 2770 2475 2005 1750 1915 1845]
COM3 0 7
3
[2840 2890 2970 3015 2925 2845 3055 2750] [3020 3065 3190 2470 2120 1905 2165 2275]
[3000 2960 3035 2860 2940 3035 2900 2915] [3025 3195 2860 2445 1985 1935 1915 2025]
[2835 2940 3035 2960 2895 2900 3005 2900] [3230 3155 2890 2260 2055 1785 1840 1760]
[3000 2990 3155 3100 3035 3000 2910 3085] [3145 3195 2875 2420 2030 1795 1825 1785]
[2850 3090 3050 3065 3035 2880 3005 3015] [3200 3200 2875 2255 1865 1825 1815 1810]
[2915 2980 3200 2950 2865 3235 2915 2910] [2950 3040 2700 2450 1960 1760 1890 1805]
[3020 3035 3090 3030 3055 2990 3020 2945] [3195 3225 2995 2265 1960 1835 1850 1950]
[3120 2915 2880 3170 2945 3130 3235 3025] [3295 2920 2770 2475 2005 1750 1915 1845]
COM8 1 8
3
[2840 2890 2970 3015 2925 2845 3055 2750] [3285 3050 2860 2360 2360 1860 2200 2170]
[3000 2960 3035 2860 2940 3035 2900 2915] [2945 3065 2975 2370 2005 1845 1985 1875]
[2835 2940 3035 2960 2895 2900 3005 2900] [3125 3000 2795 2250 2145 1840 1730 1855]
[3000 2990 3155 3100 3035 3000 2910 3085] [3265 3185 2840 2395 1985 1780 1800 1750]
[2850 3090 3050 3065 3035 2880 3005 3015] [3220 3280 2925 2110 1950 1670 1870 1880]
[2915 2980 3200 2950 2865 3235 2915 2910] [3040 3505 2785 2390 1940 1920 1830 1820]
[3020 3035 3090 3030 3055 2990 3020 2945] [3215 3245 2835 2345 1995 1815 1835 1765]
[3120 2915 2880 3170 2945 3130 3235 3025] [3205 3185 2900 2495 2025 1845 1755 1920]
COM3 0 9
3
[3020 2675 2760 3010 2855 2795 2895 2905] [3285 3050 2860 2360 2360 1860 2200 2170]
[3010 2980 2875 2965 3045 2825 2840 2940] [2945 3065 2975 2370 2005 1845 1985 1875]
[2835 3060 2795 2895 2835 2820 3045 2910] [3125 3000 2795 2250 2145 1840 1730 1855]
[3115 2935 3010 2840 2910 3015 2935 2835] [3265 3185 2840 2395 1985 1780 1800 1750]
[3035 2950 2965 2845 3010 2710 2860 3065] [3220 3280 2925 2110 1950 1670 1870 1880]
[2875 2770 3140 2995 2940 2945 3265 2975] [3040 3505 2785 2390 1940 1920 1830 1820]
[3040 3015 3020 3150 2835 3045 2955 2965] [3215 3245 2835 2345 1995 1815 1835 1765]
[2880 3195 2960 3055 2845 3145 3050 3015] [3205 3185 2900 2495 2025 1845 1755 1920]
COM8 1 10
3
[3020 2675 2760 3010 2855 2795 2895 2905] [3410 3065 3025 2430 1980 1920 2065 2305]
[3010 2980 2875 2965 3045 2825 2840 2940] [3160 3115 2895 2370 2045 1905 1970 1900]
[2835 3060 2795 2895 2835 2820 3045 2910] [3245 3060 2935 2325 2080 1755 1770 1860]
[3115 2935 3010 2840 2910 3015 2935 2835] [3265 3240 3005 2355 1840 1760 1805 1775]
[3035 2950 2965 2845 3010 2710 2860 3065] [3095 3100 2905 2070 1900 1715 1835 1850]
[2875 2770 3140 2995 2940 2945 3265 2975] [3160 2970 2685 2275 1905 1850 1850 1820]
[3040 3015 3020 3150 2835 3045 2955 2965] [3270 3215 2910 2455 1735 1820 1875 1850]
[2880 3195 2960 3055 2845 3145 3050 3015] [3270 3280 3225 2455 2080 1700 1990 1785]
COM3 0 11
3
[3040 2880 2965 3015 3010 2775 2735 2895] [3410 3065 3025 2430 1980 1920 2065 2305]
[3100 3070 2865 2960 2925 3095 2990 2990] [3160 3115 2895 2370 2045 1905 1970 1900]
[2820 2870 3030 3050 2960 3015 2940 2865] [3245 3060 2935 2325 2080 1755 1770 1860]
[2980 3045 3025 2855 3150 2850 3115 3005] [3265 3240 3005 2355 1840 1760 1805 1775]
[3120 3160 3000 2925 2980 2980 3000 2990] [3095 3100 2905 2070 1900 1715 1835 1850]
[2970 3040 3050 3040 2830 2950 3175 2905] [3160 2970 2685 2275 1905 1850 1850 1820]
[2805 3100 3105 3045 3050 2810 2880 2925] [3270 3215 2910 2455 1735 1820 1875 1850]
[3370 3060 2895 3105 3035 3035 3195 3075] [3270 3280 3225 2455 2080 1700 1990 1785]
COM8 1 12
3
[3040 2880 2965 3015 3010 2775 2735 2895] [3220 3080 2960 2545 2135 2010 2135 2180]
[3100 3070 2865 2960 2925 3095 2990 2990] [3280 3010 2965 2370 1875 1875 1900 1830]
[2820 2870 3030 3050 2960 3015 2940 2865] [3270 3190 2705 2285 2120 1690 1895 1810]
[2980 3045 3025 2855 3150 2850 3115 3005] [3175 3285 2875 2475 1875 1820 1905 1750]
[3120 3160 3000 2925 2980 2980 3000 2990] [3150 3115 2900 2275 1905 1725 1870 1840]
[2970 3040 3050 3040 2830 2950 3175 2905] [3100 3175 2775 2365 2000 1820 1830 1995]
[2805 3100 3105 3045 3050 2810 2880 2925] [3275 3185 2810 2380 1915 1765 1845 1795]
[3370 3060 2895 3105 3035 3035 3195 3075] [2890 3110 2905 2395 1995 1715 1780 1885]
COM3 0 13
3
[2700 2675 2725 2655 2780 2570 2850 2725] [3220 3080 2960 2545 2135 2010 2135 2180]
[2870 2880 2665 2660 2690 2845 2735 2920] [3280 3010 2965 2370 1875 1875 1900 1830]
[2855 2875 2955 2800 2675 2625 2925 2875] [3270 3190 2705 2285 2120 1690 1895 1810]
[2965 2940 3055 2750 2715 2780 2755 2840] [3175 3285 2875 2475 1875 1820 1905 1750]
[3035 2810 2845 2850 2875 2880 2975 2800] [3150 3115 2900 2275 1905 1725 1870 1840]
[2740 2825 2925 3095 2850 2935 2870 2880] [3100 3175 2775 2365 2000 1820 1830 1995]
[3095 2875 3005 3035 3100 2935 2740 2870] [3275 3185 2810 2380 1915 1765 1845 1795]
[2930 2920 2940 2940 2645 2790 2875 2935] [2890 3110 2905 2395 1995 1715 1780 1885]
COM8 1 14
3
[2700 2675 2725 2655 2780 2570 2850 2725] [3230 3035 3035 2440 2200 1880 2390 2310]
[2870 2880 2665 2660 2690 2845 2735 2920] [3380 3020 2975 2335 1945 1840 2020 1885]
[2855 2875 2955 2800 2675 2625 2925 2875] [3040 3145 2845 2275 2005 1660 1875 1965]
[2965 2940 3055 2750 2715 2780 2755 2840] [3360 3280 3075 2395 1935 1920 1840 1755]
[3035 2810 2845 2850 2875 2880 2975 2800] [3405 3135 3015 2240 2060 1815 1865 1895]
[2740 2825 2925 3095 2850 2935 2870 2880] [3210 2935 2815 2375 1945 1865 1840 1915]
[3095 2875 3005 3035 3100 2935 2740 2870] [3275 3420 2780 2395 1955 1815 1870 1870]
[2930 2920 2940 2940 2645 2790 2875 2935] [3355 3350 3145 2550 2085 1715 1925 1905]
COM3 0 15
3
[2780 2890 2665 2755 2665 2765 2845 2790] [3230 3035 3035 2440 2200 1880 2390 2310]
[2640 2910 2725 2990 2865 2715 2735 2625] [3380 3020 2975 2335 1945 1840 2020 1885]
[2845 2795 2800 2660 2745 2815 2775 2895] [3040 3145 2845 2275 2005 1660 1875 1965]
[2870 2755 2865 2825 2875 2840 2840 2955] [3360 3280 3075 2395 1935 1920 1840 1755]
[2840 2905 2795 2835 2815 2790 2965 2865] [3405 3135 3015 2240 2060 1815 1865 1895]
[2940 2975 2990 2830 2720 2825 3025 2870] [3210 2935 2815 2375 1945 1865 1840 1915]
[2880 3015 2925 2930 2750 2920 2610 2905] [3275 3420 2780 2395 1955 1815 1870 1870]
[3345 3095 2875 2990 2870 2840 2920 2935] [3355 3350 3145 2550 2085 1715 1925 1905]
COM8 1 16
3
[2780 2890 2665 2755 2665 2765 2845 2790] [3300 3070 3090 2540 2130 2015 2145 2265]
[2640 2910 2725 2990 2865 2715 2735 2625] [3110 3010 3050 2390 1900 1910 1900 1950]
[2845 2795 2800 2660 2745 2815 2775 2895] [3140 3285 2920 2330 2090 1725 1860 1785]
[2870 2755 2865 2825 2875 2840 2840 2955] [3160 2975 2895 2400 1895 1810 1785 1730]
[2840 2905 2795 2835 2815 2790 2965 2865] [3145 3085 2795 2330 1905 1785 1855 1815]
[2940 2975 2990 2830 2720 2825 3025 2870] [3200 3145 2880 2460 1880 1820 1885 1720]
[2880 3015 2925 2930 2750 2920 2610 2905] [3390 3120 2915 2355 1880 1680 1850 1775]
[3345 3095 2875 2990 2870 2840 2920 2935] [3325 3450 2835 2610 1900 1760 1900 1915]
COM3 0 17
3
[2825 2760 2860 2795 2890 2795 2860 2970] [3300 3070 3090 2540 2130 2015 2145 2265]
[3080 2775 2895 3005 2990 2845 3020 2925] [3110 3010 3050 2390 1900 1910 1900 1950]
[2915 2960 2845 2760 2685 2950 2810 2825] [3140 3285 2920 2330 2090 1725 1860 1785]
[3205 2935 2930 2995 3030 2985 2850 2855] [3160 2975 2895 2400 1895 1810 1785 1730]
[3120 2990 2770 2820 3015 2845 3120 2870] [3145 3085 2795 2330 1905 1785 1855 1815]
[3090 3055 3005 3000 2995 3095 3130 2785] [3200 3145 2880 2460 1880 1820 1885 1720]
[2730 2895 3195 3070 2955 2970 3000 2970] [3390 3120 2915 2355 1880 1680 1850 1775]
[3260 3255 3065 2930 3040 3045 3250 3080] [3325 3450 2835 2610 1900 1760 1900 1915]
COM8 1 18
3
[2825 2760 2860 2795 2890 2795 2860 2970] [3340 3070 3040 2430 2205 1960 2175 2330]
[3080 2775 2895 3005 2990 2845 3020 2925] [3095 3315 2630 2175 1900 1895 1970 2055]
[2915 2960 2845 2760 2685 2950 2810 2825] [3135 3035 2860 2300 1945 1770 1865 1805]
[3205 2935 2930 2995 3030 2985 2850 2855] [3300 3095 2895 2405 1900 1690 1825 1755]
[3120 2990 2770 2820 3015 2845 3120 2870] [3290 3200 2960 2275 1950 1675 1870 1810]
[3090 3055 3005 3000 2995 3095 3130 2785] [3080 3060 2695 2300 1850 1755 1870 1755]
[2730 2895 3195 3070 2955 2970 3000 2970] [3040 3165 2900 2430 1925 1680 1870 1865]
[3260 3255 3065 2930 3040 3045 3250 3080] [3100 3205 2870 2290 1805 1815 1795 1730]
COM3 0 19
3
[3050 2905 2990 3125 2985 2970 3135 2960] [3340 3070 3040 2430 2205 1960 2175 2330]
[2935 3105 3045 3130 2985 3085 2915 3005] [3095 3315 2630 2175 1900 1895 1970 2055]
[2895 3215 3185 3045 2990 2975 3055 3035] [3135 3035 2860 2300 1945 1770 1865 1805]
[3175 3240 3125 3025 3205 3040 3095 2885] [3300 3095 2895 2405 1900 1690 1825 1755]
[3195 3035 3045 2960 3170 3065 3215 3055] [3290 3200 2960 2275 1950 1675 1870 1810]
[2985 3210 3340 3265 3075 3170 3150 2965] [3080 3060 2695 2300 1850 1755 1870 1755]
[3465 3340 3200 3355 3445 3050 3155 2910] [3040 3165 2900 2430 1925 1680 1870 1865]
[3365 3150 3105 3360 3125 3205 3040 3250] [3100 3205 2870 2290 1805 1815 1795 1730]
COM8 1 20
3
[3050 2905 2990 3125 2985 2970 3135 2960] [3295 3070 2965 2430 2375 1940 2190 2250]
[2935 3105 3045 3130 2985 3085 2915 3005] [3295 3000 3270 2485 1995 1980 1990 1950]
[2895 3215 3185 3045 2990 2975 3055 3035] [3260 3135 3045 2325 2100 1835 1910 1895]
[3175 3240 3125 3025 3205 3040 3095 2885] [3245 3240 2760 2435 2095 1760 1930 1885]
[3195 3035 3045 2960 3170 3065 3215 3055] [3415 3255 2965 2360 2070 1770 1920 1865]
[2985 3210 3340 3265 3075 3170 3150 2965] [3040 3215 2910 2345 2035 1925 1975 1860]
[3465 3340 3200 3355 3445 3050 3155 2910] [3355 3245 2975 2325 2095 1995 1950 1920]
[3365 3150 3105 3360 3125 3205 3040 3250] [3605 3280 3110 2500 1960 1955 1840 1945]
COM3 0 21
3
[3205 2995 3125 2950 3105 2925 3140 2960] [3295 3070 2965 2430 2375 1940 2190 2250]
[3020 3200 2980 2970 3095 3035 3055 2995] [3295 3000 3270 2485 1995 1980 1990 1950]
[3125 3115 3105 3020 3005 3090 3110 3125] [3260 3135 3045 2325 2100 1835 1910 1895]
[3115 3120 3395 3020 3140 3040 2975 2805] [3245 3240 2760 2435 2095 1760 1930 1885]
[3165 3050 3290 2995 3230 2990 3310 3260] [3415 3255 2965 2360 2070 1770 1920 1865]
[3100 3215 3265 2990 3020 3360 3255 2990] [3040 3215 2910 2345 2035 1925 1975 1860]
[3230 3285 2990 3180 3140 2990 3230 3170] [3355 3245 2975 2325 2095 1995 1950 1920]
[3335 3370 3590 3395 3190 3130 3215 3200] [3605 3280 3110 2500 1960 1955 1840 1945]
COM8 1 22
3
[3205 2995 3125 2950 3105 2925 3140 2960] [3085 3145 3025 2380 2045 1900 2085 2345]
[3020 3200 2980 2970 3095 3035 3055 2995] [2915 3345 2925 2495 2075 1835 1890 1800]
[3125 3115 3105 3020 3005 3090 3110 3125] [3170 3105 2830 2280 2110 1655 1820 1810]
[3115 3120 3395 3020 3140 3040 2975 2805] [3310 3295 3050 2435 1950 1760 1895 1810]
[3165 3050 3290 2995 3230 2990 3310 3260] [3210 3325 2860 2310 1985 1715 1800 1850]
[3100 3215 3265 2990 3020 3360 3255 2990] [3225 3210 2715 2210 1985 1820 1925 1925]
[3230 3285 2990 3180 3140 2990 3230 3170] [3205 3275 2910 2325 1965 1745 1800 1930]
[3335 3370 3590 3395 3190 3130 3215 3200] [3205 3225 3050 2485 2025 1645 1765 1835]
COM3 0 23
3
[2700 2570 2540 2640 2575 2560 2710 2675] [3085 3145 3025 2380 2045 1900 2085 2345]
[2605 2685 2675 2720 2630 2580 2585 2780] [2915 3345 2925 2495 2075 1835 1890 1800]
[2640 2570 2610 2560 2585 2675 2665 2725] [3170 3105 2830 2280 2110 1655 1820 1810]
[2520 2585 2840 2765 2775 2560 2675 2750] [3310 3295 3050 2435 1950 1760 1895 1810]
[2680 2920 2795 2630 2710 2560 2715 2915] [3210 3325 2860 2310 1985 1715 1800 1850]
[2655 2775 2925 2730 2650 2720 2810 2785] [3225 3210 2715 2210 1985 1820 1925 1925]
[2685 2685 2715 2700 2595 2515 2725 2725] [3205 3275 2910 2325 1965 1745 1800 1930]
[2990 2880 2695 2770 2720 2895 2765 2790] [3205 3225 3050 2485 2025 1645 1765 1835]
COM8 1 24
3
[2700 2570 2540 2640 2575 2560 2710 2675] [3400 3265 3065 2590 2395 2065 2260 2335]
[2605 2685 2675 2720 2630 2580 2585 2780] [3340 3135 3105 2550 2185 1935 2105 1960]
[2640 2570 2610 2560 2585 2675 2665 2725] [3385 3240 2990 2535 2125 1715 1945 1855]
[2520 2585 2840 2765 2775 2560 2675 2750] [3445 3475 3205 2475 1935 1830 1720 1825]
[2680 2920 2795 2630 2710 2560 2715 2915] [3290 3105 3180 2365 2000 1740 1855 1920]
[2655 2775 2925 2730 2650 2720 2810 2785] [3275 3310 3140 2500 1965 1855 1920 1835]
[2685 2685 2715 2700 2595 2515 2725 2725] [3310 3555 3190 2540 1900 1820 1950 1950]
[2990 2880 2695 2770 2720 2895 2765 2790] [3505 3385 2940 2600 2130 1895 1880 1855]
COM3 0 25
3
[2580 2575 2545 2740 2905 2570 2880 2790] [3400 3265 3065 2590 2395 2065 2260 2335]
[3000 2750 2725 2660 2755 2615 2825 2785] [3340 3135 3105 2550 2185 1935 2105 1960]
[2750 2695 2670 2705 2590 2650 2645 2725] [3385 3240 2990 2535 2125 1715 1945 1855]
[2825 2745 2810 2665 2765 2880 2635 2795] [3445 3475 3205 2475 1935 1830 1720 1825]
[2755 2855 2660 2740 2790 2770 2890 2780] [3290 3105 3180 2365 2000 1740 1855 1920]
[2975 2825 2950 2985 2615 2650 2775 2735] [3275 3310 3140 2500 1965 1855 1920 1835]
[2880 2880 2875 2870 2630 2960 2760 2925] [3310 3555 3190 2540 1900 1820 1950 1950]
[3110 2915 2910 2860 2800 2730 2800 2935] [3505 3385 2940 2600 2130 1895 1880 1855]
COM8 1 26
3
[2580 2575 2545 2740 2905 2570 2880 2790] [3245 3110 3025 2350 2185 1845 2035 2135]
[3000 2750 2725 2660 2755 2615 2825 2785] [3205 3095 2885 2410 1955 1910 1970 1895]
[2750 2695 2670 2705 2590 2650 2645 2725] [3060 3195 2815 2345 1975 1760 1805 1740]
[2825 2745 2810 2665 2765 2880 2635 2795] [2960 3135 2960 2345 1760 1655 1700 1755]
[2755 2855 2660 2740 2790 2770 2890 2780] [2945 2870 2985 2050 1845 1570 1840 1800]
[2975 2825 2950 2985 2615 2650 2775 2735] [2775 3145 2650 2300 1850 1740 1755 1795]
[2880 2880 2875 2870 2630 2960 2760 2925] [3040 3260 2790 2275 2035 1800 1860 1865]
[3110 2915 2910 2860 2800 2730 2800 2935] [3505 3470 2835 2250 1845 1645 1845 1800]
COM3 0 27
3
[2660 2825 2830 2820 2725 2615 2820 2790] [3245 3110 3025 2350 2185 1845 2035 2135]
[2835 2775 2735 2715 2765 2675 2895 2950] [3205 3095 2885 2410 1955 1910 1970 1895]
[2595 2850 2850 2710 2730 2800 2620 2950] [3060 3195 2815 2345 1975 1760 1805 1740]
[2815 2815 2860 2865 2935 2855 2785 2765] [2960 3135 2960 2345 1760 1655 1700 1755]
[2820 2815 2925 2785 3105 2810 2845 2895] [2945 2870 2985 2050 1845 1570 1840 1800]
[3080 3010 2660 2915 2870 2950 2925 2825] [2775 3145 2650 2300 1850 1740 1755 1795]
[2790 2895 2730 2855 2625 3000 2620 2940] [3040 3260 2790 2275 2035 1800 1860 1865]
[3110 3015 2795 2995 2900 3105 3145 2825] [3505 3470 2835 2250 1845 1645 1845 1800]
COM8 1 28
3
[2660 2825 2830 2820 2725 2615 2820 2790] [3155 2965 2905 2525 2270 1960 2265 2220]
[2835 2775 2735 2715 2765 2675 2895 2950] [3315 3095 2935 2295 2010 1985 1880 1970]
[2595 2850 2850 2710 2730 2800 2620 2950] [2935 3105 2845 2305 2055 1715 1855 1770]
[2815 2815 2860 2865 2935 2855 2785 2765] [3110 2900 2820 2365 2025 1845 1780 1805]
[2820 2815 2925 2785 3105 2810 2845 2895] [3340 3355 2800 2235 1980 1675 1800 1860]
[3080 3010 2660 2915 2870 2950 2925 2825] [3110 3280 2920 2330 1850 1830 1835 1720]
[2790 2895 2730 2855 2625 3000 2620 2940] [3285 3135 2910 2420 2085 1795 1880 1880]
[3110 3015 2795 2995 2900 3105 3145 2825] [3260 3285 2950 2220 1920 1770 1875 1875]
COM3 0 29
3
[3090 2990 2965 3015 2930 2870 3170 2920] [3155 2965 2905 2525 2270 1960 2265 2220]
[3100 3215 2715 3145 2945 2925 2920 2975] [3315 3095 2935 2295 2010 1985 1880 1970]
[2895 3045 2965 2870 2875 3040 3025 2980] [2935 3105 2845 2305 2055 1715 1855 1770]
[2980 2930 3170 2970 3090 2925 3010 2945] [3110 2900 2820 2365 2025 1845 1780 1805]
[2935 3095 3165 2960 3185 2915 3080 2980] [3340 3355 2800 2235 1980 1675 1800 1860]
[3080 2820 3175 3100 2825 2995 3060 2970] [3110 3280 2920 2330 1850 1830 1835 1720]
[3100 3210 3115 3145 3105 3115 2905 3050] [3285 3135 2910 2420 2085 1795 1880 1880]
[3105 3180 2970 3135 3040 3215 3220 3270] [3260 3285 2950 2220 1920 1770 1875 1875]
COM8 1 30
3
[3090 2990 2965 3015 2930 2870 3170 2920] [3240 3200 2890 2375 2045 2000 2100 2245]
[3100 3215 2715 3145 2945 2925 2920 2975] [3025 3205 3115 2495 2100 1860 1930 2080]
[2895 3045 2965 2870 2875 3040 3025 2980] [3230 3125 2850 2400 2135 1925 1820 1855]
[2980 2930 3170 2970 3090 2925 3010 2945] [3485 3495 3055 2425 1965 1810 1880 1830]
[2935 3095 3165 2960 3185 2915 3080 2980] [3260 3155 2890 2250 1965 1690 1915 1890]
[3080 2820 3175 3100 2825 2995 3060 2970] [3095 3100 2810 2350 1960 1905 1890 1980]
[3100 3210 3115 3145 3105 3115 2905 3050] [3255 3105 2960 2360 1895 1880 1920 2045]
[3105 3180 2970 3135 3040 3215 3220 3270] [3375 3245 2905 2435 2080 1885 1940 1760]
COM3 0 31
3
[2910 2785 2805 2720 2850 2875 2965 2900] [3240 3200 2890 2375 2045 2000 2100 2245]
[2965 2890 2955 2710 2915 2735 3005 2920] [3025 3205 3115 2495 2100 1860 1930 2080]
[2785 3045 2955 2970 2800 2870 2825 2845] [3230 3125 2850 2400 2135 1925 1820 1855]
[2795 2835 2855 2830 2925 3040 3000 2975] [3485 3495 3055 2425 1965 1810 1880 1830]
[3175 3065 3140 2850 2975 2705 2995 2965] [3260 3155 2890 2250 1965 1690 1915 1890]
[3025 3025 3170 2915 2995 2835 3055 2850] [3095 3100 2810 2350 1960 1905 1890 1980]
[3145 3040 2950 2995 2935 2700 2950 2965] [3255 3105 2960 2360 1895 1880 1920 2045]
[3080 3065 2945 3245 2975 3085 3000 2935] [3375 3245 2905 2435 2080 1885 1940 1760]
COM8 1 32
3
[2910 2785 2805 2720 2850 2875 2965 2900] [3040 3300 2835 2345 2210 1775 2135 2330]
[2965 2890 2955 2710 2915 2735 3005 2920] [3025 3105 2915 2195 1880 1825 1900 2025]
[2785 3045 2955 2970 2800 2870 2825 2845] [3125 3310 2795 2240 2110 1755 1855 1875]
[2795 2835 2855 2830 2925 3040 3000 2975] [3195 3180 2890 2375 1930 1740 1855 1795]
[3175 3065 3140 2850 2975 2705 2995 2965] [3250 3155 2695 2225 1950 1815 1785 1835]
[3025 3025 3170 2915 2995 2835 3055 2850] [3220 3090 2760 2310 1840 1735 1850 1885]
[3145 3040 2950 2995 2935 2700 2950 2965] [3390 3260 2945 2440 1945 1795 1830 1780]
[3080 3065 2945 3245 2975 3085 3000 2935] [3195 3245 2800 2595 1905 1895 1780 1920]
COM3 0 33
3
[2900 2725 2660 2790 2835 2740 3040 2870] [3040 3300 2835 2345 2210 1775 2135 2330]
[2845 2870 2690 2755 2700 2910 2935 2895] [3025 3105 2915 2195 1880 1825 1900 2025]
[2780 2915 2955 2715 2770 2915 2725 2900] [3125 3310 2795 2240 2110 1755 1855 1875]
[2975 2665 3055 2615 2935 2905 2845 2855] [3195 3180 2890 2375 1930 1740 1855 1795]
[3115 2925 2870 2885 2940 2865 2925 2860] [3250 3155 2695 2225 1950 1815 1785 1835]
[2850 3165 3050 3170 2990 2900 3020 2910] [3220 3090 2760 2310 1840 1735 1850 1885]
[2800 3100 3100 3035 2950 3045 2900 3145] [3390 3260 2945 2440 1945 1795 1830 1780]
[3120 2990 2885 2785 2960 2920 3115 3080] [3195 3245 2800 2595 1905 1895 1780 1920]
COM8 1 34
3
[2900 2725 2660 2790 2835 2740 3040 2870] [3305 3035 3130 2530 2275 2025 1950 2185]
[2845 2870 2690 2755 2700 2910 2935 2895] [3025 3105 2935 2380 1935 1950 1905 1970]
[2780 2915 2955 2715 2770 2915 2725 2900] [3370 3170 2740 2335 2050 1770 1820 1875]
[2975 2665 3055 2615 2935 2905 2845 2855] [3370 3230 2800 2330 1930 1675 1860 1750]
[3115 2925 2870 2885 2940 2865 2925 2860] [3410 3175 2895 2140 1955 1790 1850 1815]
[2850 3165 3050 3170 2990 2900 3020 2910] [3190 2975 2715 2275 1925 1715 1900 1770]
[2800 3100 3100 3035 2950 3045 2900 3145] [3190 2945 3175 2370 1895 1760 1820 1920]
[3120 2990 2885 2785 2960 2920 3115 3080] [3405 3430 2950 2400 2020 1730 1905 1820]
COM3 0 35
3
[2960 2900 2785 2905 2855 2765 3055 2720] [3305 3035 3130 2530 2275 2025 1950 2185]
[3035 3020 2985 2975 2920 2950 2765 2805] [3025 3105 2935 2380 1935 1950 1905 1970]
[2825 3135 3000 2935 3020 2825 2945 3075] [3370 3170 2740 2335 2050 1770 1820 1875]
[2875 2900 2865 2810 3025 2935 2970 2925] [3370 3230 2800 2330 1930 1675 1860 1750]
[3065 2865 2990 2810 3015 2830 3100 3030] [3410 3175 2895 2140 1955 1790 1850 1815]
[3090 2995 3020 3000 2875 2995 3055 2900] [3190 2975 2715 2275 1925 1715 1900 1770]
[2970 3245 3175 3035 2860 2970 3025 2830] [3190 2945 3175 2370 1895 1760 1820 1920]
[2970 3130 2950 2995 3070 3130 3210 2885] [3405 3430 2950 2400 2020 1730 1905 1820]
COM8 1 36
3
[2960 2900 2785 2905 2855 2765 3055 2720] [3375 3215 2925 2430 2210 1825 1975 2225]
[3035 3020 2985 2975 2920 2950 2765 2805] [3020 3105 2715 2140 1705 1775 1770 1830]
[2825 3135 3000 2935 3020 2825 2945 3075] [3140 3045 2850 2260 1900 1575 1680 1630]
[2875 2900 2865 2810 3025 2935 2970 2925] [3175 3030 2995 2380 1770 1700 1755 1640]
[3065 2865 2990 2810 3015 2830 3100 3030] [3175 2905 2865 2050 1675 1575 1815 1705]
[3090 2995 3020 3000 2875 2995 3055 2900] [3095 2975 2680 2260 1800 1605 1830 1675]
[2970 3245 3175 3035 2860 2970 3025 2830] [3045 3010 2730 2310 1920 1660 1785 1835]
[2970 3130 2950 2995 3070 3130 3210 2885] [3270 2960 2945 2380 1660 1590 1720 1575]
COM3 0 37
3
[2930 2725 2740 3020 2900 2735 2885 2930] [3375 3215 2925 2430 2210 1825 1975 2225]
[2995 2875 2985 3095 2945 2835 2905 2775] [3020 3105 2715 2140 1705 1775 1770 1830]
[2890 2895 2935 2895 2770 2875 2820 2990] [3140 3045 2850 2260 1900 1575 1680 1630]
[3025 2995 3015 2900 2935 3045 2710 2900] [3175 3030 2995 2380 1770 1700 1755 1640]
[2885 3065 3110 2865 3110 2925 2940 3060] [3175 2905 2865 2050 1675 1575 1815 1705]
[3005 3210 3125 3070 2740 3000 3020 2935] [3095 2975 2680 2260 1800 1605 1830 1675]
[2875 3195 2890 3050 3170 3000 2745 2975] [3045 3010 2730 2310 1920 1660 1785 1835]
[3115 3050 2975 2995 2745 2990 3200 2940] [3270 2960 2945 2380 1660 1590 1720 1575]
COM8 1 38
3
[2930 2725 2740 3020 2900 2735 2885 2930] [2915 2795 2770 2335 2165 1880 2230 2085]
[2995 2875 2985 3095 2945 2835 2905 2775] [2960 3035 2885 2470 1930 1800 1935 1715]
[2890 2895 2935 2895 2770 2875 2820 2990] [3190 2930 2665 2305 1775 1770 1840 1775]
[3025 2995 3015 2900 2935 3045 2710 2900] [3140 2875 2745 2295 1965 1760 1755 1670]
[2885 3065 3110 2865 3110 2925 2940 3060] [3200 3130 2925 2295 1855 1860 1800 1865]
[3005 3210 3125 3070 2740 3000 3020 2935] [2860 3085 2760 2310 1755 1675 1815 1855]
[2875 3195 2890 3050 3170 3000 2745 2975] [3200 2880 2750 2350 1875 1760 1740 1695]
[3115 3050 2975 2995 2745 2990 3200 2940] [3245 3130 2790 2385 1845 1935 1805 1860]
COM3 0 39
3
[3070 2815 2890 3025 2995 2850 3055 2770] [2915 2795 2770 2335 2165 1880 2230 2085]
[3225 2985 2840 2990 2875 3085 2845 2920] [2960 3035 2885 2470 1930 1800 1935 1715]
[2860 2815 2955 2865 2930 2860 2895 2890] [3190 2930 2665 2305 1775 1770 1840 1775]
[3030 3050 3060 3030 3120 2995 3090 3005] [3140 2875 2745 2295 1965 1760 1755 1670]
[3040 2990 3005 2820 2875 2890 3025 3135] [3200 3130 2925 2295 1855 1860 1800 1865]
[3020 3055 3210 2970 2830 3090 3135 2995] [2860 3085 2760 2310 1755 1675 1815 1855]
[2985 3195 2960 3145 3065 2940 3020 3055] [3200 2880 2750 2350 1875 1760 1740 1695]
[3275 3035 2990 3155 3090 3180 3065 3020] [3245 3130 2790 2385 1845 1935 1805 1860]
COM8 1 40
3
[3070 2815 2890 3025 2995 2850 3055 2770] [3230 3290 2960 2550 2145 2030 2210 2250]
[3225 2985 2840 2990 2875 3085 2845 2920] [3020 3110 3105 2370 1955 1970 1940 1860]
[2860 2815 2955 2865 2930 2860 2895 2890] [3515 3110 2845 2375 1925 1740 1820 1745]
[3030 3050 3060 3030 3120 2995 3090 3005] [3310 3405 2890 2375 2050 1675 1740 1720]
[3040 2990 3005 2820 2875 2890 3025 3135] [3355 3280 2610 2190 1855 1815 1775 1870]
[3020 3055 3210 2970 2830 3090 3135 2995] [3085 2975 2765 2340 1925 1920 1940 1915]
[2985 3195 2960 3145 3065 2940 3020 3055] [3350 3540 2775 2285 1905 1800 1830 1905]
[3275 3035 2990 3155 3090 3180 3065 3020] [3365 3130 2940 2310 1940 1740 1915 1790]
COM3 0 41
3
[2910 2705 2745 2910 3015 2830 2910 2745] [3230 3290 2960 2550 2145 2030 2210 2250]
[3010 3035 2820 2840 2860 2815 2765 2875] [3020 3110 3105 2370 1955 1970 1940 1860]
[2855 2925 2895 2790 2775 2935 2935 2825] [3515 3110 2845 2375 1925 1740 1820 1745]
[2960 2990 3040 2995 2995 2955 3010 2810] [3310 3405 2890 2375 2050 1675 1740 1720]
[3070 3055 2815 3080 2910 3075 2920 3020] [3355 3280 2610 2190 1855 1815 1775 1870]
[2940 3190 3055 3135 3000 3090 3205 2740] [3085 2975 2765 2340 1925 1920 1940 1915]
[3040 2880 3035 2885 3110 2960 2675 2880] [3350 3540 2775 2285 1905 1800 1830 1905]
[2890 3080 3065 2850 2965 3160 3065 2885] [3365 3130 2940 2310 1940 1740 1915 1790]
COM8 1 42
3
[2910 2705 2745 2910 3015 2830 2910 2745] [3185 3110 3040 2390 2125 1815 2115 2140]
[3010 3035 2820 2840 2860 2815 2765 2875] [3025 3260 2785 2345 1995 1805 1840 1920]
[2855 2925 2895 2790 2775 2935 2935 2825] [2935 3105 2805 2280 2070 1820 1730 1700]
[2960 2990 3040 2995 2995 2955 3010 2810] [3065 2900 2770 2250 1815 1800 1740 1720]
[3070 3055 2815 3080 2910 3075 2920 3020] [3200 3050 2765 2165 1755 1590 1745 1860]
[2940 3190 3055 3135 3000 3090 3205 2740] [3080 3100 2810 2315 1940 1795 1850 1580]
[3040 2880 3035 2885 3110 2960 2675 2880] [3105 3270 2805 2310 1655 1665 1770 1865]
[2890 3080 3065 2850 2965 3160 3065 2885] [3435 3535 2945 2415 1885 1695 1760 1775]
COM3 0 43
3
[2980 2850 2915 2950 2940 2900 2905 2765] [3185 3110 3040 2390 2125 1815 2115 2140]
[3085 2910 2795 2990 2720 2805 2885 2950] [3025 3260 2785 2345 1995 1805 1840 1920]
[2940 3050 2895 2975 2870 2950 2895 2970] [2935 3105 2805 2280 2070 1820 1730 1700]
[2980 3045 3060 2920 3010 3135 2685 2850] [3065 2900 2770 2250 1815 1800 1740 1720]
[3115 2970 3035 2895 3125 3100 2835 3200] [3200 3050 2765 2165 1755 1590 1745 1860]
[3030 3060 3115 3085 2810 2840 3075 2850] [3080 3100 2810 2315 1940 1795 1850 1580]
[3045 2995 3035 3205 2905 2990 2715 2935] [3105 3270 2805 2310 1655 1665 1770 1865]
[3135 3045 2990 2895 3045 3040 3055 2940] [3435 3535 2945 2415 1885 1695 1760 1775]
COM8 1 44
3
[2980 2850 2915 2950 2940 2900 2905 2765] [3285 3155 2850 2385 2055 1925 2185 2155]
[3085 2910 2795 2990 2720 2805 2885 2950] [3020 2885 2855 2270 1800 1950 1940 1895]
[2940 3050 2895 2975 2870 2950 2895 2970] [3370 3080 2845 2325 2005 1690 1785 1695]
[2980 3045 3060 2920 3010 3135 2685 2850] [3325 3200 2895 2430 2030 1690 1730 1760]
[3115 2970 3035 2895 3125 3100 2835 3200] [3320 3100 2845 2200 1940 1670 1760 1770]
[3030 3060 3115 3085 2810 2840 3075 2850] [3045 2930 2990 2345 1915 1820 1850 1880]
[3045 2995 3035 3205 2905 2990 2715 2935] [2985 3105 2685 2345 1860 1800 1905 1870]
[3135 3045 2990 2895 3045 3040 3055 2940] [3290 3495 2790 2335 2010 1690 1800 1785]
COM3 0 45
3
[3225 2995 2900 2975 2945 2970 3085 3100] [3285 3155 2850 2385 2055 1925 2185 2155]
[3160 3190 3085 2945 3180 3070 2995 2930] [3020 2885 2855 2270 1800 1950 1940 1895]
[3075 3160 3190 3095 3010 3120 3040 3175] [3370 3080 2845 2325 2005 1690 1785 1695]
[3170 3055 3060 3075 3095 3210 3055 3060] [3325 3200 2895 2430 2030 1690 1730 1760]
[3275 3065 3335 3010 3175 3015 3110 3145] [3320 3100 2845 2200 1940 1670 1760 1770]
[3090 3060 3215 3000 3065 3040 2970 2935] [3045 2930 2990 2345 1915 1820 1850 1880]
[3275 3125 3115 3050 3155 3380 3210 3180] [2985 3105 2685 2345 1860 1800 1905 1870]
[3290 3435 3355 3215 3180 3230 3150 3365] [3290 3495 2790 2335 2010 1690 1800 1785]
COM8 1 46
3
[3225 2995 2900 2975 2945 2970 3085 3100] [3050 3015 2935 2520 2100 1900 2110 2260]
[3160 3190 3085 2945 3180 3070 2995 2930] [3245 2880 2915 2350 2045 1875 1970 1850]
[3075 3160 3190 3095 3010 3120 3040 3175] [3255 3145 2865 2390 2110 1655 1865 1770]
[3170 3055 3060 3075 3095 3210 3055 3060] [2980 3285 2860 2415 1935 1850 1815 1690]
[3275 3065 3335 3010 3175 3015 3110 3145] [3155 3170 3035 2135 1780 1825 1885 1850]
[3090 3060 3215 3000 3065 3040 2970 2935] [3305 3180 2880 2360 2005 1745 1820 1835]
[3275 3125 3115 3050 3155 3380 3210 3180] [3340 3270 2775 2430 1875 1775 1805 1940]
[3290 3435 3355 3215 3180 3230 3150 3365] [3420 3345 2855 2445 2080 1705 1840 1975]
COM3 0 47
3
[3120 2860 2775 2995 2895 2865 2940 2755] [3050 3015 2935 2520 2100 1900 2110 2260]
[3010 2910 2935 2875 2890 2840 2920 2620] [3245 2880 2915 2350 2045 1875 1970 1850]
[2820 2940 2975 2870 2900 2860 3010 2730] [3255 3145 2865 2390 2110 1655 1865 1770]
[2970 2925 3060 2925 3110 3010 2895 2800] [2980 3285 2860 2415 1935 1850 1815 1690]
[2980 2960 2990 2895 3015 2910 3185 2880] [3155 3170 3035 2135 1780 1825 1885 1850]
[2765 2805 2955 3050 2935 2985 3165 2860] [3305 3180 2880 2360 2005 1745 1820 1835]
[3015 3190 2820 2890 2955 3135 2960 2960] [3340 3270 2775 2430 1875 1775 1805 1940]
[2975 3065 2990 3070 2800 3040 3065 2940] [3420 3345 2855 2445 2080 1705 1840 1975]
COM8 1 48
3
[3120 2860 2775 2995 2895 2865 2940 2755] [3290 3110 3125 2400 2095 1835 1985 2270]
[3010 2910 2935 2875 2890 2840 2920 2620] [3020 3265 2885 2330 2010 1895 1915 2045]
[2820 2940 2975 2870 2900 2860 3010 2730] [3165 3170 2840 2375 2020 1785 1800 1845]
[2970 2925 3060 2925 3110 3010 2895 2800] [3065 2820 2770 2410 1970 1760 1800 1710]
[2980 2960 2990 2895 3015 2910 3185 2880] [3110 3020 2845 2350 1875 1775 1900 1780]
[2765 2805 2955 3050 2935 2985 3165 2860] [3150 3060 2975 2355 1915 1725 1750 1630]
[3015 3190 2820 2890 2955 3135 2960 2960] [3415 3430 2915 2395 1885 1785 1930 1915]
[2975 3065 2990 3070 2800 3040 3065 2940] [3455 2955 2945 2505 2105 1750 1785 1740]
COM3 0 49
3
[2735 2930 2745 2935 2865 2830 3120 2825] [3290 3110 3125 2400 2095 1835 1985 2270]
[2880 2970 2755 2865 2840 2785 2885 2920] [3020 3265 2885 2330 2010 1895 1915 2045]
[2860 2980 3110 2855 2770 2835 3035 2965] [3165 3170 2840 2375 2020 1785 1800 1845]
[3040 2890 3155 2950 2930 2820 2910 2915] [3065 2820 2770 2410 1970 1760 1800 1710]
[3125 3055 3005 2810 3030 3070 2985 2940] [3110 3020 2845 2350 1875 1775 1900 1780]
[2820 3000 2930 2825 2865 3100 3070 2890] [3150 3060 2975 2355 1915 1725 1750 1630]
[3230 3240 2910 2945 2780 3205 3025 2970] [3415 3430 2915 2395 1885 1785 1930 1915]
[3070 3150 3045 2610 3090 3090 3025 3005] [3455 2955 2945 2505 2105 1750 1785 1740]
COM8 1 50
3
[2735 2930 2745 2935 2865 2830 3120 2825] [3255 3105 2950 2390 2210 1955 2100 2225]
[2880 2970 2755 2865 2840 2785 2885 2920] [3125 3005 2960 2405 1875 1865 2035 1970]
[2860 2980 3110 2855 2770 2835 3035 2965] [3130 3185 2925 2250 2135 1820 1785 1835]
[3040 2890 3155 2950 2930 2820 2910 2915] [2970 3200 2805 2380 1980 1745 1835 1770]
[3125 3055 3005 2810 3030 3070 2985 2940] [3440 3305 2845 2210 1950 1660 1890 1880]
[2820 3000 2930 2825 2865 3100 3070 2890] [3165 2970 2745 2295 1870 1805 1835 1895]
[3230 3240 2910 2945 2780 3205 3025 2970] [3325 3010 2965 2255 1825 1765 1965 1920]
[3070 3150 3045 2610 3090 3090 3025 3005] [3250 3280 2900 2435 2070 1770 1670 1790]
COM3 0 51
3
[3020 2890 2765 2845 2940 2810 2995 2775] [3255 3105 2950 2390 2210 1955 2100 2225]
[3105 3010 3000 2955 2845 3100 2920 2965] [3125 3005 2960 2405 1875 1865 2035 1970]
[2860 2960 2915 2975 2895 2920 2855 2880] [3130 3185 2925 2250 2135 1820 1785 1835]
[3015 3005 2885 2920 3025 2690 2975 2880] [2970 3200 2805 2380 1980 1745 1835 1770]
[3125 3070 2985 2785 3070 2940 2940 3005] [3440 3305 2845 2210 1950 1660 1890 1880]
[3030 3015 3160 3210 2875 3070 3175 2830] [3165 2970 2745 2295 1870 1805 1835 1895]
[3050 2995 2965 3125 2955 2970 3035 2945] [3325 3010 2965 2255 1825 1765 1965 1920]
[3145 2945 2935 3130 2775 2870 3235 2950] [3250 3280 2900 2435 2070 1770 1670 1790]
COM8 1 52
3
[3020 2890 2765 2845 2940 2810 2995 2775] [3315 3235 3110 2370 2150 1845 2120 2150]
[3105 3010 3000 2955 2845 3100 2920 2965] [3150 3050 2940 2235 1945 1930 2030 1970]
[2860 2960 2915 2975 2895 2920 2855 2880] [3245 3145 2840 2340 1940 1825 1855 1770]
[3015 3005 2885 2920 3025 2690 2975 2880] [3305 3075 2720 2405 1880 1810 1805 1750]
[3125 3070 2985 2785 3070 2940 2940 3005] [3170 3035 2700 2035 1940 1695 1765 1835]
[3030 3015 3160 3210 2875 3070 3175 2830] [2945 3075 2805 2235 1900 1735 1870 1755]
[3050 2995 2965 3125 2955 2970 3035 2945] [3525 3115 2770 2365 2040 1785 1895 1795]
[3145 2945 2935 3130 2775 2870 3235 2950] [3285 3350 2755 2460 2000 1845 1875 1905]
COM3 0 53
3
[2990 3075 2940 2980 3085 2905 3115 2905] [3315 3235 3110 2370 2150 1845 2120 2150]
[3255 3035 2800 3150 2945 3160 3110 3020] [3150 3050 2940 2235 1945 1930 2030 1970]
[2840 3065 3325 3030 3005 3185 2920 2965] [3245 3145 2840 2340 1940 1825 1855 1770]
[3150 3040 3245 3030 3155 3150 3070 2960] [3305 3075 2720 2405 1880 1810 1805 1750]
[3060 3050 3040 3010 2995 3080 3125 3040] [3170 3035 2700 2035 1940 1695 1765 1835]
[3140 3125 3215 3175 3010 3210 3410 2875] [2945 3075 2805 2235 1900 1735 1870 1755]
[3250 3170 3265 3235 3105 3185 2825 3035] [3525 3115 2770 2365 2040 1785 1895 1795]
[3300 3050 3075 3235 3095 3230 3445 2935] [3285 3350 2755 2460 2000 1845 1875 1905]
COM8 1 54
3
[2990 3075 2940 2980 3085 2905 3115 2905] [3335 2945 2865 2470 2200 1985 2205 2290]
[3255 3035 2800 3150 2945 3160 3110 3020] [3220 3045 3140 2300 1985 1875 1990 1885]
[2840 3065 3325 3030 3005 3185 2920 2965] [3160 3225 2890 2280 2030 1755 1905 1825]
[3150 3040 3245 3030 3155 3150 3070 2960] [3150 3260 2985 2310 1880 1810 1835 1810]
[3060 3050 3040 3010 2995 3080 3125 3040] [3295 2900 2765 2370 1855 1700 1815 1800]
[3140 3125 3215 3175 3010 3210 3410 2875] [3190 3190 2815 2315 1900 1705 1925 1745]
[3250 3170 3265 3235 3105 3185 2825 3035] [3225 3435 2890 2260 1840 1645 1850 1940]
[3300 3050 3075 3235 3095 3230 3445 2935] [3415 2960 2945 2465 2095 1700 1740 1810]
COM3 0 55
3
[2855 2875 2845 2890 2895 2775 3080 2835] [3335 2945 2865 2470 2200 1985 2205 2290]
[2990 2885 2865 2835 2910 2810 2935 2850] [3220 3045 3140 2300 1985 1875 1990 1885]
[2800 2845 3015 2780 2935 3035 2860 2950] [3160 3225 2890 2280 2030 1755 1905 1825]
[2800 2940 2985 2945 3110 2970 2825 2790] [3150 3260 2985 2310 1880 1810 1835 1810]
[3255 2925 2985 2825 3015 2930 3130 2880] [3295 2900 2765 2370 1855 1700 1815 1800]
[2935 2850 3165 2975 2990 2965 2990 2825] [3190 3190 2815 2315 1900 1705 1925 1745]
[2985 3050 3000 3015 2915 3090 2840 2940] [3225 3435 2890 2260 1840 1645 1850 1940]
[3245 2995 2990 3000 3085 2945 3045 3000] [3415 2960 2945 2465 2095 1700 1740 1810]
COM8 1 56
3
[2855 2875 2845 2890 2895 2775 3080 2835] [3450 3470 2690 2215 2120 2030 2015 2295]
[2990 2885 2865 2835 2910 2810 2935 2850] [3160 3175 2965 2365 1845 1715 1740 1860]
[2800 2845 3015 2780 2935 3035 2860 2950] [3135 3050 2935 2180 1860 1525 1770 1685]
[2800 2940 2985 2945 3110 2970 2825 2790] [3125 3330 2800 2365 1845 1675 1680 1685]
[3255 2925 2985 2825 3015 2930 3130 2880] [3400 3325 2940 2320 1800 1715 1815 1825]
[2935 2850 3165 2975 2990 2965 2990 2825] [3350 3075 2635 2320 1885 1690 1885 1785]
[2985 3050 3000 3015 2915 3090 2840 2940] [3010 3460 2640 2220 2005 1690 1780 1870]
[3245 2995 2990 3000 3085 2945 3045 3000] [3755 3405 2945 2250 1925 1695 1760 1760]
COM3 0 57
3
[2855 2995 2965 3095 2860 2825 2955 2795] [3450 3470 2690 2215 2120 2030 2015 2295]
[3035 2895 2935 2905 2925 2930 2865 2920] [3160 3175 2965 2365 1845 1715 1740 1860]
[2890 2865 3090 2895 2930 2975 2920 2960] [3135 3050 2935 2180 1860 1525 1770 1685]
[2890 2930 2910 2945 2980 3010 2905 2810] [3125 3330 2800 2365 1845 1675 1680 1685]
[2960 3000 3050 2910 3050 2980 3025 3135] [3400 3325 2940 2320 1800 1715 1815 1825]
[2920 3020 3270 3050 2795 3000 3220 2995] [3350 3075 2635 2320 1885 1690 1885 1785]
[2890 3085 3035 2935 3025 2995 2930 2960] [3010 3460 2640 2220 2005 1690 1780 1870]
[2940 3135 2725 3000 2875 3055 3015 2940] [3755 3405 2945 2250 1925 1695 1760 1760]
COM8 1 58
3
[2855 2995 2965 3095 2860 2825 2955 2795] [3160 3170 3045 2395 2135 1985 2040 2245]
[3035 2895 2935 2905 2925 2930 2865 2920] [3280 3300 2960 2475 2045 1920 2110 1920]
[2890 2865 3090 2895 2930 2975 2920 2960] [3225 3155 2990 2575 2050 1885 1895 1790]
[2890 2930 2910 2945 2980 3010 2905 2810] [3270 3185 3030 2295 2030 1850 1930 1900]
[2960 3000 3050 2910 3050 2980 3025 3135] [3300 3120 3035 2270 2070 1875 1795 1905]
[2920 3020 3270 3050 2795 3000 3220 2995] [3130 2970 2720 2420 1975 1880 1905 2030]
[2890 3085 3035 2935 3025 2995 2930 2960] [3230 3015 2990 2420 2010 1940 1970 2020]
[2940 3135 2725 3000 2875 3055 3015 2940] [3350 3455 2845 2555 1975 2005 1855 1820]
COM3 0 59
3
[2905 2905 2955 2865 2800 2925 2860 2925] [3160 3170 3045 2395 2135 1985 2040 2245]
[2810 2950 2920 2975 2840 2945 3055 2950] [3280 3300 2960 2475 2045 1920 2110 1920]
[2920 2975 3040 2875 2835 2895 3040 2990] [3225 3155 2990 2575 2050 1885 1895 1790]
[2845 3010 2900 2900 2890 3015 2945 2980] [3270 3185 3030 2295 2030 1850 1930 1900]
[2975 3040 3025 2870 3070 3030 3180 2900] [3300 3120 3035 2270 2070 1875 1795 1905]
[3140 2980 2980 3065 2815 3195 3070 2645] [3130 2970 2720 2420 1975 1880 1905 2030]
[2970 3015 3265 3105 2865 2905 2765 3150] [3230 3015 2990 2420 2010 1940 1970 2020]
[3165 3145 2830 3220 2950 3000 2970 2820] [3350 3455 2845 2555 1975 2005 1855 1820]
COM8 1 60
3
[2905 2905 2955 2865 2800 2925 2860 2925] [3135 3155 2955 2305 2120 1895 2195 2260]
[2810 2950 2920 2975 2840 2945 3055 2950] [3085 3130 2965 2430 2060 1895 2050 2025]
[2920 2975 3040 2875 2835 2895 3040 2990] [3240 3105 2925 2300 2110 1800 1815 1755]
[2845 3010 2900 2900 2890 3015 2945 2980] [3525 3045 2795 2350 1935 1805 1820 1805]
[2975 3040 3025 2870 3070 3030 3180 2900] [3165 3025 2935 2115 1880 1740 1855 1860]
[3140 2980 2980 3065 2815 3195 3070 2645] [3025 3085 2635 2330 1900 1850 1885 1895]
[2970 3015 3265 3105 2865 2905 2765 3150] [3285 3160 2990 2340 1860 1760 1895 2000]
[3165 3145 2830 3220 2950 3000 2970 2820] [3140 3090 3110 2410 1945 1735 1835 1805]
COM3 0 61
3
[2835 2790 2995 2940 2980 2875 2980 2710] [3135 3155 2955 2305 2120 1895 2195 2260]
[3105 3050 2750 2935 2875 2770 2825 2865] [3085 3130 2965 2430 2060 1895 2050 2025]
[2775 2980 2830 2950 2835 2850 2920 2970] [3240 3105 2925 2300 2110 1800 1815 1755]
[2650 2975 2980 2920 2970 2995 2915 2975] [3525 3045 2795 2350 1935 1805 1820 1805]
[2975 2985 2960 2670 3040 2855 3120 3050] [3165 3025 2935 2115 1880 1740 1855 1860]
[3040 2885 3070 2805 3005 2905 3090 2945] [3025 3085 2635 2330 1900 1850 1885 1895]
[2945 2990 2980 2885 3155 3065 2930 2985] [3285 3160 2990 2340 1860 1760 1895 2000]
[3155 2935 2835 2825 2920 2970 2935 3015] [3140 3090 3110 2410 1945 1735 1835 1805]
COM8 1 62
3
[2835 2790 2995 2940 2980 2875 2980 2710] [2730 2555 2580 2075 1745 1515 1910 1920]
[3105 3050 2750 2935 2875 2770 2825 2865] [2650 2645 2530 2045 1655 1725 1685 1720]
[2775 2980 2830 2950 2835 2850 2920 2970] [2890 2675 2540 1900 1680 1595 1570 1590]
[2650 2975 2980 2920 2970 2995 2915 2975] [2805 2655 2570 2020 1610 1505 1635 1540]
[2975 2985 2960 2670 3040 2855 3120 3050] [2795 2610 2340 1670 1605 1520 1575 1700]
[3040 2885 3070 2805 3005 2905 3090 2945] [2580 2580 2380 2005 1605 1480 1655 1575]
[2945 2990 2980 2885 3155 3065 2930 2985] [2805 2735 2495 1845 1570 1515 1535 1670]
[3155 2935 2835 2825 2920 2970 2935 3015] [2875 2775 2310 1965 1635 1515 1515 1715]
COM3 0 63
3
[2745 2910 2785 2795 2905 2750 2845 2965] [2730 2555 2580 2075 1745 1515 1910 1920]
[2975 3050 2785 2940 2940 2925 2950 3030] [2650 2645 2530 2045 1655 1725 1685 1720]
[2775 3010 2920 3040 2875 2990 2750 2905] [2890 2675 2540 1900 1680 1595 1570 1590]
[2925 2990 3030 2905 3050 3120 3065 2965] [2805 2655 2570 2020 1610 1505 1635 1540]
[3000 3105 2975 2910 3015 2835 2780 3000] [2795 2610 2340 1670 1605 1520 1575 1700]
[3020 3075 3075 3140 3020 2920 3165 2940] [2580 2580 2380 2005 1605 1480 1655 1575]
[3055 3085 2770 2945 2955 2900 2925 3065] [2805 2735 2495 1845 1570 1515 1535 1670]
[3095 3060 3000 2970 2985 3230 3200 3215] [2875 2775 2310 1965 1635 1515 1515 1715]
COM8 1 64
3
[2745 2910 2785 2795 2905 2750 2845 2965] [3070 3085 3130 2390 2260 2225 2205 2235]
[2975 3050 2785 2940 2940 2925 2950 3030] [3310 3050 3110 2500 2100 1920 2030 2045]
[2775 3010 2920 3040 2875 2990 2750 2905] [3180 3260 2990 2310 2085 1900 1955 1915]
[2925 2990 3030 2905 3050 3120 3065 2965] [3340 3345 2890 2395 1980 1810 1865 1860]
[3000 3105 2975 2910 3015 2835 2780 3000] [3020 3085 3010 2300 1985 1825 1935 1880]
[3020 3075 3075 3140 3020 2920 3165 2940] [3060 3180 2805 2495 1980 1815 1995 1815]
[3055 3085 2770 2945 2955 2900 2925 3065] [3445 3260 3070 2415 2045 2020 1980 2040]
[3095 3060 3000 2970 2985 3230 3200 3215] [3400 3215 2845 2435 2100 1825 1985 1860]
COM3 0 65
3
[3125 2775 2945 2995 3010 2880 2950 2920] [3070 3085 3130 2390 2260 2225 2205 2235]
[3090 3035 2855 3015 2915 2955 2870 2950] [3310 3050 3110 2500 2100 1920 2030 2045]
[2810 3060 3150 2800 3035 2945 2925 2900] [3180 3260 2990 2310 2085 1900 1955 1915]
[2975 3080 3125 3110 3050 3005 2920 2830] [3340 3345 2890 2395 1980 1810 1865 1860]
[3240 3020 2815 3125 3040 2880 3125 3165] [3020 3085 3010 2300 1985 1825 1935 1880]
[2860 3065 3240 2995 2885 3005 3085 3005] [3060 3180 2805 2495 1980 1815 1995 1815]
[2995 3045 3045 3135 2935 3140 3030 3065] [3445 3260 3070 2415 2045 2020 1980 2040]
[3285 3100 2895 3335 2810 3000 3075 3035] [3400 3215 2845 2435 2100 1825 1985 1860]