COM8 1 6
3
[2910 2795 3015 3025 2890 2530 2055 1555] [1590 1785 1865 1645 1945 2210 2795 3220]
[3085 3020 2900 3010 2815 2570 2015 1640] [1365 1585 1665 1545 1670 2335 2710 2930]
[2775 3010 2940 2980 2810 2505 1935 1665] [1375 1600 1595 1585 1765 2165 2750 2995]
[2980 2875 3120 2825 2795 2480 2030 1590] [1475 1415 1590 1505 1690 2255 2815 2905]
[2995 3050 2910 2845 2930 2375 2075 1655] [1365 1540 1545 1500 1785 2205 2775 3150]
[2955 2830 2985 2895 2790 2520 2005 1495] [1405 1450 1525 1745 1730 2230 2815 3230]
[2945 3160 2890 3025 2945 2550 1860 1665] [1320 1515 1560 1550 1820 2145 2800 3435]
[2980 3175 2940 3005 2625 2645 2215 1595] [1390 1530 1600 1615 1670 2350 3090 3225]
COM3 0 7
3
[3000 2935 2950 2935 2820 2585 2095 1490] [1590 1785 1865 1645 1945 2210 2795 3220]
[3080 3105 2920 2840 2935 2540 1985 1445] [1365 1585 1665 1545 1670 2335 2710 2930]
[2730 3070 2835 2845 2775 2500 2025 1545] [1375 1600 1595 1585 1765 2165 2750 2995]
[3075 2900 2970 2680 2925 2440 1940 1520] [1475 1415 1590 1505 1690 2255 2815 2905]
[2930 2900 2865 2850 2860 2505 2045 1585] [1365 1540 1545 1500 1785 2205 2775 3150]
[2995 2970 3065 3010 2865 2470 1880 1550] [1405 1450 1525 1745 1730 2230 2815 3230]
[2850 3095 2885 2955 2965 2505 1860 1480] [1320 1515 1560 1550 1820 2145 2800 3435]
[3085 3020 3000 2995 2900 2635 2230 1480] [1390 1530 1600 1615 1670 2350 3090 3225]
COM8 1 8
3
[3000 2935 2950 2935 2820 2585 2095 1490] [1760 1805 1780 1520 1930 2345 2775 3035]
[3080 3105 2920 2840 2935 2540 1985 1445] [1510 1575 1640 1545 1705 2305 2730 3020]
[2730 3070 2835 2845 2775 2500 2025 1545] [1605 1610 1580 1535 1885 2205 2685 2995]
[3075 2900 2970 2680 2925 2440 1940 1520] [1585 1520 1610 1585 1650 2180 2765 3000]
[2930 2900 2865 2850 2860 2505 2045 1585] [1520 1585 1595 1390 1760 2180 2910 3095]
[2995 2970 3065 3010 2865 2470 1880 1550] [1325 1570 1555 1480 1780 2110 3005 3135]
[2850 3095 2885 2955 2965 2505 1860 1480] [1460 1605 1550 1570 1815 2190 2790 3380]
[3085 3020 3000 2995 2900 2635 2230 1480] [1550 1555 1560 1680 1825 2360 3115 3325]
COM3 0 9
3
[2855 2860 2770 2915 2685 2435 2100 1470] [1760 1805 1780 1520 1930 2345 2775 3035]
[2815 2820 2765 2845 2840 2610 1885 1385] [1510 1575 1640 1545 1705 2305 2730 3020]
[2760 2825 2935 2890 2575 2525 1880 1455] [1605 1610 1580 1535 1885 2205 2685 2995]
[2965 2890 3030 2820 2960 2440 1835 1435] [1585 1520 1610 1585 1650 2180 2765 3000]
[2995 2765 2835 2850 2815 2535 1965 1515] [1520 1585 1595 1390 1760 2180 2910 3095]
[2910 3170 3145 3015 2750 2595 1940 1465] [1325 1570 1555 1480 1780 2110 3005 3135]
[2735 2985 2905 2960 2755 2415 1820 1445] [1460 1605 1550 1570 1815 2190 2790 3380]
[3005 2570 2995 3115 2820 2620 2135 1475] [1550 1555 1560 1680 1825 2360 3115 3325]
COM8 1 10
3
[2855 2860 2770 2915 2685 2435 2100 1470] [1855 1890 1960 1740 2130 2375 2855 3120]
[2815 2820 2765 2845 2840 2610 1885 1385] [1770 1760 1755 1750 1790 2270 2780 3105]
[2760 2825 2935 2890 2575 2525 1880 1455] [1715 1715 1715 1680 1915 2245 2600 2950]
[2965 2890 3030 2820 2960 2440 1835 1435] [1700 1565 1650 1655 1840 2320 2900 3200]
[2995 2765 2835 2850 2815 2535 1965 1515] [1680 1555 1720 1575 1785 2205 2850 2965]
[2910 3170 3145 3015 2750 2595 1940 1465] [1570 1685 1665 1750 1880 2275 2920 3370]
[2735 2985 2905 2960 2755 2415 1820 1445] [1590 1665 1770 1655 1975 2315 2945 3315]
[3005 2570 2995 3115 2820 2620 2135 1475] [1690 1720 1755 1870 1925 2480 3070 3210]
COM3 0 11
3
[2935 2670 2760 2825 2840 2655 2065 1505] [1855 1890 1960 1740 2130 2375 2855 3120]
[3020 2910 2785 2785 2755 2450 1930 1425] [1770 1760 1755 1750 1790 2270 2780 3105]
[2805 2875 2870 2885 2805 2585 1815 1505] [1715 1715 1715 1680 1915 2245 2600 2950]
[2970 2645 2920 2895 2925 2465 1895 1400] [1700 1565 1650 1655 1840 2320 2900 3200]
[2995 3005 2945 2740 2875 2340 2135 1520] [1680 1555 1720 1575 1785 2205 2850 2965]
[2900 2830 3050 2765 2755 2585 1855 1395] [1570 1685 1665 1750 1880 2275 2920 3370]
[3060 2880 3050 2930 2830 2585 1765 1540] [1590 1665 1770 1655 1975 2315 2945 3315]
[3120 3135 3000 2875 3000 2695 2115 1545] [1690 1720 1755 1870 1925 2480 3070 3210]
COM8 1 12
3
[2935 2670 2760 2825 2840 2655 2065 1505] [1710 1995 1860 1740 1980 2480 3105 3045]
[3020 2910 2785 2785 2755 2450 1930 1425] [1635 1795 1755 1700 1825 2375 2790 3095]
[2805 2875 2870 2885 2805 2585 1815 1505] [1755 1680 1705 1550 1995 2270 2690 3075]
[2970 2645 2920 2895 2925 2465 1895 1400] [1775 1580 1840 1730 1835 2365 2610 3180]
[2995 3005 2945 2740 2875 2340 2135 1520] [1600 1745 1700 1580 1805 2190 2865 2940]
[2900 2830 3050 2765 2755 2585 1855 1395] [1455 1610 1555 1770 1850 2315 2975 3185]
[3060 2880 3050 2930 2830 2585 1765 1540] [1555 1715 1750 1690 1860 2265 2905 3060]
[3120 3135 3000 2875 3000 2695 2115 1545] [1690 1605 1645 1845 1785 2290 2935 3330]
COM3 0 13
3
[2905 2810 2760 2880 2795 2525 2065 1560] [1710 1995 1860 1740 1980 2480 3105 3045]
[2965 2895 2920 2990 2850 2605 1940 1605] [1635 1795 1755 1700 1825 2375 2790 3095]
[2875 2975 2790 2765 2910 2640 1950 1580] [1755 1680 1705 1550 1995 2270 2690 3075]
[2625 2990 3020 3005 2930 2480 1865 1465] [1775 1580 1840 1730 1835 2365 2610 3180]
[2995 2805 3035 2965 2935 2450 2055 1465] [1600 1745 1700 1580 1805 2190 2865 2940]
[2960 2845 3005 3105 2805 2515 2075 1430] [1455 1610 1555 1770 1850 2315 2975 3185]
[3055 3055 2965 3030 2865 2395 1845 1635] [1555 1715 1750 1690 1860 2265 2905 3060]
[3215 2890 2910 2970 2770 2580 2045 1555] [1690 1605 1645 1845 1785 2290 2935 3330]
COM8 1 14
3
[2905 2810 2760 2880 2795 2525 2065 1560] [1970 1975 2030 1750 2015 2370 2765 3145]
[2965 2895 2920 2990 2850 2605 1940 1605] [1630 1845 1780 1550 1755 2265 2765 3105]
[2875 2975 2790 2765 2910 2640 1950 1580] [1780 1705 1685 1620 1915 2190 2750 2915]
[2625 2990 3020 3005 2930 2480 1865 1465] [1675 1565 1720 1690 1885 2200 2825 2925]
[2995 2805 3035 2965 2935 2450 2055 1465] [1725 1585 1735 1565 1835 2380 2845 3070]
[2960 2845 3005 3105 2805 2515 2075 1430] [1580 1635 1680 1770 1815 2225 2870 3290]
[3055 3055 2965 3030 2865 2395 1845 1635] [1600 1690 1805 1690 1940 2380 3040 3070]
[3215 2890 2910 2970 2770 2580 2045 1555] [1680 1675 1710 1835 1755 2325 3115 3185]
COM3 0 15
3
[2875 2760 2905 2880 2820 2475 2000 1605] [1970 1975 2030 1750 2015 2370 2765 3145]
[3000 2900 2880 2915 2940 2510 1890 1540] [1630 1845 1780 1550 1755 2265 2765 3105]
[2720 2765 2905 2900 2805 2560 1985 1470] [1780 1705 1685 1620 1915 2190 2750 2915]
[2815 2940 3050 2825 2810 2440 1915 1520] [1675 1565 1720 1690 1885 2200 2825 2925]
[2975 2885 2905 2850 2805 2450 2045 1520] [1725 1585 1735 1565 1835 2380 2845 3070]
[3005 2810 3230 2950 2795 2475 1900 1440] [1580 1635 1680 1770 1815 2225 2870 3290]
[2805 3080 2885 2960 2825 2565 1895 1570] [1600 1690 1805 1690 1940 2380 3040 3070]
[2815 3010 3005 2890 2845 2620 2245 1580] [1680 1675 1710 1835 1755 2325 3115 3185]
COM8 1 16
3
[2875 2760 2905 2880 2820 2475 2000 1605] [1940 1955 1800 1705 2000 2415 2615 3205]
[3000 2900 2880 2915 2940 2510 1890 1540] [1755 1760 1720 1700 1825 2320 2700 2945]
[2720 2765 2905 2900 2805 2560 1985 1470] [1740 1705 1655 1680 1940 2200 2750 2990]
[2815 2940 3050 2825 2810 2440 1915 1520] [1695 1555 1745 1705 1740 2315 2820 3025]
[2975 2885 2905 2850 2805 2450 2045 1520] [1555 1635 1780 1595 1785 2205 2760 3150]
[3005 2810 3230 2950 2795 2475 1900 1440] [1640 1635 1675 1800 1830 2335 2740 3170]
[2805 3080 2885 2960 2825 2565 1895 1570] [1675 1730 1785 1745 2070 2310 2815 3210]
[2815 3010 3005 2890 2845 2620 2245 1580] [1860 1575 1710 1760 1750 2300 2855 3230]
COM3 0 17
3
[2925 2670 2835 2785 2865 2470 1935 1525] [1940 1955 1800 1705 2000 2415 2615 3205]
[3020 2995 2860 2940 2835 2400 1905 1550] [1755 1760 1720 1700 1825 2320 2700 2945]
[2705 2910 2955 2795 2755 2610 1905 1490] [1740 1705 1655 1680 1940 2200 2750 2990]
[3035 3010 2895 2845 2750 2440 1845 1495] [1695 1555 1745 1705 1740 2315 2820 3025]
[3200 2960 2850 2950 2930 2575 1935 1520] [1555 1635 1780 1595 1785 2205 2760 3150]
[2810 2685 2930 3000 2790 2580 1925 1445] [1640 1635 1675 1800 1830 2335 2740 3170]
[3055 3025 2910 2885 2965 2465 2020 1560] [1675 1730 1785 1745 2070 2310 2815 3210]
[2930 2855 2855 2995 2810 2780 2075 1490] [1860 1575 1710 1760 1750 2300 2855 3230]
COM8 1 18
3
[2925 2670 2835 2785 2865 2470 1935 1525] [1845 1805 1840 1715 2145 2435 2770 3140]
[3020 2995 2860 2940 2835 2400 1905 1550] [1635 1820 1730 1735 1865 2310 2670 3095]
[2705 2910 2955 2795 2755 2610 1905 1490] [1745 1790 1670 1675 1925 2170 2825 3135]
[3035 3010 2895 2845 2750 2440 1845 1495] [1780 1555 1715 1725 1775 2215 2945 3095]
[3200 2960 2850 2950 2930 2575 1935 1520] [1675 1640 1760 1550 1795 2260 2760 3185]
[2810 2685 2930 3000 2790 2580 1925 1445] [1680 1665 1735 1795 1830 2265 2905 3360]
[3055 3025 2910 2885 2965 2465 2020 1560] [1600 1750 1750 1655 1820 2315 2845 3345]
[2930 2855 2855 2995 2810 2780 2075 1490] [1725 1600 1730 1790 2045 2415 3035 3450]
COM3 0 19
3
[2820 2660 2890 2790 2890 2455 1960 1545] [1845 1805 1840 1715 2145 2435 2770 3140]
[2935 2970 2720 2875 2715 2575 1920 1530] [1635 1820 1730 1735 1865 2310 2670 3095]
[2845 3060 2880 2885 2720 2555 1875 1415] [1745 1790 1670 1675 1925 2170 2825 3135]
[2755 2975 2910 2910 2935 2490 1835 1375] [1780 1555 1715 1725 1775 2215 2945 3095]
[3110 3150 2850 2825 2975 2410 1975 1480] [1675 1640 1760 1550 1795 2260 2760 3185]
[2905 3070 2950 2940 2725 2465 1880 1435] [1680 1665 1735 1795 1830 2265 2905 3360]
[2910 2910 2940 3030 2835 2715 2020 1570] [1600 1750 1750 1655 1820 2315 2845 3345]
[3270 2920 2915 2915 2975 2640 2230 1520] [1725 1600 1730 1790 2045 2415 3035 3450]
COM8 1 20
3
[2820 2660 2890 2790 2890 2455 1960 1545] [1785 1830 1985 1750 1950 2420 2915 3000]
[2935 2970 2720 2875 2715 2575 1920 1530] [1825 1855 1635 1680 1955 2285 2670 2945]
[2845 3060 2880 2885 2720 2555 1875 1415] [1805 1765 1680 1665 1940 2275 2815 3145]
[2755 2975 2910 2910 2935 2490 1835 1375] [1665 1590 1735 1695 1840 2095 2780 3025]
[3110 3150 2850 2825 2975 2410 1975 1480] [1615 1720 1740 1590 1775 2345 2765 2960]
[2905 3070 2950 2940 2725 2465 1880 1435] [1635 1660 1630 1760 1915 2230 2885 3265]
[2910 2910 2940 3030 2835 2715 2020 1570] [1715 1650 1770 1675 1820 2385 2920 3210]
[3270 2920 2915 2915 2975 2640 2230 1520] [1695 1610 1670 1680 1765 2300 2770 3275]
COM3 0 21
3
[2785 2840 2905 3020 2715 2595 1980 1565] [1785 1830 1985 1750 1950 2420 2915 3000]
[2975 2845 2835 2770 2840 2505 1935 1545] [1825 1855 1635 1680 1955 2285 2670 2945]
[2870 2740 2890 2890 2865 2550 2040 1560] [1805 1765 1680 1665 1940 2275 2815 3145]
[2935 3055 3060 2905 2825 2585 2005 1535] [1665 1590 1735 1695 1840 2095 2780 3025]
[2890 2920 3115 2820 2980 2475 2120 1575] [1615 1720 1740 1590 1775 2345 2765 2960]
[3040 2920 3135 3010 2840 2595 2085 1515] [1635 1660 1630 1760 1915 2230 2885 3265]
[3055 2965 3015 2960 3060 2485 1905 1510] [1715 1650 1770 1675 1820 2385 2920 3210]
[3005 2945 2775 3155 2975 2510 2080 1540] [1695 1610 1670 1680 1765 2300 2770 3275]
COM8 1 22
3
[2785 2840 2905 3020 2715 2595 1980 1565] [2005 1980 1880 1715 2170 2345 2750 3120]
[2975 2845 2835 2770 2840 2505 1935 1545] [1880 1675 1780 1595 1885 2335 2685 2945]
[2870 2740 2890 2890 2865 2550 2040 1560] [1775 1875 1640 1615 1920 2250 2775 2995]
[2935 3055 3060 2905 2825 2585 2005 1535] [1780 1730 1805 1660 1880 2115 2885 2985]
[2890 2920 3115 2820 2980 2475 2120 1575] [1690 1775 1785 1635 1840 2425 2760 3055]
[3040 2920 3135 3010 2840 2595 2085 1515] [1615 1655 1805 1760 1870 2430 2775 3145]
[3055 2965 3015 2960 3060 2485 1905 1510] [1805 1735 1790 1690 2015 2350 2970 3270]
[3005 2945 2775 3155 2975 2510 2080 1540] [1760 1690 1695 1970 1880 2305 2970 3350]
COM3 0 23
3
[2860 2675 2805 2845 2790 2520 2190 1670] [2005 1980 1880 1715 2170 2345 2750 3120]
[2960 3010 2815 2945 2875 2470 2050 1640] [1880 1675 1780 1595 1885 2335 2685 2945]
[2870 2975 2850 2995 2700 2615 2025 1520] [1775 1875 1640 1615 1920 2250 2775 2995]
[3035 2815 3000 2855 2860 2445 1920 1535] [1780 1730 1805 1660 1880 2115 2885 2985]
[2970 3015 3175 2915 2875 2370 2135 1615] [1690 1775 1785 1635 1840 2425 2760 3055]
[2920 2830 3070 2945 2890 2670 2000 1500] [1615 1655 1805 1760 1870 2430 2775 3145]
[3000 3050 2860 2770 2825 2695 1895 1595] [1805 1735 1790 1690 2015 2350 2970 3270]
[3325 2870 3140 2750 2990 2705 2275 1475] [1760 1690 1695 1970 1880 2305 2970 3350]
COM8 1 24
3
[2860 2675 2805 2845 2790 2520 2190 1670] [1885 1845 1845 1725 2055 2495 2900 3055]
[2960 3010 2815 2945 2875 2470 2050 1640] [1755 1780 1780 1750 1785 2320 2745 3000]
[2870 2975 2850 2995 2700 2615 2025 1520] [1700 1695 1740 1680 2035 2145 2670 3000]
[3035 2815 3000 2855 2860 2445 1920 1535] [1680 1555 1760 1665 1780 2270 2765 3055]
[2970 3015 3175 2915 2875 2370 2135 1615] [1705 1715 1685 1600 1820 2350 2925 3335]
[2920 2830 3070 2945 2890 2670 2000 1500] [1585 1600 1640 1710 1855 2335 2690 3090]
[3000 3050 2860 2770 2825 2695 1895 1595] [1640 1770 1790 1645 1865 2245 2945 3345]
[3325 2870 3140 2750 2990 2705 2275 1475] [1760 1670 1700 1760 1645 2445 2810 3185]
COM3 0 25
3
[2700 2715 2735 2810 2730 2450 1935 1450] [1885 1845 1845 1725 2055 2495 2900 3055]
[2840 2900 2735 2920 2780 2545 1740 1450] [1755 1780 1780 1750 1785 2320 2745 3000]
[2765 2690 2910 2820 2780 2480 1755 1295] [1700 1695 1740 1680 2035 2145 2670 3000]
[2665 2925 2925 2855 2825 2495 1805 1310] [1680 1555 1760 1665 1780 2270 2765 3055]
[2810 2700 3015 2735 2870 2480 1805 1430] [1705 1715 1685 1600 1820 2350 2925 3335]
[2805 2985 2845 3015 2630 2530 1925 1385] [1585 1600 1640 1710 1855 2335 2690 3090]
[3060 2990 2690 2965 2945 2440 1670 1375] [1640 1770 1790 1645 1865 2245 2945 3345]
[3090 2945 2860 2875 2985 2595 1945 1500] [1760 1670 1700 1760 1645 2445 2810 3185]
COM8 1 26
3
[2700 2715 2735 2810 2730 2450 1935 1450] [1705 1930 1895 1715 2035 2470 2855 3165]
[2840 2900 2735 2920 2780 2545 1740 1450] [1655 1735 1845 1810 1865 2320 2815 3095]
[2765 2690 2910 2820 2780 2480 1755 1295] [1760 1695 1640 1655 1880 2280 2805 3145]
[2665 2925 2925 2855 2825 2495 1805 1310] [1740 1780 1680 1795 1825 2200 2820 3005]
[2810 2700 3015 2735 2870 2480 1805 1430] [1670 1770 1745 1595 1840 2380 2940 2980]
[2805 2985 2845 3015 2630 2530 1925 1385] [1660 1705 1715 1750 1805 2310 2955 3205]
[3060 2990 2690 2965 2945 2440 1670 1375] [1670 1815 1800 1685 1940 2230 2820 3150]
[3090 2945 2860 2875 2985 2595 1945 1500] [1745 1675 1760 1775 1965 2270 2905 3030]
COM3 0 27
3
[2720 2690 2825 2685 2770 2520 2035 1440] [1705 1930 1895 1715 2035 2470 2855 3165]
[3015 2790 2795 2950 2845 2545 1855 1485] [1655 1735 1845 1810 1865 2320 2815 3095]
[2855 2875 2895 2860 2780 2445 2025 1425] [1760 1695 1640 1655 1880 2280 2805 3145]
[2860 2655 3070 2850 2990 2460 1875 1335] [1740 1780 1680 1795 1825 2200 2820 3005]
[2875 2765 2995 2760 2925 2450 1935 1465] [1670 1770 1745 1595 1840 2380 2940 2980]
[2805 2705 2990 3070 2790 2570 1830 1410] [1660 1705 1715 1750 1805 2310 2955 3205]
[2885 2835 2820 2930 2690 2635 1670 1380] [1670 1815 1800 1685 1940 2230 2820 3150]
[3120 3005 2985 2940 2600 2590 1955 1590] [1745 1675 1760 1775 1965 2270 2905 3030]
COM8 1 28
3
[2720 2690 2825 2685 2770 2520 2035 1440] [1990 1920 2045 1830 2135 2435 2835 3045]
[3015 2790 2795 2950 2845 2545 1855 1485] [1850 1765 1805 1710 1835 2300 2725 3020]
[2855 2875 2895 2860 2780 2445 2025 1425] [1815 1855 1685 1720 1905 2340 2805 3150]
[2860 2655 3070 2850 2990 2460 1875 1335] [1840 1680 1760 1755 1800 2410 2755 2845]
[2875 2765 2995 2760 2925 2450 1935 1465] [1690 1745 1900 1700 1785 2315 2845 3025]
[2805 2705 2990 3070 2790 2570 1830 1410] [1625 1660 1765 1770 1870 2355 2910 3165]
[2885 2835 2820 2930 2690 2635 1670 1380] [1705 1670 1800 1710 1965 2290 3040 3280]
[3120 3005 2985 2940 2600 2590 1955 1590] [1805 1670 1835 1920 1885 2355 3030 3165]
COM3 0 29
3
[2840 2680 2830 2745 2805 2460 2080 1365] [1990 1920 2045 1830 2135 2435 2835 3045]
[2715 2815 2865 3005 2845 2415 1730 1280] [1850 1765 1805 1710 1835 2300 2725 3020]
[2635 2815 2825 2955 2735 2535 1845 1370] [1815 1855 1685 1720 1905 2340 2805 3150]
[2805 2850 2955 2930 2715 2465 1800 1245] [1840 1680 1760 1755 1800 2410 2755 2845]
[2860 2815 2910 2605 2805 2520 1900 1220] [1690 1745 1900 1700 1785 2315 2845 3025]
[2920 2975 3055 2945 2835 2505 1855 1265] [1625 1660 1765 1770 1870 2355 2910 3165]
[2795 2990 2990 2930 2590 2410 1695 1390] [1705 1670 1800 1710 1965 2290 3040 3280]
[2910 2935 3000 3115 2895 2495 2100 1450] [1805 1670 1835 1920 1885 2355 3030 3165]
COM8 1 30
3
[2840 2680 2830 2745 2805 2460 2080 1365] [1990 1885 1940 1830 2060 2490 2785 3175]
[2715 2815 2865 3005 2845 2415 1730 1280] [1770 1785 1820 1680 1755 2245 2780 2865]
[2635 2815 2825 2955 2735 2535 1845 1370] [1745 1690 1640 1625 1855 2195 2740 2995]
[2805 2850 2955 2930 2715 2465 1800 1245] [1755 1600 1675 1710 1845 2300 2725 3095]
[2860 2815 2910 2605 2805 2520 1900 1220] [1680 1720 1725 1595 1785 2260 2740 3245]
[2920 2975 3055 2945 2835 2505 1855 1265] [1610 1700 1680 1795 1840 2255 2860 3160]
[2795 2990 2990 2930 2590 2410 1695 1390] [1640 1650 1805 1745 2035 2330 2900 3375]
[2910 2935 3000 3115 2895 2495 2100 1450] [1715 1670 1770 1800 1880 2315 2935 3350]
COM3 0 31
3
[2720 2705 2760 2765 2815 2390 1900 1425] [1990 1885 1940 1830 2060 2490 2785 3175]
[2835 2795 2815 2730 2860 2480 1645 1420] [1770 1785 1820 1680 1755 2245 2780 2865]
[2550 2775 2875 2855 2665 2430 1840 1405] [1745 1690 1640 1625 1855 2195 2740 2995]
[2845 2825 2835 2815 2865 2490 1680 1350] [1755 1600 1675 1710 1845 2300 2725 3095]
[2905 2895 3115 2870 2865 2470 1840 1380] [1680 1720 1725 1595 1785 2260 2740 3245]
[2705 3010 2980 2850 2865 2410 1915 1375] [1610 1700 1680 1795 1840 2255 2860 3160]
[2740 3015 2840 3010 2805 2405 1845 1390] [1640 1650 1805 1745 2035 2330 2900 3375]
[3120 2710 3000 2820 2885 2515 2135 1425] [1715 1670 1770 1800 1880 2315 2935 3350]
COM8 1 32
3
[2720 2705 2760 2765 2815 2390 1900 1425] [1625 1645 1760 1585 1885 2190 2695 3115]
[2835 2795 2815 2730 2860 2480 1645 1420] [1520 1635 1560 1605 1655 2205 2620 3155]
[2550 2775 2875 2855 2665 2430 1840 1405] [1525 1610 1500 1580 1765 2210 2690 3055]
[2845 2825 2835 2815 2865 2490 1680 1350] [1425 1450 1560 1580 1710 2090 2775 3180]
[2905 2895 3115 2870 2865 2470 1840 1380] [1415 1390 1550 1410 1760 1935 2805 3175]
[2705 3010 2980 2850 2865 2410 1915 1375] [1280 1445 1475 1700 1755 2230 2790 3020]
[2740 3015 2840 3010 2805 2405 1845 1390] [1485 1510 1615 1505 1680 2115 2925 3205]
[3120 2710 3000 2820 2885 2515 2135 1425] [1460 1435 1545 1570 1635 2225 2905 3400]
COM3 0 33
3
[2810 2880 2810 2805 2680 2475 1840 1285] [1625 1645 1760 1585 1885 2190 2695 3115]
[3050 2945 2850 3010 2790 2615 1800 1490] [1520 1635 1560 1605 1655 2205 2620 3155]
[2925 3005 2840 2860 2855 2480 1945 1265] [1525 1610 1500 1580 1765 2210 2690 3055]
[2740 2780 2930 2845 2905 2550 1800 1310] [1425 1450 1560 1580 1710 2090 2775 3180]
[2965 2965 3030 2945 2895 2490 2145 1420] [1415 1390 1550 1410 1760 1935 2805 3175]
[3110 2970 2870 2995 2710 2560 1920 1250] [1280 1445 1475 1700 1755 2230 2790 3020]
[2920 2965 2850 2940 2915 2715 1800 1415] [1485 1510 1615 1505 1680 2115 2925 3205]
[3005 2945 2950 2945 3070 2520 1970 1210] [1460 1435 1545 1570 1635 2225 2905 3400]
COM8 1 34
3
[2810 2880 2810 2805 2680 2475 1840 1285] [1770 1890 1960 1670 1995 2345 2910 3160]
[3050 2945 2850 3010 2790 2615 1800 1490] [1745 1780 1645 1680 1775 2375 2910 3000]
[2925 3005 2840 2860 2855 2480 1945 1265] [1785 1750 1605 1680 1935 2255 2700 3175]
[2740 2780 2930 2845 2905 2550 1800 1310] [1720 1590 1740 1655 1900 2230 2590 3025]
[2965 2965 3030 2945 2895 2490 2145 1420] [1630 1690 1765 1630 1800 2260 2900 3200]
[3110 2970 2870 2995 2710 2560 1920 1250] [1490 1700 1705 1785 1790 2125 2645 3225]
[2920 2965 2850 2940 2915 2715 1800 1415] [1605 1705 1875 1695 2020 2145 2840 3180]
[3005 2945 2950 2945 3070 2520 1970 1210] [1765 1670 1615 1825 1780 2355 2700 3030]
COM3 0 35
3
[2765 2745 2775 2865 2770 2510 1960 1410] [1770 1890 1960 1670 1995 2345 2910 3160]
[2850 2905 2685 2940 2840 2580 1750 1400] [1745 1780 1645 1680 1775 2375 2910 3000]
[2585 2895 2945 2765 2800 2470 1805 1310] [1785 1750 1605 1680 1935 2255 2700 3175]
[2570 2770 2930 2705 2905 2570 1835 1290] [1720 1590 1740 1655 1900 2230 2590 3025]
[3065 2760 2755 2890 2960 2405 2065 1260] [1630 1690 1765 1630 1800 2260 2900 3200]
[2855 3035 3190 2975 2715 2550 1885 1360] [1490 1700 1705 1785 1790 2125 2645 3225]
[3000 2825 3050 3030 2875 2535 1780 1295] [1605 1705 1875 1695 2020 2145 2840 3180]
[3145 2765 2745 2875 2910 2580 2075 1365] [1765 1670 1615 1825 1780 2355 2700 3030]
COM8 1 36
3
[2765 2745 2775 2865 2770 2510 1960 1410] [1860 2025 1920 1895 1865 2420 2745 3055]
[2850 2905 2685 2940 2840 2580 1750 1400] [1700 1700 1855 1720 1770 2255 2610 3005]
[2585 2895 2945 2765 2800 2470 1805 1310] [1715 1730 1655 1685 1925 2320 2810 3170]
[2570 2770 2930 2705 2905 2570 1835 1290] [1715 1555 1705 1570 1900 2310 2720 3085]
[3065 2760 2755 2890 2960 2405 2065 1260] [1615 1700 1725 1590 1820 2225 2805 3150]
[2855 3035 3190 2975 2715 2550 1885 1360] [1460 1560 1630 1735 1915 2325 2815 3135]
[3000 2825 3050 3030 2875 2535 1780 1295] [1570 1660 1795 1685 1880 2225 2715 3320]
[3145 2765 2745 2875 2910 2580 2075 1365] [1715 1735 1735 1745 1925 2300 2910 3295]
COM3 0 37
3
[2805 2720 2720 2735 2725 2390 1885 1610] [1860 2025 1920 1895 1865 2420 2745 3055]
[2765 2890 2760 2965 2895 2535 2050 1495] [1700 1700 1855 1720 1770 2255 2610 3005]
[2480 2620 2955 2690 2620 2520 1805 1515] [1715 1730 1655 1685 1925 2320 2810 3170]
[2610 2745 2910 2660 2785 2630 1895 1500] [1715 1555 1705 1570 1900 2310 2720 3085]
[2855 2800 2935 3005 2820 2440 2060 1470] [1615 1700 1725 1590 1820 2225 2805 3150]
[2600 2885 3085 2945 2890 2550 1960 1430] [1460 1560 1630 1735 1915 2325 2815 3135]
[2920 2795 2805 2965 2790 2685 1875 1485] [1570 1660 1795 1685 1880 2225 2715 3320]
[2940 2725 2870 2700 2795 2470 2235 1460] [1715 1735 1735 1745 1925 2300 2910 3295]
COM8 1 38
3
[2805 2720 2720 2735 2725 2390 1885 1610] [1940 1985 1965 1920 2105 2395 2780 3055]
[2765 2890 2760 2965 2895 2535 2050 1495] [1880 1955 1935 1755 1805 2420 2760 3030]
[2480 2620 2955 2690 2620 2520 1805 1515] [1855 1875 1890 1680 2050 2235 2705 3050]
[2610 2745 2910 2660 2785 2630 1895 1500] [1880 1830 1815 1760 1865 2250 2805 2840]
[2855 2800 2935 3005 2820 2440 2060 1470] [1925 1875 1830 1655 1840 2225 2710 3175]
[2600 2885 3085 2945 2890 2550 1960 1430] [1780 1775 1835 1860 1870 2440 2665 3090]
[2920 2795 2805 2965 2790 2685 1875 1485] [1785 1855 1875 1805 2020 2355 2950 3070]
[2940 2725 2870 2700 2795 2470 2235 1460] [1765 1845 1815 1870 1845 2395 2905 3155]
COM3 0 39
3
[2940 2685 2740 2915 2840 2620 2040 1525] [1940 1985 1965 1920 2105 2395 2780 3055]
[2895 2935 2735 2910 2780 2480 1965 1585] [1880 1955 1935 1755 1805 2420 2760 3030]
[2725 3005 2835 2690 2755 2520 1945 1530] [1855 1875 1890 1680 2050 2235 2705 3050]
[2990 2915 3015 2880 3040 2565 1990 1520] [1880 1830 1815 1760 1865 2250 2805 2840]
[3150 3110 2965 2960 2730 2390 2105 1490] [1925 1875 1830 1655 1840 2225 2710 3175]
[2935 3135 3040 2850 3055 2530 1980 1360] [1780 1775 1835 1860 1870 2440 2665 3090]
[2730 2915 2690 2950 2830 2705 1645 1560] [1785 1855 1875 1805 2020 2355 2950 3070]
[2995 3095 3005 2795 3000 2675 2030 1560] [1765 1845 1815 1870 1845 2395 2905 3155]
COM8 1 40
3
[2940 2685 2740 2915 2840 2620 2040 1525] [1900 1910 1885 1745 2015 2390 2715 3140]
[2895 2935 2735 2910 2780 2480 1965 1585] [1745 1900 1845 1620 1720 2275 2775 2945]
[2725 3005 2835 2690 2755 2520 1945 1530] [1705 1685 1695 1685 1885 2215 2705 2950]
[2990 2915 3015 2880 3040 2565 1990 1520] [1745 1540 1695 1685 1780 2215 2820 2985]
[3150 3110 2965 2960 2730 2390 2105 1490] [1650 1680 1705 1590 1755 2335 2760 3090]
[2935 3135 3040 2850 3055 2530 1980 1360] [1625 1620 1680 1795 1785 2335 2885 3110]
[2730 2915 2690 2950 2830 2705 1645 1560] [1590 1820 1710 1600 1860 2300 3020 3070]
[2995 3095 3005 2795 3000 2675 2030 1560] [1735 1695 1725 1745 1800 2370 2970 3165]
COM3 0 41
3
[2800 2825 2640 2935 2900 2630 2125 1495] [1900 1910 1885 1745 2015 2390 2715 3140]
[3010 3045 2845 2930 2765 2540 1930 1525] [1745 1900 1845 1620 1720 2275 2775 2945]
[2855 2745 2850 2815 2855 2510 1910 1540] [1705 1685 1695 1685 1885 2215 2705 2950]
[3005 2760 2995 2825 2915 2625 1905 1405] [1745 1540 1695 1685 1780 2215 2820 2985]
[2965 3015 3040 2885 2850 2455 2005 1590] [1650 1680 1705 1590 1755 2335 2760 3090]
[2885 2950 2955 2915 2805 2500 2185 1410] [1625 1620 1680 1795 1785 2335 2885 3110]
[3010 3120 2925 2950 2915 2430 1845 1590] [1590 1820 1710 1600 1860 2300 3020 3070]
[3095 2950 2825 2910 2885 2635 2055 1480] [1735 1695 1725 1745 1800 2370 2970 3165]
COM8 1 42
3
[2800 2825 2640 2935 2900 2630 2125 1495] [1800 1925 1905 1750 1950 2455 2805 3215]
[3010 3045 2845 2930 2765 2540 1930 1525] [1735 1780 1755 1725 1785 2425 2680 2910]
[2855 2745 2850 2815 2855 2510 1910 1540] [1800 1665 1645 1590 1880 2080 2760 3000]
[3005 2760 2995 2825 2915 2625 1905 1405] [1720 1655 1690 1660 1770 2270 2710 3170]
[2965 3015 3040 2885 2850 2455 2005 1590] [1675 1650 1785 1520 1760 2285 2625 3180]
[2885 2950 2955 2915 2805 2500 2185 1410] [1570 1635 1680 1780 1890 2305 2795 3330]
[3010 3120 2925 2950 2915 2430 1845 1590] [1585 1720 1705 1780 1835 2305 2800 3315]
[3095 2950 2825 2910 2885 2635 2055 1480] [1775 1645 1700 1835 1785 2360 2955 3435]
COM3 0 43
3
[2945 2850 2725 2930 2855 2620 2165 1625] [1800 1925 1905 1750 1950 2455 2805 3215]
[2910 3000 2925 3005 2865 2470 1900 1575] [1735 1780 1755 1725 1785 2425 2680 2910]
[2910 3015 2865 2935 2840 2580 1855 1480] [1800 1665 1645 1590 1880 2080 2760 3000]
[2905 2880 3045 2880 2910 2630 1820 1495] [1720 1655 1690 1660 1770 2270 2710 3170]
[2815 2890 2850 2860 2875 2495 2145 1660] [1675 1650 1785 1520 1760 2285 2625 3180]
[2855 2990 2875 3015 2765 2580 2085 1440] [1570 1635 1680 1780 1890 2305 2795 3330]
[3180 3025 2915 2925 2795 2650 1810 1605] [1585 1720 1705 1780 1835 2305 2800 3315]
[3215 2950 3085 2965 2880 2580 2215 1585] [1775 1645 1700 1835 1785 2360 2955 3435]
COM8 1 44
3
[2945 2850 2725 2930 2855 2620 2165 1625] [1550 1925 1805 1725 1860 2275 2735 3045]
[2910 3000 2925 3005 2865 2470 1900 1575] [1485 1690 1645 1580 1715 2275 2770 3070]
[2910 3015 2865 2935 2840 2580 1855 1480] [1475 1585 1595 1575 1820 2110 2710 3070]
[2905 2880 3045 2880 2910 2630 1820 1495] [1485 1415 1605 1525 1740 2090 2765 3055]
[2815 2890 2850 2860 2875 2495 2145 1660] [1555 1425 1555 1460 1645 2130 2790 3175]
[2855 2990 2875 3015 2765 2580 2085 1440] [1425 1480 1495 1655 1805 2385 2890 3165]
[3180 3025 2915 2925 2795 2650 1810 1605] [1390 1545 1580 1575 1825 2195 2845 3150]
[3215 2950 3085 2965 2880 2580 2215 1585] [1610 1520 1630 1615 1640 2285 2775 3120]
COM3 0 45
3
[2835 3005 2830 2715 2665 2540 2100 1565] [1550 1925 1805 1725 1860 2275 2735 3045]
[3020 2950 2845 2975 2620 2545 1950 1535] [1485 1690 1645 1580 1715 2275 2770 3070]
[2865 2940 2895 2840 2760 2515 1960 1535] [1475 1585 1595 1575 1820 2110 2710 3070]
[2795 3015 2890 2855 2965 2420 1860 1465] [1485 1415 1605 1525 1740 2090 2765 3055]
[3000 2990 2875 2795 2905 2525 2060 1550] [1555 1425 1555 1460 1645 2130 2790 3175]
[3035 2990 3065 3015 2680 2525 2030 1485] [1425 1480 1495 1655 1805 2385 2890 3165]
[2550 3175 2865 2940 2770 2585 1830 1535] [1390 1545 1580 1575 1825 2195 2845 3150]
[3010 3010 2700 2945 2605 2740 2085 1615] [1610 1520 1630 1615 1640 2285 2775 3120]
COM8 1 46
3
[2835 3005 2830 2715 2665 2540 2100 1565] [1850 1860 1945 1715 1840 2310 2650 3035]
[3020 2950 2845 2975 2620 2545 1950 1535] [1545 1675 1620 1700 1825 2380 2695 3075]
[2865 2940 2895 2840 2760 2515 1960 1535] [1690 1670 1645 1530 1700 2285 2655 2970]
[2795 3015 2890 2855 2965 2420 1860 1465] [1610 1505 1575 1570 1670 2175 2790 3130]
[3000 2990 2875 2795 2905 2525 2060 1550] [1605 1675 1675 1475 1740 2400 2905 3195]
[3035 2990 3065 3015 2680 2525 2030 1485] [1455 1625 1545 1710 1865 2305 2870 3015]
[2550 3175 2865 2940 2770 2585 1830 1535] [1600 1590 1700 1620 1725 2150 2710 3230]
[3010 3010 2700 2945 2605 2740 2085 1615] [1720 1515 1595 1705 1790 2190 2970 3135]
COM3 0 47
3
[2855 2720 3000 2975 2760 2485 2045 1545] [1850 1860 1945 1715 1840 2310 2650 3035]
[3020 2945 2785 2770 2795 2620 1865 1550] [1545 1675 1620 1700 1825 2380 2695 3075]
[2595 2900 2805 2870 2790 2755 1910 1555] [1690 1670 1645 1530 1700 2285 2655 2970]
[3005 2945 2775 2855 2850 2555 1885 1485] [1610 1505 1575 1570 1670 2175 2790 3130]
[3210 3110 3005 2840 3005 2505 2145 1575] [1605 1675 1675 1475 1740 2400 2905 3195]
[2955 2935 3005 2965 2850 2525 1995 1405] [1455 1625 1545 1710 1865 2305 2870 3015]
[2930 2890 2770 3105 2790 2310 1875 1520] [1600 1590 1700 1620 1725 2150 2710 3230]
[3085 3030 2805 2870 2850 2695 2075 1520] [1720 1515 1595 1705 1790 2190 2970 3135]
COM8 1 48
3
[2855 2720 3000 2975 2760 2485 2045 1545] [1845 1910 1840 1685 1975 2290 2715 3195]
[3020 2945 2785 2770 2795 2620 1865 1550] [1655 1745 1780 1680 1835 2370 2800 3075]
[2595 2900 2805 2870 2790 2755 1910 1555] [1705 1700 1770 1675 1860 2275 2825 2980]
[3005 2945 2775 2855 2850 2555 1885 1485] [1760 1560 1785 1695 1745 2240 2800 2920]
[3210 3110 3005 2840 3005 2505 2145 1575] [1690 1685 1735 1560 1785 2105 2945 3150]
[2955 2935 3005 2965 2850 2525 1995 1405] [1575 1655 1650 1895 1915 2370 2890 3025]
[2930 2890 2770 3105 2790 2310 1875 1520] [1550 1705 1755 1620 1740 2400 2875 3165]
[3085 3030 2805 2870 2850 2695 2075 1520] [1670 1620 1770 1740 1825 2260 3035 3350]
COM3 0 49
3
[2855 2975 2795 2930 2790 2525 2140 1590] [1845 1910 1840 1685 1975 2290 2715 3195]
[2910 2950 2795 2980 2805 2540 2055 1585] [1655 1745 1780 1680 1835 2370 2800 3075]
[2920 2910 2960 2955 2970 2525 2125 1520] [1705 1700 1770 1675 1860 2275 2825 2980]
[2910 2910 2805 2795 2905 2610 2060 1535] [1760 1560 1785 1695 1745 2240 2800 2920]
[3075 2830 3140 3040 2990 2455 1995 1660] [1690 1685 1735 1560 1785 2105 2945 3150]
[3045 2945 3160 3080 2890 2560 1925 1495] [1575 1655 1650 1895 1915 2370 2890 3025]
[2930 3070 3055 2805 2870 2585 1970 1670] [1550 1705 1755 1620 1740 2400 2875 3165]
[3015 3015 2990 3095 3005 2615 2225 1615] [1670 1620 1770 1740 1825 2260 3035 3350]
COM8 1 50
3
[2855 2975 2795 2930 2790 2525 2140 1590] [1800 1935 1840 1655 1985 2205 2675 3140]
[2910 2950 2795 2980 2805 2540 2055 1585] [1730 1715 1705 1665 1720 2290 2690 3050]
[2920 2910 2960 2955 2970 2525 2125 1520] [1695 1670 1665 1675 1920 2050 2765 2990]
[2910 2910 2805 2795 2905 2610 2060 1535] [1625 1595 1745 1665 1715 2305 2865 2895]
[3075 2830 3140 3040 2990 2455 1995 1660] [1605 1575 1685 1535 1775 2200 2820 3045]
[3045 2945 3160 3080 2890 2560 1925 1495] [1545 1665 1525 1825 1820 2220 2840 3175]
[2930 3070 3055 2805 2870 2585 1970 1670] [1515 1840 1710 1575 1960 2155 2960 3250]
[3015 3015 2990 3095 3005 2615 2225 1615] [1670 1610 1710 1820 1800 2345 2950 3240]
COM3 0 51
3
[2860 2735 2830 2815 2705 2440 2040 1430] [1800 1935 1840 1655 1985 2205 2675 3140]
[2840 2960 2675 2780 2850 2420 1885 1545] [1730 1715 1705 1665 1720 2290 2690 3050]
[2705 2755 2910 2890 2665 2315 1815 1425] [1695 1670 1665 1675 1920 2050 2765 2990]
[2665 2830 2970 2750 2810 2400 1770 1365] [1625 1595 1745 1665 1715 2305 2865 2895]
[2730 2750 2780 2895 2800 2375 1985 1515] [1605 1575 1685 1535 1775 2200 2820 3045]
[2720 2635 3060 2855 2705 2515 2040 1330] [1545 1665 1525 1825 1820 2220 2840 3175]
[2730 2870 2860 3130 2850 2665 1900 1390] [1515 1840 1710 1575 1960 2155 2960 3250]
[2900 2945 2670 2990 2825 2620 2110 1440] [1670 1610 1710 1820 1800 2345 2950 3240]
COM8 1 52
3
[2860 2735 2830 2815 2705 2440 2040 1430] [1945 1930 1945 1625 2085 2265 2765 3160]
[2840 2960 2675 2780 2850 2420 1885 1545] [1695 1835 1680 1800 1765 2345 2620 3005]
[2705 2755 2910 2890 2665 2315 1815 1425] [1760 1765 1715 1660 1885 2210 2765 2975]
[2665 2830 2970 2750 2810 2400 1770 1365] [1875 1680 1800 1690 1855 2200 2815 3120]
[2730 2750 2780 2895 2800 2375 1985 1515] [1690 1775 1720 1590 1940 2285 2915 3090]
[2720 2635 3060 2855 2705 2515 2040 1330] [1690 1685 1695 1870 1885 2360 2850 3295]
[2730 2870 2860 3130 2850 2665 1900 1390] [1745 1735 1800 1660 1955 2310 3100 3350]
[2900 2945 2670 2990 2825 2620 2110 1440] [1800 1720 1705 1695 2045 2415 2740 3410]
COM3 0 53
3
[2865 2870 2800 2805 2765 2520 2020 1640] [1945 1930 1945 1625 2085 2265 2765 3160]
[2910 3060 2975 2900 2860 2545 2020 1660] [1695 1835 1680 1800 1765 2345 2620 3005]
[2930 2910 3050 2785 2770 2640 2025 1610] [1760 1765 1715 1660 1885 2210 2765 2975]
[3095 2865 2980 2780 3010 2570 2070 1460] [1875 1680 1800 1690 1855 2200 2815 3120]
[3005 2920 2920 2895 3000 2480 2065 1695] [1690 1775 1720 1590 1940 2285 2915 3090]
[3165 2985 3255 3075 2725 2620 2190 1570] [1690 1685 1695 1870 1885 2360 2850 3295]
[2850 3000 2805 3110 2780 2435 1985 1585] [1745 1735 1800 1660 1955 2310 3100 3350]
[3015 2950 2995 3020 2955 2605 2215 1770] [1800 1720 1705 1695 2045 2415 2740 3410]
COM8 1 54
3
[2865 2870 2800 2805 2765 2520 2020 1640] [1810 1840 1955 1800 2165 2390 2770 3155]
[2910 3060 2975 2900 2860 2545 2020 1660] [1595 1865 1805 1745 1765 2330 2805 3085]
[2930 2910 3050 2785 2770 2640 2025 1610] [1705 1700 1675 1565 1855 2200 2785 2890]
[3095 2865 2980 2780 3010 2570 2070 1460] [1760 1615 1745 1680 1840 2215 2850 3275]
[3005 2920 2920 2895 3000 2480 2065 1695] [1680 1590 1715 1485 1785 2295 2825 3075]
[3165 2985 3255 3075 2725 2620 2190 1570] [1520 1640 1685 1780 1835 2360 2845 3410]
[2850 3000 2805 3110 2780 2435 1985 1585] [1635 1790 1725 1685 1840 2335 2770 3190]
[3015 2950 2995 3020 2955 2605 2215 1770] [1800 1690 1625 1860 1885 2295 2840 3420]
COM3 0 55
3
[3075 2835 2720 3045 2855 2585 2045 1430] [1810 1840 1955 1800 2165 2390 2770 3155]
[2925 2995 2895 2930 2840 2630 1905 1575] [1595 1865 1805 1745 1765 2330 2805 3085]
[2855 2900 2865 2890 2820 2575 1855 1505] [1705 1700 1675 1565 1855 2200 2785 2890]
[2845 2970 3035 2830 2905 2500 1895 1450] [1760 1615 1745 1680 1840 2215 2850 3275]
[2995 3060 3060 2870 2930 2525 2035 1555] [1680 1590 1715 1485 1785 2295 2825 3075]
[3040 2925 2975 2855 2715 2535 1855 1405] [1520 1640 1685 1780 1835 2360 2845 3410]
[2995 2890 2965 2890 2935 2560 1805 1505] [1635 1790 1725 1685 1840 2335 2770 3190]
[3100 3150 2970 3115 3105 2625 2140 1440] [1800 1690 1625 1860 1885 2295 2840 3420]
COM8 1 56
3
[3075 2835 2720 3045 2855 2585 2045 1430] [1855 2025 1800 1780 2130 2485 2850 3055]
[2925 2995 2895 2930 2840 2630 1905 1575] [1775 1775 1705 1745 1905 2310 2610 2945]
[2855 2900 2865 2890 2820 2575 1855 1505] [1650 1770 1725 1655 1880 2220 2705 3045]
[2845 2970 3035 2830 2905 2500 1895 1450] [1685 1560 1720 1690 1805 2250 2665 3085]
[2995 3060 3060 2870 2930 2525 2035 1555] [1650 1625 1795 1540 1825 2255 2950 3235]
[3040 2925 2975 2855 2715 2535 1855 1405] [1555 1640 1665 1795 1790 2265 2805 3375]
[2995 2890 2965 2890 2935 2560 1805 1505] [1625 1670 1765 1615 1925 2325 2745 3320]
[3100 3150 2970 3115 3105 2625 2140 1440] [1640 1675 1650 1755 2000 2335 2925 3140]
COM3 0 57
3
[2975 2805 2705 3010 2740 2515 1960 1570] [1855 2025 1800 1780 2130 2485 2850 3055]
[3045 2960 2890 2720 2810 2600 2070 1540] [1775 1775 1705 1745 1905 2310 2610 2945]
[2750 2715 2865 2770 2860 2570 2015 1500] [1650 1770 1725 1655 1880 2220 2705 3045]
[2930 2715 3055 2835 3015 2650 1875 1475] [1685 1560 1720 1690 1805 2250 2665 3085]
[3005 2820 2890 2910 2980 2400 2060 1655] [1650 1625 1795 1540 1825 2255 2950 3235]
[2855 2810 3075 2885 2705 2535 2075 1440] [1555 1640 1665 1795 1790 2265 2805 3375]
[3140 3155 2945 2865 2960 2475 1780 1500] [1625 1670 1765 1615 1925 2325 2745 3320]
[3215 2945 3010 2930 2620 2695 2115 1755] [1640 1675 1650 1755 2000 2335 2925 3140]
COM8 1 58
3
[2975 2805 2705 3010 2740 2515 1960 1570] [1760 1860 1945 1725 1950 2280 2805 3195]
[3045 2960 2890 2720 2810 2600 2070 1540] [1705 1635 1685 1635 1745 2365 2625 2940]
[2750 2715 2865 2770 2860 2570 2015 1500] [1645 1705 1620 1615 1875 2025 2715 2990]
[2930 2715 3055 2835 3015 2650 1875 1475] [1590 1510 1665 1600 1775 2240 2630 3165]
[3005 2820 2890 2910 2980 2400 2060 1655] [1575 1665 1700 1515 1740 2165 2895 3090]
[2855 2810 3075 2885 2705 2535 2075 1440] [1515 1635 1660 1780 1890 2330 2870 3175]
[3140 3155 2945 2865 2960 2475 1780 1500] [1585 1680 1790 1645 1920 2225 3015 3355]
[3215 2945 3010 2930 2620 2695 2115 1755] [1675 1600 1670 1835 1660 2260 2890 3210]
COM3 0 59
3
[2785 2635 2765 2820 2815 2505 1875 1485] [1760 1860 1945 1725 1950 2280 2805 3195]
[2880 2835 2760 2790 2805 2460 1865 1460] [1705 1635 1685 1635 1745 2365 2625 2940]
[2760 2865 2900 2855 2690 2315 1865 1575] [1645 1705 1620 1615 1875 2025 2715 2990]
[2585 2690 2910 2890 2870 2485 1845 1535] [1590 1510 1665 1600 1775 2240 2630 3165]
[2780 2925 3000 2750 2895 2505 1945 1525] [1575 1665 1700 1515 1740 2165 2895 3090]
[2905 2915 2980 2705 2775 2495 1890 1395] [1515 1635 1660 1780 1890 2330 2870 3175]
[2900 2850 2755 3090 2805 2500 1800 1635] [1585 1680 1790 1645 1920 2225 3015 3355]
[3145 3160 3005 2990 2875 2645 2010 1540] [1675 1600 1670 1835 1660 2260 2890 3210]
COM8 1 60
3
[2785 2635 2765 2820 2815 2505 1875 1485] [1755 1875 2025 1790 2085 2325 2805 3120]
[2880 2835 2760 2790 2805 2460 1865 1460] [1735 1755 1855 1725 1755 2295 2655 2940]
[2760 2865 2900 2855 2690 2315 1865 1575] [1745 1665 1760 1620 1905 2330 2825 2995]
[2585 2690 2910 2890 2870 2485 1845 1535] [1720 1550 1705 1620 1930 2110 2685 3205]
[2780 2925 3000 2750 2895 2505 1945 1525] [1715 1650 1760 1565 1805 2145 3020 3015]
[2905 2915 2980 2705 2775 2495 1890 1395] [1645 1685 1610 1770 1850 2310 2735 3235]
[2900 2850 2755 3090 2805 2500 1800 1635] [1670 1675 1760 1735 1760 2110 2775 3415]
[3145 3160 3005 2990 2875 2645 2010 1540] [1725 1620 1700 1745 2060 2495 3025 3200]
COM3 0 61
3
[2950 3065 2770 2910 2780 2495 2025 1640] [1755 1875 2025 1790 2085 2325 2805 3120]
[3035 3050 2895 3005 2720 2640 1990 1590] [1735 1755 1855 1725 1755 2295 2655 2940]
[2820 2940 2995 2920 2645 2650 2085 1670] [1745 1665 1760 1620 1905 2330 2825 2995]
[3070 2925 3060 2945 2865 2530 1950 1520] [1720 1550 1705 1620 1930 2110 2685 3205]
[3060 2970 2990 2885 2990 2380 2160 1590] [1715 1650 1760 1565 1805 2145 3020 3015]
[3045 2975 2995 3070 2765 2520 2110 1590] [1645 1685 1610 1770 1850 2310 2735 3235]
[3125 3065 2915 2965 3050 2665 1935 1650] [1670 1675 1760 1735 1760 2110 2775 3415]
[2895 3065 3100 3005 2900 2520 2140 1745] [1725 1620 1700 1745 2060 2495 3025 3200]
COM8 1 62
3
[2950 3065 2770 2910 2780 2495 2025 1640] [1885 1870 1900 1705 2015 2460 2750 3120]
[3035 3050 2895 3005 2720 2640 1990 1590] [1705 1745 1780 1720 1770 2290 2800 2940]
[2820 2940 2995 2920 2645 2650 2085 1670] [1740 1690 1670 1615 1925 2240 2745 2945]
[3070 2925 3060 2945 2865 2530 1950 1520] [1680 1500 1705 1705 1795 2100 2715 3045]
[3060 2970 2990 2885 2990 2380 2160 1590] [1575 1675 1695 1505 1740 2170 2855 3090]
[3045 2975 2995 3070 2765 2520 2110 1590] [1620 1595 1635 1810 1840 2335 2890 3470]
[3125 3065 2915 2965 3050 2665 1935 1650] [1670 1700 1785 1660 1925 2295 2820 3295]
[2895 3065 3100 3005 2900 2520 2140 1745] [1720 1640 1705 1680 1855 2340 2795 3210]
COM3 0 63
3
[2835 2955 2825 2695 2685 2615 1850 1400] [1885 1870 1900 1705 2015 2460 2750 3120]
[2925 2920 2810 2855 2910 2580 1830 1470] [1705 1745 1780 1720 1770 2290 2800 2940]
[2775 2980 2850 2960 2805 2590 1880 1385] [1740 1690 1670 1615 1925 2240 2745 2945]
[2670 2925 2960 2785 2750 2550 1875 1365] [1680 1500 1705 1705 1795 2100 2715 3045]
[2940 3015 2895 2795 2950 2500 2000 1375] [1575 1675 1695 1505 1740 2170 2855 3090]
[2710 2915 3060 2920 2955 2485 1785 1360] [1620 1595 1635 1810 1840 2335 2890 3470]
[3010 2915 2885 2800 2695 2670 1675 1460] [1670 1700 1785 1660 1925 2295 2820 3295]
[3015 2940 2920 2910 2940 2535 2110 1405] [1720 1640 1705 1680 1855 2340 2795 3210]
COM8 1 64
3
[2835 2955 2825 2695 2685 2615 1850 1400] [1635 1805 1735 1780 1985 2475 2795 3120]
[2925 2920 2810 2855 2910 2580 1830 1470] [1730 1740 1665 1685 1805 2175 2715 3095]
[2775 2980 2850 2960 2805 2590 1880 1385] [1610 1600 1615 1600 1840 2145 2725 2925]
[2670 2925 2960 2785 2750 2550 1875 1365] [1630 1615 1720 1610 1825 2140 2635 2915]
[2940 3015 2895 2795 2950 2500 2000 1375] [1630 1545 1725 1470 1760 2110 2760 3085]
[2710 2915 3060 2920 2955 2485 1785 1360] [1490 1590 1545 1720 1790 2325 3025 3090]
[3010 2915 2885 2800 2695 2670 1675 1460] [1520 1615 1675 1570 1840 2315 2905 3435]
[3015 2940 2920 2910 2940 2535 2110 1405] [1605 1545 1605 1715 1920 2360 2885 3205]
COM3 0 65
3
[2935 2755 2770 2775 2780 2600 2175 1670] [1635 1805 1735 1780 1985 2475 2795 3120]
[2950 3050 2770 2995 2840 2620 1940 1525] [1730 1740 1665 1685 1805 2175 2715 3095]
[2900 2855 2985 2775 2840 2625 1970 1580] [1610 1600 1615 1600 1840 2145 2725 2925]
[3000 2835 2845 2830 2880 2625 1980 1505] [1630 1615 1720 1610 1825 2140 2635 2915]
[3090 3015 2970 2915 3030 2485 2100 1705] [1630 1545 1725 1470 1760 2110 2760 3085]
[3030 2945 3045 2725 2895 2480 2045 1435] [1490 1590 1545 1720 1790 2325 3025 3090]
[3000 3095 2785 3145 2790 2560 2000 1470] [1520 1615 1675 1570 1840 2315 2905 3435]
[3150 3090 3015 3025 2965 2620 2080 1715] [1605 1545 1605 1715 1920 2360 2885 3205]