COM6 0 6
3
[2965 2890 2915 3150 2995 2870 2955 2725] [3370 3400 3250 2670 2530 2520 2435 2585]
[2950 3085 2925 2990 3060 2935 2985 2915] [3460 3020 3175 2655 2435 2450 2490 2470]
[2820 3060 3155 3100 2765 3035 2980 3085] [3440 3140 3045 2795 2470 2565 2470 2445]
[3175 3075 3120 3000 3055 3080 2965 2965] [3250 3090 3185 2820 2465 2345 2555 2320]
[2825 3005 3030 2985 3215 3065 2925 3135] [3300 3190 3005 2740 2385 2355 2355 2370]
[3090 3035 3425 3085 3020 2935 2990 2930] [3135 3135 2830 2955 2235 2275 2270 2080]
[3010 3145 3320 3320 3125 3175 2815 2900] [3195 3295 2805 2565 2180 2045 2370 2320]
[3265 2985 3145 2925 3060 3240 3175 2990] [3345 3185 3000 2775 2245 2115 1960 2155]
COM4 1 7
3
[2965 2890 2915 3150 2995 2870 2955 2725] [3250 3205 3105 2840 2505 2355 2595 2500]
[2950 3085 2925 2990 3060 2935 2985 2915] [3075 3105 3125 2935 2370 2550 2620 2565]
[2820 3060 3155 3100 2765 3035 2980 3085] [3150 3105 3140 2705 2450 2220 2495 2415]
[3175 3075 3120 3000 3055 3080 2965 2965] [2990 3135 3210 2805 2340 2320 2385 2370]
[2825 3005 3030 2985 3215 3065 2925 3135] [3200 3020 3180 2560 2330 2265 2330 2545]
[3090 3035 3425 3085 3020 2935 2990 2930] [2915 3035 3145 2935 2405 2280 2310 2275]
[3010 3145 3320 3320 3125 3175 2815 2900] [3125 3215 3265 2635 2370 2315 2275 2395]
[3265 2985 3145 2925 3060 3240 3175 2990] [3255 3410 3025 2950 2440 2165 2140 2170]
COM6 0 8
3
[3035 3090 3070 2865 2995 2825 3115 3230] [3250 3205 3105 2840 2505 2355 2595 2500]
[3055 3005 2880 2975 3045 3000 3150 2990] [3075 3105 3125 2935 2370 2550 2620 2565]
[2910 2960 3130 3090 2990 2925 3060 3090] [3150 3105 3140 2705 2450 2220 2495 2415]
[3180 3110 3100 2985 3015 3080 3030 3185] [2990 3135 3210 2805 2340 2320 2385 2370]
[3070 3060 3220 3045 3125 2895 3280 3345] [3200 3020 3180 2560 2330 2265 2330 2545]
[3115 3210 3255 3135 3020 2965 3115 3055] [2915 3035 3145 2935 2405 2280 2310 2275]
[3165 3290 3165 3115 3115 3385 3105 3070] [3125 3215 3265 2635 2370 2315 2275 2395]
[3270 2900 3095 2960 3135 3095 3140 3175] [3255 3410 3025 2950 2440 2165 2140 2170]
COM4 1 9
3
[3035 3090 3070 2865 2995 2825 3115 3230] [3315 3000 3440 2805 2380 2470 2640 2590]
[3055 3005 2880 2975 3045 3000 3150 2990] [3015 2980 3245 2800 2595 2370 2620 2515]
[2910 2960 3130 3090 2990 2925 3060 3090] [3090 3185 3220 2790 2585 2430 2465 2545]
[3180 3110 3100 2985 3015 3080 3030 3185] [3180 3240 3225 2805 2440 2400 2490 2350]
[3070 3060 3220 3045 3125 2895 3280 3345] [3005 3035 3220 2590 2435 2205 2395 2430]
[3115 3210 3255 3135 3020 2965 3115 3055] [3370 3330 3145 2850 2520 2200 2265 2425]
[3165 3290 3165 3115 3115 3385 3105 3070] [3255 3440 3225 2665 2375 2260 2275 2325]
[3270 2900 3095 2960 3135 3095 3140 3175] [3255 3300 3300 3005 2385 2085 2240 2220]
COM6 0 10
3
[3275 2970 3070 2830 3120 2955 3015 3225] [3315 3000 3440 2805 2380 2470 2640 2590]
[3080 3000 3170 3130 3130 3095 3100 2990] [3015 2980 3245 2800 2595 2370 2620 2515]
[3085 3190 3215 2855 3095 3025 3020 3155] [3090 3185 3220 2790 2585 2430 2465 2545]
[3395 3260 3145 3135 3075 3005 3040 3070] [3180 3240 3225 2805 2440 2400 2490 2350]
[3140 3050 3175 3140 3390 3050 3080 3230] [3005 3035 3220 2590 2435 2205 2395 2430]
[3000 3175 3450 3115 3045 3270 3280 3095] [3370 3330 3145 2850 2520 2200 2265 2425]
[3150 3090 2690 3360 3180 3040 3295 3200] [3255 3440 3225 2665 2375 2260 2275 2325]
[3225 3370 3135 3295 3240 3420 3300 3370] [3255 3300 3300 3005 2385 2085 2240 2220]
COM4 1 11
3
[3275 2970 3070 2830 3120 2955 3015 3225] [3355 3085 2995 2865 2530 2555 2640 2605]
[3080 3000 3170 3130 3130 3095 3100 2990] [3300 3230 3055 2825 2610 2485 2495 2535]
[3085 3190 3215 2855 3095 3025 3020 3155] [3160 3200 2945 2900 2555 2440 2570 2535]
[3395 3260 3145 3135 3075 3005 3040 3070] [3260 3085 3250 2810 2500 2395 2430 2365]
[3140 3050 3175 3140 3390 3050 3080 3230] [3040 3375 3185 2800 2390 2380 2495 2410]
[3000 3175 3450 3115 3045 3270 3280 3095] [3235 3005 3035 2810 2525 2340 2345 2260]
[3150 3090 2690 3360 3180 3040 3295 3200] [3325 3415 3300 2745 2475 2115 2365 2350]
[3225 3370 3135 3295 3240 3420 3300 3370] [3380 3205 3140 2680 2325 2015 2180 2295]
COM6 0 12
3
[3080 2970 2965 3135 2990 3040 3110 3185] [3355 3085 2995 2865 2530 2555 2640 2605]
[3055 3140 2935 2980 3100 2950 3145 3140] [3300 3230 3055 2825 2610 2485 2495 2535]
[2910 3120 2995 3070 2945 2950 2965 3095] [3160 3200 2945 2900 2555 2440 2570 2535]
[3245 3330 3205 3000 3110 3000 3150 3155] [3260 3085 3250 2810 2500 2395 2430 2365]
[3265 2970 3090 2860 3090 3115 3260 3310] [3040 3375 3185 2800 2390 2380 2495 2410]
[3090 3265 3315 3400 3115 3305 3405 3085] [3235 3005 3035 2810 2525 2340 2345 2260]
[2980 3410 3130 3300 3125 3285 3245 3135] [3325 3415 3300 2745 2475 2115 2365 2350]
[3290 2895 3170 3385 3080 3235 3175 3085] [3380 3205 3140 2680 2325 2015 2180 2295]
COM4 1 13
3
[3080 2970 2965 3135 2990 3040 3110 3185] [3430 3030 3240 2545 2650 2410 2380 2525]
[3055 3140 2935 2980 3100 2950 3145 3140] [3255 2970 3005 2660 2375 2440 2510 2415]
[2910 3120 2995 3070 2945 2950 2965 3095] [2985 3050 2900 2640 2585 2395 2495 2385]
[3245 3330 3205 3000 3110 3000 3150 3155] [3005 2710 3175 2835 2525 2425 2510 2375]
[3265 2970 3090 2860 3090 3115 3260 3310] [3165 3120 3240 2635 2385 2330 2370 2340]
[3090 3265 3315 3400 3115 3305 3405 3085] [3070 3200 2970 2745 2325 2180 2355 2120]
[2980 3410 3130 3300 3125 3285 3245 3135] [3190 3305 3035 2665 1965 2210 2170 2385]
[3290 2895 3170 3385 3080 3235 3175 3085] [3345 3075 3055 2535 2030 2195 2190 2285]
COM6 0 14
3
[2525 2645 2720 2655 2865 2535 2735 2780] [3430 3030 3240 2545 2650 2410 2380 2525]
[2760 2960 2685 2705 2705 2840 2595 2600] [3255 2970 3005 2660 2375 2440 2510 2415]
[2710 2870 2630 2680 2885 2925 2650 2630] [2985 3050 2900 2640 2585 2395 2495 2385]
[2745 2850 2780 2625 2730 2780 2825 2775] [3005 2710 3175 2835 2525 2425 2510 2375]
[2800 2735 2700 2835 3005 2805 2835 2755] [3165 3120 3240 2635 2385 2330 2370 2340]
[2940 2735 2965 2910 2775 2850 2750 2575] [3070 3200 2970 2745 2325 2180 2355 2120]
[2775 2865 2715 2890 2795 2965 2510 2540] [3190 3305 3035 2665 1965 2210 2170 2385]
[2775 2820 2955 2605 2925 2805 2895 2795] [3345 3075 3055 2535 2030 2195 2190 2285]
COM4 1 15
3
[2525 2645 2720 2655 2865 2535 2735 2780] [2980 3105 2890 2710 2530 2355 2535 2635]
[2760 2960 2685 2705 2705 2840 2595 2600] [3000 3220 3175 2635 2475 2435 2530 2605]
[2710 2870 2630 2680 2885 2925 2650 2630] [2975 3375 2970 2870 2450 2395 2355 2370]
[2745 2850 2780 2625 2730 2780 2825 2775] [3080 3335 3170 2620 2450 2320 2245 2370]
[2800 2735 2700 2835 3005 2805 2835 2755] [3040 2855 3115 2660 2450 2255 2435 2420]
[2940 2735 2965 2910 2775 2850 2750 2575] [3045 3140 3010 2665 2320 2390 2295 2260]
[2775 2865 2715 2890 2795 2965 2510 2540] [3005 2940 3100 2835 2290 2065 2190 2305]
[2775 2820 2955 2605 2925 2805 2895 2795] [3035 2945 3050 2610 2195 2040 2195 2220]
COM6 0 16
3
[2865 2815 2870 2890 2695 2725 2800 2630] [2980 3105 2890 2710 2530 2355 2535 2635]
[2965 2910 2865 3070 2730 2690 2745 2750] [3000 3220 3175 2635 2475 2435 2530 2605]
[2665 2805 2780 2815 2980 2825 2770 2680] [2975 3375 2970 2870 2450 2395 2355 2370]
[2940 2865 2850 3100 2765 2755 2800 2660] [3080 3335 3170 2620 2450 2320 2245 2370]
[2675 2795 2890 2895 2900 2800 2815 2710] [3040 2855 3115 2660 2450 2255 2435 2420]
[2730 2800 2760 2935 2700 2650 2700 2670] [3045 3140 3010 2665 2320 2390 2295 2260]
[2820 2960 3000 2845 2645 2615 2410 2845] [3005 2940 3100 2835 2290 2065 2190 2305]
[2950 2895 2550 2520 2820 2700 2865 2655] [3035 2945 3050 2610 2195 2040 2195 2220]
COM4 1 17
3
[2865 2815 2870 2890 2695 2725 2800 2630] [3030 3160 2880 2800 2435 2465 2505 2605]
[2965 2910 2865 3070 2730 2690 2745 2750] [3040 3095 3100 2825 2370 2515 2550 2475]
[2665 2805 2780 2815 2980 2825 2770 2680] [2860 3220 3000 2820 2520 2380 2495 2320]
[2940 2865 2850 3100 2765 2755 2800 2660] [3350 3480 3290 2830 2470 2270 2455 2250]
[2675 2795 2890 2895 2900 2800 2815 2710] [2875 3125 3295 2675 2420 2195 2485 2305]
[2730 2800 2760 2935 2700 2650 2700 2670] [2850 3275 3125 2630 2310 2280 2305 2315]
[2820 2960 3000 2845 2645 2615 2410 2845] [3310 3310 3285 2525 2265 2140 2340 2305]
[2950 2895 2550 2520 2820 2700 2865 2655] [3130 3335 3075 2775 2305 2205 2140 2275]
COM6 0 18
3
[3025 2835 3055 3100 2930 2870 2945 3005] [3030 3160 2880 2800 2435 2465 2505 2605]
[2975 2955 2955 3070 3070 2905 2970 2975] [3040 3095 3100 2825 2370 2515 2550 2475]
[3095 2790 2995 3010 3075 2930 2975 3125] [2860 3220 3000 2820 2520 2380 2495 2320]
[2965 3030 2955 3005 3120 3125 3080 3135] [3350 3480 3290 2830 2470 2270 2455 2250]
[3370 3050 3030 3045 3030 3065 3095 3175] [2875 3125 3295 2675 2420 2195 2485 2305]
[2900 3035 3280 3075 3075 3205 3150 2935] [2850 3275 3125 2630 2310 2280 2305 2315]
[3000 3095 3130 3135 3005 3345 2855 2955] [3310 3310 3285 2525 2265 2140 2340 2305]
[3075 2985 3115 3160 2845 2965 3135 3435] [3130 3335 3075 2775 2305 2205 2140 2275]
COM4 1 19
3
[3025 2835 3055 3100 2930 2870 2945 3005] [3165 3290 3240 2835 2640 2600 2545 2620]
[2975 2955 2955 3070 3070 2905 2970 2975] [3110 3315 3070 2745 2510 2445 2515 2500]
[3095 2790 2995 3010 3075 2930 2975 3125] [3345 3155 3200 2785 2505 2380 2365 2375]
[2965 3030 2955 3005 3120 3125 3080 3135] [3430 3135 3145 2865 2465 2080 2370 2395]
[3370 3050 3030 3045 3030 3065 3095 3175] [3110 3295 3355 2775 2270 2210 2370 2295]
[2900 3035 3280 3075 3075 3205 3150 2935] [3225 3270 3070 2880 2265 2085 2230 2295]
[3000 3095 3130 3135 3005 3345 2855 2955] [3215 3070 3460 2705 2475 2085 2145 2315]
[3075 2985 3115 3160 2845 2965 3135 3435] [3535 3245 3220 2775 2240 2050 2100 2195]
COM6 0 20
3
[2820 2560 2925 2990 2700 2790 2935 2735] [3165 3290 3240 2835 2640 2600 2545 2620]
[2955 2775 2790 2855 2895 2895 2895 2840] [3110 3315 3070 2745 2510 2445 2515 2500]
[2790 2850 2995 2740 2930 2775 2895 2835] [3345 3155 3200 2785 2505 2380 2365 2375]
[2860 3025 2945 2805 2930 2865 2920 2955] [3430 3135 3145 2865 2465 2080 2370 2395]
[3025 2820 2995 2840 3000 2745 2950 3040] [3110 3295 3355 2775 2270 2210 2370 2295]
[2935 2880 2955 3030 2840 2900 3025 2790] [3225 3270 3070 2880 2265 2085 2230 2295]
[2985 2725 2665 2565 2910 3080 2770 2830] [3215 3070 3460 2705 2475 2085 2145 2315]
[3125 2710 3050 2725 2735 2735 2820 2895] [3535 3245 3220 2775 2240 2050 2100 2195]
COM4 1 21
3
[2820 2560 2925 2990 2700 2790 2935 2735] [3040 3170 3090 2945 2685 2400 2535 2620]
[2955 2775 2790 2855 2895 2895 2895 2840] [3105 3200 3265 2780 2540 2400 2620 2370]
[2790 2850 2995 2740 2930 2775 2895 2835] [2910 3175 3200 2950 2530 2425 2510 2465]
[2860 3025 2945 2805 2930 2865 2920 2955] [3195 3405 3015 2920 2450 2380 2520 2380]
[3025 2820 2995 2840 3000 2745 2950 3040] [3070 3180 2925 2645 2435 2480 2465 2455]
[2935 2880 2955 3030 2840 2900 3025 2790] [3095 3200 3005 2910 2435 2305 2355 2440]
[2985 2725 2665 2565 2910 3080 2770 2830] [3175 3220 3265 2735 2405 2100 2290 2335]
[3125 2710 3050 2725 2735 2735 2820 2895] [2925 3205 3065 2635 2375 2095 2240 2155]
COM6 0 22
3
[3085 2800 2860 2820 2870 2685 3105 2905] [3040 3170 3090 2945 2685 2400 2535 2620]
[2895 2835 2865 3055 2920 2925 3025 2990] [3105 3200 3265 2780 2540 2400 2620 2370]
[2765 2885 2950 2765 2910 2945 2755 2900] [2910 3175 3200 2950 2530 2425 2510 2465]
[3100 2745 3100 2980 2995 2800 2970 2870] [3195 3405 3015 2920 2450 2380 2520 2380]
[2770 3025 2960 2880 3005 2970 2965 2960] [3070 3180 2925 2645 2435 2480 2465 2455]
[3000 2995 3215 3205 2960 2900 2890 2865] [3095 3200 3005 2910 2435 2305 2355 2440]
[2675 2800 2910 3005 2845 2970 2925 2950] [3175 3220 3265 2735 2405 2100 2290 2335]
[3130 3055 2690 3190 2785 3170 3315 2910] [2925 3205 3065 2635 2375 2095 2240 2155]
COM4 1 23
3
[3085 2800 2860 2820 2870 2685 3105 2905] [3010 2975 3115 2925 2535 2455 2655 2640]
[2895 2835 2865 3055 2920 2925 3025 2990] [3020 3105 3095 2875 2620 2565 2535 2495]
[2765 2885 2950 2765 2910 2945 2755 2900] [3255 3185 3310 2735 2535 2405 2440 2475]
[3100 2745 3100 2980 2995 2800 2970 2870] [2880 2940 3220 2835 2495 2420 2565 2400]
[2770 3025 2960 2880 3005 2970 2965 2960] [2970 3065 3100 2765 2490 2315 2525 2425]
[3000 2995 3215 3205 2960 2900 2890 2865] [2995 3020 2965 2735 2330 2325 2330 2340]
[2675 2800 2910 3005 2845 2970 2925 2950] [3050 3070 3005 2645 2240 2225 2325 2320]
[3130 3055 2690 3190 2785 3170 3315 2910] [3215 3225 3095 2770 2150 2270 2190 2380]
COM6 0 24
3
[2785 2895 2795 2990 2860 2925 3000 2930] [3010 2975 3115 2925 2535 2455 2655 2640]
[2945 3125 2955 3105 2980 3020 2705 2990] [3020 3105 3095 2875 2620 2565 2535 2495]
[2815 2935 2960 2895 2870 2810 2975 3035] [3255 3185 3310 2735 2535 2405 2440 2475]
[3160 3095 3030 3135 2940 2925 2950 2875] [2880 2940 3220 2835 2495 2420 2565 2400]
[3190 2855 2990 3125 3125 3015 2995 2860] [2970 3065 3100 2765 2490 2315 2525 2425]
[2825 3190 3265 3080 2920 3145 3175 2970] [2995 3020 2965 2735 2330 2325 2330 2340]
[2910 3085 2510 2985 3145 2970 2790 3290] [3050 3070 3005 2645 2240 2225 2325 2320]
[2960 2985 2955 3200 2870 3200 3200 3215] [3215 3225 3095 2770 2150 2270 2190 2380]
COM4 1 25
3
[2785 2895 2795 2990 2860 2925 3000 2930] [2860 3095 3255 2795 2570 2330 2560 2665]
[2945 3125 2955 3105 2980 3020 2705 2990] [3105 3200 3030 2880 2515 2475 2535 2470]
[2815 2935 2960 2895 2870 2810 2975 3035] [3110 3040 3045 2905 2565 2530 2480 2535]
[3160 3095 3030 3135 2940 2925 2950 2875] [3225 3310 3130 2730 2505 2375 2440 2495]
[3190 2855 2990 3125 3125 3015 2995 2860] [2940 3200 3205 2600 2390 2380 2530 2450]
[2825 3190 3265 3080 2920 3145 3175 2970] [3360 3140 3120 2590 2360 2285 2270 2240]
[2910 3085 2510 2985 3145 2970 2790 3290] [3290 3255 3180 2745 2450 2175 2275 2305]
[2960 2985 2955 3200 2870 3200 3200 3215] [3190 3240 3195 2885 2235 2115 2165 2215]
COM6 0 26
3
[2730 2650 2740 2850 2780 2905 2800 2680] [2860 3095 3255 2795 2570 2330 2560 2665]
[2965 2835 2740 2930 2875 2865 2675 2820] [3105 3200 3030 2880 2515 2475 2535 2470]
[2800 2815 2940 2865 2750 2850 2770 2665] [3110 3040 3045 2905 2565 2530 2480 2535]
[2840 2870 2810 2695 2720 2785 2730 2640] [3225 3310 3130 2730 2505 2375 2440 2495]
[2900 2815 2995 2715 3095 2895 3070 2730] [2940 3200 3205 2600 2390 2380 2530 2450]
[2860 2925 2805 3105 2990 2910 2805 2950] [3360 3140 3120 2590 2360 2285 2270 2240]
[2770 2865 2700 2670 2845 2925 2950 2775] [3290 3255 3180 2745 2450 2175 2275 2305]
[3115 3055 2485 2885 2640 2790 2985 2690] [3190 3240 3195 2885 2235 2115 2165 2215]
COM4 1 27
3
[2730 2650 2740 2850 2780 2905 2800 2680] [3140 3160 2765 2885 2515 2480 2505 2705]
[2965 2835 2740 2930 2875 2865 2675 2820] [3225 3255 3315 2790 2450 2585 2470 2555]
[2800 2815 2940 2865 2750 2850 2770 2665] [3295 3050 3235 2885 2580 2435 2365 2390]
[2840 2870 2810 2695 2720 2785 2730 2640] [3310 3515 3185 2925 2505 2385 2315 2510]
[2900 2815 2995 2715 3095 2895 3070 2730] [2990 3160 3115 2820 2455 2415 2250 2340]
[2860 2925 2805 3105 2990 2910 2805 2950] [3215 3110 3060 3000 2310 2255 2330 2365]
[2770 2865 2700 2670 2845 2925 2950 2775] [3170 3150 3425 2740 2575 2150 2295 2250]
[3115 3055 2485 2885 2640 2790 2985 2690] [3335 3355 3210 2950 2320 2005 2265 2230]
COM6 0 28
3
[2660 2575 2580 2790 2595 2855 2805 2595] [3140 3160 2765 2885 2515 2480 2505 2705]
[2725 2720 2570 2815 2845 2750 2645 2635] [3225 3255 3315 2790 2450 2585 2470 2555]
[2875 2820 2810 2790 2845 2645 2690 2755] [3295 3050 3235 2885 2580 2435 2365 2390]
[3005 2745 2855 2680 2685 2670 2770 2805] [3310 3515 3185 2925 2505 2385 2315 2510]
[2950 2810 2900 2865 2935 2770 2665 2690] [2990 3160 3115 2820 2455 2415 2250 2340]
[3085 2845 2950 2735 2725 2915 2700 2875] [3215 3110 3060 3000 2310 2255 2330 2365]
[2770 2680 2770 3075 2645 2685 2745 2730] [3170 3150 3425 2740 2575 2150 2295 2250]
[3135 2665 2765 2840 3030 2955 2985 2545] [3335 3355 3210 2950 2320 2005 2265 2230]
COM4 1 29
3
[2660 2575 2580 2790 2595 2855 2805 2595] [3000 3065 2895 2610 2530 2460 2495 2525]
[2725 2720 2570 2815 2845 2750 2645 2635] [3290 2930 3180 2620 2520 2515 2540 2385]
[2875 2820 2810 2790 2845 2645 2690 2755] [2905 3125 2985 2730 2420 2340 2360 2325]
[3005 2745 2855 2680 2685 2670 2770 2805] [2940 3485 3155 2885 2325 2070 2385 2290]
[2950 2810 2900 2865 2935 2770 2665 2690] [2945 3095 3005 2740 2470 2320 2490 2165]
[3085 2845 2950 2735 2725 2915 2700 2875] [2810 2990 3095 2745 2430 2115 2280 2255]
[2770 2680 2770 3075 2645 2685 2745 2730] [3215 3125 3000 2815 2250 1995 2275 2210]
[3135 2665 2765 2840 3030 2955 2985 2545] [3295 3200 3195 2565 2380 2100 1800 2160]
COM6 0 30
3
[2945 2970 2985 2950 2895 3045 2955 3150] [3000 3065 2895 2610 2530 2460 2495 2525]
[3350 3090 3055 3200 3040 3065 2995 3110] [3290 2930 3180 2620 2520 2515 2540 2385]
[3100 3055 3135 3000 2965 3110 3190 3055] [2905 3125 2985 2730 2420 2340 2360 2325]
[3025 3285 3125 3065 3200 3120 3060 3205] [2940 3485 3155 2885 2325 2070 2385 2290]
[3210 3025 3300 2960 3125 3105 3300 3270] [2945 3095 3005 2740 2470 2320 2490 2165]
[3070 3035 3140 3315 2960 3235 3045 3345] [2810 2990 3095 2745 2430 2115 2280 2255]
[3135 3265 3000 3305 3040 3085 3295 3030] [3215 3125 3000 2815 2250 1995 2275 2210]
[3115 2985 3335 3155 3250 3220 3030 3010] [3295 3200 3195 2565 2380 2100 1800 2160]
COM4 1 31
3
[2945 2970 2985 2950 2895 3045 2955 3150] [2990 3055 3140 2840 2820 2475 2690 2570]
[3350 3090 3055 3200 3040 3065 2995 3110] [3110 3170 3175 2825 2480 2545 2535 2685]
[3100 3055 3135 3000 2965 3110 3190 3055] [3135 3165 3030 2840 2525 2375 2480 2430]
[3025 3285 3125 3065 3200 3120 3060 3205] [2910 3475 3255 2665 2490 2240 2430 2355]
[3210 3025 3300 2960 3125 3105 3300 3270] [2925 3415 3215 2650 2570 2345 2380 2300]
[3070 3035 3140 3315 2960 3235 3045 3345] [3210 2955 3110 3040 2430 2215 2320 2045]
[3135 3265 3000 3305 3040 3085 3295 3030] [3055 3490 3010 2745 2380 2245 2290 2575]
[3115 2985 3335 3155 3250 3220 3030 3010] [3285 3245 3115 2635 2455 2165 2110 2095]
COM6 0 32
3
[2815 2675 2585 2835 2745 2730 2820 2550] [2990 3055 3140 2840 2820 2475 2690 2570]
[2830 2920 2605 2860 2925 2825 2685 2680] [3110 3170 3175 2825 2480 2545 2535 2685]
[2815 2580 2735 2690 2710 2675 2695 2695] [3135 3165 3030 2840 2525 2375 2480 2430]
[2915 2875 2645 2685 2850 2660 2820 2925] [2910 3475 3255 2665 2490 2240 2430 2355]
[2805 2810 2960 2740 2805 2700 2740 2905] [2925 3415 3215 2650 2570 2345 2380 2300]
[2505 3105 2770 2880 2490 2775 2920 2545] [3210 2955 3110 3040 2430 2215 2320 2045]
[2565 2850 2755 2915 2630 2975 2505 2845] [3055 3490 3010 2745 2380 2245 2290 2575]
[3085 2575 2850 3135 2705 2730 2695 2790] [3285 3245 3115 2635 2455 2165 2110 2095]
COM4 1 33
3
[2815 2675 2585 2835 2745 2730 2820 2550] [3055 3000 3035 2685 2455 2565 2470 2540]
[2830 2920 2605 2860 2925 2825 2685 2680] [2945 2935 3215 2875 2395 2505 2415 2510]
[2815 2580 2735 2690 2710 2675 2695 2695] [3165 3400 3030 2730 2485 2390 2510 2380]
[2915 2875 2645 2685 2850 2660 2820 2925] [3175 3520 3005 2935 2360 2310 2420 2385]
[2805 2810 2960 2740 2805 2700 2740 2905] [3035 3140 3215 2675 2350 2150 2375 2445]
[2505 3105 2770 2880 2490 2775 2920 2545] [2895 2795 3135 2745 2555 2255 2315 2210]
[2565 2850 2755 2915 2630 2975 2505 2845] [3110 3190 3125 2575 2435 2045 2360 2115]
[3085 2575 2850 3135 2705 2730 2695 2790] [3250 3160 2960 2855 2395 2075 2115 2150]
COM6 0 34
3
[3070 3070 3125 3250 2995 2960 3135 3080] [3055 3000 3035 2685 2455 2565 2470 2540]
[3135 3065 3025 2955 2925 3050 3080 2990] [2945 2935 3215 2875 2395 2505 2415 2510]
[2975 2930 3225 3000 2925 2890 3110 3020] [3165 3400 3030 2730 2485 2390 2510 2380]
[3330 3105 3210 3065 3055 3020 3085 3035] [3175 3520 3005 2935 2360 2310 2420 2385]
[3370 3060 3030 2985 3125 3060 3270 3135] [3035 3140 3215 2675 2350 2150 2375 2445]
[2975 3160 3140 3115 3050 3130 3160 3175] [2895 2795 3135 2745 2555 2255 2315 2210]
[2995 3205 3220 3245 3145 3140 3000 3400] [3110 3190 3125 2575 2435 2045 2360 2115]
[3355 2895 3165 3220 3170 3245 3190 3175] [3250 3160 2960 2855 2395 2075 2115 2150]
COM4 1 35
3
[3070 3070 3125 3250 2995 2960 3135 3080] [3030 2950 3205 2735 2370 2450 2620 2550]
[3135 3065 3025 2955 2925 3050 3080 2990] [3065 3035 2880 2880 2410 2430 2415 2495]
[2975 2930 3225 3000 2925 2890 3110 3020] [3190 3090 3050 2640 2515 2280 2340 2215]
[3330 3105 3210 3065 3055 3020 3085 3035] [3215 2970 3100 2660 2455 2285 2385 2350]
[3370 3060 3030 2985 3125 3060 3270 3135] [3050 3330 3230 2645 2260 2180 2360 2470]
[2975 3160 3140 3115 3050 3130 3160 3175] [2695 2945 2845 2830 2080 2260 2305 2350]
[2995 3205 3220 3245 3145 3140 3000 3400] [3140 2995 3115 2590 2120 2235 2040 2235]
[3355 2895 3165 3220 3170 3245 3190 3175] [3075 3225 3285 2585 2205 2090 2005 2090]
COM6 0 36
3
[2940 2755 2745 2850 2760 2735 2920 2755] [3030 2950 3205 2735 2370 2450 2620 2550]
[2705 2865 2790 2745 2810 2810 2865 2695] [3065 3035 2880 2880 2410 2430 2415 2495]
[2630 2655 2880 2760 2850 2870 2795 2710] [3190 3090 3050 2640 2515 2280 2340 2215]
[2860 2765 2945 2815 2785 2850 2690 2745] [3215 2970 3100 2660 2455 2285 2385 2350]
[2810 2745 2900 2550 2910 2895 2950 2725] [3050 3330 3230 2645 2260 2180 2360 2470]
[2780 2870 3035 2910 2670 3025 2675 2565] [2695 2945 2845 2830 2080 2260 2305 2350]
[2605 2590 2680 3000 2645 2795 2460 2690] [3140 2995 3115 2590 2120 2235 2040 2235]
[2630 2705 2870 2795 3060 2760 2885 2565] [3075 3225 3285 2585 2205 2090 2005 2090]
COM4 1 37
3
[2940 2755 2745 2850 2760 2735 2920 2755] [2905 3120 3320 2805 2845 2555 2505 2595]
[2705 2865 2790 2745 2810 2810 2865 2695] [3140 3010 3175 2745 2495 2505 2485 2480]
[2630 2655 2880 2760 2850 2870 2795 2710] [2900 3135 3060 2730 2545 2360 2550 2460]
[2860 2765 2945 2815 2785 2850 2690 2745] [3105 3410 3105 2730 2490 2350 2350 2510]
[2810 2745 2900 2550 2910 2895 2950 2725] [3230 3400 3220 2675 2510 2295 2405 2310]
[2780 2870 3035 2910 2670 3025 2675 2565] [2945 3305 3135 2915 2370 2305 2385 2250]
[2605 2590 2680 3000 2645 2795 2460 2690] [3335 3270 3385 2810 2390 2285 2305 2275]
[2630 2705 2870 2795 3060 2760 2885 2565] [3395 3170 3405 2745 2360 2255 2355 2145]
COM6 0 38
3
[2705 2765 2880 2685 2820 2765 2625 2835] [2905 3120 3320 2805 2845 2555 2505 2595]
[2760 2680 3040 2750 2800 2920 2775 2745] [3140 3010 3175 2745 2495 2505 2485 2480]
[2810 2825 2645 2825 2805 2930 2805 2775] [2900 3135 3060 2730 2545 2360 2550 2460]
[3105 3025 2900 2870 3015 2640 2775 2755] [3105 3410 3105 2730 2490 2350 2350 2510]
[3105 2810 2680 2970 2765 2770 3125 2720] [3230 3400 3220 2675 2510 2295 2405 2310]
[2710 2690 3010 2785 2735 2700 2940 2720] [2945 3305 3135 2915 2370 2305 2385 2250]
[3235 2695 2870 2985 2925 2745 3000 2745] [3335 3270 3385 2810 2390 2285 2305 2275]
[3160 3055 2710 2770 2880 2640 2845 2910] [3395 3170 3405 2745 2360 2255 2355 2145]
COM4 1 39
3
[2705 2765 2880 2685 2820 2765 2625 2835] [3050 2920 3190 2790 2655 2615 2575 2580]
[2760 2680 3040 2750 2800 2920 2775 2745] [3075 2960 3170 2700 2400 2480 2510 2525]
[2810 2825 2645 2825 2805 2930 2805 2775] [3150 3140 3100 2710 2540 2430 2555 2405]
[3105 3025 2900 2870 3015 2640 2775 2755] [3125 3230 3170 2830 2430 2335 2400 2340]
[3105 2810 2680 2970 2765 2770 3125 2720] [3200 2995 3140 2585 2310 2325 2450 2270]
[2710 2690 3010 2785 2735 2700 2940 2720] [3080 3200 2950 2830 2410 2290 2100 2345]
[3235 2695 2870 2985 2925 2745 3000 2745] [3335 3165 3185 2640 2315 2120 2145 2340]
[3160 3055 2710 2770 2880 2640 2845 2910] [3090 3025 3100 2870 2260 1945 2350 2175]
COM6 0 40
3
[3000 2835 2950 2890 2810 2935 3155 2930] [3050 2920 3190 2790 2655 2615 2575 2580]
[3210 3085 2785 2945 2965 2895 2985 2940] [3075 2960 3170 2700 2400 2480 2510 2525]
[2910 2840 2895 2820 2940 2905 2885 3015] [3150 3140 3100 2710 2540 2430 2555 2405]
[3160 2865 3100 2950 2995 2890 2985 3070] [3125 3230 3170 2830 2430 2335 2400 2340]
[3290 3010 3105 2830 3130 3175 3100 3150] [3200 2995 3140 2585 2310 2325 2450 2270]
[2825 2905 3025 2950 2995 3030 3010 3135] [3080 3200 2950 2830 2410 2290 2100 2345]
[3265 3000 3240 3125 3125 2955 2970 3015] [3335 3165 3185 2640 2315 2120 2145 2340]
[3105 3205 2955 2890 2945 3180 2895 2910] [3090 3025 3100 2870 2260 1945 2350 2175]
COM4 1 41
3
[3000 2835 2950 2890 2810 2935 3155 2930] [3245 3140 3235 2800 2410 2510 2570 2305]
[3210 3085 2785 2945 2965 2895 2985 2940] [3170 3245 3100 2745 2410 2515 2555 2455]
[2910 2840 2895 2820 2940 2905 2885 3015] [3240 3135 2875 2795 2470 2435 2540 2370]
[3160 2865 3100 2950 2995 2890 2985 3070] [3325 3280 3405 2810 2485 2100 2430 2335]
[3290 3010 3105 2830 3130 3175 3100 3150] [3190 3170 2965 2675 2425 2290 2310 2325]
[2825 2905 3025 2950 2995 3030 3010 3135] [3205 3235 3260 2655 2310 2185 2355 2285]
[3265 3000 3240 3125 3125 2955 2970 3015] [3270 3315 3420 2565 2225 2170 2155 2315]
[3105 3205 2955 2890 2945 3180 2895 2910] [3220 3430 3175 2650 2330 2010 2220 2130]
COM6 0 42
3
[2815 2965 2920 2765 2895 2765 2935 2680] [3245 3140 3235 2800 2410 2510 2570 2305]
[2860 3090 2825 2860 2920 2865 2780 2955] [3170 3245 3100 2745 2410 2515 2555 2455]
[2790 2965 2990 2790 3050 2855 2805 2965] [3240 3135 2875 2795 2470 2435 2540 2370]
[2750 3100 2945 3070 3015 3000 2985 2855] [3325 3280 3405 2810 2485 2100 2430 2335]
[3185 3060 3210 3165 3095 3080 2985 3050] [3190 3170 2965 2675 2425 2290 2310 2325]
[2805 2990 2875 2935 2800 2965 3130 2880] [3205 3235 3260 2655 2310 2185 2355 2285]
[2775 3120 2940 2920 2835 2820 2745 3015] [3270 3315 3420 2565 2225 2170 2155 2315]
[2960 2875 2870 3185 2950 3080 3030 2905] [3220 3430 3175 2650 2330 2010 2220 2130]
COM4 1 43
3
[2815 2965 2920 2765 2895 2765 2935 2680] [3055 3295 3315 2655 2775 2520 2540 2555]
[2860 3090 2825 2860 2920 2865 2780 2955] [2835 3200 3310 2685 2280 2415 2510 2410]
[2790 2965 2990 2790 3050 2855 2805 2965] [3295 3160 2985 2730 2520 2345 2530 2405]
[2750 3100 2945 3070 3015 3000 2985 2855] [3170 3380 3295 2715 2295 2475 2420 2385]
[3185 3060 3210 3165 3095 3080 2985 3050] [2845 3120 3175 2660 2275 2450 2295 2475]
[2805 2990 2875 2935 2800 2965 3130 2880] [3040 2980 3010 2710 2410 2065 2115 2360]
[2775 3120 2940 2920 2835 2820 2745 3015] [3190 3295 3185 2815 2355 1955 2310 2310]
[2960 2875 2870 3185 2950 3080 3030 2905] [3440 3205 3210 2525 2335 2045 2115 2205]
COM6 0 44
3
[2905 2690 2845 2750 2875 2845 2705 2965] [3055 3295 3315 2655 2775 2520 2540 2555]
[3045 2955 2945 2990 2815 2920 2915 2890] [2835 3200 3310 2685 2280 2415 2510 2410]
[2605 2845 2965 2745 2670 2885 2805 2925] [3295 3160 2985 2730 2520 2345 2530 2405]
[2950 2760 2900 2930 2995 3020 2755 2890] [3170 3380 3295 2715 2295 2475 2420 2385]
[2795 2855 2765 2725 3100 2715 2995 2935] [2845 3120 3175 2660 2275 2450 2295 2475]
[3105 2905 3035 2925 2810 2950 3045 2865] [3040 2980 3010 2710 2410 2065 2115 2360]
[3090 2970 3000 3050 2925 2850 2765 2830] [3190 3295 3185 2815 2355 1955 2310 2310]
[2930 2820 2690 2735 2960 2870 3015 2850] [3440 3205 3210 2525 2335 2045 2115 2205]
COM4 1 45
3
[2905 2690 2845 2750 2875 2845 2705 2965] [3345 3080 3175 2820 2390 2395 2485 2530]
[3045 2955 2945 2990 2815 2920 2915 2890] [3185 3075 3015 2610 2410 2385 2465 2510]
[2605 2845 2965 2745 2670 2885 2805 2925] [3200 3270 3065 2645 2485 2460 2470 2250]
[2950 2760 2900 2930 2995 3020 2755 2890] [3110 3520 3240 2715 2290 2195 2370 2385]
[2795 2855 2765 2725 3100 2715 2995 2935] [2900 3520 3115 2770 2370 2385 2340 2170]
[3105 2905 3035 2925 2810 2950 3045 2865] [3495 3260 3110 2860 2275 2105 2310 2085]
[3090 2970 3000 3050 2925 2850 2765 2830] [3020 3410 3350 2635 2345 1885 2050 2315]
[2930 2820 2690 2735 2960 2870 3015 2850] [3330 3135 2700 2770 2440 1875 2275 2090]
COM6 0 46
3
[2765 2570 2825 2600 2780 2695 2785 2730] [3345 3080 3175 2820 2390 2395 2485 2530]
[2695 2800 2725 2990 2845 2735 2855 2680] [3185 3075 3015 2610 2410 2385 2465 2510]
[2615 2915 2900 2820 2795 2870 2665 2775] [3200 3270 3065 2645 2485 2460 2470 2250]
[2970 2665 2815 2955 2785 2895 2880 2725] [3110 3520 3240 2715 2290 2195 2370 2385]
[2910 3035 3005 2720 2785 2895 2815 2700] [2900 3520 3115 2770 2370 2385 2340 2170]
[2850 2805 3240 2970 2905 2965 2890 2760] [3495 3260 3110 2860 2275 2105 2310 2085]
[2770 2845 2780 2750 2845 2965 2815 2840] [3020 3410 3350 2635 2345 1885 2050 2315]
[3070 3070 3300 2970 2950 3095 2960 3050] [3330 3135 2700 2770 2440 1875 2275 2090]
COM4 1 47
3
[2765 2570 2825 2600 2780 2695 2785 2730] [3095 3470 3305 2950 2625 2440 2470 2650]
[2695 2800 2725 2990 2845 2735 2855 2680] [3325 3125 3295 2860 2495 2355 2345 2550]
[2615 2915 2900 2820 2795 2870 2665 2775] [3110 3315 3120 2680 2495 2300 2565 2320]
[2970 2665 2815 2955 2785 2895 2880 2725] [3090 3325 3330 2875 2420 2205 2390 2420]
[2910 3035 3005 2720 2785 2895 2815 2700] [3005 3370 3140 2800 2415 2315 2335 2385]
[2850 2805 3240 2970 2905 2965 2890 2760] [3230 3085 3315 2745 2325 2415 2360 2315]
[2770 2845 2780 2750 2845 2965 2815 2840] [3205 3485 3325 2740 2115 2055 2340 2170]
[3070 3070 3300 2970 2950 3095 2960 3050] [3315 3205 3125 2775 2385 2035 2220 2155]
COM6 0 48
3
[2905 2560 2600 2750 2970 2615 2935 2800] [3095 3470 3305 2950 2625 2440 2470 2650]
[2970 2775 2880 2795 2800 2820 2805 2725] [3325 3125 3295 2860 2495 2355 2345 2550]
[2750 2800 2805 2795 2850 2800 2820 2620] [3110 3315 3120 2680 2495 2300 2565 2320]
[2830 2750 2720 2755 2765 2890 2605 2670] [3090 3325 3330 2875 2420 2205 2390 2420]
[2870 3060 2950 2815 2865 2840 2995 2755] [3005 3370 3140 2800 2415 2315 2335 2385]
[3000 2970 2875 2850 2705 2860 3010 2545] [3230 3085 3315 2745 2325 2415 2360 2315]
[2625 2595 2745 2855 2690 2770 2735 2845] [3205 3485 3325 2740 2115 2055 2340 2170]
[3115 2730 2935 2630 2875 2875 3030 2910] [3315 3205 3125 2775 2385 2035 2220 2155]
COM4 1 49
3
[2905 2560 2600 2750 2970 2615 2935 2800] [3155 3150 2935 2610 2620 2410 2500 2595]
[2970 2775 2880 2795 2800 2820 2805 2725] [3110 3250 2880 2695 2350 2235 2490 2510]
[2750 2800 2805 2795 2850 2800 2820 2620] [3075 2950 3070 2725 2575 2410 2405 2330]
[2830 2750 2720 2755 2765 2890 2605 2670] [2945 3150 3255 2870 2375 2310 2300 2375]
[2870 3060 2950 2815 2865 2840 2995 2755] [3185 2875 2965 2675 2330 2340 2505 2305]
[3000 2970 2875 2850 2705 2860 3010 2545] [3115 3000 3230 2860 2200 2140 2260 2100]
[2625 2595 2745 2855 2690 2770 2735 2845] [3290 3155 2720 2725 2305 2100 2200 2175]
[3115 2730 2935 2630 2875 2875 3030 2910] [3040 3205 3250 2755 2385 2050 2075 2265]
COM6 0 50
3
[2895 2845 2540 2660 2815 2630 2775 2670] [3155 3150 2935 2610 2620 2410 2500 2595]
[2900 2830 2715 2755 2725 2815 2825 2815] [3110 3250 2880 2695 2350 2235 2490 2510]
[2840 2715 2995 2800 2600 2745 2635 2705] [3075 2950 3070 2725 2575 2410 2405 2330]
[2935 2945 2775 2820 2890 2985 2800 2645] [2945 3150 3255 2870 2375 2310 2300 2375]
[2685 2890 3030 2915 2785 2685 2875 2745] [3185 2875 2965 2675 2330 2340 2505 2305]
[2735 2770 2825 3130 2730 2780 2840 2795] [3115 3000 3230 2860 2200 2140 2260 2100]
[2780 3070 2730 2725 2675 2925 2675 2835] [3290 3155 2720 2725 2305 2100 2200 2175]
[2825 2890 2845 2680 2725 2560 2955 2575] [3040 3205 3250 2755 2385 2050 2075 2265]
COM4 1 51
3
[2895 2845 2540 2660 2815 2630 2775 2670] [3125 3125 3150 2735 2610 2515 2550 2620]
[2900 2830 2715 2755 2725 2815 2825 2815] [3270 3280 3435 2930 2560 2550 2610 2390]
[2840 2715 2995 2800 2600 2745 2635 2705] [3085 3245 3135 2725 2550 2380 2500 2375]
[2935 2945 2775 2820 2890 2985 2800 2645] [3270 2890 3050 2890 2470 2290 2380 2415]
[2685 2890 3030 2915 2785 2685 2875 2745] [3070 3370 3125 2765 2360 2225 2330 2500]
[2735 2770 2825 3130 2730 2780 2840 2795] [3170 3260 2990 2660 2325 2255 2375 2380]
[2780 3070 2730 2725 2675 2925 2675 2835] [3095 3050 3150 2635 2235 2125 2265 2350]
[2825 2890 2845 2680 2725 2560 2955 2575] [3620 3225 3030 2520 2365 1800 2250 2285]
COM6 0 52
3
[3085 2965 2870 2995 2995 3095 3095 3000] [3125 3125 3150 2735 2610 2515 2550 2620]
[3300 3300 3075 3125 3025 3100 3045 3095] [3270 3280 3435 2930 2560 2550 2610 2390]
[2910 3055 3160 3055 3080 3120 3065 3205] [3085 3245 3135 2725 2550 2380 2500 2375]
[3200 3100 3175 3065 3170 3170 3210 3135] [3270 2890 3050 2890 2470 2290 2380 2415]
[3170 2990 3245 3160 3250 3080 3365 3135] [3070 3370 3125 2765 2360 2225 2330 2500]
[3130 3095 3265 2965 3215 3290 3215 3065] [3170 3260 2990 2660 2325 2255 2375 2380]
[3110 3245 2990 3275 3165 3085 3160 3035] [3095 3050 3150 2635 2235 2125 2265 2350]
[3305 3090 3095 3280 3030 3100 3260 3040] [3620 3225 3030 2520 2365 1800 2250 2285]
COM4 1 53
3
[3085 2965 2870 2995 2995 3095 3095 3000] [3325 3005 3105 2810 2480 2405 2565 2570]
[3300 3300 3075 3125 3025 3100 3045 3095] [3250 3045 3115 2695 2525 2475 2560 2470]
[2910 3055 3160 3055 3080 3120 3065 3205] [3275 3295 3280 2805 2540 2435 2470 2555]
[3200 3100 3175 3065 3170 3170 3210 3135] [3180 3125 3205 2870 2555 2285 2675 2305]
[3170 2990 3245 3160 3250 3080 3365 3135] [3045 3360 3110 2675 2505 2225 2360 2420]
[3130 3095 3265 2965 3215 3290 3215 3065] [3415 3240 3150 2810 2475 2390 2375 2385]
[3110 3245 2990 3275 3165 3085 3160 3035] [3090 3325 3450 2850 2375 2175 2225 2335]
[3305 3090 3095 3280 3030 3100 3260 3040] [3200 3060 3315 2695 2590 2025 2160 2390]
COM6 0 54
3
[2865 3045 2905 3155 3185 2950 2935 2990] [3325 3005 3105 2810 2480 2405 2565 2570]
[2965 3070 2945 2970 3110 3075 3030 2950] [3250 3045 3115 2695 2525 2475 2560 2470]
[3225 3100 3080 3045 3145 3065 3060 3120] [3275 3295 3280 2805 2540 2435 2470 2555]
[3100 2925 3245 3000 2980 2975 3090 3150] [3180 3125 3205 2870 2555 2285 2675 2305]
[3410 3155 2990 2900 3170 3220 3160 3040] [3045 3360 3110 2675 2505 2225 2360 2420]
[3065 3240 3185 3040 3065 3305 3220 3240] [3415 3240 3150 2810 2475 2390 2375 2385]
[2995 3100 3320 3320 3110 3280 3200 2945] [3090 3325 3450 2850 2375 2175 2225 2335]
[3150 3100 3275 2965 2950 3100 3255 3105] [3200 3060 3315 2695 2590 2025 2160 2390]
COM4 1 55
3
[2865 3045 2905 3155 3185 2950 2935 2990] [3540 3275 3260 2915 2640 2470 2530 2575]
[2965 3070 2945 2970 3110 3075 3030 2950] [3430 3050 3220 2960 2420 2620 2570 2540]
[3225 3100 3080 3045 3145 3065 3060 3120] [3065 3145 3185 2810 2555 2390 2525 2585]
[3100 2925 3245 3000 2980 2975 3090 3150] [3165 3405 3250 2895 2395 2295 2455 2350]
[3410 3155 2990 2900 3170 3220 3160 3040] [3095 3420 3320 2835 2435 2310 2320 2450]
[3065 3240 3185 3040 3065 3305 3220 3240] [3205 3145 3275 2940 2400 2285 2260 2310]
[2995 3100 3320 3320 3110 3280 3200 2945] [3390 3570 3275 2885 2085 2240 2310 2315]
[3150 3100 3275 2965 2950 3100 3255 3105] [3265 3200 3245 2740 2405 2005 2225 2155]
COM6 0 56
3
[2615 2870 2790 2655 2675 2685 2910 2585] [3540 3275 3260 2915 2640 2470 2530 2575]
[2865 2705 2770 2805 2770 3000 2795 2650] [3430 3050 3220 2960 2420 2620 2570 2540]
[2840 2655 2790 2800 2765 2865 2665 2740] [3065 3145 3185 2810 2555 2390 2525 2585]
[2715 2960 2840 2710 2750 2780 2645 2710] [3165 3405 3250 2895 2395 2295 2455 2350]
[2820 2805 2945 2985 2775 2630 2935 2895] [3095 3420 3320 2835 2435 2310 2320 2450]
[2995 2990 2720 2825 2830 2755 2965 2580] [3205 3145 3275 2940 2400 2285 2260 2310]
[2780 2865 2855 2785 2725 2765 2700 2515] [3390 3570 3275 2885 2085 2240 2310 2315]
[2935 2805 2955 2930 2905 2925 2995 2880] [3265 3200 3245 2740 2405 2005 2225 2155]
COM4 1 57
3
[2615 2870 2790 2655 2675 2685 2910 2585] [2945 2920 3025 2720 2525 2470 2615 2620]
[2865 2705 2770 2805 2770 3000 2795 2650] [2995 3035 3120 2640 2415 2525 2505 2590]
[2840 2655 2790 2800 2765 2865 2665 2740] [3230 2925 3110 2730 2495 2365 2540 2515]
[2715 2960 2840 2710 2750 2780 2645 2710] [3310 3160 2850 2855 2405 2395 2405 2335]
[2820 2805 2945 2985 2775 2630 2935 2895] [2965 3400 3120 2675 2375 2285 2350 2345]
[2995 2990 2720 2825 2830 2755 2965 2580] [3175 3165 3075 2720 2440 2380 2130 2350]
[2780 2865 2855 2785 2725 2765 2700 2515] [3100 3300 3130 2730 2180 2125 2270 2190]
[2935 2805 2955 2930 2905 2925 2995 2880] [2960 3280 2860 2845 2260 2275 2075 2190]
COM6 0 58
3
[3250 2830 2985 2995 3250 3060 3000 3000] [2945 2920 3025 2720 2525 2470 2615 2620]
[3075 2975 3150 3135 2920 2900 3060 2910] [2995 3035 3120 2640 2415 2525 2505 2590]
[2765 2890 3105 3020 2990 2915 2985 2965] [3230 2925 3110 2730 2495 2365 2540 2515]
[2840 3055 3100 3120 3235 3020 3095 3095] [3310 3160 2850 2855 2405 2395 2405 2335]
[3105 3045 3030 2970 3155 3205 3360 3045] [2965 3400 3120 2675 2375 2285 2350 2345]
[3230 3025 3035 3125 2730 3045 3135 3025] [3175 3165 3075 2720 2440 2380 2130 2350]
[2890 2985 3000 2920 3095 3245 2930 3035] [3100 3300 3130 2730 2180 2125 2270 2190]
[3115 3320 3170 3085 2945 3180 2925 3175] [2960 3280 2860 2845 2260 2275 2075 2190]
COM4 1 59
3
[3250 2830 2985 2995 3250 3060 3000 3000] [2735 2970 3060 2735 2425 2300 2575 2570]
[3075 2975 3150 3135 2920 2900 3060 2910] [3505 3150 3225 2995 2455 2350 2490 2465]
[2765 2890 3105 3020 2990 2915 2985 2965] [3325 3270 3015 2930 2520 2485 2510 2325]
[2840 3055 3100 3120 3235 3020 3095 3095] [3370 3410 3195 2835 2610 2365 2265 2240]
[3105 3045 3030 2970 3155 3205 3360 3045] [3260 3625 3120 2675 2195 2420 2355 2445]
[3230 3025 3035 3125 2730 3045 3135 3025] [3025 3360 3260 2995 2320 2185 2315 2250]
[2890 2985 3000 2920 3095 3245 2930 3035] [3310 3375 3000 2880 2460 2235 2110 2230]
[3115 3320 3170 3085 2945 3180 2925 3175] [3180 3320 2960 3035 2210 2120 2085 2140]
COM6 0 60
3
[2815 2920 2715 3225 2810 2740 3035 3150] [2735 2970 3060 2735 2425 2300 2575 2570]
[3075 2960 2900 2955 2970 2950 2900 2955] [3505 3150 3225 2995 2455 2350 2490 2465]
[2845 3050 2985 2945 2900 2940 2915 2965] [3325 3270 3015 2930 2520 2485 2510 2325]
[2850 2965 2970 2900 2970 3025 2960 2845] [3370 3410 3195 2835 2610 2365 2265 2240]
[3045 3045 3105 2820 3095 2895 3065 3130] [3260 3625 3120 2675 2195 2420 2355 2445]
[2925 3190 3145 2965 3020 3025 3140 2970] [3025 3360 3260 2995 2320 2185 2315 2250]
[3015 3010 2835 3100 2925 2970 3000 2945] [3310 3375 3000 2880 2460 2235 2110 2230]
[3090 2900 2950 2660 3020 3070 2920 2985] [3180 3320 2960 3035 2210 2120 2085 2140]
COM4 1 61
3
[2815 2920 2715 3225 2810 2740 3035 3150] [2910 3135 3150 2660 2640 2325 2505 2570]
[3075 2960 2900 2955 2970 2950 2900 2955] [3020 3210 3205 2910 2365 2405 2575 2425]
[2845 3050 2985 2945 2900 2940 2915 2965] [2930 3140 3070 2530 2505 2430 2525 2400]
[2850 2965 2970 2900 2970 3025 2960 2845] [3110 3640 3160 2810 2290 2220 2480 2295]
[3045 3045 3105 2820 3095 2895 3065 3130] [3065 3230 3280 2755 2345 2270 2330 2325]
[2925 3190 3145 2965 3020 3025 3140 2970] [3020 3090 2940 2835 2185 2140 2300 2340]
[3015 3010 2835 3100 2925 2970 3000 2945] [3220 3200 3050 2545 2240 2170 2320 2315]
[3090 2900 2950 2660 3020 3070 2920 2985] [3195 3565 3170 2755 2225 2025 2140 2145]
COM6 0 62
3
[3045 2815 2875 2835 2940 2755 2875 2955] [2910 3135 3150 2660 2640 2325 2505 2570]
[3020 2980 2845 2885 2835 2895 2865 2885] [3020 3210 3205 2910 2365 2405 2575 2425]
[2895 2820 2995 2865 2735 2930 2860 2830] [2930 3140 3070 2530 2505 2430 2525 2400]
[2805 2965 3030 3050 3090 2850 2985 2785] [3110 3640 3160 2810 2290 2220 2480 2295]
[3040 3045 3110 2765 3015 3035 3205 2950] [3065 3230 3280 2755 2345 2270 2330 2325]
[3070 2860 3035 3200 2970 3150 3175 2930] [3020 3090 2940 2835 2185 2140 2300 2340]
[3010 2770 2895 3115 3160 2865 2930 2935] [3220 3200 3050 2545 2240 2170 2320 2315]
[3200 3205 2955 3110 2870 3105 3030 3015] [3195 3565 3170 2755 2225 2025 2140 2145]
COM4 1 63
3
[3045 2815 2875 2835 2940 2755 2875 2955] [3025 3140 3210 2735 2600 2410 2570 2625]
[3020 2980 2845 2885 2835 2895 2865 2885] [3185 3095 3255 2700 2490 2470 2595 2610]
[2895 2820 2995 2865 2735 2930 2860 2830] [3150 3150 3095 2725 2520 2555 2520 2545]
[2805 2965 3030 3050 3090 2850 2985 2785] [3215 3125 3240 2870 2525 2355 2395 2470]
[3040 3045 3110 2765 3015 3035 3205 2950] [2950 3115 3170 2785 2420 2210 2385 2490]
[3070 2860 3035 3200 2970 3150 3175 2930] [2915 2945 2880 2955 2390 2375 2400 2265]
[3010 2770 2895 3115 3160 2865 2930 2935] [3265 3315 3055 2745 2380 2175 2325 2460]
[3200 3205 2955 3110 2870 3105 3030 3015] [3145 3415 3150 2850 2335 2310 2060 2205]
COM6 0 64
3
[3080 2865 3165 2895 2920 2905 2950 2880] [3025 3140 3210 2735 2600 2410 2570 2625]
[3055 2955 2955 2950 2990 3005 2915 2965] [3185 3095 3255 2700 2490 2470 2595 2610]
[2870 2725 3005 2945 2990 2925 3085 2965] [3150 3150 3095 2725 2520 2555 2520 2545]
[2890 3210 3135 2975 2945 2900 2960 2955] [3215 3125 3240 2870 2525 2355 2395 2470]
[3345 2995 3165 2715 3025 3010 3000 3105] [2950 3115 3170 2785 2420 2210 2385 2490]
[3270 3035 3175 3155 3005 3135 3250 3115] [2915 2945 2880 2955 2390 2375 2400 2265]
[2930 3055 2945 2920 3000 3030 2805 3135] [3265 3315 3055 2745 2380 2175 2325 2460]
[3145 3310 3065 3110 3185 2955 3295 2990] [3145 3415 3150 2850 2335 2310 2060 2205]
COM4 1 65
3
[3080 2865 3165 2895 2920 2905 2950 2880] [2995 2905 2775 2820 2530 2570 2510 2570]
[3055 2955 2955 2950 2990 3005 2915 2965] [3095 3100 3030 2575 2490 2530 2535 2535]
[2870 2725 3005 2945 2990 2925 3085 2965] [3070 3210 3050 2680 2445 2500 2480 2415]
[2890 3210 3135 2975 2945 2900 2960 2955] [2910 3025 3010 2750 2460 2355 2415 2360]
[3345 2995 3165 2715 3025 3010 3000 3105] [3120 3145 3195 2565 2430 2310 2400 2495]
[3270 3035 3175 3155 3005 3135 3250 3115] [3080 2990 3165 2745 2390 2320 2270 2340]
[2930 3055 2945 2920 3000 3030 2805 3135] [3270 3075 3010 2730 2335 2315 2150 2455]
[3145 3310 3065 3110 3185 2955 3295 2990] [3195 3280 3080 2765 2250 2100 2210 2140]