COM3 0 6
3
[2820 2945 2770 2835 2990 2905 2860 2580] [3155 2590 2290 2235 2460 2240 2120 2580]
[3020 2895 2845 2980 2890 2895 2800 2495] [2940 2645 2295 2060 2175 2120 2250 2275]
[2895 2980 2890 2885 2765 2845 2960 2460] [2930 2525 2275 2120 2190 2150 2220 2370]
[2890 2900 2865 2735 2990 2980 2910 2445] [2970 2635 2355 2140 2045 2110 2115 2370]
[3015 3000 3005 2955 3190 2940 3095 2625] [2750 2375 2135 1880 2070 2050 2200 2470]
[3055 3145 2905 2965 2825 2990 2900 2570] [2755 2545 2285 2100 2080 2200 2165 2585]
[2910 2965 2895 3025 3025 3095 2765 2515] [2535 2545 2150 2115 2070 2075 2320 2565]
[3245 3000 3060 3020 3040 2945 2990 2490] [2795 2480 2370 2185 2100 1945 2275 2630]
COM8 1 7
3
[2820 2945 2770 2835 2990 2905 2860 2580] [3005 2595 2435 2320 2305 2330 2405 2735]
[3020 2895 2845 2980 2890 2895 2800 2495] [2900 2605 2335 2250 2165 2295 2190 2365]
[2895 2980 2890 2885 2765 2845 2960 2460] [2945 2675 2255 2155 2235 2100 2205 2370]
[2890 2900 2865 2735 2990 2980 2910 2445] [2995 2585 2320 2100 2075 2165 2060 2420]
[3015 3000 3005 2955 3190 2940 3095 2625] [2730 2495 2200 2050 1985 2035 2045 2475]
[3055 3145 2905 2965 2825 2990 2900 2570] [2635 2420 2160 2215 2245 2095 2280 2385]
[2910 2965 2895 3025 3025 3095 2765 2515] [2875 2615 2230 2015 2130 2225 2265 2560]
[3245 3000 3060 3020 3040 2945 2990 2490] [3025 2550 2360 2320 2095 2200 2305 2505]
COM3 0 8
3
[3080 3010 3085 3020 2915 2905 3000 2585] [3005 2595 2435 2320 2305 2330 2405 2735]
[3110 2950 2890 3035 3030 3030 2790 2560] [2900 2605 2335 2250 2165 2295 2190 2365]
[2840 3010 3080 2895 2870 2970 2800 2630] [2945 2675 2255 2155 2235 2100 2205 2370]
[3000 3220 3065 3000 2905 2920 2880 2695] [2995 2585 2320 2100 2075 2165 2060 2420]
[2945 2915 3095 2810 3045 2815 2875 2825] [2730 2495 2200 2050 1985 2035 2045 2475]
[3115 2935 3100 3045 2960 3025 2945 2550] [2635 2420 2160 2215 2245 2095 2280 2385]
[3145 3015 2895 3180 2965 3050 2875 2580] [2875 2615 2230 2015 2130 2225 2265 2560]
[3120 3130 3055 3095 3090 3070 2995 2490] [3025 2550 2360 2320 2095 2200 2305 2505]
COM8 1 9
3
[3080 3010 3085 3020 2915 2905 3000 2585] [2860 2570 2370 2175 2360 2275 2305 2595]
[3110 2950 2890 3035 3030 3030 2790 2560] [2760 2700 2360 1985 2100 2195 2190 2295]
[2840 3010 3080 2895 2870 2970 2800 2630] [2770 2480 2295 2035 2250 2120 2000 2340]
[3000 3220 3065 3000 2905 2920 2880 2695] [2795 2535 2165 2005 2025 2010 2205 2355]
[2945 2915 3095 2810 3045 2815 2875 2825] [3125 2455 2190 1985 2050 1940 2200 2505]
[3115 2935 3100 3045 2960 3025 2945 2550] [2670 2450 2190 2170 1985 2005 2175 2500]
[3145 3015 2895 3180 2965 3050 2875 2580] [2840 2420 2245 2155 1915 2150 2275 2620]
[3120 3130 3055 3095 3090 3070 2995 2490] [2895 2525 2145 2225 1940 2115 2165 2615]
COM3 0 10
3
[2835 2830 2795 2805 2850 2850 3110 2550] [2860 2570 2370 2175 2360 2275 2305 2595]
[2950 3085 2875 2925 2860 2910 2795 2540] [2760 2700 2360 1985 2100 2195 2190 2295]
[2715 2865 2985 2835 2965 2885 3030 2525] [2770 2480 2295 2035 2250 2120 2000 2340]
[3070 2820 3055 2900 3070 2835 2940 2405] [2795 2535 2165 2005 2025 2010 2205 2355]
[3015 2925 3005 2865 2905 3035 3075 2715] [3125 2455 2190 1985 2050 1940 2200 2505]
[2935 2925 3185 2995 2920 3015 3020 2520] [2670 2450 2190 2170 1985 2005 2175 2500]
[3180 3120 3060 3060 2825 3030 2790 2445] [2840 2420 2245 2155 1915 2150 2275 2620]
[3090 3030 2870 3185 3020 3115 2855 2715] [2895 2525 2145 2225 1940 2115 2165 2615]
COM8 1 11
3
[2835 2830 2795 2805 2850 2850 3110 2550] [2865 2440 2355 2265 2225 2250 2375 2450]
[2950 3085 2875 2925 2860 2910 2795 2540] [3035 2585 2190 2010 2105 2180 2220 2315]
[2715 2865 2985 2835 2965 2885 3030 2525] [3090 2560 2115 2075 2230 2240 2155 2380]
[3070 2820 3055 2900 3070 2835 2940 2405] [2735 2390 2130 1995 1965 2035 2120 2285]
[3015 2925 3005 2865 2905 3035 3075 2715] [2695 2440 2320 1965 2030 2030 2095 2450]
[2935 2925 3185 2995 2920 3015 3020 2520] [3010 2455 2075 2180 1995 1940 2120 2510]
[3180 3120 3060 3060 2825 3030 2790 2445] [2765 2670 2225 2165 2020 2100 2385 2590]
[3090 3030 2870 3185 3020 3115 2855 2715] [2875 2570 2335 2135 2140 2185 2255 2565]
COM3 0 12
3
[2980 2810 2880 2975 2915 2800 2905 2565] [2865 2440 2355 2265 2225 2250 2375 2450]
[2915 2980 2935 3125 2965 2840 2905 2785] [3035 2585 2190 2010 2105 2180 2220 2315]
[3055 3065 3065 2900 2890 2935 2905 2635] [3090 2560 2115 2075 2230 2240 2155 2380]
[2995 2850 2980 2830 3095 3010 3050 2535] [2735 2390 2130 1995 1965 2035 2120 2285]
[3105 3015 3155 3080 3115 3030 3135 2610] [2695 2440 2320 1965 2030 2030 2095 2450]
[2970 3015 3150 3105 3095 2905 2950 2705] [3010 2455 2075 2180 1995 1940 2120 2510]
[2850 3170 3060 3090 3050 3005 2770 2575] [2765 2670 2225 2165 2020 2100 2385 2590]
[2930 3000 3085 3025 3005 2920 2995 2590] [2875 2570 2335 2135 2140 2185 2255 2565]
COM8 1 13
3
[2980 2810 2880 2975 2915 2800 2905 2565] [2905 2805 2345 2345 2270 2415 2165 2690]
[2915 2980 2935 3125 2965 2840 2905 2785] [2935 2590 2365 2175 2165 2315 2070 2375]
[3055 3065 3065 2900 2890 2935 2905 2635] [3005 2605 2350 2190 2330 2230 2130 2220]
[2995 2850 2980 2830 3095 3010 3050 2535] [2975 2415 2530 2215 2065 2210 2115 2285]
[3105 3015 3155 3080 3115 3030 3135 2610] [2960 2615 2410 2110 1990 2115 2270 2545]
[2970 3015 3150 3105 3095 2905 2950 2705] [2820 2470 2180 2300 2240 2140 2250 2530]
[2850 3170 3060 3090 3050 3005 2770 2575] [2820 2805 2385 2115 2175 2240 2210 2775]
[2930 3000 3085 3025 3005 2920 2995 2590] [2895 2560 2360 2430 2080 2060 2190 2425]
COM3 0 14
3
[2970 2950 3040 3040 3060 2895 3015 2625] [2905 2805 2345 2345 2270 2415 2165 2690]
[2985 3125 3035 3125 3065 2980 2980 2590] [2935 2590 2365 2175 2165 2315 2070 2375]
[2995 3165 3170 3055 2915 3050 2845 2770] [3005 2605 2350 2190 2330 2230 2130 2220]
[3210 3025 3175 3095 3070 3045 3050 2690] [2975 2415 2530 2215 2065 2210 2115 2285]
[3075 3115 3310 3145 3090 2790 3170 2715] [2960 2615 2410 2110 1990 2115 2270 2545]
[3285 3100 3255 3185 3050 3045 2975 2675] [2820 2470 2180 2300 2240 2140 2250 2530]
[3070 3095 3170 3155 3055 3100 2770 2610] [2820 2805 2385 2115 2175 2240 2210 2775]
[3235 3020 3190 3125 3020 3070 3025 2690] [2895 2560 2360 2430 2080 2060 2190 2425]
COM8 1 15
3
[2970 2950 3040 3040 3060 2895 3015 2625] [3220 2700 2325 2355 2375 2315 2140 2490]
[2985 3125 3035 3125 3065 2980 2980 2590] [3030 2515 2320 2140 2105 2295 2220 2290]
[2995 3165 3170 3055 2915 3050 2845 2770] [2940 2590 2310 2080 2275 2155 2155 2410]
[3210 3025 3175 3095 3070 3045 3050 2690] [3050 2590 2180 2080 2030 1925 2125 2385]
[3075 3115 3310 3145 3090 2790 3170 2715] [2925 2345 2195 1980 2075 2010 2135 2530]
[3285 3100 3255 3185 3050 3045 2975 2675] [2715 2360 2240 2065 2075 1955 2110 2475]
[3070 3095 3170 3155 3055 3100 2770 2610] [2970 2545 2355 2225 2050 2170 2320 2650]
[3235 3020 3190 3125 3020 3070 3025 2690] [2725 2570 2300 2310 2145 2090 2400 2575]
COM3 0 16
3
[2915 2805 2875 2830 2740 2815 2970 2550] [3220 2700 2325 2355 2375 2315 2140 2490]
[2925 2900 2750 3050 3065 2835 2850 2645] [3030 2515 2320 2140 2105 2295 2220 2290]
[2750 3020 2920 2910 2860 2930 2995 2685] [2940 2590 2310 2080 2275 2155 2155 2410]
[2805 2865 3200 2995 2905 2865 2925 2725] [3050 2590 2180 2080 2030 1925 2125 2385]
[3010 3095 3025 2965 2930 2870 2950 2540] [2925 2345 2195 1980 2075 2010 2135 2530]
[2795 3015 3015 2940 2830 3095 3095 2600] [2715 2360 2240 2065 2075 1955 2110 2475]
[3125 3175 3000 2830 2955 3125 2675 2555] [2970 2545 2355 2225 2050 2170 2320 2650]
[3120 3120 3030 2800 3105 3030 2800 2545] [2725 2570 2300 2310 2145 2090 2400 2575]
COM8 1 17
3
[2915 2805 2875 2830 2740 2815 2970 2550] [2995 2620 2350 2325 2305 2195 2280 2565]
[2925 2900 2750 3050 3065 2835 2850 2645] [3030 2635 2375 2055 2250 2170 2250 2340]
[2750 3020 2920 2910 2860 2930 2995 2685] [2940 2650 2285 1995 2110 1970 2220 2305]
[2805 2865 3200 2995 2905 2865 2925 2725] [3100 2625 2235 2045 2040 1920 2155 2350]
[3010 3095 3025 2965 2930 2870 2950 2540] [2900 2475 2120 1985 1950 2035 2120 2300]
[2795 3015 3015 2940 2830 3095 3095 2600] [2725 2535 2080 2040 2120 2095 2190 2415]
[3125 3175 3000 2830 2955 3125 2675 2555] [2910 2525 2215 2235 2035 2120 2140 2570]
[3120 3120 3030 2800 3105 3030 2800 2545] [3135 2570 2155 2045 2060 2015 2235 2680]
COM3 0 18
3
[2980 3020 2920 2870 2995 2880 2910 2620] [2995 2620 2350 2325 2305 2195 2280 2565]
[3070 3165 2895 3110 3045 3005 2865 2715] [3030 2635 2375 2055 2250 2170 2250 2340]
[2890 2995 3065 2920 2905 3005 2740 2635] [2940 2650 2285 1995 2110 1970 2220 2305]
[3080 3050 3170 3045 3045 3065 3010 2600] [3100 2625 2235 2045 2040 1920 2155 2350]
[3120 3040 3285 3030 3015 2865 3145 2795] [2900 2475 2120 1985 1950 2035 2120 2300]
[2990 2975 3195 3040 2950 3205 2835 2715] [2725 2535 2080 2040 2120 2095 2190 2415]
[3085 2985 3125 3035 3055 3015 3005 2555] [2910 2525 2215 2235 2035 2120 2140 2570]
[3120 3060 3200 2990 3050 2995 2950 2805] [3135 2570 2155 2045 2060 2015 2235 2680]
COM8 1 19
3
[2980 3020 2920 2870 2995 2880 2910 2620] [2885 2530 2295 2265 2190 2175 2280 2550]
[3070 3165 2895 3110 3045 3005 2865 2715] [2530 2485 2200 2035 2090 2160 2050 2300]
[2890 2995 3065 2920 2905 3005 2740 2635] [2740 2505 2170 2030 2220 1945 2110 2440]
[3080 3050 3170 3045 3045 3065 3010 2600] [2865 2465 2195 2025 1985 2075 2045 2265]
[3120 3040 3285 3030 3015 2865 3145 2795] [2630 2275 2080 1930 2095 2025 2175 2460]
[2990 2975 3195 3040 2950 3205 2835 2715] [2640 2460 2125 2125 2025 2040 2160 2470]
[3085 2985 3125 3035 3055 3015 3005 2555] [2835 2385 2175 2020 1940 2000 2290 2505]
[3120 3060 3200 2990 3050 2995 2950 2805] [2680 2465 2270 2095 2085 1935 2170 2505]
COM3 0 20
3
[3000 2770 2970 2940 2820 2900 2960 2570] [2885 2530 2295 2265 2190 2175 2280 2550]
[2895 2980 2985 3045 2955 2860 2795 2635] [2530 2485 2200 2035 2090 2160 2050 2300]
[2875 2965 3050 2865 2900 2910 2800 2565] [2740 2505 2170 2030 2220 1945 2110 2440]
[3135 2915 3020 2890 2845 2955 2865 2520] [2865 2465 2195 2025 1985 2075 2045 2265]
[3120 3035 2920 2990 3045 2925 3085 2630] [2630 2275 2080 1930 2095 2025 2175 2460]
[2850 3130 2990 3085 2940 2950 3110 2550] [2640 2460 2125 2125 2025 2040 2160 2470]
[3090 3090 2925 3035 3135 3030 2790 2590] [2835 2385 2175 2020 1940 2000 2290 2505]
[3110 3055 2970 2905 2880 2940 2970 2615] [2680 2465 2270 2095 2085 1935 2170 2505]
COM8 1 21
3
[3000 2770 2970 2940 2820 2900 2960 2570] [2815 2570 2305 2195 2395 2155 2225 2425]
[2895 2980 2985 3045 2955 2860 2795 2635] [2990 2580 2115 2025 2110 2165 2225 2375]
[2875 2965 3050 2865 2900 2910 2800 2565] [2905 2455 2170 1995 2120 2130 2105 2415]
[3135 2915 3020 2890 2845 2955 2865 2520] [3125 2485 2120 2010 1940 1955 2045 2335]
[3120 3035 2920 2990 3045 2925 3085 2630] [2970 2350 2305 1825 2050 2010 2145 2420]
[2850 3130 2990 3085 2940 2950 3110 2550] [2635 2385 2075 2160 1945 2085 2150 2415]
[3090 3090 2925 3035 3135 3030 2790 2590] [2895 2285 2295 2065 2070 2075 2110 2670]
[3110 3055 2970 2905 2880 2940 2970 2615] [2795 2580 2245 2195 2170 2040 2255 2575]
COM3 0 22
3
[2925 2835 2795 2885 2920 2695 2925 2550] [2815 2570 2305 2195 2395 2155 2225 2425]
[2970 2920 2630 2885 2835 2770 2710 2470] [2990 2580 2115 2025 2110 2165 2225 2375]
[2675 2820 2870 2855 2885 2935 3025 2485] [2905 2455 2170 1995 2120 2130 2105 2415]
[2900 2965 2935 2645 2905 2895 2910 2580] [3125 2485 2120 2010 1940 1955 2045 2335]
[2640 3110 3095 2715 3075 2865 2970 2575] [2970 2350 2305 1825 2050 2010 2145 2420]
[2695 3035 2835 2950 2875 2935 2785 2570] [2635 2385 2075 2160 1945 2085 2150 2415]
[3075 2865 2945 2930 2825 3190 2725 2520] [2895 2285 2295 2065 2070 2075 2110 2670]
[3105 3155 3045 2975 2875 3215 3025 2360] [2795 2580 2245 2195 2170 2040 2255 2575]
COM8 1 23
3
[2925 2835 2795 2885 2920 2695 2925 2550] [3175 2575 2320 2320 2380 2345 2365 2560]
[2970 2920 2630 2885 2835 2770 2710 2470] [2970 2660 2320 2120 2135 2265 2195 2310]
[2675 2820 2870 2855 2885 2935 3025 2485] [2805 2595 2230 1975 2305 2070 2120 2435]
[2900 2965 2935 2645 2905 2895 2910 2580] [2880 2535 2280 2025 2030 1985 2050 2360]
[2640 3110 3095 2715 3075 2865 2970 2575] [2805 2395 2225 1765 2020 2025 2225 2545]
[2695 3035 2835 2950 2875 2935 2785 2570] [2705 2510 2115 2285 2055 2130 2180 2425]
[3075 2865 2945 2930 2825 3190 2725 2520] [3055 2685 2240 1915 2110 2020 2315 2610]
[3105 3155 3045 2975 2875 3215 3025 2360] [2750 2530 2345 2255 2135 2045 2260 2670]
COM3 0 24
3
[2810 2695 2715 2870 2950 2715 2940 2560] [3175 2575 2320 2320 2380 2345 2365 2560]
[2880 2910 2640 2900 2865 2785 2850 2515] [2970 2660 2320 2120 2135 2265 2195 2310]
[2635 2940 2950 2935 2870 3045 2900 2535] [2805 2595 2230 1975 2305 2070 2120 2435]
[2755 3035 3125 2925 3060 3005 2820 2560] [2880 2535 2280 2025 2030 1985 2050 2360]
[3050 2870 3005 2935 2965 2895 2785 2450] [2805 2395 2225 1765 2020 2025 2225 2545]
[2995 2980 2860 2965 2750 3070 2895 2490] [2705 2510 2115 2285 2055 2130 2180 2425]
[2930 2900 2885 3075 3000 3110 2830 2530] [3055 2685 2240 1915 2110 2020 2315 2610]
[3095 3025 2940 3115 2875 3025 2915 2615] [2750 2530 2345 2255 2135 2045 2260 2670]
COM8 1 25
3
[2810 2695 2715 2870 2950 2715 2940 2560] [2925 2615 2410 2175 2325 2395 2350 2590]
[2880 2910 2640 2900 2865 2785 2850 2515] [3030 2530 2205 2080 2000 2165 2210 2290]
[2635 2940 2950 2935 2870 3045 2900 2535] [2825 2460 2000 2070 2155 2055 2155 2370]
[2755 3035 3125 2925 3060 3005 2820 2560] [2895 2560 2185 2020 2015 1935 2080 2330]
[3050 2870 3005 2935 2965 2895 2785 2450] [2700 2320 2180 1935 2095 2005 2170 2570]
[2995 2980 2860 2965 2750 3070 2895 2490] [2725 2450 2055 2135 2070 2105 2190 2590]
[2930 2900 2885 3075 3000 3110 2830 2530] [3015 2500 2350 2095 2065 2085 2210 2615]
[3095 3025 2940 3115 2875 3025 2915 2615] [2755 2390 2125 2310 2005 1975 2240 2520]
COM3 0 26
3
[3020 2810 3020 2900 2940 2775 2740 2765] [2925 2615 2410 2175 2325 2395 2350 2590]
[3125 3035 2865 3200 3040 2950 2810 2495] [3030 2530 2205 2080 2000 2165 2210 2290]
[2955 3080 3125 2985 2900 3060 3030 2615] [2825 2460 2000 2070 2155 2055 2155 2370]
[3080 3125 3170 2905 3095 3130 2890 2710] [2895 2560 2185 2020 2015 1935 2080 2330]
[3020 3070 3080 2900 3140 3125 3000 2665] [2700 2320 2180 1935 2095 2005 2170 2570]
[3050 3190 3095 3085 2920 3085 3025 2745] [2725 2450 2055 2135 2070 2105 2190 2590]
[3050 3135 3220 3050 3000 3085 2980 2550] [3015 2500 2350 2095 2065 2085 2210 2615]
[3125 3060 3290 3130 2970 3075 3100 2525] [2755 2390 2125 2310 2005 1975 2240 2520]
COM8 1 27
3
[3020 2810 3020 2900 2940 2775 2740 2765] [2890 2665 2305 2260 2370 2300 2170 2490]
[3125 3035 2865 3200 3040 2950 2810 2495] [3030 2885 2290 2135 2220 2245 2080 2460]
[2955 3080 3125 2985 2900 3060 3030 2615] [2870 2625 2230 2110 2035 1925 2120 2490]
[3080 3125 3170 2905 3095 3130 2890 2710] [2760 2605 2115 2140 2030 2025 2005 2400]
[3020 3070 3080 2900 3140 3125 3000 2665] [3185 2585 2320 1860 2080 2020 2065 2505]
[3050 3190 3095 3085 2920 3085 3025 2745] [2765 2420 2225 2230 2080 2170 2215 2425]
[3050 3135 3220 3050 3000 3085 2980 2550] [2905 2445 2235 2180 2025 1880 2125 2605]
[3125 3060 3290 3130 2970 3075 3100 2525] [2705 2725 2220 2165 2000 2155 2345 2555]
COM3 0 28
3
[3090 2900 3010 2890 2945 2845 2910 2675] [2890 2665 2305 2260 2370 2300 2170 2490]
[3185 3100 2800 2985 2965 3030 2810 2620] [3030 2885 2290 2135 2220 2245 2080 2460]
[2955 3015 3110 2910 2885 3050 2945 2865] [2870 2625 2230 2110 2035 1925 2120 2490]
[2940 3095 3240 2975 3155 3000 3070 2475] [2760 2605 2115 2140 2030 2025 2005 2400]
[2930 3055 2950 2875 3120 3040 3070 2725] [3185 2585 2320 1860 2080 2020 2065 2505]
[3150 3075 3200 3160 2995 3030 3075 2620] [2765 2420 2225 2230 2080 2170 2215 2425]
[3050 3010 3005 3035 2905 3105 2850 2570] [2905 2445 2235 2180 2025 1880 2125 2605]
[3095 3170 3290 2995 3105 2935 2990 2545] [2705 2725 2220 2165 2000 2155 2345 2555]
COM8 1 29
3
[3090 2900 3010 2890 2945 2845 2910 2675] [3000 2570 2190 2290 2450 2200 2225 2560]
[3185 3100 2800 2985 2965 3030 2810 2620] [3005 2545 2365 2175 2040 2040 2105 2630]
[2955 3015 3110 2910 2885 3050 2945 2865] [2870 2565 2235 2035 2210 2120 2065 2390]
[2940 3095 3240 2975 3155 3000 3070 2475] [2930 2515 2250 2070 2070 1920 2120 2340]
[2930 3055 2950 2875 3120 3040 3070 2725] [2825 2415 2200 1955 2125 2085 2205 2510]
[3150 3075 3200 3160 2995 3030 3075 2620] [2895 2535 2170 2155 2035 2015 2250 2505]
[3050 3010 3005 3035 2905 3105 2850 2570] [2765 2545 2285 2100 2185 2060 2300 2535]
[3095 3170 3290 2995 3105 2935 2990 2545] [2975 2600 2290 2230 2095 2015 2240 2520]
COM3 0 30
3
[3030 2900 2955 2965 2950 2955 2805 2690] [3000 2570 2190 2290 2450 2200 2225 2560]
[3175 3065 2960 3225 2925 2925 2850 2720] [3005 2545 2365 2175 2040 2040 2105 2630]
[2975 3095 2920 2935 2995 3035 2850 2865] [2870 2565 2235 2035 2210 2120 2065 2390]
[3135 3080 3120 3015 2990 3030 2970 2640] [2930 2515 2250 2070 2070 1920 2120 2340]
[3175 3130 3115 2975 3155 2980 3090 2530] [2825 2415 2200 1955 2125 2085 2205 2510]
[2940 3265 3190 3200 3055 2950 3105 2605] [2895 2535 2170 2155 2035 2015 2250 2505]
[3235 3170 3165 2995 2965 3125 2895 2685] [2765 2545 2285 2100 2185 2060 2300 2535]
[3300 3055 3425 3100 3030 3110 3025 2635] [2975 2600 2290 2230 2095 2015 2240 2520]
COM8 1 31
3
[3030 2900 2955 2965 2950 2955 2805 2690] [3025 2415 2350 2185 2355 2420 2220 2460]
[3175 3065 2960 3225 2925 2925 2850 2720] [3030 2515 2315 2110 2140 2130 2065 2310]
[2975 3095 2920 2935 2995 3035 2850 2865] [2820 2535 2150 2125 2190 2035 2065 2220]
[3135 3080 3120 3015 2990 3030 2970 2640] [2990 2385 2140 2085 1970 1995 2110 2335]
[3175 3130 3115 2975 3155 2980 3090 2530] [2765 2470 2270 2075 1965 1940 2020 2375]
[2940 3265 3190 3200 3055 2950 3105 2605] [2990 2520 2210 2175 2080 2095 2270 2370]
[3235 3170 3165 2995 2965 3125 2895 2685] [2950 2330 2240 2075 1965 1965 2275 2655]
[3300 3055 3425 3100 3030 3110 3025 2635] [2760 2585 2235 2125 1965 2020 2235 2395]
COM3 0 32
3
[2810 2705 2815 2910 2910 2770 2910 2630] [3025 2415 2350 2185 2355 2420 2220 2460]
[3055 3065 3025 2920 2890 2905 2835 2545] [3030 2515 2315 2110 2140 2130 2065 2310]
[2890 2970 3030 2970 2840 3010 2895 2640] [2820 2535 2150 2125 2190 2035 2065 2220]
[3170 3030 2935 2920 3040 3000 2915 2595] [2990 2385 2140 2085 1970 1995 2110 2335]
[3170 3130 2875 2975 3185 2715 3155 2550] [2765 2470 2270 2075 1965 1940 2020 2375]
[2990 3135 3285 2880 2905 3040 3150 2575] [2990 2520 2210 2175 2080 2095 2270 2370]
[3050 3105 2975 3075 2900 3020 2875 2550] [2950 2330 2240 2075 1965 1965 2275 2655]
[3205 3045 3225 3135 3085 2930 3100 2575] [2760 2585 2235 2125 1965 2020 2235 2395]
COM8 1 33
3
[2810 2705 2815 2910 2910 2770 2910 2630] [2930 2670 2335 2270 2510 2310 2295 2605]
[3055 3065 3025 2920 2890 2905 2835 2545] [2810 2535 2395 2200 2120 2180 2275 2510]
[2890 2970 3030 2970 2840 3010 2895 2640] [3020 2625 2305 2070 2265 2190 2165 2380]
[3170 3030 2935 2920 3040 3000 2915 2595] [2890 2580 2160 1980 2000 1955 2190 2450]
[3170 3130 2875 2975 3185 2715 3155 2550] [3175 2410 2400 1965 2030 2105 2255 2410]
[2990 3135 3285 2880 2905 3040 3150 2575] [2720 2535 2285 2240 2175 2095 2215 2520]
[3050 3105 2975 3075 2900 3020 2875 2550] [2850 2585 2380 2310 2130 2075 2275 2755]
[3205 3045 3225 3135 3085 2930 3100 2575] [3005 2670 2245 2075 2175 2170 2250 2760]
COM3 0 34
3
[2950 2850 2835 3015 2890 2825 2925 2585] [2930 2670 2335 2270 2510 2310 2295 2605]
[3040 2970 2740 2765 2980 2955 2850 2505] [2810 2535 2395 2200 2120 2180 2275 2510]
[2895 2875 2940 2840 2835 2980 2855 2505] [3020 2625 2305 2070 2265 2190 2165 2380]
[3000 2930 2925 2935 2970 3045 2875 2595] [2890 2580 2160 1980 2000 1955 2190 2450]
[2930 2870 2950 2810 3035 2760 3150 2670] [3175 2410 2400 1965 2030 2105 2255 2410]
[2965 2985 2925 3030 2890 2985 2870 2685] [2720 2535 2285 2240 2175 2095 2215 2520]
[2950 3010 2775 3065 2960 3015 2735 2540] [2850 2585 2380 2310 2130 2075 2275 2755]
[2995 2915 3020 3060 2945 3050 2935 2540] [3005 2670 2245 2075 2175 2170 2250 2760]
COM8 1 35
3
[2950 2850 2835 3015 2890 2825 2925 2585] [3105 2750 2355 1995 2325 2285 2350 2425]
[3040 2970 2740 2765 2980 2955 2850 2505] [2985 2615 2510 2365 2345 2350 2345 2510]
[2895 2875 2940 2840 2835 2980 2855 2505] [2885 2640 2285 2160 2150 2130 2155 2510]
[3000 2930 2925 2935 2970 3045 2875 2595] [3050 2510 2230 2050 2210 2030 2295 2205]
[2930 2870 2950 2810 3035 2760 3150 2670] [2855 2690 2365 2050 2130 2080 2215 2530]
[2965 2985 2925 3030 2890 2985 2870 2685] [2680 2475 2195 2025 2060 2215 2070 2515]
[2950 3010 2775 3065 2960 3015 2735 2540] [2970 2555 2240 2165 2215 2140 2145 2640]
[2995 2915 3020 3060 2945 3050 2935 2540] [2750 2460 2310 2210 2140 2280 2240 2760]
COM3 0 36
3
[2950 2640 2800 2815 2740 2800 2810 2575] [3105 2750 2355 1995 2325 2285 2350 2425]
[2830 3130 2710 2920 2925 2930 2905 2805] [2985 2615 2510 2365 2345 2350 2345 2510]
[2795 3005 2825 2850 2845 2920 2875 2640] [2885 2640 2285 2160 2150 2130 2155 2510]
[2915 2870 3000 2925 2910 2900 2935 2555] [3050 2510 2230 2050 2210 2030 2295 2205]
[2925 2945 2945 3070 3050 2890 2685 2610] [2855 2690 2365 2050 2130 2080 2215 2530]
[2790 3065 2990 3110 2945 2890 2855 2605] [2680 2475 2195 2025 2060 2215 2070 2515]
[2910 2925 2875 3155 2965 3045 2820 2650] [2970 2555 2240 2165 2215 2140 2145 2640]
[2990 2835 3000 3100 3075 3075 3085 2550] [2750 2460 2310 2210 2140 2280 2240 2760]
COM8 1 37
3
[2950 2640 2800 2815 2740 2800 2810 2575] [3000 2615 2290 2140 2305 2250 2195 2570]
[2830 3130 2710 2920 2925 2930 2905 2805] [3035 2555 2410 2080 2095 2195 2140 2365]
[2795 3005 2825 2850 2845 2920 2875 2640] [2930 2525 2275 2080 2130 2025 2185 2390]
[2915 2870 3000 2925 2910 2900 2935 2555] [2900 2545 2295 2095 2000 1965 2115 2400]
[2925 2945 2945 3070 3050 2890 2685 2610] [2945 2320 2080 1935 2020 1915 2095 2410]
[2790 3065 2990 3110 2945 2890 2855 2605] [2650 2550 2180 2195 1985 2025 2145 2415]
[2910 2925 2875 3155 2965 3045 2820 2650] [2810 2670 2335 2025 1920 1890 2120 2585]
[2990 2835 3000 3100 3075 3075 3085 2550] [2975 2425 2270 2150 2000 1905 2250 2485]
COM3 0 38
3
[2970 2740 2815 2810 2890 2835 2965 2605] [3000 2615 2290 2140 2305 2250 2195 2570]
[3080 3005 2860 2960 2985 2955 2815 2555] [3035 2555 2410 2080 2095 2195 2140 2365]
[2775 3020 2765 2930 2900 3010 2865 2570] [2930 2525 2275 2080 2130 2025 2185 2390]
[2745 3055 3015 2865 2975 2895 2950 2615] [2900 2545 2295 2095 2000 1965 2115 2400]
[3090 2865 3080 3010 3090 2880 2995 2570] [2945 2320 2080 1935 2020 1915 2095 2410]
[2855 3125 3115 3015 3010 2935 3150 2575] [2650 2550 2180 2195 1985 2025 2145 2415]
[2810 3030 2750 2985 2925 2955 2910 2650] [2810 2670 2335 2025 1920 1890 2120 2585]
[3095 2880 3055 3055 2895 3020 2975 2685] [2975 2425 2270 2150 2000 1905 2250 2485]
COM8 1 39
3
[2970 2740 2815 2810 2890 2835 2965 2605] [3145 2405 2195 2070 2260 2105 2315 2550]
[3080 3005 2860 2960 2985 2955 2815 2555] [2775 2440 2150 2045 1955 2090 2000 2250]
[2775 3020 2765 2930 2900 3010 2865 2570] [2560 2325 1885 1900 1980 1865 2050 2265]
[2745 3055 3015 2865 2975 2895 2950 2615] [2760 2540 1695 1935 1895 1725 2010 2290]
[3090 2865 3080 3010 3090 2880 2995 2570] [2715 2045 1920 1685 1865 1835 2065 2445]
[2855 3125 3115 3015 3010 2935 3150 2575] [2715 2105 1840 1985 1865 1880 2025 2345]
[2810 3030 2750 2985 2925 2955 2910 2650] [2885 2230 2005 1915 1920 2050 1930 2420]
[3095 2880 3055 3055 2895 3020 2975 2685] [2550 2290 2040 1990 1665 1885 2030 2510]
COM3 0 40
3
[2895 2850 2875 2900 2915 3015 2885 2580] [3145 2405 2195 2070 2260 2105 2315 2550]
[2955 3150 2900 2940 3090 2860 2995 2635] [2775 2440 2150 2045 1955 2090 2000 2250]
[3070 3165 3075 2945 3005 3055 3000 2570] [2560 2325 1885 1900 1980 1865 2050 2265]
[3025 3030 3080 2955 3095 3050 2940 2680] [2760 2540 1695 1935 1895 1725 2010 2290]
[3070 3015 3080 3060 3100 2975 2960 2770] [2715 2045 1920 1685 1865 1835 2065 2445]
[3095 3135 3055 3035 2920 3120 2960 2625] [2715 2105 1840 1985 1865 1880 2025 2345]
[3170 3030 3300 3210 3065 2995 2805 2590] [2885 2230 2005 1915 1920 2050 1930 2420]
[3190 3060 3075 3105 2995 3005 2895 2805] [2550 2290 2040 1990 1665 1885 2030 2510]
COM8 1 41
3
[2895 2850 2875 2900 2915 3015 2885 2580] [3050 2770 2380 2265 2360 2325 2250 2540]
[2955 3150 2900 2940 3090 2860 2995 2635] [3305 2390 2475 2275 2120 2185 2220 2360]
[3070 3165 3075 2945 3005 3055 3000 2570] [3090 2530 2310 1995 2190 2005 2155 2370]
[3025 3030 3080 2955 3095 3050 2940 2680] [2865 2460 2175 2035 2070 1905 2190 2375]
[3070 3015 3080 3060 3100 2975 2960 2770] [2755 2570 2305 1955 2045 1980 2200 2580]
[3095 3135 3055 3035 2920 3120 2960 2625] [2745 2475 2245 2215 2035 2185 2210 2470]
[3170 3030 3300 3210 3065 2995 2805 2590] [3050 2340 2245 2040 1875 2125 2250 2550]
[3190 3060 3075 3105 2995 3005 2895 2805] [3240 2685 2125 2125 2120 2155 2380 2630]
COM3 0 42
3
[2895 2595 2925 2850 3000 2880 3045 2645] [3050 2770 2380 2265 2360 2325 2250 2540]
[3020 2980 2995 3005 2900 3110 2935 2580] [3305 2390 2475 2275 2120 2185 2220 2360]
[2905 2940 3005 2860 2835 2950 2820 2510] [3090 2530 2310 1995 2190 2005 2155 2370]
[2840 3045 3055 2980 3115 3070 3040 2695] [2865 2460 2175 2035 2070 1905 2190 2375]
[2980 3065 3125 2865 3040 3025 3005 2770] [2755 2570 2305 1955 2045 1980 2200 2580]
[3070 2955 3085 3020 3050 3095 2970 2575] [2745 2475 2245 2215 2035 2185 2210 2470]
[2910 3165 2895 2920 2960 2910 2945 2485] [3050 2340 2245 2040 1875 2125 2250 2550]
[3120 3060 3030 3075 3070 3200 2900 2545] [3240 2685 2125 2125 2120 2155 2380 2630]
COM8 1 43
3
[2895 2595 2925 2850 3000 2880 3045 2645] [3075 2630 2420 2155 2510 2200 2155 2570]
[3020 2980 2995 3005 2900 3110 2935 2580] [2850 2435 2190 2055 2165 2185 2225 2250]
[2905 2940 3005 2860 2835 2950 2820 2510] [3035 2455 2235 1995 2125 2055 1995 2425]
[2840 3045 3055 2980 3115 3070 3040 2695] [2970 2470 2085 2055 1985 1915 2015 2430]
[2980 3065 3125 2865 3040 3025 3005 2770] [3105 2550 2185 1985 2075 2055 2245 2470]
[3070 2955 3085 3020 3050 3095 2970 2575] [2990 2465 2045 2120 1985 2020 2195 2615]
[2910 3165 2895 2920 2960 2910 2945 2485] [2955 2615 2285 2085 2150 2065 2215 2675]
[3120 3060 3030 3075 3070 3200 2900 2545] [2825 2440 2210 2040 1975 1925 2380 2450]
COM3 0 44
3
[3035 2910 2770 2885 2885 2915 2940 2585] [3075 2630 2420 2155 2510 2200 2155 2570]
[3170 3055 3055 3020 2935 2950 2905 2635] [2850 2435 2190 2055 2165 2185 2225 2250]
[2900 2875 3010 3000 2940 2975 2870 2585] [3035 2455 2235 1995 2125 2055 1995 2425]
[3140 2935 3175 3090 3090 3010 2940 2490] [2970 2470 2085 2055 1985 1915 2015 2430]
[3190 3065 3080 3005 3245 2935 2940 2705] [3105 2550 2185 1985 2075 2055 2245 2470]
[3040 3205 3075 3045 3015 3005 2920 2755] [2990 2465 2045 2120 1985 2020 2195 2615]
[3165 3185 3235 3060 3000 3070 3005 2710] [2955 2615 2285 2085 2150 2065 2215 2675]
[3345 2935 3090 3080 3040 2970 3025 2410] [2825 2440 2210 2040 1975 1925 2380 2450]
COM8 1 45
3
[3035 2910 2770 2885 2885 2915 2940 2585] [2825 2615 2210 2195 2195 2225 2235 2635]
[3170 3055 3055 3020 2935 2950 2905 2635] [2920 2435 2250 1955 2060 1985 2035 2340]
[2900 2875 3010 3000 2940 2975 2870 2585] [2785 2360 2100 1970 2140 1905 2035 2340]
[3140 2935 3175 3090 3090 3010 2940 2490] [2895 2385 2070 1945 1965 1895 2070 2280]
[3190 3065 3080 3005 3245 2935 2940 2705] [2895 2440 2130 1790 1860 1980 2080 2520]
[3040 3205 3075 3045 3015 3005 2920 2755] [2540 2290 2095 2085 1995 1945 2070 2435]
[3165 3185 3235 3060 3000 3070 3005 2710] [2790 2310 2225 2000 2035 2245 2040 2730]
[3345 2935 3090 3080 3040 2970 3025 2410] [2765 2375 2195 2085 1945 2115 2095 2580]
COM3 0 46
3
[2875 2900 2955 2910 2820 2870 2895 2655] [2825 2615 2210 2195 2195 2225 2235 2635]
[3020 3085 2800 3135 2895 2975 2980 2550] [2920 2435 2250 1955 2060 1985 2035 2340]
[3025 2875 2955 2905 2895 2935 2905 2515] [2785 2360 2100 1970 2140 1905 2035 2340]
[3105 2960 3010 3050 3060 3000 2950 2570] [2895 2385 2070 1945 1965 1895 2070 2280]
[3125 2925 3175 2970 3040 3065 2990 2520] [2895 2440 2130 1790 1860 1980 2080 2520]
[2880 3085 3045 2910 3015 3135 3035 2590] [2540 2290 2095 2085 1995 1945 2070 2435]
[2985 3190 2840 2835 2700 3025 2765 2500] [2790 2310 2225 2000 2035 2245 2040 2730]
[3030 3065 2935 3020 3070 3130 2945 2625] [2765 2375 2195 2085 1945 2115 2095 2580]
COM8 1 47
3
[2875 2900 2955 2910 2820 2870 2895 2655] [3205 2555 2380 2525 2555 2395 2550 2820]
[3020 3085 2800 3135 2895 2975 2980 2550] [3190 2775 2370 2310 2260 2225 2380 2520]
[3025 2875 2955 2905 2895 2935 2905 2515] [3175 2810 2300 2275 2295 2050 2215 2315]
[3105 2960 3010 3050 3060 3000 2950 2570] [2990 2720 2430 2255 2135 2080 2315 2360]
[3125 2925 3175 2970 3040 3065 2990 2520] [3040 2575 2385 2175 2170 2155 2280 2600]
[2880 3085 3045 2910 3015 3135 3035 2590] [3090 2550 2295 2305 2060 2185 2300 2770]
[2985 3190 2840 2835 2700 3025 2765 2500] [3040 2830 2335 2320 2250 2230 2445 2515]
[3030 3065 2935 3020 3070 3130 2945 2625] [3190 2460 2450 2350 2215 2060 2350 2810]
COM3 0 48
3
[2990 2980 2965 3000 3020 2885 3085 2540] [3205 2555 2380 2525 2555 2395 2550 2820]
[3095 3175 2975 3050 2970 3080 2780 2535] [3190 2775 2370 2310 2260 2225 2380 2520]
[3010 3005 3080 3090 2960 3090 2835 2620] [3175 2810 2300 2275 2295 2050 2215 2315]
[2965 3120 3120 3125 3035 2960 2960 2470] [2990 2720 2430 2255 2135 2080 2315 2360]
[3210 3105 3075 2950 3185 2860 3045 2830] [3040 2575 2385 2175 2170 2155 2280 2600]
[3060 3205 3265 3305 2925 3015 3090 2625] [3090 2550 2295 2305 2060 2185 2300 2770]
[3160 3185 3155 3340 3200 3015 3040 2705] [3040 2830 2335 2320 2250 2230 2445 2515]
[3315 3205 3170 3190 3250 3040 2910 2555] [3190 2460 2450 2350 2215 2060 2350 2810]
COM8 1 49
3
[2990 2980 2965 3000 3020 2885 3085 2540] [3075 2515 2295 2210 2400 2110 2125 2445]
[3095 3175 2975 3050 2970 3080 2780 2535] [2850 2475 2310 2125 2165 2040 2145 2315]
[3010 3005 3080 3090 2960 3090 2835 2620] [2910 2480 2050 2070 2200 2060 2120 2405]
[2965 3120 3120 3125 3035 2960 2960 2470] [2875 2445 2070 2080 2030 1975 2155 2320]
[3210 3105 3075 2950 3185 2860 3045 2830] [2945 2505 2220 1920 1990 2080 2095 2375]
[3060 3205 3265 3305 2925 3015 3090 2625] [2985 2445 2250 2125 2060 2075 2185 2495]
[3160 3185 3155 3340 3200 3015 3040 2705] [3040 2540 2270 1880 2025 2015 2135 2625]
[3315 3205 3170 3190 3250 3040 2910 2555] [2845 2455 2220 2150 2095 2045 2210 2555]
COM3 0 50
3
[2840 2865 2915 2880 2835 2765 2950 2560] [3075 2515 2295 2210 2400 2110 2125 2445]
[2845 2960 2825 2885 2980 3015 3045 2665] [2850 2475 2310 2125 2165 2040 2145 2315]
[2730 2835 3030 2840 2680 2820 2845 2485] [2910 2480 2050 2070 2200 2060 2120 2405]
[3005 2855 3055 2790 2965 2970 2825 2610] [2875 2445 2070 2080 2030 1975 2155 2320]
[2950 2995 3095 2910 2975 2900 3045 2520] [2945 2505 2220 1920 1990 2080 2095 2375]
[2780 3010 2790 3065 2885 3105 2925 2490] [2985 2445 2250 2125 2060 2075 2185 2495]
[2870 3085 2820 2845 2940 2965 2930 2535] [3040 2540 2270 1880 2025 2015 2135 2625]
[3090 2880 2855 2815 3020 2995 3000 2520] [2845 2455 2220 2150 2095 2045 2210 2555]
COM8 1 51
3
[2840 2865 2915 2880 2835 2765 2950 2560] [2820 2310 2045 2025 1995 2135 2125 2560]
[2845 2960 2825 2885 2980 3015 3045 2665] [2815 2345 2100 1905 2070 2055 2020 2385]
[2730 2835 3030 2840 2680 2820 2845 2485] [2630 2305 1995 1935 2130 1860 2110 2305]
[3005 2855 3055 2790 2965 2970 2825 2610] [2580 2360 2100 1920 1900 1845 1940 2335]
[2950 2995 3095 2910 2975 2900 3045 2520] [2570 2425 1995 1765 1940 1940 2145 2480]
[2780 3010 2790 3065 2885 3105 2925 2490] [2540 2265 1865 1920 1835 2035 2030 2350]
[2870 3085 2820 2845 2940 2965 2930 2535] [2560 2320 2025 1940 1865 2040 2125 2470]
[3090 2880 2855 2815 3020 2995 3000 2520] [2475 2310 2030 2130 1800 2005 2085 2500]
COM3 0 52
3
[2950 2905 2995 3040 2980 2925 3100 2725] [2820 2310 2045 2025 1995 2135 2125 2560]
[3125 3175 3025 3075 3010 2980 2895 2785] [2815 2345 2100 1905 2070 2055 2020 2385]
[2895 2995 2935 3035 2995 3045 2915 2635] [2630 2305 1995 1935 2130 1860 2110 2305]
[3045 3125 3205 3040 3105 3050 3090 2445] [2580 2360 2100 1920 1900 1845 1940 2335]
[3255 3010 3040 3135 3095 2940 3170 2615] [2570 2425 1995 1765 1940 1940 2145 2480]
[3145 3110 3300 3035 2990 3125 2950 2625] [2540 2265 1865 1920 1835 2035 2030 2350]
[3275 3110 3040 3360 3010 3115 2955 2630] [2560 2320 2025 1940 1865 2040 2125 2470]
[3175 3020 3080 3285 3025 3095 3125 2780] [2475 2310 2030 2130 1800 2005 2085 2500]
COM8 1 53
3
[2950 2905 2995 3040 2980 2925 3100 2725] [3105 2785 2210 2145 2405 2195 2260 2565]
[3125 3175 3025 3075 3010 2980 2895 2785] [2955 2505 2290 2050 2120 2195 2150 2285]
[2895 2995 2935 3035 2995 3045 2915 2635] [2935 2670 2105 2000 2125 1935 2085 2385]
[3045 3125 3205 3040 3105 3050 3090 2445] [2980 2615 2205 2050 1970 2010 2090 2200]
[3255 3010 3040 3135 3095 2940 3170 2615] [2785 2410 2125 1940 2010 1840 2235 2340]
[3145 3110 3300 3035 2990 3125 2950 2625] [2880 2320 2045 2115 2055 1975 2190 2525]
[3275 3110 3040 3360 3010 3115 2955 2630] [2595 2330 2185 1765 1975 2095 2300 2695]
[3175 3020 3080 3285 3025 3095 3125 2780] [2780 2260 1905 2025 2125 1940 2160 2790]
COM3 0 54
3
[2900 2795 2945 2930 2825 2695 3060 2550] [3105 2785 2210 2145 2405 2195 2260 2565]
[2905 2925 2825 2845 2800 2825 2860 2625] [2955 2505 2290 2050 2120 2195 2150 2285]
[2680 2890 2920 2775 2775 2875 2875 2655] [2935 2670 2105 2000 2125 1935 2085 2385]
[2995 2925 2985 2890 2960 3000 3005 2695] [2980 2615 2205 2050 1970 2010 2090 2200]
[2935 2950 2945 2715 3000 2960 3145 2640] [2785 2410 2125 1940 2010 1840 2235 2340]
[2935 2940 2930 3010 2970 3065 2940 2635] [2880 2320 2045 2115 2055 1975 2190 2525]
[2945 2985 2950 2925 2985 2900 3030 2680] [2595 2330 2185 1765 1975 2095 2300 2695]
[3100 3060 2925 3075 2890 3020 2895 2360] [2780 2260 1905 2025 2125 1940 2160 2790]
COM8 1 55
3
[2900 2795 2945 2930 2825 2695 3060 2550] [2655 2655 2235 2245 2455 2415 2200 2545]
[2905 2925 2825 2845 2800 2825 2860 2625] [2995 2500 2350 2045 2015 2225 2200 2360]
[2680 2890 2920 2775 2775 2875 2875 2655] [2925 2490 2165 2060 2210 2055 2290 2390]
[2995 2925 2985 2890 2960 3000 3005 2695] [2740 2615 2335 1960 2070 1945 2135 2390]
[2935 2950 2945 2715 3000 2960 3145 2640] [2970 2515 2190 1865 1935 2030 2175 2490]
[2935 2940 2930 3010 2970 3065 2940 2635] [2580 2470 2220 2065 2045 2115 2280 2510]
[2945 2985 2950 2925 2985 2900 3030 2680] [2715 2375 2150 2045 1965 2060 2350 2535]
[3100 3060 2925 3075 2890 3020 2895 2360] [2875 2570 2230 2210 2215 2050 2320 2755]
COM3 0 56
3
[3000 2965 2915 2975 3050 2885 3055 2585] [2655 2655 2235 2245 2455 2415 2200 2545]
[3200 3130 3035 3085 2945 2930 2990 2735] [2995 2500 2350 2045 2015 2225 2200 2360]
[3075 3000 3000 2975 3070 3015 3045 2725] [2925 2490 2165 2060 2210 2055 2290 2390]
[3215 3075 3200 2995 3025 3080 3000 2580] [2740 2615 2335 1960 2070 1945 2135 2390]
[3050 3050 3185 3090 3175 2940 3135 2850] [2970 2515 2190 1865 1935 2030 2175 2490]
[3065 3210 3195 3125 2885 3145 2975 2600] [2580 2470 2220 2065 2045 2115 2280 2510]
[3115 3040 3075 3140 2990 3075 2995 2815] [2715 2375 2150 2045 1965 2060 2350 2535]
[3205 3445 2915 2990 3030 3100 2995 2665] [2875 2570 2230 2210 2215 2050 2320 2755]
COM8 1 57
3
[3000 2965 2915 2975 3050 2885 3055 2585] [2790 2705 2110 2245 2315 2200 2275 2600]
[3200 3130 3035 3085 2945 2930 2990 2735] [3025 2745 2240 2035 1980 2215 2140 2410]
[3075 3000 3000 2975 3070 3015 3045 2725] [2940 2645 2255 2010 2205 2000 2145 2325]
[3215 3075 3200 2995 3025 3080 3000 2580] [2710 2585 2340 2135 2005 2000 2180 2315]
[3050 3050 3185 3090 3175 2940 3135 2850] [2860 2585 2125 1955 2070 1945 2185 2510]
[3065 3210 3195 3125 2885 3145 2975 2600] [2885 2470 2065 2205 1935 2065 2200 2510]
[3115 3040 3075 3140 2990 3075 2995 2815] [2830 2550 2245 2150 1945 1960 2070 2515]
[3205 3445 2915 2990 3030 3100 2995 2665] [2560 2620 2285 2220 2070 2050 2080 2605]
COM3 0 58
3
[2835 2800 2685 2975 2795 2780 2940 2535] [2790 2705 2110 2245 2315 2200 2275 2600]
[2935 2825 2775 2940 2815 2985 2780 2765] [3025 2745 2240 2035 1980 2215 2140 2410]
[2670 2815 2865 2910 2875 2750 2980 2500] [2940 2645 2255 2010 2205 2000 2145 2325]
[3040 2865 2950 2775 3000 2845 2985 2660] [2710 2585 2340 2135 2005 2000 2180 2315]
[3055 2995 2775 2970 2925 3050 3160 2740] [2860 2585 2125 1955 2070 1945 2185 2510]
[2820 3115 3000 2950 3015 3050 3055 2570] [2885 2470 2065 2205 1935 2065 2200 2510]
[2850 2960 2875 2825 2875 2950 2815 2525] [2830 2550 2245 2150 1945 1960 2070 2515]
[2925 2845 2975 3010 3000 3030 2795 2415] [2560 2620 2285 2220 2070 2050 2080 2605]
COM8 1 59
3
[2835 2800 2685 2975 2795 2780 2940 2535] [3490 2745 2535 2345 2470 2325 2295 2730]
[2935 2825 2775 2940 2815 2985 2780 2765] [3340 2625 2410 2255 2300 2320 2400 2420]
[2670 2815 2865 2910 2875 2750 2980 2500] [3100 2805 2385 2210 2130 2120 2240 2465]
[3040 2865 2950 2775 3000 2845 2985 2660] [3325 2820 2355 2215 2125 2185 2370 2455]
[3055 2995 2775 2970 2925 3050 3160 2740] [3195 2740 2265 2095 2080 2240 2335 2555]
[2820 3115 3000 2950 3015 3050 3055 2570] [3030 2745 2465 2295 2165 2195 2290 2500]
[2850 2960 2875 2825 2875 2950 2815 2525] [3035 2635 2350 2305 2150 2195 2270 2720]
[2925 2845 2975 3010 3000 3030 2795 2415] [3065 2750 2395 2360 2310 2205 2510 2670]
COM3 0 60
3
[3140 2935 2935 2930 2980 2975 2940 2550] [3490 2745 2535 2345 2470 2325 2295 2730]
[3165 3160 2960 3110 2955 2960 2855 2595] [3340 2625 2410 2255 2300 2320 2400 2420]
[2950 2865 3160 3020 2980 3005 2920 2690] [3100 2805 2385 2210 2130 2120 2240 2465]
[3145 2970 3205 3065 3070 3065 2830 2505] [3325 2820 2355 2215 2125 2185 2370 2455]
[3210 3055 3090 3050 3195 3050 2970 2695] [3195 2740 2265 2095 2080 2240 2335 2555]
[3065 3210 3155 3195 2910 3020 2990 2590] [3030 2745 2465 2295 2165 2195 2290 2500]
[3150 3035 3125 3315 3095 3180 2880 2690] [3035 2635 2350 2305 2150 2195 2270 2720]
[3075 3065 3210 3050 3110 3130 3115 2820] [3065 2750 2395 2360 2310 2205 2510 2670]
COM8 1 61
3
[3140 2935 2935 2930 2980 2975 2940 2550] [3005 2570 2390 2185 2430 2155 2305 2635]
[3165 3160 2960 3110 2955 2960 2855 2595] [3100 2400 2255 2130 2000 2135 2225 2520]
[2950 2865 3160 3020 2980 3005 2920 2690] [3095 2470 2310 2010 2120 1970 2160 2350]
[3145 2970 3205 3065 3070 3065 2830 2505] [2690 2460 2170 1960 1970 2025 2140 2255]
[3210 3055 3090 3050 3195 3050 2970 2695] [2690 2360 2125 1885 2000 2060 2215 2450]
[3065 3210 3155 3195 2910 3020 2990 2590] [2740 2420 2120 2075 1980 2045 2205 2640]
[3150 3035 3125 3315 3095 3180 2880 2690] [2920 2500 2215 2055 2020 2040 2190 2695]
[3075 3065 3210 3050 3110 3130 3115 2820] [3050 2465 2335 2320 1905 1975 2450 2535]
COM3 0 62
3
[2910 2690 2685 2905 2780 2715 2915 2580] [3005 2570 2390 2185 2430 2155 2305 2635]
[2975 3005 2585 2975 2830 3020 2805 2570] [3100 2400 2255 2130 2000 2135 2225 2520]
[2655 3030 2925 2975 2720 2755 2920 2650] [3095 2470 2310 2010 2120 1970 2160 2350]
[3030 2900 2805 2900 2945 2945 2960 2570] [2690 2460 2170 1960 1970 2025 2140 2255]
[3020 2965 2915 2970 2935 2750 3005 2625] [2690 2360 2125 1885 2000 2060 2215 2450]
[2810 3000 2945 3010 2880 2995 3025 2615] [2740 2420 2120 2075 1980 2045 2205 2640]
[3040 3120 2810 3030 2905 3085 2850 2520] [2920 2500 2215 2055 2020 2040 2190 2695]
[3090 2955 2695 3010 3000 3015 2955 2570] [3050 2465 2335 2320 1905 1975 2450 2535]
COM8 1 63
3
[2910 2690 2685 2905 2780 2715 2915 2580] [2810 2720 2325 2250 2250 2305 2380 2540]
[2975 3005 2585 2975 2830 3020 2805 2570] [3025 2600 2360 2100 2060 2330 2220 2380]
[2655 3030 2925 2975 2720 2755 2920 2650] [2940 2535 2340 2110 2185 1985 2160 2315]
[3030 2900 2805 2900 2945 2945 2960 2570] [2915 2620 2265 2220 2135 2045 2105 2280]
[3020 2965 2915 2970 2935 2750 3005 2625] [2855 2500 2120 1950 2025 1985 2255 2560]
[2810 3000 2945 3010 2880 2995 3025 2615] [2845 2500 2145 2285 2070 2120 2255 2535]
[3040 3120 2810 3030 2905 3085 2850 2520] [2685 2665 2245 2155 2100 2055 2220 2595]
[3090 2955 2695 3010 3000 3015 2955 2570] [2870 2470 2300 2265 2070 2145 2535 2575]
COM3 0 64
3
[3160 2925 2975 3020 3015 3050 2965 2565] [2810 2720 2325 2250 2250 2305 2380 2540]
[3125 3135 3010 3115 2980 3115 2845 2625] [3025 2600 2360 2100 2060 2330 2220 2380]
[2900 2960 3015 3080 3065 3010 2895 2715] [2940 2535 2340 2110 2185 1985 2160 2315]
[3020 3125 3205 3005 3085 3040 3030 2520] [2915 2620 2265 2220 2135 2045 2105 2280]
[3115 3165 3235 3065 3125 3050 3025 2880] [2855 2500 2120 1950 2025 1985 2255 2560]
[3145 3140 3110 3115 3115 3130 3210 2740] [2845 2500 2145 2285 2070 2120 2255 2535]
[3115 3100 3265 3170 3145 3275 2855 2570] [2685 2665 2245 2155 2100 2055 2220 2595]
[3130 3125 3080 3305 3105 2980 3205 2590] [2870 2470 2300 2265 2070 2145 2535 2575]
COM8 1 65
3
[3160 2925 2975 3020 3015 3050 2965 2565] [2820 2535 2245 2025 2465 2310 2275 2585]
[3125 3135 3010 3115 2980 3115 2845 2625] [2755 2390 2030 2025 2080 2075 2115 2320]
[2900 2960 3015 3080 3065 3010 2895 2715] [2840 2530 2130 2070 2055 1920 2115 2370]
[3020 3125 3205 3005 3085 3040 3030 2520] [2715 2480 2105 1870 1990 1945 2125 2320]
[3115 3165 3235 3065 3125 3050 3025 2880] [2610 2335 2165 1970 1935 1945 2105 2390]
[3145 3140 3110 3115 3115 3130 3210 2740] [2665 2365 2075 2105 2060 1870 2180 2380]
[3115 3100 3265 3170 3145 3275 2855 2570] [2670 2430 2135 1985 2045 1900 2175 2510]
[3130 3125 3080 3305 3105 2980 3205 2590] [2775 2350 2270 2240 1820 2035 2160 2550]