COM3 0 6
3
[2645 2590 2745 2685 2765 2715 2800 2825] [3055 2710 2420 2045 2055 2155 1950 2185]
[2790 2930 2715 2855 2720 2650 2835 2780] [3200 2840 2375 1935 1865 1985 1955 1920]
[2425 2745 2705 2595 2625 2670 2755 2805] [2905 2815 2280 1935 1925 1945 1815 1895]
[2485 2735 2795 2645 2785 2615 2710 2840] [2930 2795 2305 1945 1760 1700 1865 1780]
[2605 2760 2825 2745 2940 2815 2990 2910] [2925 2640 2370 1940 1820 1985 1925 1935]
[2695 2845 2710 2670 2615 2945 3010 2765] [3040 2700 2345 2040 1855 1915 1955 1945]
[2610 2765 2680 3000 2865 2910 2735 2890] [3100 2960 2290 1855 2015 1795 1855 2095]
[2745 3040 2800 2875 2875 2950 3205 3140] [2915 2720 2305 1990 1860 1825 1985 1955]
COM8 1 7
3
[2645 2590 2745 2685 2765 2715 2800 2825] [3165 3000 2460 2135 2165 2150 2145 2190]
[2790 2930 2715 2855 2720 2650 2835 2780] [3155 2950 2415 2075 1980 2045 2055 1920]
[2425 2745 2705 2595 2625 2670 2755 2805] [3135 2745 2315 2135 2090 1910 1930 1940]
[2485 2735 2795 2645 2785 2615 2710 2840] [3225 2735 2220 2085 1875 1955 2000 1980]
[2605 2760 2825 2745 2940 2815 2990 2910] [3185 2710 2275 1970 1885 1855 2000 2030]
[2695 2845 2710 2670 2615 2945 3010 2765] [2950 2675 2315 2225 1920 1905 2000 2050]
[2610 2765 2680 3000 2865 2910 2735 2890] [2840 2640 2425 1930 1865 2085 2075 2025]
[2745 3040 2800 2875 2875 2950 3205 3140] [3285 2695 2415 2205 1885 1905 1975 2015]
COM3 0 8
3
[2700 2670 2755 2810 2730 2655 3035 2985] [3165 3000 2460 2135 2165 2150 2145 2190]
[2865 2825 2725 2770 2685 2910 2750 2595] [3155 2950 2415 2075 1980 2045 2055 1920]
[2655 2810 2975 2845 2740 2770 3005 2845] [3135 2745 2315 2135 2090 1910 1930 1940]
[2780 2925 2755 2790 2895 2970 2745 2960] [3225 2735 2220 2085 1875 1955 2000 1980]
[2925 2815 2535 2765 3005 2805 2890 3040] [3185 2710 2275 1970 1885 1855 2000 2030]
[2940 2905 3015 2820 2810 2775 3145 3070] [2950 2675 2315 2225 1920 1905 2000 2050]
[2685 2850 2700 2910 2880 2905 2805 3040] [2840 2640 2425 1930 1865 2085 2075 2025]
[3035 2735 3060 3310 2735 2935 3170 2990] [3285 2695 2415 2205 1885 1905 1975 2015]
COM8 1 9
3
[2700 2670 2755 2810 2730 2655 3035 2985] [3310 2765 2380 2245 2155 2265 2080 2340]
[2865 2825 2725 2770 2685 2910 2750 2595] [3205 2850 2480 2115 2000 2125 1990 1860]
[2655 2810 2975 2845 2740 2770 3005 2845] [3135 2845 2390 2045 2110 1910 1970 1960]
[2780 2925 2755 2790 2895 2970 2745 2960] [3355 3040 2470 2050 1905 1960 1965 1880]
[2925 2815 2535 2765 3005 2805 2890 3040] [3250 2765 2370 1920 1935 1905 1915 2075]
[2940 2905 3015 2820 2810 2775 3145 3070] [3105 2780 2230 2170 1940 1890 2055 2255]
[2685 2850 2700 2910 2880 2905 2805 3040] [3350 2830 2485 2075 1895 1945 1915 2100]
[3035 2735 3060 3310 2735 2935 3170 2990] [3155 2705 2440 2120 2005 1770 2045 2045]
COM3 0 10
3
[2825 2605 2805 2965 2800 2680 2940 2695] [3310 2765 2380 2245 2155 2265 2080 2340]
[2965 2780 2710 2765 2740 2785 2825 2700] [3205 2850 2480 2115 2000 2125 1990 1860]
[2710 2795 2705 2770 2820 2875 2900 2830] [3135 2845 2390 2045 2110 1910 1970 1960]
[3020 2835 3025 2850 2975 3000 2850 2810] [3355 3040 2470 2050 1905 1960 1965 1880]
[2930 2815 2800 2830 2885 2815 2805 2750] [3250 2765 2370 1920 1935 1905 1915 2075]
[2855 2915 2770 2775 2830 2890 2855 2750] [3105 2780 2230 2170 1940 1890 2055 2255]
[2760 2850 2950 2915 2815 2960 2795 3020] [3350 2830 2485 2075 1895 1945 1915 2100]
[2770 2830 3165 2875 2885 2935 2995 2905] [3155 2705 2440 2120 2005 1770 2045 2045]
COM8 1 11
3
[2825 2605 2805 2965 2800 2680 2940 2695] [3180 2945 2440 2010 2205 2215 2275 2100]
[2965 2780 2710 2765 2740 2785 2825 2700] [3200 2675 2465 2100 2010 2085 2035 1980]
[2710 2795 2705 2770 2820 2875 2900 2830] [3265 2740 2435 2065 1965 1970 1935 1995]
[3020 2835 3025 2850 2975 3000 2850 2810] [3145 2780 2350 1925 2025 1830 1965 1980]
[2930 2815 2800 2830 2885 2815 2805 2750] [3170 2955 2320 1940 1800 1905 1915 2030]
[2855 2915 2770 2775 2830 2890 2855 2750] [3040 2800 2380 2135 1885 1835 1960 1895]
[2760 2850 2950 2915 2815 2960 2795 3020] [3310 2825 2285 2040 1860 1900 1980 2250]
[2770 2830 3165 2875 2885 2935 2995 2905] [3235 3025 2335 2245 1995 1885 2010 2180]
COM3 0 12
3
[2965 2800 2875 3060 3095 3065 2925 2845] [3180 2945 2440 2010 2205 2215 2275 2100]
[3135 3100 2895 3070 3050 2935 2955 2865] [3200 2675 2465 2100 2010 2085 2035 1980]
[2900 3070 3110 3040 2990 3075 2980 2835] [3265 2740 2435 2065 1965 1970 1935 1995]
[3030 2895 3160 2955 3105 3080 2970 2790] [3145 2780 2350 1925 2025 1830 1965 1980]
[3350 3055 3125 2925 3070 2840 3105 3040] [3170 2955 2320 1940 1800 1905 1915 2030]
[2995 3245 3305 3255 3055 3155 3135 2695] [3040 2800 2380 2135 1885 1835 1960 1895]
[3160 3045 3095 3240 3295 3200 2995 2680] [3310 2825 2285 2040 1860 1900 1980 2250]
[3320 2805 3120 3200 3110 3240 2915 3055] [3235 3025 2335 2245 1995 1885 2010 2180]
COM8 1 13
3
[2965 2800 2875 3060 3095 3065 2925 2845] [3105 2865 2515 2170 2305 2090 2110 2210]
[3135 3100 2895 3070 3050 2935 2955 2865] [3085 2770 2220 2115 1905 2150 2120 2020]
[2900 3070 3110 3040 2990 3075 2980 2835] [3195 2975 2340 2165 2190 1950 1975 1880]
[3030 2895 3160 2955 3105 3080 2970 2790] [3215 2760 2450 2050 1900 1775 2075 1880]
[3350 3055 3125 2925 3070 2840 3105 3040] [3210 2765 2395 1980 1935 1895 1960 1990]
[2995 3245 3305 3255 3055 3155 3135 2695] [3240 2825 2400 2040 1880 1940 1945 2085]
[3160 3045 3095 3240 3295 3200 2995 2680] [3100 2635 2490 1990 1960 1935 2020 2155]
[3320 2805 3120 3200 3110 3240 2915 3055] [3065 2955 2515 2245 1965 1855 2080 2100]
COM3 0 14
3
[2910 2815 2720 2660 2910 2745 2945 2765] [3105 2865 2515 2170 2305 2090 2110 2210]
[3020 3050 2720 3025 2835 3005 3055 2965] [3085 2770 2220 2115 1905 2150 2120 2020]
[2890 2905 2900 3040 2775 2940 2810 2930] [3195 2975 2340 2165 2190 1950 1975 1880]
[3100 2840 3155 2895 3065 3010 2955 2915] [3215 2760 2450 2050 1900 1775 2075 1880]
[3160 2710 2900 2825 3005 2970 3045 2915] [3210 2765 2395 1980 1935 1895 1960 1990]
[2830 2950 3095 2955 2795 2915 3255 3050] [3240 2825 2400 2040 1880 1940 1945 2085]
[2845 3020 3105 2840 2890 3170 2795 2905] [3100 2635 2490 1990 1960 1935 2020 2155]
[3190 2890 3240 3050 2925 3075 3175 3090] [3065 2955 2515 2245 1965 1855 2080 2100]
COM8 1 15
3
[2910 2815 2720 2660 2910 2745 2945 2765] [3085 2865 2555 2035 2275 2220 2260 2210]
[3020 3050 2720 3025 2835 3005 3055 2965] [3490 2950 2580 2160 1980 2140 2110 1995]
[2890 2905 2900 3040 2775 2940 2810 2930] [3195 2980 2350 2080 2130 1865 1985 2055]
[3100 2840 3155 2895 3065 3010 2955 2915] [3265 2910 2485 2080 1920 1805 2015 1985]
[3160 2710 2900 2825 3005 2970 3045 2915] [3215 2850 2480 1965 1950 2055 2000 2085]
[2830 2950 3095 2955 2795 2915 3255 3050] [3060 2665 2305 2025 2000 1890 1965 2045]
[2845 3020 3105 2840 2890 3170 2795 2905] [3110 2750 2365 2000 2060 2035 1950 2060]
[3190 2890 3240 3050 2925 3075 3175 3090] [3260 2780 2365 2260 1965 1940 1970 2295]
COM3 0 16
3
[2910 2805 2865 2930 2920 2900 2885 2895] [3085 2865 2555 2035 2275 2220 2260 2210]
[3040 3050 2890 3050 3050 2945 2985 3025] [3490 2950 2580 2160 1980 2140 2110 1995]
[2815 2960 3170 2980 2910 2985 2735 3005] [3195 2980 2350 2080 2130 1865 1985 2055]
[3030 2885 3085 2840 2965 3180 2885 2885] [3265 2910 2485 2080 1920 1805 2015 1985]
[3150 2955 3010 2970 2875 2885 3050 3040] [3215 2850 2480 1965 1950 2055 2000 2085]
[2945 3110 3090 3225 2940 2955 2965 2865] [3060 2665 2305 2025 2000 1890 1965 2045]
[3110 3010 3100 3205 2990 2915 2875 2865] [3110 2750 2365 2000 2060 2035 1950 2060]
[3155 3005 3160 2945 2925 2950 3025 2885] [3260 2780 2365 2260 1965 1940 1970 2295]
COM8 1 17
3
[2910 2805 2865 2930 2920 2900 2885 2895] [3080 2830 2450 2145 2185 2095 2075 2135]
[3040 3050 2890 3050 3050 2945 2985 3025] [3075 2765 2515 2020 1955 2110 2000 2010]
[2815 2960 3170 2980 2910 2985 2735 3005] [3000 2745 2380 2025 1985 2000 1925 1980]
[3030 2885 3085 2840 2965 3180 2885 2885] [3165 2785 2315 1995 1885 1895 2035 1980]
[3150 2955 3010 2970 2875 2885 3050 3040] [2965 2775 2265 1845 1935 1840 2055 2050]
[2945 3110 3090 3225 2940 2955 2965 2865] [2950 2735 2280 2045 1905 1925 2040 1980]
[3110 3010 3100 3205 2990 2915 2875 2865] [2960 2720 2305 1965 1940 1945 1900 1990]
[3155 3005 3160 2945 2925 2950 3025 2885] [3320 2925 2545 2180 2000 1865 1985 2005]
COM3 0 18
3
[2855 2965 2795 2830 2640 2720 2950 2765] [3080 2830 2450 2145 2185 2095 2075 2135]
[2990 2995 2885 2880 3025 2945 2960 2695] [3075 2765 2515 2020 1955 2110 2000 2010]
[2795 2960 3000 2925 2685 2920 2900 2845] [3000 2745 2380 2025 1985 2000 1925 1980]
[2780 3085 2900 2910 3105 2875 2925 2965] [3165 2785 2315 1995 1885 1895 2035 1980]
[3050 2840 2950 2880 2995 3095 2925 2980] [2965 2775 2265 1845 1935 1840 2055 2050]
[2995 3020 3160 2700 2990 2850 3140 2790] [2950 2735 2280 2045 1905 1925 2040 1980]
[2960 2850 2945 3110 2915 2900 2840 2750] [2960 2720 2305 1965 1940 1945 1900 1990]
[3085 2990 3040 3035 2925 3005 3010 2970] [3320 2925 2545 2180 2000 1865 1985 2005]
COM8 1 19
3
[2855 2965 2795 2830 2640 2720 2950 2765] [3225 2845 2545 2200 2370 2300 2355 2365]
[2990 2995 2885 2880 3025 2945 2960 2695] [3205 2865 2470 2220 2165 2160 2190 2020]
[2795 2960 3000 2925 2685 2920 2900 2845] [3000 2950 2430 2205 2240 2070 2160 1995]
[2780 3085 2900 2910 3105 2875 2925 2965] [2915 2820 2465 2045 2075 1960 2010 2145]
[3050 2840 2950 2880 2995 3095 2925 2980] [2995 2880 2490 2095 2060 2030 2160 2130]
[2995 3020 3160 2700 2990 2850 3140 2790] [2950 2780 2425 2220 2160 2235 2105 2195]
[2960 2850 2945 3110 2915 2900 2840 2750] [3195 2955 2395 2095 2060 2230 2045 2195]
[3085 2990 3040 3035 2925 3005 3010 2970] [3285 2855 2560 2155 2085 2095 2010 2380]
COM3 0 20
3
[2810 2900 2750 2970 2895 2735 2915 2805] [3225 2845 2545 2200 2370 2300 2355 2365]
[2950 3060 2955 3035 2870 2945 3060 2730] [3205 2865 2470 2220 2165 2160 2190 2020]
[2895 2870 3005 2765 2730 3005 2805 2960] [3000 2950 2430 2205 2240 2070 2160 1995]
[2995 3050 3020 2950 2990 3015 2915 2655] [2915 2820 2465 2045 2075 1960 2010 2145]
[3090 2825 3105 3080 3090 2885 2970 2935] [2995 2880 2490 2095 2060 2030 2160 2130]
[3100 3215 3025 2970 2985 3045 3045 2850] [2950 2780 2425 2220 2160 2235 2105 2195]
[2980 2945 3000 3135 3000 2965 2880 2805] [3195 2955 2395 2095 2060 2230 2045 2195]
[2905 3335 2940 3100 2950 2930 3180 3050] [3285 2855 2560 2155 2085 2095 2010 2380]
COM8 1 21
3
[2810 2900 2750 2970 2895 2735 2915 2805] [3115 2970 2675 2045 2350 2290 2275 2255]
[2950 3060 2955 3035 2870 2945 3060 2730] [2985 2765 2595 2195 2080 2125 2215 2050]
[2895 2870 3005 2765 2730 3005 2805 2960] [3440 2890 2355 2065 2000 1960 2160 1995]
[2995 3050 3020 2950 2990 3015 2915 2655] [3340 2760 2380 2025 1985 1975 1970 2050]
[3090 2825 3105 3080 3090 2885 2970 2935] [3325 2900 2355 2050 2050 1955 2060 2080]
[3100 3215 3025 2970 2985 3045 3045 2850] [3230 2845 2405 2065 2030 1995 2015 2175]
[2980 2945 3000 3135 3000 2965 2880 2805] [3300 2740 2460 2150 2160 1980 1980 2120]
[2905 3335 2940 3100 2950 2930 3180 3050] [3370 2715 2520 2380 1985 2000 2080 2005]
COM3 0 22
3
[2895 2695 2790 2885 2885 2745 2835 2935] [3115 2970 2675 2045 2350 2290 2275 2255]
[2965 3100 2845 2840 2910 2860 2960 2850] [2985 2765 2595 2195 2080 2125 2215 2050]
[2615 2950 3000 2925 2915 2920 2905 3010] [3440 2890 2355 2065 2000 1960 2160 1995]
[3020 2775 3120 2955 3125 2820 2795 2935] [3340 2760 2380 2025 1985 1975 1970 2050]
[3225 2945 2970 2805 2995 2890 3095 2880] [3325 2900 2355 2050 2050 1955 2060 2080]
[2995 2915 2990 3075 2975 3010 2810 2800] [3230 2845 2405 2065 2030 1995 2015 2175]
[2675 3010 2750 3060 3095 2960 3135 2925] [3300 2740 2460 2150 2160 1980 1980 2120]
[3210 2875 2885 3105 2685 3020 3030 2800] [3370 2715 2520 2380 1985 2000 2080 2005]
COM8 1 23
3
[2895 2695 2790 2885 2885 2745 2835 2935] [3075 2870 2405 2050 2370 2150 2195 2270]
[2965 3100 2845 2840 2910 2860 2960 2850] [3200 3040 2580 2160 1885 2110 2050 1870]
[2615 2950 3000 2925 2915 2920 2905 3010] [3110 2650 2355 1935 2120 1745 1865 1960]
[3020 2775 3120 2955 3125 2820 2795 2935] [3200 2895 2430 2105 1885 1905 1895 1985]
[3225 2945 2970 2805 2995 2890 3095 2880] [3025 2700 2405 1935 1895 1960 2025 2055]
[2995 2915 2990 3075 2975 3010 2810 2800] [3190 2720 2175 2235 1935 1955 2055 2035]
[2675 3010 2750 3060 3095 2960 3135 2925] [3175 2715 2310 1845 1885 1925 2045 2130]
[3210 2875 2885 3105 2685 3020 3030 2800] [2940 2700 2385 2115 1915 2020 2020 2170]
COM3 0 24
3
[2845 2760 2975 2905 2920 2880 3015 2700] [3075 2870 2405 2050 2370 2150 2195 2270]
[2955 2885 3000 2825 3015 2925 2820 2705] [3200 3040 2580 2160 1885 2110 2050 1870]
[2905 2875 2995 2925 2840 2845 3040 2910] [3110 2650 2355 1935 2120 1745 1865 1960]
[3030 3090 3025 2805 2960 2810 2920 2815] [3200 2895 2430 2105 1885 1905 1895 1985]
[2940 3010 3015 2855 2905 2875 3065 2915] [3025 2700 2405 1935 1895 1960 2025 2055]
[3050 3020 3075 3025 2940 3125 2965 2770] [3190 2720 2175 2235 1935 1955 2055 2035]
[3180 2945 2960 3235 2985 2875 2865 2995] [3175 2715 2310 1845 1885 1925 2045 2130]
[3240 3050 2945 3140 2890 2910 3085 2905] [2940 2700 2385 2115 1915 2020 2020 2170]
COM8 1 25
3
[2845 2760 2975 2905 2920 2880 3015 2700] [3435 3155 2880 2630 2580 2590 2490 2450]
[2955 2885 3000 2825 3015 2925 2820 2705] [3400 3170 2885 2420 2250 2450 2480 2270]
[2905 2875 2995 2925 2840 2845 3040 2910] [3425 3380 2795 2460 2365 2180 2355 2240]
[3030 3090 3025 2805 2960 2810 2920 2815] [3530 3485 2745 2495 2360 2290 2300 2360]
[2940 3010 3015 2855 2905 2875 3065 2915] [3595 3335 2710 2410 2330 2345 2200 2400]
[3050 3020 3075 3025 2940 3125 2965 2770] [3580 3190 2825 2550 2320 2435 2365 2265]
[3180 2945 2960 3235 2985 2875 2865 2995] [3555 3035 2805 2530 2240 2390 2320 2415]
[3240 3050 2945 3140 2890 2910 3085 2905] [3655 3195 2805 2575 2355 2385 2340 2385]
COM3 0 26
3
[2800 2940 2710 2820 2710 2655 2780 2695] [3435 3155 2880 2630 2580 2590 2490 2450]
[2950 2995 2790 2695 2840 2900 2890 2820] [3400 3170 2885 2420 2250 2450 2480 2270]
[2655 2945 2815 2850 2850 2770 2795 2785] [3425 3380 2795 2460 2365 2180 2355 2240]
[2930 2770 2925 2805 2915 2850 2855 2765] [3530 3485 2745 2495 2360 2290 2300 2360]
[2875 2830 3080 2905 2900 2840 3215 2935] [3595 3335 2710 2410 2330 2345 2200 2400]
[3080 3225 2990 3145 2820 2955 3170 2890] [3580 3190 2825 2550 2320 2435 2365 2265]
[3165 2925 2950 3040 2890 2850 2795 2825] [3555 3035 2805 2530 2240 2390 2320 2415]
[3085 3045 2945 2860 3010 3075 3160 2875] [3655 3195 2805 2575 2355 2385 2340 2385]
COM8 1 27
3
[2800 2940 2710 2820 2710 2655 2780 2695] [3300 2840 2590 2185 2205 2155 2145 2290]
[2950 2995 2790 2695 2840 2900 2890 2820] [3535 2765 2330 2020 1930 2085 2020 2060]
[2655 2945 2815 2850 2850 2770 2795 2785] [3170 3140 2340 1945 2080 2070 1920 1975]
[2930 2770 2925 2805 2915 2850 2855 2765] [3135 3080 2335 2030 2010 1955 2005 1930]
[2875 2830 3080 2905 2900 2840 3215 2935] [3295 2710 2320 1865 1865 1860 1960 2020]
[3080 3225 2990 3145 2820 2955 3170 2890] [3125 2860 2530 2100 1870 1935 1960 2225]
[3165 2925 2950 3040 2890 2850 2795 2825] [3245 2920 2445 2010 1915 1995 2050 2245]
[3085 3045 2945 2860 3010 3075 3160 2875] [3255 2975 2390 2350 2075 2025 2030 2030]
COM3 0 28
3
[3055 2665 2715 2725 2915 2880 2780 2980] [3300 2840 2590 2185 2205 2155 2145 2290]
[3020 2960 2790 2825 2865 2750 2895 2920] [3535 2765 2330 2020 1930 2085 2020 2060]
[2720 2765 2990 2750 2980 2905 2980 2960] [3170 3140 2340 1945 2080 2070 1920 1975]
[3035 2940 3015 2995 2915 2970 3080 2895] [3135 3080 2335 2030 2010 1955 2005 1930]
[3020 2955 2915 2735 3015 2945 2970 2905] [3295 2710 2320 1865 1865 1860 1960 2020]
[3080 2860 3090 2960 2890 3095 3020 2880] [3125 2860 2530 2100 1870 1935 1960 2225]
[2765 3035 2995 3030 2890 3170 2630 2940] [3245 2920 2445 2010 1915 1995 2050 2245]
[3070 2975 3205 3095 3180 2885 3085 3045] [3255 2975 2390 2350 2075 2025 2030 2030]
COM8 1 29
3
[3055 2665 2715 2725 2915 2880 2780 2980] [3250 3025 2325 2080 2255 2225 2220 2185]
[3020 2960 2790 2825 2865 2750 2895 2920] [3370 2890 2420 2080 1995 2085 2155 1925]
[2720 2765 2990 2750 2980 2905 2980 2960] [3075 2885 2410 2025 1980 1930 1975 2065]
[3035 2940 3015 2995 2915 2970 3080 2895] [3240 2870 2305 2050 1895 1920 1970 1920]
[3020 2955 2915 2735 3015 2945 2970 2905] [3275 2925 2225 1860 1980 1900 2040 2035]
[3080 2860 3090 2960 2890 3095 3020 2880] [3065 2715 2365 2105 1975 1925 2060 2025]
[2765 3035 2995 3030 2890 3170 2630 2940] [2985 2830 2280 2035 1995 1945 1990 2025]
[3070 2975 3205 3095 3180 2885 3085 3045] [2850 2710 2385 2140 1960 1865 1990 1995]
COM3 0 30
3
[2810 2850 2810 2915 2870 2770 2770 2795] [3250 3025 2325 2080 2255 2225 2220 2185]
[2975 2850 2920 2775 2845 2910 2735 2885] [3370 2890 2420 2080 1995 2085 2155 1925]
[2690 2895 3005 2800 2895 2810 2770 2950] [3075 2885 2410 2025 1980 1930 1975 2065]
[2715 2960 2925 2845 2875 3070 2975 2760] [3240 2870 2305 2050 1895 1920 1970 1920]
[2765 2880 2825 2835 2910 2990 3065 3000] [3275 2925 2225 1860 1980 1900 2040 2035]
[2790 3025 3170 2940 2805 2915 2990 2935] [3065 2715 2365 2105 1975 1925 2060 2025]
[3015 3045 3145 3120 2780 2855 2725 2910] [2985 2830 2280 2035 1995 1945 1990 2025]
[3090 3080 3100 3050 2890 2950 3265 2910] [2850 2710 2385 2140 1960 1865 1990 1995]
COM8 1 31
3
[2810 2850 2810 2915 2870 2770 2770 2795] [3065 2805 2540 2240 2105 2195 2075 2240]
[2975 2850 2920 2775 2845 2910 2735 2885] [3085 2855 2445 2165 2015 2075 2080 2190]
[2690 2895 3005 2800 2895 2810 2770 2950] [3250 2640 2350 2035 2135 1960 1975 1955]
[2715 2960 2925 2845 2875 3070 2975 2760] [3150 2620 2480 2020 1950 1945 1955 2025]
[2765 2880 2825 2835 2910 2990 3065 3000] [3235 2950 2295 1935 1980 1975 2000 2115]
[2790 3025 3170 2940 2805 2915 2990 2935] [2735 2620 2240 2150 2035 2100 2085 2110]
[3015 3045 3145 3120 2780 2855 2725 2910] [2955 2815 2490 2095 2025 1935 2045 2175]
[3090 3080 3100 3050 2890 2950 3265 2910] [3125 2875 2430 2220 2000 1895 2105 2060]
COM3 0 32
3
[2935 2815 2890 2870 2910 2720 2820 2735] [3065 2805 2540 2240 2105 2195 2075 2240]
[3025 2985 3030 2940 2910 2875 2965 2890] [3085 2855 2445 2165 2015 2075 2080 2190]
[2840 2905 2850 2900 2815 2940 2905 2950] [3250 2640 2350 2035 2135 1960 1975 1955]
[3030 2945 3065 2830 3110 3085 2840 2785] [3150 2620 2480 2020 1950 1945 1955 2025]
[3145 2875 2975 2920 3065 3000 3095 3180] [3235 2950 2295 1935 1980 1975 2000 2115]
[2975 2965 3075 3020 3070 3010 3105 2955] [2735 2620 2240 2150 2035 2100 2085 2110]
[3135 3215 2950 3050 2870 2860 2985 2875] [2955 2815 2490 2095 2025 1935 2045 2175]
[3110 3020 2695 3120 3335 2950 3025 3125] [3125 2875 2430 2220 2000 1895 2105 2060]
COM8 1 33
3
[2935 2815 2890 2870 2910 2720 2820 2735] [3240 2860 2390 2035 2285 2235 2290 2235]
[3025 2985 3030 2940 2910 2875 2965 2890] [3175 3090 2480 2105 2000 2025 1815 2130]
[2840 2905 2850 2900 2815 2940 2905 2950] [3150 2950 2450 2025 2005 1885 1905 1955]
[3030 2945 3065 2830 3110 3085 2840 2785] [3265 3035 2510 2070 1825 1895 1880 2100]
[3145 2875 2975 2920 3065 3000 3095 3180] [3095 2845 2325 1920 1875 1945 2015 2075]
[2975 2965 3075 3020 3070 3010 3105 2955] [3080 2615 2215 2025 1905 1985 1900 2050]
[3135 3215 2950 3050 2870 2860 2985 2875] [3195 2775 2245 1865 1895 1805 2050 2035]
[3110 3020 2695 3120 3335 2950 3025 3125] [3180 2740 2335 2050 1820 1860 2030 1875]
COM3 0 34
3
[2900 2735 2715 2830 2680 2855 2935 2900] [3240 2860 2390 2035 2285 2235 2290 2235]
[2775 2830 2885 2990 2845 2795 2810 2965] [3175 3090 2480 2105 2000 2025 1815 2130]
[2870 2940 2960 2835 2775 2850 2805 3095] [3150 2950 2450 2025 2005 1885 1905 1955]
[2825 2885 2835 2830 2905 2905 2845 2800] [3265 3035 2510 2070 1825 1895 1880 2100]
[3100 2995 2865 2880 2875 2845 2975 2970] [3095 2845 2325 1920 1875 1945 2015 2075]
[2870 2895 3010 2765 2840 2960 2925 2845] [3080 2615 2215 2025 1905 1985 1900 2050]
[3000 3100 2795 3080 3015 2810 2760 2945] [3195 2775 2245 1865 1895 1805 2050 2035]
[2755 2835 2950 2875 3120 2800 2960 2825] [3180 2740 2335 2050 1820 1860 2030 1875]
COM8 1 35
3
[2900 2735 2715 2830 2680 2855 2935 2900] [3265 2860 2450 2290 2075 2245 2110 2315]
[2775 2830 2885 2990 2845 2795 2810 2965] [3150 2725 2335 2055 1820 2125 2100 1970]
[2870 2940 2960 2835 2775 2850 2805 3095] [3130 2840 2415 1950 2035 1885 1925 2040]
[2825 2885 2835 2830 2905 2905 2845 2800] [3130 2915 2340 2060 1965 1955 1950 1980]
[3100 2995 2865 2880 2875 2845 2975 2970] [3020 2775 2325 1980 1880 1965 2035 2025]
[2870 2895 3010 2765 2840 2960 2925 2845] [2790 2650 2245 2110 1890 1870 1985 2075]
[3000 3100 2795 3080 3015 2810 2760 2945] [3105 2775 2455 2110 1925 1965 2020 2010]
[2755 2835 2950 2875 3120 2800 2960 2825] [3235 2540 2385 2085 1960 1875 2060 1960]
COM3 0 36
3
[3005 2830 2985 2940 3065 2810 2945 2830] [3265 2860 2450 2290 2075 2245 2110 2315]
[3075 3085 2920 3165 3135 3050 3060 2910] [3150 2725 2335 2055 1820 2125 2100 1970]
[2995 2965 3065 3085 3045 2945 2915 2915] [3130 2840 2415 1950 2035 1885 1925 2040]
[3180 3245 3260 3050 3065 3015 3050 2895] [3130 2915 2340 2060 1965 1955 1950 1980]
[3340 3135 3165 3165 3240 3095 3120 3040] [3020 2775 2325 1980 1880 1965 2035 2025]
[3000 3190 3190 3235 3030 3135 3025 2925] [2790 2650 2245 2110 1890 1870 1985 2075]
[3140 3120 3000 3310 3075 3170 2890 3055] [3105 2775 2455 2110 1925 1965 2020 2010]
[3320 3390 3175 3045 3160 3165 3290 3125] [3235 2540 2385 2085 1960 1875 2060 1960]
COM8 1 37
3
[3005 2830 2985 2940 3065 2810 2945 2830] [2795 2495 2010 1875 1995 1955 1860 2050]
[3075 3085 2920 3165 3135 3050 3060 2910] [2710 2640 2135 1820 1740 1895 1770 1935]
[2995 2965 3065 3085 3045 2945 2915 2915] [2740 2485 2025 1875 1740 1740 1750 1820]
[3180 3245 3260 3050 3065 3015 3050 2895] [2755 2475 2070 1705 1580 1670 1765 1780]
[3340 3135 3165 3165 3240 3095 3120 3040] [2680 2270 1935 1635 1680 1665 1795 1880]
[3000 3190 3190 3235 3030 3135 3025 2925] [2640 2330 1830 1805 1610 1720 1750 1655]
[3140 3120 3000 3310 3075 3170 2890 3055] [2555 2355 2050 1695 1565 1735 1700 1980]
[3320 3390 3175 3045 3160 3165 3290 3125] [2705 2425 1965 1965 1695 1630 1675 1875]
COM3 0 38
3
[2950 2680 2945 2865 2990 2880 2935 2870] [2795 2495 2010 1875 1995 1955 1860 2050]
[3120 2975 2810 2895 2920 2895 2730 2755] [2710 2640 2135 1820 1740 1895 1770 1935]
[2790 2965 3005 2790 2735 2920 3035 2810] [2740 2485 2025 1875 1740 1740 1750 1820]
[2805 2805 2775 2895 2835 2925 2870 2810] [2755 2475 2070 1705 1580 1670 1765 1780]
[3015 2875 3025 2775 2970 2950 2950 2910] [2680 2270 1935 1635 1680 1665 1795 1880]
[2935 3025 3100 2965 2840 3110 2925 2905] [2640 2330 1830 1805 1610 1720 1750 1655]
[2815 3045 3185 3040 2880 3040 2995 2935] [2555 2355 2050 1695 1565 1735 1700 1980]
[3240 3050 3015 3105 3070 2930 2995 2845] [2705 2425 1965 1965 1695 1630 1675 1875]
COM8 1 39
3
[2950 2680 2945 2865 2990 2880 2935 2870] [3165 2860 2530 2210 2305 2255 2200 2265]
[3120 2975 2810 2895 2920 2895 2730 2755] [3190 2735 2590 2205 2095 2160 2110 2130]
[2790 2965 3005 2790 2735 2920 3035 2810] [3135 2820 2435 2090 2110 1935 2015 1960]
[2805 2805 2775 2895 2835 2925 2870 2810] [3040 2800 2390 2170 2000 2045 1980 1990]
[3015 2875 3025 2775 2970 2950 2950 2910] [3020 2775 2400 1985 2035 1995 2060 2135]
[2935 3025 3100 2965 2840 3110 2925 2905] [2945 2615 2255 2275 2035 2075 2040 2100]
[2815 3045 3185 3040 2880 3040 2995 2935] [2975 2860 2515 2010 2110 2035 2000 2335]
[3240 3050 3015 3105 3070 2930 2995 2845] [3110 2915 2415 2235 2010 1985 2035 2005]
COM3 0 40
3
[2775 2705 2920 2715 2790 2915 2935 2720] [3165 2860 2530 2210 2305 2255 2200 2265]
[3055 3060 2835 2990 2895 2900 2895 2810] [3190 2735 2590 2205 2095 2160 2110 2130]
[2625 2835 2955 2800 2825 2925 2870 2840] [3135 2820 2435 2090 2110 1935 2015 1960]
[2975 2775 2930 2930 2930 2910 2955 2840] [3040 2800 2390 2170 2000 2045 1980 1990]
[2915 3010 2925 2765 3140 2750 2940 3000] [3020 2775 2400 1985 2035 1995 2060 2135]
[2935 3095 3020 3120 2675 2920 3000 2870] [2945 2615 2255 2275 2035 2075 2040 2100]
[3110 3080 2870 3005 2905 2940 2850 2875] [2975 2860 2515 2010 2110 2035 2000 2335]
[3245 3180 3025 2930 3095 2870 2940 2765] [3110 2915 2415 2235 2010 1985 2035 2005]
COM8 1 41
3
[2775 2705 2920 2715 2790 2915 2935 2720] [3085 2720 2490 2070 2180 2180 2190 2240]
[3055 3060 2835 2990 2895 2900 2895 2810] [3355 2775 2505 2030 1945 2025 2120 1930]
[2625 2835 2955 2800 2825 2925 2870 2840] [3165 2575 2270 2040 2085 1955 1910 1895]
[2975 2775 2930 2930 2930 2910 2955 2840] [3205 2755 2335 2085 1985 1860 2035 2040]
[2915 3010 2925 2765 3140 2750 2940 3000] [3210 2770 2375 1935 1990 1865 2060 2055]
[2935 3095 3020 3120 2675 2920 3000 2870] [2745 2660 2325 2130 1965 1915 1945 2005]
[3110 3080 2870 3005 2905 2940 2850 2875] [3085 2915 2355 2035 1935 1915 2035 2145]
[3245 3180 3025 2930 3095 2870 2940 2765] [3105 2620 2400 2185 1840 1905 2060 2115]
COM3 0 42
3
[3005 3025 2900 2990 2990 2965 2955 2900] [3085 2720 2490 2070 2180 2180 2190 2240]
[3280 2950 3045 3190 3110 2905 2980 2875] [3355 2775 2505 2030 1945 2025 2120 1930]
[3040 3075 2990 2895 3130 2995 2905 2890] [3165 2575 2270 2040 2085 1955 1910 1895]
[3180 3090 3240 3000 3085 2980 2975 2775] [3205 2755 2335 2085 1985 1860 2035 2040]
[3230 2955 3010 2985 3190 2950 2995 2905] [3210 2770 2375 1935 1990 1865 2060 2055]
[3230 3190 3170 3260 2950 3080 3220 2905] [2745 2660 2325 2130 1965 1915 1945 2005]
[3360 3050 3090 3090 3090 2960 2920 3000] [3085 2915 2355 2035 1935 1915 2035 2145]
[3360 3035 3065 3150 3450 3165 3090 3125] [3105 2620 2400 2185 1840 1905 2060 2115]
COM8 1 43
3
[3005 3025 2900 2990 2990 2965 2955 2900] [3295 2810 2175 2030 1985 2000 1955 2170]
[3280 2950 3045 3190 3110 2905 2980 2875] [3380 2740 2470 1855 1800 1985 1800 1955]
[3040 3075 2990 2895 3130 2995 2905 2890] [2990 2585 2120 1830 1935 1785 1650 1920]
[3180 3090 3240 3000 3085 2980 2975 2775] [2940 2615 2110 1935 1775 1830 1885 1985]
[3230 2955 3010 2985 3190 2950 2995 2905] [2915 2750 2125 1685 1800 1775 1815 2030]
[3230 3190 3170 3260 2950 3080 3220 2905] [2920 2490 2080 1935 1865 1820 1945 1920]
[3360 3050 3090 3090 3090 2960 2920 3000] [3025 2580 2255 1900 1940 1830 1905 2000]
[3360 3035 3065 3150 3450 3165 3090 3125] [3070 2825 2170 1885 1610 1815 1875 2150]
COM3 0 44
3
[2860 2920 2905 2995 2915 2985 3045 2680] [3295 2810 2175 2030 1985 2000 1955 2170]
[2895 3005 2890 2990 2955 2855 2780 2785] [3380 2740 2470 1855 1800 1985 1800 1955]
[2800 2860 2905 2785 2850 3010 3020 2905] [2990 2585 2120 1830 1935 1785 1650 1920]
[2965 3060 3030 2825 2825 2970 2880 2845] [2940 2615 2110 1935 1775 1830 1885 1985]
[2950 3045 3165 2985 2970 2960 3340 3040] [2915 2750 2125 1685 1800 1775 1815 2030]
[2925 2900 3010 2835 2990 2785 3015 2845] [2920 2490 2080 1935 1865 1820 1945 1920]
[3075 3125 2970 3005 2720 3115 3090 2905] [3025 2580 2255 1900 1940 1830 1905 2000]
[3080 2900 2960 3280 2950 3040 2955 2780] [3070 2825 2170 1885 1610 1815 1875 2150]
COM8 1 45
3
[2860 2920 2905 2995 2915 2985 3045 2680] [3545 3050 2860 2410 2415 2285 2340 2540]
[2895 3005 2890 2990 2955 2855 2780 2785] [3440 3090 2600 2230 2195 2270 2330 2210]
[2800 2860 2905 2785 2850 3010 3020 2905] [3320 2905 2550 2250 2170 2200 2130 2075]
[2965 3060 3030 2825 2825 2970 2880 2845] [3315 2900 2550 2270 2280 2050 2075 2180]
[2950 3045 3165 2985 2970 2960 3340 3040] [3370 2840 2600 2110 2060 2075 2075 2210]
[2925 2900 3010 2835 2990 2785 3015 2845] [3215 2950 2625 2170 2220 2100 2200 2220]
[3075 3125 2970 3005 2720 3115 3090 2905] [3355 3075 2835 2190 2160 2085 2075 2335]
[3080 2900 2960 3280 2950 3040 2955 2780] [3415 2850 2640 2355 2240 2110 2205 2345]
COM3 0 46
3
[2810 2685 2830 2805 2865 2805 3045 2715] [3545 3050 2860 2410 2415 2285 2340 2540]
[2870 3090 2805 2975 2810 2855 2875 2895] [3440 3090 2600 2230 2195 2270 2330 2210]
[2605 2610 2970 2825 2905 2790 2870 2935] [3320 2905 2550 2250 2170 2200 2130 2075]
[2665 2775 2855 2730 2910 2895 2745 2795] [3315 2900 2550 2270 2280 2050 2075 2180]
[2885 2755 2975 2870 2995 2810 2870 2925] [3370 2840 2600 2110 2060 2075 2075 2210]
[3160 2845 2965 3045 2840 3080 2960 2680] [3215 2950 2625 2170 2220 2100 2200 2220]
[2710 2975 2975 2900 2835 2800 2705 3025] [3355 3075 2835 2190 2160 2085 2075 2335]
[3135 3105 2680 2900 3160 3170 3130 3175] [3415 2850 2640 2355 2240 2110 2205 2345]
COM8 1 47
3
[2810 2685 2830 2805 2865 2805 3045 2715] [3140 2725 2500 2080 2165 2165 2260 2205]
[2870 3090 2805 2975 2810 2855 2875 2895] [2975 2670 2550 2140 1910 2110 2035 2060]
[2605 2610 2970 2825 2905 2790 2870 2935] [3150 2995 2385 1885 1985 1925 1935 1955]
[2665 2775 2855 2730 2910 2895 2745 2795] [3265 2945 2360 2095 1950 1835 1880 1985]
[2885 2755 2975 2870 2995 2810 2870 2925] [2910 2880 2185 1955 1920 1895 1985 2010]
[3160 2845 2965 3045 2840 3080 2960 2680] [3015 2660 2240 2085 1955 2020 1985 2005]
[2710 2975 2975 2900 2835 2800 2705 3025] [3170 2720 2325 1980 1955 1765 1970 2180]
[3135 3105 2680 2900 3160 3170 3130 3175] [3170 2730 2300 2090 1985 1935 2005 2255]
COM3 0 48
3
[2810 2785 2835 2875 2895 2750 2850 2880] [3140 2725 2500 2080 2165 2165 2260 2205]
[3155 2980 2890 2790 2920 2850 2750 2840] [2975 2670 2550 2140 1910 2110 2035 2060]
[2860 2965 2890 3080 2900 2870 2915 2900] [3150 2995 2385 1885 1985 1925 1935 1955]
[2945 2945 2985 2960 2945 2805 2720 2815] [3265 2945 2360 2095 1950 1835 1880 1985]
[2945 2995 3000 2940 2910 2765 3080 3055] [2910 2880 2185 1955 1920 1895 1985 2010]
[3055 3150 2990 2870 2845 3040 3050 2665] [3015 2660 2240 2085 1955 2020 1985 2005]
[3090 3095 2835 3065 2910 3050 2885 3010] [3170 2720 2325 1980 1955 1765 1970 2180]
[3180 2840 2955 3075 2955 2910 3200 3140] [3170 2730 2300 2090 1985 1935 2005 2255]
COM8 1 49
3
[2810 2785 2835 2875 2895 2750 2850 2880] [3350 3080 2545 2390 2080 2285 2205 2435]
[3155 2980 2890 2790 2920 2850 2750 2840] [3065 3015 2600 2100 2040 2165 2135 2105]
[2860 2965 2890 3080 2900 2870 2915 2900] [3505 3050 2450 2130 2115 2030 1930 1985]
[2945 2945 2985 2960 2945 2805 2720 2815] [3525 2665 2510 2225 2045 1995 2025 2010]
[2945 2995 3000 2940 2910 2765 3080 3055] [3335 2835 2445 2020 2005 2075 2095 2075]
[3055 3150 2990 2870 2845 3040 3050 2665] [3245 2875 2370 2200 2000 2080 2030 2070]
[3090 3095 2835 3065 2910 3050 2885 3010] [3570 3075 2445 2050 2035 2020 2110 2210]
[3180 2840 2955 3075 2955 2910 3200 3140] [3190 3020 2545 2315 2125 2035 2010 2190]
COM3 0 50
3
[3005 2755 2670 2855 2840 2750 3055 2810] [3350 3080 2545 2390 2080 2285 2205 2435]
[2775 2935 2650 2750 2890 2950 2850 2890] [3065 3015 2600 2100 2040 2165 2135 2105]
[2745 2925 2740 2805 2710 2850 2860 2960] [3505 3050 2450 2130 2115 2030 1930 1985]
[2870 2865 3030 2735 3105 2900 2975 2810] [3525 2665 2510 2225 2045 1995 2025 2010]
[3095 3055 2950 2810 2910 2895 2950 2960] [3335 2835 2445 2020 2005 2075 2095 2075]
[2800 2700 3025 2855 2775 3015 2865 2695] [3245 2875 2370 2200 2000 2080 2030 2070]
[2845 2970 3230 2825 2990 2850 2795 2945] [3570 3075 2445 2050 2035 2020 2110 2210]
[3245 3295 2940 2855 2650 3080 3125 3090] [3190 3020 2545 2315 2125 2035 2010 2190]
COM8 1 51
3
[3005 2755 2670 2855 2840 2750 3055 2810] [3115 3030 2515 2125 2315 2105 2115 2030]
[2775 2935 2650 2750 2890 2950 2850 2890] [3000 2560 2335 1845 1860 1880 2015 1855]
[2745 2925 2740 2805 2710 2850 2860 2960] [2990 2935 2210 1870 1765 1740 1715 1845]
[2870 2865 3030 2735 3105 2900 2975 2810] [3010 2395 2390 1870 1710 1745 1730 1800]
[3095 3055 2950 2810 2910 2895 2950 2960] [3245 2515 1985 1705 1725 1745 1890 2000]
[2800 2700 3025 2855 2775 3015 2865 2695] [2935 2585 2195 1920 1785 1785 1880 2020]
[2845 2970 3230 2825 2990 2850 2795 2945] [3090 2485 2200 1685 1750 1700 1880 2165]
[3245 3295 2940 2855 2650 3080 3125 3090] [3305 2730 2165 2045 1565 1665 1860 1885]
COM3 0 52
3
[2950 2705 2760 2735 2965 2900 2850 2810] [3115 3030 2515 2125 2315 2105 2115 2030]
[3050 2900 3040 2900 2920 2815 2865 2950] [3000 2560 2335 1845 1860 1880 2015 1855]
[2810 2910 2945 2845 2855 2895 2870 2845] [2990 2935 2210 1870 1765 1740 1715 1845]
[2940 2875 3085 2905 2935 2870 2850 2900] [3010 2395 2390 1870 1710 1745 1730 1800]
[2935 2880 3105 2855 3270 3050 2810 3000] [3245 2515 1985 1705 1725 1745 1890 2000]
[2970 3025 3085 3080 2775 2925 3025 2850] [2935 2585 2195 1920 1785 1785 1880 2020]
[3125 3025 2745 3045 2995 2965 2790 2935] [3090 2485 2200 1685 1750 1700 1880 2165]
[2960 3075 3020 3160 3015 3015 3140 3210] [3305 2730 2165 2045 1565 1665 1860 1885]
COM8 1 53
3
[2950 2705 2760 2735 2965 2900 2850 2810] [3165 2760 2570 2015 2135 2095 2185 2205]
[3050 2900 3040 2900 2920 2815 2865 2950] [2995 2805 2385 2095 1995 2060 2005 2025]
[2810 2910 2945 2845 2855 2895 2870 2845] [3125 2895 2325 1945 2035 1985 1955 1980]
[2940 2875 3085 2905 2935 2870 2850 2900] [3110 2705 2330 2020 1950 1985 1990 2035]
[2935 2880 3105 2855 3270 3050 2810 3000] [3210 2645 2235 1880 1935 1945 2060 2025]
[2970 3025 3085 3080 2775 2925 3025 2850] [2950 2550 2260 2135 1900 1985 2075 2025]
[3125 3025 2745 3045 2995 2965 2790 2935] [3025 2585 2360 2005 1980 2025 1940 2245]
[2960 3075 3020 3160 3015 3015 3140 3210] [3390 2800 2280 2120 1955 1875 1885 2110]
COM3 0 54
3
[3035 2965 2865 2885 2890 2840 2935 2845] [3165 2760 2570 2015 2135 2095 2185 2205]
[2970 3115 2890 2985 2870 2950 2915 2725] [2995 2805 2385 2095 1995 2060 2005 2025]
[2705 3030 3005 2905 2835 2825 2800 2865] [3125 2895 2325 1945 2035 1985 1955 1980]
[3200 2870 3030 3080 2930 2905 2800 2805] [3110 2705 2330 2020 1950 1985 1990 2035]
[3085 2805 2900 2940 2965 2880 3135 2875] [3210 2645 2235 1880 1935 1945 2060 2025]
[3130 2920 3155 2965 3000 2960 2965 2755] [2950 2550 2260 2135 1900 1985 2075 2025]
[3165 2950 3000 3005 2990 3125 2740 2940] [3025 2585 2360 2005 1980 2025 1940 2245]
[3375 3175 2940 2965 3150 3110 3190 2790] [3390 2800 2280 2120 1955 1875 1885 2110]
COM8 1 55
3
[3035 2965 2865 2885 2890 2840 2935 2845] [3200 2720 2545 2205 2325 2195 1985 2240]
[2970 3115 2890 2985 2870 2950 2915 2725] [2975 2790 2370 1980 2040 2060 1965 1955]
[2705 3030 3005 2905 2835 2825 2800 2865] [3170 2715 2265 1970 2030 1955 1945 1830]
[3200 2870 3030 3080 2930 2905 2800 2805] [3245 2575 2320 2125 1930 1860 1985 2000]
[3085 2805 2900 2940 2965 2880 3135 2875] [3005 2655 2300 1900 1875 1965 1935 2060]
[3130 2920 3155 2965 3000 2960 2965 2755] [2810 2605 2195 2150 2060 1940 2125 2075]
[3165 2950 3000 3005 2990 3125 2740 2940] [3085 2680 2470 2005 2085 1850 1970 2125]
[3375 3175 2940 2965 3150 3110 3190 2790] [3420 2800 2350 2205 2145 1865 2175 2010]
COM3 0 56
3
[2810 2935 2905 2995 2985 2825 2955 2805] [3200 2720 2545 2205 2325 2195 1985 2240]
[3075 2910 2940 2865 2735 2820 2885 2865] [2975 2790 2370 1980 2040 2060 1965 1955]
[2730 2875 2995 2800 3135 2920 2820 2905] [3170 2715 2265 1970 2030 1955 1945 1830]
[3000 3050 3015 3005 3015 2950 2940 2975] [3245 2575 2320 2125 1930 1860 1985 2000]
[3100 2995 2835 2870 3185 2950 3055 2860] [3005 2655 2300 1900 1875 1965 1935 2060]
[2990 2965 3115 2955 3085 3130 3180 2965] [2810 2605 2195 2150 2060 1940 2125 2075]
[2825 3045 2855 2920 2895 2960 2835 2725] [3085 2680 2470 2005 2085 1850 1970 2125]
[3155 2900 2870 2940 3070 2865 3365 3035] [3420 2800 2350 2205 2145 1865 2175 2010]
COM8 1 57
3
[2810 2935 2905 2995 2985 2825 2955 2805] [2655 2395 2050 1775 1835 1735 1720 1830]
[3075 2910 2940 2865 2735 2820 2885 2865] [2570 2420 1965 1675 1670 1775 1715 1660]
[2730 2875 2995 2800 3135 2920 2820 2905] [2555 2195 1890 1635 1740 1475 1665 1825]
[3000 3050 3015 3005 3015 2950 2940 2975] [2610 2305 1855 1580 1620 1650 1645 1760]
[3100 2995 2835 2870 3185 2950 3055 2860] [2670 2260 1915 1575 1580 1570 1675 1805]
[2990 2965 3115 2955 3085 3130 3180 2965] [2580 2090 1945 1660 1595 1625 1755 1590]
[2825 3045 2855 2920 2895 2960 2835 2725] [2555 2350 1920 1580 1675 1610 1740 2005]
[3155 2900 2870 2940 3070 2865 3365 3035] [2765 2240 1980 1645 1570 1560 1725 1800]
COM3 0 58
3
[2735 2545 2865 2770 2675 2755 2790 2905] [2655 2395 2050 1775 1835 1735 1720 1830]
[2840 2845 2635 2800 2890 2760 2670 3060] [2570 2420 1965 1675 1670 1775 1715 1660]
[2635 2695 2890 2850 2645 2935 2885 2935] [2555 2195 1890 1635 1740 1475 1665 1825]
[2875 2845 2865 2650 2890 2885 2745 2865] [2610 2305 1855 1580 1620 1650 1645 1760]
[2785 2870 2870 2790 2755 2880 3000 2935] [2670 2260 1915 1575 1580 1570 1675 1805]
[2810 2745 2950 2835 2780 2905 2975 2810] [2580 2090 1945 1660 1595 1625 1755 1590]
[3015 2990 2630 2850 2810 2845 2725 2800] [2555 2350 1920 1580 1675 1610 1740 2005]
[3065 2805 2770 3215 2785 2735 2800 2795] [2765 2240 1980 1645 1570 1560 1725 1800]
COM8 1 59
3
[2735 2545 2865 2770 2675 2755 2790 2905] [3120 2805 2545 2310 2140 2265 2250 2170]
[2840 2845 2635 2800 2890 2760 2670 3060] [3270 2925 2370 2170 2080 1930 2110 2045]
[2635 2695 2890 2850 2645 2935 2885 2935] [3000 2670 2375 2060 1985 1985 2120 1925]
[2875 2845 2865 2650 2890 2885 2745 2865] [3180 2845 2360 2070 2045 2000 1930 2040]
[2785 2870 2870 2790 2755 2880 3000 2935] [3115 2610 2360 1950 2000 1885 1935 2075]
[2810 2745 2950 2835 2780 2905 2975 2810] [3095 2545 2330 1970 2005 1940 2030 2000]
[3015 2990 2630 2850 2810 2845 2725 2800] [3105 2675 2350 2015 2010 1965 2000 2190]
[3065 2805 2770 3215 2785 2735 2800 2795] [3085 3020 2360 2180 1940 1895 2115 2170]
COM3 0 60
3
[3000 2790 2800 2925 2975 2820 2715 2880] [3120 2805 2545 2310 2140 2265 2250 2170]
[2895 3010 2765 2955 2890 2805 2960 2985] [3270 2925 2370 2170 2080 1930 2110 2045]
[2870 2745 2865 2925 2890 2910 2870 2940] [3000 2670 2375 2060 1985 1985 2120 1925]
[2690 2900 3030 3090 2925 2895 2965 2850] [3180 2845 2360 2070 2045 2000 1930 2040]
[3085 3015 2810 2985 3025 2775 3100 3030] [3115 2610 2360 1950 2000 1885 1935 2075]
[2875 2950 3170 2900 3105 3045 3015 2870] [3095 2545 2330 1970 2005 1940 2030 2000]
[2715 3025 3065 2870 2810 2870 2975 2935] [3105 2675 2350 2015 2010 1965 2000 2190]
[2960 3105 2960 3110 3015 2920 3030 2880] [3085 3020 2360 2180 1940 1895 2115 2170]
COM8 1 61
3
[3000 2790 2800 2925 2975 2820 2715 2880] [2945 2680 2545 1985 2205 2195 2185 2355]
[2895 3010 2765 2955 2890 2805 2960 2985] [3275 2830 2360 2060 1970 2120 2130 1995]
[2870 2745 2865 2925 2890 2910 2870 2940] [3160 2770 2350 2030 2030 1845 1935 2060]
[2690 2900 3030 3090 2925 2895 2965 2850] [3150 2730 2270 1985 1955 1725 1970 1895]
[3085 3015 2810 2985 3025 2775 3100 3030] [3025 2725 2385 1940 1940 1880 2000 2070]
[2875 2950 3170 2900 3105 3045 3015 2870] [2945 2480 2180 2085 1935 1900 2040 2055]
[2715 3025 3065 2870 2810 2870 2975 2935] [3100 2705 2335 1865 1985 1965 2070 2070]
[2960 3105 2960 3110 3015 2920 3030 2880] [3105 2700 2320 2095 2055 1825 1955 2120]
COM3 0 62
3
[2905 2710 2720 2945 2970 2805 2725 2940] [2945 2680 2545 1985 2205 2195 2185 2355]
[2905 2970 2710 2975 2920 2860 2885 2900] [3275 2830 2360 2060 1970 2120 2130 1995]
[2670 2940 2900 2805 2815 2950 2875 2930] [3160 2770 2350 2030 2030 1845 1935 2060]
[2795 3020 3075 2925 3015 2815 2850 2855] [3150 2730 2270 1985 1955 1725 1970 1895]
[3025 2895 3000 2865 2990 2995 2885 2870] [3025 2725 2385 1940 1940 1880 2000 2070]
[2775 2805 3090 2970 2845 3025 2940 2695] [2945 2480 2180 2085 1935 1900 2040 2055]
[3165 2975 2865 2820 2830 2970 2850 2870] [3100 2705 2335 1865 1985 1965 2070 2070]
[3085 3055 3025 2965 2890 2935 3180 2805] [3105 2700 2320 2095 2055 1825 1955 2120]
COM8 1 63
3
[2905 2710 2720 2945 2970 2805 2725 2940] [3120 2755 2390 2050 2110 2145 2240 2290]
[2905 2970 2710 2975 2920 2860 2885 2900] [2970 2865 2335 2055 1935 2115 2160 1975]
[2670 2940 2900 2805 2815 2950 2875 2930] [3225 2725 2315 1965 2155 1970 1985 2020]
[2795 3020 3075 2925 3015 2815 2850 2855] [3175 2730 2290 2025 1875 1960 1875 1965]
[3025 2895 3000 2865 2990 2995 2885 2870] [3135 2740 2215 1735 1885 1845 1945 2035]
[2775 2805 3090 2970 2845 3025 2940 2695] [2945 2705 2270 2080 1905 1905 1995 2000]
[3165 2975 2865 2820 2830 2970 2850 2870] [3060 2595 2390 1985 2105 1985 2055 2070]
[3085 3055 3025 2965 2890 2935 3180 2805] [3165 2730 2465 2140 1885 1860 2035 2145]
COM3 0 64
3
[2980 2870 2900 2975 2875 2825 2850 2775] [3120 2755 2390 2050 2110 2145 2240 2290]
[2965 3075 3035 2880 2925 3015 3020 2800] [2970 2865 2335 2055 1935 2115 2160 1975]
[2900 2845 2965 2825 3015 3000 2975 2965] [3225 2725 2315 1965 2155 1970 1985 2020]
[2945 3025 2905 2710 3020 2910 2945 2830] [3175 2730 2290 2025 1875 1960 1875 1965]
[2910 3040 2960 2850 3005 2840 3005 2765] [3135 2740 2215 1735 1885 1845 1945 2035]
[3210 2885 3035 2905 2850 2870 2870 2870] [2945 2705 2270 2080 1905 1905 1995 2000]
[3095 2975 2990 3265 2915 2865 2955 2830] [3060 2595 2390 1985 2105 1985 2055 2070]
[3260 3075 3095 3280 2960 2925 3140 2800] [3165 2730 2465 2140 1885 1860 2035 2145]
COM8 1 65
3
[2980 2870 2900 2975 2875 2825 2850 2775] [2990 2840 2410 2205 2375 2370 2170 2285]
[2965 3075 3035 2880 2925 3015 3020 2800] [3230 2925 2405 2170 2005 2040 2105 2080]
[2900 2845 2965 2825 3015 3000 2975 2965] [3255 2975 2335 1955 2055 2005 2010 2035]
[2945 3025 2905 2710 3020 2910 2945 2830] [3125 2800 2405 2075 1980 1960 1990 2020]
[2910 3040 2960 2850 3005 2840 3005 2765] [3175 2875 2505 2000 1990 1880 2060 2115]
[3210 2885 3035 2905 2850 2870 2870 2870] [3135 2795 2295 2055 2000 1935 2040 1885]
[3095 2975 2990 3265 2915 2865 2955 2830] [3315 2505 2480 2205 1975 2025 2070 2310]
[3260 3075 3095 3280 2960 2925 3140 2800] [3380 2750 2445 2210 2045 2040 2125 2255]