COM8 1 6
3
[2470 1760 1470 1360 1540 1415 1535 1630] [2685 2795 3265 3360 3380 3365 3280 3315]
[2475 1900 1465 1545 1605 1435 1345 1850] [2590 2840 3255 3140 3180 3560 3150 3210]
[2365 1770 1615 1410 1450 1455 1555 1675] [2635 3045 3240 3200 3395 3055 3370 3275]
[2570 2025 1560 1485 1410 1465 1485 1670] [2640 3135 3185 3420 3235 3245 3260 3255]
[2325 1995 1580 1410 1480 1365 1575 1985] [2840 3045 3390 3310 3350 3425 3370 3250]
[2390 2040 1820 1605 1410 1515 1500 1650] [2690 2910 3090 3370 3500 3310 3385 3670]
[2370 2345 1565 1545 1450 1420 1405 2135] [2595 3255 3445 3315 3135 3320 3470 3490]
[2615 2335 1760 1405 1470 1525 1800 2175] [2845 3315 3235 3565 3575 3285 3535 3615]
COM3 0 7
3
[2290 2080 1675 1390 1560 1610 1610 2115] [2685 2795 3265 3360 3380 3365 3280 3315]
[2640 2030 1480 1530 1650 1615 1545 1845] [2590 2840 3255 3140 3180 3560 3150 3210]
[2435 2060 1715 1530 1525 1580 1655 1850] [2635 3045 3240 3200 3395 3055 3370 3275]
[2650 2065 1720 1435 1640 1570 1690 1970] [2640 3135 3185 3420 3235 3245 3260 3255]
[2475 2130 1700 1520 1645 1560 1690 2060] [2840 3045 3390 3310 3350 3425 3370 3250]
[2385 2150 1940 1520 1550 1530 1545 1955] [2690 2910 3090 3370 3500 3310 3385 3670]
[2540 2380 1685 1605 1660 1580 1755 2075] [2595 3255 3445 3315 3135 3320 3470 3490]
[2760 2120 1885 1510 1535 1525 2140 2535] [2845 3315 3235 3565 3575 3285 3535 3615]
COM8 1 8
3
[2290 2080 1675 1390 1560 1610 1610 2115] [2365 2970 3055 3185 3145 3230 3120 3240]
[2640 2030 1480 1530 1650 1615 1545 1845] [2345 2775 3225 2940 3075 3315 3200 3170]
[2435 2060 1715 1530 1525 1580 1655 1850] [2400 2915 3225 3040 3320 3055 3180 3075]
[2650 2065 1720 1435 1640 1570 1690 1970] [2480 2890 3350 3210 3105 3210 3055 3010]
[2475 2130 1700 1520 1645 1560 1690 2060] [2440 3010 3200 3245 3050 3285 3155 3190]
[2385 2150 1940 1520 1550 1530 1545 1955] [2560 2665 3195 3320 3320 3425 3100 3535]
[2540 2380 1685 1605 1660 1580 1755 2075] [2525 3115 3285 3455 3385 3310 3530 3315]
[2760 2120 1885 1510 1535 1525 2140 2535] [2620 3075 3455 3525 3240 3380 3315 3245]
COM3 0 9
3
[2470 2200 1855 1765 1715 1820 2045 2215] [2365 2970 3055 3185 3145 3230 3120 3240]
[2625 2130 1820 1885 1925 1860 1835 2335] [2345 2775 3225 2940 3075 3315 3200 3170]
[2440 2100 1760 1720 1775 1875 1995 2130] [2400 2915 3225 3040 3320 3055 3180 3075]
[2460 2300 1775 1690 1795 1765 1940 2325] [2480 2890 3350 3210 3105 3210 3055 3010]
[2855 2150 1905 1845 1785 1805 2065 2200] [2440 3010 3200 3245 3050 3285 3155 3190]
[2660 2150 2035 1845 1765 1915 2165 2390] [2560 2665 3195 3320 3320 3425 3100 3535]
[2925 2385 1820 2055 1935 1890 1740 2445] [2525 3115 3285 3455 3385 3310 3530 3315]
[2800 2415 2335 1835 1860 1845 2230 2580] [2620 3075 3455 3525 3240 3380 3315 3245]
COM8 1 10
3
[2470 2200 1855 1765 1715 1820 2045 2215] [2370 2710 3315 3065 3175 3195 3120 3215]
[2625 2130 1820 1885 1925 1860 1835 2335] [2345 2835 3290 3165 3215 3270 3135 3000]
[2440 2100 1760 1720 1775 1875 1995 2130] [2490 2980 3190 3040 3170 3230 3050 3070]
[2460 2300 1775 1690 1795 1765 1940 2325] [2535 2725 3025 3140 2950 3095 3145 3180]
[2855 2150 1905 1845 1785 1805 2065 2200] [2225 2875 3225 3265 3200 3290 3075 3350]
[2660 2150 2035 1845 1765 1915 2165 2390] [2520 2955 3235 3370 3235 3285 3220 3440]
[2925 2385 1820 2055 1935 1890 1740 2445] [2605 2960 3335 3295 3150 3315 3325 3335]
[2800 2415 2335 1835 1860 1845 2230 2580] [2650 3255 3265 3315 3185 3260 3495 3215]
COM3 0 11
3
[2305 2060 1545 1475 1490 1495 1580 1845] [2370 2710 3315 3065 3175 3195 3120 3215]
[2410 2060 1475 1525 1545 1590 1540 1765] [2345 2835 3290 3165 3215 3270 3135 3000]
[2085 1820 1590 1540 1450 1590 1490 1715] [2490 2980 3190 3040 3170 3230 3050 3070]
[2480 1960 1630 1475 1495 1510 1560 1885] [2535 2725 3025 3140 2950 3095 3145 3180]
[2755 2105 1725 1525 1650 1535 1740 2000] [2225 2875 3225 3265 3200 3290 3075 3350]
[2505 2170 1720 1565 1395 1375 1675 1980] [2520 2955 3235 3370 3235 3285 3220 3440]
[2685 2295 1770 1675 1480 1500 1765 2075] [2605 2960 3335 3295 3150 3315 3325 3335]
[2940 2560 1860 1570 1465 1390 1975 1955] [2650 3255 3265 3315 3185 3260 3495 3215]
COM8 1 12
3
[2305 2060 1545 1475 1490 1495 1580 1845] [2520 2575 3125 3105 3330 3130 3125 3240]
[2410 2060 1475 1525 1545 1590 1540 1765] [2510 2785 3135 3040 2985 3365 3250 3350]
[2085 1820 1590 1540 1450 1590 1490 1715] [2470 2990 3225 3270 3290 3400 3060 3130]
[2480 1960 1630 1475 1495 1510 1560 1885] [2555 2965 3160 3165 3140 3460 3270 3280]
[2755 2105 1725 1525 1650 1535 1740 2000] [2600 2790 3275 3040 3105 3210 3270 3145]
[2505 2170 1720 1565 1395 1375 1675 1980] [2465 2965 3120 3520 3085 3185 3330 3400]
[2685 2295 1770 1675 1480 1500 1765 2075] [2595 3205 3285 3330 3200 3325 3405 3310]
[2940 2560 1860 1570 1465 1390 1975 1955] [2760 3090 3360 3465 3195 3225 3630 3385]
COM3 0 13
3
[2525 1930 1615 1530 1650 1690 1960 1955] [2520 2575 3125 3105 3330 3130 3125 3240]
[2670 2050 1790 1710 1735 1700 1905 2045] [2510 2785 3135 3040 2985 3365 3250 3350]
[2335 2045 1785 1715 1645 1790 1875 2055] [2470 2990 3225 3270 3290 3400 3060 3130]
[2295 2320 1815 1720 1725 1720 1770 2220] [2555 2965 3160 3165 3140 3460 3270 3280]
[2460 1805 1745 1555 1725 1660 1955 2070] [2600 2790 3275 3040 3105 3210 3270 3145]
[2535 2615 1915 1895 1785 1805 1925 2000] [2465 2965 3120 3520 3085 3185 3330 3400]
[2595 2320 1790 2070 1765 1740 1980 2165] [2595 3205 3285 3330 3200 3325 3405 3310]
[3035 2050 1880 1790 1875 1800 2250 2395] [2760 3090 3360 3465 3195 3225 3630 3385]
COM8 1 14
3
[2525 1930 1615 1530 1650 1690 1960 1955] [2850 2765 3075 3350 3335 3370 3280 3350]
[2670 2050 1790 1710 1735 1700 1905 2045] [2625 2600 3235 3235 3200 3600 3360 3165]
[2335 2045 1785 1715 1645 1790 1875 2055] [2490 2900 3315 3225 3470 3255 3320 3245]
[2295 2320 1815 1720 1725 1720 1770 2220] [2690 3035 3305 3300 3235 3370 3460 3245]
[2460 1805 1745 1555 1725 1660 1955 2070] [2445 3195 3305 3315 3415 3240 3270 3495]
[2535 2615 1915 1895 1785 1805 1925 2000] [2870 2945 3310 3465 3220 3375 3315 3610]
[2595 2320 1790 2070 1765 1740 1980 2165] [2680 2935 3125 3570 3295 3245 3545 3605]
[3035 2050 1880 1790 1875 1800 2250 2395] [2825 3315 3295 3520 3625 3615 3585 3545]
COM3 0 15
3
[2350 2010 1580 1535 1680 1535 1695 1725] [2850 2765 3075 3350 3335 3370 3280 3350]
[2510 2255 1605 1680 1540 1510 1800 1835] [2625 2600 3235 3235 3200 3600 3360 3165]
[2370 2020 1670 1545 1540 1490 1650 1960] [2490 2900 3315 3225 3470 3255 3320 3245]
[2405 2145 1595 1580 1510 1570 1580 1820] [2690 3035 3305 3300 3235 3370 3460 3245]
[2575 1935 1480 1455 1550 1610 1850 2115] [2445 3195 3305 3315 3415 3240 3270 3495]
[2555 2165 1985 1705 1510 1485 1805 2000] [2870 2945 3310 3465 3220 3375 3315 3610]
[2505 2295 1805 1720 1490 1490 1555 2130] [2680 2935 3125 3570 3295 3245 3545 3605]
[2640 2320 1835 1595 1570 1670 1745 1955] [2825 3315 3295 3520 3625 3615 3585 3545]
COM8 1 16
3
[2350 2010 1580 1535 1680 1535 1695 1725] [2470 2785 3250 3070 3070 3215 3260 3065]
[2510 2255 1605 1680 1540 1510 1800 1835] [2290 2730 3235 3205 3145 3245 3020 3235]
[2370 2020 1670 1545 1540 1490 1650 1960] [2305 2915 3205 3040 3195 3185 3460 3120]
[2405 2145 1595 1580 1510 1570 1580 1820] [2640 2885 3045 3305 3070 3290 3405 3110]
[2575 1935 1480 1455 1550 1610 1850 2115] [2455 3040 3135 2915 3210 3245 3245 3195]
[2555 2165 1985 1705 1510 1485 1805 2000] [2325 3165 3115 3220 3185 3175 3255 3235]
[2505 2295 1805 1720 1490 1490 1555 2130] [2480 3415 3140 3480 3240 3490 3355 3455]
[2640 2320 1835 1595 1570 1670 1745 1955] [2740 3055 3305 3540 3450 3290 3450 3205]
COM3 0 17
3
[2365 1705 1580 1705 1775 1505 1810 1765] [2470 2785 3250 3070 3070 3215 3260 3065]
[2475 1935 1570 1490 1645 1665 1660 1735] [2290 2730 3235 3205 3145 3245 3020 3235]
[2450 2070 1640 1655 1585 1510 1675 2095] [2305 2915 3205 3040 3195 3185 3460 3120]
[2230 2060 1615 1625 1620 1620 1665 1875] [2640 2885 3045 3305 3070 3290 3405 3110]
[2505 2075 1735 1510 1645 1545 1700 1800] [2455 3040 3135 2915 3210 3245 3245 3195]
[2540 2080 1900 1685 1660 1640 1700 1840] [2325 3165 3115 3220 3185 3175 3255 3235]
[2310 2255 1955 1710 1620 1490 1765 2110] [2480 3415 3140 3480 3240 3490 3355 3455]
[2550 2445 1895 1730 1640 1670 1905 2095] [2740 3055 3305 3540 3450 3290 3450 3205]
COM8 1 18
3
[2365 1705 1580 1705 1775 1505 1810 1765] [2570 3110 3255 3235 3450 3285 3400 3415]
[2475 1935 1570 1490 1645 1665 1660 1735] [2440 2830 3485 3180 3090 3305 3525 3260]
[2450 2070 1640 1655 1585 1510 1675 2095] [2580 2820 3405 3225 3395 3375 3420 3370]
[2230 2060 1615 1625 1620 1620 1665 1875] [2520 2960 3135 3445 3070 3300 3515 3390]
[2505 2075 1735 1510 1645 1545 1700 1800] [2585 3040 3225 3255 3215 3405 3690 3530]
[2540 2080 1900 1685 1660 1640 1700 1840] [2535 3075 3065 3285 3270 3200 3450 3305]
[2310 2255 1955 1710 1620 1490 1765 2110] [2565 3460 3275 3580 3245 3345 3660 3535]
[2550 2445 1895 1730 1640 1670 1905 2095] [2800 3430 3285 3595 3215 3310 3700 3420]
COM3 0 19
3
[2340 1860 1540 1605 1610 1540 1655 2185] [2570 3110 3255 3235 3450 3285 3400 3415]
[2540 1920 1480 1580 1650 1570 1700 2115] [2440 2830 3485 3180 3090 3305 3525 3260]
[2285 1895 1760 1555 1600 1585 1660 1885] [2580 2820 3405 3225 3395 3375 3420 3370]
[2550 2065 1915 1625 1650 1545 1640 1990] [2520 2960 3135 3445 3070 3300 3515 3390]
[2745 1985 1900 1595 1735 1575 1965 2190] [2585 3040 3225 3255 3215 3405 3690 3530]
[2555 2025 1905 1665 1615 1815 1740 1980] [2535 3075 3065 3285 3270 3200 3450 3305]
[2660 2500 1775 1800 1625 1515 1670 2185] [2565 3460 3275 3580 3245 3345 3660 3535]
[2810 2490 1950 1590 1715 1525 1835 2350] [2800 3430 3285 3595 3215 3310 3700 3420]
COM8 1 20
3
[2340 1860 1540 1605 1610 1540 1655 2185] [2470 2785 3100 3185 3210 3110 3335 3280]
[2540 1920 1480 1580 1650 1570 1700 2115] [2365 2630 3065 3170 3025 3210 3340 3030]
[2285 1895 1760 1555 1600 1585 1660 1885] [2200 2850 3225 3130 3300 3185 3130 3295]
[2550 2065 1915 1625 1650 1545 1640 1990] [2460 2855 3215 3230 3155 3265 3320 3000]
[2745 1985 1900 1595 1735 1575 1965 2190] [2390 2885 3310 2985 3265 3075 3205 3170]
[2555 2025 1905 1665 1615 1815 1740 1980] [2375 2885 3085 3340 3205 3405 3235 3175]
[2660 2500 1775 1800 1625 1515 1670 2185] [2460 3115 3335 3355 3490 2940 3575 3365]
[2810 2490 1950 1590 1715 1525 1835 2350] [2445 3345 3250 3310 3395 3145 3515 3435]
COM3 0 21
3
[2470 1720 1435 1380 1420 1405 1485 1680] [2470 2785 3100 3185 3210 3110 3335 3280]
[2510 1875 1525 1460 1410 1460 1455 1600] [2365 2630 3065 3170 3025 3210 3340 3030]
[2430 1935 1595 1475 1430 1440 1375 1560] [2200 2850 3225 3130 3300 3185 3130 3295]
[2480 1775 1520 1385 1390 1425 1590 1645] [2460 2855 3215 3230 3155 3265 3320 3000]
[2415 2060 1635 1500 1465 1385 1605 1640] [2390 2885 3310 2985 3265 3075 3205 3170]
[2540 2040 1615 1425 1425 1420 1515 1605] [2375 2885 3085 3340 3205 3405 3235 3175]
[2320 1990 1575 1460 1410 1515 1515 1735] [2460 3115 3335 3355 3490 2940 3575 3365]
[2940 2265 2015 1480 1515 1630 1815 1955] [2445 3345 3250 3310 3395 3145 3515 3435]
COM8 1 22
3
[2470 1720 1435 1380 1420 1405 1485 1680] [2620 2910 3470 3335 3555 3225 3345 3415]
[2510 1875 1525 1460 1410 1460 1455 1600] [2505 2565 3205 3085 3240 3275 3315 3235]
[2430 1935 1595 1475 1430 1440 1375 1560] [2555 2745 3325 3155 3295 3410 3315 3215]
[2480 1775 1520 1385 1390 1425 1590 1645] [2640 2695 3180 3380 3430 3400 3375 3335]
[2415 2060 1635 1500 1465 1385 1605 1640] [2650 3135 3315 3310 3265 3460 3290 3465]
[2540 2040 1615 1425 1425 1420 1515 1605] [2555 2950 3285 3370 3305 3535 3450 3600]
[2320 1990 1575 1460 1410 1515 1515 1735] [2740 3010 3290 3415 3445 3380 3490 3530]
[2940 2265 2015 1480 1515 1630 1815 1955] [2705 3195 3155 3605 3445 3285 3645 3450]
COM3 0 23
3
[2615 1775 1605 1415 1520 1415 1670 1595] [2620 2910 3470 3335 3555 3225 3345 3415]
[2435 1885 1550 1525 1590 1560 1540 1750] [2505 2565 3205 3085 3240 3275 3315 3235]
[2415 1895 1520 1495 1430 1560 1545 1920] [2555 2745 3325 3155 3295 3410 3315 3215]
[2505 2045 1755 1440 1665 1500 1580 1800] [2640 2695 3180 3380 3430 3400 3375 3335]
[2575 1985 1630 1485 1660 1540 1635 1805] [2650 3135 3315 3310 3265 3460 3290 3465]
[2555 2100 1775 1605 1500 1540 1705 1710] [2555 2950 3285 3370 3305 3535 3450 3600]
[2565 2135 1750 1695 1460 1575 1800 2055] [2740 3010 3290 3415 3445 3380 3490 3530]
[3035 2145 1835 1520 1565 1690 1565 1875] [2705 3195 3155 3605 3445 3285 3645 3450]
COM8 1 24
3
[2615 1775 1605 1415 1520 1415 1670 1595] [2375 2675 3175 3155 3180 3060 3005 3135]
[2435 1885 1550 1525 1590 1560 1540 1750] [2440 2765 3100 3240 3250 3095 3060 2965]
[2415 1895 1520 1495 1430 1560 1545 1920] [2320 2900 3215 3075 3165 2995 3245 3175]
[2505 2045 1755 1440 1665 1500 1580 1800] [2325 3005 3080 3025 3075 3070 3050 3215]
[2575 1985 1630 1485 1660 1540 1635 1805] [2400 2735 3345 3135 3280 3210 3145 3090]
[2555 2100 1775 1605 1500 1540 1705 1710] [2360 2905 3115 3235 3050 3200 3350 3340]
[2565 2135 1750 1695 1460 1575 1800 2055] [2365 3235 3485 3605 3075 3325 3280 3385]
[3035 2145 1835 1520 1565 1690 1565 1875] [2560 3075 3325 3260 3585 3240 3215 3565]
COM3 0 25
3
[2570 1780 1740 1530 1545 1495 1765 1850] [2375 2675 3175 3155 3180 3060 3005 3135]
[2400 2010 1705 1475 1610 1510 1580 1770] [2440 2765 3100 3240 3250 3095 3060 2965]
[2495 2010 1585 1560 1480 1655 1630 1855] [2320 2900 3215 3075 3165 2995 3245 3175]
[2370 2160 1720 1570 1675 1560 1575 1905] [2325 3005 3080 3025 3075 3070 3050 3215]
[2965 1955 1650 1485 1465 1545 1680 1895] [2400 2735 3345 3135 3280 3210 3145 3090]
[2190 2330 1975 1655 1430 1545 1755 1900] [2360 2905 3115 3235 3050 3200 3350 3340]
[2615 2250 1840 1675 1700 1665 1560 2095] [2365 3235 3485 3605 3075 3325 3280 3385]
[2680 2435 1895 1615 1590 1675 2080 2045] [2560 3075 3325 3260 3585 3240 3215 3565]
COM8 1 26
3
[2570 1780 1740 1530 1545 1495 1765 1850] [2420 2950 3215 3185 3380 3210 3260 3435]
[2400 2010 1705 1475 1610 1510 1580 1770] [2415 2850 3415 3095 3180 3255 3335 3225]
[2495 2010 1585 1560 1480 1655 1630 1855] [2535 2980 3090 3170 3265 3455 3325 3355]
[2370 2160 1720 1570 1675 1560 1575 1905] [2500 2705 3175 3390 3515 3470 3385 3360]
[2965 1955 1650 1485 1465 1545 1680 1895] [2540 2960 3245 3235 3270 3395 3430 3365]
[2190 2330 1975 1655 1430 1545 1755 1900] [2615 3085 3265 3450 3250 3315 3550 3375]
[2615 2250 1840 1675 1700 1665 1560 2095] [2540 3165 3215 3310 3420 3325 3425 3445]
[2680 2435 1895 1615 1590 1675 2080 2045] [2980 3135 3300 3190 3260 3315 3355 3450]
COM3 0 27
3
[2530 1870 1480 1580 1560 1375 1585 1755] [2420 2950 3215 3185 3380 3210 3260 3435]
[2565 1960 1615 1635 1540 1525 1525 1765] [2415 2850 3415 3095 3180 3255 3335 3225]
[2445 2035 1680 1515 1505 1665 1620 1800] [2535 2980 3090 3170 3265 3455 3325 3355]
[2445 2220 1705 1535 1595 1635 1655 2000] [2500 2705 3175 3390 3515 3470 3385 3360]
[2455 1945 1835 1560 1625 1480 1765 1890] [2540 2960 3245 3235 3270 3395 3430 3365]
[2550 2115 1640 1755 1480 1535 1610 1760] [2615 3085 3265 3450 3250 3315 3550 3375]
[2410 2135 1925 1495 1565 1660 1510 2060] [2540 3165 3215 3310 3420 3325 3425 3445]
[2845 2450 1895 1555 1690 1615 1930 2110] [2980 3135 3300 3190 3260 3315 3355 3450]
COM8 1 28
3
[2530 1870 1480 1580 1560 1375 1585 1755] [2425 2790 3220 3050 2940 3075 3190 3235]
[2565 1960 1615 1635 1540 1525 1525 1765] [2295 2775 3065 3020 3180 3225 2970 3005]
[2445 2035 1680 1515 1505 1665 1620 1800] [2390 2820 3280 3110 3170 3135 3035 3075]
[2445 2220 1705 1535 1595 1635 1655 2000] [2415 2960 3105 3210 3265 3015 3055 3100]
[2455 1945 1835 1560 1625 1480 1765 1890] [2375 2900 3400 3070 3035 3445 3145 3035]
[2550 2115 1640 1755 1480 1535 1610 1760] [2290 2900 3205 3275 3140 3265 3110 3290]
[2410 2135 1925 1495 1565 1660 1510 2060] [2490 2990 3330 3130 3175 3095 3345 3010]
[2845 2450 1895 1555 1690 1615 1930 2110] [2500 3030 3245 3470 3130 3220 3265 3085]
COM3 0 29
3
[2335 1795 1580 1565 1530 1535 1645 1700] [2425 2790 3220 3050 2940 3075 3190 3235]
[2500 1745 1500 1605 1610 1530 1545 1835] [2295 2775 3065 3020 3180 3225 2970 3005]
[2540 1850 1565 1570 1475 1570 1570 1955] [2390 2820 3280 3110 3170 3135 3035 3075]
[2465 1920 1640 1435 1580 1435 1605 1855] [2415 2960 3105 3210 3265 3015 3055 3100]
[2575 1995 1700 1505 1635 1430 1715 1850] [2375 2900 3400 3070 3035 3445 3145 3035]
[2250 2080 1760 1610 1550 1575 1645 1865] [2290 2900 3205 3275 3140 3265 3110 3290]
[2750 2315 1660 1540 1635 1515 1545 2015] [2490 2990 3330 3130 3175 3095 3345 3010]
[2850 2450 1855 1645 1615 1585 1835 2285] [2500 3030 3245 3470 3130 3220 3265 3085]
COM8 1 30
3
[2335 1795 1580 1565 1530 1535 1645 1700] [2510 2615 2950 3205 3260 3290 3035 3130]
[2500 1745 1500 1605 1610 1530 1545 1835] [2355 2600 3150 2960 3240 3135 3135 2985]
[2540 1850 1565 1570 1475 1570 1570 1955] [2530 2620 3080 3080 3325 2990 3155 2925]
[2465 1920 1640 1435 1580 1435 1605 1855] [2295 2705 3125 3195 3420 3145 3275 3165]
[2575 1995 1700 1505 1635 1430 1715 1850] [2500 3040 3210 3090 3135 3090 3295 3120]
[2250 2080 1760 1610 1550 1575 1645 1865] [2305 2965 3045 3485 3105 3335 3305 3250]
[2750 2315 1660 1540 1635 1515 1545 2015] [2450 3005 3440 3330 3220 3310 3075 3305]
[2850 2450 1855 1645 1615 1585 1835 2285] [2760 3035 3400 3335 3160 3210 3575 3095]
COM3 0 31
3
[2400 1720 1460 1475 1640 1485 1475 1590] [2510 2615 2950 3205 3260 3290 3035 3130]
[2325 1940 1570 1490 1550 1515 1545 1645] [2355 2600 3150 2960 3240 3135 3135 2985]
[2250 2045 1850 1520 1450 1540 1615 1620] [2530 2620 3080 3080 3325 2990 3155 2925]
[2665 1935 1680 1575 1515 1455 1550 1920] [2295 2705 3125 3195 3420 3145 3275 3165]
[2590 2060 1800 1485 1575 1490 1640 2030] [2500 3040 3210 3090 3135 3090 3295 3120]
[2655 2045 1775 1540 1525 1715 1675 2085] [2305 2965 3045 3485 3105 3335 3305 3250]
[2685 2050 1900 1485 1545 1465 1565 2185] [2450 3005 3440 3330 3220 3310 3075 3305]
[2860 2460 1745 1680 1420 1585 1725 1855] [2760 3035 3400 3335 3160 3210 3575 3095]
COM8 1 32
3
[2400 1720 1460 1475 1640 1485 1475 1590] [2470 2870 3405 3135 3310 3130 3245 3350]
[2325 1940 1570 1490 1550 1515 1545 1645] [2295 2740 3245 3295 3195 3285 3320 3085]
[2250 2045 1850 1520 1450 1540 1615 1620] [2565 2900 3120 3275 3200 3155 3330 3205]
[2665 1935 1680 1575 1515 1455 1550 1920] [2415 3005 3205 3045 3200 3225 3420 3390]
[2590 2060 1800 1485 1575 1490 1640 2030] [2465 2895 3380 3040 3205 3155 3470 3360]
[2655 2045 1775 1540 1525 1715 1675 2085] [2515 3115 3175 3350 3330 3125 3520 3135]
[2685 2050 1900 1485 1545 1465 1565 2185] [2750 2850 3280 3260 3325 3405 3250 3620]
[2860 2460 1745 1680 1420 1585 1725 1855] [2875 2945 3325 3350 3325 3335 3285 3645]
COM3 0 33
3
[2570 1970 1645 1700 1715 1625 1850 2085] [2470 2870 3405 3135 3310 3130 3245 3350]
[2550 2195 1660 1785 1735 1970 1820 2070] [2295 2740 3245 3295 3195 3285 3320 3085]
[2570 2110 1920 1605 1585 1815 1765 2175] [2565 2900 3120 3275 3200 3155 3330 3205]
[2555 2250 1960 1920 1875 1870 1900 2195] [2415 3005 3205 3045 3200 3225 3420 3390]
[2665 2310 2045 1800 1940 1700 1945 2250] [2465 2895 3380 3040 3205 3155 3470 3360]
[2780 2095 2025 1985 1885 1905 2060 2210] [2515 3115 3175 3350 3330 3125 3520 3135]
[2975 2490 1960 1905 1865 1820 1985 2535] [2750 2850 3280 3260 3325 3405 3250 3620]
[2620 2220 2235 1950 1800 1765 2220 2605] [2875 2945 3325 3350 3325 3335 3285 3645]
COM8 1 34
3
[2570 1970 1645 1700 1715 1625 1850 2085] [2595 2635 2955 3225 3055 3280 3020 3180]
[2550 2195 1660 1785 1735 1970 1820 2070] [2495 2840 3215 3145 3120 3115 3110 3190]
[2570 2110 1920 1605 1585 1815 1765 2175] [2410 2915 3115 3105 3340 3110 3145 2980]
[2555 2250 1960 1920 1875 1870 1900 2195] [2430 3330 3150 3260 3165 3085 3030 3010]
[2665 2310 2045 1800 1940 1700 1945 2250] [2345 2620 3150 3180 3155 3135 3185 3215]
[2780 2095 2025 1985 1885 1905 2060 2210] [2475 3070 3200 3210 3140 3075 3255 3400]
[2975 2490 1960 1905 1865 1820 1985 2535] [2605 3095 3145 3535 3050 3120 3135 3005]
[2620 2220 2235 1950 1800 1765 2220 2605] [2640 2950 3165 3405 3110 3225 3300 3340]
COM3 0 35
3
[2380 1830 1700 1725 1595 1550 1705 1855] [2595 2635 2955 3225 3055 3280 3020 3180]
[2550 2010 1635 1680 1645 1540 1635 1920] [2495 2840 3215 3145 3120 3115 3110 3190]
[2265 2035 1745 1590 1570 1645 1680 2000] [2410 2915 3115 3105 3340 3110 3145 2980]
[2640 1865 1875 1590 1645 1660 1500 1900] [2430 3330 3150 3260 3165 3085 3030 3010]
[2720 1955 1705 1575 1785 1565 1720 1800] [2345 2620 3150 3180 3155 3135 3185 3215]
[2725 2070 1830 1720 1605 1690 1720 1940] [2475 3070 3200 3210 3140 3075 3255 3400]
[2565 2160 1845 1580 1595 1645 1730 2135] [2605 3095 3145 3535 3050 3120 3135 3005]
[2745 2490 1865 1535 1530 1885 1705 2180] [2640 2950 3165 3405 3110 3225 3300 3340]
COM8 1 36
3
[2380 1830 1700 1725 1595 1550 1705 1855] [2305 2785 3140 3210 3225 3175 2935 3140]
[2550 2010 1635 1680 1645 1540 1635 1920] [2285 2850 3130 2945 2985 3210 3055 2970]
[2265 2035 1745 1590 1570 1645 1680 2000] [2220 2815 3160 3230 3115 3025 3030 2925]
[2640 1865 1875 1590 1645 1660 1500 1900] [2360 2870 3070 3210 3170 3280 3115 2995]
[2720 1955 1705 1575 1785 1565 1720 1800] [2390 2655 3235 2920 2935 3065 3100 2895]
[2725 2070 1830 1720 1605 1690 1720 1940] [2495 2855 3145 3290 3030 3200 3095 3105]
[2565 2160 1845 1580 1595 1645 1730 2135] [2395 3195 3335 3560 2995 2920 2960 3225]
[2745 2490 1865 1535 1530 1885 1705 2180] [2390 3065 3230 3130 3300 3075 3235 3315]
COM3 0 37
3
[2350 2015 1640 1560 1630 1575 1640 1645] [2305 2785 3140 3210 3225 3175 2935 3140]
[2540 1995 1515 1420 1695 1550 1645 1880] [2285 2850 3130 2945 2985 3210 3055 2970]
[2450 2145 1615 1510 1590 1640 1700 1925] [2220 2815 3160 3230 3115 3025 3030 2925]
[2365 1980 1675 1605 1660 1635 1640 1835] [2360 2870 3070 3210 3170 3280 3115 2995]
[2515 2240 1890 1500 1695 1455 1575 1950] [2390 2655 3235 2920 2935 3065 3100 2895]
[2605 1980 1795 1735 1455 1675 1675 1915] [2495 2855 3145 3290 3030 3200 3095 3105]
[2655 2210 1765 1600 1495 1545 1720 2205] [2395 3195 3335 3560 2995 2920 2960 3225]
[2890 2400 1885 1510 1615 1570 2160 2240] [2390 3065 3230 3130 3300 3075 3235 3315]
COM8 1 38
3
[2350 2015 1640 1560 1630 1575 1640 1645] [2655 2890 3325 3245 3235 3135 3250 3345]
[2540 1995 1515 1420 1695 1550 1645 1880] [2455 2870 3120 3135 3235 3235 3285 3210]
[2450 2145 1615 1510 1590 1640 1700 1925] [2485 3025 3295 3040 3235 3435 3190 3290]
[2365 1980 1675 1605 1660 1635 1640 1835] [2515 2855 3160 3405 3110 3405 3210 3075]
[2515 2240 1890 1500 1695 1455 1575 1950] [2560 2810 3170 3250 3305 2995 3330 3400]
[2605 1980 1795 1735 1455 1675 1675 1915] [2595 3070 3415 3315 3185 3385 3520 3415]
[2655 2210 1765 1600 1495 1545 1720 2205] [2650 3215 3425 3595 3175 3260 3435 3420]
[2890 2400 1885 1510 1615 1570 2160 2240] [2615 3285 3150 3775 3420 3345 3345 3575]
COM3 0 39
3
[2365 1980 1785 1585 1705 1610 1865 1965] [2655 2890 3325 3245 3235 3135 3250 3345]
[2480 2095 1625 1645 1740 1635 1575 2120] [2455 2870 3120 3135 3235 3235 3285 3210]
[2510 2175 1690 1480 1575 1670 1740 1900] [2485 3025 3295 3040 3235 3435 3190 3290]
[2515 2095 1665 1730 1740 1665 1665 1935] [2515 2855 3160 3405 3110 3405 3210 3075]
[2530 2165 1755 1530 1805 1525 1775 1930] [2560 2810 3170 3250 3305 2995 3330 3400]
[2740 2070 2060 1735 1690 1725 1885 2150] [2595 3070 3415 3315 3185 3385 3520 3415]
[2450 2315 1945 1635 1485 1460 1595 2690] [2650 3215 3425 3595 3175 3260 3435 3420]
[3330 2295 1895 1680 1680 1655 1760 2205] [2615 3285 3150 3775 3420 3345 3345 3575]
COM8 1 40
3
[2365 1980 1785 1585 1705 1610 1865 1965] [2640 2770 3255 3100 3150 3170 3115 3255]
[2480 2095 1625 1645 1740 1635 1575 2120] [2395 2870 3150 2990 3185 3420 3195 3120]
[2510 2175 1690 1480 1575 1670 1740 1900] [2650 2810 3160 3040 3240 3255 3300 3225]
[2515 2095 1665 1730 1740 1665 1665 1935] [2535 3145 3365 3135 3130 3240 3340 3220]
[2530 2165 1755 1530 1805 1525 1775 1930] [2555 3125 3105 3230 3155 3205 3475 3335]
[2740 2070 2060 1735 1690 1725 1885 2150] [2200 2905 3035 3445 3165 3375 3415 3465]
[2450 2315 1945 1635 1485 1460 1595 2690] [2395 3085 3630 3510 3485 3130 3545 3345]
[3330 2295 1895 1680 1680 1655 1760 2205] [2875 3130 3205 3440 3370 3310 3375 3510]
COM3 0 41
3
[2415 1860 1415 1440 1410 1340 1450 1495] [2640 2770 3255 3100 3150 3170 3115 3255]
[2405 2095 1295 1350 1470 1510 1475 1555] [2395 2870 3150 2990 3185 3420 3195 3120]
[2260 1705 1505 1360 1385 1425 1415 1700] [2650 2810 3160 3040 3240 3255 3300 3225]
[2365 1820 1670 1410 1490 1405 1580 1550] [2535 3145 3365 3135 3130 3240 3340 3220]
[2575 1935 1510 1460 1575 1390 1695 1580] [2555 3125 3105 3230 3155 3205 3475 3335]
[2505 1955 1630 1430 1410 1405 1545 1585] [2200 2905 3035 3445 3165 3375 3415 3465]
[2540 2175 1760 1495 1535 1545 1465 1760] [2395 3085 3630 3510 3485 3130 3545 3345]
[2510 2370 1815 1430 1405 1665 1660 1905] [2875 3130 3205 3440 3370 3310 3375 3510]
COM8 1 42
3
[2415 1860 1415 1440 1410 1340 1450 1495] [2520 2970 3160 2975 3160 2950 3150 3200]
[2405 2095 1295 1350 1470 1510 1475 1555] [2470 2775 3105 3175 3050 3350 3320 3070]
[2260 1705 1505 1360 1385 1425 1415 1700] [2490 2815 3115 3120 3225 3190 3125 3070]
[2365 1820 1670 1410 1490 1405 1580 1550] [2415 2870 3290 3175 3225 3035 3165 3165]
[2575 1935 1510 1460 1575 1390 1695 1580] [2495 2745 3185 3080 3025 3250 3090 3335]
[2505 1955 1630 1430 1410 1405 1545 1585] [2320 3190 3085 3270 3175 3130 3205 2955]
[2540 2175 1760 1495 1535 1545 1465 1760] [2555 3010 3210 3195 3335 3235 3185 3445]
[2510 2370 1815 1430 1405 1665 1660 1905] [2705 2950 3435 3355 3255 3165 3295 3215]
COM3 0 43
3
[2575 1935 1700 1845 1880 1640 1835 2045] [2520 2970 3160 2975 3160 2950 3150 3200]
[2540 2030 1615 1735 1590 1655 1785 2175] [2470 2775 3105 3175 3050 3350 3320 3070]
[2540 1950 1665 1700 1505 1760 1740 2055] [2490 2815 3115 3120 3225 3190 3125 3070]
[2445 1955 1805 1820 1715 1785 1755 1820] [2415 2870 3290 3175 3225 3035 3165 3165]
[2295 2025 1795 1625 1745 1825 1915 1990] [2495 2745 3185 3080 3025 3250 3090 3335]
[2500 2195 1885 1670 1550 1850 1915 2045] [2320 3190 3085 3270 3175 3130 3205 2955]
[2800 2330 1985 1690 1675 1605 1730 2095] [2555 3010 3210 3195 3335 3235 3185 3445]
[3035 2270 2115 1620 1840 1855 1825 2675] [2705 2950 3435 3355 3255 3165 3295 3215]
COM8 1 44
3
[2575 1935 1700 1845 1880 1640 1835 2045] [2425 3025 3415 3260 3160 3130 3220 3130]
[2540 2030 1615 1735 1590 1655 1785 2175] [2320 2745 3225 3025 3030 3280 3095 3280]
[2540 1950 1665 1700 1505 1760 1740 2055] [2355 2875 3075 3160 3180 3185 3135 3045]
[2445 1955 1805 1820 1715 1785 1755 1820] [2460 2735 3430 3090 3165 3035 3280 3035]
[2295 2025 1795 1625 1745 1825 1915 1990] [2485 3035 3145 3140 3265 3245 3240 3450]
[2500 2195 1885 1670 1550 1850 1915 2045] [2385 2805 3025 3350 3175 2960 3265 3395]
[2800 2330 1985 1690 1675 1605 1730 2095] [2335 3120 3295 3405 3150 3305 3265 3295]
[3035 2270 2115 1620 1840 1855 1825 2675] [2545 2945 3370 3445 3460 3045 3225 3135]
COM3 0 45
3
[2590 1830 1795 1605 1570 1570 1720 1980] [2425 3025 3415 3260 3160 3130 3220 3130]
[2550 2225 1765 1495 1720 1735 1805 2105] [2320 2745 3225 3025 3030 3280 3095 3280]
[2665 2100 1760 1555 1630 1685 1785 1995] [2355 2875 3075 3160 3180 3185 3135 3045]
[2445 1995 1895 1645 1725 1570 1820 1990] [2460 2735 3430 3090 3165 3035 3280 3035]
[2460 2030 1725 1740 1680 1595 1795 2100] [2485 3035 3145 3140 3265 3245 3240 3450]
[2435 2115 1945 1735 1565 1765 1830 2180] [2385 2805 3025 3350 3175 2960 3265 3395]
[2375 2310 1750 1835 1710 1765 1670 2285] [2335 3120 3295 3405 3150 3305 3265 3295]
[2495 2755 2060 1575 1695 1750 1940 1975] [2545 2945 3370 3445 3460 3045 3225 3135]
COM8 1 46
3
[2590 1830 1795 1605 1570 1570 1720 1980] [2475 2665 3015 2895 3000 3280 3020 3155]
[2550 2225 1765 1495 1720 1735 1805 2105] [2470 2670 3025 3020 3105 3115 2970 3030]
[2665 2100 1760 1555 1630 1685 1785 1995] [2530 2750 3065 3040 3250 3215 3075 3150]
[2445 1995 1895 1645 1725 1570 1820 1990] [2485 2960 3300 3145 3215 3085 3175 3135]
[2460 2030 1725 1740 1680 1595 1795 2100] [2575 2895 3110 2950 3170 3220 3180 3295]
[2435 2115 1945 1735 1565 1765 1830 2180] [2520 2820 3320 3185 3085 3130 3195 3225]
[2375 2310 1750 1835 1710 1765 1670 2285] [2500 2905 3215 3245 3285 3205 3410 3380]
[2495 2755 2060 1575 1695 1750 1940 1975] [2385 3205 3270 3390 3135 3245 3160 3315]
COM3 0 47
3
[2390 1975 1520 1525 1600 1495 1395 1705] [2475 2665 3015 2895 3000 3280 3020 3155]
[2300 2035 1645 1595 1625 1430 1580 1995] [2470 2670 3025 3020 3105 3115 2970 3030]
[2135 1850 1675 1495 1500 1565 1670 1665] [2530 2750 3065 3040 3250 3215 3075 3150]
[2640 1885 1775 1440 1495 1615 1545 1690] [2485 2960 3300 3145 3215 3085 3175 3135]
[2520 1955 1675 1535 1570 1550 1715 1870] [2575 2895 3110 2950 3170 3220 3180 3295]
[2640 2215 1900 1675 1500 1550 1865 1965] [2520 2820 3320 3185 3085 3130 3195 3225]
[2440 2185 1920 1675 1600 1550 1705 1865] [2500 2905 3215 3245 3285 3205 3410 3380]
[2740 2145 1880 1375 1540 1565 1665 2040] [2385 3205 3270 3390 3135 3245 3160 3315]
COM8 1 48
3
[2390 1975 1520 1525 1600 1495 1395 1705] [2470 2710 3150 3215 3350 3190 3040 3325]
[2300 2035 1645 1595 1625 1430 1580 1995] [2350 2765 3100 3160 3170 3285 3150 3155]
[2135 1850 1675 1495 1500 1565 1670 1665] [2495 2790 3130 3040 3085 3160 3280 3225]
[2640 1885 1775 1440 1495 1615 1545 1690] [2470 3045 3290 3210 3055 3315 3050 3030]
[2520 1955 1675 1535 1570 1550 1715 1870] [2505 2790 3265 2985 3080 2965 3375 3125]
[2640 2215 1900 1675 1500 1550 1865 1965] [2235 2945 3360 3210 3390 3370 3415 3155]
[2440 2185 1920 1675 1600 1550 1705 1865] [2445 3300 3205 3180 3265 3150 3405 3250]
[2740 2145 1880 1375 1540 1565 1665 2040] [2730 2785 3280 3505 3090 3225 3310 3100]
COM3 0 49
3
[2400 2175 1780 1685 1670 1575 1755 1870] [2470 2710 3150 3215 3350 3190 3040 3325]
[2575 1960 1510 1645 1705 1685 1555 1855] [2350 2765 3100 3160 3170 3285 3150 3155]
[2490 1945 1625 1520 1550 1545 1730 1935] [2495 2790 3130 3040 3085 3160 3280 3225]
[2425 2095 1805 1700 1600 1705 1720 1830] [2470 3045 3290 3210 3055 3315 3050 3030]
[2440 2170 1670 1655 1610 1580 1785 2045] [2505 2790 3265 2985 3080 2965 3375 3125]
[2335 2125 1835 1625 1630 1765 1850 2120] [2235 2945 3360 3210 3390 3370 3415 3155]
[3025 2225 1770 1860 1565 1735 1660 2115] [2445 3300 3205 3180 3265 3150 3405 3250]
[2980 2445 2300 1655 1610 1790 2225 2220] [2730 2785 3280 3505 3090 3225 3310 3100]
COM8 1 50
3
[2400 2175 1780 1685 1670 1575 1755 1870] [2450 2700 3170 3025 3090 3235 3185 3270]
[2575 1960 1510 1645 1705 1685 1555 1855] [2310 2770 3285 3100 2980 3345 3050 2935]
[2490 1945 1625 1520 1550 1545 1730 1935] [2415 2675 3160 3080 3185 3020 3155 3220]
[2425 2095 1805 1700 1600 1705 1720 1830] [2480 2820 3070 3180 3245 3185 3170 3135]
[2440 2170 1670 1655 1610 1580 1785 2045] [2530 3285 2905 2940 3250 3185 3155 3280]
[2335 2125 1835 1625 1630 1765 1850 2120] [2245 2915 2985 3340 3075 3290 3280 3100]
[3025 2225 1770 1860 1565 1735 1660 2115] [2230 3100 3285 3145 3215 3145 3330 3330]
[2980 2445 2300 1655 1610 1790 2225 2220] [2640 3350 3195 3465 3345 3330 3370 2965]
COM3 0 51
3
[2470 1935 1785 1835 1805 1695 1900 2075] [2450 2700 3170 3025 3090 3235 3185 3270]
[2540 2220 1720 1720 1865 1885 1675 2265] [2310 2770 3285 3100 2980 3345 3050 2935]
[2515 2145 1650 1755 1655 1755 1790 1960] [2415 2675 3160 3080 3185 3020 3155 3220]
[2495 2340 1960 1660 1675 1725 1800 2115] [2480 2820 3070 3180 3245 3185 3170 3135]
[2580 2235 1840 1685 1740 1730 1960 2215] [2530 3285 2905 2940 3250 3185 3155 3280]
[2260 2375 1835 1855 1600 1815 1885 2395] [2245 2915 2985 3340 3075 3290 3280 3100]
[2780 2480 1995 1805 1815 1805 1750 2480] [2230 3100 3285 3145 3215 3145 3330 3330]
[3035 2200 2035 2040 1855 1860 2160 2245] [2640 3350 3195 3465 3345 3330 3370 2965]
COM8 1 52
3
[2470 1935 1785 1835 1805 1695 1900 2075] [2450 2745 3115 3210 3230 2895 2945 3105]
[2540 2220 1720 1720 1865 1885 1675 2265] [2255 2605 3275 2960 2990 3030 2900 2745]
[2515 2145 1650 1755 1655 1755 1790 1960] [2095 2895 3050 3175 2915 3000 3070 2975]
[2495 2340 1960 1660 1675 1725 1800 2115] [2325 2600 3160 3185 3110 3130 3035 3095]
[2580 2235 1840 1685 1740 1730 1960 2215] [2295 3065 3290 3105 2900 2950 3180 3185]
[2260 2375 1835 1855 1600 1815 1885 2395] [2080 2940 2880 3245 2950 3010 3145 3115]
[2780 2480 1995 1805 1815 1805 1750 2480] [2435 3170 3130 3180 2870 3000 3095 3440]
[3035 2200 2035 2040 1855 1860 2160 2245] [2485 2945 3300 3475 3225 3055 3070 3205]
COM3 0 53
3
[2465 1930 1590 1570 1540 1440 1585 1835] [2450 2745 3115 3210 3230 2895 2945 3105]
[2590 2020 1570 1480 1575 1600 1640 1930] [2255 2605 3275 2960 2990 3030 2900 2745]
[2340 1985 1620 1570 1445 1595 1625 1965] [2095 2895 3050 3175 2915 3000 3070 2975]
[2595 2075 1650 1535 1595 1595 1615 1885] [2325 2600 3160 3185 3110 3130 3035 3095]
[2405 1945 1670 1630 1580 1575 1795 1935] [2295 3065 3290 3105 2900 2950 3180 3185]
[2555 2250 1775 1590 1445 1440 1525 1730] [2080 2940 2880 3245 2950 3010 3145 3115]
[2670 2355 1895 1420 1470 1525 1585 2065] [2435 3170 3130 3180 2870 3000 3095 3440]
[2450 2465 2065 1555 1510 1615 1785 1820] [2485 2945 3300 3475 3225 3055 3070 3205]
COM8 1 54
3
[2465 1930 1590 1570 1540 1440 1585 1835] [2505 2850 3110 3325 3170 3175 3100 3255]
[2590 2020 1570 1480 1575 1600 1640 1930] [2365 2960 3185 3145 3060 3200 2945 2955]
[2340 1985 1620 1570 1445 1595 1625 1965] [2390 2785 3035 3105 3155 3035 3090 3000]
[2595 2075 1650 1535 1595 1595 1615 1885] [2515 2525 3045 3175 3135 3240 3380 3025]
[2405 1945 1670 1630 1580 1575 1795 1935] [2385 3135 3170 3180 3175 3195 3110 3300]
[2555 2250 1775 1590 1445 1440 1525 1730] [2570 2940 3250 3380 3105 3155 3300 3050]
[2670 2355 1895 1420 1470 1525 1585 2065] [2590 3010 3385 3150 3285 3205 3265 3410]
[2450 2465 2065 1555 1510 1615 1785 1820] [2445 2895 3255 3265 3035 3110 3265 3380]
COM3 0 55
3
[2670 1760 1580 1705 1630 1605 1600 1980] [2505 2850 3110 3325 3170 3175 3100 3255]
[2510 2130 1635 1595 1710 1685 1670 2025] [2365 2960 3185 3145 3060 3200 2945 2955]
[2445 1820 1760 1615 1680 1670 1700 2115] [2390 2785 3035 3105 3155 3035 3090 3000]
[2575 2150 1780 1785 1675 1805 1675 1915] [2515 2525 3045 3175 3135 3240 3380 3025]
[2575 2290 1705 1660 1775 1560 1800 2100] [2385 3135 3170 3180 3175 3195 3110 3300]
[2515 2050 1945 1710 1595 1670 1870 1985] [2570 2940 3250 3380 3105 3155 3300 3050]
[2555 2270 1815 1635 1715 1815 1515 2385] [2590 3010 3385 3150 3285 3205 3265 3410]
[2890 2555 2130 1570 1545 1780 2135 2105] [2445 2895 3255 3265 3035 3110 3265 3380]
COM8 1 56
3
[2670 1760 1580 1705 1630 1605 1600 1980] [2435 2610 3170 3045 3380 3045 2950 3220]
[2510 2130 1635 1595 1710 1685 1670 2025] [2360 2725 3110 2995 3000 3025 2980 3075]
[2445 1820 1760 1615 1680 1670 1700 2115] [2265 2755 3225 3160 2960 3125 3055 3065]
[2575 2150 1780 1785 1675 1805 1675 1915] [2385 2825 3250 3010 3045 3065 3055 2900]
[2575 2290 1705 1660 1775 1560 1800 2100] [2370 3035 3195 2915 3080 2855 3025 3135]
[2515 2050 1945 1710 1595 1670 1870 1985] [2135 2955 3135 3310 2950 3180 3010 2945]
[2555 2270 1815 1635 1715 1815 1515 2385] [2515 3150 3190 2855 3160 2945 3135 3210]
[2890 2555 2130 1570 1545 1780 2135 2105] [2520 3305 3320 3345 3270 3180 3340 3125]
COM3 0 57
3
[2575 1970 1835 1570 1740 1680 1785 2210] [2435 2610 3170 3045 3380 3045 2950 3220]
[2630 1985 1575 1730 1800 1840 1830 1950] [2360 2725 3110 2995 3000 3025 2980 3075]
[2290 1895 1725 1605 1750 1670 1780 1920] [2265 2755 3225 3160 2960 3125 3055 3065]
[2595 2115 1855 1665 1730 1650 1805 2075] [2385 2825 3250 3010 3045 3065 3055 2900]
[2575 2080 1830 1610 1775 1650 1945 2035] [2370 3035 3195 2915 3080 2855 3025 3135]
[2650 2305 1935 1810 1600 1695 2040 2055] [2135 2955 3135 3310 2950 3180 3010 2945]
[2880 2380 1820 1835 1620 1705 1525 2415] [2515 3150 3190 2855 3160 2945 3135 3210]
[2895 2460 1840 1565 1750 1790 1930 2405] [2520 3305 3320 3345 3270 3180 3340 3125]
COM8 1 58
3
[2575 1970 1835 1570 1740 1680 1785 2210] [2435 2870 3090 2895 3160 3205 3105 3180]
[2630 1985 1575 1730 1800 1840 1830 1950] [2415 2695 3150 3140 3120 3205 3150 3115]
[2290 1895 1725 1605 1750 1670 1780 1920] [2410 2840 3185 3185 3220 3220 3180 3100]
[2595 2115 1855 1665 1730 1650 1805 2075] [2405 2705 3095 3180 3165 3020 3075 3150]
[2575 2080 1830 1610 1775 1650 1945 2035] [2545 2890 3290 3060 3115 3080 3280 3200]
[2650 2305 1935 1810 1600 1695 2040 2055] [2365 2830 3255 3265 3280 3305 3220 3260]
[2880 2380 1820 1835 1620 1705 1525 2415] [2505 3160 3455 3470 3465 3345 3310 3480]
[2895 2460 1840 1565 1750 1790 1930 2405] [2525 2810 3195 3400 3215 3250 3415 3595]
COM3 0 59
3
[2395 1840 1675 1585 1690 1560 1610 1850] [2435 2870 3090 2895 3160 3205 3105 3180]
[2540 1925 1415 1515 1525 1470 1670 1950] [2415 2695 3150 3140 3120 3205 3150 3115]
[2265 1780 1585 1525 1570 1590 1605 1835] [2410 2840 3185 3185 3220 3220 3180 3100]
[2375 1745 1625 1640 1610 1570 1645 1895] [2405 2705 3095 3180 3165 3020 3075 3150]
[2530 1880 1785 1545 1920 1555 1815 2110] [2545 2890 3290 3060 3115 3080 3280 3200]
[2565 2030 1850 1645 1520 1630 1580 1815] [2365 2830 3255 3265 3280 3305 3220 3260]
[2575 2340 1705 1600 1505 1575 1675 1950] [2505 3160 3455 3470 3465 3345 3310 3480]
[2800 2275 1900 1605 1630 1675 1690 2025] [2525 2810 3195 3400 3215 3250 3415 3595]
COM8 1 60
3
[2395 1840 1675 1585 1690 1560 1610 1850] [2510 2895 3165 3205 3285 3250 3260 3330]
[2540 1925 1415 1515 1525 1470 1670 1950] [2275 2835 3150 3310 3225 3280 3425 3325]
[2265 1780 1585 1525 1570 1590 1605 1835] [2430 2715 3150 3030 3195 3295 3305 3350]
[2375 1745 1625 1640 1610 1570 1645 1895] [2605 3205 3200 3405 3255 3160 3405 3080]
[2530 1880 1785 1545 1920 1555 1815 2110] [2445 2895 3245 3140 3365 3350 3590 3475]
[2565 2030 1850 1645 1520 1630 1580 1815] [2545 2900 3245 3300 3280 3435 3240 3355]
[2575 2340 1705 1600 1505 1575 1675 1950] [2790 3110 3140 3290 3430 3445 3410 3445]
[2800 2275 1900 1605 1630 1675 1690 2025] [2725 3325 3335 3360 3255 3150 3405 3435]
COM3 0 61
3
[2430 1885 1825 1795 1770 1535 2040 2135] [2510 2895 3165 3205 3285 3250 3260 3330]
[2375 2010 1555 1685 1700 1805 1575 1935] [2275 2835 3150 3310 3225 3280 3425 3325]
[2510 1945 1800 1705 1620 1605 1835 2020] [2430 2715 3150 3030 3195 3295 3305 3350]
[2620 2055 1825 1810 1650 1695 1875 2115] [2605 3205 3200 3405 3255 3160 3405 3080]
[2655 2035 1925 1715 1815 1875 1820 2085] [2445 2895 3245 3140 3365 3350 3590 3475]
[2745 2160 2015 1680 1705 1795 1915 2305] [2545 2900 3245 3300 3280 3435 3240 3355]
[2560 2380 1845 1820 2020 1735 1950 2035] [2790 3110 3140 3290 3430 3445 3410 3445]
[3005 2365 2360 1685 1790 1770 2190 1985] [2725 3325 3335 3360 3255 3150 3405 3435]
COM8 1 62
3
[2430 1885 1825 1795 1770 1535 2040 2135] [2385 2775 3010 3125 3335 3015 3175 3275]
[2375 2010 1555 1685 1700 1805 1575 1935] [2425 2805 3130 3015 3105 3195 3115 2980]
[2510 1945 1800 1705 1620 1605 1835 2020] [2525 2910 3030 3170 3120 3150 3095 3065]
[2620 2055 1825 1810 1650 1695 1875 2115] [2450 2805 3100 3295 3065 3030 3160 3050]
[2655 2035 1925 1715 1815 1875 1820 2085] [2475 2650 3190 3095 3175 3035 3155 3130]
[2745 2160 2015 1680 1705 1795 1915 2305] [2500 3020 3145 3290 3190 3395 3225 3440]
[2560 2380 1845 1820 2020 1735 1950 2035] [2595 3315 3200 3140 3175 3005 3475 3320]
[3005 2365 2360 1685 1790 1770 2190 1985] [2600 3180 3220 3385 3280 3145 3345 3280]
COM3 0 63
3
[2605 1980 1705 1710 1790 1690 1825 1965] [2385 2775 3010 3125 3335 3015 3175 3275]
[2550 2180 1635 1685 1820 1760 1610 2085] [2425 2805 3130 3015 3105 3195 3115 2980]
[2355 2100 1705 1615 1690 1775 1735 2080] [2525 2910 3030 3170 3120 3150 3095 3065]
[2495 2115 1785 1695 1685 1685 1635 1795] [2450 2805 3100 3295 3065 3030 3160 3050]
[2400 1960 1755 1645 1665 1660 1740 2070] [2475 2650 3190 3095 3175 3035 3155 3130]
[2385 2275 2020 1825 1765 1760 2045 2045] [2500 3020 3145 3290 3190 3395 3225 3440]
[2820 2460 1900 1800 1715 1645 1770 2025] [2595 3315 3200 3140 3175 3005 3475 3320]
[3035 2285 2130 1635 1855 1875 1940 2065] [2600 3180 3220 3385 3280 3145 3345 3280]
COM8 1 64
3
[2605 1980 1705 1710 1790 1690 1825 1965] [2340 2785 3115 3130 3260 3130 2915 3270]
[2550 2180 1635 1685 1820 1760 1610 2085] [2370 2735 3125 2995 3175 3245 3130 3275]
[2355 2100 1705 1615 1690 1775 1735 2080] [2450 2915 3110 3235 3165 3190 3340 3100]
[2495 2115 1785 1695 1685 1685 1635 1795] [2405 2890 3215 3250 3095 3110 3305 3190]
[2400 1960 1755 1645 1665 1660 1740 2070] [2440 3150 3115 3220 3080 3125 3205 3040]
[2385 2275 2020 1825 1765 1760 2045 2045] [2510 2880 3220 3210 3175 3205 3275 3340]
[2820 2460 1900 1800 1715 1645 1770 2025] [2395 3095 3075 3080 3215 3335 3445 3250]
[3035 2285 2130 1635 1855 1875 1940 2065] [2625 3260 3145 3410 3115 3295 3250 3520]
COM3 0 65
3
[2440 2225 1600 1645 1705 1625 1705 1975] [2340 2785 3115 3130 3260 3130 2915 3270]
[2570 1940 1750 1580 1620 1575 1610 2125] [2370 2735 3125 2995 3175 3245 3130 3275]
[2430 1930 1840 1545 1510 1605 1720 1895] [2450 2915 3110 3235 3165 3190 3340 3100]
[2475 2215 1875 1640 1690 1660 1865 2000] [2405 2890 3215 3250 3095 3110 3305 3190]
[2530 2095 1835 1645 1755 1610 1885 1890] [2440 3150 3115 3220 3080 3125 3205 3040]
[2565 1985 2040 1775 1455 1670 1900 2185] [2510 2880 3220 3210 3175 3205 3275 3340]
[2490 2250 1825 1745 1570 1675 1585 2035] [2395 3095 3075 3080 3215 3335 3445 3250]
[3035 2345 2200 1770 1815 1700 1990 2520] [2625 3260 3145 3410 3115 3295 3250 3520]