COM8 0 6
0
[2465 2210 2070 2735 2820 2850 2965 2880] [2950 2905 3150 3055 2905 2875 2910 3025]
[2585 2075 2210 2515 2865 2845 2895 2840] [3175 3010 3175 2880 3030 2850 2965 2980]
[2160 1945 2400 2540 2800 2905 2875 3015] [3035 3085 3160 3055 3175 2915 2980 2905]
[1980 2165 2405 2445 2940 3015 3025 2870] [3085 3100 3000 3025 3105 3125 2960 2900]
[1805 1790 2140 2430 2990 2875 2995 3185] [3125 3220 2965 2880 3030 3050 3050 3070]
[1685 1960 2240 2410 2540 2940 3130 2795] [3205 2970 3120 3075 3065 3120 3140 3205]
[1655 1595 1885 2310 2600 2995 2805 3030] [3080 3175 3225 3090 3070 3185 3070 3055]
[1825 1875 2000 2175 2635 3040 3260 2860] [3025 3150 3135 3335 2940 3135 2950 3015]
COM3 1 7
0
[2465 2210 2070 2735 2820 2850 2965 2880] [3055 3135 3170 3010 2920 3035 3285 2985]
[2585 2075 2210 2515 2865 2845 2895 2840] [3275 3095 3065 2950 2925 3105 3050 2925]
[2160 1945 2400 2540 2800 2905 2875 3015] [2970 3220 3045 2925 3030 3020 3005 2945]
[1980 2165 2405 2445 2940 3015 3025 2870] [3270 3370 3200 3200 3010 2960 3030 2965]
[1805 1790 2140 2430 2990 2875 2995 3185] [2965 3175 3235 3065 3045 3070 3055 3070]
[1685 1960 2240 2410 2540 2940 3130 2795] [3035 3005 3175 3160 2970 3215 3065 3000]
[1655 1595 1885 2310 2600 2995 2805 3030] [3150 3055 3220 3210 3120 3050 3190 3140]
[1825 1875 2000 2175 2635 3040 3260 2860] [3150 3125 3270 3350 3105 3180 3105 3015]
COM8 0 8
0
[2550 2105 2000 2650 2845 2805 2950 2850] [3055 3135 3170 3010 2920 3035 3285 2985]
[2420 2150 2155 2445 2805 2935 2905 2945] [3275 3095 3065 2950 2925 3105 3050 2925]
[2140 1825 2035 2495 2750 2935 2785 2850] [2970 3220 3045 2925 3030 3020 3005 2945]
[1920 1785 2295 2445 2690 3105 2905 2720] [3270 3370 3200 3200 3010 2960 3030 2965]
[1855 1775 2250 2360 2575 2950 2970 3035] [2965 3175 3235 3065 3045 3070 3055 3070]
[1645 1650 1925 2285 2550 2825 3265 2890] [3035 3005 3175 3160 2970 3215 3065 3000]
[1730 1500 1820 2245 2525 2610 3160 2845] [3150 3055 3220 3210 3120 3050 3190 3140]
[1785 1550 1800 1875 2405 2840 3050 3315] [3150 3125 3270 3350 3105 3180 3105 3015]
COM3 1 9
0
[2550 2105 2000 2650 2845 2805 2950 2850] [2910 3015 2995 2940 3175 2875 2995 3115]
[2420 2150 2155 2445 2805 2935 2905 2945] [2955 2910 3085 3020 2925 3100 2945 2975]
[2140 1825 2035 2495 2750 2935 2785 2850] [3095 3060 2970 2935 3025 2915 3005 2950]
[1920 1785 2295 2445 2690 3105 2905 2720] [3085 3375 3075 2970 3010 2905 2985 2880]
[1855 1775 2250 2360 2575 2950 2970 3035] [3000 3000 3080 3010 2925 3060 3110 3170]
[1645 1650 1925 2285 2550 2825 3265 2890] [3000 3005 3005 3145 3010 2950 3200 3240]
[1730 1500 1820 2245 2525 2610 3160 2845] [2955 3260 3235 2885 2965 3140 3155 3150]
[1785 1550 1800 1875 2405 2840 3050 3315] [3080 3080 3245 3120 2995 3175 3010 3005]
COM8 0 10
0
[2410 2195 1855 2470 2625 2775 3105 2780] [2910 3015 2995 2940 3175 2875 2995 3115]
[2485 2135 2315 2640 2670 2810 2900 2945] [2955 2910 3085 3020 2925 3100 2945 2975]
[1690 1985 2180 2350 2825 2875 2810 3040] [3095 3060 2970 2935 3025 2915 3005 2950]
[1990 1855 2250 2465 2715 2950 3010 2830] [3085 3375 3075 2970 3010 2905 2985 2880]
[1930 1755 2150 2215 2940 2840 2985 3095] [3000 3000 3080 3010 2925 3060 3110 3170]
[1905 1835 1900 2135 2340 2780 3205 2860] [3000 3005 3005 3145 3010 2950 3200 3240]
[1820 1695 1745 2005 2210 2785 2900 3030] [2955 3260 3235 2885 2965 3140 3155 3150]
[2025 1550 1735 1875 2160 2490 2860 2990] [3080 3080 3245 3120 2995 3175 3010 3005]
COM3 1 11
0
[2410 2195 1855 2470 2625 2775 3105 2780] [3145 2735 3275 2925 3205 2970 2925 3020]
[2485 2135 2315 2640 2670 2810 2900 2945] [2950 3075 3010 2960 2870 2910 3030 2925]
[1690 1985 2180 2350 2825 2875 2810 3040] [3055 3020 2970 3040 3045 2925 2900 2910]
[1990 1855 2250 2465 2715 2950 3010 2830] [2980 3080 3110 2960 3085 3000 3095 3055]
[1930 1755 2150 2215 2940 2840 2985 3095] [3105 3025 3150 3000 2870 2910 3065 3125]
[1905 1835 1900 2135 2340 2780 3205 2860] [2920 3005 3025 3085 3000 3035 3135 3005]
[1820 1695 1745 2005 2210 2785 2900 3030] [3240 3160 3035 3200 3095 3070 3170 3175]
[2025 1550 1735 1875 2160 2490 2860 2990] [3155 3100 3110 3200 3050 3235 3040 3240]
COM8 0 12
0
[2085 2150 2035 2265 2620 2905 2880 2850] [3145 2735 3275 2925 3205 2970 2925 3020]
[2115 2125 1815 2375 2735 3025 2815 2875] [2950 3075 3010 2960 2870 2910 3030 2925]
[1820 1905 1890 2465 2760 2845 2810 2940] [3055 3020 2970 3040 3045 2925 2900 2910]
[1930 1820 1925 2345 2725 2920 3115 2925] [2980 3080 3110 2960 3085 3000 3095 3055]
[2310 1915 1805 2140 2420 2800 2985 2870] [3105 3025 3150 3000 2870 2910 3065 3125]
[2210 2105 1855 2075 2435 2590 2970 3010] [2920 3005 3025 3085 3000 3035 3135 3005]
[2020 1645 1640 1735 2130 2390 2695 2965] [3240 3160 3035 3200 3095 3070 3170 3175]
[2235 1700 1735 1625 2055 2400 2805 3180] [3155 3100 3110 3200 3050 3235 3040 3240]
COM3 1 13
0
[2085 2150 2035 2265 2620 2905 2880 2850] [2945 3120 2900 3010 3020 3050 2995 3170]
[2115 2125 1815 2375 2735 3025 2815 2875] [3255 2995 3130 2910 2985 3020 2965 2925]
[1820 1905 1890 2465 2760 2845 2810 2940] [2905 3115 3295 3020 3055 3010 3000 2870]
[1930 1820 1925 2345 2725 2920 3115 2925] [3250 2895 3250 3180 3015 3025 3050 3180]
[2310 1915 1805 2140 2420 2800 2985 2870] [2995 3090 3290 3105 2970 3030 3010 3155]
[2210 2105 1855 2075 2435 2590 2970 3010] [2920 3135 2985 3225 3165 3175 3125 3200]
[2020 1645 1640 1735 2130 2390 2695 2965] [3220 3245 3300 3010 3045 3110 3095 3305]
[2235 1700 1735 1625 2055 2400 2805 3180] [3325 3120 3075 3345 2990 3085 3170 3095]
COM8 0 14
0
[2365 1825 2125 2300 2605 2775 2860 3015] [2945 3120 2900 3010 3020 3050 2995 3170]
[1965 1860 1955 2380 2755 2920 2925 2940] [3255 2995 3130 2910 2985 3020 2965 2925]
[2115 2110 1840 2250 2535 2755 2895 3095] [2905 3115 3295 3020 3055 3010 3000 2870]
[2360 1795 1860 2305 2635 2835 2790 2895] [3250 2895 3250 3180 3015 3025 3050 3180]
[2215 1945 2070 2075 2460 2775 2935 3125] [2995 3090 3290 3105 2970 3030 3010 3155]
[2315 2210 2035 1860 2050 2425 2790 2840] [2920 3135 2985 3225 3165 3175 3125 3200]
[2395 2145 1725 1780 1855 2025 2690 2935] [3220 3245 3300 3010 3045 3110 3095 3305]
[2485 1895 1845 1575 1790 2095 2645 2995] [3325 3120 3075 3345 2990 3085 3170 3095]
COM3 1 15
0
[2365 1825 2125 2300 2605 2775 2860 3015] [2620 2965 2900 2905 3080 2955 2965 3020]
[1965 1860 1955 2380 2755 2920 2925 2940] [3025 3025 3115 2995 2985 3020 3080 2815]
[2115 2110 1840 2250 2535 2755 2895 3095] [2835 3125 3080 2995 3045 2935 2890 3035]
[2360 1795 1860 2305 2635 2835 2790 2895] [3225 3005 3045 3025 2990 3010 3020 3000]
[2215 1945 2070 2075 2460 2775 2935 3125] [3070 3025 3080 2935 2970 3010 3050 3065]
[2315 2210 2035 1860 2050 2425 2790 2840] [2915 2945 2995 3125 2890 3000 3135 2875]
[2395 2145 1725 1780 1855 2025 2690 2935] [3035 3195 3140 3180 3055 2995 2925 3030]
[2485 1895 1845 1575 1790 2095 2645 2995] [3150 3095 3320 3220 3075 3130 3055 3160]
COM8 0 16
0
[2240 2145 2240 2360 2470 2730 2920 2785] [2620 2965 2900 2905 3080 2955 2965 3020]
[2440 2160 2065 2465 2555 2890 2905 2840] [3025 3025 3115 2995 2985 3020 3080 2815]
[2235 2115 1940 2235 2560 2825 2955 3030] [2835 3125 3080 2995 3045 2935 2890 3035]
[2540 2220 2165 2035 2435 2890 2885 2820] [3225 3005 3045 3025 2990 3010 3020 3000]
[2965 2230 2165 2060 2290 2565 2955 2830] [3070 3025 3080 2935 2970 3010 3050 3065]
[2705 2460 1965 1775 1890 2350 3050 3035] [2915 2945 2995 3125 2890 3000 3135 2875]
[2820 2350 1915 1710 1800 2065 2550 2555] [3035 3195 3140 3180 3055 2995 2925 3030]
[2710 2255 1630 1620 1975 2150 2610 2875] [3150 3095 3320 3220 3075 3130 3055 3160]
COM3 1 17
0
[2240 2145 2240 2360 2470 2730 2920 2785] [2825 2825 2995 2845 2695 3070 2980 2980]
[2440 2160 2065 2465 2555 2890 2905 2840] [2965 2910 3065 3100 2850 3165 2870 2870]
[2235 2115 1940 2235 2560 2825 2955 3030] [2970 2965 2960 2895 3045 2985 2960 2945]
[2540 2220 2165 2035 2435 2890 2885 2820] [3070 3025 3055 2910 3120 3080 3060 2975]
[2965 2230 2165 2060 2290 2565 2955 2830] [2875 3035 2950 2985 3065 2910 2960 3170]
[2705 2460 1965 1775 1890 2350 3050 3035] [2920 3085 3125 3105 3010 3035 3000 2975]
[2820 2350 1915 1710 1800 2065 2550 2555] [3065 3200 2925 3070 3070 2985 3090 3040]
[2710 2255 1630 1620 1975 2150 2610 2875] [2840 3005 3125 3285 3120 3110 3055 3015]
COM8 0 18
0
[2490 2010 2150 2210 2505 2835 2910 2830] [2825 2825 2995 2845 2695 3070 2980 2980]
[2550 2335 1750 2325 2610 2855 2735 2935] [2965 2910 3065 3100 2850 3165 2870 2870]
[2675 2370 2080 2100 2515 2800 2835 2760] [2970 2965 2960 2895 3045 2985 2960 2945]
[2755 2330 2005 2030 2290 2510 2820 2865] [3070 3025 3055 2910 3120 3080 3060 2975]
[2995 2370 2225 1835 2125 2150 2605 3020] [2875 3035 2950 2985 3065 2910 2960 3170]
[2415 2300 2075 1830 1665 1955 2230 2740] [2920 3085 3125 3105 3010 3035 3000 2975]
[2760 2395 1945 1625 1585 1740 2225 2520] [3065 3200 2925 3070 3070 2985 3090 3040]
[2680 2290 2075 1555 1600 1765 2035 2530] [2840 3005 3125 3285 3120 3110 3055 3015]
COM3 1 19
0
[2490 2010 2150 2210 2505 2835 2910 2830] [2930 3045 2975 2810 3020 2790 2930 3115]
[2550 2335 1750 2325 2610 2855 2735 2935] [2905 2910 3075 3005 2925 3065 2935 2975]
[2675 2370 2080 2100 2515 2800 2835 2760] [3040 2965 2970 3010 3115 2980 3045 2965]
[2755 2330 2005 2030 2290 2510 2820 2865] [2815 3070 3000 3010 2950 2835 3060 3030]
[2995 2370 2225 1835 2125 2150 2605 3020] [3110 3145 3170 3175 2940 3165 3095 3205]
[2415 2300 2075 1830 1665 1955 2230 2740] [3040 3095 3160 2975 3085 3050 3050 3005]
[2760 2395 1945 1625 1585 1740 2225 2520] [3175 3055 3140 3190 2965 3110 3145 3250]
[2680 2290 2075 1555 1600 1765 2035 2530] [3150 3095 3125 3225 2970 3085 3055 3140]
COM8 0 20
0
[2740 2460 2090 2060 2555 2840 2965 2965] [2930 3045 2975 2810 3020 2790 2930 3115]
[2605 2475 2160 2085 2490 2630 2885 2900] [2905 2910 3075 3005 2925 3065 2935 2975]
[2775 2595 2135 1970 2270 2670 2735 2995] [3040 2965 2970 3010 3115 2980 3045 2965]
[2740 2620 2170 2075 2265 2300 2465 2530] [2815 3070 3000 3010 2950 2835 3060 3030]
[2710 2530 2225 1735 1980 1985 2365 2485] [3110 3145 3170 3175 2940 3165 3095 3205]
[2750 2500 2195 1780 1730 1905 2215 2195] [3040 3095 3160 2975 3085 3050 3050 3005]
[3025 2445 2030 1755 1550 1690 1790 2200] [3175 3055 3140 3190 2965 3110 3145 3250]
[2785 2360 1885 1620 1600 1745 1895 2250] [3150 3095 3125 3225 2970 3085 3055 3140]
COM3 1 21
0
[2740 2460 2090 2060 2555 2840 2965 2965] [2945 2975 2995 3040 3150 2965 2955 2970]
[2605 2475 2160 2085 2490 2630 2885 2900] [2935 2995 3070 2785 3015 3065 2945 3005]
[2775 2595 2135 1970 2270 2670 2735 2995] [2945 3175 2915 2935 3000 2980 2915 3040]
[2740 2620 2170 2075 2265 2300 2465 2530] [3015 3120 3000 3025 3010 3185 3035 2880]
[2710 2530 2225 1735 1980 1985 2365 2485] [3090 3000 3075 2860 3030 3025 3010 3080]
[2750 2500 2195 1780 1730 1905 2215 2195] [2920 3010 3085 3115 3010 3065 3135 3000]
[3025 2445 2030 1755 1550 1690 1790 2200] [2975 3135 3035 3115 2975 3085 3245 3040]
[2785 2360 1885 1620 1600 1745 1895 2250] [3375 3160 3240 2960 2990 3030 3020 3165]
COM8 0 22
0
[2885 2300 2160 1810 2000 2395 2605 2700] [2945 2975 2995 3040 3150 2965 2955 2970]
[2765 2370 2070 1990 1875 2260 2545 2715] [2935 2995 3070 2785 3015 3065 2945 3005]
[2680 2350 2195 1940 2020 2080 2425 2665] [2945 3175 2915 2935 3000 2980 2915 3040]
[2655 2550 2215 2130 2160 2100 2200 2405] [3015 3120 3000 3025 3010 3185 3035 2880]
[2965 2825 2275 2055 1935 1865 2005 2445] [3090 3000 3075 2860 3030 3025 3010 3080]
[2965 2560 2240 1780 1915 1745 1890 2135] [2920 3010 3085 3115 3010 3065 3135 3000]
[2805 2525 2080 1835 1595 1690 1595 2085] [2975 3135 3035 3115 2975 3085 3245 3040]
[3045 2510 2105 1655 1610 1625 1780 1975] [3375 3160 3240 2960 2990 3030 3020 3165]
COM3 1 23
0
[2885 2300 2160 1810 2000 2395 2605 2700] [3275 3115 2705 2925 3085 2995 3110 2925]
[2765 2370 2070 1990 1875 2260 2545 2715] [2920 3000 2995 2855 2835 3065 2845 2925]
[2680 2350 2195 1940 2020 2080 2425 2665] [3130 3120 3060 2925 3025 2935 3050 2975]
[2655 2550 2215 2130 2160 2100 2200 2405] [2870 3120 3155 3045 3005 2890 2985 2980]
[2965 2825 2275 2055 1935 1865 2005 2445] [3075 3005 3195 2995 2970 3145 3010 3185]
[2965 2560 2240 1780 1915 1745 1890 2135] [3025 3005 2845 3180 3010 3065 3060 3075]
[2805 2525 2080 1835 1595 1690 1595 2085] [3050 3195 3020 2945 3110 2910 3070 3055]
[3045 2510 2105 1655 1610 1625 1780 1975] [3210 3060 3145 3110 3145 3140 3005 3080]
COM8 0 24
0
[2890 2405 2305 2300 2135 2320 2445 2350] [3275 3115 2705 2925 3085 2995 3110 2925]
[2605 2515 1865 2145 2280 2170 2265 2140] [2920 3000 2995 2855 2835 3065 2845 2925]
[2605 2270 2155 2070 2170 2270 2240 2200] [3130 3120 3060 2925 3025 2935 3050 2975]
[2850 2345 2355 2325 2100 2250 2125 2295] [2870 3120 3155 3045 3005 2890 2985 2980]
[3045 2600 2440 1970 2100 1840 2310 2180] [3075 3005 3195 2995 2970 3145 3010 3185]
[2795 2530 2285 1880 1570 1625 1700 1895] [3025 3005 2845 3180 3010 3065 3060 3075]
[3095 2390 2085 1860 1565 1600 1810 2020] [3050 3195 3020 2945 3110 2910 3070 3055]
[3045 2400 1985 1680 1510 1670 1915 1960] [3210 3060 3145 3110 3145 3140 3005 3080]
COM3 1 25
0
[2890 2405 2305 2300 2135 2320 2445 2350] [2890 3115 3225 3015 3020 2820 3210 2985]
[2605 2515 1865 2145 2280 2170 2265 2140] [3125 3095 3065 3105 2975 3100 2980 3050]
[2605 2270 2155 2070 2170 2270 2240 2200] [3115 3220 3215 3045 3195 2985 3030 2895]
[2850 2345 2355 2325 2100 2250 2125 2295] [3125 2945 3230 2970 3055 2985 2985 3020]
[3045 2600 2440 1970 2100 1840 2310 2180] [3055 3285 3195 2880 3040 3045 3205 3180]
[2795 2530 2285 1880 1570 1625 1700 1895] [3105 3165 3435 3090 3000 3065 3070 3160]
[3095 2390 2085 1860 1565 1600 1810 2020] [3175 3240 3275 3130 3050 3300 3260 3200]
[3045 2400 1985 1680 1510 1670 1915 1960] [3085 3005 3270 3335 3230 3070 3160 3080]
COM8 0 26
0
[2505 2510 2035 2355 2575 2730 2515 2360] [2890 3115 3225 3015 3020 2820 3210 2985]
[2900 2640 2335 2315 2520 2550 2545 2400] [3125 3095 3065 3105 2975 3100 2980 3050]
[2655 2595 2290 2140 2470 2500 2480 2260] [3115 3220 3215 3045 3195 2985 3030 2895]
[3005 2630 2165 2140 2415 2560 2435 2225] [3125 2945 3230 2970 3055 2985 2985 3020]
[3020 2600 2245 2035 1895 2010 2280 2350] [3055 3285 3195 2880 3040 3045 3205 3180]
[2960 2590 2430 2205 1780 1855 2030 1995] [3105 3165 3435 3090 3000 3065 3070 3160]
[2950 2555 2095 1950 1540 1555 1715 2025] [3175 3240 3275 3130 3050 3300 3260 3200]
[3045 2540 2265 1835 1770 1655 1945 1505] [3085 3005 3270 3335 3230 3070 3160 3080]
COM3 1 27
0
[2505 2510 2035 2355 2575 2730 2515 2360] [2945 2965 3130 2815 3015 3010 2860 3025]
[2900 2640 2335 2315 2520 2550 2545 2400] [2970 2910 2905 2960 2895 3020 3025 2840]
[2655 2595 2290 2140 2470 2500 2480 2260] [3050 3135 3165 3025 3000 2820 3000 2975]
[3005 2630 2165 2140 2415 2560 2435 2225] [3100 3065 3080 3025 3005 2970 2985 2945]
[3020 2600 2245 2035 1895 2010 2280 2350] [3065 2945 3130 3095 2910 2905 3110 3045]
[2960 2590 2430 2205 1780 1855 2030 1995] [3020 3010 2955 3210 2885 3000 3070 3110]
[2950 2555 2095 1950 1540 1555 1715 2025] [3080 3055 3155 2925 3095 2995 3155 2995]
[3045 2540 2265 1835 1770 1655 1945 1505] [3085 3135 2985 3255 3080 3090 3095 3200]
COM8 0 28
0
[2800 2470 2225 2300 2575 2605 2690 2530] [2945 2965 3130 2815 3015 3010 2860 3025]
[2785 2545 2100 2295 2520 2615 2590 2445] [2970 2910 2905 2960 2895 3020 3025 2840]
[2620 2565 2135 2080 2460 2625 2650 2455] [3050 3135 3165 3025 3000 2820 3000 2975]
[2700 2570 2290 2075 2270 2530 2300 2305] [3100 3065 3080 3025 3005 2970 2985 2945]
[3110 2530 2385 1980 2130 1960 2305 2215] [3065 2945 3130 3095 2910 2905 3110 3045]
[2590 2620 2560 2170 1955 1900 2085 1945] [3020 3010 2955 3210 2885 3000 3070 3110]
[3415 2730 2320 2010 1680 1560 1625 1725] [3080 3055 3155 2925 3095 2995 3155 2995]
[2880 2640 2125 1805 1615 1725 1715 1730] [3085 3135 2985 3255 3080 3090 3095 3200]
COM3 1 29
0
[2800 2470 2225 2300 2575 2605 2690 2530] [2810 2980 2990 2815 2855 3050 2995 3025]
[2785 2545 2100 2295 2520 2615 2590 2445] [2975 2980 3100 2980 2925 3055 2885 3075]
[2620 2565 2135 2080 2460 2625 2650 2455] [3100 3175 3040 3020 3010 2885 2915 2945]
[2700 2570 2290 2075 2270 2530 2300 2305] [3085 3030 3045 3015 2915 2950 3020 3010]
[3110 2530 2385 1980 2130 1960 2305 2215] [2910 3065 3170 2855 2935 2990 3110 3125]
[2590 2620 2560 2170 1955 1900 2085 1945] [3050 3010 3125 3055 3010 2925 3160 3225]
[3415 2730 2320 2010 1680 1560 1625 1725] [2935 3225 3035 3110 2910 3065 3150 3135]
[2880 2640 2125 1805 1615 1725 1715 1730] [3015 3125 3110 3125 3125 3210 3090 3080]
COM8 0 30
0
[2875 2515 2325 2335 2485 2625 2770 2495] [2810 2980 2990 2815 2855 3050 2995 3025]
[2975 2665 2455 2500 2520 2595 2620 2240] [2975 2980 3100 2980 2925 3055 2885 3075]
[2680 2585 2420 2075 2525 2570 2535 2390] [3100 3175 3040 3020 3010 2885 2915 2945]
[2905 2460 2290 2150 2280 2485 2360 2305] [3085 3030 3045 3015 2915 2950 3020 3010]
[2975 2665 2455 2305 2230 1790 2200 2175] [2910 3065 3170 2855 2935 2990 3110 3125]
[2900 3115 2505 2025 1715 1745 1870 1775] [3050 3010 3125 3055 3010 2925 3160 3225]
[3030 2710 2355 2220 1490 1550 1580 1645] [2935 3225 3035 3110 2910 3065 3150 3135]
[2945 2640 2570 2005 1885 1525 1620 1745] [3015 3125 3110 3125 3125 3210 3090 3080]
COM3 1 31
0
[2875 2515 2325 2335 2485 2625 2770 2495] [2845 3050 2910 2945 2980 3050 3115 3025]
[2975 2665 2455 2500 2520 2595 2620 2240] [2935 3015 3235 3000 2975 3065 2885 3020]
[2680 2585 2420 2075 2525 2570 2535 2390] [3065 2930 3155 3035 3175 2925 3040 2945]
[2905 2460 2290 2150 2280 2485 2360 2305] [3135 3085 3135 3155 2950 3020 3105 3025]
[2975 2665 2455 2305 2230 1790 2200 2175] [3055 2945 3215 2920 3120 3025 3185 3195]
[2900 3115 2505 2025 1715 1745 1870 1775] [3020 3105 3010 3105 2975 3220 3070 3210]
[3030 2710 2355 2220 1490 1550 1580 1645] [3045 3285 3185 3150 3140 3185 3175 3260]
[2945 2640 2570 2005 1885 1525 1620 1745] [3225 2990 3270 3310 3135 3230 3090 3200]
COM8 0 32
0
[2725 2440 2470 2410 2510 2530 2735 2350] [2845 3050 2910 2945 2980 3050 3115 3025]
[3015 2885 2395 2330 2360 2650 2520 2435] [2935 3015 3235 3000 2975 3065 2885 3020]
[2755 2790 2530 2235 2375 2390 2525 2375] [3065 2930 3155 3035 3175 2925 3040 2945]
[2760 2910 2540 2100 2315 2180 2140 2275] [3135 3085 3135 3155 2950 3020 3105 3025]
[2885 2815 2730 2330 2215 2035 1775 1980] [3055 2945 3215 2920 3120 3025 3185 3195]
[2750 2810 2705 2490 1995 1820 1645 1575] [3020 3105 3010 3105 2975 3220 3070 3210]
[3095 2870 2545 2455 1975 1715 1610 1920] [3045 3285 3185 3150 3140 3185 3175 3260]
[2950 3355 2610 2200 2215 1765 1785 1640] [3225 2990 3270 3310 3135 3230 3090 3200]
COM3 1 33
0
[2725 2440 2470 2410 2510 2530 2735 2350] [2695 2785 2850 2845 2835 2995 2730 3130]
[3015 2885 2395 2330 2360 2650 2520 2435] [2845 3000 3070 2910 2875 3020 3025 2860]
[2755 2790 2530 2235 2375 2390 2525 2375] [2970 3075 2970 2885 3020 2870 2960 2830]
[2760 2910 2540 2100 2315 2180 2140 2275] [2945 2845 3030 2850 2990 2975 3080 2900]
[2885 2815 2730 2330 2215 2035 1775 1980] [3000 3000 3080 2880 2910 2895 3000 2990]
[2750 2810 2705 2490 1995 1820 1645 1575] [2810 2975 2860 2955 2950 2945 3025 3000]
[3095 2870 2545 2455 1975 1715 1610 1920] [2925 3045 3005 2875 2975 2885 3005 3200]
[2950 3355 2610 2200 2215 1765 1785 1640] [2935 3005 3045 3150 2990 2940 2950 3020]
COM8 0 34
0
[2935 2755 2510 2435 2470 2580 2770 2535] [2695 2785 2850 2845 2835 2995 2730 3130]
[2915 2975 2535 2420 2475 2710 2610 2560] [2845 3000 3070 2910 2875 3020 3025 2860]
[2975 2865 2650 2285 2405 2465 2290 2380] [2970 3075 2970 2885 3020 2870 2960 2830]
[3130 3030 2745 2365 2315 2370 1985 2100] [2945 2845 3030 2850 2990 2975 3080 2900]
[2950 2890 2910 2540 2370 1925 1920 2005] [3000 3000 3080 2880 2910 2895 3000 2990]
[3270 2860 2925 2520 2280 1765 1615 1650] [2810 2975 2860 2955 2950 2945 3025 3000]
[3315 2825 2640 2880 2290 1900 1570 1570] [2925 3045 3005 2875 2975 2885 3005 3200]
[2740 2840 2860 2615 2275 1895 1820 1575] [2935 3005 3045 3150 2990 2940 2950 3020]
COM3 1 35
0
[2935 2755 2510 2435 2470 2580 2770 2535] [2770 2830 2990 3110 2935 2950 2945 3135]
[2915 2975 2535 2420 2475 2710 2610 2560] [2790 2910 2965 3125 3120 3175 2990 2890]
[2975 2865 2650 2285 2405 2465 2290 2380] [2970 3135 3185 3075 3055 3110 3055 2930]
[3130 3030 2745 2365 2315 2370 1985 2100] [3015 3180 3170 3105 3010 3070 3140 3030]
[2950 2890 2910 2540 2370 1925 1920 2005] [3075 2945 3075 2985 2980 2995 3205 3235]
[3270 2860 2925 2520 2280 1765 1615 1650] [2920 2880 3055 3255 3055 3195 3000 3150]
[3315 2825 2640 2880 2290 1900 1570 1570] [3020 3155 3235 3150 3115 3070 3090 3290]
[2740 2840 2860 2615 2275 1895 1820 1575] [2685 3120 3195 3335 2945 3095 3130 3165]
COM8 0 36
0
[2810 2790 2465 2390 2135 2100 2175 1855] [2770 2830 2990 3110 2935 2950 2945 3135]
[2920 2820 2745 2685 2030 2040 2070 2070] [2790 2910 2965 3125 3120 3175 2990 2890]
[2740 2820 2745 2690 2275 1840 1755 1855] [2970 3135 3185 3075 3055 3110 3055 2930]
[3065 3000 3005 2930 2650 2285 1840 1660] [3015 3180 3170 3105 3010 3070 3140 3030]
[3125 3075 2995 2960 2490 2085 1805 1955] [3075 2945 3075 2985 2980 2995 3205 3235]
[2985 2965 2825 2935 2470 2315 1905 1570] [2920 2880 3055 3255 3055 3195 3000 3150]
[3030 2870 2850 2855 2830 2240 1770 1715] [3020 3155 3235 3150 3115 3070 3090 3290]
[3165 2985 2880 2890 2835 2240 2030 1520] [2685 3120 3195 3335 2945 3095 3130 3165]
COM3 1 37
0
[2810 2790 2465 2390 2135 2100 2175 1855] [3120 2905 2995 3060 2995 3010 3075 2845]
[2920 2820 2745 2685 2030 2040 2070 2070] [3190 2910 3220 3045 2915 3130 3045 3020]
[2740 2820 2745 2690 2275 1840 1755 1855] [2970 3035 3025 2900 3105 3070 3025 2850]
[3065 3000 3005 2930 2650 2285 1840 1660] [3150 3195 3110 3090 3080 3040 2965 2870]
[3125 3075 2995 2960 2490 2085 1805 1955] [2860 3100 2990 3050 2990 3135 3070 3150]
[2985 2965 2825 2935 2470 2315 1905 1570] [2920 3000 3005 3085 3010 3135 3215 3075]
[3030 2870 2850 2855 2830 2240 1770 1715] [2730 3185 3310 3070 3065 3085 3010 3190]
[3165 2985 2880 2890 2835 2240 2030 1520] [2680 3095 3135 3340 3120 2930 3095 3210]
COM8 0 38
0
[2690 2625 2955 2805 2545 2095 2120 1830] [3120 2905 2995 3060 2995 3010 3075 2845]
[2950 2820 2855 2990 2655 2145 1880 1790] [3190 2910 3220 3045 2915 3130 3045 3020]
[2890 2885 2900 2755 2730 2440 1995 2075] [2970 3035 3025 2900 3105 3070 3025 2850]
[3065 3005 2900 2815 2755 2650 2495 2220] [3150 3195 3110 3090 3080 3040 2965 2870]
[3045 3140 2840 2860 3065 2840 2670 2025] [2860 3100 2990 3050 2990 3135 3070 3150]
[3080 3190 2980 3050 2785 2730 2720 2220] [2920 3000 3005 3085 3010 3135 3215 3075]
[3095 2955 2780 2940 2735 2685 2430 1725] [2730 3185 3310 3070 3065 3085 3010 3190]
[3040 2960 3110 2895 2970 2565 2460 1880] [2680 3095 3135 3340 3120 2930 3095 3210]
COM3 1 39
0
[2690 2625 2955 2805 2545 2095 2120 1830] [2795 2980 3110 2880 3185 3035 3075 3020]
[2950 2820 2855 2990 2655 2145 1880 1790] [2985 3170 3125 3180 2980 3120 3045 3080]
[2890 2885 2900 2755 2730 2440 1995 2075] [2750 2965 3170 2865 3090 3005 3040 2890]
[3065 3005 2900 2815 2755 2650 2495 2220] [2935 3090 3095 3075 3130 3050 2985 3095]
[3045 3140 2840 2860 3065 2840 2670 2025] [2840 3125 3225 2940 2990 3165 3170 3170]
[3080 3190 2980 3050 2785 2730 2720 2220] [2530 2795 3120 3080 2975 3295 3160 3065]
[3095 2955 2780 2940 2735 2685 2430 1725] [2450 2995 3180 3185 3115 3165 3120 3140]
[3040 2960 3110 2895 2970 2565 2460 1880] [2230 2690 3050 3125 2995 3075 3075 3250]
COM8 0 40
0
[3005 2840 2960 2975 2845 2670 2515 2235] [2795 2980 3110 2880 3185 3035 3075 3020]
[2900 3010 2760 2905 2825 2775 2645 2490] [2985 3170 3125 3180 2980 3120 3045 3080]
[2755 2980 2910 2930 2825 2800 2565 2420] [2750 2965 3170 2865 3090 3005 3040 2890]
[2810 2815 2900 2845 2830 2960 2810 2570] [2935 3090 3095 3075 3130 3050 2985 3095]
[2940 3060 3115 2985 2875 2770 2935 2530] [2840 3125 3225 2940 2990 3165 3170 3170]
[2845 3015 2935 2955 3000 3020 3040 2425] [2530 2795 3120 3080 2975 3295 3160 3065]
[2835 2950 2970 2855 3010 2815 2490 2475] [2450 2995 3180 3185 3115 3165 3120 3140]
[3160 2885 3160 2750 3010 3025 2780 2330] [2230 2690 3050 3125 2995 3075 3075 3250]
COM3 1 41
0
[3005 2840 2960 2975 2845 2670 2515 2235] [2590 2830 2995 2940 2815 3015 2980 2915]
[2900 3010 2760 2905 2825 2775 2645 2490] [2640 2815 3000 2975 3035 3010 3030 2990]
[2755 2980 2910 2930 2825 2800 2565 2420] [2435 2895 3110 2865 3030 2935 2920 2975]
[2810 2815 2900 2845 2830 2960 2810 2570] [2415 2895 3025 3030 3050 3040 2985 2900]
[2940 3060 3115 2985 2875 2770 2935 2530] [2220 2695 2975 3005 2980 3070 3010 3080]
[2845 3015 2935 2955 3000 3020 3040 2425] [2045 2475 2925 3090 2955 3210 3125 3170]
[2835 2950 2970 2855 3010 2815 2490 2475] [1920 2320 2925 2930 3050 3000 3185 3055]
[3160 2885 3160 2750 3010 3025 2780 2330] [1950 2315 2425 3005 2995 2975 3055 3235]
COM8 0 42
0
[2975 2920 2860 3070 2820 2805 2920 2550] [2590 2830 2995 2940 2815 3015 2980 2915]
[3090 3085 2925 2955 2770 2895 2855 2555] [2640 2815 3000 2975 3035 3010 3030 2990]
[2900 3115 3030 2930 2855 2855 2780 2640] [2435 2895 3110 2865 3030 2935 2920 2975]
[2940 3040 3080 2995 3035 2985 2900 2420] [2415 2895 3025 3030 3050 3040 2985 2900]
[2945 2805 3110 2960 3000 2870 2985 2560] [2220 2695 2975 3005 2980 3070 3010 3080]
[2910 3110 3075 2870 3015 2955 2720 2625] [2045 2475 2925 3090 2955 3210 3125 3170]
[3240 2860 2870 2990 2915 2985 2750 2400] [1920 2320 2925 2930 3050 3000 3185 3055]
[3295 3055 2910 2980 2765 3035 3090 2560] [1950 2315 2425 3005 2995 2975 3055 3235]
COM3 1 43
0
[2975 2920 2860 3070 2820 2805 2920 2550] [2080 2330 2455 3055 2980 2940 3185 2950]
[3090 3085 2925 2955 2770 2895 2855 2555] [2160 2455 2470 2720 2905 3020 2935 2990]
[2900 3115 3030 2930 2855 2855 2780 2640] [2230 2330 2560 2850 3020 2885 3070 3050]
[2940 3040 3080 2995 3035 2985 2900 2420] [2075 2350 2625 2785 3050 3070 3085 3115]
[2945 2805 3110 2960 3000 2870 2985 2560] [1970 2265 2505 2850 2990 3000 3095 3195]
[2910 3110 3075 2870 3015 2955 2720 2625] [2070 2075 2490 3025 2900 3105 3150 3215]
[3240 2860 2870 2990 2915 2985 2750 2400] [2040 2175 2375 2695 2815 3120 3250 2970]
[3295 3055 2910 2980 2765 3035 3090 2560] [1845 2030 2255 2645 2950 3100 3055 3095]
COM8 0 44
0
[3000 2895 2680 3055 2815 2770 2940 2550] [2080 2330 2455 3055 2980 2940 3185 2950]
[3000 2955 2955 2975 2825 2875 2845 2715] [2160 2455 2470 2720 2905 3020 2935 2990]
[2860 2845 3175 2875 2800 2900 2655 2740] [2230 2330 2560 2850 3020 2885 3070 3050]
[3015 2930 3040 2845 2990 3055 2900 2895] [2075 2350 2625 2785 3050 3070 3085 3115]
[2855 2905 2975 2850 3040 2875 3220 2650] [1970 2265 2505 2850 2990 3000 3095 3195]
[2665 2745 2850 2970 2745 2800 2745 2565] [2070 2075 2490 3025 2900 3105 3150 3215]
[2905 3050 3020 2920 2765 3120 2950 2390] [2040 2175 2375 2695 2815 3120 3250 2970]
[2845 2880 2950 2895 3170 3105 2550 2590] [1845 2030 2255 2645 2950 3100 3055 3095]
COM3 1 45
0
[3000 2895 2680 3055 2815 2770 2940 2550] [2730 2540 2515 2320 2625 2660 2960 3025]
[3000 2955 2955 2975 2825 2875 2845 2715] [2570 2620 2465 2440 2700 3075 2950 2975]
[2860 2845 3175 2875 2800 2900 2655 2740] [2615 2555 2400 2475 2875 3025 3010 3035]
[3015 2930 3040 2845 2990 3055 2900 2895] [2430 2425 2465 2475 2705 2895 3070 3060]
[2855 2905 2975 2850 3040 2875 3220 2650] [2570 2350 2400 2320 2700 2910 3010 3080]
[2665 2745 2850 2970 2745 2800 2745 2565] [2185 2315 2375 2680 2875 3110 2975 3090]
[2905 3050 3020 2920 2765 3120 2950 2390] [2195 2305 2430 2440 2665 3080 3145 2960]
[2845 2880 2950 2895 3170 3105 2550 2590] [2055 1900 2220 2240 2690 3035 2950 3080]
COM8 0 46
0
[2750 2810 2805 2840 2980 2730 2960 2560] [2730 2540 2515 2320 2625 2660 2960 3025]
[2950 3015 2755 2995 2815 3000 2870 2510] [2570 2620 2465 2440 2700 3075 2950 2975]
[2805 3000 2985 2840 2875 2850 2735 2860] [2615 2555 2400 2475 2875 3025 3010 3035]
[3055 3005 2910 2625 2965 3020 2915 2755] [2430 2425 2465 2475 2705 2895 3070 3060]
[2970 3120 2720 2800 2925 2875 2920 2805] [2570 2350 2400 2320 2700 2910 3010 3080]
[2740 3100 3295 3030 2875 2740 2920 2740] [2185 2315 2375 2680 2875 3110 2975 3090]
[3260 2950 3150 2900 2895 2975 2985 2750] [2195 2305 2430 2440 2665 3080 3145 2960]
[2935 2975 3035 2890 3165 2780 2770 2950] [2055 1900 2220 2240 2690 3035 2950 3080]
COM3 1 47
0
[2750 2810 2805 2840 2980 2730 2960 2560] [2535 2825 3130 2325 2315 2565 2710 3025]
[2950 3015 2755 2995 2815 3000 2870 2510] [2660 2745 2715 2300 2255 2615 2930 3070]
[2805 3000 2985 2840 2875 2850 2735 2860] [2645 2665 2585 2245 2505 2655 2860 2865]
[3055 3005 2910 2625 2965 3020 2915 2755] [2590 2775 2580 2380 2540 2550 2925 2980]
[2970 3120 2720 2800 2925 2875 2920 2805] [2480 2505 2525 2315 2590 2875 3000 3125]
[2740 3100 3295 3030 2875 2740 2920 2740] [2175 2310 2240 2340 2540 2935 3060 3005]
[3260 2950 3150 2900 2895 2975 2985 2750] [2005 2295 2245 2175 2645 2975 2960 3030]
[2935 2975 3035 2890 3165 2780 2770 2950] [2025 2080 2140 2125 2440 2800 3105 2950]
COM8 0 48
0
[2885 2905 2970 2910 2890 2775 2915 2755] [2535 2825 3130 2325 2315 2565 2710 3025]
[3065 3010 2960 3010 2870 3005 2975 2775] [2660 2745 2715 2300 2255 2615 2930 3070]
[2995 2945 2965 2865 2870 2925 2760 2735] [2645 2665 2585 2245 2505 2655 2860 2865]
[3065 3145 2780 2830 3060 3040 2905 2855] [2590 2775 2580 2380 2540 2550 2925 2980]
[3040 3060 3120 2920 3110 2815 3245 2995] [2480 2505 2525 2315 2590 2875 3000 3125]
[2935 3075 3115 3045 2805 3005 2700 2775] [2175 2310 2240 2340 2540 2935 3060 3005]
[3220 2950 3200 2915 3140 3110 2815 2680] [2005 2295 2245 2175 2645 2975 2960 3030]
[3115 2955 3245 2810 2960 2795 2975 2485] [2025 2080 2140 2125 2440 2800 3105 2950]
COM3 1 49
0
[2885 2905 2970 2910 2890 2775 2915 2755] [2330 2910 2655 2360 2465 2345 2675 2935]
[3065 3010 2960 3010 2870 3005 2975 2775] [2715 2865 2555 2300 2165 2625 2765 2805]
[2995 2945 2965 2865 2870 2925 2760 2735] [2615 2820 2560 2260 2360 2640 2795 2975]
[3065 3145 2780 2830 3060 3040 2905 2855] [2505 2615 2585 2225 2375 2625 2910 2815]
[3040 3060 3120 2920 3110 2815 3245 2995] [2370 2520 2445 2215 2350 2735 2960 3000]
[2935 3075 3115 3045 2805 3005 2700 2775] [2235 2425 2275 2325 2465 3015 3070 3210]
[3220 2950 3200 2915 3140 3110 2815 2680] [2225 2305 2145 2065 2330 2755 2995 3180]
[3115 2955 3245 2810 2960 2795 2975 2485] [1975 2155 2010 2210 2195 2580 2840 3195]
COM8 0 50
0
[2860 2945 3000 2975 2895 2865 3020 2875] [2330 2910 2655 2360 2465 2345 2675 2935]
[3080 3020 3035 3065 2875 2850 2845 2685] [2715 2865 2555 2300 2165 2625 2765 2805]
[2805 3105 3080 2890 2900 2990 2875 2915] [2615 2820 2560 2260 2360 2640 2795 2975]
[2890 3010 3045 3050 3045 3000 2905 2835] [2505 2615 2585 2225 2375 2625 2910 2815]
[2890 2985 2860 2995 3075 2875 3025 3090] [2370 2520 2445 2215 2350 2735 2960 3000]
[2770 2995 3280 3205 2995 3045 2965 2950] [2235 2425 2275 2325 2465 3015 3070 3210]
[3085 2935 2940 3120 3135 3315 2960 2610] [2225 2305 2145 2065 2330 2755 2995 3180]
[3000 3155 3210 3145 3030 3140 3035 2975] [1975 2155 2010 2210 2195 2580 2840 3195]
COM3 1 51
0
[2860 2945 3000 2975 2895 2865 3020 2875] [2720 2985 2620 2520 2415 2420 2710 2980]
[3080 3020 3035 3065 2875 2850 2845 2685] [2540 2895 2700 2635 2520 2675 2840 3105]
[2805 3105 3080 2890 2900 2990 2875 2915] [2625 2555 2740 2390 2385 2535 2855 2915]
[2890 3010 3045 3050 3045 3000 2905 2835] [2285 2945 2630 2300 2270 2570 2970 2955]
[2890 2985 2860 2995 3075 2875 3025 3090] [2485 2555 2595 2135 2315 2665 2910 3025]
[2770 2995 3280 3205 2995 3045 2965 2950] [2050 2370 2250 2325 2355 2670 3070 3090]
[3085 2935 2940 3120 3135 3315 2960 2610] [2365 2310 2380 2035 2395 2600 3100 3165]
[3000 3155 3210 3145 3030 3140 3035 2975] [2475 2130 2100 2060 2295 2505 2715 3095]
COM8 0 52
0
[3010 2990 2850 2745 2770 2775 2900 2740] [2720 2985 2620 2520 2415 2420 2710 2980]
[3140 2685 3015 3025 2915 2950 2960 2645] [2540 2895 2700 2635 2520 2675 2840 3105]
[2855 2855 2845 2705 2875 2890 2860 2960] [2625 2555 2740 2390 2385 2535 2855 2915]
[2770 2900 2890 2855 3140 2935 2885 3060] [2285 2945 2630 2300 2270 2570 2970 2955]
[3020 3035 3290 3005 2995 2855 2985 3075] [2485 2555 2595 2135 2315 2665 2910 3025]
[2870 2795 3000 3105 2745 2890 2945 2725] [2050 2370 2250 2325 2355 2670 3070 3090]
[2980 3010 3040 2810 3005 2905 2845 2965] [2365 2310 2380 2035 2395 2600 3100 3165]
[2945 3100 3030 3035 2960 2890 3105 2870] [2475 2130 2100 2060 2295 2505 2715 3095]
COM3 1 53
0
[3010 2990 2850 2745 2770 2775 2900 2740] [2535 2935 2945 2270 2330 2245 2575 2845]
[3140 2685 3015 3025 2915 2950 2960 2645] [2250 2655 2840 2515 2405 2515 2660 2925]
[2855 2855 2845 2705 2875 2890 2860 2960] [2440 2635 2500 2395 2240 2570 2860 2930]
[2770 2900 2890 2855 3140 2935 2885 3060] [2270 2155 2490 2305 2110 2410 2895 2955]
[3020 3035 3290 3005 2995 2855 2985 3075] [2315 2305 2055 2115 2260 2485 2885 3060]
[2870 2795 3000 3105 2745 2890 2945 2725] [2345 2065 2115 2045 2250 2670 2920 3150]
[2980 3010 3040 2810 3005 2905 2845 2965] [2575 2175 2085 2010 2000 2415 2740 3190]
[2945 3100 3030 3035 2960 2890 3105 2870] [2405 2110 2060 1980 1885 2170 2585 3005]
COM8 0 54
0
[2930 2965 2985 3065 2910 2780 2995 2830] [2535 2935 2945 2270 2330 2245 2575 2845]
[3160 3090 2865 2815 2790 2925 2850 3085] [2250 2655 2840 2515 2405 2515 2660 2925]
[2980 2910 2865 3030 2910 2910 2925 3010] [2440 2635 2500 2395 2240 2570 2860 2930]
[2970 3045 3020 2820 2975 2985 2870 2865] [2270 2155 2490 2305 2110 2410 2895 2955]
[3040 3050 3175 2865 3040 2935 3080 2970] [2315 2305 2055 2115 2260 2485 2885 3060]
[3190 3190 3120 3170 2925 3000 3100 3035] [2345 2065 2115 2045 2250 2670 2920 3150]
[3050 2870 2895 2995 2915 3190 2900 3030] [2575 2175 2085 2010 2000 2415 2740 3190]
[2970 3315 3040 3165 3150 2910 2970 2880] [2405 2110 2060 1980 1885 2170 2585 3005]
COM3 1 55
0
[2930 2965 2985 3065 2910 2780 2995 2830] [2370 2505 2420 2375 2585 2195 2475 2995]
[3160 3090 2865 2815 2790 2925 2850 3085] [2525 2510 2630 2375 2270 2500 2620 2710]
[2980 2910 2865 3030 2910 2910 2925 3010] [2375 2320 2345 2365 2310 2500 2820 2875]
[2970 3045 3020 2820 2975 2985 2870 2865] [2430 2430 2355 2180 2225 2485 2795 2895]
[3040 3050 3175 2865 3040 2935 3080 2970] [2625 2335 2200 1855 2085 2455 2860 3130]
[3190 3190 3120 3170 2925 3000 3100 3035] [2870 2670 2225 1980 2135 2350 2955 3125]
[3050 2870 2895 2995 2915 3190 2900 3030] [2930 2610 2270 2025 1925 2245 2735 2950]
[2970 3315 3040 3165 3150 2910 2970 2880] [2745 2410 2235 2215 1925 2035 2235 3010]
COM8 0 56
0
[3105 2875 2865 2980 2980 2830 2930 2985] [2370 2505 2420 2375 2585 2195 2475 2995]
[3070 3015 3020 2975 2835 3090 2925 2885] [2525 2510 2630 2375 2270 2500 2620 2710]
[2990 2845 3005 2905 2915 2975 3010 2965] [2375 2320 2345 2365 2310 2500 2820 2875]
[3065 2940 3110 2900 3080 2945 3040 2920] [2430 2430 2355 2180 2225 2485 2795 2895]
[2975 3050 3105 3075 2905 2940 2925 2995] [2625 2335 2200 1855 2085 2455 2860 3130]
[3075 2895 3260 3000 3055 2940 3130 2815] [2870 2670 2225 1980 2135 2350 2955 3125]
[2905 3075 2900 2945 3180 3015 2980 3135] [2930 2610 2270 2025 1925 2245 2735 2950]
[3040 2840 2960 2990 2885 3100 3115 2955] [2745 2410 2235 2215 1925 2035 2235 3010]
COM3 1 57
0
[3105 2875 2865 2980 2980 2830 2930 2985] [2365 2440 2395 2375 2195 2110 2450 2920]
[3070 3015 3020 2975 2835 3090 2925 2885] [2420 2500 2360 2135 2305 2450 2470 2910]
[2990 2845 3005 2905 2915 2975 3010 2965] [2690 2540 2380 2050 2185 2235 2790 2940]
[3065 2940 3110 2900 3080 2945 3040 2920] [2995 2510 2375 2220 2025 2370 2710 2825]
[2975 3050 3105 3075 2905 2940 2925 2995] [2930 2765 2535 1875 2005 2410 2775 2890]
[3075 2895 3260 3000 3055 2940 3130 2815] [2825 2990 2580 2265 2140 2300 2660 3075]
[2905 3075 2900 2945 3180 3015 2980 3135] [3080 3120 2645 2285 1920 2075 2355 2620]
[3040 2840 2960 2990 2885 3100 3115 2955] [3080 2830 2655 2235 1895 1645 2175 2605]
COM8 0 58
0
[2770 2840 2810 2895 2865 2735 2915 2740] [2365 2440 2395 2375 2195 2110 2450 2920]
[2875 3070 2915 3045 2760 2890 2775 2815] [2420 2500 2360 2135 2305 2450 2470 2910]
[2895 3005 3035 2945 2840 2800 2955 2935] [2690 2540 2380 2050 2185 2235 2790 2940]
[3005 2915 3205 3030 2990 2920 3040 2940] [2995 2510 2375 2220 2025 2370 2710 2825]
[3025 3115 3025 2830 3010 2865 3025 3185] [2930 2765 2535 1875 2005 2410 2775 2890]
[3000 2995 3085 3020 2840 2870 2970 3035] [2825 2990 2580 2265 2140 2300 2660 3075]
[3015 3030 2900 3170 2995 3050 2715 2735] [3080 3120 2645 2285 1920 2075 2355 2620]
[3035 2985 3150 3195 3220 3125 3080 2905] [3080 2830 2655 2235 1895 1645 2175 2605]
COM3 1 59
0
[2770 2840 2810 2895 2865 2735 2915 2740] [2850 2490 2345 1995 2025 2240 2525 2930]
[2875 3070 2915 3045 2760 2890 2775 2815] [3035 2720 2530 1950 1925 2250 2690 2825]
[2895 3005 3035 2945 2840 2800 2955 2935] [2970 2715 2495 2235 2225 2225 2590 2940]
[3005 2915 3205 3030 2990 2920 3040 2940] [3015 3080 2815 2385 1950 2265 2585 2790]
[3025 3115 3025 2830 3010 2865 3025 3185] [3070 2940 2800 2290 2000 2020 2570 2930]
[3000 2995 3085 3020 2840 2870 2970 3035] [3105 2950 2915 2280 2145 2245 2405 2645]
[3015 3030 2900 3170 2995 3050 2715 2735] [3080 3295 3015 2380 2145 1855 2040 2455]
[3035 2985 3150 3195 3220 3125 3080 2905] [3310 3005 2825 2405 1940 1805 1895 2365]
COM8 0 60
0
[2780 2940 2805 2895 2885 2835 2910 3065] [2850 2490 2345 1995 2025 2240 2525 2930]
[2800 3075 2980 2915 2795 2950 2825 2665] [3035 2720 2530 1950 1925 2250 2690 2825]
[2725 2775 2835 2920 2935 2900 2840 2900] [2970 2715 2495 2235 2225 2225 2590 2940]
[2700 2935 3055 2950 2880 2885 3030 2935] [3015 3080 2815 2385 1950 2265 2585 2790]
[2855 2935 3115 2845 3005 2885 3030 2975] [3070 2940 2800 2290 2000 2020 2570 2930]
[2780 3025 2840 3145 2895 3050 2905 2880] [3105 2950 2915 2280 2145 2245 2405 2645]
[3025 3105 3045 3110 2755 2915 2985 2780] [3080 3295 3015 2380 2145 1855 2040 2455]
[2970 2910 3040 3045 2960 2965 3110 2970] [3310 3005 2825 2405 1940 1805 1895 2365]
COM3 1 61
0
[2780 2940 2805 2895 2885 2835 2910 3065] [2945 3140 2710 2540 2335 2060 2525 2850]
[2800 3075 2980 2915 2795 2950 2825 2665] [3050 3070 3085 2625 2265 2275 2560 2685]
[2725 2775 2835 2920 2935 2900 2840 2900] [2965 3095 2860 2460 2455 2275 2500 2740]
[2700 2935 3055 2950 2880 2885 3030 2935] [3160 3090 3025 2710 2160 2065 2415 2775]
[2855 2935 3115 2845 3005 2885 3030 2975] [2945 3155 2845 2470 2315 1960 2055 2590]
[2780 3025 2840 3145 2895 3050 2905 2880] [3075 3090 2815 2690 2220 2170 2000 2380]
[3025 3105 3045 3110 2755 2915 2985 2780] [3030 3110 3180 2510 2320 1925 2010 2245]
[2970 2910 3040 3045 2960 2965 3110 2970] [3270 3155 3085 2620 2355 2010 1855 2030]
COM8 0 62
0
[2935 2795 2815 3075 2875 2810 2990 2880] [2945 3140 2710 2540 2335 2060 2525 2850]
[3050 3015 2805 2835 2840 2935 2890 2860] [3050 3070 3085 2625 2265 2275 2560 2685]
[2765 2865 2935 2925 2990 2905 2890 2980] [2965 3095 2860 2460 2455 2275 2500 2740]
[3360 3240 3075 2970 2995 3100 3065 2840] [3160 3090 3025 2710 2160 2065 2415 2775]
[3000 2920 3230 2845 2980 2990 3045 2890] [2945 3155 2845 2470 2315 1960 2055 2590]
[3045 3050 3015 3330 2910 2740 3130 2585] [3075 3090 2815 2690 2220 2170 2000 2380]
[2950 2955 2890 3200 2970 3135 2900 3085] [3030 3110 3180 2510 2320 1925 2010 2245]
[2790 2985 3150 2795 3135 2690 3025 2905] [3270 3155 3085 2620 2355 2010 1855 2030]
COM3 1 63
0
[2935 2795 2815 3075 2875 2810 2990 2880] [2865 2920 2890 2680 2380 2070 1885 2260]
[3050 3015 2805 2835 2840 2935 2890 2860] [2870 2865 2960 2620 2440 2005 2030 2280]
[2765 2865 2935 2925 2990 2905 2890 2980] [2965 2915 3015 2765 2480 2035 1930 2080]
[3360 3240 3075 2970 2995 3100 3065 2840] [3175 2925 2930 2655 2255 1980 2065 2060]
[3000 2920 3230 2845 2980 2990 3045 2890] [2990 3045 3035 2585 2285 2135 1975 2050]
[3045 3050 3015 3330 2910 2740 3130 2585] [2895 2975 2840 2700 2355 2125 2150 2300]
[2950 2955 2890 3200 2970 3135 2900 3085] [2900 3050 3020 2770 2190 2005 1915 2235]
[2790 2985 3150 2795 3135 2690 3025 2905] [3125 3000 3070 2740 2345 1895 1985 1760]
COM8 0 64
0
[3005 2715 2590 2940 2810 2680 2990 2805] [2865 2920 2890 2680 2380 2070 1885 2260]
[3065 2970 2925 3180 2910 2910 2915 2890] [2870 2865 2960 2620 2440 2005 2030 2280]
[2650 2935 2825 3005 2990 2915 2915 2970] [2965 2915 3015 2765 2480 2035 1930 2080]
[3195 2970 2720 3070 2830 2900 2975 3125] [3175 2925 2930 2655 2255 1980 2065 2060]
[3175 2890 3105 2935 2775 2980 3050 2905] [2990 3045 3035 2585 2285 2135 1975 2050]
[2710 3070 3070 3105 2870 3040 2990 2970] [2895 2975 2840 2700 2355 2125 2150 2300]
[2850 3025 2990 3125 2835 2925 2970 2840] [2900 3050 3020 2770 2190 2005 1915 2235]
[2940 3075 3035 2965 2945 3125 2905 2935] [3125 3000 3070 2740 2345 1895 1985 1760]
COM3 1 65
0
[3005 2715 2590 2940 2810 2680 2990 2805] [2945 3040 2740 2765 2525 2090 2185 2725]
[3065 2970 2925 3180 2910 2910 2915 2890] [3055 2910 3005 2720 2415 2325 2470 2540]
[2650 2935 2825 3005 2990 2915 2915 2970] [2955 3210 2970 2705 2610 2355 2480 2560]
[3195 2970 2720 3070 2830 2900 2975 3125] [3220 3090 3185 2795 2375 2195 2375 2570]
[3175 2890 3105 2935 2775 2980 3050 2905] [3090 3095 3080 2855 2415 2145 2340 2685]
[2710 3070 3070 3105 2870 3040 2990 2970] [3070 3005 2845 2940 2415 2190 2350 2595]
[2850 3025 2990 3125 2835 2925 2970 2840] [3060 3240 3100 2840 2510 2060 2125 2375]
[2940 3075 3035 2965 2945 3125 2905 2935] [3045 3005 3150 3070 2470 2140 2000 1935]