COM3 1 6
0
[3340 3290 3170 3185 3285 3215 3345 3470] [2530 2480 2570 2440 2445 2185 1785 1885]
[3340 3415 3320 3345 3205 3285 3330 3485] [2505 2470 2410 2565 2400 2165 1905 1695]
[3320 3435 3430 3365 3245 3265 3320 3560] [2490 2545 2565 2400 2260 2070 1865 1820]
[3335 3265 3455 3335 3475 3415 3500 3455] [2565 2550 2565 2370 2190 1960 1875 1870]
[3455 3430 3425 3390 3505 3345 3505 3455] [2545 2600 2400 2115 2050 1885 1690 1915]
[3225 3625 3640 3500 3250 3410 3580 3395] [2490 2360 2325 2120 1790 1715 1885 2000]
[3505 3515 3495 3430 3440 3535 3500 3625] [2475 2450 2210 1840 1775 1700 1780 2050]
[3705 3610 3345 3360 3370 3520 3625 3610] [2465 2205 1990 1665 1560 1665 1685 2050]
COM8 0 7
0
[3050 2955 2840 3000 3035 2970 3105 2995] [2530 2480 2570 2440 2445 2185 1785 1885]
[3195 3130 2880 3130 2900 2920 2985 2970] [2505 2470 2410 2565 2400 2165 1905 1695]
[2965 3095 3035 3045 2915 3075 3090 3175] [2490 2545 2565 2400 2260 2070 1865 1820]
[2960 2890 3085 3110 3040 3075 3040 3165] [2565 2550 2565 2370 2190 1960 1875 1870]
[3050 3065 3225 3140 3265 3080 3260 3000] [2545 2600 2400 2115 2050 1885 1690 1915]
[3005 3060 3225 3140 2920 2990 3160 3035] [2490 2360 2325 2120 1790 1715 1885 2000]
[3190 3110 3140 3110 3165 3045 2910 2955] [2475 2450 2210 1840 1775 1700 1780 2050]
[3155 3200 3185 3155 3035 3095 3090 3175] [2465 2205 1990 1665 1560 1665 1685 2050]
COM3 1 8
0
[3050 2955 2840 3000 3035 2970 3105 2995] [2990 3055 2995 2490 2345 2215 2255 2490]
[3195 3130 2880 3130 2900 2920 2985 2970] [3225 2960 2925 2530 2330 2320 2310 2205]
[2965 3095 3035 3045 2915 3075 3090 3175] [3200 3095 2915 2540 2340 2105 2375 2230]
[2960 2890 3085 3110 3040 3075 3040 3165] [3200 3065 2865 2435 2255 2275 2330 2445]
[3050 3065 3225 3140 3265 3080 3260 3000] [3160 3110 2640 2235 2145 2275 2410 2365]
[3005 3060 3225 3140 2920 2990 3160 3035] [2945 2810 2615 2170 2180 2195 2385 2270]
[3190 3110 3140 3110 3165 3045 2910 2955] [3060 2910 2370 2155 2045 2105 2255 2350]
[3155 3200 3185 3155 3035 3095 3090 3175] [3100 2600 2075 2015 2000 1905 1915 2270]
COM8 0 9
0
[3085 2930 2985 2975 3085 2950 3210 3075] [2990 3055 2995 2490 2345 2215 2255 2490]
[3230 3160 3040 3225 3065 3095 3035 3055] [3225 2960 2925 2530 2330 2320 2310 2205]
[3100 3165 3025 3130 2875 2995 3140 3255] [3200 3095 2915 2540 2340 2105 2375 2230]
[3225 2975 3180 3175 3260 3150 3255 3165] [3200 3065 2865 2435 2255 2275 2330 2445]
[3250 3060 3240 3015 3225 3250 3330 3125] [3160 3110 2640 2235 2145 2275 2410 2365]
[3020 3275 3160 3125 3080 3105 3370 3170] [2945 2810 2615 2170 2180 2195 2385 2270]
[3275 3170 3150 3345 3185 3145 3135 3195] [3060 2910 2370 2155 2045 2105 2255 2350]
[3325 3100 3290 3225 3105 3265 3335 3155] [3100 2600 2075 2015 2000 1905 1915 2270]
COM3 1 10
0
[3085 2930 2985 2975 3085 2950 3210 3075] [3065 2675 2420 2250 2205 2570 2300 2500]
[3230 3160 3040 3225 3065 3095 3035 3055] [3020 2770 2445 2215 2405 2775 2580 2390]
[3100 3165 3025 3130 2875 2995 3140 3255] [2895 2820 2435 2250 2560 2630 2595 2320]
[3225 2975 3180 3175 3260 3150 3255 3165] [2980 2650 2425 2205 2340 2590 2560 2390]
[3250 3060 3240 3015 3225 3250 3330 3125] [2975 2715 2315 2075 2425 2615 2585 2380]
[3020 3275 3160 3125 3080 3105 3370 3170] [2725 2630 2365 2185 2305 2535 2480 2410]
[3275 3170 3150 3345 3185 3145 3135 3195] [2840 2645 2245 2070 2095 2340 2260 2310]
[3325 3100 3290 3225 3105 3265 3335 3155] [2825 2380 2015 1985 2030 1920 2045 2135]
COM8 0 11
0
[3310 3005 3055 3090 3105 3095 3290 3140] [3065 2675 2420 2250 2205 2570 2300 2500]
[3345 3335 3150 3300 3070 3125 3060 3190] [3020 2770 2445 2215 2405 2775 2580 2390]
[3160 3125 3305 3205 3105 3155 3215 3400] [2895 2820 2435 2250 2560 2630 2595 2320]
[3380 3250 3215 3190 3175 3270 3335 3285] [2980 2650 2425 2205 2340 2590 2560 2390]
[3430 3270 3240 3315 3415 3230 3375 3360] [2975 2715 2315 2075 2425 2615 2585 2380]
[3115 3365 3265 3155 3235 3200 3420 3230] [2725 2630 2365 2185 2305 2535 2480 2410]
[3375 3355 3330 3330 3245 3385 3100 3275] [2840 2645 2245 2070 2095 2340 2260 2310]
[3480 3320 3360 3305 3160 3350 3400 3245] [2825 2380 2015 1985 2030 1920 2045 2135]
COM3 1 12
0
[3310 3005 3055 3090 3105 3095 3290 3140] [2940 2550 2420 2445 2800 2845 2610 2470]
[3345 3335 3150 3300 3070 3125 3060 3190] [3030 2650 2480 2460 2710 2945 2640 2425]
[3160 3125 3305 3205 3105 3155 3215 3400] [2985 2800 2550 2445 2770 2825 2675 2405]
[3380 3250 3215 3190 3175 3270 3335 3285] [3095 2580 2495 2395 2595 2695 2670 2380]
[3430 3270 3240 3315 3415 3230 3375 3360] [2930 2765 2550 2335 2655 2850 2640 2430]
[3115 3365 3265 3155 3235 3200 3420 3230] [2845 2750 2335 2370 2540 2750 2570 2455]
[3375 3355 3330 3330 3245 3385 3100 3275] [3105 2695 2325 2230 2320 2340 2380 2370]
[3480 3320 3360 3305 3160 3350 3400 3245] [2810 2565 2230 2240 2100 2120 2130 2295]
COM8 0 13
0
[2705 2800 2715 2685 2920 2750 2970 2775] [2940 2550 2420 2445 2800 2845 2610 2470]
[2945 2955 2705 2770 2770 2860 2840 2795] [3030 2650 2480 2460 2710 2945 2640 2425]
[2665 2915 2795 2770 2800 2725 2900 2945] [2985 2800 2550 2445 2770 2825 2675 2405]
[2825 2910 3005 2715 2845 2810 2775 2755] [3095 2580 2495 2395 2595 2695 2670 2380]
[3065 2970 2865 2770 2780 2700 2885 3000] [2930 2765 2550 2335 2655 2850 2640 2430]
[2795 2875 2920 2805 2710 2685 3000 2755] [2845 2750 2335 2370 2540 2750 2570 2455]
[2890 2900 2750 2870 2830 2845 2590 2900] [3105 2695 2325 2230 2320 2340 2380 2370]
[3145 2785 2810 2940 2615 2925 2650 2915] [2810 2565 2230 2240 2100 2120 2130 2295]
COM3 1 14
0
[2705 2800 2715 2685 2920 2750 2970 2775] [2460 2440 2350 2555 2930 2925 2485 2400]
[2945 2955 2705 2770 2770 2860 2840 2795] [2505 2360 2355 2550 2830 2970 2680 2330]
[2665 2915 2795 2770 2800 2725 2900 2945] [2720 2470 2365 2440 2895 2920 2665 2400]
[2825 2910 3005 2715 2845 2810 2775 2755] [2730 2645 2205 2385 2780 2870 2635 2390]
[3065 2970 2865 2770 2780 2700 2885 3000] [2945 2530 2080 2320 2725 2770 2565 2285]
[2795 2875 2920 2805 2710 2685 3000 2755] [2850 2435 2195 2340 2480 2530 2530 2390]
[2890 2900 2750 2870 2830 2845 2590 2900] [3010 2535 2310 2110 2140 2105 2245 2275]
[3145 2785 2810 2940 2615 2925 2650 2915] [2740 2480 2025 2015 1855 1925 2130 2295]
COM8 0 15
0
[3025 2975 3025 2970 3055 2995 3115 3005] [2460 2440 2350 2555 2930 2925 2485 2400]
[3165 3075 3085 3100 3050 3015 2970 2955] [2505 2360 2355 2550 2830 2970 2680 2330]
[2890 3055 3115 3100 2990 3095 3120 3130] [2720 2470 2365 2440 2895 2920 2665 2400]
[3050 2850 3130 3155 3220 3110 3100 3025] [2730 2645 2205 2385 2780 2870 2635 2390]
[3215 3055 3215 3205 3250 3035 3290 3235] [2945 2530 2080 2320 2725 2770 2565 2285]
[3135 3225 3310 3150 3020 3265 3195 3020] [2850 2435 2195 2340 2480 2530 2530 2390]
[3115 3285 3195 3150 3110 3065 3015 3100] [3010 2535 2310 2110 2140 2105 2245 2275]
[3180 2875 3035 3170 2965 3220 3360 2970] [2740 2480 2025 2015 1855 1925 2130 2295]
COM3 1 16
0
[3025 2975 3025 2970 3055 2995 3115 3005] [2335 2215 2255 2455 2740 2680 2475 2425]
[3165 3075 3085 3100 3050 3015 2970 2955] [2510 2320 2270 2455 2780 2850 2605 2270]
[2890 3055 3115 3100 2990 3095 3120 3130] [2560 2360 2230 2440 2915 2740 2595 2380]
[3050 2850 3130 3155 3220 3110 3100 3025] [2625 2445 2180 2415 2650 2725 2575 2280]
[3215 3055 3215 3205 3250 3035 3290 3235] [2645 2360 2250 2290 2585 2730 2495 2305]
[3135 3225 3310 3150 3020 3265 3195 3020] [2610 2505 2165 2315 2480 2505 2445 2390]
[3115 3285 3195 3150 3110 3065 3015 3100] [2695 2410 2115 2075 2165 2225 2235 2350]
[3180 2875 3035 3170 2965 3220 3360 2970] [2765 2410 2045 2020 1875 1965 2080 2185]
COM8 0 17
0
[2890 2880 2700 2820 3010 2800 2870 2965] [2335 2215 2255 2455 2740 2680 2475 2425]
[3010 2945 2880 2865 2910 2875 2850 2885] [2510 2320 2270 2455 2780 2850 2605 2270]
[2860 2875 2935 2995 2795 2910 2860 2815] [2560 2360 2230 2440 2915 2740 2595 2380]
[2910 2975 3100 2840 3040 3055 2960 2905] [2625 2445 2180 2415 2650 2725 2575 2280]
[2855 3025 2860 2835 2905 2795 3035 3135] [2645 2360 2250 2290 2585 2730 2495 2305]
[3045 2895 3060 3130 3000 3050 3065 2985] [2610 2505 2165 2315 2480 2505 2445 2390]
[3010 3070 3010 2960 2845 3040 2855 2990] [2695 2410 2115 2075 2165 2225 2235 2350]
[3090 3170 2995 3080 3150 2980 2810 2910] [2765 2410 2045 2020 1875 1965 2080 2185]
COM3 1 18
0
[2890 2880 2700 2820 3010 2800 2870 2965] [2305 2170 2215 2390 2750 2840 2495 2465]
[3010 2945 2880 2865 2910 2875 2850 2885] [2570 2325 2275 2380 2810 2865 2655 2305]
[2860 2875 2935 2995 2795 2910 2860 2815] [2740 2345 2325 2430 2850 2800 2590 2325]
[2910 2975 3100 2840 3040 3055 2960 2905] [2975 2255 2155 2420 2655 2620 2385 2295]
[2855 3025 2860 2835 2905 2795 3035 3135] [2785 2475 2170 2295 2650 2700 2500 2365]
[3045 2895 3060 3130 3000 3050 3065 2985] [2700 2340 2015 2235 2465 2550 2440 2255]
[3010 3070 3010 2960 2845 3040 2855 2990] [2685 2425 2100 2085 2025 2215 2270 2540]
[3090 3170 2995 3080 3150 2980 2810 2910] [2705 2260 1900 1885 1985 2005 2130 2380]
COM8 0 19
0
[2895 2915 2740 2885 2935 2850 2925 2955] [2305 2170 2215 2390 2750 2840 2495 2465]
[2985 2905 2875 2980 2945 2865 2915 2885] [2570 2325 2275 2380 2810 2865 2655 2305]
[2795 2815 2905 2910 2820 2915 2915 2995] [2740 2345 2325 2430 2850 2800 2590 2325]
[2775 2835 3040 2825 3100 3085 2945 2850] [2975 2255 2155 2420 2655 2620 2385 2295]
[2910 2990 3060 2895 3100 2820 3065 3225] [2785 2475 2170 2295 2650 2700 2500 2365]
[2750 2915 3035 2945 2850 2925 3200 2970] [2700 2340 2015 2235 2465 2550 2440 2255]
[3070 2870 3115 3110 2945 2970 2900 3045] [2685 2425 2100 2085 2025 2215 2270 2540]
[3085 2925 3055 2960 2785 2995 2955 2825] [2705 2260 1900 1885 1985 2005 2130 2380]
COM3 1 20
0
[2895 2915 2740 2885 2935 2850 2925 2955] [2550 2390 2355 2570 2840 2720 2445 2415]
[2985 2905 2875 2980 2945 2865 2915 2885] [2625 2295 2330 2425 2875 2850 2510 2385]
[2795 2815 2905 2910 2820 2915 2915 2995] [2755 2330 2295 2470 2835 2655 2555 2325]
[2775 2835 3040 2825 3100 3085 2945 2850] [2970 2405 2245 2445 2715 2665 2405 2300]
[2910 2990 3060 2895 3100 2820 3065 3225] [2815 2625 2270 2220 2480 2610 2415 2330]
[2750 2915 3035 2945 2850 2925 3200 2970] [2680 2390 2195 2345 2475 2455 2360 2420]
[3070 2870 3115 3110 2945 2970 2900 3045] [2760 2455 2140 2135 2125 2300 2350 2460]
[3085 2925 3055 2960 2785 2995 2955 2825] [2540 2275 2025 2015 1945 2075 2175 2410]
COM8 0 21
0
[2660 2580 2755 2800 2805 2675 2900 2800] [2550 2390 2355 2570 2840 2720 2445 2415]
[2965 2800 2555 2780 2620 2720 2690 2740] [2625 2295 2330 2425 2875 2850 2510 2385]
[2570 2695 2870 2825 2695 2745 2795 2830] [2755 2330 2295 2470 2835 2655 2555 2325]
[2780 2640 2825 2655 2850 2810 2925 2675] [2970 2405 2245 2445 2715 2665 2405 2300]
[2850 2815 2625 2810 2800 2810 2900 3045] [2815 2625 2270 2220 2480 2610 2415 2330]
[2625 2885 2760 2835 2705 2665 2655 2550] [2680 2390 2195 2345 2475 2455 2360 2420]
[2515 2785 2570 2885 2490 2770 2530 2695] [2760 2455 2140 2135 2125 2300 2350 2460]
[3100 2935 3030 2765 2810 2765 2820 2665] [2540 2275 2025 2015 1945 2075 2175 2410]
COM3 1 22
0
[2660 2580 2755 2800 2805 2675 2900 2800] [2620 2555 2465 2565 2895 2685 2410 2585]
[2965 2800 2555 2780 2620 2720 2690 2740] [2790 2460 2545 2670 2840 2810 2500 2360]
[2570 2695 2870 2825 2695 2745 2795 2830] [2775 2465 2420 2545 2885 2760 2525 2375]
[2780 2640 2825 2655 2850 2810 2925 2675] [2665 2435 2500 2510 2735 2655 2570 2380]
[2850 2815 2625 2810 2800 2810 2900 3045] [2845 2530 2355 2370 2700 2670 2385 2470]
[2625 2885 2760 2835 2705 2665 2655 2550] [2765 2535 2240 2400 2485 2540 2495 2585]
[2515 2785 2570 2885 2490 2770 2530 2695] [2630 2635 2305 2260 2295 2390 2395 2795]
[3100 2935 3030 2765 2810 2765 2820 2665] [2485 2280 2175 2225 2245 2275 2330 2750]
COM8 0 23
0
[3015 2790 2800 2905 2850 2840 2935 2850] [2620 2555 2465 2565 2895 2685 2410 2585]
[2905 2975 2835 2780 2910 2885 2850 2845] [2790 2460 2545 2670 2840 2810 2500 2360]
[2915 2995 2965 2870 2875 2890 2940 3020] [2775 2465 2420 2545 2885 2760 2525 2375]
[2905 2790 3045 2715 2880 2950 3025 2785] [2665 2435 2500 2510 2735 2655 2570 2380]
[2875 2885 2940 2925 2895 2880 3035 2865] [2845 2530 2355 2370 2700 2670 2385 2470]
[2925 2940 2935 2925 2790 2965 2835 2905] [2765 2535 2240 2400 2485 2540 2495 2585]
[2790 3065 2810 2895 2950 3030 2945 2910] [2630 2635 2305 2260 2295 2390 2395 2795]
[2995 2865 2855 3115 2830 2970 2950 2950] [2485 2280 2175 2225 2245 2275 2330 2750]
COM3 1 24
0
[3015 2790 2800 2905 2850 2840 2935 2850] [2610 2625 2465 2685 2935 2765 2405 2515]
[2905 2975 2835 2780 2910 2885 2850 2845] [2805 2485 2545 2725 2895 2800 2505 2390]
[2915 2995 2965 2870 2875 2890 2940 3020] [2850 2455 2385 2575 2940 2610 2535 2470]
[2905 2790 3045 2715 2880 2950 3025 2785] [2890 2550 2380 2575 2730 2610 2525 2525]
[2875 2885 2940 2925 2895 2880 3035 2865] [2895 2450 2285 2375 2680 2590 2440 2460]
[2925 2940 2935 2925 2790 2965 2835 2905] [2680 2450 2355 2455 2440 2440 2555 2660]
[2790 3065 2810 2895 2950 3030 2945 2910] [2635 2245 2310 2135 2290 2480 2630 2875]
[2995 2865 2855 3115 2830 2970 2950 2950] [2445 2125 2030 2165 2095 2250 2550 2805]
COM8 0 25
0
[3175 2825 2810 3000 2955 2945 3060 2985] [2610 2625 2465 2685 2935 2765 2405 2515]
[3030 3045 2965 3040 2965 3005 2925 2980] [2805 2485 2545 2725 2895 2800 2505 2390]
[3040 3050 3075 2970 2940 2970 3020 3145] [2850 2455 2385 2575 2940 2610 2535 2470]
[3040 3020 3035 3005 3090 3040 3040 3005] [2890 2550 2380 2575 2730 2610 2525 2525]
[2975 3065 3005 2885 2975 3075 3100 3295] [2895 2450 2285 2375 2680 2590 2440 2460]
[2955 3025 3025 3055 3065 3020 2985 2930] [2680 2450 2355 2455 2440 2440 2555 2660]
[3055 3255 3010 3065 2910 3055 2980 3020] [2635 2245 2310 2135 2290 2480 2630 2875]
[3170 3085 3200 3205 2995 3225 3200 3045] [2445 2125 2030 2165 2095 2250 2550 2805]
COM3 1 26
0
[3175 2825 2810 3000 2955 2945 3060 2985] [2460 2425 2365 2555 2935 2645 2475 2455]
[3030 3045 2965 3040 2965 3005 2925 2980] [2620 2365 2500 2730 2775 2795 2510 2420]
[3040 3050 3075 2970 2940 2970 3020 3145] [2520 2430 2430 2505 2790 2605 2545 2490]
[3040 3020 3035 3005 3090 3040 3040 3005] [2740 2350 2420 2435 2630 2435 2460 2555]
[2975 3065 3005 2885 2975 3075 3100 3295] [2785 2395 2240 2465 2520 2455 2600 2695]
[2955 3025 3025 3055 3065 3020 2985 2930] [2550 2415 2060 2295 2330 2410 2505 2965]
[3055 3255 3010 3065 2910 3055 2980 3020] [2520 2370 2270 2045 2165 2270 2600 3060]
[3170 3085 3200 3205 2995 3225 3200 3045] [2210 2055 2005 2170 2110 2385 2745 3090]
COM8 0 27
0
[2565 2535 2470 2590 2745 2630 2775 2590] [2460 2425 2365 2555 2935 2645 2475 2455]
[2620 2575 2590 2710 2725 2795 2690 2750] [2620 2365 2500 2730 2775 2795 2510 2420]
[2525 2670 2650 2635 2715 2665 2750 2765] [2520 2430 2430 2505 2790 2605 2545 2490]
[2690 2600 2875 2600 2600 2775 2715 2770] [2740 2350 2420 2435 2630 2435 2460 2555]
[2710 2575 2610 2620 2695 2555 2585 2860] [2785 2395 2240 2465 2520 2455 2600 2695]
[2680 2590 2725 2635 2630 2735 2785 2640] [2550 2415 2060 2295 2330 2410 2505 2965]
[2705 2785 2580 2845 2705 2655 2640 2795] [2520 2370 2270 2045 2165 2270 2600 3060]
[2775 2770 2640 2605 2660 2780 2935 2715] [2210 2055 2005 2170 2110 2385 2745 3090]
COM3 1 28
0
[2565 2535 2470 2590 2745 2630 2775 2590] [2275 1985 2235 2385 2505 2345 2220 2485]
[2620 2575 2590 2710 2725 2795 2690 2750] [2255 2055 2230 2355 2565 2485 2370 2405]
[2525 2670 2650 2635 2715 2665 2750 2765] [2410 2030 2235 2375 2495 2390 2385 2535]
[2690 2600 2875 2600 2600 2775 2715 2770] [2325 2005 2175 2295 2345 2225 2425 2575]
[2710 2575 2610 2620 2695 2555 2585 2860] [2210 2100 2105 2030 2260 2240 2550 2810]
[2680 2590 2725 2635 2630 2735 2785 2640] [2265 2075 1890 2135 2240 2405 2640 3050]
[2705 2785 2580 2845 2705 2655 2640 2795] [2105 2145 1935 1920 2220 2555 2885 3060]
[2775 2770 2640 2605 2660 2780 2935 2715] [2045 1960 1970 2255 2390 2560 2915 3090]
COM8 0 29
0
[2550 2475 2600 2635 2775 2655 2760 2740] [2275 1985 2235 2385 2505 2345 2220 2485]
[2865 2665 2645 2715 2765 2820 2725 2725] [2255 2055 2230 2355 2565 2485 2370 2405]
[2575 2560 2570 2650 2640 2705 2740 2695] [2410 2030 2235 2375 2495 2390 2385 2535]
[2625 2560 2760 2710 2710 2745 2605 2750] [2325 2005 2175 2295 2345 2225 2425 2575]
[2775 2700 2705 2740 2720 2615 3010 2840] [2210 2100 2105 2030 2260 2240 2550 2810]
[2675 2595 2665 2680 2675 2630 2915 2660] [2265 2075 1890 2135 2240 2405 2640 3050]
[2630 2740 2730 2690 2655 2720 2660 2845] [2105 2145 1935 1920 2220 2555 2885 3060]
[2740 2815 2760 2670 2750 2810 2990 2935] [2045 1960 1970 2255 2390 2560 2915 3090]
COM3 1 30
0
[2550 2475 2600 2635 2775 2655 2760 2740] [2435 2490 2425 2545 2450 2395 2400 2600]
[2865 2665 2645 2715 2765 2820 2725 2725] [2555 2380 2470 2550 2525 2525 2580 2695]
[2575 2560 2570 2650 2640 2705 2740 2695] [2560 2295 2375 2390 2555 2535 2685 2835]
[2625 2560 2760 2710 2710 2745 2605 2750] [2420 2140 2180 2250 2425 2540 2725 2955]
[2775 2700 2705 2740 2720 2615 3010 2840] [2615 2350 2250 2190 2490 2685 2810 3060]
[2675 2595 2665 2680 2675 2630 2915 2660] [2480 2195 2175 2215 2495 2845 3110 3020]
[2630 2740 2730 2690 2655 2720 2660 2845] [2380 2360 2160 2360 2555 2965 3075 3210]
[2740 2815 2760 2670 2750 2810 2990 2935] [2200 2145 2195 2420 2690 2945 3160 3125]
COM8 0 31
0
[2915 2980 2915 2995 3010 2915 2975 3000] [2435 2490 2425 2545 2450 2395 2400 2600]
[3160 3135 3070 3085 2950 3020 2910 2980] [2555 2380 2470 2550 2525 2525 2580 2695]
[3005 3140 2935 3035 2845 2985 3135 3020] [2560 2295 2375 2390 2555 2535 2685 2835]
[3085 3055 3195 3025 3095 3155 3025 3075] [2420 2140 2180 2250 2425 2540 2725 2955]
[3125 3180 3200 3065 3000 2990 3110 2880] [2615 2350 2250 2190 2490 2685 2810 3060]
[3045 3100 3120 3195 2900 3090 3190 2935] [2480 2195 2175 2215 2495 2845 3110 3020]
[3085 3080 2995 3335 2905 3120 2900 2955] [2380 2360 2160 2360 2555 2965 3075 3210]
[3110 2995 2880 2990 3070 3150 3315 2920] [2200 2145 2195 2420 2690 2945 3160 3125]
COM3 1 32
0
[2915 2980 2915 2995 3010 2915 2975 3000] [2550 2370 2395 2490 2355 2270 2430 2825]
[3160 3135 3070 3085 2950 3020 2910 2980] [2650 2320 2315 2410 2535 2515 2715 2800]
[3005 3140 2935 3035 2845 2985 3135 3020] [2435 2225 2110 2285 2610 2680 2855 3005]
[3085 3055 3195 3025 3095 3155 3025 3075] [2505 2315 2280 2260 2645 2875 2960 2975]
[3125 3180 3200 3065 3000 2990 3110 2880] [2475 2170 2270 2180 2625 2925 3025 3170]
[3045 3100 3120 3195 2900 3090 3190 2935] [2315 2150 2290 2585 2750 3030 3195 3055]
[3085 3080 2995 3335 2905 3120 2900 2955] [2350 2205 2380 2475 2830 3020 3240 3355]
[3110 2995 2880 2990 3070 3150 3315 2920] [2100 2040 2330 2705 2940 3050 3180 3075]
COM8 0 33
0
[2555 2570 2510 2615 2730 2670 2800 2700] [2550 2370 2395 2490 2355 2270 2430 2825]
[2690 2695 2635 2780 2725 2805 2730 2800] [2650 2320 2315 2410 2535 2515 2715 2800]
[2555 2575 2660 2595 2720 2665 2855 2815] [2435 2225 2110 2285 2610 2680 2855 3005]
[2540 2675 2620 2655 2770 2635 2905 2860] [2505 2315 2280 2260 2645 2875 2960 2975]
[2850 2785 2685 2630 2760 2695 2890 2915] [2475 2170 2270 2180 2625 2925 3025 3170]
[2710 2785 2825 2755 2610 2805 2955 2595] [2315 2150 2290 2585 2750 3030 3195 3055]
[2630 2610 2735 2780 2700 2995 2780 2575] [2350 2205 2380 2475 2830 3020 3240 3355]
[2795 2670 2710 2795 2740 2815 2815 2350] [2100 2040 2330 2705 2940 3050 3180 3075]
COM3 1 34
0
[2555 2570 2510 2615 2730 2670 2800 2700] [2550 2220 2015 2335 2415 2570 2800 3065]
[2690 2695 2635 2780 2725 2805 2730 2800] [2405 2280 2150 2275 2660 2895 2930 2995]
[2555 2575 2660 2595 2720 2665 2855 2815] [2510 2360 2265 2425 2825 2900 3050 2990]
[2540 2675 2620 2655 2770 2635 2905 2860] [2435 2125 2305 2515 2860 3015 3010 3210]
[2850 2785 2685 2630 2760 2695 2890 2915] [2440 2295 2350 2580 2845 2960 3070 3125]
[2710 2785 2825 2755 2610 2805 2955 2595] [2155 2275 2375 2860 3065 3080 3160 3235]
[2630 2610 2735 2780 2700 2995 2780 2575] [2040 2185 2465 2820 3095 3030 3105 3030]
[2795 2670 2710 2795 2740 2815 2815 2350] [2035 2170 2450 2660 2950 3070 3005 3260]
COM8 0 35
0
[2565 2570 2480 2585 2760 2680 2825 2820] [2550 2220 2015 2335 2415 2570 2800 3065]
[2655 2700 2550 2740 2770 2725 2765 2765] [2405 2280 2150 2275 2660 2895 2930 2995]
[2625 2565 2735 2755 2665 2680 2850 2960] [2510 2360 2265 2425 2825 2900 3050 2990]
[2710 2565 2800 2650 2840 2825 2715 2670] [2435 2125 2305 2515 2860 3015 3010 3210]
[2715 2685 2720 2685 2800 2770 2935 2710] [2440 2295 2350 2580 2845 2960 3070 3125]
[2600 2780 2660 2775 2705 2940 2755 2485] [2155 2275 2375 2860 3065 3080 3160 3235]
[2815 2610 2930 2855 2955 2835 2590 2385] [2040 2185 2465 2820 3095 3030 3105 3030]
[2815 2700 2885 2760 2755 3050 2640 2310] [2035 2170 2450 2660 2950 3070 3005 3260]
COM3 1 36
0
[2565 2570 2480 2585 2760 2680 2825 2820] [2240 2250 2095 2540 2835 2855 3020 3015]
[2655 2700 2550 2740 2770 2725 2765 2765] [2450 2210 2305 2735 3045 3030 2990 2925]
[2625 2565 2735 2755 2665 2680 2850 2960] [2450 2160 2465 2705 3070 2965 3105 2975]
[2710 2565 2800 2650 2840 2825 2715 2670] [2300 2240 2470 2805 2940 3065 3090 2975]
[2715 2685 2720 2685 2800 2770 2935 2710] [2150 2265 2420 2675 3015 3000 3120 3110]
[2600 2780 2660 2775 2705 2940 2755 2485] [1955 2115 2460 2995 3075 3095 3100 3135]
[2815 2610 2930 2855 2955 2835 2590 2385] [2105 2305 2585 2965 3105 3055 3235 3270]
[2815 2700 2885 2760 2755 3050 2640 2310] [2080 2170 2500 3145 2880 3250 3115 3035]
COM8 0 37
0
[2820 2800 2725 2825 2865 2825 2915 2795] [2240 2250 2095 2540 2835 2855 3020 3015]
[3025 2850 2775 2960 2880 2895 2875 2865] [2450 2210 2305 2735 3045 3030 2990 2925]
[2625 2925 2910 2825 2855 2765 2900 2800] [2450 2160 2465 2705 3070 2965 3105 2975]
[2980 2755 3040 2835 2995 3015 2835 2665] [2300 2240 2470 2805 2940 3065 3090 2975]
[3065 2920 2975 2855 2835 2840 2975 2470] [2150 2265 2420 2675 3015 3000 3120 3110]
[2755 2920 3065 2820 2800 2905 2640 2425] [1955 2115 2460 2995 3075 3095 3100 3135]
[2840 3005 2770 2920 2865 2825 2510 2355] [2105 2305 2585 2965 3105 3055 3235 3270]
[3125 2940 2885 2990 2895 2845 2640 2205] [2080 2170 2500 3145 2880 3250 3115 3035]
COM3 1 38
0
[2820 2800 2725 2825 2865 2825 2915 2795] [2385 2200 2325 2805 3005 2940 2995 3035]
[3025 2850 2775 2960 2880 2895 2875 2865] [2225 2295 2560 2760 2935 3070 3010 2960]
[2625 2925 2910 2825 2855 2765 2900 2800] [2270 2120 2425 2765 3120 3005 3005 3025]
[2980 2755 3040 2835 2995 3015 2835 2665] [1880 2040 2475 2775 2975 2955 2985 2965]
[3065 2920 2975 2855 2835 2840 2975 2470] [1865 2095 2460 2755 3120 3080 3110 3115]
[2755 2920 3065 2820 2800 2905 2640 2425] [1815 2180 2585 2925 3035 3170 3110 3100]
[2840 3005 2770 2920 2865 2825 2510 2355] [1840 2135 2585 3005 3150 3125 3185 3130]
[3125 2940 2885 2990 2895 2845 2640 2205] [1865 2175 2635 3145 3090 3105 3145 3160]
COM8 0 39
0
[3085 2720 2865 2950 2955 2855 2985 2885] [2385 2200 2325 2805 3005 2940 2995 3035]
[3035 3040 2920 2990 2900 2985 2925 2775] [2225 2295 2560 2760 2935 3070 3010 2960]
[2905 3150 3075 2985 2935 3005 3015 2795] [2270 2120 2425 2765 3120 3005 3005 3025]
[3090 2940 3075 3000 3030 2950 2795 2445] [1880 2040 2475 2775 2975 2955 2985 2965]
[3115 3015 3145 3050 3015 2900 2770 2450] [1865 2095 2460 2755 3120 3080 3110 3115]
[2990 3135 3035 3145 2945 2940 2600 2150] [1815 2180 2585 2925 3035 3170 3110 3100]
[3195 3210 3090 3170 2875 2850 2490 2095] [1840 2135 2585 3005 3150 3125 3185 3130]
[3095 3125 3145 2860 2915 2820 2650 2205] [1865 2175 2635 3145 3090 3105 3145 3160]
COM3 1 40
0
[3085 2720 2865 2950 2955 2855 2985 2885] [2080 2300 2410 2790 2750 2875 2995 3080]
[3035 3040 2920 2990 2900 2985 2925 2775] [2225 2160 2515 2860 2900 3155 3045 2920]
[2905 3150 3075 2985 2935 3005 3015 2795] [2100 2345 2625 2760 3105 2985 3075 3020]
[3090 2940 3075 3000 3030 2950 2795 2445] [2040 2060 2525 2765 3045 2880 3060 3045]
[3115 3015 3145 3050 3015 2900 2770 2450] [2020 2200 2590 2740 3105 3060 3090 3170]
[2990 3135 3035 3145 2945 2940 2600 2150] [2055 2275 2645 3045 3050 3130 3200 3085]
[3195 3210 3090 3170 2875 2850 2490 2095] [1985 2425 2740 2875 3090 3040 3135 3090]
[3095 3125 3145 2860 2915 2820 2650 2205] [2040 2250 2495 2975 3040 3015 3130 3230]
COM8 0 41
0
[2845 2670 2795 3015 2890 2790 2845 2580] [2080 2300 2410 2790 2750 2875 2995 3080]
[2735 2930 2720 2935 2955 2860 2850 2685] [2225 2160 2515 2860 2900 3155 3045 2920]
[2770 2940 2790 2935 2895 2825 2795 2560] [2100 2345 2625 2760 3105 2985 3075 3020]
[2910 2800 2970 2865 2970 2805 2655 2450] [2040 2060 2525 2765 3045 2880 3060 3045]
[2930 3065 2960 2875 3000 2865 2575 2190] [2020 2200 2590 2740 3105 3060 3090 3170]
[2925 2985 2945 2910 2935 2985 2505 1995] [2055 2275 2645 3045 3050 3130 3200 3085]
[2995 2925 2935 2970 2915 2765 2330 2015] [1985 2425 2740 2875 3090 3040 3135 3090]
[3065 2840 2945 2845 2845 2680 2565 2060] [2040 2250 2495 2975 3040 3015 3130 3230]
COM3 1 42
0
[2845 2670 2795 3015 2890 2790 2845 2580] [1515 1760 2070 2530 2925 2810 2975 3040]
[2735 2930 2720 2935 2955 2860 2850 2685] [1665 1675 2310 2670 2915 3005 2995 2720]
[2770 2940 2790 2935 2895 2825 2795 2560] [1640 1805 2175 2675 3075 2900 2900 2880]
[2910 2800 2970 2865 2970 2805 2655 2450] [1610 1680 2225 2645 2990 2970 3070 2785]
[2930 3065 2960 2875 3000 2865 2575 2190] [1445 1820 2180 2580 2990 2935 2985 3040]
[2925 2985 2945 2910 2935 2985 2505 1995] [1600 1670 2340 2925 2855 3075 3205 2970]
[2995 2925 2935 2970 2915 2765 2330 2015] [1480 1950 2420 2915 3020 3155 3010 3165]
[3065 2840 2945 2845 2845 2680 2565 2060] [1510 1955 2540 3030 2960 3070 3150 3050]
COM8 0 43
0
[2865 2755 2810 2885 2950 2850 2790 2495] [1515 1760 2070 2530 2925 2810 2975 3040]
[2825 3005 2785 2975 2760 2785 2590 2500] [1665 1675 2310 2670 2915 3005 2995 2720]
[2710 2815 2925 2935 2860 2770 2690 2470] [1640 1805 2175 2675 3075 2900 2900 2880]
[2870 2760 3025 2920 3015 2845 2725 2335] [1610 1680 2225 2645 2990 2970 3070 2785]
[2950 2900 3040 2965 2980 2650 2480 2270] [1445 1820 2180 2580 2990 2935 2985 3040]
[2780 2925 2905 2855 2600 2750 2530 1865] [1600 1670 2340 2925 2855 3075 3205 2970]
[2845 2995 3040 2915 2850 2720 2295 1890] [1480 1950 2420 2915 3020 3155 3010 3165]
[2810 2945 3085 2970 2720 2750 2275 1965] [1510 1955 2540 3030 2960 3070 3150 3050]
COM3 1 44
0
[2865 2755 2810 2885 2950 2850 2790 2495] [2045 2330 2375 2905 2765 2915 2950 3115]
[2825 3005 2785 2975 2760 2785 2590 2500] [2265 2335 2445 2780 2900 3030 2990 2970]
[2710 2815 2925 2935 2860 2770 2690 2470] [2230 2225 2510 2955 3090 2955 3035 3050]
[2870 2760 3025 2920 3015 2845 2725 2335] [2190 2075 2585 2780 2950 3020 2990 2965]
[2950 2900 3040 2965 2980 2650 2480 2270] [1975 2140 2590 2645 3120 3070 3035 3110]
[2780 2925 2905 2855 2600 2750 2530 1865] [1940 2150 2535 3055 2920 3000 3135 3185]
[2845 2995 3040 2915 2850 2720 2295 1890] [2020 2225 2660 2945 2965 2995 3225 3270]
[2810 2945 3085 2970 2720 2750 2275 1965] [2080 2195 2775 3105 3015 2865 3065 3230]
COM8 0 45
0
[2815 2660 2840 2760 2985 2720 2585 2435] [2045 2330 2375 2905 2765 2915 2950 3115]
[3040 3000 2860 2920 2835 2705 2450 2360] [2265 2335 2445 2780 2900 3030 2990 2970]
[2885 2900 2890 2910 2855 2720 2505 2295] [2230 2225 2510 2955 3090 2955 3035 3050]
[2785 2980 3065 2800 3025 2880 2480 2065] [2190 2075 2585 2780 2950 3020 2990 2965]
[2840 2975 2950 2810 2905 2775 2390 2200] [1975 2140 2590 2645 3120 3070 3035 3110]
[2955 3065 3025 2915 2665 2710 2365 1965] [1940 2150 2535 3055 2920 3000 3135 3185]
[2900 3035 2935 3035 2850 2725 2105 1715] [2020 2225 2660 2945 2965 2995 3225 3270]
[3050 3205 2845 3010 2765 2840 2540 1905] [2080 2195 2775 3105 3015 2865 3065 3230]
COM3 1 46
0
[2815 2660 2840 2760 2985 2720 2585 2435] [1990 1945 2345 2555 2800 2940 2990 3130]
[3040 3000 2860 2920 2835 2705 2450 2360] [2115 1965 2345 2780 2920 3090 3020 2890]
[2885 2900 2890 2910 2855 2720 2505 2295] [2035 1935 2450 2790 3100 2980 3060 3020]
[2785 2980 3065 2800 3025 2880 2480 2065] [1970 2045 2430 2890 2940 2920 3045 2985]
[2840 2975 2950 2810 2905 2775 2390 2200] [1925 2000 2340 2685 2975 3040 3125 3050]
[2955 3065 3025 2915 2665 2710 2365 1965] [1680 2010 2525 2935 3055 3030 3025 3105]
[2900 3035 2935 3035 2850 2725 2105 1715] [1820 2170 2665 3025 2965 3040 3010 3190]
[3050 3205 2845 3010 2765 2840 2540 1905] [1635 1970 2700 3125 3100 2900 3110 3035]
COM8 0 47
0
[2770 2690 2750 2850 2740 2560 2500 2320] [1990 1945 2345 2555 2800 2940 2990 3130]
[2830 2875 2710 2855 2830 2665 2465 2240] [2115 1965 2345 2780 2920 3090 3020 2890]
[2710 2930 2870 2870 2835 2630 2430 2035] [2035 1935 2450 2790 3100 2980 3060 3020]
[2735 2645 2975 2845 2810 2620 2165 2205] [1970 2045 2430 2890 2940 2920 3045 2985]
[3060 2965 2915 2985 2890 2660 2410 1905] [1925 2000 2340 2685 2975 3040 3125 3050]
[3005 2925 2930 2770 2620 2545 2255 1730] [1680 2010 2525 2935 3055 3030 3025 3105]
[2775 2925 2695 2970 2685 2650 2020 1775] [1820 2170 2665 3025 2965 3040 3010 3190]
[2970 2920 3005 2970 2805 2570 2245 1745] [1635 1970 2700 3125 3100 2900 3110 3035]
COM3 1 48
0
[2770 2690 2750 2850 2740 2560 2500 2320] [2460 2405 2740 2915 2995 3000 3100 3065]
[2830 2875 2710 2855 2830 2665 2465 2240] [2320 2435 2685 2920 3070 3070 2990 2985]
[2710 2930 2870 2870 2835 2630 2430 2035] [2430 2460 2795 2900 3070 2980 3095 3080]
[2735 2645 2975 2845 2810 2620 2165 2205] [2480 2445 2770 2905 3035 3025 3075 3110]
[3060 2965 2915 2985 2890 2660 2410 1905] [2490 2525 2945 2905 3135 3025 3130 3155]
[3005 2925 2930 2770 2620 2545 2255 1730] [2375 2520 2715 3130 3055 3035 3225 3170]
[2775 2925 2695 2970 2685 2650 2020 1775] [2420 2635 3055 3090 3175 3130 3110 3265]
[2970 2920 3005 2970 2805 2570 2245 1745] [2360 2595 2880 3140 3100 3130 3245 3245]
COM8 0 49
0
[2750 2745 2615 2650 2410 2230 2105 2135] [2460 2405 2740 2915 2995 3000 3100 3065]
[2890 2955 2735 2935 2660 2365 1890 2060] [2320 2435 2685 2920 3070 3070 2990 2985]
[2695 2895 2890 2735 2705 2380 2035 2140] [2430 2460 2795 2900 3070 2980 3095 3080]
[2750 2680 2945 2845 2700 2475 2225 2075] [2480 2445 2770 2905 3035 3025 3075 3110]
[2845 2740 2780 2845 2885 2505 2235 1955] [2490 2525 2945 2905 3135 3025 3130 3155]
[2690 2800 2995 2910 2655 2540 2085 1730] [2375 2520 2715 3130 3055 3035 3225 3170]
[2870 3035 2845 3110 2720 2355 1955 1675] [2420 2635 3055 3090 3175 3130 3110 3265]
[3070 2655 2755 2820 2810 2550 2025 1640] [2360 2595 2880 3140 3100 3130 3245 3245]
COM3 1 50
0
[2750 2745 2615 2650 2410 2230 2105 2135] [2155 2315 2390 2935 2935 2915 2900 2910]
[2890 2955 2735 2935 2660 2365 1890 2060] [2240 2285 2455 2860 2790 3135 2900 3010]
[2695 2895 2890 2735 2705 2380 2035 2140] [2145 2295 2525 2745 3080 3040 3015 2940]
[2750 2680 2945 2845 2700 2475 2225 2075] [2090 2255 2495 2870 2990 2885 3045 2925]
[2845 2740 2780 2845 2885 2505 2235 1955] [2105 2350 2575 2875 3115 2940 3150 3020]
[2690 2800 2995 2910 2655 2540 2085 1730] [2085 2270 2735 2960 3015 2950 3100 3115]
[2870 3035 2845 3110 2720 2355 1955 1675] [2070 2490 2755 2900 3105 2975 3225 3090]
[3070 2655 2755 2820 2810 2550 2025 1640] [1920 2410 2795 3075 3135 3130 2940 3085]
COM8 0 51
0
[3025 3055 2765 2990 2740 2440 2470 2550] [2155 2315 2390 2935 2935 2915 2900 2910]
[3110 3135 3010 2940 2890 2640 2310 2490] [2240 2285 2455 2860 2790 3135 2900 3010]
[3005 3065 2900 2870 2885 2515 2340 2460] [2145 2295 2525 2745 3080 3040 3015 2940]
[3210 3030 3040 2790 2945 2550 2475 2375] [2090 2255 2495 2870 2990 2885 3045 2925]
[3290 3070 3050 2900 2960 2525 2480 2200] [2105 2350 2575 2875 3115 2940 3150 3020]
[3045 3160 3175 3020 2670 2580 2240 2045] [2085 2270 2735 2960 3015 2950 3100 3115]
[3415 3120 3035 3205 2590 2450 2155 1880] [2070 2490 2755 2900 3105 2975 3225 3090]
[3150 3310 3075 3000 2750 2600 2110 1965] [1920 2410 2795 3075 3135 3130 2940 3085]
COM3 1 52
0
[3025 3055 2765 2990 2740 2440 2470 2550] [2250 2140 2570 2675 2925 3040 2910 3060]
[3110 3135 3010 2940 2890 2640 2310 2490] [2115 2255 2635 2860 3010 3105 3000 2835]
[3005 3065 2900 2870 2885 2515 2340 2460] [2180 2255 2610 2860 3010 3020 2985 2970]
[3210 3030 3040 2790 2945 2550 2475 2375] [2145 2260 2730 3030 3035 3030 3070 3000]
[3290 3070 3050 2900 2960 2525 2480 2200] [2165 2320 2630 2870 3110 3000 3020 3005]
[3045 3160 3175 3020 2670 2580 2240 2045] [2070 2290 2700 3145 2970 3105 3025 3000]
[3415 3120 3035 3205 2590 2450 2155 1880] [2095 2565 2835 2955 3090 3040 3120 3085]
[3150 3310 3075 3000 2750 2600 2110 1965] [2055 2455 2895 3215 2880 3170 3090 3100]
COM8 0 53
0
[3020 2835 2825 2785 2550 2250 2465 2535] [2250 2140 2570 2675 2925 3040 2910 3060]
[3070 3050 2880 3025 2685 2480 2240 2410] [2115 2255 2635 2860 3010 3105 3000 2835]
[2890 3040 2915 2865 2780 2530 2320 2255] [2180 2255 2610 2860 3010 3020 2985 2970]
[3110 2900 3180 2815 2825 2605 2290 2090] [2145 2260 2730 3030 3035 3030 3070 3000]
[3165 3060 3140 2955 2735 2440 2285 2120] [2165 2320 2630 2870 3110 3000 3020 3005]
[3020 3235 3110 3065 2595 2340 2040 1835] [2070 2290 2700 3145 2970 3105 3025 3000]
[3095 3120 2975 2950 2725 2320 1810 1760] [2095 2565 2835 2955 3090 3040 3120 3085]
[3225 3075 3015 2770 2605 2325 2045 1640] [2055 2455 2895 3215 2880 3170 3090 3100]
COM3 1 54
0
[3020 2835 2825 2785 2550 2250 2465 2535] [2390 2350 2580 2745 2930 3025 3000 3175]
[3070 3050 2880 3025 2685 2480 2240 2410] [2270 2430 2615 2910 3030 3065 3115 3030]
[2890 3040 2915 2865 2780 2530 2320 2255] [2335 2485 2735 3045 3120 3055 3075 3055]
[3110 2900 3180 2815 2825 2605 2290 2090] [2415 2280 2985 3125 3085 3020 3025 3110]
[3165 3060 3140 2955 2735 2440 2285 2120] [2210 2455 2880 2990 3035 3060 3160 3250]
[3020 3235 3110 3065 2595 2340 2040 1835] [2245 2510 2940 3150 3115 3025 3175 3190]
[3095 3120 2975 2950 2725 2320 1810 1760] [2305 2720 3050 3225 3160 3070 3135 3240]
[3225 3075 3015 2770 2605 2325 2045 1640] [2295 2440 3095 3320 3045 3150 3090 3260]
COM8 0 55
0
[2815 2770 2595 2615 2460 2290 2255 2415] [2390 2350 2580 2745 2930 3025 3000 3175]
[2805 2895 2785 2710 2575 2385 2255 2370] [2270 2430 2615 2910 3030 3065 3115 3030]
[2745 2700 2770 2730 2610 2395 2210 2305] [2335 2485 2735 3045 3120 3055 3075 3055]
[2865 2885 3005 2890 2645 2380 2035 2160] [2415 2280 2985 3125 3085 3020 3025 3110]
[2855 2835 2900 2885 2725 2225 2185 1955] [2210 2455 2880 2990 3035 3060 3160 3250]
[2715 2820 2995 2800 2595 2265 2030 1925] [2245 2510 2940 3150 3115 3025 3175 3190]
[2850 2895 2840 2845 2525 2265 1755 1685] [2305 2720 3050 3225 3160 3070 3135 3240]
[2970 2905 2995 2860 2395 2190 1805 1725] [2295 2440 3095 3320 3045 3150 3090 3260]
COM3 1 56
0
[2815 2770 2595 2615 2460 2290 2255 2415] [2370 2435 2660 3010 2930 2990 2980 3065]
[2805 2895 2785 2710 2575 2385 2255 2370] [2185 2340 2775 2855 2995 3135 2940 2955]
[2745 2700 2770 2730 2610 2395 2210 2305] [2100 2420 2750 2850 3015 3000 3040 2950]
[2865 2885 3005 2890 2645 2380 2035 2160] [2330 2330 2840 3080 3035 3035 2990 2945]
[2855 2835 2900 2885 2725 2225 2185 1955] [2110 2460 2975 2925 3120 3120 3110 3130]
[2715 2820 2995 2800 2595 2265 2030 1925] [2245 2545 2955 3115 3035 3070 3170 3170]
[2850 2895 2840 2845 2525 2265 1755 1685] [2195 2640 2940 2935 3085 3040 3150 3125]
[2970 2905 2995 2860 2395 2190 1805 1725] [2320 2840 3095 3225 3090 3135 3105 3155]
COM8 0 57
0
[2850 3000 2915 2770 2660 2340 2515 2535] [2370 2435 2660 3010 2930 2990 2980 3065]
[3015 2935 2850 2790 2660 2315 2265 2265] [2185 2340 2775 2855 2995 3135 2940 2955]
[2910 2965 2995 2840 2730 2350 2305 2380] [2100 2420 2750 2850 3015 3000 3040 2950]
[3005 3035 3035 2890 2630 2415 2200 2175] [2330 2330 2840 3080 3035 3035 2990 2945]
[3105 2965 3025 2870 2740 2245 2060 2045] [2110 2460 2975 2925 3120 3120 3110 3130]
[2985 2910 3135 2875 2430 2185 1880 1840] [2245 2545 2955 3115 3035 3070 3170 3170]
[3060 3110 2975 2855 2420 2045 1680 1650] [2195 2640 2940 2935 3085 3040 3150 3125]
[3250 3075 3005 2790 2375 2175 1795 1590] [2320 2840 3095 3225 3090 3135 3105 3155]
COM3 1 58
0
[2850 3000 2915 2770 2660 2340 2515 2535] [1875 1935 2480 2795 2615 2800 2835 2730]
[3015 2935 2850 2790 2660 2315 2265 2265] [2070 1905 2480 2695 2825 2910 2710 2720]
[2910 2965 2995 2840 2730 2350 2305 2380] [2075 2220 2540 2725 3020 2935 2865 2710]
[3005 3035 3035 2890 2630 2415 2200 2175] [1855 2295 2630 2745 2865 2790 2880 2790]
[3105 2965 3025 2870 2740 2245 2060 2045] [1900 2455 2640 2690 3035 2810 2815 2905]
[2985 2910 3135 2875 2430 2185 1880 1840] [1940 2430 2680 2995 2880 2990 2870 2865]
[3060 3110 2975 2855 2420 2045 1680 1650] [2240 2650 3100 3050 3010 2845 2765 2730]
[3250 3075 3005 2790 2375 2175 1795 1590] [2285 2750 2950 3180 2880 2745 2885 2845]
COM8 0 59
0
[2595 2560 2675 2635 2485 2230 2005 2335] [1875 1935 2480 2795 2615 2800 2835 2730]
[2810 2905 2850 2755 2570 2245 1930 2020] [2070 1905 2480 2695 2825 2910 2710 2720]
[2700 2750 2715 2770 2525 2155 2010 1960] [2075 2220 2540 2725 3020 2935 2865 2710]
[2770 2640 2970 2700 2625 2220 1920 1830] [1855 2295 2630 2745 2865 2790 2880 2790]
[2700 2895 2975 2610 2490 2070 1695 1590] [1900 2455 2640 2690 3035 2810 2815 2905]
[2570 2820 2845 2690 2330 1855 1645 1310] [1940 2430 2680 2995 2880 2990 2870 2865]
[2835 2925 2720 2710 2085 1815 1330 1355] [2240 2650 3100 3050 3010 2845 2765 2730]
[2915 2850 2885 2580 1955 1805 1550 1320] [2285 2750 2950 3180 2880 2745 2885 2845]
COM3 1 60
0
[2595 2560 2675 2635 2485 2230 2005 2335] [2750 2605 3095 3250 3075 3060 3105 3300]
[2810 2905 2850 2755 2570 2245 1930 2020] [2590 2970 3110 3130 3090 3225 3115 3210]
[2700 2750 2715 2770 2525 2155 2010 1960] [2590 2855 3155 3160 3215 3145 3190 3240]
[2770 2640 2970 2700 2625 2220 1920 1830] [2705 2950 3175 3275 3200 3120 3110 3295]
[2700 2895 2975 2610 2490 2070 1695 1590] [2695 3115 3230 3030 3210 3220 3275 3335]
[2570 2820 2845 2690 2330 1855 1645 1310] [2845 3140 3165 3235 3105 3295 3290 3385]
[2835 2925 2720 2710 2085 1815 1330 1355] [2920 3155 3255 3315 3180 3170 3385 3365]
[2915 2850 2885 2580 1955 1805 1550 1320] [2890 3235 3175 3485 3180 3195 3350 3495]
COM8 0 61
0
[2785 2695 2735 2680 2460 2110 2100 2150] [2750 2605 3095 3250 3075 3060 3105 3300]
[2755 2945 2700 2710 2475 2185 2055 2150] [2590 2970 3110 3130 3090 3225 3115 3210]
[2580 2915 2815 2720 2510 2235 1935 1975] [2590 2855 3155 3160 3215 3145 3190 3240]
[2770 2795 2890 2580 2445 2125 1990 1805] [2705 2950 3175 3275 3200 3120 3110 3295]
[2850 2800 2850 2610 2325 1885 1735 1625] [2695 3115 3230 3030 3210 3220 3275 3335]
[2830 2820 2905 2535 2085 1680 1640 1310] [2845 3140 3165 3235 3105 3295 3290 3385]
[2955 2865 2845 2530 1980 1595 1220 1290] [2920 3155 3255 3315 3180 3170 3385 3365]
[3135 2855 2785 2445 1900 1570 1575 1385] [2890 3235 3175 3485 3180 3195 3350 3495]
COM3 1 62
0
[2785 2695 2735 2680 2460 2110 2100 2150] [2650 2705 3065 3100 2930 3015 3055 3235]
[2755 2945 2700 2710 2475 2185 2055 2150] [2635 2685 3070 3075 3045 3145 3115 3145]
[2580 2915 2815 2720 2510 2235 1935 1975] [2700 2940 3150 3145 3110 3025 3225 3180]
[2770 2795 2890 2580 2445 2125 1990 1805] [2880 3065 3105 3040 3145 3130 3140 3115]
[2850 2800 2850 2610 2325 1885 1735 1625] [2890 3075 3210 3000 3165 3135 3230 3260]
[2830 2820 2905 2535 2085 1680 1640 1310] [2835 3125 3095 3135 3215 3245 3355 3205]
[2955 2865 2845 2530 1980 1595 1220 1290] [3020 3275 3255 3135 3280 3305 3235 3280]
[3135 2855 2785 2445 1900 1570 1575 1385] [3140 3120 3265 3400 3240 3270 3275 3330]
COM8 0 63
0
[2785 2910 2775 2690 2360 2080 2205 2145] [2650 2705 3065 3100 2930 3015 3055 3235]
[2945 3060 2945 2770 2485 2210 2115 2030] [2635 2685 3070 3075 3045 3145 3115 3145]
[2705 2840 2955 2740 2505 2165 1970 1760] [2700 2940 3150 3145 3110 3025 3225 3180]
[2865 2765 3000 2780 2565 2200 1820 1775] [2880 3065 3105 3040 3145 3130 3140 3115]
[2910 2800 2730 2570 2295 1825 1840 1695] [2890 3075 3210 3000 3165 3135 3230 3260]
[2565 2795 2865 2280 2005 1680 1640 1500] [2835 3125 3095 3135 3215 3245 3355 3205]
[2885 2880 2595 2345 1805 1480 1465 1535] [3020 3275 3255 3135 3280 3305 3235 3280]
[3055 3050 2565 2210 1680 1520 1735 1590] [3140 3120 3265 3400 3240 3270 3275 3330]
COM3 1 64
0
[2785 2910 2775 2690 2360 2080 2205 2145] [2715 2715 2995 3105 3015 2990 3110 3140]
[2945 3060 2945 2770 2485 2210 2115 2030] [2840 2885 3105 3020 3015 3105 3070 3050]
[2705 2840 2955 2740 2505 2165 1970 1760] [2790 3190 3105 3085 3155 3060 3115 3130]
[2865 2765 3000 2780 2565 2200 1820 1775] [2945 3000 3100 3090 3065 3085 3260 3055]
[2910 2800 2730 2570 2295 1825 1840 1695] [2960 3130 3235 3005 3120 3135 3220 3210]
[2565 2795 2865 2280 2005 1680 1640 1500] [3080 3075 3090 3190 3145 3215 3200 3225]
[2885 2880 2595 2345 1805 1480 1465 1535] [3115 3270 3170 3175 3120 3115 3215 3265]
[3055 3050 2565 2210 1680 1520 1735 1590] [3090 3220 3335 3180 3200 3130 3180 3205]
COM8 0 65
0
[2840 2675 2695 2595 2470 2295 2270 2295] [2715 2715 2995 3105 3015 2990 3110 3140]
[3075 2960 2870 2720 2435 2185 2115 1970] [2840 2885 3105 3020 3015 3105 3070 3050]
[2775 2975 2765 2685 2410 2220 2000 1925] [2790 3190 3105 3085 3155 3060 3115 3130]
[2745 3045 3030 2615 2540 2110 2030 2005] [2945 3000 3100 3090 3065 3085 3260 3055]
[3005 3025 2795 2595 2170 1865 1945 1895] [2960 3130 3235 3005 3120 3135 3220 3210]
[2945 2920 2585 2300 2020 1900 1985 2080] [3080 3075 3090 3190 3145 3215 3200 3225]
[3035 2750 2355 2070 1875 1945 1830 2070] [3115 3270 3170 3175 3120 3115 3215 3265]
[3160 2850 2375 2015 1665 1770 1775 2125] [3090 3220 3335 3180 3200 3130 3180 3205]