COM8 0 6
0
[2970 2920 2895 2880 2985 2885 2945 3015] [3025 3035 3105 2975 3090 2890 2595 2570]
[3000 2970 2940 3060 2895 3020 2960 2905] [2995 3125 3040 3005 2930 3100 2905 2535]
[2995 3040 2950 3040 2995 2955 2905 3065] [3085 2960 3060 3000 3080 3040 2955 2510]
[2930 3185 3160 2945 3030 3080 3095 3070] [2965 2975 3215 3000 3005 2980 2965 2500]
[3185 3110 3015 2975 3100 2895 2970 3040] [3235 3060 3280 2915 3155 3025 2865 2645]
[2900 2985 3135 3005 2955 3055 3010 2955] [3195 3125 3025 3185 3035 3080 3105 2700]
[3125 3225 3085 3015 3095 3055 2885 3010] [3175 3215 3305 3115 3085 3005 3080 2910]
[3180 3120 3115 3030 2970 3080 3160 3140] [3185 3160 3150 3180 3085 3035 3055 2540]
COM3 1 7
0
[2970 2920 2895 2880 2985 2885 2945 3015] [2900 2760 2905 2885 3000 2805 2575 2335]
[3000 2970 2940 3060 2895 3020 2960 2905] [2865 3015 2995 2900 2845 3025 2780 2385]
[2995 3040 2950 3040 2995 2955 2905 3065] [2970 3035 2965 3040 2965 2810 2905 2555]
[2930 3185 3160 2945 3030 3080 3095 3070] [2970 3055 3100 2955 2950 2885 2890 2560]
[3185 3110 3015 2975 3100 2895 2970 3040] [3045 3055 3105 2835 3080 3025 2925 2740]
[2900 2985 3135 3005 2955 3055 3010 2955] [2745 3000 2935 3145 3020 3015 3035 2605]
[3125 3225 3085 3015 3095 3055 2885 3010] [3005 3160 3140 3155 3020 3255 2920 2525]
[3180 3120 3115 3030 2970 3080 3160 3140] [3185 3085 3215 3295 3030 2780 2835 2525]
COM8 0 8
0
[2625 2620 2645 2660 2780 2765 2780 2620] [2900 2760 2905 2885 3000 2805 2575 2335]
[2665 2605 2805 2800 2695 2750 2810 2750] [2865 3015 2995 2900 2845 3025 2780 2385]
[2640 2720 2665 2765 2785 2700 2720 2815] [2970 3035 2965 3040 2965 2810 2905 2555]
[2715 2880 2675 2755 2755 2885 2810 2755] [2970 3055 3100 2955 2950 2885 2890 2560]
[2820 2850 2665 2715 2995 2700 2840 2745] [3045 3055 3105 2835 3080 3025 2925 2740]
[2650 2905 2630 2810 2785 2860 2875 2645] [2745 3000 2935 3145 3020 3015 3035 2605]
[2930 2785 2815 2660 2685 2740 2520 2525] [3005 3160 3140 3155 3020 3255 2920 2525]
[2840 2850 2725 2755 2990 2900 2845 2995] [3185 3085 3215 3295 3030 2780 2835 2525]
COM3 1 9
0
[2625 2620 2645 2660 2780 2765 2780 2620] [2810 2740 2745 2760 2725 2805 2440 2405]
[2665 2605 2805 2800 2695 2750 2810 2750] [2480 2615 2625 2540 2635 2820 2530 2185]
[2640 2720 2665 2765 2785 2700 2720 2815] [2670 2745 2630 2680 2765 2685 2605 2270]
[2715 2880 2675 2755 2755 2885 2810 2755] [2640 2605 2785 2750 2795 2595 2650 2380]
[2820 2850 2665 2715 2995 2700 2840 2745] [2725 2840 2815 2645 2800 2950 2715 2545]
[2650 2905 2630 2810 2785 2860 2875 2645] [2585 2700 2770 2895 2805 2860 2695 2405]
[2930 2785 2815 2660 2685 2740 2520 2525] [2910 2890 2820 2845 2890 2625 2600 2555]
[2840 2850 2725 2755 2990 2900 2845 2995] [2845 2985 2680 2865 3005 2725 2440 2110]
COM8 0 10
0
[2910 2900 3095 2855 3000 2745 2940 2810] [2810 2740 2745 2760 2725 2805 2440 2405]
[2985 2890 2895 3035 2790 2900 2850 2840] [2480 2615 2625 2540 2635 2820 2530 2185]
[2980 2935 3015 2810 2945 2925 2925 2950] [2670 2745 2630 2680 2765 2685 2605 2270]
[3165 2910 2995 3065 3065 2925 3035 2890] [2640 2605 2785 2750 2795 2595 2650 2380]
[3175 2995 3155 2940 3110 2940 2955 3020] [2725 2840 2815 2645 2800 2950 2715 2545]
[3020 3100 2860 3115 2985 3125 3165 2880] [2585 2700 2770 2895 2805 2860 2695 2405]
[3055 3055 3070 3090 2975 3080 2980 2890] [2910 2890 2820 2845 2890 2625 2600 2555]
[3070 2975 2885 3105 3120 2895 3080 3020] [2845 2985 2680 2865 3005 2725 2440 2110]
COM3 1 11
0
[2910 2900 3095 2855 3000 2745 2940 2810] [3210 3160 3345 3225 3100 2975 2835 2515]
[2985 2890 2895 3035 2790 2900 2850 2840] [3350 3295 3310 3245 3165 3170 2860 2555]
[2980 2935 3015 2810 2945 2925 2925 2950] [3290 3380 3255 3145 3250 3115 2900 2510]
[3165 2910 2995 3065 3065 2925 3035 2890] [3315 3200 3290 3310 3145 3125 3080 2515]
[3175 2995 3155 2940 3110 2940 2955 3020] [3390 3370 3345 3160 3155 3185 3030 2570]
[3020 3100 2860 3115 2985 3125 3165 2880] [3240 3350 3225 3250 3190 3175 3040 2790]
[3055 3055 3070 3090 2975 3080 2980 2890] [3310 3490 3325 3225 3140 3195 2770 2530]
[3070 2975 2885 3105 3120 2895 3080 3020] [3400 3430 3415 3295 3190 3000 2680 2305]
COM8 0 12
0
[2810 2930 2850 2945 2870 2880 2915 2835] [3210 3160 3345 3225 3100 2975 2835 2515]
[3190 2960 2885 3040 2865 2895 2990 2950] [3350 3295 3310 3245 3165 3170 2860 2555]
[3055 3035 3005 2875 2970 2915 3015 3020] [3290 3380 3255 3145 3250 3115 2900 2510]
[3035 2995 3090 3030 3090 2960 2975 2920] [3315 3200 3290 3310 3145 3125 3080 2515]
[3045 2955 3145 3035 2995 3080 3065 2970] [3390 3370 3345 3160 3155 3185 3030 2570]
[2965 2935 3225 3080 2990 3050 3235 3170] [3240 3350 3225 3250 3190 3175 3040 2790]
[3060 3045 3015 2920 3055 3015 2750 3095] [3310 3490 3325 3225 3140 3195 2770 2530]
[3050 3040 3075 3110 3015 3100 2875 2910] [3400 3430 3415 3295 3190 3000 2680 2305]
COM3 1 13
0
[2810 2930 2850 2945 2870 2880 2915 2835] [2825 3055 2975 2970 2805 2780 2465 2400]
[3190 2960 2885 3040 2865 2895 2990 2950] [2920 3025 3015 2925 2970 2985 2700 2280]
[3055 3035 3005 2875 2970 2915 3015 3020] [2935 2770 3010 2975 2965 2860 2745 2430]
[3035 2995 3090 3030 3090 2960 2975 2920] [3080 2905 3045 2930 2905 2850 2720 2335]
[3045 2955 3145 3035 2995 3080 3065 2970] [3065 2975 3170 2965 2960 3005 2750 2520]
[2965 2935 3225 3080 2990 3050 3235 3170] [2915 3090 2875 3025 2920 2990 2675 2410]
[3060 3045 3015 2920 3055 3015 2750 3095] [3080 2990 3010 3040 2995 2800 2545 2320]
[3050 3040 3075 3110 3015 3100 2875 2910] [3150 2975 3060 3115 2910 2595 2460 2030]
COM8 0 14
0
[2840 2705 2775 2870 2910 2830 3025 2880] [2825 3055 2975 2970 2805 2780 2465 2400]
[2875 2850 2920 2955 2875 2815 2885 2765] [2920 3025 3015 2925 2970 2985 2700 2280]
[2910 2895 2860 2950 2975 2915 3030 2945] [2935 2770 3010 2975 2965 2860 2745 2430]
[3070 3080 2920 2975 2970 2925 2885 2895] [3080 2905 3045 2930 2905 2850 2720 2335]
[3175 2810 3030 3005 2895 2860 3000 2895] [3065 2975 3170 2965 2960 3005 2750 2520]
[2965 3015 3155 3010 2960 3045 3160 2880] [2915 3090 2875 3025 2920 2990 2675 2410]
[2700 3085 2940 3070 2940 2875 2950 2840] [3080 2990 3010 3040 2995 2800 2545 2320]
[3115 3000 2800 3035 3040 2925 3135 3080] [3150 2975 3060 3115 2910 2595 2460 2030]
COM3 1 15
0
[2840 2705 2775 2870 2910 2830 3025 2880] [3225 3090 3105 3205 3070 2920 2695 2605]
[2875 2850 2920 2955 2875 2815 2885 2765] [3385 3285 3120 3095 3120 3055 2715 2605]
[2910 2895 2860 2950 2975 2915 3030 2945] [3230 3250 3335 3045 3070 3140 2825 2585]
[3070 3080 2920 2975 2970 2925 2885 2895] [3225 3125 3295 3225 3080 3000 2905 2430]
[3175 2810 3030 3005 2895 2860 3000 2895] [3355 3415 3250 3050 3170 3155 2800 2495]
[2965 3015 3155 3010 2960 3045 3160 2880] [3295 3330 3125 3220 3075 3080 2790 2515]
[2700 3085 2940 3070 2940 2875 2950 2840] [3050 3450 3220 3230 3050 2885 2530 2530]
[3115 3000 2800 3035 3040 2925 3135 3080] [3365 3195 3375 3345 2880 2560 2280 2285]
COM8 0 16
0
[2635 2680 2800 2800 2865 2805 2915 2800] [3225 3090 3105 3205 3070 2920 2695 2605]
[2790 2715 2925 2885 2795 2900 2775 2780] [3385 3285 3120 3095 3120 3055 2715 2605]
[3015 2895 3045 2885 2755 2715 2785 2640] [3230 3250 3335 3045 3070 3140 2825 2585]
[2930 3025 2865 2780 2730 2845 2810 2840] [3225 3125 3295 3225 3080 3000 2905 2430]
[2800 2925 3145 2615 2905 2995 3100 2910] [3355 3415 3250 3050 3170 3155 2800 2495]
[2920 2990 3020 2970 2785 2940 3075 2760] [3295 3330 3125 3220 3075 3080 2790 2515]
[2995 3020 3000 2855 3110 2890 2640 2730] [3050 3450 3220 3230 3050 2885 2530 2530]
[2990 2780 2900 3025 3155 2940 2815 2745] [3365 3195 3375 3345 2880 2560 2280 2285]
COM3 1 17
0
[2635 2680 2800 2800 2865 2805 2915 2800] [2875 3125 3090 3060 3180 2830 2435 2360]
[2790 2715 2925 2885 2795 2900 2775 2780] [2940 2950 3210 3130 3005 3110 2715 2465]
[3015 2895 3045 2885 2755 2715 2785 2640] [3205 3220 3170 3100 3195 2930 2665 2330]
[2930 3025 2865 2780 2730 2845 2810 2840] [3110 2930 3185 3200 3100 2890 2645 2295]
[2800 2925 3145 2615 2905 2995 3100 2910] [3055 3140 3185 3060 3050 2910 2565 2220]
[2920 2990 3020 2970 2785 2940 3075 2760] [3180 3055 3230 3170 2895 2770 2415 2035]
[2995 3020 3000 2855 3110 2890 2640 2730] [3150 3500 3130 3115 2695 2370 2140 2205]
[2990 2780 2900 3025 3155 2940 2815 2745] [3115 3375 3220 2975 2480 2075 2050 1900]
COM8 0 18
0
[3100 3065 3005 3105 3210 3040 3060 3220] [2875 3125 3090 3060 3180 2830 2435 2360]
[3280 3360 3080 3195 3110 3130 3105 3200] [2940 2950 3210 3130 3005 3110 2715 2465]
[3035 3345 3185 3015 3095 3065 3145 3305] [3205 3220 3170 3100 3195 2930 2665 2330]
[3335 3275 3255 3265 3210 3225 3255 3280] [3110 2930 3185 3200 3100 2890 2645 2295]
[3235 3205 3405 3220 3325 3135 3225 3370] [3055 3140 3185 3060 3050 2910 2565 2220]
[3375 3350 3250 3110 3070 3355 3350 3405] [3180 3055 3230 3170 2895 2770 2415 2035]
[3315 3285 3135 3230 3275 3350 3175 3240] [3150 3500 3130 3115 2695 2370 2140 2205]
[3240 3300 3280 3265 3240 3240 3345 3235] [3115 3375 3220 2975 2480 2075 2050 1900]
COM3 1 19
0
[3100 3065 3005 3105 3210 3040 3060 3220] [3210 3080 3100 3175 3170 3115 2535 2420]
[3280 3360 3080 3195 3110 3130 3105 3200] [3325 3245 3195 3060 3090 3020 2680 2490]
[3035 3345 3185 3015 3095 3065 3145 3305] [3420 3240 3220 3145 3200 2850 2745 2320]
[3335 3275 3255 3265 3210 3225 3255 3280] [3290 3285 3365 3270 3080 2675 2565 2120]
[3235 3205 3405 3220 3325 3135 3225 3370] [3205 3415 3230 3045 2870 2640 2425 2135]
[3375 3350 3250 3110 3070 3355 3350 3405] [3295 3340 3110 3070 2710 2555 2240 2195]
[3315 3285 3135 3230 3275 3350 3175 3240] [3460 3435 3130 2750 2535 2190 2100 2355]
[3240 3300 3280 3265 3240 3240 3345 3235] [3510 3330 3140 2745 2345 1935 2095 2135]
COM8 0 20
0
[2870 2795 2625 3025 2995 2910 3000 2990] [3210 3080 3100 3175 3170 3115 2535 2420]
[3110 3000 2965 2955 2920 3015 2925 2935] [3325 3245 3195 3060 3090 3020 2680 2490]
[2690 3010 3215 2820 2835 2895 2900 3020] [3420 3240 3220 3145 3200 2850 2745 2320]
[3005 2925 3060 2845 3105 2985 3020 2810] [3290 3285 3365 3270 3080 2675 2565 2120]
[3085 3020 3065 2990 3115 2915 3150 3040] [3205 3415 3230 3045 2870 2640 2425 2135]
[2990 3180 3050 2825 2810 2875 2845 2980] [3295 3340 3110 3070 2710 2555 2240 2195]
[3225 3090 3000 3135 2860 3175 3010 2830] [3460 3435 3130 2750 2535 2190 2100 2355]
[3065 2815 2970 2950 3100 3175 3255 3105] [3510 3330 3140 2745 2345 1935 2095 2135]
COM3 1 21
0
[2870 2795 2625 3025 2995 2910 3000 2990] [3050 2905 2880 2700 2305 2100 1955 2305]
[3110 3000 2965 2955 2920 3015 2925 2935] [2720 2875 2830 2740 2550 2350 2090 2095]
[2690 3010 3215 2820 2835 2895 2900 3020] [2835 2875 2830 2635 2575 2345 2075 1955]
[3005 2925 3060 2845 3105 2985 3020 2810] [2880 2880 2850 2620 2515 2105 1970 2020]
[3085 3020 3065 2990 3115 2915 3150 3040] [2965 2920 2740 2570 2450 2135 2040 2095]
[2990 3180 3050 2825 2810 2875 2845 2980] [2850 2855 2605 2560 2325 2105 2285 2280]
[3225 3090 3000 3135 2860 3175 3010 2830] [2795 2765 2585 2220 2205 2110 2075 2205]
[3065 2815 2970 2950 3100 3175 3255 3105] [3000 2805 2520 2265 2010 1880 2020 2095]
COM8 0 22
0
[2715 2800 2965 2915 2945 2840 2855 2790] [3050 2905 2880 2700 2305 2100 1955 2305]
[2895 2980 3005 3020 2790 2905 2835 2790] [2720 2875 2830 2740 2550 2350 2090 2095]
[2865 2820 2825 2900 3000 2850 2895 3095] [2835 2875 2830 2635 2575 2345 2075 1955]
[2925 2880 2950 2925 3020 3010 2955 3010] [2880 2880 2850 2620 2515 2105 1970 2020]
[3045 2825 2845 3015 2960 3060 3100 2935] [2965 2920 2740 2570 2450 2135 2040 2095]
[2935 3050 3070 2985 2750 3090 3050 2800] [2850 2855 2605 2560 2325 2105 2285 2280]
[3190 3155 2960 3120 3035 3295 2770 2935] [2795 2765 2585 2220 2205 2110 2075 2205]
[2930 2885 2915 2965 2965 2900 3065 3125] [3000 2805 2520 2265 2010 1880 2020 2095]
COM3 1 23
0
[2715 2800 2965 2915 2945 2840 2855 2790] [2630 2715 2435 2200 2430 2430 2200 2305]
[2895 2980 3005 3020 2790 2905 2835 2790] [2785 2870 2655 2360 2385 2430 2270 2230]
[2865 2820 2825 2900 3000 2850 2895 3095] [2770 3040 2475 2420 2505 2360 2375 2155]
[2925 2880 2950 2925 3020 3010 2955 3010] [2965 2830 2510 2345 2390 2375 2350 2095]
[3045 2825 2845 3015 2960 3060 3100 2935] [3070 2685 2485 2060 2300 2395 2335 2250]
[2935 3050 3070 2985 2750 3090 3050 2800] [2870 2615 2250 2345 2325 2325 2425 2330]
[3190 3155 2960 3120 3035 3295 2770 2935] [2745 2725 2315 2235 2015 2040 2095 2155]
[2930 2885 2915 2965 2965 2900 3065 3125] [3005 2745 2210 2005 1900 1855 1780 2175]
COM8 0 24
0
[3050 2745 2900 3010 3050 2880 2975 2930] [2630 2715 2435 2200 2430 2430 2200 2305]
[3175 2960 2850 3025 2950 2890 2910 2925] [2785 2870 2655 2360 2385 2430 2270 2230]
[2850 3070 2965 3100 2960 2955 2915 3135] [2770 3040 2475 2420 2505 2360 2375 2155]
[2930 2960 3050 2845 3120 3125 3015 2975] [2965 2830 2510 2345 2390 2375 2350 2095]
[2860 2940 3080 2985 3115 2935 3200 3215] [3070 2685 2485 2060 2300 2395 2335 2250]
[3005 2900 3125 2965 2875 3080 2950 3160] [2870 2615 2250 2345 2325 2325 2425 2330]
[2975 3190 2950 3195 3140 3055 2955 2955] [2745 2725 2315 2235 2015 2040 2095 2155]
[3155 2975 2895 3130 2630 3115 3145 3070] [3005 2745 2210 2005 1900 1855 1780 2175]
COM3 1 25
0
[3050 2745 2900 3010 3050 2880 2975 2930] [3055 2875 2650 2630 2780 2805 2415 2570]
[3175 2960 2850 3025 2950 2890 2910 2925] [3105 2780 2845 2820 2895 2980 2590 2525]
[2850 3070 2965 3100 2960 2955 2915 3135] [3050 2710 2690 2565 2960 2775 2595 2375]
[2930 2960 3050 2845 3120 3125 3015 2975] [3000 2885 2630 2765 2840 2720 2575 2415]
[2860 2940 3080 2985 3115 2935 3200 3215] [3230 2960 2585 2445 2755 2700 2430 2365]
[3005 2900 3125 2965 2875 3080 2950 3160] [2825 2855 2445 2750 2685 2560 2430 2335]
[2975 3190 2950 3195 3140 3055 2955 2955] [3100 3030 2390 2440 2330 2395 2250 2585]
[3155 2975 2895 3130 2630 3115 3145 3070] [3175 2700 2350 2245 2230 2240 2075 2320]
COM8 0 26
0
[2765 2615 2515 2590 2715 2620 2665 2740] [3055 2875 2650 2630 2780 2805 2415 2570]
[2625 2880 2680 2885 2800 2750 2690 2630] [3105 2780 2845 2820 2895 2980 2590 2525]
[2510 2575 2685 2685 2640 2675 2690 2705] [3050 2710 2690 2565 2960 2775 2595 2375]
[2725 2450 2635 2605 2615 2750 2685 2675] [3000 2885 2630 2765 2840 2720 2575 2415]
[2730 2600 2800 2755 2625 2575 2685 2600] [3230 2960 2585 2445 2755 2700 2430 2365]
[2535 2675 2715 2730 2590 2525 2645 2530] [2825 2855 2445 2750 2685 2560 2430 2335]
[2585 2870 2580 2950 2840 2570 2530 2550] [3100 3030 2390 2440 2330 2395 2250 2585]
[2750 2700 2705 2630 2720 2575 2675 2640] [3175 2700 2350 2245 2230 2240 2075 2320]
COM3 1 27
0
[2765 2615 2515 2590 2715 2620 2665 2740] [2385 2485 2610 2855 2810 2615 2420 2540]
[2625 2880 2680 2885 2800 2750 2690 2630] [2485 2520 2545 2740 2875 2685 2430 2310]
[2510 2575 2685 2685 2640 2675 2690 2705] [2825 2470 2535 2730 3005 2760 2530 2390]
[2725 2450 2635 2605 2615 2750 2685 2675] [2940 2515 2415 2675 2765 2635 2520 2365]
[2730 2600 2800 2755 2625 2575 2685 2600] [2675 2520 2505 2585 2740 2595 2385 2230]
[2535 2675 2715 2730 2590 2525 2645 2530] [2810 2295 2300 2535 2680 2645 2365 2270]
[2585 2870 2580 2950 2840 2570 2530 2550] [2890 2530 2100 2275 2210 2150 2150 2400]
[2750 2700 2705 2630 2720 2575 2675 2640] [2930 2370 2175 2040 1985 1895 2070 2255]
COM8 0 28
0
[2800 2815 2900 2905 2940 2900 2915 2765] [2385 2485 2610 2855 2810 2615 2420 2540]
[2990 2985 2710 2605 2830 2810 2865 2865] [2485 2520 2545 2740 2875 2685 2430 2310]
[2810 2890 2860 2870 2850 2925 2770 3050] [2825 2470 2535 2730 3005 2760 2530 2390]
[2865 2870 2920 2690 2965 3005 2935 2840] [2940 2515 2415 2675 2765 2635 2520 2365]
[3065 2965 2925 2865 3095 2875 2900 3115] [2675 2520 2505 2585 2740 2595 2385 2230]
[2900 2805 3145 3095 2690 2965 3160 2835] [2810 2295 2300 2535 2680 2645 2365 2270]
[3035 3085 2655 2915 3065 3125 2675 2900] [2890 2530 2100 2275 2210 2150 2150 2400]
[3155 2535 2645 2975 2890 2790 2890 2940] [2930 2370 2175 2040 1985 1895 2070 2255]
COM3 1 29
0
[2800 2815 2900 2905 2940 2900 2915 2765] [2350 2370 2575 2820 3060 2835 2555 2510]
[2990 2985 2710 2605 2830 2810 2865 2865] [2600 2550 2565 2735 2890 2920 2575 2340]
[2810 2890 2860 2870 2850 2925 2770 3050] [2795 2565 2580 2670 3000 2755 2430 2365]
[2865 2870 2920 2690 2965 3005 2935 2840] [2840 2605 2580 2730 2825 2580 2275 2395]
[3065 2965 2925 2865 3095 2875 2900 3115] [2900 2665 2680 2445 2870 2575 2495 2465]
[2900 2805 3145 3095 2690 2965 3160 2835] [2835 2330 2465 2400 2550 2475 2385 2615]
[3035 3085 2655 2915 3065 3125 2675 2900] [2750 2555 2350 2295 2435 2255 2255 2485]
[3155 2535 2645 2975 2890 2790 2890 2940] [2755 2350 2190 2240 1905 1905 2130 2585]
COM8 0 30
0
[2990 2840 3010 2980 2810 2850 2905 2905] [2350 2370 2575 2820 3060 2835 2555 2510]
[2870 2985 2865 3075 2825 2970 2970 2965] [2600 2550 2565 2735 2890 2920 2575 2340]
[2630 2860 2995 2885 2895 2975 2945 3000] [2795 2565 2580 2670 3000 2755 2430 2365]
[2990 2905 3150 2970 3055 2935 2970 2830] [2840 2605 2580 2730 2825 2580 2275 2395]
[3000 3055 2985 3025 2995 2860 3035 3010] [2900 2665 2680 2445 2870 2575 2495 2465]
[2780 3010 2940 2950 2885 2795 3070 2915] [2835 2330 2465 2400 2550 2475 2385 2615]
[3055 3055 2845 3040 2860 2925 2725 2935] [2750 2555 2350 2295 2435 2255 2255 2485]
[3070 3055 2925 3000 2910 3050 3135 3105] [2755 2350 2190 2240 1905 1905 2130 2585]
COM3 1 31
0
[2990 2840 3010 2980 2810 2850 2905 2905] [2710 2505 2535 2765 2970 2675 2525 2265]
[2870 2985 2865 3075 2825 2970 2970 2965] [2715 2490 2675 2770 2865 2810 2450 2525]
[2630 2860 2995 2885 2895 2975 2945 3000] [2780 2630 2535 2755 2975 2655 2505 2385]
[2990 2905 3150 2970 3055 2935 2970 2830] [2850 2530 2550 2700 2725 2605 2470 2365]
[3000 3055 2985 3025 2995 2860 3035 3010] [2640 2435 2540 2465 2545 2505 2355 2550]
[2780 3010 2940 2950 2885 2795 3070 2915] [2630 2390 2360 2455 2620 2430 2315 2635]
[3055 3055 2845 3040 2860 2925 2725 2935] [2800 2510 2145 2330 2055 2255 2410 2685]
[3070 3055 2925 3000 2910 3050 3135 3105] [2530 2460 2190 2075 2005 2020 2335 2700]
COM8 0 32
0
[3065 3030 3000 2830 3000 2940 3015 3000] [2710 2505 2535 2765 2970 2675 2525 2265]
[3090 3015 2985 3105 3030 2955 2990 2910] [2715 2490 2675 2770 2865 2810 2450 2525]
[2970 3240 3025 2960 2930 2925 3055 3105] [2780 2630 2535 2755 2975 2655 2505 2385]
[2980 2925 3090 2955 3105 3020 3075 3125] [2850 2530 2550 2700 2725 2605 2470 2365]
[3170 3025 3175 3065 3135 3080 3295 3230] [2640 2435 2540 2465 2545 2505 2355 2550]
[3040 2990 3035 3075 2945 2985 3180 3050] [2630 2390 2360 2455 2620 2430 2315 2635]
[3310 3010 3065 3030 2945 2945 2840 2910] [2800 2510 2145 2330 2055 2255 2410 2685]
[3315 3055 3110 3110 3215 3005 3195 2870] [2530 2460 2190 2075 2005 2020 2335 2700]
COM3 1 33
0
[3065 3030 3000 2830 3000 2940 3015 3000] [2135 2190 2375 2450 2950 2570 2280 2380]
[3090 3015 2985 3105 3030 2955 2990 2910] [2345 2310 2405 2590 2685 2545 2345 2240]
[2970 3240 3025 2960 2930 2925 3055 3105] [2580 2290 2355 2635 2740 2440 2410 2395]
[2980 2925 3090 2955 3105 3020 3075 3125] [2500 2245 2310 2515 2565 2320 2275 2420]
[3170 3025 3175 3065 3135 3080 3295 3230] [2585 2385 2440 2245 2310 2235 2195 2425]
[3040 2990 3035 3075 2945 2985 3180 3050] [2490 2235 2065 2425 2165 2110 2385 2805]
[3310 3010 3065 3030 2945 2945 2840 2910] [2380 1920 2000 2010 2000 2070 2375 2905]
[3315 3055 3110 3110 3215 3005 3195 2870] [2265 1915 1750 2035 1900 2165 2510 3090]
COM8 0 34
0
[3115 2970 3060 3210 3000 2870 3110 3015] [2135 2190 2375 2450 2950 2570 2280 2380]
[3260 3215 3085 3090 3000 3070 3020 2960] [2345 2310 2405 2590 2685 2545 2345 2240]
[3105 3175 3100 3060 3030 2965 2960 3065] [2580 2290 2355 2635 2740 2440 2410 2395]
[3195 3250 3220 3115 3200 3200 3165 3100] [2500 2245 2310 2515 2565 2320 2275 2420]
[2995 3185 3175 3130 3320 3030 3200 3225] [2585 2385 2440 2245 2310 2235 2195 2425]
[2965 3055 3365 3080 3020 3255 3195 3010] [2490 2235 2065 2425 2165 2110 2385 2805]
[3085 3250 3220 3225 3125 3130 3030 3065] [2380 1920 2000 2010 2000 2070 2375 2905]
[3140 3385 3305 3165 3070 3175 3245 3030] [2265 1915 1750 2035 1900 2165 2510 3090]
COM3 1 35
0
[3115 2970 3060 3210 3000 2870 3110 3015] [2580 2595 2745 2825 2550 2495 2415 2700]
[3260 3215 3085 3090 3000 3070 3020 2960] [2735 2555 2805 2750 2700 2540 2515 2490]
[3105 3175 3100 3060 3030 2965 2960 3065] [2775 2640 2535 2575 2665 2465 2455 2620]
[3195 3250 3220 3115 3200 3200 3165 3100] [2890 2560 2520 2590 2555 2430 2420 2725]
[2995 3185 3175 3130 3320 3030 3200 3225] [2835 2500 2505 2255 2305 2410 2535 3025]
[2965 3055 3365 3080 3020 3255 3195 3010] [2620 2390 2135 2345 2350 2605 2750 3110]
[3085 3250 3220 3225 3125 3130 3030 3065] [2480 2285 2085 2140 2315 2640 2995 3165]
[3140 3385 3305 3165 3070 3175 3245 3030] [2355 2050 2125 2155 2295 2595 2945 3125]
COM8 0 36
0
[2680 2675 2670 2715 2885 2815 2935 2855] [2580 2595 2745 2825 2550 2495 2415 2700]
[3045 2810 2710 2905 2860 2800 2815 2810] [2735 2555 2805 2750 2700 2540 2515 2490]
[2825 2750 2915 2840 2875 2800 2805 2845] [2775 2640 2535 2575 2665 2465 2455 2620]
[2785 2640 2740 2820 2810 2790 2810 2840] [2890 2560 2520 2590 2555 2430 2420 2725]
[3040 2800 2800 2815 2845 2825 2795 3010] [2835 2500 2505 2255 2305 2410 2535 3025]
[2690 2690 2890 2750 2730 2850 2740 2745] [2620 2390 2135 2345 2350 2605 2750 3110]
[3220 2950 3000 2950 3040 2785 2980 2880] [2480 2285 2085 2140 2315 2640 2995 3165]
[3175 3120 2860 2940 2995 2815 3145 2905] [2355 2050 2125 2155 2295 2595 2945 3125]
COM3 1 37
0
[2680 2675 2670 2715 2885 2815 2935 2855] [2665 2810 2775 2815 2730 2505 2680 2710]
[3045 2810 2710 2905 2860 2800 2815 2810] [2845 2675 2690 2710 2650 2800 2625 2920]
[2825 2750 2915 2840 2875 2800 2805 2845] [2870 2930 2745 2680 2595 2570 2870 3045]
[2785 2640 2740 2820 2810 2790 2810 2840] [3080 2750 2560 2390 2370 2590 2865 2900]
[3040 2800 2800 2815 2845 2825 2795 3010] [2755 2605 2555 2245 2405 2745 2990 3140]
[2690 2690 2890 2750 2730 2850 2740 2745] [2780 2510 2260 2550 2600 2790 3160 3105]
[3220 2950 3000 2950 3040 2785 2980 2880] [2510 2410 2425 2555 2760 2940 3040 3310]
[3175 3120 2860 2940 2995 2815 3145 2905] [2360 2330 2210 2745 2765 3025 3240 3120]
COM8 0 38
0
[2605 2680 2725 2925 2735 2745 2800 2790] [2665 2810 2775 2815 2730 2505 2680 2710]
[2760 2705 2550 2910 2780 2865 2805 2850] [2845 2675 2690 2710 2650 2800 2625 2920]
[2705 2695 2900 2670 2685 2765 2735 2805] [2870 2930 2745 2680 2595 2570 2870 3045]
[2555 2690 2690 2705 2765 2800 2705 2650] [3080 2750 2560 2390 2370 2590 2865 2900]
[2820 2775 2805 2830 2725 2735 2935 2875] [2755 2605 2555 2245 2405 2745 2990 3140]
[2610 2965 2920 2785 2625 2975 2970 2665] [2780 2510 2260 2550 2600 2790 3160 3105]
[2865 2645 2855 2680 2605 3020 2850 2870] [2510 2410 2425 2555 2760 2940 3040 3310]
[2930 2675 3010 2770 2995 2760 2975 2805] [2360 2330 2210 2745 2765 3025 3240 3120]
COM3 1 39
0
[2605 2680 2725 2925 2735 2745 2800 2790] [2005 2145 2105 2045 2250 2175 2505 2750]
[2760 2705 2550 2910 2780 2865 2805 2850] [2125 2125 2220 2230 2360 2575 2745 2840]
[2705 2695 2900 2670 2685 2765 2735 2805] [2145 2120 2085 2150 2520 2680 2800 2800]
[2555 2690 2690 2705 2765 2800 2705 2650] [2145 1970 2135 2260 2535 2770 2900 2940]
[2820 2775 2805 2830 2725 2735 2935 2875] [2025 1935 2210 2295 2645 2855 2920 2965]
[2610 2965 2920 2785 2625 2975 2970 2665] [1990 1900 2115 2545 2820 3050 3035 2955]
[2865 2645 2855 2680 2605 3020 2850 2870] [1985 2020 2490 2730 2860 2905 3065 3075]
[2930 2675 3010 2770 2995 2760 2975 2805] [1815 1930 2370 3025 3020 2815 2895 3085]
COM8 0 40
0
[3160 2935 3035 3210 2950 3010 2975 2885] [2005 2145 2105 2045 2250 2175 2505 2750]
[3135 3205 2985 2995 3025 3010 2920 2895] [2125 2125 2220 2230 2360 2575 2745 2840]
[3035 3170 3115 3145 2935 2970 2960 3105] [2145 2120 2085 2150 2520 2680 2800 2800]
[3165 3030 3295 2905 3175 3055 3170 2935] [2145 1970 2135 2260 2535 2770 2900 2940]
[3105 3035 3135 3100 3240 3080 3100 3175] [2025 1935 2210 2295 2645 2855 2920 2965]
[3035 3130 3220 3330 2960 3170 3110 2875] [1990 1900 2115 2545 2820 3050 3035 2955]
[3135 3170 3145 3140 2965 2950 2885 2775] [1985 2020 2490 2730 2860 2905 3065 3075]
[3285 3275 3020 3125 3215 3030 2840 2810] [1815 1930 2370 3025 3020 2815 2895 3085]
COM3 1 41
0
[3160 2935 3035 3210 2950 3010 2975 2885] [2475 2420 2340 2350 2670 3050 2980 3020]
[3135 3205 2985 2995 3025 3010 2920 2895] [2510 2290 2405 2555 2770 3020 2985 3030]
[3035 3170 3115 3145 2935 2970 2960 3105] [2545 2205 2540 2760 3000 3010 3110 3070]
[3165 3030 3295 2905 3175 3055 3170 2935] [2410 2320 2590 2780 3080 3020 3190 2940]
[3105 3035 3135 3100 3240 3080 3100 3175] [2115 2425 2600 2740 3025 3015 3160 3155]
[3035 3130 3220 3330 2960 3170 3110 2875] [2035 2525 2720 3005 3165 3105 3235 3265]
[3135 3170 3145 3140 2965 2950 2885 2775] [2095 2515 2755 3050 3040 3000 3185 3150]
[3285 3275 3020 3125 3215 3030 2840 2810] [2065 2490 2820 3170 3085 3145 3245 3195]
COM8 0 42
0
[3090 3010 2945 3050 2840 2815 2945 2790] [2475 2420 2340 2350 2670 3050 2980 3020]
[3105 2935 2995 3025 2915 2900 2975 2935] [2510 2290 2405 2555 2770 3020 2985 3030]
[2850 2890 2965 3030 2935 2875 2920 3010] [2545 2205 2540 2760 3000 3010 3110 3070]
[2990 2895 2945 3030 2990 3000 2920 2615] [2410 2320 2590 2780 3080 3020 3190 2940]
[3010 3040 3005 2945 3120 2885 3110 2630] [2115 2425 2600 2740 3025 3015 3160 3155]
[2835 3010 3060 3075 2950 3025 2820 2460] [2035 2525 2720 3005 3165 3105 3235 3265]
[3040 3040 3065 3040 2965 2915 2760 2380] [2095 2515 2755 3050 3040 3000 3185 3150]
[3170 2895 3090 2980 2900 2800 2810 2215] [2065 2490 2820 3170 3085 3145 3245 3195]
COM3 1 43
0
[3090 3010 2945 3050 2840 2815 2945 2790] [2050 2380 2690 2925 2955 2945 2835 2940]
[3105 2935 2995 3025 2915 2900 2975 2935] [1950 2385 2775 2930 2775 3005 2945 2940]
[2850 2890 2965 3030 2935 2875 2920 3010] [2040 2345 2515 2800 3000 2945 2980 3010]
[2990 2895 2945 3030 2990 3000 2920 2615] [2140 2395 2750 3025 3030 3070 2970 2915]
[3010 3040 3005 2945 3120 2885 3110 2630] [2200 2570 2620 2900 3035 3010 2970 3040]
[2835 3010 3060 3075 2950 3025 2820 2460] [2080 2375 2715 3055 3085 3085 3130 3170]
[3040 3040 3065 3040 2965 2915 2760 2380] [2025 2350 2700 3050 3145 3005 3095 3150]
[3170 2895 3090 2980 2900 2800 2810 2215] [2040 2440 2655 3110 3085 2925 3140 2985]
COM8 0 44
0
[2780 3010 2610 2795 2915 2785 2980 2750] [2050 2380 2690 2925 2955 2945 2835 2940]
[2850 3000 3030 3045 2845 2920 2875 2655] [1950 2385 2775 2930 2775 3005 2945 2940]
[2860 2810 2845 2895 2960 2910 2890 2690] [2040 2345 2515 2800 3000 2945 2980 3010]
[2670 2840 3075 2855 2910 2950 2715 2455] [2140 2395 2750 3025 3030 3070 2970 2915]
[3010 2690 2975 3035 2895 2840 2740 2340] [2200 2570 2620 2900 3035 3010 2970 3040]
[3145 3115 3185 3040 2740 2765 2515 1925] [2080 2375 2715 3055 3085 3085 3130 3170]
[3170 3220 2905 3100 2775 2845 2195 1850] [2025 2350 2700 3050 3145 3005 3095 3150]
[3140 3110 2985 3000 2995 2875 2470 1915] [2040 2440 2655 3110 3085 2925 3140 2985]
COM3 1 45
0
[2780 3010 2610 2795 2915 2785 2980 2750] [2360 2240 2660 2820 2970 2975 2765 3065]
[2850 3000 3030 3045 2845 2920 2875 2655] [2235 2445 2710 2960 2955 3085 2905 2815]
[2860 2810 2845 2895 2960 2910 2890 2690] [2335 2300 2670 2875 3100 2950 2895 2990]
[2670 2840 3075 2855 2910 2950 2715 2455] [2205 2225 2770 3005 3035 2995 3035 3010]
[3010 2690 2975 3035 2895 2840 2740 2340] [2435 2525 2850 2850 2965 2970 3075 3130]
[3145 3115 3185 3040 2740 2765 2515 1925] [2235 2405 2630 3065 3100 3070 3170 3230]
[3170 3220 2905 3100 2775 2845 2195 1850] [2185 2495 2735 2965 3070 3055 3085 3135]
[3140 3110 2985 3000 2995 2875 2470 1915] [2065 2570 2725 3260 3210 2975 3025 2995]
COM8 0 46
0
[2615 2690 2675 2715 2845 2735 2675 2445] [2360 2240 2660 2820 2970 2975 2765 3065]
[2795 2955 2680 2955 2745 2850 2695 2465] [2235 2445 2710 2960 2955 3085 2905 2815]
[2690 2855 2940 2845 2730 2800 2610 2145] [2335 2300 2670 2875 3100 2950 2895 2990]
[2725 2755 2805 2805 3025 2750 2400 2040] [2205 2225 2770 3005 3035 2995 3035 3010]
[2720 2830 2970 3035 2950 2530 2340 2220] [2435 2525 2850 2850 2965 2970 3075 3130]
[2805 3025 2845 2805 2685 2650 2305 1920] [2235 2405 2630 3065 3100 3070 3170 3230]
[3115 2960 2895 3035 2830 2565 2085 1900] [2185 2495 2735 2965 3070 3055 3085 3135]
[2740 2995 2870 2965 2700 2495 2255 1915] [2065 2570 2725 3260 3210 2975 3025 2995]
COM3 1 47
0
[2615 2690 2675 2715 2845 2735 2675 2445] [2875 2880 2900 3275 3200 3110 3055 3295]
[2795 2955 2680 2955 2745 2850 2695 2465] [2515 2725 2940 2990 3080 3170 3130 3260]
[2690 2855 2940 2845 2730 2800 2610 2145] [2470 2605 2970 3030 3095 3120 3170 3200]
[2725 2755 2805 2805 3025 2750 2400 2040] [2540 2740 2865 3045 3110 3100 3235 3085]
[2720 2830 2970 3035 2950 2530 2340 2220] [2410 2620 3030 2985 3075 3140 3300 3380]
[2805 3025 2845 2805 2685 2650 2305 1920] [2370 2565 3015 3255 3165 3240 3390 3160]
[3115 2960 2895 3035 2830 2565 2085 1900] [2415 2615 2980 3050 3230 3240 3250 3445]
[2740 2995 2870 2965 2700 2495 2255 1915] [2265 2715 3155 3335 3210 3200 3375 3530]
COM8 0 48
0
[2860 2720 2860 2905 2920 2550 2505 2440] [2875 2880 2900 3275 3200 3110 3055 3295]
[2940 2955 2920 2770 2845 2825 2395 2315] [2515 2725 2940 2990 3080 3170 3130 3260]
[2805 2875 2960 2955 2950 2695 2385 2130] [2470 2605 2970 3030 3095 3120 3170 3200]
[3020 2935 2905 3115 2995 2545 2005 2065] [2540 2740 2865 3045 3110 3100 3235 3085]
[2905 2905 2905 2960 2910 2570 2155 2035] [2410 2620 3030 2985 3075 3140 3300 3380]
[2795 2995 3245 3015 2705 2385 2000 1560] [2370 2565 3015 3255 3165 3240 3390 3160]
[2890 3085 3060 2790 2525 2325 1785 1675] [2415 2615 2980 3050 3230 3240 3250 3445]
[2875 2835 2970 2900 2965 2425 2235 1770] [2265 2715 3155 3335 3210 3200 3375 3530]
COM3 1 49
0
[2860 2720 2860 2905 2920 2550 2505 2440] [2205 2275 2525 2835 2800 2970 2835 3125]
[2940 2955 2920 2770 2845 2825 2395 2315] [1895 2350 2675 2920 2875 3035 2875 2885]
[2805 2875 2960 2955 2950 2695 2385 2130] [2325 2350 2685 2850 3035 2970 3030 2800]
[3020 2935 2905 3115 2995 2545 2005 2065] [2305 2435 2850 2975 2990 2885 2965 2940]
[2905 2905 2905 2960 2910 2570 2155 2035] [2275 2565 2725 2885 2960 3015 3075 2880]
[2795 2995 3245 3015 2705 2385 2000 1560] [2305 2525 2955 3125 3005 3090 3130 3105]
[2890 3085 3060 2790 2525 2325 1785 1675] [2175 2680 2935 2875 3020 3055 3100 3070]
[2875 2835 2970 2900 2965 2425 2235 1770] [2360 2530 3080 3115 3070 2840 3135 2975]
COM8 0 50
0
[2785 2745 2700 2565 2480 2285 2220 2535] [2205 2275 2525 2835 2800 2970 2835 3125]
[2815 2740 2980 2905 2575 2265 2065 2285] [1895 2350 2675 2920 2875 3035 2875 2885]
[2870 2800 2890 2810 2555 2325 2150 2160] [2325 2350 2685 2850 3035 2970 3030 2800]
[2940 2790 3000 2815 2650 2275 2140 2145] [2305 2435 2850 2975 2990 2885 2965 2940]
[2945 2990 2925 2905 2890 2415 2350 2075] [2275 2565 2725 2885 2960 3015 3075 2880]
[3115 2895 2910 3000 2565 2325 1960 1895] [2305 2525 2955 3125 3005 3090 3130 3105]
[2715 3020 3020 3005 2755 2345 1800 1755] [2175 2680 2935 2875 3020 3055 3100 3070]
[3000 2910 2920 2795 2875 2335 1915 1790] [2360 2530 3080 3115 3070 2840 3135 2975]
COM3 1 51
0
[2785 2745 2700 2565 2480 2285 2220 2535] [1885 1960 2630 2815 3045 2865 2710 2985]
[2815 2740 2980 2905 2575 2265 2065 2285] [2030 2205 2660 2750 2970 2930 2850 2800]
[2870 2800 2890 2810 2555 2325 2150 2160] [2065 2260 2690 2885 3080 2945 2840 2890]
[2940 2790 3000 2815 2650 2275 2140 2145] [2025 2335 2785 3020 3010 2980 2900 2865]
[2945 2990 2925 2905 2890 2415 2350 2075] [1945 2530 2920 2735 2905 2870 2965 2900]
[3115 2895 2910 3000 2565 2325 1960 1895] [2165 2615 2775 3080 2990 2975 3045 2895]
[2715 3020 3020 3005 2755 2345 1800 1755] [2180 2815 2915 2875 2770 2920 2880 3000]
[3000 2910 2920 2795 2875 2335 1915 1790] [2360 2785 3070 3200 2910 2905 2940 3040]
COM8 0 52
0
[3095 2840 2815 2750 2570 2300 2470 2505] [1885 1960 2630 2815 3045 2865 2710 2985]
[3070 3065 2885 3060 2515 2195 2510 2530] [2030 2205 2660 2750 2970 2930 2850 2800]
[2885 2900 2835 2900 2565 2485 2505 2465] [2065 2260 2690 2885 3080 2945 2840 2890]
[3050 3085 3145 2885 2930 2405 2315 2390] [2025 2335 2785 3020 3010 2980 2900 2865]
[3000 2975 2925 2915 2700 2365 2350 2195] [1945 2530 2920 2735 2905 2870 2965 2900]
[3175 3135 2990 2885 2555 2130 2115 1935] [2165 2615 2775 3080 2990 2975 3045 2895]
[3040 2975 2940 2730 2465 2235 1845 1905] [2180 2815 2915 2875 2770 2920 2880 3000]
[3115 2970 3155 3000 2560 2100 2060 2000] [2360 2785 3070 3200 2910 2905 2940 3040]
COM3 1 53
0
[3095 2840 2815 2750 2570 2300 2470 2505] [2135 2430 2840 2790 2800 2965 3100 2920]
[3070 3065 2885 3060 2515 2195 2510 2530] [2150 2550 3000 2925 2870 3035 2950 2990]
[2885 2900 2835 2900 2565 2485 2505 2465] [2415 2545 2860 3010 2905 2955 2940 2930]
[3050 3085 3145 2885 2930 2405 2315 2390] [2540 2670 3045 2955 2960 3015 3035 2925]
[3000 2975 2925 2915 2700 2365 2350 2195] [2390 2790 3155 2880 3105 2940 3050 3025]
[3175 3135 2990 2885 2555 2130 2115 1935] [2555 2810 3110 3075 3100 2995 3065 3105]
[3040 2975 2940 2730 2465 2235 1845 1905] [2750 3160 3135 3050 2875 2955 3010 3080]
[3115 2970 3155 3000 2560 2100 2060 2000] [2780 2995 3025 3035 2960 2965 2905 3005]
COM8 0 54
0
[2855 2785 2835 2710 2480 2110 2310 2515] [2135 2430 2840 2790 2800 2965 3100 2920]
[3035 2975 2695 2570 2475 2170 2205 2425] [2150 2550 3000 2925 2870 3035 2950 2990]
[2755 2995 2875 2715 2440 2175 2210 2305] [2415 2545 2860 3010 2905 2955 2940 2930]
[2770 2950 3055 2705 2565 2190 2080 2070] [2540 2670 3045 2955 2960 3015 3035 2925]
[3035 2805 2840 2830 2460 2170 2045 2005] [2390 2790 3155 2880 3105 2940 3050 3025]
[2755 3095 3060 2675 2255 2095 1920 1985] [2555 2810 3110 3075 3100 2995 3065 3105]
[2910 3045 2690 2555 2185 1725 1650 1760] [2750 3160 3135 3050 2875 2955 3010 3080]
[3160 3110 2760 2530 1940 1815 1715 1980] [2780 2995 3025 3035 2960 2965 2905 3005]
COM3 1 55
0
[2855 2785 2835 2710 2480 2110 2310 2515] [2075 2250 2965 2870 2995 2895 2635 2930]
[3035 2975 2695 2570 2475 2170 2205 2425] [2465 2495 2710 2980 2825 2900 2825 2925]
[2755 2995 2875 2715 2440 2175 2210 2305] [2380 2690 2985 2905 2965 2800 2875 2770]
[2770 2950 3055 2705 2565 2190 2080 2070] [2475 2765 3000 2975 2835 2870 2875 2860]
[3035 2805 2840 2830 2460 2170 2045 2005] [2605 2955 3030 2830 2885 2880 3005 3070]
[2755 3095 3060 2675 2255 2095 1920 1985] [2830 2905 2955 3030 2975 2990 3050 3065]
[2910 3045 2690 2555 2185 1725 1650 1760] [3005 3030 3135 2915 3035 2940 3035 3055]
[3160 3110 2760 2530 1940 1815 1715 1980] [3100 2955 2970 3030 3000 2965 3045 2990]
COM8 0 56
0
[2765 2795 2755 2610 2140 2155 2450 2455] [2075 2250 2965 2870 2995 2895 2635 2930]
[2995 3015 2775 2550 2370 2110 2320 2350] [2465 2495 2710 2980 2825 2900 2825 2925]
[2835 2940 2860 2725 2185 2060 2105 2165] [2380 2690 2985 2905 2965 2800 2875 2770]
[3015 3050 3130 2785 2295 2090 1875 2010] [2475 2765 3000 2975 2835 2870 2875 2860]
[2935 2970 3040 2560 2285 1815 2055 2095] [2605 2955 3030 2830 2885 2880 3005 3070]
[2960 2870 2805 2430 2045 1820 1800 1885] [2830 2905 2955 3030 2975 2990 3050 3065]
[2855 2800 2520 2215 1825 1720 1850 1850] [3005 3030 3135 2915 3035 2940 3035 3055]
[2915 2960 2460 2100 1665 1670 1860 1945] [3100 2955 2970 3030 3000 2965 3045 2990]
COM3 1 57
0
[2765 2795 2755 2610 2140 2155 2450 2455] [2390 2900 2945 2830 2970 2925 3065 3055]
[2995 3015 2775 2550 2370 2110 2320 2350] [2535 2865 2945 2985 2970 3075 2950 3000]
[2835 2940 2860 2725 2185 2060 2105 2165] [2965 3000 3040 3035 3065 2950 3065 2865]
[3015 3050 3130 2785 2295 2090 1875 2010] [3020 3135 3015 2950 3005 3000 3030 3010]
[2935 2970 3040 2560 2285 1815 2055 2095] [3105 2965 3060 2920 2990 3015 2975 3140]
[2960 2870 2805 2430 2045 1820 1800 1885] [2925 2990 2935 3155 3065 3025 3160 3050]
[2855 2800 2520 2215 1825 1720 1850 1850] [3175 3155 3090 3045 3085 2915 3095 3075]
[2915 2960 2460 2100 1665 1670 1860 1945] [3035 3095 3160 3255 3080 2950 3010 2940]
COM8 0 58
0
[2885 2690 2570 2465 2105 2190 2115 2305] [2390 2900 2945 2830 2970 2925 3065 3055]
[3100 2890 2845 2510 2245 1985 2100 2095] [2535 2865 2945 2985 2970 3075 2950 3000]
[2980 2805 2875 2480 2240 1925 1950 2290] [2965 3000 3040 3035 3065 2950 3065 2865]
[3100 2950 2995 2545 2260 2035 1965 2240] [3020 3135 3015 2950 3005 3000 3030 3010]
[2905 2900 2900 2400 2100 1905 2000 2435] [3105 2965 3060 2920 2990 3015 2975 3140]
[2860 2820 2545 2195 1870 1780 2330 2505] [2925 2990 2935 3155 3065 3025 3160 3050]
[2690 2840 2335 2120 1625 1610 1930 2375] [3175 3155 3090 3045 3085 2915 3095 3075]
[2910 2650 2195 1700 1615 1675 2035 2195] [3035 3095 3160 3255 3080 2950 3010 2940]
COM3 1 59
0
[2885 2690 2570 2465 2105 2190 2115 2305] [2960 3305 3405 3270 3280 3295 3325 3285]
[3100 2890 2845 2510 2245 1985 2100 2095] [3140 3335 3375 3235 3210 3395 3210 3110]
[2980 2805 2875 2480 2240 1925 1950 2290] [3260 3375 3425 3310 3385 3225 3175 3225]
[3100 2950 2995 2545 2260 2035 1965 2240] [3280 3510 3555 3495 3455 3195 3285 3245]
[2905 2900 2900 2400 2100 1905 2000 2435] [3320 3425 3440 3370 3295 3330 3285 3280]
[2860 2820 2545 2195 1870 1780 2330 2505] [3170 3425 3415 3520 3295 3375 3375 3310]
[2690 2840 2335 2120 1625 1610 1930 2375] [3405 3510 3465 3435 3385 3305 3235 3445]
[2910 2650 2195 1700 1615 1675 2035 2195] [3685 3470 3535 3555 3405 3340 3420 3405]
COM8 0 60
0
[2740 2710 2520 2100 1925 1590 1850 1880] [2960 3305 3405 3270 3280 3295 3325 3285]
[3010 2795 2670 2300 1880 1755 1890 1975] [3140 3335 3375 3235 3210 3395 3210 3110]
[2545 2750 2595 2090 1715 1560 1800 2215] [3260 3375 3425 3310 3385 3225 3175 3225]
[2815 2720 2670 2175 1765 1645 2045 2370] [3280 3510 3555 3495 3455 3195 3285 3245]
[2915 2570 2525 2030 1695 1640 2085 2345] [3320 3425 3440 3370 3295 3330 3285 3280]
[2830 2500 2235 1830 1465 1680 2125 2485] [3170 3425 3415 3520 3295 3375 3375 3310]
[2635 2430 1995 1745 1465 1580 1810 2325] [3405 3510 3465 3435 3385 3305 3235 3445]
[2800 2085 1860 1520 1525 1670 1805 2275] [3685 3470 3535 3555 3405 3340 3420 3405]
COM3 1 61
0
[2740 2710 2520 2100 1925 1590 1850 1880] [2680 2930 3075 3010 2915 2850 3115 3035]
[3010 2795 2670 2300 1880 1755 1890 1975] [3040 3020 2940 3005 3090 3075 2970 2980]
[2545 2750 2595 2090 1715 1560 1800 2215] [2895 3060 3130 3040 3180 2970 2980 3060]
[2815 2720 2670 2175 1765 1645 2045 2370] [2835 3275 3205 3055 3060 3075 3065 3130]
[2915 2570 2525 2030 1695 1640 2085 2345] [3025 3120 3105 2905 3035 2990 3065 3180]
[2830 2500 2235 1830 1465 1680 2125 2485] [3020 3215 3010 3195 3085 3155 3250 3105]
[2635 2430 1995 1745 1465 1580 1810 2325] [3110 3095 3255 3045 3160 3090 3200 3125]
[2800 2085 1860 1520 1525 1670 1805 2275] [3100 3035 3210 3325 3140 2975 3125 3225]
COM8 0 62
0
[2850 2830 2480 2285 1945 1635 2120 2535] [2680 2930 3075 3010 2915 2850 3115 3035]
[2925 2840 2485 2000 1900 1675 2255 2580] [3040 3020 2940 3005 3090 3075 2970 2980]
[2820 2835 2490 1895 1535 1700 2235 2635] [2895 3060 3130 3040 3180 2970 2980 3060]
[3005 2725 2270 1885 1725 1965 2400 2650] [2835 3275 3205 3055 3060 3075 3065 3130]
[2635 2415 1835 1685 1715 1965 2555 2835] [3025 3120 3105 2905 3035 2990 3065 3180]
[2350 2140 1985 1480 1460 2060 2380 2555] [3020 3215 3010 3195 3085 3155 3250 3105]
[2330 2005 1750 1540 1470 1900 2015 2590] [3110 3095 3255 3045 3160 3090 3200 3125]
[2485 1900 1610 1305 1625 1740 2480 2465] [3100 3035 3210 3325 3140 2975 3125 3225]
COM3 1 63
0
[2850 2830 2480 2285 1945 1635 2120 2535] [2895 2930 2925 2800 2805 2970 2870 3040]
[2925 2840 2485 2000 1900 1675 2255 2580] [2805 2815 3040 2840 2915 3110 2915 2865]
[2820 2835 2490 1895 1535 1700 2235 2635] [2930 2805 2960 2840 3080 3040 2945 2925]
[3005 2725 2270 1885 1725 1965 2400 2650] [2680 2990 3040 2890 2900 2925 2895 2940]
[2635 2415 1835 1685 1715 1965 2555 2835] [3075 2925 2905 2850 2970 3015 3015 3095]
[2350 2140 1985 1480 1460 2060 2380 2555] [2975 3010 2955 3155 3020 2960 3070 3075]
[2330 2005 1750 1540 1470 1900 2015 2590] [3035 3065 3060 2950 3145 2995 3040 3015]
[2485 1900 1610 1305 1625 1740 2480 2465] [2850 3000 2985 3265 3020 2925 3105 3120]
COM8 0 64
0
[2570 2520 2500 1885 1950 2175 2670 2785] [2895 2930 2925 2800 2805 2970 2870 3040]
[2755 2595 2245 1915 1930 2310 2545 3035] [2805 2815 3040 2840 2915 3110 2915 2865]
[2715 2535 2155 1940 1960 2285 2590 2870] [2930 2805 2960 2840 3080 3040 2945 2925]
[2525 2405 1905 1955 2125 2230 2720 2985] [2680 2990 3040 2890 2900 2925 2895 2940]
[2270 2145 1925 1765 2085 2300 2705 2960] [3075 2925 2905 2850 2970 3015 3015 3095]
[2175 1760 1890 1775 1840 2460 2720 2875] [2975 3010 2955 3155 3020 2960 3070 3075]
[2005 1630 1760 1640 2020 2215 2550 2890] [3035 3065 3060 2950 3145 2995 3040 3015]
[2255 1720 1760 1700 1835 2145 2675 2955] [2850 3000 2985 3265 3020 2925 3105 3120]
COM3 1 65
0
[2570 2520 2500 1885 1950 2175 2670 2785] [3065 3075 3025 3035 3225 3225 2930 3065]
[2755 2595 2245 1915 1930 2310 2545 3035] [3105 3035 3245 3160 2995 3205 3070 2975]
[2715 2535 2155 1940 1960 2285 2590 2870] [3235 3210 3260 3110 3185 3075 3075 3050]
[2525 2405 1905 1955 2125 2230 2720 2985] [3360 3175 3280 3110 3105 3100 3210 3080]
[2270 2145 1925 1765 2085 2300 2705 2960] [3190 3185 3115 3110 3140 3010 3235 3260]
[2175 1760 1890 1775 1840 2460 2720 2875] [3200 3260 3170 3170 3215 3155 3105 3250]
[2005 1630 1760 1640 2020 2215 2550 2890] [3240 3265 3305 3225 3230 3080 3185 3290]
[2255 1720 1760 1700 1835 2145 2675 2955] [3125 3275 3320 3240 3085 3210 3225 3305]