COM8 1 6
1
[2885 2695 2755 2875 2695 2675 3005 2940] [2855 3010 2920 2970 2955 2985 3045 3350]
[2940 2865 2765 2910 2840 2875 2795 2990] [2985 3065 3185 3050 2850 3135 2935 2960]
[2845 2895 2895 2740 2795 2890 2890 2890] [3025 3080 3185 3195 3185 3060 3060 2890]
[2825 2895 3075 2895 2980 2875 2950 2940] [3010 3075 3225 3235 2930 2980 3140 3075]
[2865 2970 2955 2840 3000 2815 2985 2970] [3420 3175 3185 2925 3230 3220 3215 3010]
[2745 2970 2940 3020 2900 2955 2975 2900] [3010 3180 2910 3300 3330 3245 3295 3340]
[2945 2850 2845 2990 2745 2845 2985 2805] [2865 3475 3410 3275 3190 3220 3240 3365]
[2995 2835 2725 2790 3170 2985 3180 2785] [3175 3335 3070 3440 3465 3330 3400 3215]
COM3 0 7
1
[2690 2605 2750 2685 2780 2710 2770 2675] [2855 3010 2920 2970 2955 2985 3045 3350]
[2830 3035 2825 2900 2830 2765 2775 2890] [2985 3065 3185 3050 2850 3135 2935 2960]
[2705 2875 2920 2850 2755 2825 2780 2750] [3025 3080 3185 3195 3185 3060 3060 2890]
[2815 2815 3020 2770 2880 2870 2815 2805] [3010 3075 3225 3235 2930 2980 3140 3075]
[3070 2740 2890 2810 2995 2730 2920 2940] [3420 3175 3185 2925 3230 3220 3215 3010]
[2870 2855 3020 2820 2675 2900 2905 2970] [3010 3180 2910 3300 3330 3245 3295 3340]
[2830 2955 2900 2865 2840 2885 2670 2960] [2865 3475 3410 3275 3190 3220 3240 3365]
[2890 2695 2955 2945 2875 2940 2965 3015] [3175 3335 3070 3440 3465 3330 3400 3215]
COM8 1 8
1
[2690 2605 2750 2685 2780 2710 2770 2675] [3210 3290 3235 3315 3400 3220 3210 3355]
[2830 3035 2825 2900 2830 2765 2775 2890] [3235 3220 3450 3240 3170 3305 3140 3165]
[2705 2875 2920 2850 2755 2825 2780 2750] [3260 3260 3105 3225 3325 3125 3215 3210]
[2815 2815 3020 2770 2880 2870 2815 2805] [3475 3455 3145 3145 3285 3275 3205 3245]
[3070 2740 2890 2810 2995 2730 2920 2940] [3240 3355 3220 3205 3350 3300 3370 3325]
[2870 2855 3020 2820 2675 2900 2905 2970] [3230 3330 3295 3405 3270 3310 3365 3540]
[2830 2955 2900 2865 2840 2885 2670 2960] [3235 3275 3210 3400 3250 3265 3585 3395]
[2890 2695 2955 2945 2875 2940 2965 3015] [3245 3135 3405 3440 3380 3270 3395 3305]
COM3 0 9
1
[2740 2590 2775 2765 2765 2705 2885 2810] [3210 3290 3235 3315 3400 3220 3210 3355]
[2785 2985 2830 2885 2825 2835 2800 2905] [3235 3220 3450 3240 3170 3305 3140 3165]
[2645 2895 2750 2825 2810 2855 2750 2735] [3260 3260 3105 3225 3325 3125 3215 3210]
[2775 2790 2860 2730 2870 2955 2695 2895] [3475 3455 3145 3145 3285 3275 3205 3245]
[2990 2910 3015 2820 2820 2820 2890 2800] [3240 3355 3220 3205 3350 3300 3370 3325]
[2715 2860 2830 2805 2915 2860 2975 2720] [3230 3330 3295 3405 3270 3310 3365 3540]
[2750 2975 2765 2855 2830 3040 2875 3020] [3235 3275 3210 3400 3250 3265 3585 3395]
[2960 2925 2870 2860 2885 2760 3040 2735] [3245 3135 3405 3440 3380 3270 3395 3305]
COM8 1 10
1
[2740 2590 2775 2765 2765 2705 2885 2810] [3260 3325 3190 3160 3340 3075 3115 3165]
[2785 2985 2830 2885 2825 2835 2800 2905] [3125 3000 3245 3090 3155 3225 3155 3170]
[2645 2895 2750 2825 2810 2855 2750 2735] [3050 3160 3090 3110 3090 3035 3140 3205]
[2775 2790 2860 2730 2870 2955 2695 2895] [3280 3365 3265 3200 3340 3265 3160 3110]
[2990 2910 3015 2820 2820 2820 2890 2800] [3090 3350 3300 3125 3165 3135 3225 3230]
[2715 2860 2830 2805 2915 2860 2975 2720] [3065 3100 3015 3255 3215 3220 3130 3235]
[2750 2975 2765 2855 2830 3040 2875 3020] [3385 3355 3390 3400 3220 3140 3215 3385]
[2960 2925 2870 2860 2885 2760 3040 2735] [3500 3175 3365 3130 3295 3040 3375 3065]
COM3 0 11
1
[2745 2725 2740 2795 2775 2675 2720 2790] [3260 3325 3190 3160 3340 3075 3115 3165]
[2655 2885 2790 2780 2755 2790 2715 2785] [3125 3000 3245 3090 3155 3225 3155 3170]
[2790 2800 2750 2765 2735 2860 2710 2750] [3050 3160 3090 3110 3090 3035 3140 3205]
[2785 2805 2960 2825 2805 2900 2730 2700] [3280 3365 3265 3200 3340 3265 3160 3110]
[2850 2865 2845 2755 2925 2680 2860 2840] [3090 3350 3300 3125 3165 3135 3225 3230]
[2640 2675 2790 2900 2780 2890 2875 2805] [3065 3100 3015 3255 3215 3220 3130 3235]
[3010 2940 2795 2910 2810 2905 2610 2750] [3385 3355 3390 3400 3220 3140 3215 3385]
[2950 2965 2790 2835 2710 2895 3050 2755] [3500 3175 3365 3130 3295 3040 3375 3065]
COM8 1 12
1
[2745 2725 2740 2795 2775 2675 2720 2790] [2990 2850 3045 2990 2935 2985 2915 2955]
[2655 2885 2790 2780 2755 2790 2715 2785] [2775 2995 3085 2905 2850 2935 2975 2995]
[2790 2800 2750 2765 2735 2860 2710 2750] [2775 2965 2990 3080 3090 3040 2995 3000]
[2785 2805 2960 2825 2805 2900 2730 2700] [2915 2945 3130 3110 2915 2830 3040 2935]
[2850 2865 2845 2755 2925 2680 2860 2840] [2990 3060 3095 3005 2890 2990 3215 3095]
[2640 2675 2790 2900 2780 2890 2875 2805] [2940 3020 2950 3305 3115 3245 3115 3065]
[3010 2940 2795 2910 2810 2905 2610 2750] [3160 3055 3050 3080 3000 3100 3360 3225]
[2950 2965 2790 2835 2710 2895 3050 2755] [3085 3005 3100 3110 3055 2885 3195 2845]
COM3 0 13
1
[2650 2670 2665 2855 2655 2785 2755 2680] [2990 2850 3045 2990 2935 2985 2915 2955]
[2800 2825 2720 2915 2745 2805 2835 2705] [2775 2995 3085 2905 2850 2935 2975 2995]
[2605 2785 2775 2665 2805 2695 2665 2745] [2775 2965 2990 3080 3090 3040 2995 3000]
[2730 2725 2810 2795 2775 2770 2765 2675] [2915 2945 3130 3110 2915 2830 3040 2935]
[2825 2795 2710 2865 2845 2765 2860 2825] [2990 3060 3095 3005 2890 2990 3215 3095]
[2690 2925 2865 2895 2835 3000 2870 2670] [2940 3020 2950 3305 3115 3245 3115 3065]
[2735 2745 2785 2960 2775 2690 2750 2700] [3160 3055 3050 3080 3000 3100 3360 3225]
[2805 2775 2970 2835 2685 2885 2910 2905] [3085 3005 3100 3110 3055 2885 3195 2845]
COM8 1 14
1
[2650 2670 2665 2855 2655 2785 2755 2680] [3185 3200 3170 3135 3020 3020 3170 3240]
[2800 2825 2720 2915 2745 2805 2835 2705] [3070 3160 3215 3045 2980 3150 3125 2940]
[2605 2785 2775 2665 2805 2695 2665 2745] [3230 3190 3165 3160 3125 3090 3100 3090]
[2730 2725 2810 2795 2775 2770 2765 2675] [3115 3005 3240 3175 3035 3205 3405 3105]
[2825 2795 2710 2865 2845 2765 2860 2825] [3385 3305 3180 3060 3155 3140 3100 3145]
[2690 2925 2865 2895 2835 3000 2870 2670] [3225 3135 3175 3290 3090 3200 3420 3240]
[2735 2745 2785 2960 2775 2690 2750 2700] [3245 3425 3210 3005 3250 3155 3395 3090]
[2805 2775 2970 2835 2685 2885 2910 2905] [3260 3350 3345 3375 3265 3195 3365 3290]
COM3 0 15
1
[2825 2770 2900 2900 2855 2865 2980 2910] [3185 3200 3170 3135 3020 3020 3170 3240]
[2910 2935 2815 2845 2810 2985 2925 2885] [3070 3160 3215 3045 2980 3150 3125 2940]
[2730 2895 2920 2815 2730 2985 2815 3040] [3230 3190 3165 3160 3125 3090 3100 3090]
[2715 3035 2960 2800 2980 3035 3040 2975] [3115 3005 3240 3175 3035 3205 3405 3105]
[2970 2895 3005 2810 3000 3060 2885 3105] [3385 3305 3180 3060 3155 3140 3100 3145]
[3060 2870 3105 2950 2955 3110 2890 2825] [3225 3135 3175 3290 3090 3200 3420 3240]
[2945 3105 2790 3045 3065 3005 2885 2985] [3245 3425 3210 3005 3250 3155 3395 3090]
[2725 3135 3110 2885 2815 2970 3145 3105] [3260 3350 3345 3375 3265 3195 3365 3290]
COM8 1 16
1
[2825 2770 2900 2900 2855 2865 2980 2910] [3160 3090 3270 3045 3150 3105 3185 3100]
[2910 2935 2815 2845 2810 2985 2925 2885] [3360 3095 3210 3135 3170 3135 3130 3135]
[2730 2895 2920 2815 2730 2985 2815 3040] [3195 3245 3160 3120 3340 3105 3060 3065]
[2715 3035 2960 2800 2980 3035 3040 2975] [3300 3295 3295 3090 3110 3135 3135 3155]
[2970 2895 3005 2810 3000 3060 2885 3105] [3270 3415 3175 3105 3150 3045 3340 3165]
[3060 2870 3105 2950 2955 3110 2890 2825] [3165 3095 3295 3210 3045 3345 3330 3200]
[2945 3105 2790 3045 3065 3005 2885 2985] [3095 3320 3345 3430 3285 3220 3120 3205]
[2725 3135 3110 2885 2815 2970 3145 3105] [3275 3265 3335 3095 3355 3380 3235 3210]
COM3 0 17
1
[2740 2635 2540 2755 2740 2700 2785 2820] [3160 3090 3270 3045 3150 3105 3185 3100]
[2755 2780 2615 2685 2745 2750 2655 2770] [3360 3095 3210 3135 3170 3135 3130 3135]
[2590 2855 2745 2735 2735 2725 2760 2760] [3195 3245 3160 3120 3340 3105 3060 3065]
[2830 2745 2865 2705 2830 2510 2805 2725] [3300 3295 3295 3090 3110 3135 3135 3155]
[2685 2895 2800 2665 2820 2825 2805 2875] [3270 3415 3175 3105 3150 3045 3340 3165]
[2920 2765 3085 2885 2745 2755 2800 2765] [3165 3095 3295 3210 3045 3345 3330 3200]
[2770 2750 2695 2780 2685 2910 2650 2810] [3095 3320 3345 3430 3285 3220 3120 3205]
[2650 2750 2955 2720 2670 2910 2835 2845] [3275 3265 3335 3095 3355 3380 3235 3210]
COM8 1 18
1
[2740 2635 2540 2755 2740 2700 2785 2820] [3385 3030 3110 3135 3080 3125 3185 3175]
[2755 2780 2615 2685 2745 2750 2655 2770] [3230 3145 3295 3130 3120 3170 3275 2995]
[2590 2855 2745 2735 2735 2725 2760 2760] [3340 3390 3205 3120 3205 3125 3055 3120]
[2830 2745 2865 2705 2830 2510 2805 2725] [3270 2855 3300 2985 3130 3300 3315 2940]
[2685 2895 2800 2665 2820 2825 2805 2875] [3430 3245 3430 3025 3175 3195 3250 3175]
[2920 2765 3085 2885 2745 2755 2800 2765] [3245 3210 3240 3450 3075 3145 3295 3150]
[2770 2750 2695 2780 2685 2910 2650 2810] [3405 3155 3400 3120 3235 2975 3250 3115]
[2650 2750 2955 2720 2670 2910 2835 2845] [3155 3450 3360 3325 3360 3225 3205 3475]
COM3 0 19
1
[2755 2705 2810 2815 2735 2770 2860 2755] [3385 3030 3110 3135 3080 3125 3185 3175]
[2925 2790 2785 2815 2805 2875 2855 2970] [3230 3145 3295 3130 3120 3170 3275 2995]
[2790 2860 2940 2795 2775 2840 2815 2840] [3340 3390 3205 3120 3205 3125 3055 3120]
[2785 2875 2855 2840 2910 2995 2910 2960] [3270 2855 3300 2985 3130 3300 3315 2940]
[2885 2835 2895 2845 2945 2775 3020 3040] [3430 3245 3430 3025 3175 3195 3250 3175]
[2790 2720 3010 2855 2875 2955 2975 2810] [3245 3210 3240 3450 3075 3145 3295 3150]
[2765 3010 2875 3065 2860 3070 2790 2835] [3405 3155 3400 3120 3235 2975 3250 3115]
[3190 3060 3045 3060 2945 2885 3030 2745] [3155 3450 3360 3325 3360 3225 3205 3475]
COM8 1 20
1
[2755 2705 2810 2815 2735 2770 2860 2755] [3555 3350 3370 3295 3265 3210 3275 3210]
[2925 2790 2785 2815 2805 2875 2855 2970] [3265 3480 3255 3430 3270 3445 3220 3340]
[2790 2860 2940 2795 2775 2840 2815 2840] [3275 3440 3385 3185 3340 3300 3390 3280]
[2785 2875 2855 2840 2910 2995 2910 2960] [3230 3575 3340 3410 3455 3395 3280 3360]
[2885 2835 2895 2845 2945 2775 3020 3040] [3475 3735 3470 3345 3150 3365 3270 3330]
[2790 2720 3010 2855 2875 2955 2975 2810] [3310 3295 3455 3590 3375 3520 3435 3470]
[2765 3010 2875 3065 2860 3070 2790 2835] [3615 3455 3485 3275 3470 3410 3280 3280]
[3190 3060 3045 3060 2945 2885 3030 2745] [3520 3220 3565 3575 3535 3495 3415 3365]
COM3 0 21
1
[2695 2715 2825 2800 2685 2745 2715 2695] [3555 3350 3370 3295 3265 3210 3275 3210]
[2825 2885 2760 2765 2785 2670 2810 2675] [3265 3480 3255 3430 3270 3445 3220 3340]
[2655 2850 2910 2745 2765 2810 2735 2670] [3275 3440 3385 3185 3340 3300 3390 3280]
[2810 2790 2890 2790 2725 2910 2830 2805] [3230 3575 3340 3410 3455 3395 3280 3360]
[2865 2950 2895 2785 2875 2820 2870 2860] [3475 3735 3470 3345 3150 3365 3270 3330]
[2855 2825 2800 2725 2790 2850 2985 2835] [3310 3295 3455 3590 3375 3520 3435 3470]
[2950 2895 2790 2940 2860 2765 2830 2890] [3615 3455 3485 3275 3470 3410 3280 3280]
[3015 2840 2875 2890 2890 2900 2780 2945] [3520 3220 3565 3575 3535 3495 3415 3365]
COM8 1 22
1
[2695 2715 2825 2800 2685 2745 2715 2695] [3380 3040 3360 3235 3110 3150 3085 3330]
[2825 2885 2760 2765 2785 2670 2810 2675] [3255 3205 3300 3050 3000 3165 3115 3075]
[2655 2850 2910 2745 2765 2810 2735 2670] [3275 3150 3335 3070 3320 3120 3145 3050]
[2810 2790 2890 2790 2725 2910 2830 2805] [3165 3205 3175 3050 3140 3110 3145 3055]
[2865 2950 2895 2785 2875 2820 2870 2860] [3210 3165 3210 2985 3215 3215 3080 3200]
[2855 2825 2800 2725 2790 2850 2985 2835] [2985 3325 3240 3225 3090 3135 3140 3400]
[2950 2895 2790 2940 2860 2765 2830 2890] [3290 3215 3425 3165 2970 3155 3315 3310]
[3015 2840 2875 2890 2890 2900 2780 2945] [3345 3470 3170 3475 3195 3160 3025 3305]
COM3 0 23
1
[2820 2725 2715 2755 2675 2795 2870 2780] [3380 3040 3360 3235 3110 3150 3085 3330]
[2790 2910 2620 2815 2785 2885 2715 2860] [3255 3205 3300 3050 3000 3165 3115 3075]
[2685 2805 2880 2750 2840 2825 2840 2810] [3275 3150 3335 3070 3320 3120 3145 3050]
[2845 2970 2970 2815 2900 2910 2915 2885] [3165 3205 3175 3050 3140 3110 3145 3055]
[2890 2845 2960 2825 2870 2880 2935 2970] [3210 3165 3210 2985 3215 3215 3080 3200]
[2845 2955 2865 3030 2750 2975 3095 2840] [2985 3325 3240 3225 3090 3135 3140 3400]
[2890 2785 2935 2850 2950 3035 2930 2810] [3290 3215 3425 3165 2970 3155 3315 3310]
[3080 2925 2810 2740 2775 2860 2970 2720] [3345 3470 3170 3475 3195 3160 3025 3305]
COM8 1 24
1
[2820 2725 2715 2755 2675 2795 2870 2780] [3195 3170 3315 3120 3330 3020 3100 3195]
[2790 2910 2620 2815 2785 2885 2715 2860] [3140 3160 3205 3000 2980 3145 3170 3060]
[2685 2805 2880 2750 2840 2825 2840 2810] [3095 3215 3315 3160 3265 2980 3170 2980]
[2845 2970 2970 2815 2900 2910 2915 2885] [3240 3270 3200 3140 3140 3080 3020 2975]
[2890 2845 2960 2825 2870 2880 2935 2970] [3175 3200 3405 3095 3140 3145 3150 3305]
[2845 2955 2865 3030 2750 2975 3095 2840] [3050 3215 3065 3145 3175 3205 3295 3470]
[2890 2785 2935 2850 2950 3035 2930 2810] [3090 3550 3410 3230 3215 3165 3355 3290]
[3080 2925 2810 2740 2775 2860 2970 2720] [3355 3235 3490 3450 3095 3415 3370 3605]
COM3 0 25
1
[2895 2835 2865 2855 2810 2805 2860 2880] [3195 3170 3315 3120 3330 3020 3100 3195]
[2860 3035 2785 2920 2825 2960 2835 2910] [3140 3160 3205 3000 2980 3145 3170 3060]
[2790 2870 2865 2750 2705 2955 2890 2895] [3095 3215 3315 3160 3265 2980 3170 2980]
[2910 2900 3040 2850 2950 3055 3020 2900] [3240 3270 3200 3140 3140 3080 3020 2975]
[3060 2900 3050 2905 2950 2910 2920 2895] [3175 3200 3405 3095 3140 3145 3150 3305]
[2885 2930 3025 2990 2790 3035 2925 2965] [3050 3215 3065 3145 3175 3205 3295 3470]
[2790 3055 2790 3060 2935 2995 2910 2985] [3090 3550 3410 3230 3215 3165 3355 3290]
[3120 2985 3115 2905 3020 2995 2970 2845] [3355 3235 3490 3450 3095 3415 3370 3605]
COM8 1 26
1
[2895 2835 2865 2855 2810 2805 2860 2880] [3010 3160 3210 3320 3170 3180 3275 3150]
[2860 3035 2785 2920 2825 2960 2835 2910] [3305 3265 3340 3160 3135 3275 3105 3165]
[2790 2870 2865 2750 2705 2955 2890 2895] [3270 3310 3240 3185 3275 3075 3130 3020]
[2910 2900 3040 2850 2950 3055 3020 2900] [3270 3250 3110 3170 3170 3080 3005 3210]
[3060 2900 3050 2905 2950 2910 2920 2895] [3240 3165 3370 3225 3135 3065 3185 3325]
[2885 2930 3025 2990 2790 3035 2925 2965] [3220 3310 3165 3250 3220 3205 3245 3200]
[2790 3055 2790 3060 2935 2995 2910 2985] [3140 3420 3330 3125 3270 3240 3170 3300]
[3120 2985 3115 2905 3020 2995 2970 2845] [3530 3315 3400 3375 3325 3045 3410 3300]
COM3 0 27
1
[2685 2610 2660 2865 2745 2745 2875 2735] [3010 3160 3210 3320 3170 3180 3275 3150]
[2965 2920 2745 2840 2705 2795 2735 2675] [3305 3265 3340 3160 3135 3275 3105 3165]
[2730 2820 2745 2765 2735 2855 2840 2695] [3270 3310 3240 3185 3275 3075 3130 3020]
[2910 2650 2860 2885 2840 2900 2720 2840] [3270 3250 3110 3170 3170 3080 3005 3210]
[2790 2690 2845 2830 2865 2815 2940 2945] [3240 3165 3370 3225 3135 3065 3185 3325]
[2790 2750 2860 2700 2840 2850 2895 2715] [3220 3310 3165 3250 3220 3205 3245 3200]
[2855 2700 2820 2835 2670 2895 2585 2845] [3140 3420 3330 3125 3270 3240 3170 3300]
[2830 3000 2895 2810 3000 2805 2870 2850] [3530 3315 3400 3375 3325 3045 3410 3300]
COM8 1 28
1
[2685 2610 2660 2865 2745 2745 2875 2735] [3220 3165 3305 3340 3270 3130 3185 3280]
[2965 2920 2745 2840 2705 2795 2735 2675] [3255 3060 3305 3165 3235 3125 3155 3050]
[2730 2820 2745 2765 2735 2855 2840 2695] [3215 3340 3300 3065 3345 3255 3350 3120]
[2910 2650 2860 2885 2840 2900 2720 2840] [3320 2930 3100 3205 3065 3175 3075 3165]
[2790 2690 2845 2830 2865 2815 2940 2945] [3370 3430 3235 3165 3260 3120 3400 3275]
[2790 2750 2860 2700 2840 2850 2895 2715] [3080 3225 3445 3070 3225 3135 3250 3235]
[2855 2700 2820 2835 2670 2895 2585 2845] [3605 3550 3385 3390 3535 3200 3330 3390]
[2830 3000 2895 2810 3000 2805 2870 2850] [3545 3420 3325 3360 3290 3555 3300 3065]
COM3 0 29
1
[2595 2650 2785 2790 2730 2740 2780 2685] [3220 3165 3305 3340 3270 3130 3185 3280]
[2900 2930 2735 2795 2710 2750 2735 2845] [3255 3060 3305 3165 3235 3125 3155 3050]
[2730 2890 2880 2750 2745 2845 2735 2950] [3215 3340 3300 3065 3345 3255 3350 3120]
[2870 2730 2970 2780 2910 2955 2785 2965] [3320 2930 3100 3205 3065 3175 3075 3165]
[2850 2845 2815 2750 2870 2805 3105 2890] [3370 3430 3235 3165 3260 3120 3400 3275]
[2870 2750 2910 3090 2695 2880 2805 2890] [3080 3225 3445 3070 3225 3135 3250 3235]
[2820 2865 2775 2985 2580 2965 2830 2875] [3605 3550 3385 3390 3535 3200 3330 3390]
[2785 2725 2785 3020 2825 2875 2970 2810] [3545 3420 3325 3360 3290 3555 3300 3065]
COM8 1 30
1
[2595 2650 2785 2790 2730 2740 2780 2685] [3210 3145 3265 3085 3240 3105 3095 3130]
[2900 2930 2735 2795 2710 2750 2735 2845] [3145 3230 3155 3220 3155 3190 3135 3105]
[2730 2890 2880 2750 2745 2845 2735 2950] [3205 3360 3175 3045 3145 2970 3275 3065]
[2870 2730 2970 2780 2910 2955 2785 2965] [3280 3460 3300 3020 3270 3200 3195 3075]
[2850 2845 2815 2750 2870 2805 3105 2890] [3155 3235 3250 3275 3100 3200 2935 3345]
[2870 2750 2910 3090 2695 2880 2805 2890] [3030 3090 3335 3295 3090 3200 3070 3240]
[2820 2865 2775 2985 2580 2965 2830 2875] [3175 3445 3245 3435 3350 3225 3245 3310]
[2785 2725 2785 3020 2825 2875 2970 2810] [3415 3315 3365 3255 3120 3110 3145 3320]
COM3 0 31
1
[2850 2650 2655 2650 2790 2740 2850 2605] [3210 3145 3265 3085 3240 3105 3095 3130]
[2760 2945 2820 2795 2695 2810 2670 2865] [3145 3230 3155 3220 3155 3190 3135 3105]
[2685 2825 2935 2700 2630 2875 2780 2825] [3205 3360 3175 3045 3145 2970 3275 3065]
[2740 2720 2955 2825 2890 2835 2865 2685] [3280 3460 3300 3020 3270 3200 3195 3075]
[3005 3005 2965 2750 2780 2745 2835 2925] [3155 3235 3250 3275 3100 3200 2935 3345]
[2720 2690 2975 2795 2690 2955 2940 2840] [3030 3090 3335 3295 3090 3200 3070 3240]
[2895 2800 2895 2820 2695 2905 2590 2670] [3175 3445 3245 3435 3350 3225 3245 3310]
[2960 2825 3065 2905 2795 2890 3070 2600] [3415 3315 3365 3255 3120 3110 3145 3320]
COM8 1 32
1
[2850 2650 2655 2650 2790 2740 2850 2605] [3275 3195 3430 3125 3325 3230 3240 3345]
[2760 2945 2820 2795 2695 2810 2670 2865] [2990 3265 3285 3250 3125 3100 3260 3165]
[2685 2825 2935 2700 2630 2875 2780 2825] [3075 3490 3355 3080 3365 3235 3205 3135]
[2740 2720 2955 2825 2890 2835 2865 2685] [3540 3200 3415 3425 3025 3255 3175 3220]
[3005 3005 2965 2750 2780 2745 2835 2925] [3535 3450 3455 3200 3170 3185 3375 3310]
[2720 2690 2975 2795 2690 2955 2940 2840] [3150 3195 3255 3545 3155 3210 3270 3395]
[2895 2800 2895 2820 2695 2905 2590 2670] [3385 3545 3415 3520 3190 3085 3245 3440]
[2960 2825 3065 2905 2795 2890 3070 2600] [3405 3365 3355 3680 3440 3605 3580 3515]
COM3 0 33
1
[2725 2655 2735 2755 2740 2795 2855 2850] [3275 3195 3430 3125 3325 3230 3240 3345]
[2835 2910 2770 2985 2755 2745 2795 2835] [2990 3265 3285 3250 3125 3100 3260 3165]
[2710 2785 2750 2790 2780 2945 2835 2810] [3075 3490 3355 3080 3365 3235 3205 3135]
[2915 2870 3085 2720 2900 2950 2895 2840] [3540 3200 3415 3425 3025 3255 3175 3220]
[2815 2855 2845 2890 2960 2905 2920 2880] [3535 3450 3455 3200 3170 3185 3375 3310]
[2900 2870 3040 2870 2755 2905 2900 2805] [3150 3195 3255 3545 3155 3210 3270 3395]
[2800 2850 2935 2800 2975 2870 2885 2945] [3385 3545 3415 3520 3190 3085 3245 3440]
[3025 2985 3005 2965 2965 2905 2960 2670] [3405 3365 3355 3680 3440 3605 3580 3515]
COM8 1 34
1
[2725 2655 2735 2755 2740 2795 2855 2850] [3625 3365 3340 3120 3480 3160 3160 3125]
[2835 2910 2770 2985 2755 2745 2795 2835] [3380 3275 3200 3290 3305 3220 3180 3200]
[2710 2785 2750 2790 2780 2945 2835 2810] [3495 3070 3195 3240 3230 3200 3365 3110]
[2915 2870 3085 2720 2900 2950 2895 2840] [3400 3300 3150 3155 3310 3325 3140 3020]
[2815 2855 2845 2890 2960 2905 2920 2880] [3330 3470 3450 3240 3340 3250 3325 3320]
[2900 2870 3040 2870 2755 2905 2900 2805] [2965 3225 3230 3325 3305 3395 3340 3140]
[2800 2850 2935 2800 2975 2870 2885 2945] [3210 3355 3330 3455 3440 3245 3260 3095]
[3025 2985 3005 2965 2965 2905 2960 2670] [3285 3555 3365 3540 3445 3550 3335 3440]
COM3 0 35
1
[2815 2770 2755 2785 2790 2765 2905 2845] [3625 3365 3340 3120 3480 3160 3160 3125]
[2995 2925 2750 2860 2840 3085 2800 2790] [3380 3275 3200 3290 3305 3220 3180 3200]
[2825 2900 2840 2815 2865 2885 2850 3020] [3495 3070 3195 3240 3230 3200 3365 3110]
[2875 2975 3065 2890 2960 2925 2840 2955] [3400 3300 3150 3155 3310 3325 3140 3020]
[2890 2940 2915 2925 3100 3005 3040 3195] [3330 3470 3450 3240 3340 3250 3325 3320]
[2835 2765 2975 3120 2840 3050 3035 2915] [2965 3225 3230 3325 3305 3395 3340 3140]
[3035 3075 2825 3005 2920 2865 2840 3050] [3210 3355 3330 3455 3440 3245 3260 3095]
[2810 3085 2835 2790 3115 2985 3235 3120] [3285 3555 3365 3540 3445 3550 3335 3440]
COM8 1 36
1
[2815 2770 2755 2785 2790 2765 2905 2845] [3090 3030 3070 3270 3215 3115 3225 3235]
[2995 2925 2750 2860 2840 3085 2800 2790] [3150 3235 3160 3200 3080 3195 3210 3010]
[2825 2900 2840 2815 2865 2885 2850 3020] [3150 3080 3180 3130 3265 3010 3095 3050]
[2875 2975 3065 2890 2960 2925 2840 2955] [3330 3070 3270 3190 3310 3245 3130 3250]
[2890 2940 2915 2925 3100 3005 3040 3195] [3485 3065 3430 3140 3295 3125 3155 3090]
[2835 2765 2975 3120 2840 3050 3035 2915] [3040 3230 3175 3300 3200 3130 3325 3415]
[3035 3075 2825 3005 2920 2865 2840 3050] [3475 3420 3315 3090 3215 3005 3060 3210]
[2810 3085 2835 2790 3115 2985 3235 3120] [3105 3235 3395 3400 3140 3200 2865 3355]
COM3 0 37
1
[2805 2775 2880 2910 2825 2690 2905 2950] [3090 3030 3070 3270 3215 3115 3225 3235]
[2945 2910 2855 2915 2865 2890 2990 2930] [3150 3235 3160 3200 3080 3195 3210 3010]
[2920 2785 2925 2780 2855 2995 2835 2950] [3150 3080 3180 3130 3265 3010 3095 3050]
[2910 2905 3035 2900 2960 2935 2920 3045] [3330 3070 3270 3190 3310 3245 3130 3250]
[2890 2935 3110 2920 2960 2890 3145 3000] [3485 3065 3430 3140 3295 3125 3155 3090]
[2945 3025 3105 3105 2910 3020 3100 3045] [3040 3230 3175 3300 3200 3130 3325 3415]
[3085 2875 2905 3130 2845 2865 3020 2870] [3475 3420 3315 3090 3215 3005 3060 3210]
[3040 3030 3165 2890 2985 2905 3090 2920] [3105 3235 3395 3400 3140 3200 2865 3355]
COM8 1 38
1
[2805 2775 2880 2910 2825 2690 2905 2950] [3045 3095 3205 3025 3170 3090 3085 3250]
[2945 2910 2855 2915 2865 2890 2990 2930] [3205 3180 3050 3075 3070 3145 3100 3115]
[2920 2785 2925 2780 2855 2995 2835 2950] [3195 3205 3035 3020 3185 3035 3195 3035]
[2910 2905 3035 2900 2960 2935 2920 3045] [3095 3000 3080 3210 3085 3120 3165 2945]
[2890 2935 3110 2920 2960 2890 3145 3000] [3210 3140 3120 3050 3120 3050 3170 3135]
[2945 3025 3105 3105 2910 3020 3100 3045] [2955 3105 3085 3180 3155 3255 3140 3200]
[3085 2875 2905 3130 2845 2865 3020 2870] [3190 3190 3190 3275 3085 3100 3205 3190]
[3040 3030 3165 2890 2985 2905 3090 2920] [3195 3005 3200 3280 3165 3230 3090 3185]
COM3 0 39
1
[2815 2815 2805 2680 2710 2780 2820 2860] [3045 3095 3205 3025 3170 3090 3085 3250]
[2890 2875 2790 2840 2760 2785 2805 2980] [3205 3180 3050 3075 3070 3145 3100 3115]
[2930 2900 2760 2790 2805 2790 2890 2650] [3195 3205 3035 3020 3185 3035 3195 3035]
[2960 2705 2825 2735 2910 2925 2835 2785] [3095 3000 3080 3210 3085 3120 3165 2945]
[2795 2900 2840 2900 2805 2675 3000 2725] [3210 3140 3120 3050 3120 3050 3170 3135]
[2940 2835 3075 2955 2785 2950 2860 2870] [2955 3105 3085 3180 3155 3255 3140 3200]
[2950 2870 2615 2785 2775 2810 2590 2740] [3190 3190 3190 3275 3085 3100 3205 3190]
[2765 2675 2655 2885 2825 3010 2860 2810] [3195 3005 3200 3280 3165 3230 3090 3185]
COM8 1 40
1
[2815 2815 2805 2680 2710 2780 2820 2860] [3470 3345 3290 3385 3200 3345 3220 3275]
[2890 2875 2790 2840 2760 2785 2805 2980] [3440 3390 3535 3235 3265 3305 3335 3190]
[2930 2900 2760 2790 2805 2790 2890 2650] [3415 3350 3340 3210 3300 3200 3240 3010]
[2960 2705 2825 2735 2910 2925 2835 2785] [3410 3265 3455 3450 3140 3250 3195 3130]
[2795 2900 2840 2900 2805 2675 3000 2725] [3150 3485 3220 3165 3155 3245 3295 3310]
[2940 2835 3075 2955 2785 2950 2860 2870] [3390 3250 3155 3410 3240 3320 3290 3335]
[2950 2870 2615 2785 2775 2810 2590 2740] [3195 3655 3200 3180 3045 3185 3435 3405]
[2765 2675 2655 2885 2825 3010 2860 2810] [3325 3350 3235 3330 3330 3340 3490 3505]
COM3 0 41
1
[2675 2665 2660 2675 2705 2650 2780 2685] [3470 3345 3290 3385 3200 3345 3220 3275]
[2690 2790 2635 2790 2745 2785 2685 2690] [3440 3390 3535 3235 3265 3305 3335 3190]
[2550 2805 2620 2615 2590 2870 2735 2595] [3415 3350 3340 3210 3300 3200 3240 3010]
[2780 2880 2850 2625 2780 2695 2780 2655] [3410 3265 3455 3450 3140 3250 3195 3130]
[2755 2805 2715 2620 2845 2775 2865 2715] [3150 3485 3220 3165 3155 3245 3295 3310]
[2845 2730 2845 2870 2790 2645 2740 2725] [3390 3250 3155 3410 3240 3320 3290 3335]
[2775 2745 2535 2600 2755 2810 2570 2725] [3195 3655 3200 3180 3045 3185 3435 3405]
[2845 2695 2485 2805 2770 2905 2580 2445] [3325 3350 3235 3330 3330 3340 3490 3505]
COM8 1 42
1
[2675 2665 2660 2675 2705 2650 2780 2685] [3090 3165 3065 3205 3130 3105 2985 3220]
[2690 2790 2635 2790 2745 2785 2685 2690] [3075 3180 3265 3085 3060 3280 3150 3060]
[2550 2805 2620 2615 2590 2870 2735 2595] [3045 3125 3170 3200 3070 3055 3265 3060]
[2780 2880 2850 2625 2780 2695 2780 2655] [3160 3100 3205 3270 3175 3105 3205 3060]
[2755 2805 2715 2620 2845 2775 2865 2715] [3110 3310 3310 2970 3155 3000 3255 3210]
[2845 2730 2845 2870 2790 2645 2740 2725] [3205 3230 3275 3305 3135 3385 3315 3145]
[2775 2745 2535 2600 2755 2810 2570 2725] [3290 3435 3490 3400 3170 3115 3280 2950]
[2845 2695 2485 2805 2770 2905 2580 2445] [3430 3295 3210 3265 2910 3200 3250 3480]
COM3 0 43
1
[2595 2740 2805 2675 2665 2800 2770 2630] [3090 3165 3065 3205 3130 3105 2985 3220]
[2925 2740 2745 2845 2665 2820 2840 2590] [3075 3180 3265 3085 3060 3280 3150 3060]
[2685 2950 2825 2790 2750 2815 2725 2780] [3045 3125 3170 3200 3070 3055 3265 3060]
[2835 2895 2805 2830 2850 2780 2805 2705] [3160 3100 3205 3270 3175 3105 3205 3060]
[3040 2830 2705 2735 2935 2685 2910 2880] [3110 3310 3310 2970 3155 3000 3255 3210]
[2830 2875 2865 2910 2650 2800 2940 2700] [3205 3230 3275 3305 3135 3385 3315 3145]
[2855 2805 2855 2870 2955 2675 2870 2780] [3290 3435 3490 3400 3170 3115 3280 2950]
[2875 2555 2725 2795 2955 2850 2780 2950] [3430 3295 3210 3265 2910 3200 3250 3480]
COM8 1 44
1
[2595 2740 2805 2675 2665 2800 2770 2630] [3330 3200 3340 3305 3205 3170 3190 3245]
[2925 2740 2745 2845 2665 2820 2840 2590] [3210 3305 3375 3125 3155 3300 3195 3005]
[2685 2950 2825 2790 2750 2815 2725 2780] [3230 3185 3040 3200 3275 2920 3135 3065]
[2835 2895 2805 2830 2850 2780 2805 2705] [3135 3495 2945 3165 3055 3075 3195 3110]
[3040 2830 2705 2735 2935 2685 2910 2880] [3495 3020 3325 3190 3230 3410 3310 3295]
[2830 2875 2865 2910 2650 2800 2940 2700] [3180 3295 3170 3510 3190 3160 3370 3410]
[2855 2805 2855 2870 2955 2675 2870 2780] [3305 3485 3485 3250 3455 3225 3295 3270]
[2875 2555 2725 2795 2955 2850 2780 2950] [3610 3255 3275 3050 3050 3235 3275 3475]
COM3 0 45
1
[2885 2715 2655 2810 2715 2810 2785 2675] [3330 3200 3340 3305 3205 3170 3190 3245]
[2825 2930 2790 2815 2785 2850 2795 2740] [3210 3305 3375 3125 3155 3300 3195 3005]
[2750 2855 2770 2800 2790 2875 2825 2830] [3230 3185 3040 3200 3275 2920 3135 3065]
[2730 2805 2790 2705 2905 2945 2910 2735] [3135 3495 2945 3165 3055 3075 3195 3110]
[2900 2735 2900 2860 2940 2695 2915 2935] [3495 3020 3325 3190 3230 3410 3310 3295]
[2935 2920 2770 2805 2800 2880 2925 2840] [3180 3295 3170 3510 3190 3160 3370 3410]
[2960 2730 2910 2930 2830 2810 2620 2870] [3305 3485 3485 3250 3455 3225 3295 3270]
[2975 2735 2985 2655 2815 2900 2835 2680] [3610 3255 3275 3050 3050 3235 3275 3475]
COM8 1 46
1
[2885 2715 2655 2810 2715 2810 2785 2675] [3135 3000 2925 2970 3060 3070 3015 3195]
[2825 2930 2790 2815 2785 2850 2795 2740] [3055 2935 3065 3010 3075 3230 3010 3160]
[2750 2855 2770 2800 2790 2875 2825 2830] [3095 3285 3065 3040 3185 3150 3025 3210]
[2730 2805 2790 2705 2905 2945 2910 2735] [3295 3220 3265 3105 3060 3180 3160 3185]
[2900 2735 2900 2860 2940 2695 2915 2935] [3095 3165 3365 2955 3090 2945 3275 3140]
[2935 2920 2770 2805 2800 2880 2925 2840] [3130 3095 3165 3175 3200 2970 3240 3300]
[2960 2730 2910 2930 2830 2810 2620 2870] [3125 3255 3285 3175 3130 3055 3230 3295]
[2975 2735 2985 2655 2815 2900 2835 2680] [3260 3255 3335 3045 3120 3105 3260 3365]
COM3 0 47
1
[2745 2650 2840 2855 2835 2875 2830 2950] [3135 3000 2925 2970 3060 3070 3015 3195]
[2975 2930 2855 2885 2845 2890 2955 3155] [3055 2935 3065 3010 3075 3230 3010 3160]
[2850 2770 2875 2755 2815 2930 2850 2895] [3095 3285 3065 3040 3185 3150 3025 3210]
[2810 2975 3040 2850 2950 3015 3025 3060] [3295 3220 3265 3105 3060 3180 3160 3185]
[2950 2985 2860 2835 3080 2945 3105 2875] [3095 3165 3365 2955 3090 2945 3275 3140]
[2795 3145 3055 2900 3105 2895 2960 3025] [3130 3095 3165 3175 3200 2970 3240 3300]
[3140 2955 2995 2840 2865 3035 2790 2990] [3125 3255 3285 3175 3130 3055 3230 3295]
[2970 2815 3105 2980 2890 2835 2970 3015] [3260 3255 3335 3045 3120 3105 3260 3365]
COM8 1 48
1
[2745 2650 2840 2855 2835 2875 2830 2950] [3210 3285 3230 3185 3245 3105 3175 3245]
[2975 2930 2855 2885 2845 2890 2955 3155] [3045 3140 3285 3075 3045 3165 3110 3080]
[2850 2770 2875 2755 2815 2930 2850 2895] [3205 3190 3195 3060 3395 2945 3155 3135]
[2810 2975 3040 2850 2950 3015 3025 3060] [3160 2980 3390 3100 3140 3135 3295 3125]
[2950 2985 2860 2835 3080 2945 3105 2875] [3115 3210 3305 2985 3300 3250 3155 3240]
[2795 3145 3055 2900 3105 2895 2960 3025] [3205 3265 3195 3165 3225 3155 3165 3405]
[3140 2955 2995 2840 2865 3035 2790 2990] [3265 3405 3190 3320 3085 3240 3320 3315]
[2970 2815 3105 2980 2890 2835 2970 3015] [3405 3410 3245 3515 3130 3450 3180 3435]
COM3 0 49
1
[2845 2625 2640 2890 2820 2705 2820 2820] [3210 3285 3230 3185 3245 3105 3175 3245]
[2960 2845 2815 2915 2875 2860 2845 2925] [3045 3140 3285 3075 3045 3165 3110 3080]
[2755 2765 2880 2640 2770 2950 2795 2905] [3205 3190 3195 3060 3395 2945 3155 3135]
[2900 2835 2790 2820 2845 2880 2910 2885] [3160 2980 3390 3100 3140 3135 3295 3125]
[2820 2975 2925 2800 2885 2850 2950 3010] [3115 3210 3305 2985 3300 3250 3155 3240]
[2705 2945 2970 2965 2780 3065 2860 2760] [3205 3265 3195 3165 3225 3155 3165 3405]
[2895 3125 2715 3120 2940 2885 2800 2955] [3265 3405 3190 3320 3085 3240 3320 3315]
[2875 2935 2885 2990 3050 2995 2985 2740] [3405 3410 3245 3515 3130 3450 3180 3435]
COM8 1 50
1
[2845 2625 2640 2890 2820 2705 2820 2820] [3100 3055 3135 3000 3210 3105 3095 3265]
[2960 2845 2815 2915 2875 2860 2845 2925] [3045 3160 3150 3085 2990 3185 2995 2990]
[2755 2765 2880 2640 2770 2950 2795 2905] [2985 2995 3130 2980 3070 3095 2995 3055]
[2900 2835 2790 2820 2845 2880 2910 2885] [3400 3310 3210 3055 2995 2995 3125 3030]
[2820 2975 2925 2800 2885 2850 2950 3010] [3065 3010 3220 3110 3015 3060 3120 3070]
[2705 2945 2970 2965 2780 3065 2860 2760] [3020 3045 3145 3215 3185 3075 3300 3160]
[2895 3125 2715 3120 2940 2885 2800 2955] [3150 3195 3155 3140 3300 3140 3240 3230]
[2875 2935 2885 2990 3050 2995 2985 2740] [3195 3315 3230 3275 3210 3265 3390 3415]
COM3 0 51
1
[2825 2765 2745 2710 2845 2755 2775 2850] [3100 3055 3135 3000 3210 3105 3095 3265]
[2905 2835 2735 2905 2815 2825 2765 2845] [3045 3160 3150 3085 2990 3185 2995 2990]
[2765 2860 2780 2805 2735 2945 2755 2880] [2985 2995 3130 2980 3070 3095 2995 3055]
[2870 2995 2930 2890 2880 2810 2905 3075] [3400 3310 3210 3055 2995 2995 3125 3030]
[2975 2905 2975 2830 2945 2835 3050 2940] [3065 3010 3220 3110 3015 3060 3120 3070]
[2905 2990 3040 2850 2755 2890 2950 2970] [3020 3045 3145 3215 3185 3075 3300 3160]
[2885 2815 2730 2935 2875 2885 2730 2850] [3150 3195 3155 3140 3300 3140 3240 3230]
[2830 2975 2860 2925 2760 2920 3130 2770] [3195 3315 3230 3275 3210 3265 3390 3415]
COM8 1 52
1
[2825 2765 2745 2710 2845 2755 2775 2850] [3295 2975 3125 3185 3370 3240 3160 3200]
[2905 2835 2735 2905 2815 2825 2765 2845] [3295 3150 3200 3205 3285 3245 3190 3145]
[2765 2860 2780 2805 2735 2945 2755 2880] [3245 3380 3245 3110 3145 3190 3235 3045]
[2870 2995 2930 2890 2880 2810 2905 3075] [3270 3245 3185 3230 3275 3405 3345 3190]
[2975 2905 2975 2830 2945 2835 3050 2940] [3065 3105 3325 3025 3135 3155 3170 3185]
[2905 2990 3040 2850 2755 2890 2950 2970] [3030 3115 3220 3220 3200 3235 3310 3550]
[2885 2815 2730 2935 2875 2885 2730 2850] [3225 3255 3405 3230 3060 3345 3235 3335]
[2830 2975 2860 2925 2760 2920 3130 2770] [3220 3320 3110 3750 3270 3335 3310 3480]
COM3 0 53
1
[2615 2755 2790 2790 2615 2705 2730 2700] [3295 2975 3125 3185 3370 3240 3160 3200]
[2865 2840 2800 2860 2760 2815 2700 2700] [3295 3150 3200 3205 3285 3245 3190 3145]
[2635 2800 2740 2695 2770 2785 2755 2830] [3245 3380 3245 3110 3145 3190 3235 3045]
[2675 2975 2860 2765 2905 2800 2685 2655] [3270 3245 3185 3230 3275 3405 3345 3190]
[2640 2945 2680 2840 2895 2840 2915 2800] [3065 3105 3325 3025 3135 3155 3170 3185]
[2785 2765 2840 2920 2685 2780 2850 2670] [3030 3115 3220 3220 3200 3235 3310 3550]
[2685 2815 2695 2875 2755 2885 2740 2900] [3225 3255 3405 3230 3060 3345 3235 3335]
[3050 2795 2755 2650 2675 2815 2970 2755] [3220 3320 3110 3750 3270 3335 3310 3480]
COM8 1 54
1
[2615 2755 2790 2790 2615 2705 2730 2700] [3255 2985 3070 3100 3120 3040 3155 3085]
[2865 2840 2800 2860 2760 2815 2700 2700] [3280 3225 3210 3200 3025 3275 3195 2995]
[2635 2800 2740 2695 2770 2785 2755 2830] [3230 3140 3295 3000 3195 2995 3035 3170]
[2675 2975 2860 2765 2905 2800 2685 2655] [3195 3065 3240 3190 3200 3015 3200 3235]
[2640 2945 2680 2840 2895 2840 2915 2800] [3345 3180 3155 2965 3135 3205 3145 3345]
[2785 2765 2840 2920 2685 2780 2850 2670] [3220 3360 3360 3370 3205 3290 3295 3250]
[2685 2815 2695 2875 2755 2885 2740 2900] [3190 3455 3285 3175 3050 3330 3345 3280]
[3050 2795 2755 2650 2675 2815 2970 2755] [3275 3380 3150 3440 3450 3055 3260 3185]
COM3 0 55
1
[2615 2755 2715 2950 2690 2765 2905 2875] [3255 2985 3070 3100 3120 3040 3155 3085]
[3015 2900 2875 2910 2875 2800 2795 2850] [3280 3225 3210 3200 3025 3275 3195 2995]
[2645 2815 2890 2760 2790 2805 2795 2950] [3230 3140 3295 3000 3195 2995 3035 3170]
[2925 2815 2890 2865 2970 2910 2865 2895] [3195 3065 3240 3190 3200 3015 3200 3235]
[2905 2920 2975 2840 2945 2890 3075 2935] [3345 3180 3155 2965 3135 3205 3145 3345]
[3015 2860 2835 3010 2730 2845 3045 2785] [3220 3360 3360 3370 3205 3290 3295 3250]
[2850 2875 2745 2930 2775 2905 2840 2900] [3190 3455 3285 3175 3050 3330 3345 3280]
[2910 2815 2885 2825 2905 2850 2970 2700] [3275 3380 3150 3440 3450 3055 3260 3185]
COM8 1 56
1
[2615 2755 2715 2950 2690 2765 2905 2875] [2965 2980 3210 2995 2985 3070 3105 3170]
[3015 2900 2875 2910 2875 2800 2795 2850] [3065 2975 3085 2990 3015 3145 3110 2790]
[2645 2815 2890 2760 2790 2805 2795 2950] [3210 3100 2975 3000 3090 3005 2980 3025]
[2925 2815 2890 2865 2970 2910 2865 2895] [3275 3045 3075 2950 3050 3090 3075 2955]
[2905 2920 2975 2840 2945 2890 3075 2935] [3025 3065 3175 2920 2990 3240 3015 2950]
[3015 2860 2835 3010 2730 2845 3045 2785] [2830 3065 2940 3105 3150 3280 3205 2995]
[2850 2875 2745 2930 2775 2905 2840 2900] [3070 3405 3190 3310 2995 3115 3035 2975]
[2910 2815 2885 2825 2905 2850 2970 2700] [3325 2915 3185 3070 3270 3125 3145 3410]
COM3 0 57
1
[2925 2755 2865 2760 2775 2905 2960 2905] [2965 2980 3210 2995 2985 3070 3105 3170]
[2890 3010 2720 2955 2795 2875 2910 2910] [3065 2975 3085 2990 3015 3145 3110 2790]
[2795 2765 2955 2930 2770 2865 2865 3015] [3210 3100 2975 3000 3090 3005 2980 3025]
[2945 2965 2900 2875 2940 2870 2830 2865] [3275 3045 3075 2950 3050 3090 3075 2955]
[3040 2755 2965 2905 3010 2915 3055 3065] [3025 3065 3175 2920 2990 3240 3015 2950]
[2900 2885 3090 2845 2925 2995 2985 2825] [2830 3065 2940 3105 3150 3280 3205 2995]
[2960 2910 2835 3105 2925 2900 2920 2730] [3070 3405 3190 3310 2995 3115 3035 2975]
[2905 2850 3005 2810 3000 2910 3125 2920] [3325 2915 3185 3070 3270 3125 3145 3410]
COM8 1 58
1
[2925 2755 2865 2760 2775 2905 2960 2905] [3200 3090 3230 3110 2975 3190 3105 3195]
[2890 3010 2720 2955 2795 2875 2910 2910] [3200 3045 3100 3130 3175 3200 2990 2955]
[2795 2765 2955 2930 2770 2865 2865 3015] [3230 3225 3200 2925 3125 3200 3155 3185]
[2945 2965 2900 2875 2940 2870 2830 2865] [3380 3105 3210 3245 3115 3130 3125 3150]
[3040 2755 2965 2905 3010 2915 3055 3065] [3060 3230 3240 2995 3135 3160 3400 3175]
[2900 2885 3090 2845 2925 2995 2985 2825] [3110 3335 3125 3155 3135 3215 3230 3150]
[2960 2910 2835 3105 2925 2900 2920 2730] [3290 3325 3550 3245 3180 3110 3295 3240]
[2905 2850 3005 2810 3000 2910 3125 2920] [3275 3095 3200 3115 3265 3165 3150 3240]
COM3 0 59
1
[2810 2805 2795 2645 2775 2670 2785 2855] [3200 3090 3230 3110 2975 3190 3105 3195]
[2845 2865 2800 2825 2805 2790 2790 2790] [3200 3045 3100 3130 3175 3200 2990 2955]
[2685 2810 2815 2795 2775 2820 2845 2905] [3230 3225 3200 2925 3125 3200 3155 3185]
[2765 2850 2945 2720 2935 2800 2840 2635] [3380 3105 3210 3245 3115 3130 3125 3150]
[2900 2795 2910 2765 2805 2855 2845 2735] [3060 3230 3240 2995 3135 3160 3400 3175]
[2955 2780 2845 2920 2750 2870 2700 2690] [3110 3335 3125 3155 3135 3215 3230 3150]
[2885 3040 2840 2930 2740 2825 2945 2865] [3290 3325 3550 3245 3180 3110 3295 3240]
[3065 2830 3030 2915 2810 2850 2920 2940] [3275 3095 3200 3115 3265 3165 3150 3240]
COM8 1 60
1
[2810 2805 2795 2645 2775 2670 2785 2855] [3375 3230 3125 2945 3195 3040 3305 3230]
[2845 2865 2800 2825 2805 2790 2790 2790] [3160 3215 3105 2820 3130 3245 3105 2995]
[2685 2810 2815 2795 2775 2820 2845 2905] [3230 3145 3100 3075 3295 3140 3120 3210]
[2765 2850 2945 2720 2935 2800 2840 2635] [3375 3355 3175 3095 3200 3070 3010 3010]
[2900 2795 2910 2765 2805 2855 2845 2735] [3300 3270 3145 3125 3210 3200 3400 3275]
[2955 2780 2845 2920 2750 2870 2700 2690] [3010 3045 3275 3395 3070 3295 3305 3230]
[2885 3040 2840 2930 2740 2825 2945 2865] [3180 3440 3510 3305 3500 3180 3055 3510]
[3065 2830 3030 2915 2810 2850 2920 2940] [3150 3240 3355 3410 3180 3195 3170 3485]
COM3 0 61
1
[2795 2590 2670 2750 2670 2720 2790 2930] [3375 3230 3125 2945 3195 3040 3305 3230]
[2925 2825 2735 2765 2720 2760 2665 2745] [3160 3215 3105 2820 3130 3245 3105 2995]
[2730 2910 2875 2780 2725 2800 2750 2825] [3230 3145 3100 3075 3295 3140 3120 3210]
[2930 2740 2975 2730 2890 2845 2810 2680] [3375 3355 3175 3095 3200 3070 3010 3010]
[3010 2925 2870 2910 2795 2815 2800 2915] [3300 3270 3145 3125 3210 3200 3400 3275]
[2725 2785 2870 2920 2740 2785 2790 2620] [3010 3045 3275 3395 3070 3295 3305 3230]
[2950 2960 2580 2865 2725 2750 2640 2635] [3180 3440 3510 3305 3500 3180 3055 3510]
[2830 2850 2640 2965 2960 2835 2915 2805] [3150 3240 3355 3410 3180 3195 3170 3485]
COM8 1 62
1
[2795 2590 2670 2750 2670 2720 2790 2930] [3070 3165 3360 3185 3235 3040 3015 3245]
[2925 2825 2735 2765 2720 2760 2665 2745] [2985 3215 3115 3105 3030 3115 3190 3030]
[2730 2910 2875 2780 2725 2800 2750 2825] [3245 3190 3240 3000 3190 3205 3170 3025]
[2930 2740 2975 2730 2890 2845 2810 2680] [3165 3105 3255 3375 3125 3240 3040 3050]
[3010 2925 2870 2910 2795 2815 2800 2915] [3100 3145 3100 3110 3130 3160 3230 3195]
[2725 2785 2870 2920 2740 2785 2790 2620] [2990 3275 2930 3045 3150 3210 3230 3320]
[2950 2960 2580 2865 2725 2750 2640 2635] [3335 3275 3550 2980 3430 3090 3320 3340]
[2830 2850 2640 2965 2960 2835 2915 2805] [3325 3265 3320 3235 3200 3175 3440 3215]
COM3 0 63
1
[2825 2695 2945 2790 2750 2705 2780 2755] [3070 3165 3360 3185 3235 3040 3015 3245]
[2935 2870 2785 2795 2775 2805 2730 2820] [2985 3215 3115 3105 3030 3115 3190 3030]
[2785 2800 2870 2710 2820 2800 2855 2860] [3245 3190 3240 3000 3190 3205 3170 3025]
[2950 2915 2955 2820 2845 2775 2865 2810] [3165 3105 3255 3375 3125 3240 3040 3050]
[2820 2840 2940 2830 2970 2815 2900 2925] [3100 3145 3100 3110 3130 3160 3230 3195]
[2950 2920 2955 3040 2735 2915 2965 2925] [2990 3275 2930 3045 3150 3210 3230 3320]
[2910 2925 2785 2725 2835 3070 2690 2825] [3335 3275 3550 2980 3430 3090 3320 3340]
[2865 3025 3075 2925 2900 2970 2810 2790] [3325 3265 3320 3235 3200 3175 3440 3215]
COM8 1 64
1
[2825 2695 2945 2790 2750 2705 2780 2755] [3025 3075 3145 3025 2855 2935 3140 3100]
[2935 2870 2785 2795 2775 2805 2730 2820] [3090 3090 3035 3090 2915 3090 3045 3045]
[2785 2800 2870 2710 2820 2800 2855 2860] [3205 3210 3065 3060 3070 2990 3070 3035]
[2950 2915 2955 2820 2845 2775 2865 2810] [3040 2620 3325 3290 3060 3040 3080 3140]
[2820 2840 2940 2830 2970 2815 2900 2925] [3175 3140 3310 2960 3050 3135 3125 3110]
[2950 2920 2955 3040 2735 2915 2965 2925] [3115 3215 3050 3240 3225 3275 3365 3065]
[2910 2925 2785 2725 2835 3070 2690 2825] [3140 3300 3330 3035 3070 3405 3215 3235]
[2865 3025 3075 2925 2900 2970 2810 2790] [3145 3260 3120 3615 3190 2895 3270 3145]
COM3 0 65
1
[2620 2660 2740 2695 2685 2740 2805 2750] [3025 3075 3145 3025 2855 2935 3140 3100]
[2865 2770 2795 2820 2755 2790 2715 2745] [3090 3090 3035 3090 2915 3090 3045 3045]
[2795 2755 2910 2840 2720 2755 2740 2870] [3205 3210 3065 3060 3070 2990 3070 3035]
[2900 2795 2870 2720 2795 2820 2655 2770] [3040 2620 3325 3290 3060 3040 3080 3140]
[2965 2740 2700 2790 2750 2900 2940 2975] [3175 3140 3310 2960 3050 3135 3125 3110]
[2920 2720 2985 2730 2730 2685 2840 2635] [3115 3215 3050 3240 3225 3275 3365 3065]
[2835 2775 2835 2865 2675 2985 2835 2955] [3140 3300 3330 3035 3070 3405 3215 3235]
[3065 2775 2695 2825 2840 2800 2840 2620] [3145 3260 3120 3615 3190 2895 3270 3145]