COM8 1 6
2
[3000 2965 2950 3040 2930 2850 3185 2920] [3225 2940 3215 2980 3040 2945 2940 2610]
[3055 3135 3030 3200 3030 3070 2905 2965] [3150 3095 3320 3055 3140 3100 2875 2495]
[3015 3110 3105 3080 3045 3070 2945 2925] [3165 3070 3095 3095 3100 3025 2750 2305]
[3180 3090 3145 3175 3095 2930 3095 2860] [3255 3320 3220 3045 3200 3225 2680 2250]
[3200 3170 3155 3060 3150 2730 2805 2775] [3240 3190 3330 2990 3300 3080 2855 2375]
[3075 3075 3120 3195 2950 2900 2925 2545] [3030 3195 3160 3295 3160 3290 2825 2380]
[3135 3225 3115 3045 3035 2805 2570 2505] [3195 3265 3295 3190 3320 3150 2910 2525]
[3250 3090 3175 3140 2965 3075 2845 2500] [3340 3220 3215 3540 3075 2975 2590 2315]
COM3 0 7
2
[3040 2800 2690 2390 2145 1905 1770 1845] [3225 2940 3215 2980 3040 2945 2940 2610]
[3050 3060 2790 2595 2370 1970 1665 1855] [3150 3095 3320 3055 3140 3100 2875 2495]
[2845 2965 2815 2680 2360 2165 2000 1915] [3165 3070 3095 3095 3100 3025 2750 2305]
[2975 3125 2935 2545 2555 2385 1965 1780] [3255 3320 3220 3045 3200 3225 2680 2250]
[3065 3050 2940 2675 2815 2415 2295 2045] [3240 3190 3330 2990 3300 3080 2855 2375]
[3080 3140 3235 2920 2820 2505 2360 1985] [3030 3195 3160 3295 3160 3290 2825 2380]
[3055 3100 2965 2800 2555 2485 2120 2015] [3195 3265 3295 3190 3320 3150 2910 2525]
[3115 3035 3045 2970 2665 2610 2165 1770] [3340 3220 3215 3540 3075 2975 2590 2315]
COM8 1 8
2
[3040 2800 2690 2390 2145 1905 1770 1845] [3280 3275 3325 3240 3230 2605 2360 2085]
[3050 3060 2790 2595 2370 1970 1665 1855] [3280 3275 3235 3125 2845 2565 2240 2220]
[2845 2965 2815 2680 2360 2165 2000 1915] [3165 3185 3175 3045 2940 2440 2120 1985]
[2975 3125 2935 2545 2555 2385 1965 1780] [3100 3330 3265 3225 3000 2585 2185 1935]
[3065 3050 2940 2675 2815 2415 2295 2045] [3445 3410 3250 3105 2855 2580 2100 2035]
[3080 3140 3235 2920 2820 2505 2360 1985] [3145 3325 3255 3300 2915 2465 2085 1895]
[3055 3100 2965 2800 2555 2485 2120 2015] [3325 3540 3615 3060 2850 2515 2005 2100]
[3115 3035 3045 2970 2665 2610 2165 1770] [3330 3450 3370 3640 3085 2330 2105 2045]
COM3 0 9
2
[2765 2520 2350 2300 2195 2080 1980 1935] [3280 3275 3325 3240 3230 2605 2360 2085]
[2955 2670 2510 2360 2060 1875 1820 2130] [3280 3275 3235 3125 2845 2565 2240 2220]
[2675 2560 2405 2185 1900 1865 1835 1965] [3165 3185 3175 3045 2940 2440 2120 1985]
[2750 2620 2620 2255 2045 1850 1895 1990] [3100 3330 3265 3225 3000 2585 2185 1935]
[2915 2660 2520 2265 2140 1905 2175 2175] [3445 3410 3250 3105 2855 2580 2100 2035]
[3075 2680 2755 2475 2195 2260 2200 2200] [3145 3325 3255 3300 2915 2465 2085 1895]
[3150 3235 2965 2750 2405 2355 2175 2180] [3325 3540 3615 3060 2850 2515 2005 2100]
[3040 3130 3055 2875 2735 2670 2300 2410] [3330 3450 3370 3640 3085 2330 2105 2045]
COM8 1 10
2
[2765 2520 2350 2300 2195 2080 1980 1935] [3035 3280 3085 2970 2445 2025 2025 2270]
[2955 2670 2510 2360 2060 1875 1820 2130] [3115 3445 3180 2885 2370 2110 1990 1925]
[2675 2560 2405 2185 1900 1865 1835 1965] [3170 3250 3235 2700 2600 2070 1885 2065]
[2750 2620 2620 2255 2045 1850 1895 1990] [3210 3175 3120 2955 2510 2215 1985 2060]
[2915 2660 2520 2265 2140 1905 2175 2175] [3110 3040 3115 2830 2520 2045 1905 2030]
[3075 2680 2755 2475 2195 2260 2200 2200] [3140 2880 2865 2750 2450 2000 2030 2100]
[3150 3235 2965 2750 2405 2355 2175 2180] [3255 2895 2990 2580 2175 2045 1915 2130]
[3040 3130 3055 2875 2735 2670 2300 2410] [3395 2805 2685 2435 2125 1920 2020 2095]
COM3 0 11
2
[2785 2625 2455 2415 2260 1855 1665 1545] [3035 3280 3085 2970 2445 2025 2025 2270]
[2895 2745 2650 2875 2400 2045 1570 1600] [3115 3445 3180 2885 2370 2110 1990 1925]
[2770 2945 3040 2930 2575 2185 1740 1695] [3170 3250 3235 2700 2600 2070 1885 2065]
[3040 2795 3090 2875 2625 2205 1835 1685] [3210 3175 3120 2955 2510 2215 1985 2060]
[2935 2975 2880 2790 2825 2235 2240 1835] [3110 3040 3115 2830 2520 2045 1905 2030]
[2845 2860 3150 3000 2820 3015 2425 2315] [3140 2880 2865 2750 2450 2000 2030 2100]
[3015 3020 2770 3095 2940 2800 2670 2725] [3255 2895 2990 2580 2175 2045 1915 2130]
[3070 2995 3075 2805 2915 2990 2780 2785] [3395 2805 2685 2435 2125 1920 2020 2095]
COM8 1 12
2
[2785 2625 2455 2415 2260 1855 1665 1545] [3420 3235 2715 2360 2110 2255 2505 2790]
[2895 2745 2650 2875 2400 2045 1570 1600] [3275 3105 2810 2335 2040 2200 2470 2885]
[2770 2945 3040 2930 2575 2185 1740 1695] [3330 3215 2790 2345 2145 2045 2430 2680]
[3040 2795 3090 2875 2625 2205 1835 1685] [3365 3055 2775 2320 2005 2075 2385 2740]
[2935 2975 2880 2790 2825 2235 2240 1835] [3315 3255 2815 2190 1990 2140 2250 2570]
[2845 2860 3150 3000 2820 3015 2425 2315] [3025 3125 2925 2380 2070 2040 2295 2575]
[3015 3020 2770 3095 2940 2800 2670 2725] [2985 3135 3045 2345 2140 2020 2255 2665]
[3070 2995 3075 2805 2915 2990 2780 2785] [2745 2905 2790 2840 2050 2000 2235 2545]
COM3 0 13
2
[2895 2810 2660 2875 2550 2525 2470 2360] [3420 3235 2715 2360 2110 2255 2505 2790]
[3045 3170 2960 2975 3025 2905 2680 2525] [3275 3105 2810 2335 2040 2200 2470 2885]
[2750 2945 2945 2845 2845 2875 2875 2660] [3330 3215 2790 2345 2145 2045 2430 2680]
[2905 2930 3015 2930 2835 2950 3015 2640] [3365 3055 2775 2320 2005 2075 2385 2740]
[2865 3045 3095 3050 3075 2940 3285 3070] [3315 3255 2815 2190 1990 2140 2250 2570]
[3090 3195 3095 3085 2975 3005 3140 3035] [3025 3125 2925 2380 2070 2040 2295 2575]
[3080 3115 3055 3135 2920 3005 2935 3130] [2985 3135 3045 2345 2140 2020 2255 2665]
[3195 3095 2850 3110 2870 3190 3275 2970] [2745 2905 2790 2840 2050 2000 2235 2545]
COM8 1 14
2
[2895 2810 2660 2875 2550 2525 2470 2360] [2485 2205 2160 2250 2405 2765 3005 3210]
[3045 3170 2960 2975 3025 2905 2680 2525] [2565 2210 2125 2145 2380 2700 3045 3145]
[2750 2945 2945 2845 2845 2875 2875 2660] [2485 2310 2075 2125 2410 2505 2960 2950]
[2905 2930 3015 2930 2835 2950 3015 2640] [2675 2265 2100 2105 2260 2395 2850 2925]
[2865 3045 3095 3050 3075 2940 3285 3070] [2790 2520 2210 2020 2240 2355 2680 3180]
[3090 3195 3095 3085 2975 3005 3140 3035] [2900 2550 2165 2155 2120 2260 2560 3000]
[3080 3115 3055 3135 2920 3005 2935 3130] [3320 2640 2435 2155 2115 2225 2695 3080]
[3195 3095 2850 3110 2870 3190 3275 2970] [3040 2810 2470 2255 2030 2330 2635 3125]
COM3 0 15
2
[2585 2260 2395 2340 2330 2280 2340 2200] [2485 2205 2160 2250 2405 2765 3005 3210]
[2825 2855 2695 2865 2850 2560 2835 2450] [2565 2210 2125 2145 2380 2700 3045 3145]
[2980 2910 2950 2935 2890 2930 3025 2750] [2485 2310 2075 2125 2410 2505 2960 2950]
[2980 2890 3125 2980 2960 3030 2795 2775] [2675 2265 2100 2105 2260 2395 2850 2925]
[3250 2995 3095 2965 3180 2925 3010 2915] [2790 2520 2210 2020 2240 2355 2680 3180]
[3020 2845 3155 2915 2990 3385 3200 2790] [2900 2550 2165 2155 2120 2260 2560 3000]
[2935 3110 3075 3035 2945 3095 3060 3085] [3320 2640 2435 2155 2115 2225 2695 3080]
[3250 3225 3110 3160 3180 2990 3020 3015] [3040 2810 2470 2255 2030 2330 2635 3125]
COM8 1 16
2
[2585 2260 2395 2340 2330 2280 2340 2200] [2030 1925 2275 2440 3015 3045 3125 3265]
[2825 2855 2695 2865 2850 2560 2835 2450] [1970 1965 2005 2390 2740 3125 3035 3125]
[2980 2910 2950 2935 2890 2930 3025 2750] [2105 2000 2020 2285 2680 2970 3220 3200]
[2980 2890 3125 2980 2960 3030 2795 2775] [2160 1935 1985 2110 2510 2890 2935 2945]
[3250 2995 3095 2965 3180 2925 3010 2915] [2415 2030 1985 1935 2315 2820 3075 3180]
[3020 2845 3155 2915 2990 3385 3200 2790] [2270 2100 2015 2095 2225 2630 3145 3115]
[2935 3110 3075 3035 2945 3095 3060 3085] [2590 2200 1980 2100 2195 2555 3055 3145]
[3250 3225 3110 3160 3180 2990 3020 3015] [2410 2235 2110 2100 2310 2620 3040 3250]
COM3 0 17
2
[2800 2845 2910 3085 2845 2500 2235 1880] [2030 1925 2275 2440 3015 3045 3125 3265]
[3105 3095 3010 3075 2950 2650 2240 1930] [1970 1965 2005 2390 2740 3125 3035 3125]
[3000 3030 2960 2945 2940 2725 2320 2075] [2105 2000 2020 2285 2680 2970 3220 3200]
[3050 2970 2975 2945 3110 2625 2395 2010] [2160 1935 1985 2110 2510 2890 2935 2945]
[3070 3130 3210 3050 3065 2880 2725 2420] [2415 2030 1985 1935 2315 2820 3075 3180]
[3055 3060 3270 3120 2995 3005 2955 2770] [2270 2100 2015 2095 2225 2630 3145 3115]
[3160 3200 2970 3170 3065 2970 2985 3035] [2590 2200 1980 2100 2195 2555 3055 3145]
[3085 2735 3105 3215 3075 3255 3285 2970] [2410 2235 2110 2100 2310 2620 3040 3250]
COM8 1 18
2
[2800 2845 2910 3085 2845 2500 2235 1880] [2045 2315 2705 2995 3025 2890 3210 3060]
[3105 3095 3010 3075 2950 2650 2240 1930] [1875 2215 2385 2915 2955 3120 2985 3025]
[3000 3030 2960 2945 2940 2725 2320 2075] [1855 2035 2365 2580 3095 3005 2925 3080]
[3050 2970 2975 2945 3110 2625 2395 2010] [1855 2085 2295 2450 2720 3015 2995 2900]
[3070 3130 3210 3050 3065 2880 2725 2420] [2045 1915 2045 2190 2505 3015 3110 3230]
[3055 3060 3270 3120 2995 3005 2955 2770] [2000 1885 1995 2260 2560 2960 3175 3265]
[3160 3200 2970 3170 3065 2970 2985 3035] [2135 2140 2145 2205 2525 2795 3230 3160]
[3085 2735 3105 3215 3075 3255 3285 2970] [1975 2100 2080 2370 2505 2840 3055 3120]
COM3 0 19
2
[3025 2940 2740 2795 2565 2005 1930 1695] [2045 2315 2705 2995 3025 2890 3210 3060]
[3085 2985 2935 2950 2500 2120 1830 1985] [1875 2215 2385 2915 2955 3120 2985 3025]
[2785 2995 2905 2710 2495 2135 1825 2145] [1855 2035 2365 2580 3095 3005 2925 3080]
[3025 2810 3030 2795 2525 2265 2130 2070] [1855 2085 2295 2450 2720 3015 2995 2900]
[3045 3005 2970 2905 2700 2530 2265 2625] [2045 1915 2045 2190 2505 3015 3110 3230]
[3075 3240 3120 3100 2755 2765 2835 2715] [2000 1885 1995 2260 2560 2960 3175 3265]
[3115 3175 2960 3065 3060 2955 2945 3180] [2135 2140 2145 2205 2525 2795 3230 3160]
[3195 3055 3080 3050 3165 3105 3045 3085] [1975 2100 2080 2370 2505 2840 3055 3120]
COM8 1 20
2
[3025 2940 2740 2795 2565 2005 1930 1695] [2380 2565 3035 3205 3105 2975 2940 3205]
[3085 2985 2935 2950 2500 2120 1830 1985] [2105 2460 2705 3115 2980 3110 3220 3025]
[2785 2995 2905 2710 2495 2135 1825 2145] [2055 2060 2525 2775 3095 3040 3075 2975]
[3025 2810 3030 2795 2525 2265 2130 2070] [2040 2225 2355 2645 2935 3075 3195 3005]
[3045 3005 2970 2905 2700 2530 2265 2625] [1890 2070 2210 2460 2790 3210 3105 3315]
[3075 3240 3120 3100 2755 2765 2835 2715] [1900 1920 2085 2605 2720 3255 3060 3435]
[3115 3175 2960 3065 3060 2955 2945 3180] [2120 2045 2190 2370 2790 3080 3175 3240]
[3195 3055 3080 3050 3165 3105 3045 3085] [1980 1915 2100 2645 2825 3135 3365 3300]
COM3 0 21
2
[2900 2875 2955 2950 2510 2075 2015 1760] [2380 2565 3035 3205 3105 2975 2940 3205]
[3055 2900 2945 2905 2470 2130 1935 2020] [2105 2460 2705 3115 2980 3110 3220 3025]
[2935 3040 2960 2725 2350 2045 1895 2220] [2055 2060 2525 2775 3095 3040 3075 2975]
[2980 3135 3070 2730 2635 2145 1695 2445] [2040 2225 2355 2645 2935 3075 3195 3005]
[3110 3160 3065 2800 2570 2255 2530 2460] [1890 2070 2210 2460 2790 3210 3105 3315]
[3100 2955 3075 3165 2630 2835 2845 2665] [1900 1920 2085 2605 2720 3255 3060 3435]
[3225 3080 2975 3040 3220 2995 2945 3140] [2120 2045 2190 2370 2790 3080 3175 3240]
[3105 3060 3190 2940 2940 3190 3130 2985] [1980 1915 2100 2645 2825 3135 3365 3300]
COM8 1 22
2
[2900 2875 2955 2950 2510 2075 2015 1760] [2330 2565 3000 3050 3445 3165 3125 3195]
[3055 2900 2945 2905 2470 2130 1935 2020] [2195 2325 2805 2915 3225 3270 3180 3100]
[2935 3040 2960 2725 2350 2045 1895 2220] [1995 2070 2540 2620 3190 3115 3175 3225]
[2980 3135 3070 2730 2635 2145 1695 2445] [1955 1880 2480 2715 3115 3020 3235 3185]
[3110 3160 3065 2800 2570 2255 2530 2460] [2035 2030 2420 2625 3165 3220 3180 3245]
[3100 2955 3075 3165 2630 2835 2845 2665] [2080 2070 2285 2800 3015 3245 3340 3175]
[3225 3080 2975 3040 3220 2995 2945 3140] [2035 2155 2280 2575 2970 3185 3120 3165]
[3105 3060 3190 2940 2940 3190 3130 2985] [2065 2170 2475 2840 2920 3040 3330 3305]
COM3 0 23
2
[3050 2965 2840 2815 2645 2205 1925 1995] [2330 2565 3000 3050 3445 3165 3125 3195]
[3035 2975 2755 2925 2520 2125 1790 1960] [2195 2325 2805 2915 3225 3270 3180 3100]
[2895 2800 3005 2665 2415 1950 1955 2065] [1995 2070 2540 2620 3190 3115 3175 3225]
[2970 2975 3120 2660 2560 2315 1805 2305] [1955 1880 2480 2715 3115 3020 3235 3185]
[3140 2990 3155 2915 2630 2425 2490 2460] [2035 2030 2420 2625 3165 3220 3180 3245]
[3100 3210 3265 3025 2780 3005 3025 2890] [2080 2070 2285 2800 3015 3245 3340 3175]
[3045 3115 3185 3155 3050 2945 2895 3005] [2035 2155 2280 2575 2970 3185 3120 3165]
[3055 3225 3000 3075 3055 3115 3160 3115] [2065 2170 2475 2840 2920 3040 3330 3305]
COM8 1 24
2
[3050 2965 2840 2815 2645 2205 1925 1995] [2050 2330 2580 2895 3030 3065 3185 3225]
[3035 2975 2755 2925 2520 2125 1790 1960] [1735 1895 2445 2745 3105 3165 3055 3005]
[2895 2800 3005 2665 2415 1950 1955 2065] [1765 1805 2270 2565 3215 3025 3300 2965]
[2970 2975 3120 2660 2560 2315 1805 2305] [1815 1865 2235 2575 2990 3120 3080 3115]
[3140 2990 3155 2915 2630 2425 2490 2460] [1850 1960 2140 2600 3030 3225 3100 3080]
[3100 3210 3265 3025 2780 3005 3025 2890] [1555 2050 2395 3020 3075 3300 3310 3200]
[3045 3115 3185 3155 3050 2945 2895 3005] [1850 2175 2490 3060 3050 3195 3235 3370]
[3055 3225 3000 3075 3055 3115 3160 3115] [1855 2360 2610 3180 3220 3065 3350 3120]
COM3 0 25
2
[2965 2975 2880 2805 2670 2240 2000 1760] [2050 2330 2580 2895 3030 3065 3185 3225]
[3090 3175 2850 2825 2430 1950 1755 1980] [1735 1895 2445 2745 3105 3165 3055 3005]
[2850 2935 2910 2705 2345 2100 1680 2255] [1765 1805 2270 2565 3215 3025 3300 2965]
[2960 3060 2975 2700 2590 2250 2065 2490] [1815 1865 2235 2575 2990 3120 3080 3115]
[3065 3095 3060 2965 2765 2605 2510 2680] [1850 1960 2140 2600 3030 3225 3100 3080]
[2950 2935 3020 2920 2925 2585 2990 2790] [1555 2050 2395 3020 3075 3300 3310 3200]
[3095 3190 2850 3115 3065 3175 2645 2920] [1850 2175 2490 3060 3050 3195 3235 3370]
[3170 3070 3025 3205 3025 3180 3345 3025] [1855 2360 2610 3180 3220 3065 3350 3120]
COM8 1 26
2
[2965 2975 2880 2805 2670 2240 2000 1760] [1875 2070 2495 2715 3095 3100 3120 3255]
[3090 3175 2850 2825 2430 1950 1755 1980] [1920 1985 2415 2740 3145 3180 3120 3175]
[2850 2935 2910 2705 2345 2100 1680 2255] [1945 2025 2310 2730 3125 3115 3030 3050]
[2960 3060 2975 2700 2590 2250 2065 2490] [2045 2155 2530 2800 3265 3005 3340 3095]
[3065 3095 3060 2965 2765 2605 2510 2680] [2095 2290 2765 2955 3105 3205 3110 3260]
[2950 2935 3020 2920 2925 2585 2990 2790] [2165 2415 2870 3200 3160 3225 3240 3020]
[3095 3190 2850 3115 3065 3175 2645 2920] [2310 2555 2975 3300 3205 3235 3110 3265]
[3170 3070 3025 3205 3025 3180 3345 3025] [2320 2620 3425 3425 3205 3270 3395 3120]
COM3 0 27
2
[2870 2945 2750 2810 2645 2205 1995 1830] [1875 2070 2495 2715 3095 3100 3120 3255]
[2915 3035 3090 2805 2570 2270 1870 2265] [1920 1985 2415 2740 3145 3180 3120 3175]
[2920 2850 3180 2685 2315 2080 1825 2210] [1945 2025 2310 2730 3125 3115 3030 3050]
[2945 3125 3090 2780 2580 2280 2185 2240] [2045 2155 2530 2800 3265 3005 3340 3095]
[3135 2960 3060 2875 2710 2335 2525 2795] [2095 2290 2765 2955 3105 3205 3110 3260]
[2885 3015 3210 3070 2975 2875 2745 2875] [2165 2415 2870 3200 3160 3225 3240 3020]
[3215 3015 3040 3155 3040 3115 2750 3010] [2310 2555 2975 3300 3205 3235 3110 3265]
[3150 3240 2920 3310 2940 3080 3360 3125] [2320 2620 3425 3425 3205 3270 3395 3120]
COM8 1 28
2
[2870 2945 2750 2810 2645 2205 1995 1830] [1985 2145 2430 2850 3255 3135 3100 3075]
[2915 3035 3090 2805 2570 2270 1870 2265] [2020 2215 2625 2950 2980 3345 3045 3120]
[2920 2850 3180 2685 2315 2080 1825 2210] [2200 2475 2920 3090 3290 3145 3165 3175]
[2945 3125 3090 2780 2580 2280 2185 2240] [2220 2525 3130 3120 3105 3160 3080 3230]
[3135 2960 3060 2875 2710 2335 2525 2795] [2445 2570 3300 3050 3105 3240 3110 3265]
[2885 3015 3210 3070 2975 2875 2745 2875] [2505 2860 3045 3285 3105 2955 3270 3170]
[3215 3015 3040 3155 3040 3115 2750 3010] [2700 3320 3310 3230 3470 3235 3340 3240]
[3150 3240 2920 3310 2940 3080 3360 3125] [2440 3090 3225 3435 3460 3245 3285 3245]
COM3 0 29
2
[2935 2945 3020 2930 2560 2280 1950 1825] [1985 2145 2430 2850 3255 3135 3100 3075]
[3050 2935 3010 2790 2465 2275 1970 2170] [2020 2215 2625 2950 2980 3345 3045 3120]
[2885 2945 3075 2780 2495 2085 1860 2190] [2200 2475 2920 3090 3290 3145 3165 3175]
[2975 2980 2900 2775 2500 2155 2115 2215] [2220 2525 3130 3120 3105 3160 3080 3230]
[2965 3075 3035 2920 2745 2375 2450 2420] [2445 2570 3300 3050 3105 3240 3110 3265]
[3075 3015 3190 2895 2640 2645 2885 2850] [2505 2860 3045 3285 3105 2955 3270 3170]
[3100 3165 3165 3120 3225 3145 2735 3070] [2700 3320 3310 3230 3470 3235 3340 3240]
[3195 3105 2945 3020 3280 3030 3285 3080] [2440 3090 3225 3435 3460 3245 3285 3245]
COM8 1 30
2
[2935 2945 3020 2930 2560 2280 1950 1825] [1975 2295 2675 2990 3075 3230 3205 3255]
[3050 2935 3010 2790 2465 2275 1970 2170] [2155 2390 2850 3145 3140 3300 3030 3025]
[2885 2945 3075 2780 2495 2085 1860 2190] [2135 2480 3015 3040 3310 3185 3145 3070]
[2975 2980 2900 2775 2500 2155 2115 2215] [2405 2740 3100 3155 3250 3195 3235 3025]
[2965 3075 3035 2920 2745 2375 2450 2420] [2620 2955 3165 3175 3310 3080 3210 3260]
[3075 3015 3190 2895 2640 2645 2885 2850] [2690 3110 3140 3240 3205 3315 3345 3195]
[3100 3165 3165 3120 3225 3145 2735 3070] [2805 3150 3220 3115 3375 3095 3385 3310]
[3195 3105 2945 3020 3280 3030 3285 3080] [3180 3090 3585 3385 3285 3245 3295 3400]
COM3 0 31
2
[2875 2925 2815 2815 2625 2260 1930 1845] [1975 2295 2675 2990 3075 3230 3205 3255]
[3185 2980 2800 2805 2550 2290 1855 2025] [2155 2390 2850 3145 3140 3300 3030 3025]
[2785 3100 2835 2815 2405 2075 1935 2115] [2135 2480 3015 3040 3310 3185 3145 3070]
[2900 3100 3170 2615 2445 2255 1965 2140] [2405 2740 3100 3155 3250 3195 3235 3025]
[3065 3045 2925 2875 2590 2480 2565 2400] [2620 2955 3165 3175 3310 3080 3210 3260]
[3005 3100 3075 2955 2790 2710 2710 2805] [2690 3110 3140 3240 3205 3315 3345 3195]
[3055 3110 3075 2880 3120 2955 3100 3140] [2805 3150 3220 3115 3375 3095 3385 3310]
[3075 3075 3125 3120 2975 3145 3100 3140] [3180 3090 3585 3385 3285 3245 3295 3400]
COM8 1 32
2
[2875 2925 2815 2815 2625 2260 1930 1845] [1850 2080 2505 2885 3280 3135 3170 3320]
[3185 2980 2800 2805 2550 2290 1855 2025] [2120 2305 2860 2955 3145 3295 3300 3125]
[2785 3100 2835 2815 2405 2075 1935 2115] [2200 2410 2850 3215 3225 3005 3320 3200]
[2900 3100 3170 2615 2445 2255 1965 2140] [2150 2805 3195 3210 3220 3215 3220 3250]
[3065 3045 2925 2875 2590 2480 2565 2400] [2190 3045 3255 3225 3195 3140 3260 3320]
[3005 3100 3075 2955 2790 2710 2710 2805] [2530 2940 3165 3220 3245 3275 3375 3270]
[3055 3110 3075 2880 3120 2955 3100 3140] [3180 3515 3100 3355 3350 3425 3350 3385]
[3075 3075 3125 3120 2975 3145 3100 3140] [3325 3430 3385 3455 3255 3420 3425 3565]
COM3 0 33
2
[2970 2835 2995 2905 2645 2135 2065 1900] [1850 2080 2505 2885 3280 3135 3170 3320]
[2940 3100 2785 2745 2515 2260 1970 2205] [2120 2305 2860 2955 3145 3295 3300 3125]
[2895 2995 2895 2655 2385 2225 1920 2230] [2200 2410 2850 3215 3225 3005 3320 3200]
[3025 2840 3015 2735 2415 2255 1785 1965] [2150 2805 3195 3210 3220 3215 3220 3250]
[3190 3020 3105 2715 2690 2545 2255 2545] [2190 3045 3255 3225 3195 3140 3260 3320]
[2885 2975 3155 3070 2730 3030 2750 2660] [2530 2940 3165 3220 3245 3275 3375 3270]
[3040 2995 2965 3015 3015 3010 2930 3035] [3180 3515 3100 3355 3350 3425 3350 3385]
[3105 3065 3135 3310 2885 2995 3275 2940] [3325 3430 3385 3455 3255 3420 3425 3565]
COM8 1 34
2
[2970 2835 2995 2905 2645 2135 2065 1900] [1820 1855 2105 2390 2975 2975 3100 3140]
[2940 3100 2785 2745 2515 2260 1970 2205] [2000 2025 2235 2620 2935 3225 3130 3025]
[2895 2995 2895 2655 2385 2225 1920 2230] [2005 2060 2485 2820 3220 3185 3165 3220]
[3025 2840 3015 2735 2415 2255 1785 1965] [2115 2365 2680 3075 3085 3225 3135 3170]
[3190 3020 3105 2715 2690 2545 2255 2545] [2270 2310 2945 2960 3320 3160 3250 3320]
[2885 2975 3155 3070 2730 3030 2750 2660] [1915 2415 3070 3210 3175 3170 3310 3240]
[3040 2995 2965 3015 3015 3010 2930 3035] [2715 3065 3290 3035 3345 3190 3315 3225]
[3105 3065 3135 3310 2885 2995 3275 2940] [3330 3265 3430 3500 3255 3380 3430 3470]
COM3 0 35
2
[2935 2720 2910 2925 2510 2150 1860 1900] [1820 1855 2105 2390 2975 2975 3100 3140]
[2975 3150 2790 2875 2475 2175 1830 2235] [2000 2025 2235 2620 2935 3225 3130 3025]
[2780 3065 3030 2810 2350 2155 2035 2155] [2005 2060 2485 2820 3220 3185 3165 3220]
[3145 3105 3060 2775 2450 2265 1920 2100] [2115 2365 2680 3075 3085 3225 3135 3170]
[3100 3130 2970 2885 2670 2375 2570 2860] [2270 2310 2945 2960 3320 3160 3250 3320]
[3060 2970 3095 3045 2890 2860 3015 3120] [1915 2415 3070 3210 3175 3170 3310 3240]
[3160 2970 2910 3155 3140 2780 2920 3065] [2715 3065 3290 3035 3345 3190 3315 3225]
[3265 2970 3025 3180 3080 3035 3255 2895] [3330 3265 3430 3500 3255 3380 3430 3470]
COM8 1 36
2
[2935 2720 2910 2925 2510 2150 1860 1900] [2020 1960 1915 1910 2255 2645 2960 3205]
[2975 3150 2790 2875 2475 2175 1830 2235] [2160 2080 1990 2000 2255 2680 3030 3020]
[2780 3065 3030 2810 2350 2155 2035 2155] [2495 2400 2060 2050 2500 2910 3135 3025]
[3145 3105 3060 2775 2450 2265 1920 2100] [2915 2635 2100 2170 2565 2885 3070 3125]
[3100 3130 2970 2885 2670 2375 2570 2860] [2865 2710 2220 2220 2550 3060 3170 3200]
[3060 2970 3095 3045 2890 2860 3015 3120] [3100 2675 2380 2505 2680 3050 3125 3160]
[3160 2970 2910 3155 3140 2780 2920 3065] [2985 2895 2815 2565 2795 3140 3095 3295]
[3265 2970 3025 3180 3080 3035 3255 2895] [3190 3155 3075 3245 3205 3200 3210 3345]
COM3 0 37
2
[3020 2895 3000 2775 2600 2235 1935 1735] [2020 1960 1915 1910 2255 2645 2960 3205]
[3050 3035 2900 2905 2575 2225 1920 1970] [2160 2080 1990 2000 2255 2680 3030 3020]
[2800 2980 2945 2705 2310 2020 1860 2225] [2495 2400 2060 2050 2500 2910 3135 3025]
[2935 2945 3035 2755 2605 2195 2150 2375] [2915 2635 2100 2170 2565 2885 3070 3125]
[3095 2910 3050 2890 2805 2355 2365 2755] [2865 2710 2220 2220 2550 3060 3170 3200]
[3125 3070 3105 3135 2960 2945 2695 2875] [3100 2675 2380 2505 2680 3050 3125 3160]
[3005 3110 2950 3155 3045 2850 3205 3015] [2985 2895 2815 2565 2795 3140 3095 3295]
[3310 2940 2935 3170 2810 3295 3050 2915] [3190 3155 3075 3245 3205 3200 3210 3345]
COM8 1 38
2
[3020 2895 3000 2775 2600 2235 1935 1735] [1880 1920 2005 2320 2695 2990 3135 3220]
[3050 3035 2900 2905 2575 2225 1920 1970] [2030 2000 2115 2335 2745 3110 3115 3120]
[2800 2980 2945 2705 2310 2020 1860 2225] [2195 2110 2120 2500 2945 3025 3100 3170]
[2935 2945 3035 2755 2605 2195 2150 2375] [2360 2355 2190 2545 2960 3100 3090 3190]
[3095 2910 3050 2890 2805 2355 2365 2755] [2540 2380 2245 2570 3015 3065 3210 3260]
[3125 3070 3105 3135 2960 2945 2695 2875] [2505 2485 2235 2945 3010 3225 3300 3105]
[3005 3110 2950 3155 3045 2850 3205 3015] [3040 2730 2555 2990 3160 3175 3340 3150]
[3310 2940 2935 3170 2810 3295 3050 2915] [3255 3225 2745 3315 3075 3235 3175 3345]
COM3 0 39
2
[3000 2770 2875 2810 2620 2315 2035 1985] [1880 1920 2005 2320 2695 2990 3135 3220]
[2955 3060 2820 2855 2505 2370 1870 2200] [2030 2000 2115 2335 2745 3110 3115 3120]
[2900 3045 2890 2910 2490 2175 2060 2220] [2195 2110 2120 2500 2945 3025 3100 3170]
[2940 2925 3095 2675 2540 2140 1950 2400] [2360 2355 2190 2545 2960 3100 3090 3190]
[3160 3005 3070 2840 2765 2455 2280 2570] [2540 2380 2245 2570 3015 3065 3210 3260]
[2855 3060 3070 3040 2850 2720 2785 2895] [2505 2485 2235 2945 3010 3225 3300 3105]
[3160 3065 3150 2960 3035 2905 2955 3175] [3040 2730 2555 2990 3160 3175 3340 3150]
[3160 3305 3155 2970 3045 3195 3190 2885] [3255 3225 2745 3315 3075 3235 3175 3345]
COM8 1 40
2
[3000 2770 2875 2810 2620 2315 2035 1985] [1945 2200 2470 2895 3170 3110 3115 3115]
[2955 3060 2820 2855 2505 2370 1870 2200] [2050 2300 2665 3015 3040 3165 3155 3145]
[2900 3045 2890 2910 2490 2175 2060 2220] [2250 2440 2815 3045 3210 3150 3220 3070]
[2940 2925 3095 2675 2540 2140 1950 2400] [2305 2830 3125 3115 3185 3110 3170 3110]
[3160 3005 3070 2840 2765 2455 2280 2570] [2410 2510 3070 3115 3210 3215 3205 3235]
[2855 3060 3070 3040 2850 2720 2785 2895] [2385 2740 3045 3085 3155 3275 3290 3250]
[3160 3065 3150 2960 3035 2905 2955 3175] [2650 3300 3145 3155 3250 3180 3305 3280]
[3160 3305 3155 2970 3045 3195 3190 2885] [3165 3215 3285 3245 3220 3200 3335 3510]
COM3 0 41
2
[3070 2865 2965 2900 2665 2260 1980 1825] [1945 2200 2470 2895 3170 3110 3115 3115]
[2970 2985 2770 2790 2530 2135 2080 2240] [2050 2300 2665 3015 3040 3165 3155 3145]
[2900 2965 3000 2745 2425 2140 1975 2250] [2250 2440 2815 3045 3210 3150 3220 3070]
[2760 3035 3120 2810 2575 2140 2035 2470] [2305 2830 3125 3115 3185 3110 3170 3110]
[3055 3050 2965 2830 2675 2370 2485 2720] [2410 2510 3070 3115 3210 3215 3205 3235]
[3130 3020 3175 2955 2825 2910 2650 2990] [2385 2740 3045 3085 3155 3275 3290 3250]
[3080 3070 3120 3050 3120 3110 2980 3095] [2650 3300 3145 3155 3250 3180 3305 3280]
[3185 3355 3000 3135 3025 3115 3360 3275] [3165 3215 3285 3245 3220 3200 3335 3510]
COM8 1 42
2
[3070 2865 2965 2900 2665 2260 1980 1825] [1985 2255 2510 2840 3045 3210 3115 3190]
[2970 2985 2770 2790 2530 2135 2080 2240] [1900 2305 2795 3015 3005 3220 3185 3145]
[2900 2965 3000 2745 2425 2140 1975 2250] [2290 2620 2995 3205 3220 3125 3115 3085]
[2760 3035 3120 2810 2575 2140 2035 2470] [2320 2935 3175 3080 3110 2985 3135 3085]
[3055 3050 2965 2830 2675 2370 2485 2720] [2725 3130 3185 3045 3235 3205 3225 3275]
[3130 3020 3175 2955 2825 2910 2650 2990] [2675 3010 3140 3245 3210 3175 3305 3365]
[3080 3070 3120 3050 3120 3110 2980 3095] [2950 3295 3325 3175 3170 3300 3200 3305]
[3185 3355 3000 3135 3025 3115 3360 3275] [3290 3170 3220 3300 3260 3250 3255 3240]
COM3 0 43
2
[2935 2930 2970 2815 2565 2230 1960 1800] [1985 2255 2510 2840 3045 3210 3115 3190]
[3085 3010 2890 2790 2615 2195 1920 2175] [1900 2305 2795 3015 3005 3220 3185 3145]
[2740 3030 2950 2620 2365 1920 1905 2305] [2290 2620 2995 3205 3220 3125 3115 3085]
[3005 2930 2945 2765 2455 2140 1985 2595] [2320 2935 3175 3080 3110 2985 3135 3085]
[3095 2880 3045 2695 2640 2315 2480 2875] [2725 3130 3185 3045 3235 3205 3225 3275]
[3040 3015 3155 3140 2855 2925 2900 2935] [2675 3010 3140 3245 3210 3175 3305 3365]
[3035 3095 3005 3125 3120 3040 2815 3035] [2950 3295 3325 3175 3170 3300 3200 3305]
[3120 3145 2940 3085 2920 3020 3285 2905] [3290 3170 3220 3300 3260 3250 3255 3240]
COM8 1 44
2
[2935 2930 2970 2815 2565 2230 1960 1800] [2020 2125 2600 2755 3175 3115 3120 3180]
[3085 3010 2890 2790 2615 2195 1920 2175] [2085 2285 2735 2985 3135 3105 3075 3045]
[2740 3030 2950 2620 2365 1920 1905 2305] [2330 2620 2945 3135 3240 3040 3035 3085]
[3005 2930 2945 2765 2455 2140 1985 2595] [2385 2855 3160 3225 3110 3200 3200 3175]
[3095 2880 3045 2695 2640 2315 2480 2875] [2650 2985 3075 2990 3105 3125 3215 3215]
[3040 3015 3155 3140 2855 2925 2900 2935] [2750 3040 3195 3265 3245 3155 3310 3105]
[3035 3095 3005 3125 3120 3040 2815 3035] [3060 3290 3380 3200 3165 3080 3120 3325]
[3120 3145 2940 3085 2920 3020 3285 2905] [3145 3485 3410 3425 3205 3220 3415 3335]
COM3 0 45
2
[3030 2875 2865 3010 2590 2220 2025 1980] [2020 2125 2600 2755 3175 3115 3120 3180]
[3125 3050 2995 2905 2580 2275 2130 2240] [2085 2285 2735 2985 3135 3105 3075 3045]
[2845 2945 2865 2745 2315 2215 1970 2325] [2330 2620 2945 3135 3240 3040 3035 3085]
[3110 2970 2995 2830 2555 2255 2305 2475] [2385 2855 3160 3225 3110 3200 3200 3175]
[3085 3085 3065 2805 2725 2505 2420 2795] [2650 2985 3075 2990 3105 3125 3215 3215]
[3045 3210 3315 2960 2875 2955 2955 2880] [2750 3040 3195 3265 3245 3155 3310 3105]
[3215 3185 3150 3100 2985 3280 3010 3095] [3060 3290 3380 3200 3165 3080 3120 3325]
[3200 3225 3170 3060 3180 3140 3285 3230] [3145 3485 3410 3425 3205 3220 3415 3335]
COM8 1 46
2
[3030 2875 2865 3010 2590 2220 2025 1980] [2005 2165 2535 2945 3100 3135 3135 3200]
[3125 3050 2995 2905 2580 2275 2130 2240] [2030 2435 2770 3015 3075 3190 3130 3095]
[2845 2945 2865 2745 2315 2215 1970 2325] [2240 2510 2985 3100 3170 3125 3180 3080]
[3110 2970 2995 2830 2555 2255 2305 2475] [2310 2640 3045 3230 3110 3120 3135 3170]
[3085 3085 3065 2805 2725 2505 2420 2795] [2625 3130 3185 3030 3175 3200 3255 3150]
[3045 3210 3315 2960 2875 2955 2955 2880] [2475 3000 3085 3355 3185 3270 3240 3250]
[3215 3185 3150 3100 2985 3280 3010 3095] [3110 3285 3315 3270 3215 3215 3275 3315]
[3200 3225 3170 3060 3180 3140 3285 3230] [3200 3100 3375 3235 3285 3200 3140 3290]
COM3 0 47
2
[3030 2905 2815 2725 2560 2205 1925 1610] [2005 2165 2535 2945 3100 3135 3135 3200]
[3155 2995 3000 3060 2725 2415 2090 1650] [2030 2435 2770 3015 3075 3190 3130 3095]
[2940 3030 3125 2920 2730 2560 2255 2075] [2240 2510 2985 3100 3170 3125 3180 3080]
[3150 3110 3215 2970 2755 2390 2045 1920] [2310 2640 3045 3230 3110 3120 3135 3170]
[3250 3075 3150 2880 2650 2600 2560 2420] [2625 3130 3185 3030 3175 3200 3255 3150]
[3005 3090 3155 3135 3010 2995 2855 2760] [2475 3000 3085 3355 3185 3270 3240 3250]
[3145 3190 3170 3275 3015 3070 3160 3140] [3110 3285 3315 3270 3215 3215 3275 3315]
[3450 3285 3155 3560 3060 3370 3540 3320] [3200 3100 3375 3235 3285 3200 3140 3290]
COM8 1 48
2
[3030 2905 2815 2725 2560 2205 1925 1610] [1925 2210 2445 2785 3120 3110 3135 3240]
[3155 2995 3000 3060 2725 2415 2090 1650] [2030 2320 2805 2985 3140 3180 3110 3115]
[2940 3030 3125 2920 2730 2560 2255 2075] [2290 2545 3015 3090 3230 3045 3070 3055]
[3150 3110 3215 2970 2755 2390 2045 1920] [2415 2845 3090 3150 3150 3160 3090 3155]
[3250 3075 3150 2880 2650 2600 2560 2420] [2590 2970 3250 3060 3190 3215 3235 3165]
[3005 3090 3155 3135 3010 2995 2855 2760] [2655 3075 3125 3200 3265 3175 3260 3190]
[3145 3190 3170 3275 3015 3070 3160 3140] [3100 3355 3295 3155 3225 3235 3200 3310]
[3450 3285 3155 3560 3060 3370 3540 3320] [3025 3280 3305 3355 3130 3145 3220 3240]
COM3 0 49
2
[2425 2380 2455 2740 2555 2430 2120 2175] [1925 2210 2445 2785 3120 3110 3135 3240]
[2670 2835 2720 2820 2900 2925 2580 2235] [2030 2320 2805 2985 3140 3180 3110 3115]
[2770 2910 2990 3015 2910 2895 2380 2425] [2290 2545 3015 3090 3230 3045 3070 3055]
[3055 3030 2975 2980 3025 2870 2665 2265] [2415 2845 3090 3150 3150 3160 3090 3155]
[3205 3045 3105 2960 2820 2935 2950 2575] [2590 2970 3250 3060 3190 3215 3235 3165]
[3030 3295 3170 2985 2970 3130 2915 2740] [2655 3075 3125 3200 3265 3175 3260 3190]
[3150 3225 3140 3155 3015 3140 3090 2995] [3100 3355 3295 3155 3225 3235 3200 3310]
[3100 3205 3050 3125 3160 3130 3095 3115] [3025 3280 3305 3355 3130 3145 3220 3240]
COM8 1 50
2
[2425 2380 2455 2740 2555 2430 2120 2175] [1955 2150 2515 2975 2930 3070 3245 3185]
[2670 2835 2720 2820 2900 2925 2580 2235] [1930 2380 2600 2955 3115 3185 3165 3105]
[2770 2910 2990 3015 2910 2895 2380 2425] [2135 2530 2955 3030 3185 3095 3080 2990]
[3055 3030 2975 2980 3025 2870 2665 2265] [2305 2815 2995 3070 3100 3105 3090 3125]
[3205 3045 3105 2960 2820 2935 2950 2575] [2610 2950 3040 3115 3145 3180 3180 3250]
[3030 3295 3170 2985 2970 3130 2915 2740] [2590 3020 3200 3235 3170 3215 3225 3195]
[3150 3225 3140 3155 3015 3140 3090 2995] [3060 3285 3220 3275 3090 3305 3315 3235]
[3100 3205 3050 3125 3160 3130 3095 3115] [3110 3355 3290 3300 3250 3200 3145 3225]
COM3 0 51
2
[3210 2995 2945 3060 2860 2630 2420 2145] [1955 2150 2515 2975 2930 3070 3245 3185]
[3265 3255 2935 3115 2980 2765 2555 2360] [1930 2380 2600 2955 3115 3185 3165 3105]
[3000 3095 3205 3150 2780 2915 2535 2325] [2135 2530 2955 3030 3185 3095 3080 2990]
[3140 3135 3240 2945 3000 2765 2615 2350] [2305 2815 2995 3070 3100 3105 3090 3125]
[3205 3310 3185 3110 3115 2935 2815 2770] [2610 2950 3040 3115 3145 3180 3180 3250]
[3110 3180 3275 3345 3095 3300 3045 2955] [2590 3020 3200 3235 3170 3215 3225 3195]
[3190 3350 3300 3365 3275 3360 2945 3400] [3060 3285 3220 3275 3090 3305 3315 3235]
[3175 3150 3295 3355 3395 3445 3425 3300] [3110 3355 3290 3300 3250 3200 3145 3225]
COM8 1 52
2
[3210 2995 2945 3060 2860 2630 2420 2145] [1850 2195 2490 2810 3045 3055 3020 3235]
[3265 3255 2935 3115 2980 2765 2555 2360] [2000 2370 2725 2960 3105 3125 3100 3035]
[3000 3095 3205 3150 2780 2915 2535 2325] [2210 2575 2860 3050 3240 3185 3075 3070]
[3140 3135 3240 2945 3000 2765 2615 2350] [2210 2735 3130 3215 3190 3080 3080 3150]
[3205 3310 3185 3110 3115 2935 2815 2770] [2450 3045 3185 3030 3140 3320 3175 3175]
[3110 3180 3275 3345 3095 3300 3045 2955] [2745 3075 3085 3200 3115 3180 3250 3095]
[3190 3350 3300 3365 3275 3360 2945 3400] [3000 3285 3310 3140 3245 3300 3225 3420]
[3175 3150 3295 3355 3395 3445 3425 3300] [3145 3350 3395 3175 3165 3135 3220 3470]
COM3 0 53
2
[3010 2880 3000 2890 2825 2625 2345 2070] [1850 2195 2490 2810 3045 3055 3020 3235]
[3155 3160 3010 3015 2965 2685 2435 2250] [2000 2370 2725 2960 3105 3125 3100 3035]
[3070 3010 3050 3025 2760 2630 2455 2130] [2210 2575 2860 3050 3240 3185 3075 3070]
[3165 3030 3030 3085 2910 2705 2475 2175] [2210 2735 3130 3215 3190 3080 3080 3150]
[3085 3180 3010 2925 3175 2690 2715 2425] [2450 3045 3185 3030 3140 3320 3175 3175]
[3175 3190 3270 3110 2990 3055 3095 2725] [2745 3075 3085 3200 3115 3180 3250 3095]
[2980 3085 3060 3110 2830 3265 3065 2910] [3000 3285 3310 3140 3245 3300 3225 3420]
[3335 3075 2995 3310 3255 3090 3335 2900] [3145 3350 3395 3175 3165 3135 3220 3470]
COM8 1 54
2
[3010 2880 3000 2890 2825 2625 2345 2070] [1955 2250 2480 2875 3050 3050 3135 3185]
[3155 3160 3010 3015 2965 2685 2435 2250] [1950 2360 2760 3060 3030 3125 3130 3100]
[3070 3010 3050 3025 2760 2630 2455 2130] [2220 2590 2950 3150 3180 3025 3135 3085]
[3165 3030 3030 3085 2910 2705 2475 2175] [2450 2830 3185 3080 3165 3160 3085 3140]
[3085 3180 3010 2925 3175 2690 2715 2425] [2530 3010 3265 3140 3150 3195 3200 3300]
[3175 3190 3270 3110 2990 3055 3095 2725] [2740 2990 3140 3285 3295 3220 3290 3390]
[2980 3085 3060 3110 2830 3265 3065 2910] [2865 3090 3275 3150 3130 3255 3270 3375]
[3335 3075 2995 3310 3255 3090 3335 2900] [3045 3175 3255 3310 3180 3250 3250 3470]
COM3 0 55
2
[3295 2935 2950 3125 3025 2670 2515 2050] [1955 2250 2480 2875 3050 3050 3135 3185]
[3170 3235 3025 3140 2870 2715 2310 2295] [1950 2360 2760 3060 3030 3125 3130 3100]
[3150 3065 3190 3075 2915 2675 2410 2270] [2220 2590 2950 3150 3180 3025 3135 3085]
[3145 3215 3180 2980 3065 2895 2595 2085] [2450 2830 3185 3080 3165 3160 3085 3140]
[3250 3145 3130 3040 3065 2765 2625 2550] [2530 3010 3265 3140 3150 3195 3200 3300]
[3245 3180 3390 3130 3160 2990 3035 2970] [2740 2990 3140 3285 3295 3220 3290 3390]
[3365 3290 3025 3340 3110 3045 2865 3270] [2865 3090 3275 3150 3130 3255 3270 3375]
[3200 3130 3125 3225 3085 3190 3290 3165] [3045 3175 3255 3310 3180 3250 3250 3470]
COM8 1 56
2
[3295 2935 2950 3125 3025 2670 2515 2050] [1925 2250 2480 2880 3060 3150 3100 3205]
[3170 3235 3025 3140 2870 2715 2310 2295] [2005 2440 2600 3005 3120 3185 3120 2950]
[3150 3065 3190 3075 2915 2675 2410 2270] [2310 2495 2955 3100 3255 3015 3120 3085]
[3145 3215 3180 2980 3065 2895 2595 2085] [2460 3030 3175 3135 3100 3095 3150 3115]
[3250 3145 3130 3040 3065 2765 2625 2550] [2540 3130 3145 3110 3190 3125 3290 3235]
[3245 3180 3390 3130 3160 2990 3035 2970] [2635 3125 3125 3315 3070 3225 3230 3115]
[3365 3290 3025 3340 3110 3045 2865 3270] [2885 3265 3295 3230 3135 3255 3355 3430]
[3200 3130 3125 3225 3085 3190 3290 3165] [3255 3390 3355 3235 3230 3250 3170 3355]
COM3 0 57
2
[3160 2860 3040 2970 2860 2520 2115 1820] [1925 2250 2480 2880 3060 3150 3100 3205]
[3050 3015 2890 3125 2925 2435 2185 1960] [2005 2440 2600 3005 3120 3185 3120 2950]
[3005 2995 3010 2930 2680 2455 2290 1975] [2310 2495 2955 3100 3255 3015 3120 3085]
[3090 3155 3180 2980 2910 2775 2215 2050] [2460 3030 3175 3135 3100 3095 3150 3115]
[3170 3130 3005 2975 2890 2740 2545 2370] [2540 3130 3145 3110 3190 3125 3290 3235]
[3140 3005 3320 2995 3075 2815 2945 2925] [2635 3125 3125 3315 3070 3225 3230 3115]
[3350 3155 2965 3165 3130 3115 2975 3175] [2885 3265 3295 3230 3135 3255 3355 3430]
[3250 3235 3350 3175 2950 3175 3160 3310] [3255 3390 3355 3235 3230 3250 3170 3355]
COM8 1 58
2
[3160 2860 3040 2970 2860 2520 2115 1820] [1925 2195 2505 2995 3145 3105 3135 3200]
[3050 3015 2890 3125 2925 2435 2185 1960] [2000 2325 2625 3015 3100 3125 3105 3030]
[3005 2995 3010 2930 2680 2455 2290 1975] [2255 2550 2975 3120 3195 3135 3100 3075]
[3090 3155 3180 2980 2910 2775 2215 2050] [2290 2620 3090 3145 3145 3155 3140 3225]
[3170 3130 3005 2975 2890 2740 2545 2370] [2605 3000 3230 3145 3190 3185 3215 3140]
[3140 3005 3320 2995 3075 2815 2945 2925] [2640 3055 3205 3285 3200 3215 3320 3170]
[3350 3155 2965 3165 3130 3115 2975 3175] [2945 3215 3295 3150 3215 3310 3200 3160]
[3250 3235 3350 3175 2950 3175 3160 3310] [3020 3245 3220 3370 3260 3210 3235 3200]
COM3 0 59
2
[2810 2880 2900 3005 2565 2230 2015 1745] [1925 2195 2505 2995 3145 3105 3135 3200]
[2785 3070 3020 3010 2595 2450 1940 1950] [2000 2325 2625 3015 3100 3125 3105 3030]
[2875 2875 2950 2840 2710 2185 1820 2115] [2255 2550 2975 3120 3195 3135 3100 3075]
[3045 2890 3130 2815 2840 2175 2070 2240] [2290 2620 3090 3145 3145 3155 3140 3225]
[3135 2970 2940 2920 2820 2645 2390 2590] [2605 3000 3230 3145 3190 3185 3215 3140]
[3060 3065 3060 3170 2845 2955 2595 2850] [2640 3055 3205 3285 3200 3215 3320 3170]
[2805 3100 2895 2985 2925 2860 2615 2920] [2945 3215 3295 3150 3215 3310 3200 3160]
[3185 2905 3005 3010 2945 3095 3105 2925] [3020 3245 3220 3370 3260 3210 3235 3200]
COM8 1 60
2
[2810 2880 2900 3005 2565 2230 2015 1745] [2025 2190 2485 2870 3050 3205 3065 3190]
[2785 3070 3020 3010 2595 2450 1940 1950] [1980 2305 2740 3050 3155 3210 3120 3010]
[2875 2875 2950 2840 2710 2185 1820 2115] [2325 2645 3045 3150 3245 3095 3105 3130]
[3045 2890 3130 2815 2840 2175 2070 2240] [2440 2775 3260 3135 3065 3080 3170 3195]
[3135 2970 2940 2920 2820 2645 2390 2590] [2565 3115 3185 3040 3180 3030 3185 3275]
[3060 3065 3060 3170 2845 2955 2595 2850] [2590 3070 3170 3205 3245 3305 3275 3280]
[2805 3100 2895 2985 2925 2860 2615 2920] [2930 3335 3210 3240 3130 3100 3345 3280]
[3185 2905 3005 3010 2945 3095 3105 2925] [3285 3285 3270 3415 3230 3205 3355 3420]
COM3 0 61
2
[2850 2805 2740 2790 2550 2240 1945 1845] [2025 2190 2485 2870 3050 3205 3065 3190]
[2765 2745 2925 2955 2750 2215 2040 2010] [1980 2305 2740 3050 3155 3210 3120 3010]
[2950 2870 2935 2735 2475 2360 2235 2320] [2325 2645 3045 3150 3245 3095 3105 3130]
[2950 3045 3045 2835 2585 2165 2115 2390] [2440 2775 3260 3135 3065 3080 3170 3195]
[3020 2940 3025 2775 2745 2390 2550 2635] [2565 3115 3185 3040 3180 3030 3185 3275]
[3045 2995 3145 3025 2965 2730 2945 2815] [2590 3070 3170 3205 3245 3305 3275 3280]
[2905 3110 2900 3005 3140 2955 2960 2990] [2930 3335 3210 3240 3130 3100 3345 3280]
[3185 3315 3110 3170 3115 3190 3175 3315] [3285 3285 3270 3415 3230 3205 3355 3420]
COM8 1 62
2
[2850 2805 2740 2790 2550 2240 1945 1845] [1875 2195 2440 2925 3005 3105 3135 3145]
[2765 2745 2925 2955 2750 2215 2040 2010] [1980 2275 2705 2975 3015 3190 3055 3080]
[2950 2870 2935 2735 2475 2360 2235 2320] [2275 2575 2875 3035 3225 3100 3165 3085]
[2950 3045 3045 2835 2585 2165 2115 2390] [2355 2895 3045 3185 3115 3080 3140 3180]
[3020 2940 3025 2775 2745 2390 2550 2635] [2645 3110 3290 3215 3140 3160 3245 3180]
[3045 2995 3145 3025 2965 2730 2945 2815] [2575 3180 3200 3140 3220 3255 3295 3280]
[2905 3110 2900 3005 3140 2955 2960 2990] [3050 3320 3145 3240 3270 3260 3170 3375]
[3185 3315 3110 3170 3115 3190 3175 3315] [3015 3160 3370 3380 3280 3240 3165 3290]
COM3 0 63
2
[2995 2790 2585 2610 2315 1935 1890 1775] [1875 2195 2440 2925 3005 3105 3135 3145]
[3225 2910 2865 2835 2260 1975 1850 2025] [1980 2275 2705 2975 3015 3190 3055 3080]
[2925 2685 2995 2800 2340 2115 1950 2270] [2275 2575 2875 3035 3225 3100 3165 3085]
[3105 2970 3040 2720 2565 2405 2125 2480] [2355 2895 3045 3185 3115 3080 3140 3180]
[3205 2920 3175 2885 2840 2555 2595 2835] [2645 3110 3290 3215 3140 3160 3245 3180]
[3135 3005 3170 2960 2910 2720 2885 2770] [2575 3180 3200 3140 3220 3255 3295 3280]
[3070 3195 3190 3095 2950 2920 2955 3080] [3050 3320 3145 3240 3270 3260 3170 3375]
[3175 3350 3105 3105 2760 3115 3275 3105] [3015 3160 3370 3380 3280 3240 3165 3290]
COM8 1 64
2
[2995 2790 2585 2610 2315 1935 1890 1775] [1925 2125 2435 2890 3085 3100 3105 3190]
[3225 2910 2865 2835 2260 1975 1850 2025] [2040 2305 2625 3100 3125 3185 3135 3080]
[2925 2685 2995 2800 2340 2115 1950 2270] [2355 2645 2990 3050 3170 3045 3125 3035]
[3105 2970 3040 2720 2565 2405 2125 2480] [2470 2965 3180 3195 3115 3155 3130 3145]
[3205 2920 3175 2885 2840 2555 2595 2835] [2755 3115 3175 3140 3180 3180 3160 3235]
[3135 3005 3170 2960 2910 2720 2885 2770] [2710 3210 3105 3320 3315 3180 3245 3275]
[3070 3195 3190 3095 2950 2920 2955 3080] [3065 3325 3300 3120 3170 3320 3190 3315]
[3175 3350 3105 3105 2760 3115 3275 3105] [3170 3260 3165 3330 3190 3225 3210 3295]
COM3 0 65
2
[2885 2965 2790 2565 2325 2110 1905 1835] [1925 2125 2435 2890 3085 3100 3105 3190]
[3005 3045 2765 2660 2535 2130 1805 1920] [2040 2305 2625 3100 3125 3185 3135 3080]
[2875 2855 3045 2775 2440 2155 2010 2095] [2355 2645 2990 3050 3170 3045 3125 3035]
[3025 2910 3005 2670 2560 2370 2060 1920] [2470 2965 3180 3195 3115 3155 3130 3145]
[3210 3095 2935 2845 2865 2620 2455 2385] [2755 3115 3175 3140 3180 3180 3160 3235]
[2910 3085 2910 3005 2985 2940 2795 2690] [2710 3210 3105 3320 3315 3180 3245 3275]
[3165 3085 3140 3130 3085 3205 3115 3070] [3065 3325 3300 3120 3170 3320 3190 3315]
[3090 3145 3175 3225 3145 3205 3270 3050] [3170 3260 3165 3330 3190 3225 3210 3295]