COM6 0 6
2
[1620 1425 1825 2215 2685 2630 2670 2545] [3320 3110 3265 3090 3185 3025 3165 3180]
[1760 1700 1640 2225 2655 2795 2740 2730] [3150 3325 3415 3130 2995 3145 3030 2925]
[1535 1525 1655 1955 2440 2660 2735 2680] [3205 3115 3200 3075 3245 2995 3120 3055]
[1550 1550 1605 1680 2265 2645 2655 2615] [3435 3405 3280 3115 3100 2985 3130 2915]
[1515 1330 1625 1620 2135 2490 2790 2735] [3260 2985 3270 3035 3115 2980 3260 3040]
[1300 1455 1545 1670 1785 2535 2725 2695] [3060 3215 3215 3300 3040 3340 3145 3225]
[1205 1325 1460 1540 1925 2555 2815 2900] [3215 3225 3180 2995 3130 2845 3190 3205]
[1250 1290 1395 1545 1900 2525 2990 2675] [3380 3130 3110 3485 3335 3125 3105 3080]
COM4 1 7
2
[1620 1425 1825 2215 2685 2630 2670 2545] [2790 2825 3020 2770 3065 2815 2850 2975]
[1760 1700 1640 2225 2655 2795 2740 2730] [2900 3020 2840 2965 2910 2925 2930 2900]
[1535 1525 1655 1955 2440 2660 2735 2680] [3010 2725 2890 2740 2915 3060 2975 2950]
[1550 1550 1605 1680 2265 2645 2655 2615] [3110 2865 3035 2885 2900 2975 3000 2895]
[1515 1330 1625 1620 2135 2490 2790 2735] [2835 2990 2875 2835 2970 2850 3000 3040]
[1300 1455 1545 1670 1785 2535 2725 2695] [3085 3145 3025 2915 3005 3040 3025 3085]
[1205 1325 1460 1540 1925 2555 2815 2900] [3075 2875 2940 3120 3130 3065 2955 3105]
[1250 1290 1395 1545 1900 2525 2990 2675] [3025 2975 3085 3160 3065 2935 3170 3355]
COM6 0 8
2
[1410 1470 2170 2530 2765 2790 2735 2925] [2790 2825 3020 2770 3065 2815 2850 2975]
[1475 1670 2085 2560 2920 2860 2995 3005] [2900 3020 2840 2965 2910 2925 2930 2900]
[1330 1445 1925 2420 2700 2750 2885 2895] [3010 2725 2890 2740 2915 3060 2975 2950]
[1400 1380 1660 2100 2435 2800 2910 2870] [3110 2865 3035 2885 2900 2975 3000 2895]
[1355 1365 1505 1785 2285 2725 3225 2960] [2835 2990 2875 2835 2970 2850 3000 3040]
[1455 1395 1605 1645 2150 2625 3125 2850] [3085 3145 3025 2915 3005 3040 3025 3085]
[1505 1445 1505 1765 2205 2700 2750 2635] [3075 2875 2940 3120 3130 3065 2955 3105]
[1700 1405 1455 1665 2225 2855 2825 2930] [3025 2975 3085 3160 3065 2935 3170 3355]
COM4 1 9
2
[1410 1470 2170 2530 2765 2790 2735 2925] [3225 3155 3485 3040 3075 3165 3150 3060]
[1475 1670 2085 2560 2920 2860 2995 3005] [3215 3135 3265 3050 3065 3255 3175 3080]
[1330 1445 1925 2420 2700 2750 2885 2895] [3075 3195 3190 3255 3200 3110 3175 3060]
[1400 1380 1660 2100 2435 2800 2910 2870] [3250 3350 3390 3155 2995 3030 3300 2935]
[1355 1365 1505 1785 2285 2725 3225 2960] [2995 3375 3095 3015 3275 3155 3160 3315]
[1455 1395 1605 1645 2150 2625 3125 2850] [3175 3150 3190 3240 3105 3295 3260 3145]
[1505 1445 1505 1765 2205 2700 2750 2635] [3220 3465 3490 3240 3380 3400 3145 3260]
[1700 1405 1455 1665 2225 2855 2825 2930] [3245 3410 3430 3410 3150 3115 3270 3235]
COM6 0 10
2
[1420 1090 1365 1740 2500 2755 2910 2905] [3225 3155 3485 3040 3075 3165 3150 3060]
[1615 1335 1185 1605 2345 2755 2760 2940] [3215 3135 3265 3050 3065 3255 3175 3080]
[1520 1210 1250 1615 2190 2680 2805 2830] [3075 3195 3190 3255 3200 3110 3175 3060]
[1575 1460 1335 1550 1965 2510 2880 2960] [3250 3350 3390 3155 2995 3030 3300 2935]
[1790 1515 1355 1410 1615 1945 2770 2905] [2995 3375 3095 3015 3275 3155 3160 3315]
[2185 1515 1390 1270 1375 1820 2515 2880] [3175 3150 3190 3240 3105 3295 3260 3145]
[2335 1540 1345 1340 1385 1460 2325 2730] [3220 3465 3490 3240 3380 3400 3145 3260]
[2135 1725 1345 1185 1190 1480 2425 2920] [3245 3410 3430 3410 3150 3115 3270 3235]
COM4 1 11
2
[1420 1090 1365 1740 2500 2755 2910 2905] [3260 3070 3230 3020 3325 3145 3165 3135]
[1615 1335 1185 1605 2345 2755 2760 2940] [3065 3195 3230 3110 2915 3045 3145 3110]
[1520 1210 1250 1615 2190 2680 2805 2830] [3075 3465 3190 3090 3200 3215 3220 2965]
[1575 1460 1335 1550 1965 2510 2880 2960] [3115 3230 3240 3315 3125 3135 3270 3045]
[1790 1515 1355 1410 1615 1945 2770 2905] [3230 3185 3385 2960 3270 3195 3200 3270]
[2185 1515 1390 1270 1375 1820 2515 2880] [3110 3015 3055 3195 3080 3240 3175 3155]
[2335 1540 1345 1340 1385 1460 2325 2730] [3160 3220 3345 3450 3150 3105 3240 3250]
[2135 1725 1345 1185 1190 1480 2425 2920] [3510 3335 3295 3480 3240 2970 3435 3030]
COM6 0 12
2
[1705 1565 1675 1585 1510 1215 1305 1555] [3260 3070 3230 3020 3325 3145 3165 3135]
[1775 1650 1565 1710 1545 1310 1320 1790] [3065 3195 3230 3110 2915 3045 3145 3110]
[1530 1565 1695 1570 1355 1325 1350 2045] [3075 3465 3190 3090 3200 3215 3220 2965]
[1845 1620 1570 1430 1330 1325 1335 2055] [3115 3230 3240 3315 3125 3135 3270 3045]
[2275 1640 1440 1460 1295 1210 1405 1795] [3230 3185 3385 2960 3270 3195 3200 3270]
[2170 1675 1510 1300 1145 1215 1405 1645] [3110 3015 3055 3195 3080 3240 3175 3155]
[2345 1855 1550 1320 1150 1210 1190 1650] [3160 3220 3345 3450 3150 3105 3240 3250]
[2330 1740 1605 1290 1085 1220 1210 1500] [3510 3335 3295 3480 3240 2970 3435 3030]
COM4 1 13
2
[1705 1565 1675 1585 1510 1215 1305 1555] [2715 2915 3105 3000 2875 3105 2985 3140]
[1775 1650 1565 1710 1545 1310 1320 1790] [3265 3130 3135 2805 2930 3005 2950 2865]
[1530 1565 1695 1570 1355 1325 1350 2045] [2970 3175 2960 2960 3070 3095 3025 2940]
[1845 1620 1570 1430 1330 1325 1335 2055] [3080 3205 3010 2970 3085 3020 3105 2830]
[2275 1640 1440 1460 1295 1210 1405 1795] [2915 3005 3170 2945 3095 3210 3095 3225]
[2170 1675 1510 1300 1145 1215 1405 1645] [3165 3200 2900 3270 3015 3055 3205 3110]
[2345 1855 1550 1320 1150 1210 1190 1650] [3060 3205 3075 3105 2985 3180 3265 3075]
[2330 1740 1605 1290 1085 1220 1210 1500] [3165 3195 2945 3370 3260 2985 2935 3335]
COM6 0 14
2
[1685 1390 1685 2305 2115 1510 1420 1125] [2715 2915 3105 3000 2875 3105 2985 3140]
[1970 1840 1780 2225 2005 1635 1335 1075] [3265 3130 3135 2805 2930 3005 2950 2865]
[2120 1700 1600 1835 1775 1510 1170 1135] [2970 3175 2960 2960 3070 3095 3025 2940]
[2320 1900 1695 1565 1620 1375 1190 1095] [3080 3205 3010 2970 3085 3020 3105 2830]
[2600 1985 1945 1405 1545 1315 1110 1075] [2915 3005 3170 2945 3095 3210 3095 3225]
[2585 2265 1960 1700 1445 1335 1240 1115] [3165 3200 2900 3270 3015 3055 3205 3110]
[2930 2315 1980 1660 1535 1190 1005 1085] [3060 3205 3075 3105 2985 3180 3265 3075]
[2825 2525 2050 1520 1315 1360 1145 1045] [3165 3195 2945 3370 3260 2985 2935 3335]
COM4 1 15
2
[1685 1390 1685 2305 2115 1510 1420 1125] [3235 3270 3290 3060 3360 2925 3000 3225]
[1970 1840 1780 2225 2005 1635 1335 1075] [3210 3085 3315 3165 3305 3135 3210 3100]
[2120 1700 1600 1835 1775 1510 1170 1135] [3175 3110 3305 3215 3195 3110 3205 3005]
[2320 1900 1695 1565 1620 1375 1190 1095] [3210 3060 3090 3165 3190 3095 3110 3210]
[2600 1985 1945 1405 1545 1315 1110 1075] [3245 3115 3220 3045 3325 3060 3260 3165]
[2585 2265 1960 1700 1445 1335 1240 1115] [3190 3200 3435 3250 3150 3040 3240 3210]
[2930 2315 1980 1660 1535 1190 1005 1085] [3350 3470 3245 3260 3445 3310 3055 3350]
[2825 2525 2050 1520 1315 1360 1145 1045] [3470 3305 3370 3215 3215 3360 3380 3415]
COM6 0 16
2
[2210 1775 1560 1760 2015 1855 1765 1310] [3235 3270 3290 3060 3360 2925 3000 3225]
[2565 2285 1825 1640 1945 1905 1635 1425] [3210 3085 3315 3165 3305 3135 3210 3100]
[2780 2340 2185 1825 1765 1685 1535 1385] [3175 3110 3305 3215 3195 3110 3205 3005]
[2795 2805 2430 1835 1825 1590 1475 1320] [3210 3060 3090 3165 3190 3095 3110 3210]
[2965 2605 2675 2215 1950 1590 1565 1375] [3245 3115 3220 3045 3325 3060 3260 3165]
[2680 2835 2665 2475 2145 1650 1425 1235] [3190 3200 3435 3250 3150 3040 3240 3210]
[3035 2890 2720 2825 2135 1725 1495 1330] [3350 3470 3245 3260 3445 3310 3055 3350]
[2850 2670 2920 2700 2335 1825 1580 1285] [3470 3305 3370 3215 3215 3360 3380 3415]
COM4 1 17
2
[2210 1775 1560 1760 2015 1855 1765 1310] [3015 3240 3160 3200 3130 3115 3105 3195]
[2565 2285 1825 1640 1945 1905 1635 1425] [2905 3035 3275 3255 3130 3050 3200 2900]
[2780 2340 2185 1825 1765 1685 1535 1385] [3300 3185 3185 3220 3210 3110 3065 3040]
[2795 2805 2430 1835 1825 1590 1475 1320] [3110 3020 3260 3075 3105 3235 3170 3080]
[2965 2605 2675 2215 1950 1590 1565 1375] [3290 3320 3225 3170 3140 3140 3200 3130]
[2680 2835 2665 2475 2145 1650 1425 1235] [2970 2985 3140 3310 3080 3210 3225 3270]
[3035 2890 2720 2825 2135 1725 1495 1330] [3315 3380 3345 3135 3160 3280 3210 3235]
[2850 2670 2920 2700 2335 1825 1580 1285] [2965 3325 3430 3450 3260 3305 3370 3580]
COM6 0 18
2
[2755 2535 2300 2105 1680 1765 1545 1385] [3015 3240 3160 3200 3130 3115 3105 3195]
[2895 2900 2415 2215 1765 1780 1455 1315] [2905 3035 3275 3255 3130 3050 3200 2900]
[2635 2795 2760 2385 1920 1600 1420 1350] [3300 3185 3185 3220 3210 3110 3065 3040]
[2995 2825 2910 2525 2210 1845 1600 1260] [3110 3020 3260 3075 3105 3235 3170 3080]
[2925 3070 2775 2735 2520 2120 1830 1440] [3290 3320 3225 3170 3140 3140 3200 3130]
[2855 2900 2775 3040 2555 2360 1915 1575] [2970 2985 3140 3310 3080 3210 3225 3270]
[2970 3010 2655 2930 2845 2790 2150 1590] [3315 3380 3345 3135 3160 3280 3210 3235]
[2910 2830 2920 2980 2835 2695 2285 1555] [2965 3325 3430 3450 3260 3305 3370 3580]
COM4 1 19
2
[2755 2535 2300 2105 1680 1765 1545 1385] [3270 3190 3400 3320 3315 3130 3145 3250]
[2895 2900 2415 2215 1765 1780 1455 1315] [3340 3315 3485 3210 3135 3335 3275 3260]
[2635 2795 2760 2385 1920 1600 1420 1350] [3260 3335 3465 3250 3240 3195 3315 3185]
[2995 2825 2910 2525 2210 1845 1600 1260] [3275 3120 3490 3365 3140 3150 3205 3070]
[2925 3070 2775 2735 2520 2120 1830 1440] [3480 3370 3435 3145 3140 3385 3365 3375]
[2855 2900 2775 3040 2555 2360 1915 1575] [3150 3335 3255 3330 3285 3255 3190 3380]
[2970 3010 2655 2930 2845 2790 2150 1590] [3375 3355 3470 3340 3435 3095 3245 3355]
[2910 2830 2920 2980 2835 2695 2285 1555] [3465 3605 3445 3335 3285 3420 3330 3535]
COM6 0 20
2
[2655 2760 2865 2750 2660 2180 1825 1340] [3270 3190 3400 3320 3315 3130 3145 3250]
[2875 2930 2940 2855 2730 2385 1915 1380] [3340 3315 3485 3210 3135 3335 3275 3260]
[2925 2980 2925 2805 2725 2705 2110 1490] [3260 3335 3465 3250 3240 3195 3315 3185]
[2895 3105 3105 2815 2980 2810 2245 1595] [3275 3120 3490 3365 3140 3150 3205 3070]
[2810 2745 3015 2860 2915 2650 2555 1835] [3480 3370 3435 3145 3140 3385 3365 3375]
[2685 2870 3220 2935 2840 2975 2875 2030] [3150 3335 3255 3330 3285 3255 3190 3380]
[3095 2865 2935 3150 2735 2805 2905 2105] [3375 3355 3470 3340 3435 3095 3245 3355]
[2850 2695 2855 2875 2895 2710 2800 2485] [3465 3605 3445 3335 3285 3420 3330 3535]
COM4 1 21
2
[2655 2760 2865 2750 2660 2180 1825 1340] [3185 3185 3115 3350 3050 3360 3080 3165]
[2875 2930 2940 2855 2730 2385 1915 1380] [3285 3115 3295 3125 3130 3165 3135 2950]
[2925 2980 2925 2805 2725 2705 2110 1490] [3235 3410 3235 3035 3185 3000 3030 3065]
[2895 3105 3105 2815 2980 2810 2245 1595] [3180 3220 3340 3115 2925 3220 3245 2895]
[2810 2745 3015 2860 2915 2650 2555 1835] [3075 3350 3145 2950 3230 3275 3130 3140]
[2685 2870 3220 2935 2840 2975 2875 2030] [3065 3315 3185 3325 3070 3215 3050 3235]
[3095 2865 2935 3150 2735 2805 2905 2105] [3400 3375 3280 3195 3295 3110 3325 3215]
[2850 2695 2855 2875 2895 2710 2800 2485] [3440 3305 3355 3615 3325 3115 3335 3075]
COM6 0 22
2
[2790 2580 2810 2810 2705 2715 2315 1665] [3185 3185 3115 3350 3050 3360 3080 3165]
[2940 2815 2920 3005 2845 2850 2450 1810] [3285 3115 3295 3125 3130 3165 3135 2950]
[2720 2755 2920 2895 2735 2910 2540 1790] [3235 3410 3235 3035 3185 3000 3030 3065]
[2965 2825 2885 2980 2970 2820 2640 1915] [3180 3220 3340 3115 2925 3220 3245 2895]
[3085 3025 3200 2945 2875 2890 2735 2210] [3075 3350 3145 2950 3230 3275 3130 3140]
[2675 2915 2980 2915 3005 2895 2855 2310] [3065 3315 3185 3325 3070 3215 3050 3235]
[2925 2860 2850 2780 2940 2965 2830 2530] [3400 3375 3280 3195 3295 3110 3325 3215]
[2580 2990 3045 2640 2830 2825 2910 2665] [3440 3305 3355 3615 3325 3115 3335 3075]
COM4 1 23
2
[2790 2580 2810 2810 2705 2715 2315 1665] [3305 3445 3640 3290 3330 3280 3135 3230]
[2940 2815 2920 3005 2845 2850 2450 1810] [3225 3340 3540 3210 3130 3420 3285 3225]
[2720 2755 2920 2895 2735 2910 2540 1790] [3365 3420 3465 3210 3480 3250 3070 3120]
[2965 2825 2885 2980 2970 2820 2640 1915] [3645 3270 3170 3270 3275 3275 3125 3225]
[3085 3025 3200 2945 2875 2890 2735 2210] [3170 3415 3320 3175 3275 3275 3280 3310]
[2675 2915 2980 2915 3005 2895 2855 2310] [3175 3160 3340 3300 3155 3285 3445 3480]
[2925 2860 2850 2780 2940 2965 2830 2530] [3435 3405 3385 3425 3295 3405 3205 3415]
[2580 2990 3045 2640 2830 2825 2910 2665] [3450 3335 3435 3265 3330 3270 3420 3590]
COM6 0 24
2
[3095 2705 2640 2880 3005 2650 2390 1605] [3305 3445 3640 3290 3330 3280 3135 3230]
[3035 3015 2790 2990 2910 2840 2480 1670] [3225 3340 3540 3210 3130 3420 3285 3225]
[2835 2825 2940 2740 2825 2765 2550 1775] [3365 3420 3465 3210 3480 3250 3070 3120]
[3035 2975 2945 2815 2905 2800 2690 1965] [3645 3270 3170 3270 3275 3275 3125 3225]
[2965 2900 2905 2900 2910 2840 2820 2145] [3170 3415 3320 3175 3275 3275 3280 3310]
[2785 3050 2950 2755 2805 2965 2635 2145] [3175 3160 3340 3300 3155 3285 3445 3480]
[2685 2780 2930 2770 2905 2910 2875 2470] [3435 3405 3385 3425 3295 3405 3205 3415]
[3130 2780 2965 2820 2945 2825 2790 2490] [3450 3335 3435 3265 3330 3270 3420 3590]
COM4 1 25
2
[3095 2705 2640 2880 3005 2650 2390 1605] [2980 3155 3370 3295 3270 3020 3255 3210]
[3035 3015 2790 2990 2910 2840 2480 1670] [2905 3255 3210 3150 3035 3225 3070 3075]
[2835 2825 2940 2740 2825 2765 2550 1775] [3215 3195 3275 3080 3375 3055 3240 3075]
[3035 2975 2945 2815 2905 2800 2690 1965] [3170 3535 3270 3215 3135 3160 3110 3185]
[2965 2900 2905 2900 2910 2840 2820 2145] [3105 3140 3630 3170 3060 3210 3065 3225]
[2785 3050 2950 2755 2805 2965 2635 2145] [3200 3235 3175 3145 3085 3365 3190 3235]
[2685 2780 2930 2770 2905 2910 2875 2470] [3010 3120 3315 3335 3270 3315 3145 3310]
[3130 2780 2965 2820 2945 2825 2790 2490] [3250 3225 3385 3500 3355 3370 3265 3445]
COM6 0 26
2
[2795 2915 2920 3005 2875 2670 2390 1660] [2980 3155 3370 3295 3270 3020 3255 3210]
[2960 2985 2810 2980 2890 2785 2455 1770] [2905 3255 3210 3150 3035 3225 3070 3075]
[2890 2975 2945 2785 2775 2825 2540 1900] [3215 3195 3275 3080 3375 3055 3240 3075]
[3115 2960 3045 2885 2925 2870 2655 2145] [3170 3535 3270 3215 3135 3160 3110 3185]
[3040 2985 2865 2840 3005 2825 2680 2270] [3105 3140 3630 3170 3060 3210 3065 3225]
[3010 2735 2980 2770 2790 2895 2965 2475] [3200 3235 3175 3145 3085 3365 3190 3235]
[2865 2860 2995 2895 2875 2835 2640 2465] [3010 3120 3315 3335 3270 3315 3145 3310]
[2970 2905 2970 2825 2945 2980 2685 2845] [3250 3225 3385 3500 3355 3370 3265 3445]
COM4 1 27
2
[2795 2915 2920 3005 2875 2670 2390 1660] [3005 3225 3150 3315 3415 3295 3220 3245]
[2960 2985 2810 2980 2890 2785 2455 1770] [3190 3225 3180 3440 3340 3525 3280 3140]
[2890 2975 2945 2785 2775 2825 2540 1900] [3140 3375 3355 3345 3415 3305 3155 3245]
[3115 2960 3045 2885 2925 2870 2655 2145] [3100 3480 3350 3350 3200 3305 3195 3320]
[3040 2985 2865 2840 3005 2825 2680 2270] [3185 3165 3295 3315 3240 3345 3310 3310]
[3010 2735 2980 2770 2790 2895 2965 2475] [3225 3130 3550 3415 3265 3310 3235 3275]
[2865 2860 2995 2895 2875 2835 2640 2465] [3290 3515 3330 3265 3350 3440 3405 3510]
[2970 2905 2970 2825 2945 2980 2685 2845] [3260 3340 3345 3405 3345 3315 3465 3470]
COM6 0 28
2
[2825 2765 2750 3100 2780 2690 2630 2000] [3005 3225 3150 3315 3415 3295 3220 3245]
[2975 3085 2685 2730 2815 2775 2735 2310] [3190 3225 3180 3440 3340 3525 3280 3140]
[2780 3040 2915 2910 2910 2925 2790 2445] [3140 3375 3355 3345 3415 3305 3155 3245]
[2490 3040 2845 2845 3025 3015 2735 2585] [3100 3480 3350 3350 3200 3305 3195 3320]
[2820 2910 2905 2745 3110 2850 2910 2800] [3185 3165 3295 3315 3240 3345 3310 3310]
[3130 3040 3000 2985 2855 2985 2965 2645] [3225 3130 3550 3415 3265 3310 3235 3275]
[2555 2605 2915 2895 2940 2820 2905 2910] [3290 3515 3330 3265 3350 3440 3405 3510]
[3170 2750 2965 2915 3065 2915 3180 3005] [3260 3340 3345 3405 3345 3315 3465 3470]
COM4 1 29
2
[2825 2765 2750 3100 2780 2690 2630 2000] [3120 2900 3175 2975 2875 3040 2960 3045]
[2975 3085 2685 2730 2815 2775 2735 2310] [3050 3085 3200 2960 3045 3015 2970 2780]
[2780 3040 2915 2910 2910 2925 2790 2445] [3175 3100 3065 3220 3040 3025 3000 2870]
[2490 3040 2845 2845 3025 3015 2735 2585] [3160 3090 3160 3080 2995 2895 3035 2880]
[2820 2910 2905 2745 3110 2850 2910 2800] [3155 3235 3115 2890 3065 2950 3220 2880]
[3130 3040 3000 2985 2855 2985 2965 2645] [3075 3205 3085 3275 3045 3065 3025 2940]
[2555 2605 2915 2895 2940 2820 2905 2910] [3190 3375 3275 3265 3060 3045 3115 3315]
[3170 2750 2965 2915 3065 2915 3180 3005] [3505 2985 3135 3315 3185 2910 3040 3040]
COM6 0 30
2
[2700 2945 2895 2765 2820 2695 2860 2615] [3120 2900 3175 2975 2875 3040 2960 3045]
[2850 2920 3045 3000 2865 2905 2910 2945] [3050 3085 3200 2960 3045 3015 2970 2780]
[2920 2800 3150 2860 2890 2950 2925 2970] [3175 3100 3065 3220 3040 3025 3000 2870]
[3290 2975 3035 2975 2980 3035 2815 2840] [3160 3090 3160 3080 2995 2895 3035 2880]
[3065 3075 2960 2935 3095 2910 3175 3135] [3155 3235 3115 2890 3065 2950 3220 2880]
[2985 3110 3135 2945 2805 2880 3020 2875] [3075 3205 3085 3275 3045 3065 3025 2940]
[2625 3030 3205 2930 3215 2945 2930 3105] [3190 3375 3275 3265 3060 3045 3115 3315]
[3225 3055 3190 3050 3085 3150 3040 3025] [3505 2985 3135 3315 3185 2910 3040 3040]
COM4 1 31
2
[2700 2945 2895 2765 2820 2695 2860 2615] [3205 3050 3010 3035 3130 2865 3110 3020]
[2850 2920 3045 3000 2865 2905 2910 2945] [2890 3050 3225 3015 3025 3020 2910 2900]
[2920 2800 3150 2860 2890 2950 2925 2970] [3060 3225 3010 3155 2995 3085 2955 2915]
[3290 2975 3035 2975 2980 3035 2815 2840] [2850 3080 3380 3080 3085 2930 3025 2895]
[3065 3075 2960 2935 3095 2910 3175 3135] [2995 3225 3225 2985 3120 3035 3150 3110]
[2985 3110 3135 2945 2805 2880 3020 2875] [3265 3310 3055 3150 3145 3090 2985 2940]
[2625 3030 3205 2930 3215 2945 2930 3105] [2885 3175 2940 3155 3460 3185 2920 2900]
[3225 3055 3190 3050 3085 3150 3040 3025] [3335 2975 3250 3305 3155 2900 3100 3065]
COM6 0 32
2
[3050 2840 2795 2960 2800 2705 2895 2820] [3205 3050 3010 3035 3130 2865 3110 3020]
[2905 3070 2825 2825 2755 2930 2715 2735] [2890 3050 3225 3015 3025 3020 2910 2900]
[2870 2980 3080 2645 2800 2965 2835 2835] [3060 3225 3010 3155 2995 3085 2955 2915]
[3005 2975 2945 3090 2965 2845 2880 2875] [2850 3080 3380 3080 3085 2930 3025 2895]
[2970 2915 3015 2975 2845 2810 3010 3060] [2995 3225 3225 2985 3120 3035 3150 3110]
[3010 2880 3025 2945 2815 2950 2850 2765] [3265 3310 3055 3150 3145 3090 2985 2940]
[2950 2940 3010 3110 3020 2965 2880 2840] [2885 3175 2940 3155 3460 3185 2920 2900]
[3115 2910 2910 3150 3055 2875 2855 2670] [3335 2975 3250 3305 3155 2900 3100 3065]
COM4 1 33
2
[3050 2840 2795 2960 2800 2705 2895 2820] [3065 3150 2960 3185 2945 3225 3265 3160]
[2905 3070 2825 2825 2755 2930 2715 2735] [3170 3125 3195 3020 2975 3155 3190 3110]
[2870 2980 3080 2645 2800 2965 2835 2835] [3125 2925 3000 3035 3235 3165 3055 3220]
[3005 2975 2945 3090 2965 2845 2880 2875] [3125 3235 3225 3235 3090 3045 3170 3145]
[2970 2915 3015 2975 2845 2810 3010 3060] [2725 3145 3180 3040 3210 2945 3145 3080]
[3010 2880 3025 2945 2815 2950 2850 2765] [2635 3025 3170 3205 3200 3245 3325 3245]
[2950 2940 3010 3110 3020 2965 2880 2840] [2455 3375 3085 3200 3025 3390 3060 3240]
[3115 2910 2910 3150 3055 2875 2855 2670] [2705 3410 3205 3335 3095 3235 3205 3370]
COM6 0 34
2
[3040 2710 3055 2715 2870 2685 2955 2750] [3065 3150 2960 3185 2945 3225 3265 3160]
[3015 3015 2955 2880 2930 2955 2865 3055] [3170 3125 3195 3020 2975 3155 3190 3110]
[2720 2875 2975 2845 3020 2945 2925 2935] [3125 2925 3000 3035 3235 3165 3055 3220]
[2880 2825 2835 3020 3025 3025 2735 2935] [3125 3235 3225 3235 3090 3045 3170 3145]
[3160 2975 2870 2975 2950 2995 3010 3050] [2725 3145 3180 3040 3210 2945 3145 3080]
[2965 3045 2930 2985 2700 2940 2900 2620] [2635 3025 3170 3205 3200 3245 3325 3245]
[2805 2975 2810 3045 2905 2835 3000 2805] [2455 3375 3085 3200 3025 3390 3060 3240]
[3125 3020 2895 2940 2915 2825 3045 3015] [2705 3410 3205 3335 3095 3235 3205 3370]
COM4 1 35
2
[3040 2710 3055 2715 2870 2685 2955 2750] [2590 2895 2995 2865 2870 2940 2940 2935]
[3015 3015 2955 2880 2930 2955 2865 3055] [2585 3165 2995 3075 2930 3020 2960 2780]
[2720 2875 2975 2845 3020 2945 2925 2935] [2415 2905 2795 2925 3085 3125 3030 2865]
[2880 2825 2835 3020 3025 3025 2735 2935] [2230 2640 2980 3100 2945 3000 2955 2865]
[3160 2975 2870 2975 2950 2995 3010 3050] [2075 2460 2910 3090 3065 3015 3150 3050]
[2965 3045 2930 2985 2700 2940 2900 2620] [1880 2290 2935 3080 2820 3090 2895 3060]
[2805 2975 2810 3045 2905 2835 3000 2805] [1885 2410 2940 3065 3255 3225 3195 3040]
[3125 3020 2895 2940 2915 2825 3045 3015] [2055 2580 3060 3145 3180 3125 2795 3395]
COM6 0 36
2
[2820 2750 2790 2795 2725 2675 2795 2730] [2590 2895 2995 2865 2870 2940 2940 2935]
[2935 3010 2815 2820 2870 2945 2985 2810] [2585 3165 2995 3075 2930 3020 2960 2780]
[2605 2835 3000 2895 2875 2610 2785 2835] [2415 2905 2795 2925 3085 3125 3030 2865]
[3005 3070 2930 2960 3020 3020 2720 2865] [2230 2640 2980 3100 2945 3000 2955 2865]
[3070 2765 3115 2995 3105 2600 2920 2925] [2075 2460 2910 3090 3065 3015 3150 3050]
[3000 2795 3040 2940 3000 2910 2940 2870] [1880 2290 2935 3080 2820 3090 2895 3060]
[2920 3070 3005 3065 3140 2970 2820 3145] [1885 2410 2940 3065 3255 3225 3195 3040]
[3095 3000 2955 2975 2935 3030 3175 2720] [2055 2580 3060 3145 3180 3125 2795 3395]
COM4 1 37
2
[2820 2750 2790 2795 2725 2675 2795 2730] [1675 2110 2685 3005 2995 3000 3045 3045]
[2935 3010 2815 2820 2870 2945 2985 2810] [1730 2175 2750 2975 3060 3085 3125 2780]
[2605 2835 3000 2895 2875 2610 2785 2835] [1775 2210 2600 2835 3055 3050 3055 2945]
[3005 3070 2930 2960 3020 3020 2720 2865] [1875 1930 2715 2995 2925 3050 3055 2940]
[3070 2765 3115 2995 3105 2600 2920 2925] [1675 1975 2560 2875 3065 2940 2940 3090]
[3000 2795 3040 2940 3000 2910 2940 2870] [1660 2090 2465 3095 2960 2970 3110 3010]
[2920 3070 3005 3065 3140 2970 2820 3145] [1590 2075 2530 2905 3165 3215 3275 3080]
[3095 3000 2955 2975 2935 3030 3175 2720] [1835 2110 2665 3110 2955 3095 3140 3290]
COM6 0 38
2
[2635 2800 2670 2865 2745 2775 2930 2725] [1675 2110 2685 3005 2995 3000 3045 3045]
[2965 2815 2865 2840 2850 2870 2775 2745] [1730 2175 2750 2975 3060 3085 3125 2780]
[2680 2910 2860 2790 2630 2840 2730 2775] [1775 2210 2600 2835 3055 3050 3055 2945]
[2825 2865 3040 2780 2780 2870 2810 2800] [1875 1930 2715 2995 2925 3050 3055 2940]
[2890 2985 3200 2925 2895 2715 2935 2750] [1675 1975 2560 2875 3065 2940 2940 3090]
[3005 2850 2940 2910 2855 2975 2915 2880] [1660 2090 2465 3095 2960 2970 3110 3010]
[2760 3030 2890 3080 2805 2985 2805 3060] [1590 2075 2530 2905 3165 3215 3275 3080]
[3070 2910 2945 2770 2705 2735 3195 2755] [1835 2110 2665 3110 2955 3095 3140 3290]
COM4 1 39
2
[2635 2800 2670 2865 2745 2775 2930 2725] [2140 1725 1805 2330 2685 2965 3000 3040]
[2965 2815 2865 2840 2850 2870 2775 2745] [2030 1720 1935 2290 2865 3070 3105 3140]
[2680 2910 2860 2790 2630 2840 2730 2775] [1845 1805 1985 2330 2875 2895 3140 3095]
[2825 2865 3040 2780 2780 2870 2810 2800] [1740 1805 2170 2570 2935 3075 3055 2905]
[2890 2985 3200 2925 2895 2715 2935 2750] [1700 1675 2135 2370 2895 2980 3095 3055]
[3005 2850 2940 2910 2855 2975 2915 2880] [1540 1630 2065 2735 2805 2905 3225 3075]
[2760 3030 2890 3080 2805 2985 2805 3060] [1575 1740 2165 2510 3130 3120 3160 3205]
[3070 2910 2945 2770 2705 2735 3195 2755] [1665 1850 2345 2710 3070 3300 3265 3325]
COM6 0 40
2
[3010 2840 2905 2710 2865 2900 2910 2830] [2140 1725 1805 2330 2685 2965 3000 3040]
[3160 3065 2795 2960 2925 2955 2975 2975] [2030 1720 1935 2290 2865 3070 3105 3140]
[3105 3040 2995 2795 2940 2935 2895 2890] [1845 1805 1985 2330 2875 2895 3140 3095]
[3295 3100 2925 3065 3000 2900 2945 2765] [1740 1805 2170 2570 2935 3075 3055 2905]
[2815 2990 3105 2990 2915 2905 3090 3030] [1700 1675 2135 2370 2895 2980 3095 3055]
[3005 3040 2905 3035 3045 2945 3050 2915] [1540 1630 2065 2735 2805 2905 3225 3075]
[2800 2725 2695 3110 2935 2920 3065 2890] [1575 1740 2165 2510 3130 3120 3160 3205]
[2965 3175 2870 3125 2660 3095 3035 2900] [1665 1850 2345 2710 3070 3300 3265 3325]
COM4 1 41
2
[3010 2840 2905 2710 2865 2900 2910 2830] [2625 2235 1935 1715 2025 2425 2780 3135]
[3160 3065 2795 2960 2925 2955 2975 2975] [2590 1985 1875 1705 2030 2695 2995 2940]
[3105 3040 2995 2795 2940 2935 2895 2890] [2470 2030 1760 1800 2425 2750 3035 2865]
[3295 3100 2925 3065 3000 2900 2945 2765] [2235 1835 1780 1820 2255 2835 3070 3045]
[2815 2990 3105 2990 2915 2905 3090 3030] [1960 1935 1725 1720 2260 2835 3045 3020]
[3005 3040 2905 3035 3045 2945 3050 2915] [1705 1615 1675 2015 2355 2890 3140 3015]
[2800 2725 2695 3110 2935 2920 3065 2890] [1570 1665 1800 2020 2325 3040 3165 3205]
[2965 3175 2870 3125 2660 3095 3035 2900] [1560 1600 1775 2315 2565 2765 3035 3095]
COM6 0 42
2
[3045 2675 2595 2925 2815 2810 2760 2650] [2625 2235 1935 1715 2025 2425 2780 3135]
[2915 2960 2925 2785 2780 2820 2820 2750] [2590 1985 1875 1705 2030 2695 2995 2940]
[2840 2850 2805 2840 2970 2870 2800 3055] [2470 2030 1760 1800 2425 2750 3035 2865]
[2870 2875 3025 2905 2875 2835 2910 2905] [2235 1835 1780 1820 2255 2835 3070 3045]
[3250 3050 3190 2880 2995 2715 2955 2875] [1960 1935 1725 1720 2260 2835 3045 3020]
[2850 2680 2900 3110 2830 2970 2985 2625] [1705 1615 1675 2015 2355 2890 3140 3015]
[3015 2865 2965 2925 3075 2970 2735 2945] [1570 1665 1800 2020 2325 3040 3165 3205]
[2790 2725 2955 3045 2950 2745 3205 2725] [1560 1600 1775 2315 2565 2765 3035 3095]
COM4 1 43
2
[3045 2675 2595 2925 2815 2810 2760 2650] [2570 2675 2540 2005 2045 1925 2335 2780]
[2915 2960 2925 2785 2780 2820 2820 2750] [2365 2625 2365 1985 1740 1935 2510 2605]
[2840 2850 2805 2840 2970 2870 2800 3055] [1865 2380 2410 1845 1690 1900 2540 2740]
[2870 2875 3025 2905 2875 2835 2910 2905] [1640 2200 2225 1895 1675 2030 2465 2905]
[3250 3050 3190 2880 2995 2715 2955 2875] [1365 1550 2115 1715 1680 1800 2390 2905]
[2850 2680 2900 3110 2830 2970 2985 2625] [1340 1430 1830 1850 1635 1975 2350 2740]
[3015 2865 2965 2925 3075 2970 2735 2945] [1310 1610 1805 1800 1715 1765 2445 3125]
[2790 2725 2955 3045 2950 2745 3205 2725] [1410 1450 1565 1715 1630 2150 2790 2860]
COM6 0 44
2
[2910 2745 2800 2810 2980 2625 3120 2935] [2570 2675 2540 2005 2045 1925 2335 2780]
[2970 2895 2940 2865 2805 3035 2925 2905] [2365 2625 2365 1985 1740 1935 2510 2605]
[2765 2705 2895 2920 3005 2890 2860 2860] [1865 2380 2410 1845 1690 1900 2540 2740]
[2965 2950 3120 3010 3000 2920 2890 2900] [1640 2200 2225 1895 1675 2030 2465 2905]
[3105 2975 2975 3075 3030 2890 2940 3105] [1365 1550 2115 1715 1680 1800 2390 2905]
[2870 3040 2965 2960 2900 2835 2950 2845] [1340 1430 1830 1850 1635 1975 2350 2740]
[3020 3040 3085 2875 3045 2960 2980 2910] [1310 1610 1805 1800 1715 1765 2445 3125]
[3255 2890 2925 2795 2810 2845 3210 2820] [1410 1450 1565 1715 1630 2150 2790 2860]
COM4 1 45
2
[2910 2745 2800 2810 2980 2625 3120 2935] [1510 2065 2450 2510 2300 1775 1700 2305]
[2970 2895 2940 2865 2805 3035 2925 2905] [1300 1530 1930 2320 2120 1955 1985 2070]
[2765 2705 2895 2920 3005 2890 2860 2860] [1450 1355 1505 1925 2220 1885 1715 1945]
[2965 2950 3120 3010 3000 2920 2890 2900] [1570 1315 1485 1830 2030 1835 1765 2045]
[3105 2975 2975 3075 3030 2890 2940 3105] [1685 1390 1450 1570 1835 1745 1725 1830]
[2870 3040 2965 2960 2900 2835 2950 2845] [1685 1440 1490 1560 1665 1780 1680 1880]
[3020 3040 3085 2875 3045 2960 2980 2910] [1830 1475 1425 1460 1540 1720 1705 2005]
[3255 2890 2925 2795 2810 2845 3210 2820] [1745 1420 1350 1405 1595 1685 1745 2220]
COM6 0 46
2
[3005 2610 2725 2870 2840 2770 2945 2895] [1510 2065 2450 2510 2300 1775 1700 2305]
[3145 3105 2915 2990 2975 2955 2915 3100] [1300 1530 1930 2320 2120 1955 1985 2070]
[2920 3220 3190 2955 2890 2955 2925 3060] [1450 1355 1505 1925 2220 1885 1715 1945]
[2870 2975 3260 2830 3080 3010 2880 2985] [1570 1315 1485 1830 2030 1835 1765 2045]
[3185 2975 3190 3145 3125 3070 3130 3165] [1685 1390 1450 1570 1835 1745 1725 1830]
[3190 2985 3200 3065 2850 2975 3055 2870] [1685 1440 1490 1560 1665 1780 1680 1880]
[3230 3055 3310 3090 3250 3090 2845 2670] [1830 1475 1425 1460 1540 1720 1705 2005]
[2970 3040 2970 3075 3085 2825 3250 3070] [1745 1420 1350 1405 1595 1685 1745 2220]
COM4 1 47
2
[3005 2610 2725 2870 2840 2770 2945 2895] [1570 1375 1385 1435 1490 1560 1505 1940]
[3145 3105 2915 2990 2975 2955 2915 3100] [2085 1635 1540 1300 1290 1505 1410 1740]
[2920 3220 3190 2955 2890 2955 2925 3060] [2585 2155 1805 1460 1395 1290 1425 1625]
[2870 2975 3260 2830 3080 3010 2880 2985] [2960 2430 1985 1565 1340 1415 1590 1620]
[3185 2975 3190 3145 3125 3070 3130 3165] [2950 2505 2025 1385 1295 1370 1650 1780]
[3190 2985 3200 3065 2850 2975 3055 2870] [2670 2420 1675 1625 1305 1445 1700 1700]
[3230 3055 3310 3090 3250 3090 2845 2670] [2855 2350 1750 1470 1400 1435 1635 1685]
[2970 3040 2970 3075 3085 2825 3250 3070] [2730 2015 1630 1525 1375 1375 1580 1885]
COM6 0 48
2
[2745 2725 2940 2760 2885 2875 3125 2825] [1570 1375 1385 1435 1490 1560 1505 1940]
[2890 3070 2705 2915 2930 2890 2810 2815] [2085 1635 1540 1300 1290 1505 1410 1740]
[2865 3140 2900 3005 2820 2875 2925 2975] [2585 2155 1805 1460 1395 1290 1425 1625]
[2780 2960 2970 2985 2835 2825 3000 2955] [2960 2430 1985 1565 1340 1415 1590 1620]
[3190 2955 2940 2830 2970 2905 2975 3230] [2950 2505 2025 1385 1295 1370 1650 1780]
[2870 3020 3235 2830 3145 2975 2895 2675] [2670 2420 1675 1625 1305 1445 1700 1700]
[3020 3025 3265 2930 2830 2985 2845 3075] [2855 2350 1750 1470 1400 1435 1635 1685]
[2890 3065 2905 3120 2960 2970 3040 2845] [2730 2015 1630 1525 1375 1375 1580 1885]
COM4 1 49
2
[2745 2725 2940 2760 2885 2875 3125 2825] [2485 2165 2110 1850 1785 1435 1410 1540]
[2890 3070 2705 2915 2930 2890 2810 2815] [2905 2835 2475 2245 1815 1570 1395 1470]
[2865 3140 2900 3005 2820 2875 2925 2975] [3180 3260 2715 2440 2070 1525 1425 1390]
[2780 2960 2970 2985 2835 2825 3000 2955] [3195 3375 2920 2445 1800 1495 1430 1445]
[3190 2955 2940 2830 2970 2905 2975 3230] [2965 2925 2640 2010 1605 1365 1480 1510]
[2870 3020 3235 2830 3145 2975 2895 2675] [3040 2670 2410 1970 1490 1440 1450 1540]
[3020 3025 3265 2930 2830 2985 2845 3075] [2845 2655 2105 1710 1430 1435 1605 1685]
[2890 3065 2905 3120 2960 2970 3040 2845] [2840 2080 1760 1600 1455 1415 1640 2015]
COM6 0 50
2
[3165 2965 2750 2930 2935 2690 2835 2790] [2485 2165 2110 1850 1785 1435 1410 1540]
[2680 3005 2785 2915 2915 2905 2825 2835] [2905 2835 2475 2245 1815 1570 1395 1470]
[2840 2810 3005 2860 2720 2915 2725 2795] [3180 3260 2715 2440 2070 1525 1425 1390]
[3050 3085 2955 2800 2940 2835 3085 2820] [3195 3375 2920 2445 1800 1495 1430 1445]
[3060 2965 3035 2890 3030 2810 2900 3005] [2965 2925 2640 2010 1605 1365 1480 1510]
[2920 2940 2690 3045 2835 2955 3055 2870] [3040 2670 2410 1970 1490 1440 1450 1540]
[2970 2860 2925 2930 2940 2925 2640 2810] [2845 2655 2105 1710 1430 1435 1605 1685]
[3075 3045 2945 2980 2865 2910 2680 2765] [2840 2080 1760 1600 1455 1415 1640 2015]
COM4 1 51
2
[3165 2965 2750 2930 2935 2690 2835 2790] [2795 2675 2695 2565 2115 1695 1335 1440]
[2680 3005 2785 2915 2915 2905 2825 2835] [3280 2935 3075 2510 2050 1640 1350 1385]
[2840 2810 3005 2860 2720 2915 2725 2795] [2810 3060 2875 2270 1740 1385 1340 1305]
[3050 3085 2955 2800 2940 2835 3085 2820] [2995 2650 2440 1785 1495 1320 1285 1395]
[3060 2965 3035 2890 3030 2810 2900 3005] [3040 2690 1835 1360 1250 1255 1425 1545]
[2920 2940 2690 3045 2835 2955 3055 2870] [2495 1815 1530 1450 1265 1355 1450 1695]
[2970 2860 2925 2930 2940 2925 2640 2810] [2145 1855 1505 1220 1290 1350 1555 1865]
[3075 3045 2945 2980 2865 2910 2680 2765] [2115 1715 1410 1355 1410 1445 1845 2490]
COM6 0 52
2
[3005 2905 2735 2865 2985 2875 2895 2980] [2795 2675 2695 2565 2115 1695 1335 1440]
[3050 2805 2835 2790 2795 2930 2930 2855] [3280 2935 3075 2510 2050 1640 1350 1385]
[2920 2960 2960 2825 2935 2915 2925 2905] [2810 3060 2875 2270 1740 1385 1340 1305]
[3015 2960 2930 3020 2980 3035 2735 2875] [2995 2650 2440 1785 1495 1320 1285 1395]
[2965 3020 3155 2955 2995 3060 2990 3060] [3040 2690 1835 1360 1250 1255 1425 1545]
[2845 2880 3045 3075 2915 3055 3150 3090] [2495 1815 1530 1450 1265 1355 1450 1695]
[3180 2875 2815 3050 3045 2965 2840 2875] [2145 1855 1505 1220 1290 1350 1555 1865]
[3105 3060 2915 2895 2960 2915 3255 3315] [2115 1715 1410 1355 1410 1445 1845 2490]
COM4 1 53
2
[3005 2905 2735 2865 2985 2875 2895 2980] [2865 2790 2760 2505 2315 1660 1365 1465]
[3050 2805 2835 2790 2795 2930 2930 2855] [2585 2875 2445 2155 1720 1445 1215 1310]
[2920 2960 2960 2825 2935 2915 2925 2905] [2670 2320 2045 1605 1475 1355 1335 1320]
[3015 2960 2930 3020 2980 3035 2735 2875] [2445 2150 1595 1405 1310 1315 1430 1485]
[2965 3020 3155 2955 2995 3060 2990 3060] [2385 1920 1395 1220 1275 1220 1605 1805]
[2845 2880 3045 3075 2915 3055 3150 3090] [2020 1490 1405 1460 1335 1490 1740 2075]
[3180 2875 2815 3050 3045 2965 2840 2875] [1980 1475 1375 1440 1545 1700 2050 2580]
[3105 3060 2915 2895 2960 2915 3255 3315] [2395 1655 1635 1615 1585 1780 2260 2590]
COM6 0 54
2
[2855 2665 2975 2895 2945 2695 2830 2920] [2865 2790 2760 2505 2315 1660 1365 1465]
[3080 2840 2945 2920 2900 2885 2910 2810] [2585 2875 2445 2155 1720 1445 1215 1310]
[2805 2970 2970 2825 2875 2915 2845 2915] [2670 2320 2045 1605 1475 1355 1335 1320]
[3045 2900 2870 2925 2950 3005 2795 2945] [2445 2150 1595 1405 1310 1315 1430 1485]
[3025 3175 3165 2755 2960 2685 3055 2980] [2385 1920 1395 1220 1275 1220 1605 1805]
[3010 2880 3045 2970 2790 2835 3170 2940] [2020 1490 1405 1460 1335 1490 1740 2075]
[2970 3210 2705 3065 3160 3065 2775 3085] [1980 1475 1375 1440 1545 1700 2050 2580]
[3185 2695 3105 2975 2880 3075 2780 2745] [2395 1655 1635 1615 1585 1780 2260 2590]
COM4 1 55
2
[2855 2665 2975 2895 2945 2695 2830 2920] [3055 2835 2580 2305 2055 1635 1510 1580]
[3080 2840 2945 2920 2900 2885 2910 2810] [3035 2650 2155 1820 1425 1510 1485 1490]
[2805 2970 2970 2825 2875 2915 2845 2915] [2580 2250 1815 1565 1560 1525 1505 1475]
[3045 2900 2870 2925 2950 3005 2795 2945] [2720 2265 1670 1615 1490 1570 1685 1690]
[3025 3175 3165 2755 2960 2685 3055 2980] [2610 2275 1700 1435 1560 1625 1995 1970]
[3010 2880 3045 2970 2790 2835 3170 2940] [2575 2305 1855 1745 1605 1885 2275 2545]
[2970 3210 2705 3065 3160 3065 2775 3085] [2760 2200 1945 1655 1645 1695 2370 2740]
[3185 2695 3105 2975 2880 3075 2780 2745] [2845 2755 2025 1835 1740 1675 2225 2555]
COM6 0 56
2
[2855 2920 2995 2825 2940 2910 2955 2800] [3055 2835 2580 2305 2055 1635 1510 1580]
[3085 2835 2820 2900 2860 3015 2885 2935] [3035 2650 2155 1820 1425 1510 1485 1490]
[2840 3075 2865 3010 2890 2900 2925 2730] [2580 2250 1815 1565 1560 1525 1505 1475]
[2925 3035 2975 2985 2775 2920 3000 2840] [2720 2265 1670 1615 1490 1570 1685 1690]
[3095 3060 2910 2995 3175 2905 3180 3005] [2610 2275 1700 1435 1560 1625 1995 1970]
[3010 3045 3155 2910 2915 3125 3005 2685] [2575 2305 1855 1745 1605 1885 2275 2545]
[3240 3030 2825 3060 2935 2915 2665 3145] [2760 2200 1945 1655 1645 1695 2370 2740]
[2880 2855 3265 2970 2960 2975 3015 3105] [2845 2755 2025 1835 1740 1675 2225 2555]
COM4 1 57
2
[2855 2920 2995 2825 2940 2910 2955 2800] [2555 2540 1885 1500 1275 1220 1250 1390]
[3085 2835 2820 2900 2860 3015 2885 2935] [2880 2220 1640 1380 1255 1375 1290 1430]
[2840 3075 2865 3010 2890 2900 2925 2730] [2615 2265 1610 1320 1345 1325 1460 1520]
[2925 3035 2975 2985 2775 2920 3000 2840] [2680 2095 1665 1485 1275 1320 1600 1915]
[3095 3060 2910 2995 3175 2905 3180 3005] [2785 2785 1855 1355 1315 1445 1650 2110]
[3010 3045 3155 2910 2915 3125 3005 2685] [2650 2610 2170 1805 1340 1525 1705 1885]
[3240 3030 2825 3060 2935 2915 2665 3145] [2795 2895 2410 1765 1675 1380 1480 1610]
[2880 2855 3265 2970 2960 2975 3015 3105] [2670 2840 2450 2245 1580 1445 1345 1555]
COM6 0 58
2
[2740 2825 2920 2810 2845 2810 2790 2940] [2555 2540 1885 1500 1275 1220 1250 1390]
[3005 3005 2760 2995 2880 2945 2905 2685] [2880 2220 1640 1380 1255 1375 1290 1430]
[2885 2950 2850 2725 3000 2865 2860 2825] [2615 2265 1610 1320 1345 1325 1460 1520]
[2785 3075 2850 2875 2845 2865 3060 2790] [2680 2095 1665 1485 1275 1320 1600 1915]
[2835 2855 2995 2750 3025 2975 2915 3055] [2785 2785 1855 1355 1315 1445 1650 2110]
[3070 2905 2895 2975 2925 2955 3015 2815] [2650 2610 2170 1805 1340 1525 1705 1885]
[2710 2990 3005 2985 2630 2970 2735 2710] [2795 2895 2410 1765 1675 1380 1480 1610]
[3130 3220 2795 2970 2880 2915 3110 2780] [2670 2840 2450 2245 1580 1445 1345 1555]
COM4 1 59
2
[2740 2825 2920 2810 2845 2810 2790 2940] [2755 2540 2140 1735 1540 1265 1260 1505]
[3005 3005 2760 2995 2880 2945 2905 2685] [2890 2595 2220 1810 1505 1425 1345 1435]
[2885 2950 2850 2725 3000 2865 2860 2825] [2700 2770 2325 1860 1530 1360 1395 1515]
[2785 3075 2850 2875 2845 2865 3060 2790] [2745 2960 2420 2010 1530 1435 1475 1625]
[2835 2855 2995 2750 3025 2975 2915 3055] [2835 2935 2630 2030 1780 1645 1550 1615]
[3070 2905 2895 2975 2925 2955 3015 2815] [2640 2855 2755 2595 2100 1610 1610 1645]
[2710 2990 3005 2985 2630 2970 2735 2710] [2925 3030 2775 2595 2550 1995 1585 1720]
[3130 3220 2795 2970 2880 2915 3110 2780] [2720 2830 2920 3125 2565 2330 2055 1640]
COM6 0 60
2
[2875 2950 2765 2825 2965 2825 2835 2830] [2755 2540 2140 1735 1540 1265 1260 1505]
[2905 2885 2875 2825 2790 2910 2835 2810] [2890 2595 2220 1810 1505 1425 1345 1435]
[2905 2895 2810 2795 2890 2950 2985 2755] [2700 2770 2325 1860 1530 1360 1395 1515]
[3050 2975 3130 2970 2945 2955 2970 2895] [2745 2960 2420 2010 1530 1435 1475 1625]
[3040 2820 2945 2750 2965 2905 3100 2940] [2835 2935 2630 2030 1780 1645 1550 1615]
[2730 2985 2775 3100 2790 2810 3180 2815] [2640 2855 2755 2595 2100 1610 1610 1645]
[3020 2860 3015 2865 2915 2745 2880 2545] [2925 3030 2775 2595 2550 1995 1585 1720]
[3115 3260 2960 2935 2835 2970 3005 3265] [2720 2830 2920 3125 2565 2330 2055 1640]
COM4 1 61
2
[2875 2950 2765 2825 2965 2825 2835 2830] [2790 2575 2555 2345 1910 1490 1280 1400]
[2905 2885 2875 2825 2790 2910 2835 2810] [2735 2745 2665 2390 1845 1520 1360 1325]
[2905 2895 2810 2795 2890 2950 2985 2755] [2775 2755 2880 2340 1945 1590 1455 1300]
[3050 2975 3130 2970 2945 2955 2970 2895] [2725 2870 2835 2700 2425 1805 1505 1385]
[3040 2820 2945 2750 2965 2905 3100 2940] [2700 2535 3100 2700 2500 2170 1805 1550]
[2730 2985 2775 3100 2790 2810 3180 2815] [2825 2770 2840 2800 2755 2435 1835 1805]
[3020 2860 3015 2865 2915 2745 2880 2545] [2920 3080 2870 3035 2745 2675 2215 2165]
[3115 3260 2960 2935 2835 2970 3005 3265] [3030 3020 2820 2915 2835 2690 2640 2415]
COM6 0 62
2
[2930 2800 3100 2990 2845 2810 2880 3095] [2790 2575 2555 2345 1910 1490 1280 1400]
[2950 2765 2945 3075 2830 2960 2865 2755] [2735 2745 2665 2390 1845 1520 1360 1325]
[3140 2930 3015 2865 2770 3005 2905 2970] [2775 2755 2880 2340 1945 1590 1455 1300]
[2960 2975 2930 2885 3000 2955 2970 2865] [2725 2870 2835 2700 2425 1805 1505 1385]
[3245 3010 2925 3115 2975 2895 2950 2990] [2700 2535 3100 2700 2500 2170 1805 1550]
[2945 3115 3005 3040 2675 3150 3010 2805] [2825 2770 2840 2800 2755 2435 1835 1805]
[3145 3020 3015 2915 2800 2985 2830 3105] [2920 3080 2870 3035 2745 2675 2215 2165]
[3195 2905 2880 2695 2960 3285 3005 2845] [3030 3020 2820 2915 2835 2690 2640 2415]
COM4 1 63
2
[2930 2800 3100 2990 2845 2810 2880 3095] [2790 2975 2725 2700 2725 2430 1975 1670]
[2950 2765 2945 3075 2830 2960 2865 2755] [2900 2695 2825 2930 2815 2480 1955 1480]
[3140 2930 3015 2865 2770 3005 2905 2970] [2795 3095 2700 2905 2915 2265 1980 1535]
[2960 2975 2930 2885 3000 2955 2970 2865] [2765 2925 3010 2930 2800 2655 2155 1675]
[3245 3010 2925 3115 2975 2895 2950 2990] [3070 3155 3000 2890 2740 2765 2505 1930]
[2945 3115 3005 3040 2675 3150 3010 2805] [2935 2855 2840 3170 3075 3010 2970 2420]
[3145 3020 3015 2915 2800 2985 2830 3105] [2815 3140 3020 3030 2945 3040 2995 2785]
[3195 2905 2880 2695 2960 3285 3005 2845] [3250 3020 3055 3180 3110 2945 3105 3085]
COM6 0 64
2
[2975 2720 2625 2715 2920 2810 2855 2925] [2790 2975 2725 2700 2725 2430 1975 1670]
[3085 2780 2895 2985 2800 2900 2710 2845] [2900 2695 2825 2930 2815 2480 1955 1480]
[2685 2950 2900 2715 2870 2815 2840 2875] [2795 3095 2700 2905 2915 2265 1980 1535]
[2760 2855 2820 2925 2970 2910 2805 2925] [2765 2925 3010 2930 2800 2655 2155 1675]
[3120 3070 2780 2955 2960 3005 2900 3110] [3070 3155 3000 2890 2740 2765 2505 1930]
[2850 2995 2875 2860 2785 2970 3050 2845] [2935 2855 2840 3170 3075 3010 2970 2420]
[2905 2985 2860 3145 3070 3085 2800 3020] [2815 3140 3020 3030 2945 3040 2995 2785]
[2900 2900 2940 3125 2670 2965 2955 3080] [3250 3020 3055 3180 3110 2945 3105 3085]
COM4 1 65
2
[2975 2720 2625 2715 2920 2810 2855 2925] [3425 3290 3515 3320 3455 3275 3205 2735]
[3085 2780 2895 2985 2800 2900 2710 2845] [3435 3410 3375 3230 3305 3405 3220 2710]
[2685 2950 2900 2715 2870 2815 2840 2875] [3500 3260 3390 3285 3365 3165 3010 2700]
[2760 2855 2820 2925 2970 2910 2805 2925] [3210 3320 3305 3455 3375 3240 3075 2845]
[3120 3070 2780 2955 2960 3005 2900 3110] [3510 3520 3550 3315 3395 3290 3370 3230]
[2850 2995 2875 2860 2785 2970 3050 2845] [3480 3275 3200 3485 3430 3495 3390 3315]
[2905 2985 2860 3145 3070 3085 2800 3020] [3460 3385 3315 3370 3230 3220 3460 3300]
[2900 2900 2940 3125 2670 2965 2955 3080] [3560 3550 3435 3535 3420 3495 3310 3615]