COM4 1 6
1
[2915 2870 2545 3050 3050 2905 2825 3075] [2730 3285 3175 2880 3070 3300 2995 3245]
[3045 2975 2810 2770 2825 3020 2865 3060] [2965 3090 3155 2940 2980 3085 3135 2945]
[2815 2900 2990 2910 2855 2990 2915 3110] [3060 3165 2985 2920 3095 2965 3000 2925]
[3085 3035 3010 2955 3055 2950 2955 3120] [3105 3030 3060 3210 3020 3040 3080 2915]
[2980 3190 3025 2870 3045 2930 2985 3010] [2970 2940 3175 3070 3115 3045 3080 3065]
[2970 2875 3085 3130 3095 3145 3115 2880] [3270 3050 3090 3075 2970 3145 3085 3065]
[3075 2795 3075 2960 3000 3115 2675 3015] [3170 3310 3325 3110 3020 3220 3115 3260]
[3140 2800 2970 3125 3175 3030 3300 2985] [3245 3035 3050 3320 3200 2945 3220 3160]
COM8 0 7
1
[2780 2300 2510 2945 2395 2535 2555 2830] [2730 3285 3175 2880 3070 3300 2995 3245]
[3120 2945 2680 2470 2605 2605 2655 2595] [2965 3090 3155 2940 2980 3085 3135 2945]
[2545 2570 2765 2620 2650 2605 2735 2775] [3060 3165 2985 2920 3095 2965 3000 2925]
[2700 2825 2725 2680 2780 2840 2740 2770] [3105 3030 3060 3210 3020 3040 3080 2915]
[2755 2770 2610 2655 2765 2740 2765 2750] [2970 2940 3175 3070 3115 3045 3080 3065]
[2795 2875 2690 2795 2585 2865 2795 2625] [3270 3050 3090 3075 2970 3145 3085 3065]
[2545 2935 2560 2690 2755 2785 2590 2685] [3170 3310 3325 3110 3020 3220 3115 3260]
[3030 2785 2860 2690 2845 2660 2680 2800] [3245 3035 3050 3320 3200 2945 3220 3160]
COM4 1 8
1
[2780 2300 2510 2945 2395 2535 2555 2830] [2915 3075 2600 2810 3110 2675 2765 2720]
[3120 2945 2680 2470 2605 2605 2655 2595] [2840 2830 2925 2915 2775 3040 3010 2870]
[2545 2570 2765 2620 2650 2605 2735 2775] [3065 3085 2905 2975 3010 2920 2860 2990]
[2700 2825 2725 2680 2780 2840 2740 2770] [2785 2905 3010 2855 2770 2900 3015 2965]
[2755 2770 2610 2655 2765 2740 2765 2750] [3155 3020 2845 2805 2860 3065 2920 3040]
[2795 2875 2690 2795 2585 2865 2795 2625] [2785 2795 2945 3125 2990 2845 3035 3100]
[2545 2935 2560 2690 2755 2785 2590 2685] [3055 3115 3025 3185 2955 2915 3015 3010]
[3030 2785 2860 2690 2845 2660 2680 2800] [3310 2795 2985 3220 2910 2835 2865 3280]
COM8 0 9
1
[2710 2770 2895 3145 2875 2825 2940 2920] [2915 3075 2600 2810 3110 2675 2765 2720]
[2985 3235 2740 2825 2935 2960 2805 2910] [2840 2830 2925 2915 2775 3040 3010 2870]
[2780 2935 3065 2790 2970 2865 2940 2940] [3065 3085 2905 2975 3010 2920 2860 2990]
[3000 2995 3020 3045 3055 2985 2975 3125] [2785 2905 3010 2855 2770 2900 3015 2965]
[3020 3115 2910 2895 2980 2970 3150 3120] [3155 3020 2845 2805 2860 3065 2920 3040]
[3015 3070 3095 3150 3010 3090 3085 3035] [2785 2795 2945 3125 2990 2845 3035 3100]
[3200 3005 3075 2915 2955 3200 2870 3015] [3055 3115 3025 3185 2955 2915 3015 3010]
[2995 3120 2965 2965 2960 2945 3295 2765] [3310 2795 2985 3220 2910 2835 2865 3280]
COM4 1 10
1
[2710 2770 2895 3145 2875 2825 2940 2920] [2940 3000 3055 2965 2715 2740 2910 2770]
[2985 3235 2740 2825 2935 2960 2805 2910] [3195 3060 2900 2910 2890 3130 2950 2965]
[2780 2935 3065 2790 2970 2865 2940 2940] [3010 2950 2920 3040 3075 2995 2960 3015]
[3000 2995 3020 3045 3055 2985 2975 3125] [3230 3310 3210 2975 2945 2970 2950 2955]
[3020 3115 2910 2895 2980 2970 3150 3120] [2780 3040 3150 2920 3090 2895 3045 3090]
[3015 3070 3095 3150 3010 3090 3085 3035] [2935 3060 2845 3015 2940 3025 2970 2955]
[3200 3005 3075 2915 2955 3200 2870 3015] [2930 3390 3315 3210 3020 3105 3280 2995]
[2995 3120 2965 2965 2960 2945 3295 2765] [3330 3010 3370 3180 3045 3235 3040 3340]
COM8 0 11
1
[2890 2445 2700 2710 2580 2725 2750 2810] [2940 3000 3055 2965 2715 2740 2910 2770]
[2915 2875 2865 2790 2805 2795 2760 2945] [3195 3060 2900 2910 2890 3130 2950 2965]
[2650 2765 3060 2745 2760 2850 2825 2785] [3010 2950 2920 3040 3075 2995 2960 3015]
[2865 2945 2935 2785 2940 2865 2850 2740] [3230 3310 3210 2975 2945 2970 2950 2955]
[3025 2645 2825 2830 2905 2900 2870 2870] [2780 3040 3150 2920 3090 2895 3045 3090]
[2915 2845 3185 2985 2635 2890 3085 2720] [2935 3060 2845 3015 2940 3025 2970 2955]
[2980 2800 2675 2945 2760 2995 2730 2880] [2930 3390 3315 3210 3020 3105 3280 2995]
[3000 3095 2710 2820 2830 3025 2845 2665] [3330 3010 3370 3180 3045 3235 3040 3340]
COM4 1 12
1
[2890 2445 2700 2710 2580 2725 2750 2810] [3045 2620 2740 2645 2500 2670 2775 2800]
[2915 2875 2865 2790 2805 2795 2760 2945] [2825 2890 2725 2610 2715 2945 2675 2795]
[2650 2765 3060 2745 2760 2850 2825 2785] [2610 2835 2530 2675 2675 2860 2805 2755]
[2865 2945 2935 2785 2940 2865 2850 2740] [2790 2705 2720 2735 2780 2780 2875 2775]
[3025 2645 2825 2830 2905 2900 2870 2870] [2865 2935 2955 2675 2840 2705 3050 2935]
[2915 2845 3185 2985 2635 2890 3085 2720] [2605 2680 2635 2870 2845 2715 2855 2975]
[2980 2800 2675 2945 2760 2995 2730 2880] [2710 3085 2940 2745 2760 2785 3190 3115]
[3000 3095 2710 2820 2830 3025 2845 2665] [2715 2770 2915 3155 2785 3035 2935 3185]
COM8 0 13
1
[2755 2455 2945 2605 2640 2885 2810 2735] [3045 2620 2740 2645 2500 2670 2775 2800]
[3000 3065 3005 3050 2795 2970 3050 2770] [2825 2890 2725 2610 2715 2945 2675 2795]
[2735 2935 2985 2805 2795 2895 2925 2975] [2610 2835 2530 2675 2675 2860 2805 2755]
[2815 2910 2960 2945 2910 2995 2960 2895] [2790 2705 2720 2735 2780 2780 2875 2775]
[3020 2845 3080 2945 3095 2885 3040 3085] [2865 2935 2955 2675 2840 2705 3050 2935]
[2800 3320 2840 2945 2820 3035 3095 2825] [2605 2680 2635 2870 2845 2715 2855 2975]
[3035 3155 3035 3310 2995 2875 2825 2970] [2710 3085 2940 2745 2760 2785 3190 3115]
[3020 3100 3105 3115 2800 2905 3090 3065] [2715 2770 2915 3155 2785 3035 2935 3185]
COM4 1 14
1
[2755 2455 2945 2605 2640 2885 2810 2735] [2605 2490 2565 2530 2690 2805 2570 2805]
[3000 3065 3005 3050 2795 2970 3050 2770] [2625 2540 2790 2520 2640 2775 2770 2785]
[2735 2935 2985 2805 2795 2895 2925 2975] [2575 2645 2595 2550 2815 2590 2800 2730]
[2815 2910 2960 2945 2910 2995 2960 2895] [2470 2775 2635 2675 2635 2610 2775 2705]
[3020 2845 3080 2945 3095 2885 3040 3085] [2645 2725 2710 2470 2680 2845 2795 2830]
[2800 3320 2840 2945 2820 3035 3095 2825] [2485 2780 2585 2845 2570 2970 2855 2795]
[3035 3155 3035 3310 2995 2875 2825 2970] [2845 2740 2810 2575 2900 2960 2870 3095]
[3020 3100 3105 3115 2800 2905 3090 3065] [2720 2790 2955 2775 2850 2650 2735 2925]
COM8 0 15
1
[2875 2585 3010 3045 2905 3015 3150 2775] [2605 2490 2565 2530 2690 2805 2570 2805]
[3135 3060 3020 2975 2980 2985 2760 2945] [2625 2540 2790 2520 2640 2775 2770 2785]
[2865 2855 2960 3000 2965 2970 2920 2915] [2575 2645 2595 2550 2815 2590 2800 2730]
[3105 3030 3090 3000 2935 3040 2950 2955] [2470 2775 2635 2675 2635 2610 2775 2705]
[2905 2965 3065 2885 3100 2895 3125 3085] [2645 2725 2710 2470 2680 2845 2795 2830]
[3035 3100 3390 3120 2905 3035 3170 3035] [2485 2780 2585 2845 2570 2970 2855 2795]
[3075 3275 3035 2935 3055 3145 2925 3010] [2845 2740 2810 2575 2900 2960 2870 3095]
[2890 2965 3020 3035 2855 2850 3100 3140] [2720 2790 2955 2775 2850 2650 2735 2925]
COM4 1 16
1
[2875 2585 3010 3045 2905 3015 3150 2775] [3025 2715 2755 2715 2795 2800 2755 3130]
[3135 3060 3020 2975 2980 2985 2760 2945] [3225 2805 2750 2795 2970 3095 2960 2835]
[2865 2855 2960 3000 2965 2970 2920 2915] [2825 3015 2895 2920 2945 2855 2980 2975]
[3105 3030 3090 3000 2935 3040 2950 2955] [3175 3350 3105 2995 3070 2885 2960 2885]
[2905 2965 3065 2885 3100 2895 3125 3085] [2895 3015 3035 2990 3180 2995 3050 3035]
[3035 3100 3390 3120 2905 3035 3170 3035] [2905 3250 3065 3055 3150 3135 3065 2995]
[3075 3275 3035 2935 3055 3145 2925 3010] [3005 3225 3135 3025 3050 3055 3250 3365]
[2890 2965 3020 3035 2855 2850 3100 3140] [3185 3015 3020 3080 3220 3020 3050 3115]
COM8 0 17
1
[2915 2715 2900 2795 2980 2730 2830 2960] [3025 2715 2755 2715 2795 2800 2755 3130]
[3140 3050 2750 3105 3105 2975 2950 2945] [3225 2805 2750 2795 2970 3095 2960 2835]
[2955 2845 3060 2920 2930 2980 3040 3025] [2825 3015 2895 2920 2945 2855 2980 2975]
[3100 2905 3155 2885 3050 2995 2935 2985] [3175 3350 3105 2995 3070 2885 2960 2885]
[3225 3060 3100 2940 3170 2765 3015 3115] [2895 3015 3035 2990 3180 2995 3050 3035]
[3060 3000 3070 3105 2955 3035 3170 2850] [2905 3250 3065 3055 3150 3135 3065 2995]
[3080 3190 3055 3090 2990 2925 2925 3010] [3005 3225 3135 3025 3050 3055 3250 3365]
[3140 2965 3025 3130 2945 3085 3225 2930] [3185 3015 3020 3080 3220 3020 3050 3115]
COM4 1 18
1
[2915 2715 2900 2795 2980 2730 2830 2960] [2870 2815 3260 2830 2660 3015 2915 2925]
[3140 3050 2750 3105 3105 2975 2950 2945] [3160 2905 2915 2950 2845 2985 2960 2895]
[2955 2845 3060 2920 2930 2980 3040 3025] [2905 2865 3050 2865 3095 2980 2850 2980]
[3100 2905 3155 2885 3050 2995 2935 2985] [3090 2870 3255 3020 3060 2925 3010 2920]
[3225 3060 3100 2940 3170 2765 3015 3115] [2765 2995 3155 2835 2995 2975 2950 3070]
[3060 3000 3070 3105 2955 3035 3170 2850] [2750 2945 2900 3120 2945 3100 3165 2865]
[3080 3190 3055 3090 2990 2925 2925 3010] [3015 3170 3010 2890 2650 3020 2960 3270]
[3140 2965 3025 3130 2945 3085 3225 2930] [3045 2890 3040 3165 3015 3305 3305 3010]
COM8 0 19
1
[2615 3010 2605 2800 2920 2945 2720 2755] [2870 2815 3260 2830 2660 3015 2915 2925]
[3020 2970 2755 3050 2980 2960 2965 2860] [3160 2905 2915 2950 2845 2985 2960 2895]
[2760 2795 2850 2845 2815 2965 2835 2900] [2905 2865 3050 2865 3095 2980 2850 2980]
[2950 3025 3000 2735 2895 3045 2925 2840] [3090 2870 3255 3020 3060 2925 3010 2920]
[3105 3000 3060 2890 3025 2895 3065 3200] [2765 2995 3155 2835 2995 2975 2950 3070]
[2970 2935 3085 3115 2805 3030 3105 3035] [2750 2945 2900 3120 2945 3100 3165 2865]
[3190 3110 3000 2730 2950 3015 3055 3065] [3015 3170 3010 2890 2650 3020 2960 3270]
[3195 3095 2735 3020 2925 3015 3005 2920] [3045 2890 3040 3165 3015 3305 3305 3010]
COM4 1 20
1
[2615 3010 2605 2800 2920 2945 2720 2755] [2960 2605 2875 2800 2765 2835 2920 2860]
[3020 2970 2755 3050 2980 2960 2965 2860] [2935 2695 3095 2885 2665 3065 2900 2695]
[2760 2795 2850 2845 2815 2965 2835 2900] [2655 3005 2875 2715 3025 2805 2835 2840]
[2950 3025 3000 2735 2895 3045 2925 2840] [2890 2890 2770 3035 2935 2995 2975 2880]
[3105 3000 3060 2890 3025 2895 3065 3200] [2950 2945 2915 2965 2915 2915 2860 3035]
[2970 2935 3085 3115 2805 3030 3105 3035] [2685 2855 2845 3005 2835 3005 3000 2900]
[3190 3110 3000 2730 2950 3015 3055 3065] [2700 3005 3040 2875 3070 2995 2780 3085]
[3195 3095 2735 3020 2925 3015 3005 2920] [3205 3170 3025 3145 3065 2885 2950 3095]
COM8 0 21
1
[2560 2640 2585 2665 2585 2690 2655 2725] [2960 2605 2875 2800 2765 2835 2920 2860]
[2750 2875 2835 3050 2915 2740 2850 2710] [2935 2695 3095 2885 2665 3065 2900 2695]
[2885 2790 2840 2625 2805 2795 2890 2960] [2655 3005 2875 2715 3025 2805 2835 2840]
[2715 3025 3055 2740 2915 2815 2925 2900] [2890 2890 2770 3035 2935 2995 2975 2880]
[2995 2880 2940 2950 3065 2965 3040 2940] [2950 2945 2915 2965 2915 2915 2860 3035]
[2915 3025 3065 2960 2855 2765 2975 2920] [2685 2855 2845 3005 2835 3005 3000 2900]
[2950 2925 2875 2980 2870 2855 2715 2945] [2700 3005 3040 2875 3070 2995 2780 3085]
[3095 2720 2660 2930 2825 2820 2780 2880] [3205 3170 3025 3145 3065 2885 2950 3095]
COM4 1 22
1
[2560 2640 2585 2665 2585 2690 2655 2725] [3275 3170 3425 3535 3460 3515 3465 3095]
[2750 2875 2835 3050 2915 2740 2850 2710] [3645 3670 3595 3470 3295 3305 3305 3240]
[2885 2790 2840 2625 2805 2795 2890 2960] [3445 3450 3560 3280 3570 3415 3295 3195]
[2715 3025 3055 2740 2915 2815 2925 2900] [3570 3865 3505 3275 3435 3300 3510 3215]
[2995 2880 2940 2950 3065 2965 3040 2940] [3495 3620 3510 3270 3425 3205 3380 3155]
[2915 3025 3065 2960 2855 2765 2975 2920] [3480 3325 3375 3405 3140 3315 3385 3395]
[2950 2925 2875 2980 2870 2855 2715 2945] [3345 3490 3280 3510 3460 3610 3265 3370]
[3095 2720 2660 2930 2825 2820 2780 2880] [3670 3400 3510 3435 3395 3220 3250 3450]
COM8 0 23
1
[2415 2550 2580 2635 2640 2570 2675 2625] [3275 3170 3425 3535 3460 3515 3465 3095]
[2690 2880 2585 2720 2805 2820 2695 2540] [3645 3670 3595 3470 3295 3305 3305 3240]
[2670 2760 2875 2795 2820 2695 2725 2600] [3445 3450 3560 3280 3570 3415 3295 3195]
[2930 2700 2745 2810 2935 2880 2765 2625] [3570 3865 3505 3275 3435 3300 3510 3215]
[2825 2880 2955 2805 2890 2860 2915 2740] [3495 3620 3510 3270 3425 3205 3380 3155]
[2680 2920 2930 2870 2905 2910 2890 2805] [3480 3325 3375 3405 3140 3315 3385 3395]
[2730 2740 3010 2885 3105 2845 2530 2590] [3345 3490 3280 3510 3460 3610 3265 3370]
[2900 2735 2755 2905 2635 2980 2905 2640] [3670 3400 3510 3435 3395 3220 3250 3450]
COM4 1 24
1
[2415 2550 2580 2635 2640 2570 2675 2625] [2885 2835 3130 3015 2810 2755 3020 2940]
[2690 2880 2585 2720 2805 2820 2695 2540] [2830 3025 3160 2975 2950 3030 2970 2945]
[2670 2760 2875 2795 2820 2695 2725 2600] [2950 3035 2955 2860 3120 2990 2995 2975]
[2930 2700 2745 2810 2935 2880 2765 2625] [2980 3085 3175 3090 3040 2920 3025 2885]
[2825 2880 2955 2805 2890 2860 2915 2740] [3020 3065 3140 2905 3060 3050 3000 3040]
[2680 2920 2930 2870 2905 2910 2890 2805] [2780 2975 2920 3285 2965 3090 3010 3280]
[2730 2740 3010 2885 3105 2845 2530 2590] [3220 3175 3495 3035 3160 2995 3020 3110]
[2900 2735 2755 2905 2635 2980 2905 2640] [3095 3145 3065 3160 3135 3075 3090 3125]
COM8 0 25
1
[2455 2190 2435 2815 2620 2610 2530 2500] [2885 2835 3130 3015 2810 2755 3020 2940]
[2700 2710 2545 2475 2785 2740 2565 2985] [2830 3025 3160 2975 2950 3030 2970 2945]
[2600 2940 2800 2775 2755 2725 2585 2655] [2950 3035 2955 2860 3120 2990 2995 2975]
[2640 2705 2905 2685 2840 2865 2780 2615] [2980 3085 3175 3090 3040 2920 3025 2885]
[2750 2700 2815 2800 2850 2830 2810 2695] [3020 3065 3140 2905 3060 3050 3000 3040]
[2740 2805 2840 2765 2745 2845 2790 2490] [2780 2975 2920 3285 2965 3090 3010 3280]
[2980 2770 2860 2915 2735 2760 2680 2655] [3220 3175 3495 3035 3160 2995 3020 3110]
[2825 2680 2645 2690 2935 2715 2840 2330] [3095 3145 3065 3160 3135 3075 3090 3125]
COM4 1 26
1
[2455 2190 2435 2815 2620 2610 2530 2500] [3565 3080 3435 3215 3410 3290 3355 3370]
[2700 2710 2545 2475 2785 2740 2565 2985] [3560 3345 3720 3585 3240 3400 3310 3280]
[2600 2940 2800 2775 2755 2725 2585 2655] [3545 3455 3515 3370 3565 3075 3225 3155]
[2640 2705 2905 2685 2840 2865 2780 2615] [3610 3660 3435 3440 3240 3360 3330 3170]
[2750 2700 2815 2800 2850 2830 2810 2695] [3330 3585 3415 3280 3385 3290 3340 3325]
[2740 2805 2840 2765 2745 2845 2790 2490] [3165 3410 3410 3675 3220 3340 3275 3270]
[2980 2770 2860 2915 2735 2760 2680 2655] [3345 3365 3470 3305 3420 3465 3385 3345]
[2825 2680 2645 2690 2935 2715 2840 2330] [3380 3400 3620 3510 3525 3215 3330 3390]
COM8 0 27
1
[2520 2610 2890 2875 2570 2550 2510 2810] [3565 3080 3435 3215 3410 3290 3355 3370]
[2725 2810 2625 2835 2665 2700 2735 2590] [3560 3345 3720 3585 3240 3400 3310 3280]
[2630 2735 2690 2630 2770 2630 2670 2715] [3545 3455 3515 3370 3565 3075 3225 3155]
[2725 2775 2745 2795 2840 2715 2740 2555] [3610 3660 3435 3440 3240 3360 3330 3170]
[2860 2675 2865 2820 2900 2665 2850 2960] [3330 3585 3415 3280 3385 3290 3340 3325]
[2680 2705 2845 2870 2705 2765 2950 2530] [3165 3410 3410 3675 3220 3340 3275 3270]
[2595 2785 2700 2835 2825 2635 2675 2575] [3345 3365 3470 3305 3420 3465 3385 3345]
[2870 2785 2600 2745 2760 2800 2990 2600] [3380 3400 3620 3510 3525 3215 3330 3390]
COM4 1 28
1
[2520 2610 2890 2875 2570 2550 2510 2810] [2720 2920 3000 2925 3070 2725 2950 2930]
[2725 2810 2625 2835 2665 2700 2735 2590] [3095 2775 2835 2835 2680 3095 3115 2940]
[2630 2735 2690 2630 2770 2630 2670 2715] [2835 2625 2950 2865 2970 2850 2945 2925]
[2725 2775 2745 2795 2840 2715 2740 2555] [2700 3010 3080 2850 2835 2890 2955 2925]
[2860 2675 2865 2820 2900 2665 2850 2960] [2970 3160 3010 2770 3005 3005 2990 3040]
[2680 2705 2845 2870 2705 2765 2950 2530] [3135 2875 2935 3035 2965 2960 2845 3005]
[2595 2785 2700 2835 2825 2635 2675 2575] [2795 3150 2950 2905 2975 3025 3195 2990]
[2870 2785 2600 2745 2760 2800 2990 2600] [3030 3075 3005 3300 3090 2970 3005 3305]
COM8 0 29
1
[2840 3015 3015 2900 2675 2885 2910 2655] [2720 2920 3000 2925 3070 2725 2950 2930]
[2700 2605 2770 2970 2880 2820 2910 3000] [3095 2775 2835 2835 2680 3095 3115 2940]
[2860 2900 3030 2950 2870 2945 2805 3010] [2835 2625 2950 2865 2970 2850 2945 2925]
[2765 2965 3100 3070 2950 2955 3000 2880] [2700 3010 3080 2850 2835 2890 2955 2925]
[2930 3000 2955 2970 3010 2895 3020 3115] [2970 3160 3010 2770 3005 3005 2990 3040]
[2915 3000 3035 2875 2990 2845 3170 3025] [3135 2875 2935 3035 2965 2960 2845 3005]
[3030 3015 2965 2865 2965 2925 2980 2955] [2795 3150 2950 2905 2975 3025 3195 2990]
[3010 2960 3110 2640 3155 3135 3255 3070] [3030 3075 3005 3300 3090 2970 3005 3305]
COM4 1 30
1
[2840 3015 3015 2900 2675 2885 2910 2655] [2965 3050 3290 3135 3755 2810 3075 2955]
[2700 2605 2770 2970 2880 2820 2910 3000] [3595 3390 3550 3245 3010 3210 3225 3145]
[2860 2900 3030 2950 2870 2945 2805 3010] [3295 3325 3415 3155 3230 3165 3185 3085]
[2765 2965 3100 3070 2950 2955 3000 2880] [3265 3455 3245 3500 3235 3195 3255 3110]
[2930 3000 2955 2970 3010 2895 3020 3115] [3155 3310 3535 3250 3185 3145 3205 3410]
[2915 3000 3035 2875 2990 2845 3170 3025] [3300 2975 3165 3375 3285 3370 3270 3240]
[3030 3015 2965 2865 2965 2925 2980 2955] [3595 3405 3325 3250 3245 3285 3500 3475]
[3010 2960 3110 2640 3155 3135 3255 3070] [3315 3485 3290 3375 3130 3455 3110 3185]
COM8 0 31
1
[2710 2645 2745 2890 2855 2780 2835 2515] [2965 3050 3290 3135 3755 2810 3075 2955]
[2760 2905 2905 2785 2980 2785 2970 2850] [3595 3390 3550 3245 3010 3210 3225 3145]
[2810 2845 2955 2800 2650 2915 2870 2830] [3295 3325 3415 3155 3230 3165 3185 3085]
[2710 2910 2980 2865 2800 2805 2955 2925] [3265 3455 3245 3500 3235 3195 3255 3110]
[3140 2795 2940 2765 3165 2935 3000 3015] [3155 3310 3535 3250 3185 3145 3205 3410]
[2920 2950 3090 2785 2745 3000 2925 2810] [3300 2975 3165 3375 3285 3370 3270 3240]
[3165 3025 2890 2955 2920 3030 3030 2915] [3595 3405 3325 3250 3245 3285 3500 3475]
[2940 2870 2975 2900 2955 2945 2950 3040] [3315 3485 3290 3375 3130 3455 3110 3185]
COM4 1 32
1
[2710 2645 2745 2890 2855 2780 2835 2515] [2500 2470 2750 2540 2640 2660 2730 2775]
[2760 2905 2905 2785 2980 2785 2970 2850] [2645 2575 2670 2635 2485 2685 2665 2685]
[2810 2845 2955 2800 2650 2915 2870 2830] [2715 2545 2620 2645 2740 2710 2740 2815]
[2710 2910 2980 2865 2800 2805 2955 2925] [2770 2645 2680 2650 2720 2825 2850 2745]
[3140 2795 2940 2765 3165 2935 3000 3015] [2630 2870 2835 2785 2680 2695 2760 2860]
[2920 2950 3090 2785 2745 3000 2925 2810] [2685 2740 2640 2690 2720 2725 2735 2925]
[3165 3025 2890 2955 2920 3030 3030 2915] [2810 2775 2715 2585 2620 2860 2780 3000]
[2940 2870 2975 2900 2955 2945 2950 3040] [2835 2855 2745 3060 3030 2630 2710 2785]
COM8 0 33
1
[2840 3010 2890 2655 2795 2605 3220 2560] [2500 2470 2750 2540 2640 2660 2730 2775]
[2970 2985 2875 3050 2835 2820 2705 2605] [2645 2575 2670 2635 2485 2685 2665 2685]
[2765 3025 3075 2885 2735 3015 2865 3070] [2715 2545 2620 2645 2740 2710 2740 2815]
[3085 3000 3080 2865 3030 3000 3020 2905] [2770 2645 2680 2650 2720 2825 2850 2745]
[3020 2950 3080 2975 3135 2895 3185 3105] [2630 2870 2835 2785 2680 2695 2760 2860]
[2885 3000 3195 3030 3075 2965 3110 3190] [2685 2740 2640 2690 2720 2725 2735 2925]
[2950 3030 3000 3045 3090 3030 2960 3005] [2810 2775 2715 2585 2620 2860 2780 3000]
[3095 2855 3020 3035 2845 2985 2970 3050] [2835 2855 2745 3060 3030 2630 2710 2785]
COM4 1 34
1
[2840 3010 2890 2655 2795 2605 3220 2560] [2635 2605 2750 2530 2510 2485 2595 2650]
[2970 2985 2875 3050 2835 2820 2705 2605] [2795 2600 2770 2635 2615 2705 2770 3000]
[2765 3025 3075 2885 2735 3015 2865 3070] [2810 2560 2535 2715 2675 2710 2790 2805]
[3085 3000 3080 2865 3030 3000 3020 2905] [2680 2695 2805 2695 2695 2615 2830 2695]
[3020 2950 3080 2975 3135 2895 3185 3105] [2530 2600 2815 2715 2845 2750 2780 2930]
[2885 3000 3195 3030 3075 2965 3110 3190] [2660 2555 2640 2665 2720 2950 2950 2845]
[2950 3030 3000 3045 3090 3030 2960 3005] [2670 3050 2865 2810 2875 2835 2780 3100]
[3095 2855 3020 3035 2845 2985 2970 3050] [3065 2735 2985 2965 2870 2865 2885 2940]
COM8 0 35
1
[2655 2795 2560 2525 2725 2660 2610 2735] [2635 2605 2750 2530 2510 2485 2595 2650]
[2875 2845 2770 2860 2810 2680 2810 2540] [2795 2600 2770 2635 2615 2705 2770 3000]
[2595 2710 2715 2835 2685 2810 2835 2860] [2810 2560 2535 2715 2675 2710 2790 2805]
[2815 2745 2895 2815 2895 2855 2885 2795] [2680 2695 2805 2695 2695 2615 2830 2695]
[3040 2805 2925 2760 2925 2815 2845 2940] [2530 2600 2815 2715 2845 2750 2780 2930]
[2910 2690 2910 2975 2750 2860 2855 2790] [2660 2555 2640 2665 2720 2950 2950 2845]
[3010 2985 2780 2830 2935 2685 2740 2745] [2670 3050 2865 2810 2875 2835 2780 3100]
[2930 3150 2960 2885 2820 2815 2990 2735] [3065 2735 2985 2965 2870 2865 2885 2940]
COM4 1 36
1
[2655 2795 2560 2525 2725 2660 2610 2735] [3105 2955 3410 2895 3245 3085 2915 3215]
[2875 2845 2770 2860 2810 2680 2810 2540] [3140 3135 3030 3100 3070 3130 3100 2825]
[2595 2710 2715 2835 2685 2810 2835 2860] [3115 3135 2830 2945 3240 3065 2900 2860]
[2815 2745 2895 2815 2895 2855 2885 2795] [3100 3340 3240 3110 3055 3035 3085 3050]
[3040 2805 2925 2760 2925 2815 2845 2940] [3100 3260 3155 2970 3015 3090 3230 3110]
[2910 2690 2910 2975 2750 2860 2855 2790] [3125 3135 3115 3300 3075 2925 3020 3055]
[3010 2985 2780 2830 2935 2685 2740 2745] [3220 3320 3195 3050 3055 3075 3075 3020]
[2930 3150 2960 2885 2820 2815 2990 2735] [3100 3065 3375 3265 3075 3170 3070 3055]
COM8 0 37
1
[2565 2560 2475 2875 2710 2705 2585 2860] [3105 2955 3410 2895 3245 3085 2915 3215]
[2875 2890 2480 2790 2890 2810 2740 2995] [3140 3135 3030 3100 3070 3130 3100 2825]
[2725 2855 2840 2715 2825 2870 2775 2865] [3115 3135 2830 2945 3240 3065 2900 2860]
[2960 2940 3045 2885 2910 2895 2790 2660] [3100 3340 3240 3110 3055 3035 3085 3050]
[3035 2765 2815 2820 3010 2820 2900 3065] [3100 3260 3155 2970 3015 3090 3230 3110]
[2825 2950 2880 2850 2845 2870 2990 2815] [3125 3135 3115 3300 3075 2925 3020 3055]
[2895 2875 2720 2910 2845 2985 2850 2800] [3220 3320 3195 3050 3055 3075 3075 3020]
[2890 2910 2975 2840 2895 3035 2985 2930] [3100 3065 3375 3265 3075 3170 3070 3055]
COM4 1 38
1
[2565 2560 2475 2875 2710 2705 2585 2860] [2720 2390 2735 2535 2620 2805 2730 2795]
[2875 2890 2480 2790 2890 2810 2740 2995] [2985 2945 2845 2685 2755 2870 3000 2940]
[2725 2855 2840 2715 2825 2870 2775 2865] [2750 2905 2705 2860 2890 2855 2795 2830]
[2960 2940 3045 2885 2910 2895 2790 2660] [2980 3035 2910 2805 2745 2835 2635 2825]
[3035 2765 2815 2820 3010 2820 2900 3065] [2640 2710 3050 2785 2805 2695 3150 2815]
[2825 2950 2880 2850 2845 2870 2990 2815] [2975 2785 2830 3130 2785 2835 3065 2945]
[2895 2875 2720 2910 2845 2985 2850 2800] [2795 3015 2935 2730 2690 3015 2910 3100]
[2890 2910 2975 2840 2895 3035 2985 2930] [2990 3075 2885 3205 2915 2975 2885 3125]
COM8 0 39
1
[2620 2575 2430 2765 2700 2595 2640 2625] [2720 2390 2735 2535 2620 2805 2730 2795]
[2740 2880 2695 2695 2735 2610 2685 2640] [2985 2945 2845 2685 2755 2870 3000 2940]
[2750 2775 2760 2705 2590 2820 2720 2765] [2750 2905 2705 2860 2890 2855 2795 2830]
[2830 2840 2950 2750 2780 2765 2695 2685] [2980 3035 2910 2805 2745 2835 2635 2825]
[2930 2800 2860 2795 2865 2735 2825 2785] [2640 2710 3050 2785 2805 2695 3150 2815]
[2645 2675 2970 2835 2800 2805 2940 2860] [2975 2785 2830 3130 2785 2835 3065 2945]
[2820 2790 2950 2935 2715 2820 2620 2785] [2795 3015 2935 2730 2690 3015 2910 3100]
[2725 2970 2720 2935 2635 2805 2995 2820] [2990 3075 2885 3205 2915 2975 2885 3125]
COM4 1 40
1
[2620 2575 2430 2765 2700 2595 2640 2625] [2890 2745 2690 2710 2745 2670 2715 2950]
[2740 2880 2695 2695 2735 2610 2685 2640] [2955 3020 2945 2860 2785 2920 2750 2865]
[2750 2775 2760 2705 2590 2820 2720 2765] [2925 2890 2845 2875 2925 2900 2835 2825]
[2830 2840 2950 2750 2780 2765 2695 2685] [2940 2995 3080 2855 2795 2850 2870 2865]
[2930 2800 2860 2795 2865 2735 2825 2785] [2780 2895 2850 2770 2835 2880 2955 3030]
[2645 2675 2970 2835 2800 2805 2940 2860] [2995 2810 2800 2985 2830 2995 3085 3015]
[2820 2790 2950 2935 2715 2820 2620 2785] [2930 3170 2930 2900 2995 2995 3100 2905]
[2725 2970 2720 2935 2635 2805 2995 2820] [2930 2950 3015 3055 3080 2855 2890 3095]
COM8 0 41
1
[2980 2585 2825 2585 2610 2620 2440 2790] [2890 2745 2690 2710 2745 2670 2715 2950]
[2940 2655 2705 2775 2775 2960 2735 2915] [2955 3020 2945 2860 2785 2920 2750 2865]
[2655 2855 2900 2780 2865 2825 2815 2900] [2925 2890 2845 2875 2925 2900 2835 2825]
[2770 2865 2755 2835 2975 2930 3015 2980] [2940 2995 3080 2855 2795 2850 2870 2865]
[2975 3010 2925 2900 3075 2875 3000 3010] [2780 2895 2850 2770 2835 2880 2955 3030]
[2910 2750 2925 3040 2845 2845 3065 2935] [2995 2810 2800 2985 2830 2995 3085 3015]
[3050 2945 2795 2925 3005 2945 2775 2895] [2930 3170 2930 2900 2995 2995 3100 2905]
[2940 2970 3000 2875 2790 2895 3225 2725] [2930 2950 3015 3055 3080 2855 2890 3095]
COM4 1 42
1
[2980 2585 2825 2585 2610 2620 2440 2790] [3160 3150 3095 3075 3195 2975 3065 2980]
[2940 2655 2705 2775 2775 2960 2735 2915] [2910 3055 3075 3065 2845 3075 3030 2910]
[2655 2855 2900 2780 2865 2825 2815 2900] [3180 3145 3130 3130 3200 3075 3000 2910]
[2770 2865 2755 2835 2975 2930 3015 2980] [3085 3210 3170 3215 2965 3090 2940 2840]
[2975 3010 2925 2900 3075 2875 3000 3010] [3250 3260 3180 3000 3005 3045 3100 3125]
[2910 2750 2925 3040 2845 2845 3065 2935] [3030 3125 3005 3190 3025 3075 3175 3160]
[3050 2945 2795 2925 3005 2945 2775 2895] [3075 3145 3180 3125 3190 3090 3175 3105]
[2940 2970 3000 2875 2790 2895 3225 2725] [3125 3245 3175 3225 2970 3035 3150 3300]
COM8 0 43
1
[2570 2805 2965 2720 2800 2765 2825 2800] [3160 3150 3095 3075 3195 2975 3065 2980]
[2860 2925 2785 2950 2770 2920 2760 2810] [2910 3055 3075 3065 2845 3075 3030 2910]
[2975 2925 2900 2895 2815 3015 2835 3025] [3180 3145 3130 3130 3200 3075 3000 2910]
[2935 2965 2945 3010 2895 2985 3020 2875] [3085 3210 3170 3215 2965 3090 2940 2840]
[3020 2975 2995 2795 2980 2905 2920 3040] [3250 3260 3180 3000 3005 3045 3100 3125]
[2900 2895 3100 2805 2965 2825 3025 3040] [3030 3125 3005 3190 3025 3075 3175 3160]
[2780 3240 3025 2985 2850 3000 2925 3010] [3075 3145 3180 3125 3190 3090 3175 3105]
[3105 2865 3025 2885 2895 3160 2795 2925] [3125 3245 3175 3225 2970 3035 3150 3300]
COM4 1 44
1
[2570 2805 2965 2720 2800 2765 2825 2800] [3015 3135 2995 2950 2805 2925 2855 2965]
[2860 2925 2785 2950 2770 2920 2760 2810] [3105 2950 2985 2935 2905 2955 2925 2905]
[2975 2925 2900 2895 2815 3015 2835 3025] [3010 3060 3030 3010 3175 2980 3005 2950]
[2935 2965 2945 3010 2895 2985 3020 2875] [2950 3355 3200 3070 2905 3070 2995 2975]
[3020 2975 2995 2795 2980 2905 2920 3040] [3020 3005 3060 2900 3120 3180 3075 3010]
[2900 2895 3100 2805 2965 2825 3025 3040] [3000 3045 3195 3070 3015 2975 3045 3025]
[2780 3240 3025 2985 2850 3000 2925 3010] [3030 3270 3040 2990 3205 3000 3115 3115]
[3105 2865 3025 2885 2895 3160 2795 2925] [3170 3055 3105 3185 3145 2840 2895 3295]
COM8 0 45
1
[2610 2510 2580 2420 2650 2585 2525 2335] [3015 3135 2995 2950 2805 2925 2855 2965]
[2915 2665 2760 2720 2730 2815 2690 2680] [3105 2950 2985 2935 2905 2955 2925 2905]
[2635 2930 2765 2670 2685 2720 2765 2770] [3010 3060 3030 3010 3175 2980 3005 2950]
[2635 2810 2825 2715 2810 2835 2870 2625] [2950 3355 3200 3070 2905 3070 2995 2975]
[2950 2885 2935 2805 2795 2840 2995 2860] [3020 3005 3060 2900 3120 3180 3075 3010]
[2740 2835 2895 2750 2725 3015 2940 2655] [3000 3045 3195 3070 3015 2975 3045 3025]
[2995 2905 2890 2680 2985 2630 2580 2905] [3030 3270 3040 2990 3205 3000 3115 3115]
[3035 2705 2775 2620 2670 2695 2825 2715] [3170 3055 3105 3185 3145 2840 2895 3295]
COM4 1 46
1
[2610 2510 2580 2420 2650 2585 2525 2335] [3000 2970 2990 2885 3020 2770 2860 3080]
[2915 2665 2760 2720 2730 2815 2690 2680] [2890 2775 3005 2880 2840 2920 2855 2845]
[2635 2930 2765 2670 2685 2720 2765 2770] [2920 3015 2895 2995 2975 2820 2940 2830]
[2635 2810 2825 2715 2810 2835 2870 2625] [2735 2890 3085 3000 2945 2975 2900 2925]
[2950 2885 2935 2805 2795 2840 2995 2860] [3055 3075 3005 2905 2825 2915 3015 3095]
[2740 2835 2895 2750 2725 3015 2940 2655] [2855 3055 2850 3090 3020 3010 3065 3095]
[2995 2905 2890 2680 2985 2630 2580 2905] [3060 3110 3060 3015 3000 2975 3065 2950]
[3035 2705 2775 2620 2670 2695 2825 2715] [3080 3185 2935 3075 3000 2870 3015 3035]
COM8 0 47
1
[3040 2670 2635 3050 2885 2855 2965 2950] [3000 2970 2990 2885 3020 2770 2860 3080]
[2880 2845 2835 2855 2755 3085 2705 3045] [2890 2775 3005 2880 2840 2920 2855 2845]
[2915 2850 2830 2840 2850 2805 2810 2995] [2920 3015 2895 2995 2975 2820 2940 2830]
[3065 2815 3005 2685 2950 2995 2945 2890] [2735 2890 3085 3000 2945 2975 2900 2925]
[2935 3005 3060 2850 3045 2900 3045 3120] [3055 3075 3005 2905 2825 2915 3015 3095]
[3050 3015 3035 2960 3025 2965 2975 2825] [2855 3055 2850 3090 3020 3010 3065 3095]
[3020 2830 2910 3110 2835 2890 2635 2765] [3060 3110 3060 3015 3000 2975 3065 2950]
[2730 2855 2760 3140 3025 2875 2800 2930] [3080 3185 2935 3075 3000 2870 3015 3035]
COM4 1 48
1
[3040 2670 2635 3050 2885 2855 2965 2950] [2780 2825 2705 2825 2650 2890 2880 2860]
[2880 2845 2835 2855 2755 3085 2705 3045] [2835 2945 2790 2910 2750 2895 2845 2665]
[2915 2850 2830 2840 2850 2805 2810 2995] [2910 2915 2875 2815 2910 2805 2955 2860]
[3065 2815 3005 2685 2950 2995 2945 2890] [2970 2845 2930 2840 2890 2825 2875 2825]
[2935 3005 3060 2850 3045 2900 3045 3120] [2945 2840 2965 2775 2895 2765 3010 3040]
[3050 3015 3035 2960 3025 2965 2975 2825] [2880 2795 2880 3005 2940 3075 2935 3060]
[3020 2830 2910 3110 2835 2890 2635 2765] [2925 3105 2890 3095 2925 3040 3065 3085]
[2730 2855 2760 3140 3025 2875 2800 2930] [3090 2890 2945 3145 2925 2930 3150 2995]
COM8 0 49
1
[2750 2740 2880 2835 2630 2635 2880 2850] [2780 2825 2705 2825 2650 2890 2880 2860]
[2970 2830 2820 2885 2740 2755 2935 2915] [2835 2945 2790 2910 2750 2895 2845 2665]
[2885 2715 2975 2885 2780 3010 2820 2880] [2910 2915 2875 2815 2910 2805 2955 2860]
[2875 3025 2975 2955 2910 2925 2925 2870] [2970 2845 2930 2840 2890 2825 2875 2825]
[3000 2910 2835 2875 2975 2855 3025 2840] [2945 2840 2965 2775 2895 2765 3010 3040]
[2905 2825 3005 3020 2905 3010 2910 2795] [2880 2795 2880 3005 2940 3075 2935 3060]
[2935 2995 3005 2980 2960 2940 2805 2920] [2925 3105 2890 3095 2925 3040 3065 3085]
[3005 2800 3020 2975 2935 2935 3055 2880] [3090 2890 2945 3145 2925 2930 3150 2995]
COM4 1 50
1
[2750 2740 2880 2835 2630 2635 2880 2850] [2775 2795 2695 2605 2835 2720 2725 2960]
[2970 2830 2820 2885 2740 2755 2935 2915] [2940 2745 2850 2765 2795 2885 2865 2875]
[2885 2715 2975 2885 2780 3010 2820 2880] [2625 2815 2900 2765 2875 2940 2850 2805]
[2875 3025 2975 2955 2910 2925 2925 2870] [3005 2655 2890 2840 2945 2705 2915 2810]
[3000 2910 2835 2875 2975 2855 3025 2840] [2800 3010 3090 2655 2845 2830 2960 2925]
[2905 2825 3005 3020 2905 3010 2910 2795] [2970 2895 2745 3030 2895 2920 2995 3000]
[2935 2995 3005 2980 2960 2940 2805 2920] [2780 2900 2925 3115 2950 2950 3045 3010]
[3005 2800 3020 2975 2935 2935 3055 2880] [3020 2905 3075 3025 2975 2940 2835 2935]
COM8 0 51
1
[3105 2715 2790 2945 3040 2990 2910 2625] [2775 2795 2695 2605 2835 2720 2725 2960]
[2835 2845 2775 2900 2905 3000 2975 2720] [2940 2745 2850 2765 2795 2885 2865 2875]
[3055 3030 3060 3015 2890 2975 2995 3085] [2625 2815 2900 2765 2875 2940 2850 2805]
[2970 3090 3160 2930 2980 2945 2920 2965] [3005 2655 2890 2840 2945 2705 2915 2810]
[3270 3015 3240 2945 3100 3030 3205 3030] [2800 3010 3090 2655 2845 2830 2960 2925]
[2775 3065 3290 3150 3140 3015 3100 3035] [2970 2895 2745 3030 2895 2920 2995 3000]
[3035 3125 2960 3070 2960 3155 3120 2970] [2780 2900 2925 3115 2950 2950 3045 3010]
[3025 3060 3115 3035 3110 2950 3250 2980] [3020 2905 3075 3025 2975 2940 2835 2935]
COM4 1 52
1
[3105 2715 2790 2945 3040 2990 2910 2625] [2995 2930 2685 2670 3105 2770 2885 2905]
[2835 2845 2775 2900 2905 3000 2975 2720] [2995 3060 3165 2855 2955 3040 2860 2940]
[3055 3030 3060 3015 2890 2975 2995 3085] [2875 3035 3245 2910 3040 2930 2920 2910]
[2970 3090 3160 2930 2980 2945 2920 2965] [3070 3005 3225 3135 3045 2985 2985 2840]
[3270 3015 3240 2945 3100 3030 3205 3030] [3090 3055 3030 2835 3040 2910 3030 3100]
[2775 3065 3290 3150 3140 3015 3100 3035] [2955 2900 3105 3030 2950 3050 2975 3140]
[3035 3125 2960 3070 2960 3155 3120 2970] [2855 3085 3060 3070 2985 3065 3050 3200]
[3025 3060 3115 3035 3110 2950 3250 2980] [3015 3030 2985 3200 3090 3035 2945 3140]
COM8 0 53
1
[2575 2675 2555 2950 2585 2705 3185 2970] [2995 2930 2685 2670 3105 2770 2885 2905]
[2865 3050 2890 2995 2870 2815 2910 2965] [2995 3060 3165 2855 2955 3040 2860 2940]
[2745 2885 2935 2815 2740 2640 2885 2850] [2875 3035 3245 2910 3040 2930 2920 2910]
[2845 3005 2955 2935 2975 2935 2850 2845] [3070 3005 3225 3135 3045 2985 2985 2840]
[2860 2820 2990 2885 3045 2840 3070 3025] [3090 3055 3030 2835 3040 2910 3030 3100]
[2905 2855 2965 3110 2885 2985 3040 2965] [2955 2900 3105 3030 2950 3050 2975 3140]
[2960 3035 2835 2835 2920 2820 2885 3085] [2855 3085 3060 3070 2985 3065 3050 3200]
[2930 3075 2910 2980 2975 2900 3010 3090] [3015 3030 2985 3200 3090 3035 2945 3140]
COM4 1 54
1
[2575 2675 2555 2950 2585 2705 3185 2970] [2740 3005 3105 2930 2790 3055 2860 2975]
[2865 3050 2890 2995 2870 2815 2910 2965] [2960 2800 2885 2945 2875 3040 2835 2825]
[2745 2885 2935 2815 2740 2640 2885 2850] [2925 2895 2840 2860 2965 2905 2985 2810]
[2845 3005 2955 2935 2975 2935 2850 2845] [2850 3075 2895 2925 2910 2875 3005 2840]
[2860 2820 2990 2885 3045 2840 3070 3025] [2845 3060 3050 2920 2865 2900 3065 3035]
[2905 2855 2965 3110 2885 2985 3040 2965] [2830 3005 2735 3125 3015 3000 3015 3050]
[2960 3035 2835 2835 2920 2820 2885 3085] [3060 3155 3110 3000 3090 3050 2980 3165]
[2930 3075 2910 2980 2975 2900 3010 3090] [3065 2815 3015 3055 3135 2965 2905 3000]
COM8 0 55
1
[2645 2440 2495 2580 2850 2605 2670 2750] [2740 3005 3105 2930 2790 3055 2860 2975]
[2795 2925 2740 2675 2875 2620 2610 2750] [2960 2800 2885 2945 2875 3040 2835 2825]
[2655 2960 2875 2640 2665 2820 2750 2860] [2925 2895 2840 2860 2965 2905 2985 2810]
[2635 2840 2885 2870 2875 2885 2780 2775] [2850 3075 2895 2925 2910 2875 3005 2840]
[2790 2770 2825 2860 2900 2800 2920 2845] [2845 3060 3050 2920 2865 2900 3065 3035]
[2775 3035 3060 2690 2830 2970 2910 2790] [2830 3005 2735 3125 3015 3000 3015 3050]
[2910 2780 2510 2880 2875 2765 2735 3010] [3060 3155 3110 3000 3090 3050 2980 3165]
[2950 2875 2925 2790 2840 2965 2760 2845] [3065 2815 3015 3055 3135 2965 2905 3000]
COM4 1 56
1
[2645 2440 2495 2580 2850 2605 2670 2750] [3115 2990 3115 2915 3170 2935 2895 2915]
[2795 2925 2740 2675 2875 2620 2610 2750] [2870 2840 3195 2950 2910 2930 2865 2960]
[2655 2960 2875 2640 2665 2820 2750 2860] [2905 2980 3000 2900 2975 2945 3000 2840]
[2635 2840 2885 2870 2875 2885 2780 2775] [3135 3010 3015 3030 2965 2805 2925 2840]
[2790 2770 2825 2860 2900 2800 2920 2845] [3035 3060 3005 2860 3005 2910 2955 2990]
[2775 3035 3060 2690 2830 2970 2910 2790] [2715 3040 2975 3030 3065 2960 3015 2955]
[2910 2780 2510 2880 2875 2765 2735 3010] [3110 3110 2965 3155 2985 3065 3105 3060]
[2950 2875 2925 2790 2840 2965 2760 2845] [3305 2890 2985 3255 3090 3020 3010 3055]
COM8 0 57
1
[2910 2945 3255 2930 2660 2870 3000 3340] [3115 2990 3115 2915 3170 2935 2895 2915]
[3085 3175 2880 3050 2925 2985 3095 2975] [2870 2840 3195 2950 2910 2930 2865 2960]
[2970 2970 2920 3010 2995 2985 3090 3175] [2905 2980 3000 2900 2975 2945 3000 2840]
[3210 2930 3075 3020 3035 3155 2940 2960] [3135 3010 3015 3030 2965 2805 2925 2840]
[3095 3110 3180 3140 3170 2965 3065 3335] [3035 3060 3005 2860 3005 2910 2955 2990]
[3025 3100 3235 3105 2970 3155 3380 3230] [2715 3040 2975 3030 3065 2960 3015 2955]
[3035 3090 3070 3445 3105 3130 3060 3280] [3110 3110 2965 3155 2985 3065 3105 3060]
[3095 2960 3170 3035 3155 3115 3305 3085] [3305 2890 2985 3255 3090 3020 3010 3055]
COM4 1 58
1
[2910 2945 3255 2930 2660 2870 3000 3340] [3040 3005 3170 3065 2705 2935 3125 3065]
[3085 3175 2880 3050 2925 2985 3095 2975] [3275 3180 3150 3105 3005 3095 2920 2905]
[2970 2970 2920 3010 2995 2985 3090 3175] [3180 3025 3165 3050 3245 3140 2980 2990]
[3210 2930 3075 3020 3035 3155 2940 2960] [3125 2830 3075 3100 3060 3105 3085 2985]
[3095 3110 3180 3140 3170 2965 3065 3335] [3025 3150 3175 3040 3080 3145 3040 3115]
[3025 3100 3235 3105 2970 3155 3380 3230] [2830 3260 3120 3185 3145 3070 3150 3025]
[3035 3090 3070 3445 3105 3130 3060 3280] [3150 3240 3205 3130 3115 3090 3030 3080]
[3095 2960 3170 3035 3155 3115 3305 3085] [3115 3265 3060 3225 3285 3365 3220 3135]
COM8 0 59
1
[2690 2890 2580 2555 2810 2600 2650 2835] [3040 3005 3170 3065 2705 2935 3125 3065]
[2995 3060 2790 2965 2830 3000 2820 3005] [3275 3180 3150 3105 3005 3095 2920 2905]
[2855 2910 2965 2955 2765 2835 2805 2940] [3180 3025 3165 3050 3245 3140 2980 2990]
[3045 2880 2885 2945 2865 2980 2925 2925] [3125 2830 3075 3100 3060 3105 3085 2985]
[2850 2850 3190 2870 2960 2895 2995 2965] [3025 3150 3175 3040 3080 3145 3040 3115]
[2965 2880 3160 3030 2720 3015 3110 3025] [2830 3260 3120 3185 3145 3070 3150 3025]
[3190 2925 3070 2950 2920 2735 2765 2975] [3150 3240 3205 3130 3115 3090 3030 3080]
[2930 3080 2985 3110 2850 2870 3190 2980] [3115 3265 3060 3225 3285 3365 3220 3135]
COM4 1 60
1
[2690 2890 2580 2555 2810 2600 2650 2835] [2790 2735 2710 2675 3025 2990 2730 2910]
[2995 3060 2790 2965 2830 3000 2820 3005] [2710 2755 2880 2815 2715 2895 2825 2790]
[2855 2910 2965 2955 2765 2835 2805 2940] [2870 2770 2775 2725 2910 2875 2855 2795]
[3045 2880 2885 2945 2865 2980 2925 2925] [2840 2645 2900 2855 2785 2810 2910 2795]
[2850 2850 3190 2870 2960 2895 2995 2965] [2890 2760 2875 2660 2890 2860 2905 2950]
[2965 2880 3160 3030 2720 3015 3110 3025] [2770 2970 2880 3085 2730 2845 2985 3040]
[3190 2925 3070 2950 2920 2735 2765 2975] [2935 2940 3040 2975 3095 2975 2910 3160]
[2930 3080 2985 3110 2850 2870 3190 2980] [3095 2740 2940 3190 3110 2840 3040 3045]
COM8 0 61
1
[2925 3015 2705 2930 2540 2600 2765 2950] [2790 2735 2710 2675 3025 2990 2730 2910]
[3090 3050 2900 2885 2910 2860 2640 3000] [2710 2755 2880 2815 2715 2895 2825 2790]
[2970 2835 2910 3005 2755 2975 2875 2835] [2870 2770 2775 2725 2910 2875 2855 2795]
[3055 3010 2945 3000 2975 2875 2855 2905] [2840 2645 2900 2855 2785 2810 2910 2795]
[3015 2970 2970 2910 2925 2840 3105 3020] [2890 2760 2875 2660 2890 2860 2905 2950]
[2875 2805 3250 2925 2960 2925 3090 2940] [2770 2970 2880 3085 2730 2845 2985 3040]
[3005 2910 2970 2980 2825 2995 2855 3005] [2935 2940 3040 2975 3095 2975 2910 3160]
[3005 2845 2820 2820 3000 3130 2860 2935] [3095 2740 2940 3190 3110 2840 3040 3045]
COM4 1 62
1
[2925 3015 2705 2930 2540 2600 2765 2950] [2855 2715 2770 2590 2735 2695 2810 2870]
[3090 3050 2900 2885 2910 2860 2640 3000] [2905 2705 2905 2640 2875 2825 2860 2770]
[2970 2835 2910 3005 2755 2975 2875 2835] [2825 2980 2835 2775 2885 2775 2825 2915]
[3055 3010 2945 3000 2975 2875 2855 2905] [2845 2930 2955 2910 2865 2830 2905 2845]
[3015 2970 2970 2910 2925 2840 3105 3020] [2780 2865 3025 2760 2780 2905 3085 2880]
[2875 2805 3250 2925 2960 2925 3090 2940] [2855 2730 2810 2925 2875 3025 2960 2815]
[3005 2910 2970 2980 2825 2995 2855 3005] [2985 2890 2990 2980 2860 2985 2950 3090]
[3005 2845 2820 2820 3000 3130 2860 2935] [3100 2900 3045 3075 2905 2890 2835 3050]
COM8 0 63
1
[2590 2835 2445 2865 2895 2505 3005 2870] [2855 2715 2770 2590 2735 2695 2810 2870]
[2880 2935 2835 3005 2805 2865 2870 3055] [2905 2705 2905 2640 2875 2825 2860 2770]
[2750 2785 2920 2790 2695 2930 2625 2840] [2825 2980 2835 2775 2885 2775 2825 2915]
[2720 2745 3075 3070 2950 2830 2915 2915] [2845 2930 2955 2910 2865 2830 2905 2845]
[3020 2750 3070 2990 3100 2865 2905 3040] [2780 2865 3025 2760 2780 2905 3085 2880]
[2825 3100 3040 2855 3045 2975 2900 2775] [2855 2730 2810 2925 2875 3025 2960 2815]
[2980 2935 2820 3135 2700 2860 2670 2850] [2985 2890 2990 2980 2860 2985 2950 3090]
[3190 3075 2945 3025 3020 2925 3095 3080] [3100 2900 3045 3075 2905 2890 2835 3050]
COM4 1 64
1
[2590 2835 2445 2865 2895 2505 3005 2870] [2790 2940 2970 2755 2900 2630 2730 2795]
[2880 2935 2835 3005 2805 2865 2870 3055] [2710 2770 2715 2770 2600 2840 2850 2725]
[2750 2785 2920 2790 2695 2930 2625 2840] [2855 2960 2945 2730 2960 2815 2900 2750]
[2720 2745 3075 3070 2950 2830 2915 2915] [2975 2845 2980 2895 2785 2855 2865 2885]
[3020 2750 3070 2990 3100 2865 2905 3040] [3025 2750 2985 2755 2780 2915 2915 3040]
[2825 3100 3040 2855 3045 2975 2900 2775] [2775 2930 2835 3050 2800 2950 2940 2925]
[2980 2935 2820 3135 2700 2860 2670 2850] [2865 3090 3055 3045 2945 2840 2920 3035]
[3190 3075 2945 3025 3020 2925 3095 3080] [2975 3100 2820 3060 2920 2950 2950 2930]
COM8 0 65
1
[2715 3015 2760 2880 2740 2970 2930 2570] [2790 2940 2970 2755 2900 2630 2730 2795]
[2705 2925 2925 2960 2910 2680 2865 2865] [2710 2770 2715 2770 2600 2840 2850 2725]
[2845 2995 2800 2945 2820 2905 2825 2940] [2855 2960 2945 2730 2960 2815 2900 2750]
[2930 2900 3095 2805 2875 3015 2800 3020] [2975 2845 2980 2895 2785 2855 2865 2885]
[2900 2915 3175 2845 2845 2870 3020 2975] [3025 2750 2985 2755 2780 2915 2915 3040]
[3030 2860 3070 3020 2845 2935 3045 3035] [2775 2930 2835 3050 2800 2950 2940 2925]
[3010 2990 2860 2935 2875 3015 3060 2745] [2865 3090 3055 3045 2945 2840 2920 3035]
[3010 3080 3120 3120 2900 2885 3030 2975] [2975 3100 2820 3060 2920 2950 2950 2930]