COM7 1 6
4
[2660 2540 2585 2685 2750 2720 2715 2765] [2865 2920 2745 3210 2865 2945 2990 2915]
[2720 2855 2670 2690 2680 2835 2750 2710] [3095 2690 2890 2815 2680 3030 2850 2875]
[2605 2725 2795 2685 2635 2820 2715 2780] [2920 3205 3045 2850 2895 2840 2915 3030]
[2875 2665 2835 2705 2785 2790 2645 2650] [3005 3015 3095 2875 2995 2845 2935 2735]
[2790 2890 2715 2905 2990 2625 2915 2725] [2925 2835 2810 2815 2850 2990 2945 2980]
[2805 2710 2785 2810 2745 2890 2885 2635] [2680 2970 3090 3105 2990 3095 2965 2915]
[2825 2785 2750 2945 2605 2860 2670 2770] [2690 3085 2855 3025 2940 3100 3005 2730]
[3100 2795 2705 2885 2940 2870 2925 2740] [2980 2875 3175 3175 2880 2735 2620 2450]
COM3 0 7
4
[2720 2635 2750 2810 2780 2640 2760 2625] [2865 2920 2745 3210 2865 2945 2990 2915]
[2705 2845 2670 2720 2710 2870 2735 2860] [3095 2690 2890 2815 2680 3030 2850 2875]
[2710 2800 2780 2795 2690 2800 2720 2815] [2920 3205 3045 2850 2895 2840 2915 3030]
[2690 2795 2825 2620 2730 2810 2715 2675] [3005 3015 3095 2875 2995 2845 2935 2735]
[2945 2775 2940 2740 2855 2700 2895 2880] [2925 2835 2810 2815 2850 2990 2945 2980]
[2850 2930 3025 2725 2770 2740 2795 2705] [2680 2970 3090 3105 2990 3095 2965 2915]
[2810 2960 2755 2885 2725 2865 2760 2775] [2690 3085 2855 3025 2940 3100 3005 2730]
[3000 2890 2725 2845 2890 2905 2965 2780] [2980 2875 3175 3175 2880 2735 2620 2450]
COM7 1 8
4
[2720 2635 2750 2810 2780 2640 2760 2625] [2945 2850 2750 2800 3215 2895 2765 3065]
[2705 2845 2670 2720 2710 2870 2735 2860] [3075 2690 2925 2880 2905 2930 2860 2875]
[2710 2800 2780 2795 2690 2800 2720 2815] [2935 2820 2680 2770 2790 2755 2840 2825]
[2690 2795 2825 2620 2730 2810 2715 2675] [3040 2960 2840 2795 2770 2825 2715 2745]
[2945 2775 2940 2740 2855 2700 2895 2880] [2750 3075 3035 2820 2815 2675 2770 2790]
[2850 2930 3025 2725 2770 2740 2795 2705] [2810 3035 2680 3080 2840 2805 2770 2950]
[2810 2960 2755 2885 2725 2865 2760 2775] [3005 3145 2940 2875 2970 2540 2530 2560]
[3000 2890 2725 2845 2890 2905 2965 2780] [2785 2960 3015 2950 3085 2815 2640 2625]
COM3 0 9
4
[2730 2590 2705 2710 2690 2635 2745 2690] [2945 2850 2750 2800 3215 2895 2765 3065]
[2910 2795 2765 2945 2800 2745 2775 2785] [3075 2690 2925 2880 2905 2930 2860 2875]
[2525 2760 2620 2705 2795 2755 2645 2795] [2935 2820 2680 2770 2790 2755 2840 2825]
[2790 2960 2755 2780 2795 2810 2845 2720] [3040 2960 2840 2795 2770 2825 2715 2745]
[2905 2870 2850 2795 2710 2740 2910 2825] [2750 3075 3035 2820 2815 2675 2770 2790]
[2695 2875 2795 2775 2950 2955 2855 2645] [2810 3035 2680 3080 2840 2805 2770 2950]
[2845 2890 2805 2880 2775 2670 2595 2835] [3005 3145 2940 2875 2970 2540 2530 2560]
[2845 2775 2800 2825 2770 2810 2745 2885] [2785 2960 3015 2950 3085 2815 2640 2625]
COM7 1 10
4
[2730 2590 2705 2710 2690 2635 2745 2690] [2910 2990 2965 2970 2930 2965 2915 2990]
[2910 2795 2765 2945 2800 2745 2775 2785] [2815 3090 3100 2975 2890 2950 2910 2915]
[2525 2760 2620 2705 2795 2755 2645 2795] [3010 3040 3170 3055 3100 2905 2965 3030]
[2790 2960 2755 2780 2795 2810 2845 2720] [3210 3075 3075 2970 2770 2930 3020 2865]
[2905 2870 2850 2795 2710 2740 2910 2825] [2845 3025 3045 2935 2870 2805 2995 3025]
[2695 2875 2795 2775 2950 2955 2855 2645] [3165 3130 3225 3035 2705 2620 2640 3045]
[2845 2890 2805 2880 2775 2670 2595 2835] [2985 2920 3130 3025 2585 2670 2495 3085]
[2845 2775 2800 2825 2770 2810 2745 2885] [3155 3065 3430 2885 2675 2545 2620 2910]
COM3 0 11
4
[2590 2715 2630 2750 2710 2720 2705 2810] [2910 2990 2965 2970 2930 2965 2915 2990]
[2890 2950 2805 2845 2900 2900 2900 2825] [2815 3090 3100 2975 2890 2950 2910 2915]
[2735 2700 2745 2770 2720 2825 2710 2755] [3010 3040 3170 3055 3100 2905 2965 3030]
[2995 2940 2870 2810 2915 2870 2765 2740] [3210 3075 3075 2970 2770 2930 3020 2865]
[2865 2835 2890 2675 2975 2760 2845 2910] [2845 3025 3045 2935 2870 2805 2995 3025]
[2805 2885 2785 2950 2795 2925 2895 2840] [3165 3130 3225 3035 2705 2620 2640 3045]
[2930 2900 2750 3035 2700 2915 2610 2800] [2985 2920 3130 3025 2585 2670 2495 3085]
[3080 2990 2960 2870 2850 2790 3150 2845] [3155 3065 3430 2885 2675 2545 2620 2910]
COM7 1 12
4
[2590 2715 2630 2750 2710 2720 2705 2810] [2960 2865 3115 2890 3365 3125 3075 3055]
[2890 2950 2805 2845 2900 2900 2900 2825] [3215 3065 2955 3015 2990 3050 3070 2905]
[2735 2700 2745 2770 2720 2825 2710 2755] [2895 3070 3075 2800 3020 3175 3005 2880]
[2995 2940 2870 2810 2915 2870 2765 2740] [2995 2965 3105 2870 2595 2685 2890 2895]
[2865 2835 2890 2675 2975 2760 2845 2910] [3255 3200 2990 2560 2635 2840 2990 3200]
[2805 2885 2785 2950 2795 2925 2895 2840] [3145 2905 2570 2705 2525 2770 2825 2850]
[2930 2900 2750 3035 2700 2915 2610 2800] [2985 3195 2890 2515 2730 2745 3030 3180]
[3080 2990 2960 2870 2850 2790 3150 2845] [3015 3350 2970 2750 2705 2715 3105 2995]
COM3 0 13
4
[2900 2630 2880 2850 2875 2780 2880 2825] [2960 2865 3115 2890 3365 3125 3075 3055]
[2900 2960 2870 2845 2685 2810 2900 2870] [3215 3065 2955 3015 2990 3050 3070 2905]
[2900 2945 2795 2765 2795 2950 2840 2840] [2895 3070 3075 2800 3020 3175 3005 2880]
[2950 3040 2970 2750 2910 2845 2795 2845] [2995 2965 3105 2870 2595 2685 2890 2895]
[2780 2880 2890 2855 3035 2725 2915 2950] [3255 3200 2990 2560 2635 2840 2990 3200]
[2875 3035 3065 3045 2775 2960 2935 2765] [3145 2905 2570 2705 2525 2770 2825 2850]
[2970 2900 2980 2880 2870 2900 2645 2945] [2985 3195 2890 2515 2730 2745 3030 3180]
[2975 2935 2990 2860 2945 2895 3040 3025] [3015 3350 2970 2750 2705 2715 3105 2995]
COM7 1 14
4
[2900 2630 2880 2850 2875 2780 2880 2825] [2835 2605 2950 2935 2965 2890 2940 2785]
[2900 2960 2870 2845 2685 2810 2900 2870] [2800 2610 2540 2660 2695 2955 2795 2795]
[2900 2945 2795 2765 2795 2950 2840 2840] [2640 2700 2570 2580 2585 2845 2945 2880]
[2950 3040 2970 2750 2910 2845 2795 2845] [2770 2475 2505 2470 2535 2690 2750 2835]
[2780 2880 2890 2855 3035 2725 2915 2950] [2750 2470 2635 2655 2580 2795 2935 3115]
[2875 3035 3065 3045 2775 2960 2935 2765] [2770 2670 2505 2440 2745 2830 2825 2770]
[2970 2900 2980 2880 2870 2900 2645 2945] [2835 2810 2580 2430 2690 2750 3020 2825]
[2975 2935 2990 2860 2945 2895 3040 3025] [2925 2695 2725 2620 2535 2610 2710 2480]
COM3 0 15
4
[2740 2755 2810 2845 2875 2690 2860 2855] [2835 2605 2950 2935 2965 2890 2940 2785]
[2910 3075 2935 3015 2795 2850 2835 2755] [2800 2610 2540 2660 2695 2955 2795 2795]
[2940 2870 2910 2780 2875 2875 2790 2910] [2640 2700 2570 2580 2585 2845 2945 2880]
[2905 2935 2955 2910 2935 2925 2825 2840] [2770 2475 2505 2470 2535 2690 2750 2835]
[2805 2865 2970 2760 3115 2870 3025 3015] [2750 2470 2635 2655 2580 2795 2935 3115]
[2935 2670 2905 2935 2835 2910 3075 2735] [2770 2670 2505 2440 2745 2830 2825 2770]
[2960 2815 2720 2950 2790 2815 2710 2720] [2835 2810 2580 2430 2690 2750 3020 2825]
[3150 2835 2910 2785 2870 2810 2965 2945] [2925 2695 2725 2620 2535 2610 2710 2480]
COM7 1 16
4
[2740 2755 2810 2845 2875 2690 2860 2855] [2845 2880 2745 2335 2440 2530 2935 3060]
[2910 3075 2935 3015 2795 2850 2835 2755] [3210 3000 2745 2610 2480 2775 2850 2970]
[2940 2870 2910 2780 2875 2875 2790 2910] [2910 3090 2845 2560 2585 2785 2900 3045]
[2905 2935 2955 2910 2935 2925 2825 2840] [3050 3445 2980 2590 2635 2675 2755 3005]
[2805 2865 2970 2760 3115 2870 3025 3015] [2990 2970 3015 2645 2565 2745 2955 3115]
[2935 2670 2905 2935 2835 2910 3075 2735] [3100 2915 2615 2665 2485 2890 2945 2995]
[2960 2815 2720 2950 2790 2815 2710 2720] [3100 3325 2775 2825 2400 2760 2760 2680]
[3150 2835 2910 2785 2870 2810 2965 2945] [2925 3055 2850 2460 2575 2390 2700 2445]
COM3 0 17
4
[2845 2770 2610 2885 2845 2785 2885 2780] [2845 2880 2745 2335 2440 2530 2935 3060]
[2945 3040 2855 2885 2840 2885 2870 2885] [3210 3000 2745 2610 2480 2775 2850 2970]
[2765 2885 2970 2770 2725 2935 2825 2825] [2910 3090 2845 2560 2585 2785 2900 3045]
[2910 2875 2945 2925 2990 2945 2830 2650] [3050 3445 2980 2590 2635 2675 2755 3005]
[3105 2960 3060 2895 2935 3045 3080 2900] [2990 2970 3015 2645 2565 2745 2955 3115]
[2775 2975 3040 2920 2880 2960 2840 2755] [3100 2915 2615 2665 2485 2890 2945 2995]
[2880 3045 2875 2895 2920 2925 2880 2740] [3100 3325 2775 2825 2400 2760 2760 2680]
[2990 2845 2950 2975 2895 2895 2955 2895] [2925 3055 2850 2460 2575 2390 2700 2445]
COM7 1 18
4
[2845 2770 2610 2885 2845 2785 2885 2780] [2870 2860 2970 2830 2485 2335 2580 2785]
[2945 3040 2855 2885 2840 2885 2870 2885] [2800 3065 2905 2915 2590 2580 2600 2815]
[2765 2885 2970 2770 2725 2935 2825 2825] [2955 3275 3040 2995 2850 2505 2615 2810]
[2910 2875 2945 2925 2990 2945 2830 2650] [2970 2970 3135 2930 2420 2480 2845 2905]
[3105 2960 3060 2895 2935 3045 3080 2900] [2995 3125 2965 2750 2510 2565 2665 2835]
[2775 2975 3040 2920 2880 2960 2840 2755] [2795 2955 3115 2810 2305 2230 2800 2930]
[2880 3045 2875 2895 2920 2925 2880 2740] [2700 3200 2935 2600 2555 2670 2770 2745]
[2990 2845 2950 2975 2895 2895 2955 2895] [2870 3015 3355 2695 2615 2160 2600 2590]
COM3 0 19
4
[2900 2785 2845 2850 2690 2785 2835 2770] [2870 2860 2970 2830 2485 2335 2580 2785]
[2880 2835 2790 2895 2780 2850 2855 2865] [2800 3065 2905 2915 2590 2580 2600 2815]
[2695 2940 2940 2885 2800 2875 2760 2750] [2955 3275 3040 2995 2850 2505 2615 2810]
[2900 2805 2985 2725 2800 2765 2770 2820] [2970 2970 3135 2930 2420 2480 2845 2905]
[3075 2915 2940 2865 2865 2700 2985 2880] [2995 3125 2965 2750 2510 2565 2665 2835]
[2835 2860 3165 2835 2855 2895 2910 2840] [2795 2955 3115 2810 2305 2230 2800 2930]
[2850 2870 2750 2995 2795 2960 2675 2875] [2700 3200 2935 2600 2555 2670 2770 2745]
[2995 3150 2935 2835 3155 2840 3070 2825] [2870 3015 3355 2695 2615 2160 2600 2590]
COM7 1 20
4
[2900 2785 2845 2850 2690 2785 2835 2770] [2725 3000 2880 2770 3015 2660 2415 2785]
[2880 2835 2790 2895 2780 2850 2855 2865] [2955 2995 3025 2970 2770 2750 2630 2840]
[2695 2940 2940 2885 2800 2875 2760 2750] [3125 3090 3040 3040 2895 2600 2740 2625]
[2900 2805 2985 2725 2800 2765 2770 2820] [3110 3045 2870 2855 2900 2620 2360 2675]
[3075 2915 2940 2865 2865 2700 2985 2880] [2960 3085 3075 2995 2750 2570 2665 2845]
[2835 2860 3165 2835 2855 2895 2910 2840] [2990 2930 2830 3070 2740 2570 2575 2765]
[2850 2870 2750 2995 2795 2960 2675 2875] [2980 3225 3090 2805 2580 2430 2490 2625]
[2995 3150 2935 2835 3155 2840 3070 2825] [2800 3120 3050 3075 2470 2440 2470 2440]
COM3 0 21
4
[3065 2860 2745 2880 2840 2595 2800 2545] [2725 3000 2880 2770 3015 2660 2415 2785]
[3005 2980 2860 2960 2840 2625 2615 2210] [2955 2995 3025 2970 2770 2750 2630 2840]
[2785 2890 2970 2815 2690 2695 2670 2490] [3125 3090 3040 3040 2895 2600 2740 2625]
[3030 3135 2925 2665 2930 2815 2730 2610] [3110 3045 2870 2855 2900 2620 2360 2675]
[2885 2940 2925 2935 3035 2860 2895 2725] [2960 3085 3075 2995 2750 2570 2665 2845]
[2970 2975 3025 3065 2835 2900 2950 2675] [2990 2930 2830 3070 2740 2570 2575 2765]
[2945 2875 3005 3025 2960 3005 2890 2505] [2980 3225 3090 2805 2580 2430 2490 2625]
[2895 2935 2810 2775 2875 2900 3015 2670] [2800 3120 3050 3075 2470 2440 2470 2440]
COM7 1 22
4
[3065 2860 2745 2880 2840 2595 2800 2545] [2935 2990 2905 3150 3000 2645 2605 2925]
[3005 2980 2860 2960 2840 2625 2615 2210] [2900 3015 3005 2900 3015 2765 2585 2530]
[2785 2890 2970 2815 2690 2695 2670 2490] [3070 3045 3010 3050 3135 2765 2525 2510]
[3030 3135 2925 2665 2930 2815 2730 2610] [3130 3105 3155 2975 2900 2685 2435 2670]
[2885 2940 2925 2935 3035 2860 2895 2725] [3160 3295 3155 3080 2850 2625 2500 2565]
[2970 2975 3025 3065 2835 2900 2950 2675] [3105 2950 3165 3155 2835 2745 2520 2565]
[2945 2875 3005 3025 2960 3005 2890 2505] [2985 2965 3060 2955 2690 2715 2510 2510]
[2895 2935 2810 2775 2875 2900 3015 2670] [2875 3235 2975 2960 2895 2275 2130 2000]
COM3 0 23
4
[2800 2705 2735 2790 2715 2705 2925 2875] [2935 2990 2905 3150 3000 2645 2605 2925]
[2850 2920 2790 2820 2760 2955 2895 2825] [2900 3015 3005 2900 3015 2765 2585 2530]
[2545 2795 2950 2845 2820 2785 2835 2890] [3070 3045 3010 3050 3135 2765 2525 2510]
[2835 2865 2970 2855 2925 2835 2780 2680] [3130 3105 3155 2975 2900 2685 2435 2670]
[2945 2825 3010 2765 2935 2860 3080 2755] [3160 3295 3155 3080 2850 2625 2500 2565]
[2935 2980 2985 2850 2855 3000 2940 2965] [3105 2950 3165 3155 2835 2745 2520 2565]
[2980 2900 2820 2945 2910 2910 2710 2690] [2985 2965 3060 2955 2690 2715 2510 2510]
[2995 2830 2760 2855 2985 2910 3140 2700] [2875 3235 2975 2960 2895 2275 2130 2000]
COM7 1 24
4
[2800 2705 2735 2790 2715 2705 2925 2875] [2805 3210 2755 2865 2790 2805 2655 2550]
[2850 2920 2790 2820 2760 2955 2895 2825] [3115 3075 3010 3015 2805 2770 2530 2540]
[2545 2795 2950 2845 2820 2785 2835 2890] [2990 3210 2975 3015 2975 2655 2380 2465]
[2835 2865 2970 2855 2925 2835 2780 2680] [3005 3080 3175 2815 2865 2610 2375 2085]
[2945 2825 3010 2765 2935 2860 3080 2755] [3090 3140 2830 2965 2915 2430 2290 2030]
[2935 2980 2985 2850 2855 3000 2940 2965] [3420 3035 2860 3045 2620 2635 2085 2060]
[2980 2900 2820 2945 2910 2910 2710 2690] [3030 3165 3210 2905 2740 2545 1990 1930]
[2995 2830 2760 2855 2985 2910 3140 2700] [2990 2900 2950 3150 2565 2005 1815 2150]
COM3 0 25
4
[2745 2735 2790 2835 2845 2735 2870 2780] [2805 3210 2755 2865 2790 2805 2655 2550]
[2940 2900 2840 2855 2800 2790 2865 2915] [3115 3075 3010 3015 2805 2770 2530 2540]
[2810 2960 2915 2810 2850 2870 2825 2770] [2990 3210 2975 3015 2975 2655 2380 2465]
[2780 2945 3020 2820 2850 2920 2905 2820] [3005 3080 3175 2815 2865 2610 2375 2085]
[2825 2950 2900 2910 2935 2905 2960 2830] [3090 3140 2830 2965 2915 2430 2290 2030]
[2850 2935 3005 2900 2810 3000 3055 2760] [3420 3035 2860 3045 2620 2635 2085 2060]
[2955 3035 2775 2880 2920 2965 2740 2790] [3030 3165 3210 2905 2740 2545 1990 1930]
[3150 2935 2885 2910 2885 3070 2925 2940] [2990 2900 2950 3150 2565 2005 1815 2150]
COM7 1 26
4
[2745 2735 2790 2835 2845 2735 2870 2780] [3840 3605 3585 3495 3530 3045 2545 2680]
[2940 2900 2840 2855 2800 2790 2865 2915] [3560 3695 3675 3350 3395 3220 2530 2625]
[2810 2960 2915 2810 2850 2870 2825 2770] [3600 3615 3450 3420 3355 2855 2540 2310]
[2780 2945 3020 2820 2850 2920 2905 2820] [3695 3570 3515 3445 3170 2945 2320 2235]
[2825 2950 2900 2910 2935 2905 2960 2830] [3585 3500 3525 3030 2605 2420 2460 2460]
[2850 2935 3005 2900 2810 3000 3055 2760] [3410 3640 3070 2955 2465 2255 2280 2440]
[2955 3035 2775 2880 2920 2965 2740 2790] [3805 3415 3130 2645 2330 2200 2245 2465]
[3150 2935 2885 2910 2885 3070 2925 2940] [3690 3690 3215 2875 2215 2280 2305 2380]
COM3 0 27
4
[2695 2775 2775 2715 2800 2685 2885 2870] [3840 3605 3585 3495 3530 3045 2545 2680]
[2900 2825 2815 2980 2785 2840 2855 2810] [3560 3695 3675 3350 3395 3220 2530 2625]
[2730 2795 2845 2775 2925 2850 2755 2810] [3600 3615 3450 3420 3355 2855 2540 2310]
[2755 2990 2955 2835 2925 2855 2940 2830] [3695 3570 3515 3445 3170 2945 2320 2235]
[2910 2950 3010 2815 2945 2775 2985 2835] [3585 3500 3525 3030 2605 2420 2460 2460]
[2910 2885 2965 2985 2735 3085 2875 2825] [3410 3640 3070 2955 2465 2255 2280 2440]
[2840 3035 2860 3100 2810 2875 2670 2695] [3805 3415 3130 2645 2330 2200 2245 2465]
[3045 2900 2850 3005 2990 2950 2805 2760] [3690 3690 3215 2875 2215 2280 2305 2380]
COM7 1 28
4
[2695 2775 2775 2715 2800 2685 2885 2870] [2980 3070 3050 2775 2745 2660 2490 2585]
[2900 2825 2815 2980 2785 2840 2855 2810] [3035 3165 2840 2880 2790 2680 2365 2290]
[2730 2795 2845 2775 2925 2850 2755 2810] [2995 3035 2945 2890 2670 2390 2075 2340]
[2755 2990 2955 2835 2925 2855 2940 2830] [3140 2810 3105 2890 2615 2100 1970 2185]
[2910 2950 3010 2815 2945 2775 2985 2835] [2840 3110 2795 2555 2310 2270 2155 2285]
[2910 2885 2965 2985 2735 3085 2875 2825] [2845 2845 2355 2500 2245 2260 2310 2585]
[2840 3035 2860 3100 2810 2875 2670 2695] [2730 2385 2245 2145 1945 2100 2225 2700]
[3045 2900 2850 3005 2990 2950 2805 2760] [2760 2460 2000 2060 2250 2255 1860 2555]
COM3 0 29
4
[2785 2700 2755 2795 2770 2715 2770 2770] [2980 3070 3050 2775 2745 2660 2490 2585]
[2845 2885 2835 2990 2910 2765 2770 2640] [3035 3165 2840 2880 2790 2680 2365 2290]
[2535 2835 2895 2705 2790 2820 2780 2755] [2995 3035 2945 2890 2670 2390 2075 2340]
[2760 3040 2950 2695 2950 2910 2850 2700] [3140 2810 3105 2890 2615 2100 1970 2185]
[2900 2895 2955 2755 2930 2835 2920 2895] [2840 3110 2795 2555 2310 2270 2155 2285]
[2940 2935 2980 3000 2815 2945 2810 2580] [2845 2845 2355 2500 2245 2260 2310 2585]
[2795 2970 2835 2915 2765 2770 2500 2350] [2730 2385 2245 2145 1945 2100 2225 2700]
[2945 2865 2700 2875 2985 2900 2545 2240] [2760 2460 2000 2060 2250 2255 1860 2555]
COM7 1 30
4
[2785 2700 2755 2795 2770 2715 2770 2770] [2970 3080 3240 3155 2745 2575 2545 2560]
[2845 2885 2835 2990 2910 2765 2770 2640] [3110 2880 3180 2855 3080 2610 2510 2590]
[2535 2835 2895 2705 2790 2820 2780 2755] [2855 3190 2955 2790 3045 2795 2415 2405]
[2760 3040 2950 2695 2950 2910 2850 2700] [3195 3010 3225 2960 2835 2380 2230 2420]
[2900 2895 2955 2755 2930 2835 2920 2895] [2980 2880 3150 2905 2675 2495 2320 2600]
[2940 2935 2980 3000 2815 2945 2810 2580] [3195 2845 2860 2940 2520 2535 2370 2760]
[2795 2970 2835 2915 2765 2770 2500 2350] [3100 3465 3190 2705 2425 2105 2190 2610]
[2945 2865 2700 2875 2985 2900 2545 2240] [2825 2675 2740 2435 2355 2165 2265 2775]
COM3 0 31
4
[2900 2875 2735 2900 2820 2715 2975 2745] [2970 3080 3240 3155 2745 2575 2545 2560]
[2865 2980 2800 2780 2865 2850 2870 2820] [3110 2880 3180 2855 3080 2610 2510 2590]
[2855 2910 2970 2920 2845 2915 2795 2845] [2855 3190 2955 2790 3045 2795 2415 2405]
[2965 3055 2955 2765 2990 2825 2725 2790] [3195 3010 3225 2960 2835 2380 2230 2420]
[2860 2820 2895 2945 2910 2850 2920 2830] [2980 2880 3150 2905 2675 2495 2320 2600]
[2940 3065 2975 2915 2875 2815 2875 2610] [3195 2845 2860 2940 2520 2535 2370 2760]
[2730 2960 3010 2915 2810 2975 2695 2495] [3100 3465 3190 2705 2425 2105 2190 2610]
[3000 2775 3070 2845 2935 2885 2910 2720] [2825 2675 2740 2435 2355 2165 2265 2775]
COM7 1 32
4
[2900 2875 2735 2900 2820 2715 2975 2745] [2875 2920 3020 2900 2770 2735 2795 2630]
[2865 2980 2800 2780 2865 2850 2870 2820] [2815 3060 2995 2955 2825 2925 2570 2420]
[2855 2910 2970 2920 2845 2915 2795 2845] [2895 2870 3010 3080 2980 2695 2595 2345]
[2965 3055 2955 2765 2990 2825 2725 2790] [2875 2945 2935 2845 2830 2700 2585 2490]
[2860 2820 2895 2945 2910 2850 2920 2830] [2645 2640 2710 2790 2630 2750 2465 2425]
[2940 3065 2975 2915 2875 2815 2875 2610] [2790 2475 2300 2720 2530 2720 2530 2510]
[2730 2960 3010 2915 2810 2975 2695 2495] [2665 2695 2360 2540 2435 2500 2410 2520]
[3000 2775 3070 2845 2935 2885 2910 2720] [2840 2685 2570 2485 2200 2305 2210 2435]
COM3 0 33
4
[2805 2695 2860 2940 2800 2725 2805 2805] [2875 2920 3020 2900 2770 2735 2795 2630]
[2925 2925 2885 2800 2840 2775 2795 2850] [2815 3060 2995 2955 2825 2925 2570 2420]
[2770 2860 2900 2765 2715 2860 2765 2825] [2895 2870 3010 3080 2980 2695 2595 2345]
[2850 2895 3035 2830 2865 2840 2900 2705] [2875 2945 2935 2845 2830 2700 2585 2490]
[2995 2875 2800 2810 2945 2735 2975 2840] [2645 2640 2710 2790 2630 2750 2465 2425]
[2910 2945 3020 2935 2825 2815 2810 2460] [2790 2475 2300 2720 2530 2720 2530 2510]
[3015 2960 2895 2925 2720 3095 2675 2595] [2665 2695 2360 2540 2435 2500 2410 2520]
[3050 2845 2970 3010 2990 3000 2955 2665] [2840 2685 2570 2485 2200 2305 2210 2435]
COM7 1 34
4
[2805 2695 2860 2940 2800 2725 2805 2805] [2945 2845 2605 2405 2405 2470 2600 2565]
[2925 2925 2885 2800 2840 2775 2795 2850] [2860 2765 2710 2395 2415 2665 2590 2465]
[2770 2860 2900 2765 2715 2860 2765 2825] [2930 2740 2630 2525 2600 2565 2480 2485]
[2850 2895 3035 2830 2865 2840 2900 2705] [2945 3105 2510 2375 2455 2540 2555 2365]
[2995 2875 2800 2810 2945 2735 2975 2840] [2790 2700 2250 2270 2475 2555 2525 2480]
[2910 2945 3020 2935 2825 2815 2810 2460] [2780 2455 2200 2350 2550 2480 2415 2530]
[3015 2960 2895 2925 2720 3095 2675 2595] [2485 2540 2315 2285 2285 2400 2305 2630]
[3050 2845 2970 3010 2990 3000 2955 2665] [2380 2155 2120 2290 2085 2085 2285 2455]
COM3 0 35
4
[2720 2750 2690 2850 2800 2750 2755 2690] [2945 2845 2605 2405 2405 2470 2600 2565]
[3035 2920 2835 2915 2910 2865 2790 2700] [2860 2765 2710 2395 2415 2665 2590 2465]
[2920 2860 2965 2790 2800 2860 2760 2730] [2930 2740 2630 2525 2600 2565 2480 2485]
[2980 2810 2895 2800 2900 2720 2715 2685] [2945 3105 2510 2375 2455 2540 2555 2365]
[3070 2915 2895 2785 2980 2830 2870 2615] [2790 2700 2250 2270 2475 2555 2525 2480]
[2935 2990 2915 2940 2870 2835 2480 2465] [2780 2455 2200 2350 2550 2480 2415 2530]
[2815 2905 2600 2905 3045 2740 2345 2000] [2485 2540 2315 2285 2285 2400 2305 2630]
[2925 2995 2935 2905 2755 2465 2265 1900] [2380 2155 2120 2290 2085 2085 2285 2455]
COM7 1 36
4
[2720 2750 2690 2850 2800 2750 2755 2690] [2805 2760 2860 2530 2125 2075 2035 2415]
[3035 2920 2835 2915 2910 2865 2790 2700] [2910 2945 2770 2540 2370 2200 1920 2540]
[2920 2860 2965 2790 2800 2860 2760 2730] [2865 2795 2670 2365 2320 2085 2330 2690]
[2980 2810 2895 2800 2900 2720 2715 2685] [2895 2905 2530 2305 2075 2225 2495 2635]
[3070 2915 2895 2785 2980 2830 2870 2615] [2785 2715 2500 2130 1955 2345 2575 2940]
[2935 2990 2915 2940 2870 2835 2480 2465] [2620 2535 2150 2085 1885 2195 2510 2785]
[2815 2905 2600 2905 3045 2740 2345 2000] [2620 2505 2125 1745 1800 2190 2390 2815]
[2925 2995 2935 2905 2755 2465 2265 1900] [2525 2285 2175 1755 1820 1805 2240 2555]
COM3 0 37
4
[2690 2695 2535 2270 2390 2485 2710 2805] [2805 2760 2860 2530 2125 2075 2035 2415]
[2750 2705 2645 2455 2440 2415 2685 2795] [2910 2945 2770 2540 2370 2200 1920 2540]
[2775 2845 2825 2525 2415 2535 2605 2685] [2865 2795 2670 2365 2320 2085 2330 2690]
[2770 2885 2810 2600 2420 2430 2650 2850] [2895 2905 2530 2305 2075 2225 2495 2635]
[2915 2795 2940 2685 2345 2405 2570 2835] [2785 2715 2500 2130 1955 2345 2575 2940]
[2860 2765 3020 2720 2555 2265 2455 2715] [2620 2535 2150 2085 1885 2195 2510 2785]
[3035 2880 2815 2830 2305 2250 2075 2355] [2620 2505 2125 1745 1800 2190 2390 2815]
[3050 2830 2710 2685 2245 2395 2385 2345] [2525 2285 2175 1755 1820 1805 2240 2555]
COM7 1 38
4
[2690 2695 2535 2270 2390 2485 2710 2805] [2815 2875 3020 2810 2450 2265 2385 2615]
[2750 2705 2645 2455 2440 2415 2685 2795] [2870 2820 2835 2955 2495 2375 2290 2645]
[2775 2845 2825 2525 2415 2535 2605 2685] [2760 2925 2845 2870 2595 2105 2235 2480]
[2770 2885 2810 2600 2420 2430 2650 2850] [2795 2765 2900 2665 2405 2240 2065 2420]
[2915 2795 2940 2685 2345 2405 2570 2835] [2695 2600 2620 2470 2355 1945 2305 2520]
[2860 2765 3020 2720 2555 2265 2455 2715] [2630 2445 2415 2560 2305 2005 2400 2485]
[3035 2880 2815 2830 2305 2250 2075 2355] [2440 2480 2585 2330 2050 2110 2310 2545]
[3050 2830 2710 2685 2245 2395 2385 2345] [2455 2455 2360 2450 2160 2020 2285 2650]
COM3 0 39
4
[2860 2665 2740 2885 2740 2705 2650 2565] [2815 2875 3020 2810 2450 2265 2385 2615]
[2790 2980 2740 2955 2905 2885 2530 2380] [2870 2820 2835 2955 2495 2375 2290 2645]
[2735 2775 2870 2825 2745 2800 2580 2310] [2760 2925 2845 2870 2595 2105 2235 2480]
[3075 2835 2980 2780 2765 2835 2570 2285] [2795 2765 2900 2665 2405 2240 2065 2420]
[2890 2795 2870 2855 2900 2780 2490 2175] [2695 2600 2620 2470 2355 1945 2305 2520]
[2725 2885 2955 2985 2750 2880 2540 2170] [2630 2445 2415 2560 2305 2005 2400 2485]
[2920 3030 3015 2850 2880 2650 2420 2250] [2440 2480 2585 2330 2050 2110 2310 2545]
[2875 2935 2885 2870 2850 2775 2500 2120] [2455 2455 2360 2450 2160 2020 2285 2650]
COM7 1 40
4
[2860 2665 2740 2885 2740 2705 2650 2565] [2585 2760 2695 2805 2620 2470 2525 2380]
[2790 2980 2740 2955 2905 2885 2530 2380] [2750 2775 2710 2800 2690 2755 2435 2250]
[2735 2775 2870 2825 2745 2800 2580 2310] [2745 2725 2725 2770 2895 2570 2420 2085]
[3075 2835 2980 2780 2765 2835 2570 2285] [2775 3410 2985 2855 2640 2510 2255 1875]
[2890 2795 2870 2855 2900 2780 2490 2175] [2850 2845 2995 2750 2705 2440 2085 2155]
[2725 2885 2955 2985 2750 2880 2540 2170] [2700 2880 2710 2835 2555 2310 2215 2120]
[2920 3030 3015 2850 2880 2650 2420 2250] [2570 3050 2990 2645 2325 2015 2005 2225]
[2875 2935 2885 2870 2850 2775 2500 2120] [2615 2830 3090 2580 2130 1710 1825 2190]
COM3 0 41
4
[2780 2680 2825 2850 2790 2685 2765 2515] [2585 2760 2695 2805 2620 2470 2525 2380]
[3000 2875 2845 2770 2890 2850 2595 2375] [2750 2775 2710 2800 2690 2755 2435 2250]
[2935 2840 2910 2740 2800 2770 2540 2205] [2745 2725 2725 2770 2895 2570 2420 2085]
[2990 2875 2950 2800 2860 2635 2255 1950] [2775 3410 2985 2855 2640 2510 2255 1875]
[2970 3000 2985 2860 2760 2540 2215 1575] [2850 2845 2995 2750 2705 2440 2085 2155]
[2940 2860 2955 2740 2625 2485 2100 1585] [2700 2880 2710 2835 2555 2310 2215 2120]
[2790 2960 2685 2885 2635 2415 1680 1535] [2570 3050 2990 2645 2325 2015 2005 2225]
[3000 2840 2880 2845 2705 2505 2085 1665] [2615 2830 3090 2580 2130 1710 1825 2190]
COM7 1 42
4
[2780 2680 2825 2850 2790 2685 2765 2515] [2650 2440 2520 2620 3055 2900 2795 2685]
[3000 2875 2845 2770 2890 2850 2595 2375] [2755 2615 2550 2565 2755 2870 2845 2455]
[2935 2840 2910 2740 2800 2770 2540 2205] [2635 2445 2670 2715 2950 2865 2750 2480]
[2990 2875 2950 2800 2860 2635 2255 1950] [2850 2590 2590 2810 2845 2815 2675 2350]
[2970 3000 2985 2860 2760 2540 2215 1575] [2550 2460 2590 2720 2855 2905 2720 2420]
[2940 2860 2955 2740 2625 2485 2100 1585] [2490 2350 2510 2975 2945 2765 2605 2320]
[2790 2960 2685 2885 2635 2415 1680 1535] [2305 2410 2475 2635 2520 2395 2350 2175]
[3000 2840 2880 2845 2705 2505 2085 1665] [2365 2105 2410 2555 2440 2090 1985 1995]
COM3 0 43
4
[2775 2600 2750 2720 2695 2750 2810 2655] [2650 2440 2520 2620 3055 2900 2795 2685]
[2790 2875 2885 2935 2840 2740 2710 2580] [2755 2615 2550 2565 2755 2870 2845 2455]
[2720 2895 2880 2705 2810 2855 2585 2420] [2635 2445 2670 2715 2950 2865 2750 2480]
[2685 2905 2895 2765 2875 2785 2550 2350] [2850 2590 2590 2810 2845 2815 2675 2350]
[2930 3010 2960 2910 2785 2575 2760 2155] [2550 2460 2590 2720 2855 2905 2720 2420]
[2795 2710 2915 2895 2720 2595 2420 1985] [2490 2350 2510 2975 2945 2765 2605 2320]
[2855 2965 2615 2555 2500 2295 2050 1915] [2305 2410 2475 2635 2520 2395 2350 2175]
[3045 2870 2390 2430 2250 1935 2000 1870] [2365 2105 2410 2555 2440 2090 1985 1995]
COM7 1 44
4
[2775 2600 2750 2720 2695 2750 2810 2655] [2675 2615 2570 2270 2040 1945 2245 2520]
[2790 2875 2885 2935 2840 2740 2710 2580] [2550 2655 2430 2270 2045 2150 2165 2225]
[2720 2895 2880 2705 2810 2855 2585 2420] [2700 2460 2305 2005 2030 1980 2160 2365]
[2685 2905 2895 2765 2875 2785 2550 2350] [2780 2410 2080 1795 1780 2155 2355 2515]
[2930 3010 2960 2910 2785 2575 2760 2155] [2510 2175 1955 1825 1940 2365 2580 2780]
[2795 2710 2915 2895 2720 2595 2420 1985] [2440 1775 1785 1855 2000 2415 2720 2920]
[2855 2965 2615 2555 2500 2295 2050 1915] [2320 1930 1800 1645 1985 2390 2685 2935]
[3045 2870 2390 2430 2250 1935 2000 1870] [2210 1765 1675 1675 1820 2370 2665 2985]
COM3 0 45
4
[2975 2660 2655 2680 2665 2670 2870 2720] [2675 2615 2570 2270 2040 1945 2245 2520]
[2840 2795 2810 2835 2765 2670 2670 2730] [2550 2655 2430 2270 2045 2150 2165 2225]
[2755 2815 2890 2780 2820 2740 2520 2320] [2700 2460 2305 2005 2030 1980 2160 2365]
[2680 2900 2825 2655 2770 2655 2375 2285] [2780 2410 2080 1795 1780 2155 2355 2515]
[2905 2985 2810 2860 2910 2510 2340 1965] [2510 2175 1955 1825 1940 2365 2580 2780]
[3040 2785 3020 2855 2595 2410 2155 1750] [2440 1775 1785 1855 2000 2415 2720 2920]
[2910 2905 2780 2650 2530 2270 2005 2070] [2320 1930 1800 1645 1985 2390 2685 2935]
[2910 2910 2935 2430 2205 2010 2130 1835] [2210 1765 1675 1675 1820 2370 2665 2985]
COM7 1 46
4
[2975 2660 2655 2680 2665 2670 2870 2720] [2735 2660 2600 2290 2325 2585 2855 2810]
[2840 2795 2810 2835 2765 2670 2670 2730] [2835 2610 2440 2220 2445 2735 2815 2805]
[2755 2815 2890 2780 2820 2740 2520 2320] [2685 2585 2320 2315 2540 2660 2865 2910]
[2680 2900 2825 2655 2770 2655 2375 2285] [2645 2605 2235 2255 2590 2625 2920 2810]
[2905 2985 2810 2860 2910 2510 2340 1965] [2770 2370 2185 2020 2505 2745 2805 2990]
[3040 2785 3020 2855 2595 2410 2155 1750] [2425 2290 2110 2225 2405 2785 2845 2840]
[2910 2905 2780 2650 2530 2270 2005 2070] [2235 2335 2035 2090 2300 2925 3035 3200]
[2910 2910 2935 2430 2205 2010 2130 1835] [2270 2030 1935 2335 2520 2700 3125 3070]
COM3 0 47
4
[2770 2805 2805 2760 2760 2695 2700 2390] [2735 2660 2600 2290 2325 2585 2855 2810]
[2835 2930 2825 2765 2805 2745 2625 2315] [2835 2610 2440 2220 2445 2735 2815 2805]
[2740 2975 2805 2810 2600 2590 2430 2120] [2685 2585 2320 2315 2540 2660 2865 2910]
[2730 2855 2790 2870 2830 2375 2110 2040] [2645 2605 2235 2255 2590 2625 2920 2810]
[2905 2865 2810 2620 2580 2150 2120 1965] [2770 2370 2185 2020 2505 2745 2805 2990]
[3025 2925 2925 2720 2245 2100 1740 1585] [2425 2290 2110 2225 2405 2785 2845 2840]
[2835 2895 2575 2555 2220 1780 1510 1775] [2235 2335 2035 2090 2300 2925 3035 3200]
[2905 2795 2675 2380 1875 1670 1690 1590] [2270 2030 1935 2335 2520 2700 3125 3070]
COM7 1 48
4
[2770 2805 2805 2760 2760 2695 2700 2390] [2795 2980 2860 2810 2570 2425 2550 2790]
[2835 2930 2825 2765 2805 2745 2625 2315] [2745 2935 2980 2740 2370 2515 2625 2875]
[2740 2975 2805 2810 2600 2590 2430 2120] [2850 2980 2775 2605 2540 2560 2650 2830]
[2730 2855 2790 2870 2830 2375 2110 2040] [2735 2925 3005 2470 2250 2440 2715 2790]
[2905 2865 2810 2620 2580 2150 2120 1965] [2625 2720 2700 2410 2465 2525 2770 3075]
[3025 2925 2925 2720 2245 2100 1740 1585] [2440 2570 2485 2735 2390 2690 2945 2925]
[2835 2895 2575 2555 2220 1780 1510 1775] [2235 2665 2445 2440 2230 2670 3070 3065]
[2905 2795 2675 2380 1875 1670 1690 1590] [2390 2310 2300 2410 2290 2660 2960 2965]
COM3 0 49
4
[2870 2815 2750 2875 2860 2770 2820 2590] [2795 2980 2860 2810 2570 2425 2550 2790]
[2990 2890 2620 2960 2755 2785 2650 2700] [2745 2935 2980 2740 2370 2515 2625 2875]
[2775 2765 2865 2800 2825 2810 2685 2550] [2850 2980 2775 2605 2540 2560 2650 2830]
[2925 2915 2960 3000 2875 2730 2500 2105] [2735 2925 3005 2470 2250 2440 2715 2790]
[2970 2815 2905 2840 2885 2570 2560 2225] [2625 2720 2700 2410 2465 2525 2770 3075]
[2915 2955 2915 2950 2645 2605 2355 1645] [2440 2570 2485 2735 2390 2690 2945 2925]
[3015 2905 2905 2890 2730 2580 2100 1735] [2235 2665 2445 2440 2230 2670 3070 3065]
[2870 2735 2870 2915 2745 2505 2325 1810] [2390 2310 2300 2410 2290 2660 2960 2965]
COM7 1 50
4
[2870 2815 2750 2875 2860 2770 2820 2590] [2145 2145 2385 2445 2420 2420 2450 2740]
[2990 2890 2620 2960 2755 2785 2650 2700] [2085 2320 2405 2600 2455 2350 2460 2810]
[2775 2765 2865 2800 2825 2810 2685 2550] [2360 2315 2595 2585 2540 2315 2585 2700]
[2925 2915 2960 3000 2875 2730 2500 2105] [2220 2535 2790 2570 2225 2350 2670 2725]
[2970 2815 2905 2840 2885 2570 2560 2225] [2200 2555 2750 2415 2425 2465 2710 2910]
[2915 2955 2915 2950 2645 2605 2355 1645] [2375 2480 2520 2580 2450 2455 2760 2860]
[3015 2905 2905 2890 2730 2580 2100 1735] [2120 2595 2475 2225 2240 2455 2770 2915]
[2870 2735 2870 2915 2745 2505 2325 1810] [2140 2470 2395 2260 2270 2675 2815 3015]
COM3 0 51
4
[2710 2680 2750 2855 2615 2645 2640 2385] [2145 2145 2385 2445 2420 2420 2450 2740]
[2955 2960 2880 2945 2810 2765 2535 2225] [2085 2320 2405 2600 2455 2350 2460 2810]
[2790 2945 2770 2825 2740 2660 2525 2250] [2360 2315 2595 2585 2540 2315 2585 2700]
[2960 2845 2905 2810 2750 2590 2250 1880] [2220 2535 2790 2570 2225 2350 2670 2725]
[3145 2760 2840 2570 2485 2350 2270 1930] [2200 2555 2750 2415 2425 2465 2710 2910]
[2855 2860 2955 2730 2220 2220 1870 1755] [2375 2480 2520 2580 2450 2455 2760 2860]
[2865 2690 2480 2320 2025 1940 1780 1660] [2120 2595 2475 2225 2240 2455 2770 2915]
[2965 2710 2530 2125 1845 1865 2055 1745] [2140 2470 2395 2260 2270 2675 2815 3015]
COM7 1 52
4
[2710 2680 2750 2855 2615 2645 2640 2385] [2620 2340 2220 1935 2430 2520 2710 2910]
[2955 2960 2880 2945 2810 2765 2535 2225] [2375 2370 2110 1835 2350 2610 2795 2865]
[2790 2945 2770 2825 2740 2660 2525 2250] [2435 1985 1945 1975 2535 2710 2875 2875]
[2960 2845 2905 2810 2750 2590 2250 1880] [2335 2055 2160 2370 2540 2840 3025 2850]
[3145 2760 2840 2570 2485 2350 2270 1930] [2095 2105 2175 2365 2715 2840 2985 3005]
[2855 2860 2955 2730 2220 2220 1870 1755] [2075 1920 2085 2620 2855 2865 3010 2940]
[2865 2690 2480 2320 2025 1940 1780 1660] [1760 2050 2280 2580 2945 3045 2975 3245]
[2965 2710 2530 2125 1845 1865 2055 1745] [1845 1845 2260 2715 2885 3055 2970 2850]
COM3 0 53
4
[2950 2700 2765 2655 2815 2685 2950 2740] [2620 2340 2220 1935 2430 2520 2710 2910]
[2755 2785 2790 2695 2640 2675 2685 2810] [2375 2370 2110 1835 2350 2610 2795 2865]
[2610 2775 2480 2470 2390 2560 2675 2610] [2435 1985 1945 1975 2535 2710 2875 2875]
[2555 2855 2580 2310 2315 2395 2555 2675] [2335 2055 2160 2370 2540 2840 3025 2850]
[2800 2750 2745 2425 2485 2315 2675 2745] [2095 2105 2175 2365 2715 2840 2985 3005]
[2905 2800 2720 2455 2375 2390 2635 2720] [2075 1920 2085 2620 2855 2865 3010 2940]
[2790 2835 2610 2390 2255 2445 2605 2745] [1760 2050 2280 2580 2945 3045 2975 3245]
[3005 2800 2445 2235 2110 2425 2775 2590] [1845 1845 2260 2715 2885 3055 2970 2850]
COM7 1 54
4
[2950 2700 2765 2655 2815 2685 2950 2740] [2675 2400 2285 2385 2770 2870 2920 2985]
[2755 2785 2790 2695 2640 2675 2685 2810] [2500 2435 2265 2510 2780 2905 2905 2930]
[2610 2775 2480 2470 2390 2560 2675 2610] [2195 1960 2220 2540 2940 2855 2885 2905]
[2555 2855 2580 2310 2315 2395 2555 2675] [2165 2355 2425 2645 2845 2920 2925 2850]
[2800 2750 2745 2425 2485 2315 2675 2745] [1985 2355 2560 2595 3000 3045 3025 3010]
[2905 2800 2720 2455 2375 2390 2635 2720] [2115 2350 2480 2775 2865 2910 2960 3040]
[2790 2835 2610 2390 2255 2445 2605 2745] [1940 2370 2585 2895 2935 2815 3040 3145]
[3005 2800 2445 2235 2110 2425 2775 2590] [1920 2210 2560 2915 3000 2760 3105 3175]
COM3 0 55
4
[2610 2690 2515 2335 2425 2510 2735 2730] [2675 2400 2285 2385 2770 2870 2920 2985]
[2970 2910 2865 2480 2370 2420 2680 2770] [2500 2435 2265 2510 2780 2905 2905 2930]
[2870 2855 2770 2285 2345 2415 2590 2875] [2195 1960 2220 2540 2940 2855 2885 2905]
[2870 2870 2610 2345 2345 2220 2515 2585] [2165 2355 2425 2645 2845 2920 2925 2850]
[2970 2840 2825 2415 2025 2175 2465 2635] [1985 2355 2560 2595 3000 3045 3025 3010]
[2780 3035 2965 2500 2175 2100 2345 2475] [2115 2350 2480 2775 2865 2910 2960 3040]
[2800 2975 2560 2580 2005 1935 2010 2255] [1940 2370 2585 2895 2935 2815 3040 3145]
[2960 2920 2820 2585 2160 1815 2025 1775] [1920 2210 2560 2915 3000 2760 3105 3175]
COM7 1 56
4
[2610 2690 2515 2335 2425 2510 2735 2730] [2680 2740 2265 2110 2430 2530 2780 2875]
[2970 2910 2865 2480 2370 2420 2680 2770] [2765 2700 2540 2220 2240 2530 2810 2730]
[2870 2855 2770 2285 2345 2415 2590 2875] [2705 2585 2315 2160 2385 2630 2815 2835]
[2870 2870 2610 2345 2345 2220 2515 2585] [2740 2340 2350 2125 2225 2630 2820 2880]
[2970 2840 2825 2415 2025 2175 2465 2635] [2595 2405 2195 2100 2360 2715 2865 3010]
[2780 3035 2965 2500 2175 2100 2345 2475] [2345 2065 2160 2290 2480 2750 3085 2900]
[2800 2975 2560 2580 2005 1935 2010 2255] [2320 2295 2025 2185 2755 2935 3000 2925]
[2960 2920 2820 2585 2160 1815 2025 1775] [2215 1805 1820 2330 2650 2985 2985 3010]
COM3 0 57
4
[2625 2810 2840 2850 2770 2750 2570 2215] [2680 2740 2265 2110 2430 2530 2780 2875]
[2830 2935 2835 2775 2770 2750 2510 2085] [2765 2700 2540 2220 2240 2530 2810 2730]
[2610 3005 2900 2845 2710 2685 2300 2210] [2705 2585 2315 2160 2385 2630 2815 2835]
[2880 2840 2845 2820 2775 2475 2265 2230] [2740 2340 2350 2125 2225 2630 2820 2880]
[3120 2850 2850 2860 2765 2380 2350 2010] [2595 2405 2195 2100 2360 2715 2865 3010]
[2965 2970 2965 2845 2595 2390 2180 1780] [2345 2065 2160 2290 2480 2750 3085 2900]
[2795 3040 2870 2855 2620 2190 1965 1640] [2320 2295 2025 2185 2755 2935 3000 2925]
[3170 2940 2760 2805 2585 2360 1740 1620] [2215 1805 1820 2330 2650 2985 2985 3010]
COM7 1 58
4
[2625 2810 2840 2850 2770 2750 2570 2215] [2820 2860 2690 2260 2415 2565 2830 2990]
[2830 2935 2835 2775 2770 2750 2510 2085] [2645 2720 2610 2250 2325 2605 2895 2885]
[2610 3005 2900 2845 2710 2685 2300 2210] [2945 2640 2360 2135 2540 2720 2825 2900]
[2880 2840 2845 2820 2775 2475 2265 2230] [2780 2600 2450 2290 2410 2615 2935 2840]
[3120 2850 2850 2860 2765 2380 2350 2010] [2625 2510 2245 2095 2555 2865 2910 2965]
[2965 2970 2965 2845 2595 2390 2180 1780] [2535 2405 2055 2420 2675 2825 3015 2995]
[2795 3040 2870 2855 2620 2190 1965 1640] [2075 2125 2225 2440 2865 2990 3115 3005]
[3170 2940 2760 2805 2585 2360 1740 1620] [1950 2015 2070 2580 2820 2845 2975 2975]
COM3 0 59
4
[2645 2720 2815 2815 2705 2560 2380 2055] [2820 2860 2690 2260 2415 2565 2830 2990]
[3055 2880 2915 2785 2605 2605 2190 1995] [2645 2720 2610 2250 2325 2605 2895 2885]
[2610 2845 2665 2710 2505 2425 2090 1875] [2945 2640 2360 2135 2540 2720 2825 2900]
[2605 2895 2855 2565 2475 2270 1955 1665] [2780 2600 2450 2290 2410 2615 2935 2840]
[2805 2760 2805 2375 2370 1965 1785 1825] [2625 2510 2245 2095 2555 2865 2910 2965]
[2970 2655 2680 2235 1805 1785 1815 1840] [2535 2405 2055 2420 2675 2825 3015 2995]
[2640 2640 2255 2050 1680 1635 1630 1600] [2075 2125 2225 2440 2865 2990 3115 3005]
[2940 2395 2160 1825 1610 1705 1875 1685] [1950 2015 2070 2580 2820 2845 2975 2975]
COM7 1 60
4
[2645 2720 2815 2815 2705 2560 2380 2055] [1945 2250 2230 2260 2645 2620 2870 2915]
[3055 2880 2915 2785 2605 2605 2190 1995] [2005 2105 2210 2315 2525 2870 2805 2840]
[2610 2845 2665 2710 2505 2425 2090 1875] [1925 1955 2105 2390 2760 3005 2745 2795]
[2605 2895 2855 2565 2475 2270 1955 1665] [1775 2485 2450 2680 2795 2885 2885 2790]
[2805 2760 2805 2375 2370 1965 1785 1825] [1730 2380 2565 2775 2845 2840 3015 2865]
[2970 2655 2680 2235 1805 1785 1815 1840] [2240 2400 2690 2965 2945 2870 3020 3005]
[2640 2640 2255 2050 1680 1635 1630 1600] [1960 2550 2740 3145 2920 2960 2845 3005]
[2940 2395 2160 1825 1610 1705 1875 1685] [2005 2520 2820 3080 2990 2860 2925 2850]
COM3 0 61
4
[2675 2800 2880 2925 2760 2715 2885 2735] [1945 2250 2230 2260 2645 2620 2870 2915]
[3005 2925 2880 2915 2785 2820 2730 2610] [2005 2105 2210 2315 2525 2870 2805 2840]
[2820 2960 2830 2755 2680 2745 2695 2465] [1925 1955 2105 2390 2760 3005 2745 2795]
[2780 3005 3025 2970 2900 2925 2675 2355] [1775 2485 2450 2680 2795 2885 2885 2790]
[3070 2795 3025 2770 2965 2765 2705 2400] [1730 2380 2565 2775 2845 2840 3015 2865]
[2785 2955 2930 2835 2725 2790 2410 2345] [2240 2400 2690 2965 2945 2870 3020 3005]
[3015 2905 2990 2960 2705 2600 2295 2050] [1960 2550 2740 3145 2920 2960 2845 3005]
[3135 2770 2920 2870 2560 2315 2050 2005] [2005 2520 2820 3080 2990 2860 2925 2850]
COM7 1 62
4
[2675 2800 2880 2925 2760 2715 2885 2735] [2175 2710 2875 2755 3030 2730 2775 2800]
[3005 2925 2880 2915 2785 2820 2730 2610] [2140 2720 2765 2875 2690 2905 2675 2885]
[2820 2960 2830 2755 2680 2745 2695 2465] [2555 2650 2900 2895 2890 2710 2760 2810]
[2780 3005 3025 2970 2900 2925 2675 2355] [2340 2850 3020 2895 2780 2850 2840 2760]
[3070 2795 3025 2770 2965 2765 2705 2400] [2210 2660 2995 2845 2840 2845 2890 2895]
[2785 2955 2930 2835 2725 2790 2410 2345] [2405 2730 3045 3030 2920 2850 2825 2925]
[3015 2905 2990 2960 2705 2600 2295 2050] [2540 2985 2990 2945 2880 2915 3005 3040]
[3135 2770 2920 2870 2560 2315 2050 2005] [2565 2905 3115 3025 2795 2775 2725 2900]
COM3 0 63
4
[2800 2700 2795 2810 2745 2695 2725 2610] [2175 2710 2875 2755 3030 2730 2775 2800]
[2940 2815 2775 2885 2805 2855 2770 2555] [2140 2720 2765 2875 2690 2905 2675 2885]
[2790 2875 2900 2840 2740 2845 2620 2530] [2555 2650 2900 2895 2890 2710 2760 2810]
[2675 2750 2860 2820 2915 2745 2460 2210] [2340 2850 3020 2895 2780 2850 2840 2760]
[2825 2870 2825 2765 2840 2495 2425 2245] [2210 2660 2995 2845 2840 2845 2890 2895]
[2680 2945 3000 2940 2490 2340 2085 1780] [2405 2730 3045 3030 2920 2850 2825 2925]
[2945 2795 2845 2550 2170 2070 1680 1980] [2540 2985 2990 2945 2880 2915 3005 3040]
[3095 2830 2530 2460 1995 1905 1915 1885] [2565 2905 3115 3025 2795 2775 2725 2900]
COM7 1 64
4
[2800 2700 2795 2810 2745 2695 2725 2610] [2400 2555 2675 2835 2900 2885 2925 2980]
[2940 2815 2775 2885 2805 2855 2770 2555] [2505 2580 2895 2915 2755 2980 2920 2935]
[2790 2875 2900 2840 2740 2845 2620 2530] [2430 2515 2835 2925 3000 2980 2960 2845]
[2675 2750 2860 2820 2915 2745 2460 2210] [2475 2555 2905 3035 2960 2920 2920 2880]
[2825 2870 2825 2765 2840 2495 2425 2245] [2335 2665 2935 2950 2890 2975 3015 3030]
[2680 2945 3000 2940 2490 2340 2085 1780] [2330 2715 2770 3105 2920 3055 3020 3035]
[2945 2795 2845 2550 2170 2070 1680 1980] [2475 2910 3065 2910 2875 3070 2935 3200]
[3095 2830 2530 2460 1995 1905 1915 1885] [2450 2820 3125 3120 3070 2875 2985 2965]
COM3 0 65
4
[2895 2740 2960 2885 2760 2705 2725 2530] [2400 2555 2675 2835 2900 2885 2925 2980]
[2895 2885 2880 2770 2785 2785 2675 2465] [2505 2580 2895 2915 2755 2980 2920 2935]
[2785 2860 2860 2730 2810 2790 2555 2225] [2430 2515 2835 2925 3000 2980 2960 2845]
[2665 2855 2825 2845 2775 2635 2370 1990] [2475 2555 2905 3035 2960 2920 2920 2880]
[3070 2900 2940 2600 2940 2495 2055 1835] [2335 2665 2935 2950 2890 2975 3015 3030]
[2945 2780 2890 2960 2625 2305 1870 1555] [2330 2715 2770 3105 2920 3055 3020 3035]
[3000 2805 2650 2815 2495 2010 1525 1555] [2475 2910 3065 2910 2875 3070 2935 3200]
[2950 2935 2760 2665 2310 1935 1940 1540] [2450 2820 3125 3120 3070 2875 2985 2965]