COM7 0 6
0
[2940 2920 2690 2890 3005 2730 2930 2940] [3275 3165 3240 3105 3180 3050 3175 3265]
[3030 2985 2735 2955 2945 2810 2980 2640] [3220 3210 3185 3220 3025 3175 3175 2965]
[2795 2870 2915 2775 2870 3010 2920 2900] [3075 3200 3370 3305 3215 3120 3120 3125]
[2850 3050 3035 2905 3030 2880 2970 2740] [3255 3400 3100 3155 3150 3080 3075 2940]
[3060 2925 2810 2795 2945 2945 3130 2935] [3225 3160 3255 3075 3200 3330 3300 3130]
[3060 2970 3045 2855 2765 2880 3130 2740] [3195 3300 3270 3285 3100 3160 3230 3085]
[3140 3000 2835 3190 2805 2840 2865 2875] [3130 3430 3210 3350 3345 3205 3355 3240]
[3010 3160 3050 3025 2995 2765 3015 2955] [3310 3415 3370 3400 3280 3135 3170 3280]
COM3 1 7
0
[2940 2920 2690 2890 3005 2730 2930 2940] [3270 3275 3195 3235 3130 3125 3260 3185]
[3030 2985 2735 2955 2945 2810 2980 2640] [3160 3130 3470 3220 3260 3225 3360 3135]
[2795 2870 2915 2775 2870 3010 2920 2900] [3585 3370 3275 3210 3270 3370 3155 3035]
[2850 3050 3035 2905 3030 2880 2970 2740] [3330 3365 3345 3290 3440 3240 3245 3240]
[3060 2925 2810 2795 2945 2945 3130 2935] [3465 3445 3490 3370 3100 3220 3245 3265]
[3060 2970 3045 2855 2765 2880 3130 2740] [3165 3410 3385 3300 3240 3440 3500 3260]
[3140 3000 2835 3190 2805 2840 2865 2875] [3610 3370 3420 3345 3310 3150 3265 3515]
[3010 3160 3050 3025 2995 2765 3015 2955] [3545 3440 3350 3390 3325 3370 3470 3395]
COM7 0 8
0
[3030 2950 3095 3110 3080 2965 2870 2960] [3270 3275 3195 3235 3130 3125 3260 3185]
[3080 3115 2985 2960 3040 2955 2945 2960] [3160 3130 3470 3220 3260 3225 3360 3135]
[3015 2990 3035 2930 2940 3010 2980 3005] [3585 3370 3275 3210 3270 3370 3155 3035]
[2890 3010 3075 2935 3125 3150 3025 3050] [3330 3365 3345 3290 3440 3240 3245 3240]
[3145 2975 3075 3015 3145 2990 3130 3125] [3465 3445 3490 3370 3100 3220 3245 3265]
[3000 3085 3275 2970 2975 2995 3090 2970] [3165 3410 3385 3300 3240 3440 3500 3260]
[3075 3140 3090 3030 3015 3295 2905 3050] [3610 3370 3420 3345 3310 3150 3265 3515]
[3090 3195 3065 3115 3135 3050 3340 3095] [3545 3440 3350 3390 3325 3370 3470 3395]
COM3 1 9
0
[3030 2950 3095 3110 3080 2965 2870 2960] [3200 3275 3260 3050 3145 3095 3075 3305]
[3080 3115 2985 2960 3040 2955 2945 2960] [3260 3210 3220 3115 3190 3315 3225 3025]
[3015 2990 3035 2930 2940 3010 2980 3005] [3165 3215 3305 3040 3220 3125 3125 3195]
[2890 3010 3075 2935 3125 3150 3025 3050] [3450 3215 3305 3345 3345 3070 3035 3025]
[3145 2975 3075 3015 3145 2990 3130 3125] [3275 3195 3295 3140 3155 3175 3105 3290]
[3000 3085 3275 2970 2975 2995 3090 2970] [3215 3095 3295 3515 3220 3175 3230 3350]
[3075 3140 3090 3030 3015 3295 2905 3050] [3360 3370 3310 3175 3155 3260 3185 3270]
[3090 3195 3065 3115 3135 3050 3340 3095] [3270 3385 3220 3295 3230 3070 3380 3425]
COM7 0 10
0
[3075 2940 2965 3060 2990 2975 3020 2940] [3200 3275 3260 3050 3145 3095 3075 3305]
[2960 3130 2880 3075 2965 2950 2930 3095] [3260 3210 3220 3115 3190 3315 3225 3025]
[2860 2990 3050 3045 2930 2925 2935 3025] [3165 3215 3305 3040 3220 3125 3125 3195]
[3020 3085 3005 3035 3055 3210 3085 3025] [3450 3215 3305 3345 3345 3070 3035 3025]
[3040 3185 2995 3060 3195 3015 3315 3130] [3275 3195 3295 3140 3155 3175 3105 3290]
[3010 3035 3290 3150 2920 3100 3190 2975] [3215 3095 3295 3515 3220 3175 3230 3350]
[2895 3080 2995 2985 3055 3315 2865 3000] [3360 3370 3310 3175 3155 3260 3185 3270]
[3450 3200 3195 3100 2990 3075 3170 3200] [3270 3385 3220 3295 3230 3070 3380 3425]
COM3 1 11
0
[3075 2940 2965 3060 2990 2975 3020 2940] [3220 3135 3270 3265 3120 3125 3110 3205]
[2960 3130 2880 3075 2965 2950 2930 3095] [3320 3250 3345 3300 3285 3345 2980 3085]
[2860 2990 3050 3045 2930 2925 2935 3025] [3255 3190 3280 3260 3215 3300 3275 2940]
[3020 3085 3005 3035 3055 3210 3085 3025] [3565 3575 3105 3280 3190 3290 3230 3150]
[3040 3185 2995 3060 3195 3015 3315 3130] [3505 3470 3275 3235 3335 3250 3105 3250]
[3010 3035 3290 3150 2920 3100 3190 2975] [3235 3345 3285 3380 3215 3255 3235 3515]
[2895 3080 2995 2985 3055 3315 2865 3000] [3475 3465 3415 3495 3285 3090 3415 3150]
[3450 3200 3195 3100 2990 3075 3170 3200] [3380 3355 3210 3485 3360 3375 3275 3450]
COM7 0 12
0
[2905 2870 2800 3175 2870 3020 3080 2875] [3220 3135 3270 3265 3120 3125 3110 3205]
[3080 3070 3090 2985 2990 3010 3045 3005] [3320 3250 3345 3300 3285 3345 2980 3085]
[2935 2840 3065 3015 3025 3010 3175 3225] [3255 3190 3280 3260 3215 3300 3275 2940]
[3070 2850 3110 2885 3095 2985 2945 3035] [3565 3575 3105 3280 3190 3290 3230 3150]
[2970 2945 3070 2880 3200 2980 3080 3010] [3505 3470 3275 3235 3335 3250 3105 3250]
[3175 2935 3285 3030 3140 3055 3130 3060] [3235 3345 3285 3380 3215 3255 3235 3515]
[2895 2975 2910 3140 3010 3030 3065 3010] [3475 3465 3415 3495 3285 3090 3415 3150]
[3225 3120 3035 3020 2850 3225 3045 3040] [3380 3355 3210 3485 3360 3375 3275 3450]
COM3 1 13
0
[2905 2870 2800 3175 2870 3020 3080 2875] [3370 3070 3270 3355 3415 3255 3250 3230]
[3080 3070 3090 2985 2990 3010 3045 3005] [3360 3340 3290 3210 3215 3275 3205 3185]
[2935 2840 3065 3015 3025 3010 3175 3225] [3275 3335 3375 3235 3370 3100 3170 3030]
[3070 2850 3110 2885 3095 2985 2945 3035] [3330 3295 3270 3330 3200 3160 3135 3205]
[2970 2945 3070 2880 3200 2980 3080 3010] [3425 3455 3385 3135 3100 3250 3330 3070]
[3175 2935 3285 3030 3140 3055 3130 3060] [3270 3230 3255 3270 3310 3320 3370 3375]
[2895 2975 2910 3140 3010 3030 3065 3010] [3515 3605 3410 3390 3405 3450 3370 3375]
[3225 3120 3035 3020 2850 3225 3045 3040] [3480 3500 3320 3385 3070 3505 3450 3525]
COM7 0 14
0
[2915 2870 2935 2855 2955 2890 3080 2915] [3370 3070 3270 3355 3415 3255 3250 3230]
[2975 3015 2790 2970 2970 3050 2865 2930] [3360 3340 3290 3210 3215 3275 3205 3185]
[2900 2965 3065 3020 2960 2990 2900 2875] [3275 3335 3375 3235 3370 3100 3170 3030]
[2960 3070 3160 2855 3035 3045 2795 2985] [3330 3295 3270 3330 3200 3160 3135 3205]
[3150 2925 3010 3015 3070 2995 3105 2995] [3425 3455 3385 3135 3100 3250 3330 3070]
[2830 3000 3120 3080 2875 2965 3055 3000] [3270 3230 3255 3270 3310 3320 3370 3375]
[2890 2985 2965 3030 2890 2940 2925 2830] [3515 3605 3410 3390 3405 3450 3370 3375]
[3095 3030 3305 3000 3055 2885 3315 3015] [3480 3500 3320 3385 3070 3505 3450 3525]
COM3 1 15
0
[2915 2870 2935 2855 2955 2890 3080 2915] [3160 3205 3090 3205 3405 3075 3115 3125]
[2975 3015 2790 2970 2970 3050 2865 2930] [3165 3180 3315 3240 3110 3315 3245 3020]
[2900 2965 3065 3020 2960 2990 2900 2875] [3285 3325 3200 3150 3295 3035 3200 3005]
[2960 3070 3160 2855 3035 3045 2795 2985] [3255 3345 3335 3280 3170 3070 3170 3165]
[3150 2925 3010 3015 3070 2995 3105 2995] [3305 3345 3295 3125 3190 3125 3095 3165]
[2830 3000 3120 3080 2875 2965 3055 3000] [3290 3200 3185 3350 3250 3400 3310 3105]
[2890 2985 2965 3030 2890 2940 2925 2830] [3285 3380 3280 3245 3270 3380 3320 3355]
[3095 3030 3305 3000 3055 2885 3315 3015] [3510 3385 3230 3335 3360 3300 3200 3335]
COM7 0 16
0
[2780 2505 2705 2605 2775 2675 2760 2790] [3160 3205 3090 3205 3405 3075 3115 3125]
[3030 2890 2605 2800 2745 2725 2780 2890] [3165 3180 3315 3240 3110 3315 3245 3020]
[2765 2795 2815 2690 2750 2920 2800 2845] [3285 3325 3200 3150 3295 3035 3200 3005]
[2880 2795 2910 2800 2910 2780 2705 2755] [3255 3345 3335 3280 3170 3070 3170 3165]
[2980 3000 2960 2725 2875 2605 2950 3035] [3305 3345 3295 3125 3190 3125 3095 3165]
[2780 2905 3040 2845 2755 2995 2735 2930] [3290 3200 3185 3350 3250 3400 3310 3105]
[2790 2945 2845 3290 2765 2900 2820 2940] [3285 3380 3280 3245 3270 3380 3320 3355]
[3045 3030 2905 3010 2825 2890 2940 3040] [3510 3385 3230 3335 3360 3300 3200 3335]
COM3 1 17
0
[2780 2505 2705 2605 2775 2675 2760 2790] [3350 3275 3235 3245 3220 3085 3080 3040]
[3030 2890 2605 2800 2745 2725 2780 2890] [3160 3140 3080 3160 3170 3180 3270 2870]
[2765 2795 2815 2690 2750 2920 2800 2845] [3310 3505 3370 3265 3280 3170 3335 2960]
[2880 2795 2910 2800 2910 2780 2705 2755] [3305 3265 3325 3280 3075 3130 3050 2985]
[2980 3000 2960 2725 2875 2605 2950 3035] [3270 3370 3175 3140 3155 3245 3105 3070]
[2780 2905 3040 2845 2755 2995 2735 2930] [3140 3400 3205 3490 3310 3105 3175 3370]
[2790 2945 2845 3290 2765 2900 2820 2940] [3390 3125 3465 3445 3210 3355 3170 3325]
[3045 3030 2905 3010 2825 2890 2940 3040] [3375 3275 3250 3320 3325 3370 3290 3225]
COM7 0 18
0
[3045 2865 2960 2980 3050 3000 3100 2930] [3350 3275 3235 3245 3220 3085 3080 3040]
[2970 2995 3210 2885 2950 3040 2995 3035] [3160 3140 3080 3160 3170 3180 3270 2870]
[2845 3065 3030 3095 2915 3055 2920 2990] [3310 3505 3370 3265 3280 3170 3335 2960]
[2795 2965 3160 3085 3035 3040 3090 2965] [3305 3265 3325 3280 3075 3130 3050 2985]
[3035 2990 3070 2875 3130 2960 3035 3055] [3270 3370 3175 3140 3155 3245 3105 3070]
[3210 3065 3215 3005 2850 3025 3135 3000] [3140 3400 3205 3490 3310 3105 3175 3370]
[3245 3065 3130 3305 3035 3040 3030 3160] [3390 3125 3465 3445 3210 3355 3170 3325]
[3195 3200 3275 3000 3075 3085 3225 3175] [3375 3275 3250 3320 3325 3370 3290 3225]
COM3 1 19
0
[3045 2865 2960 2980 3050 3000 3100 2930] [3330 3110 3100 3180 3120 3115 3040 2560]
[2970 2995 3210 2885 2950 3040 2995 3035] [3145 3125 3235 3230 3095 3275 2910 2735]
[2845 3065 3030 3095 2915 3055 2920 2990] [3300 3380 3285 3175 3225 3225 3130 2610]
[2795 2965 3160 3085 3035 3040 3090 2965] [3255 3320 3215 3200 3360 3010 3125 2670]
[3035 2990 3070 2875 3130 2960 3035 3055] [3185 3300 3265 2925 3200 3280 3195 2795]
[3210 3065 3215 3005 2850 3025 3135 3000] [3265 3110 3255 3210 3340 3295 3300 3015]
[3245 3065 3130 3305 3035 3040 3030 3160] [3115 3150 3435 3250 3430 3095 3170 3150]
[3195 3200 3275 3000 3075 3085 3225 3175] [3465 3315 3075 3535 3265 3300 3295 3105]
COM7 0 20
0
[2855 2570 2865 2585 2820 2830 2960 2825] [3330 3110 3100 3180 3120 3115 3040 2560]
[2805 2945 2810 2860 2720 2955 2805 2735] [3145 3125 3235 3230 3095 3275 2910 2735]
[2635 2980 2925 2790 2735 2785 2825 2970] [3300 3380 3285 3175 3225 3225 3130 2610]
[2925 2810 2850 2825 2800 2805 2890 2845] [3255 3320 3215 3200 3360 3010 3125 2670]
[2790 2850 3010 2850 2810 2780 2990 3135] [3185 3300 3265 2925 3200 3280 3195 2795]
[2850 2755 2895 2935 2925 2965 2865 2755] [3265 3110 3255 3210 3340 3295 3300 3015]
[2970 2990 2875 3040 2970 2825 2840 2895] [3115 3150 3435 3250 3430 3095 3170 3150]
[2965 3085 2850 3005 2935 2840 3050 2895] [3465 3315 3075 3535 3265 3300 3295 3105]
COM3 1 21
0
[2855 2570 2865 2585 2820 2830 2960 2825] [3565 3090 3200 3055 3240 3100 2985 2620]
[2805 2945 2810 2860 2720 2955 2805 2735] [3145 3295 3265 3165 3010 3185 3035 2350]
[2635 2980 2925 2790 2735 2785 2825 2970] [3070 3210 3275 3155 3350 3100 3025 2515]
[2925 2810 2850 2825 2800 2805 2890 2845] [3240 3355 3380 3245 3165 3175 3130 2655]
[2790 2850 3010 2850 2810 2780 2990 3135] [3275 3275 3340 3240 3075 3155 3105 2770]
[2850 2755 2895 2935 2925 2965 2865 2755] [3210 3180 3270 3320 3210 3425 3175 3100]
[2970 2990 2875 3040 2970 2825 2840 2895] [3265 3260 3275 3340 3255 3190 3400 3110]
[2965 3085 2850 3005 2935 2840 3050 2895] [3555 3400 3555 3595 3140 3075 3260 3115]
COM7 0 22
0
[3115 2995 3025 3225 3060 3240 3100 2965] [3565 3090 3200 3055 3240 3100 2985 2620]
[3205 2975 3180 3015 3195 3080 3190 3115] [3145 3295 3265 3165 3010 3185 3035 2350]
[3085 3090 3200 3045 3095 3075 3115 3150] [3070 3210 3275 3155 3350 3100 3025 2515]
[3170 3090 3220 3165 3185 3105 3105 3115] [3240 3355 3380 3245 3165 3175 3130 2655]
[3355 3185 3145 3075 3340 3195 3130 3340] [3275 3275 3340 3240 3075 3155 3105 2770]
[3280 3170 3245 3210 3100 3095 3265 3100] [3210 3180 3270 3320 3210 3425 3175 3100]
[3285 3350 3090 3205 3235 3080 3020 3165] [3265 3260 3275 3340 3255 3190 3400 3110]
[3405 3240 3375 3200 3330 3275 3420 3000] [3555 3400 3555 3595 3140 3075 3260 3115]
COM3 1 23
0
[3115 2995 3025 3225 3060 3240 3100 2965] [3045 3105 3020 3185 3035 2970 2645 2545]
[3205 2975 3180 3015 3195 3080 3190 3115] [2985 3090 3025 3130 3005 3070 2705 2380]
[3085 3090 3200 3045 3095 3075 3115 3150] [2975 3235 3135 3030 3245 2945 2740 2315]
[3170 3090 3220 3165 3185 3105 3105 3115] [3205 3015 3265 3185 3195 3070 2935 2370]
[3355 3185 3145 3075 3340 3195 3130 3340] [3215 3210 3175 2925 3045 3120 3105 2595]
[3280 3170 3245 3210 3100 3095 3265 3100] [2920 3050 3170 3270 3270 3070 3065 2975]
[3285 3350 3090 3205 3235 3080 3020 3165] [3175 3485 3345 3110 3075 3050 3185 3130]
[3405 3240 3375 3200 3330 3275 3420 3000] [3260 3235 3215 3380 3080 3020 3275 3000]
COM7 0 24
0
[2975 2920 2620 2890 3015 2855 2915 3045] [3045 3105 3020 3185 3035 2970 2645 2545]
[2950 3100 2740 3020 2795 2765 2865 2955] [2985 3090 3025 3130 3005 3070 2705 2380]
[2925 3040 2940 2955 2740 2870 2940 2935] [2975 3235 3135 3030 3245 2945 2740 2315]
[2740 2845 3030 2840 3045 2890 2865 2945] [3205 3015 3265 3185 3195 3070 2935 2370]
[3005 3005 3115 3010 3045 2770 3125 2925] [3215 3210 3175 2925 3045 3120 3105 2595]
[3055 3090 3140 2960 2875 2865 3040 2990] [2920 3050 3170 3270 3270 3070 3065 2975]
[2995 3080 3020 3045 3170 3095 2680 2955] [3175 3485 3345 3110 3075 3050 3185 3130]
[3165 3010 3185 3075 3020 3210 3110 2945] [3260 3235 3215 3380 3080 3020 3275 3000]
COM3 1 25
0
[2975 2920 2620 2890 3015 2855 2915 3045] [3485 3375 3500 3330 3205 3420 2900 2625]
[2950 3100 2740 3020 2795 2765 2865 2955] [3315 3315 3600 3300 3370 3205 3030 2475]
[2925 3040 2940 2955 2740 2870 2940 2935] [3500 3555 3425 3395 3435 3335 3090 2535]
[2740 2845 3030 2840 3045 2890 2865 2945] [3335 3340 3475 3610 3425 3375 3280 2700]
[3005 3005 3115 3010 3045 2770 3125 2925] [3515 3615 3550 3590 3350 3385 3395 2775]
[3055 3090 3140 2960 2875 2865 3040 2990] [3535 3490 3320 3475 3280 3310 3265 3085]
[2995 3080 3020 3045 3170 3095 2680 2955] [3485 3540 3740 3455 3465 3470 3470 3080]
[3165 3010 3185 3075 3020 3210 3110 2945] [3420 3645 3550 3490 3305 3260 3525 2965]
COM7 0 26
0
[2790 2635 2610 2670 2780 2825 2885 2880] [3485 3375 3500 3330 3205 3420 2900 2625]
[3025 2830 2960 2760 2775 2810 2940 2940] [3315 3315 3600 3300 3370 3205 3030 2475]
[2625 2665 2735 2735 2810 2820 2795 2990] [3500 3555 3425 3395 3435 3335 3090 2535]
[2875 2910 2885 2750 2750 2895 2965 3005] [3335 3340 3475 3610 3425 3375 3280 2700]
[3060 2765 2895 2950 3010 2795 3030 3000] [3515 3615 3550 3590 3350 3385 3395 2775]
[2785 2950 3150 2965 2910 2995 2875 2840] [3535 3490 3320 3475 3280 3310 3265 3085]
[2775 2970 3075 2885 2670 2785 2810 2865] [3485 3540 3740 3455 3465 3470 3470 3080]
[3090 2780 2895 2965 2905 2760 3170 3025] [3420 3645 3550 3490 3305 3260 3525 2965]
COM3 1 27
0
[2790 2635 2610 2670 2780 2825 2885 2880] [3355 3175 3195 3210 3175 3060 2735 2520]
[3025 2830 2960 2760 2775 2810 2940 2940] [3150 3265 3245 3115 3215 3120 2815 2345]
[2625 2665 2735 2735 2810 2820 2795 2990] [3240 3185 3225 3155 3205 3125 2955 2300]
[2875 2910 2885 2750 2750 2895 2965 3005] [2980 3265 3210 3330 3325 3240 3075 2420]
[3060 2765 2895 2950 3010 2795 3030 3000] [3430 3270 3380 3050 3240 3135 3090 2630]
[2785 2950 3150 2965 2910 2995 2875 2840] [3130 3265 3210 3240 3245 3295 3175 2760]
[2775 2970 3075 2885 2670 2785 2810 2865] [3260 3465 3305 3280 3270 3345 3245 3060]
[3090 2780 2895 2965 2905 2760 3170 3025] [3695 3430 3475 3325 3085 3075 3210 2945]
COM7 0 28
0
[2755 2790 2850 2875 2885 3010 2880 2920] [3355 3175 3195 3210 3175 3060 2735 2520]
[2900 2960 2945 2895 3025 2755 2805 2890] [3150 3265 3245 3115 3215 3120 2815 2345]
[2950 2820 2915 2835 2815 2815 2955 2875] [3240 3185 3225 3155 3205 3125 2955 2300]
[3050 3005 3065 2985 3010 2770 2645 2835] [2980 3265 3210 3330 3325 3240 3075 2420]
[3200 3020 3070 2805 3015 2790 3045 2995] [3430 3270 3380 3050 3240 3135 3090 2630]
[3030 2930 3220 3070 3080 2920 3055 3015] [3130 3265 3210 3240 3245 3295 3175 2760]
[3115 3065 3135 3035 2910 2875 3075 3010] [3260 3465 3305 3280 3270 3345 3245 3060]
[3090 2975 3065 2990 3010 3000 3175 2975] [3695 3430 3475 3325 3085 3075 3210 2945]
COM3 1 29
0
[2755 2790 2850 2875 2885 3010 2880 2920] [3045 3200 3160 3145 2995 2900 2775 2580]
[2900 2960 2945 2895 3025 2755 2805 2890] [3145 3125 3215 2865 3025 3115 2750 2325]
[2950 2820 2915 2835 2815 2815 2955 2875] [3070 3225 3070 3290 3285 3010 2695 2140]
[3050 3005 3065 2985 3010 2770 2645 2835] [3220 3205 3280 3240 3085 3160 2830 2405]
[3200 3020 3070 2805 3015 2790 3045 2995] [3240 3330 3445 3115 3095 3205 2985 2445]
[3030 2930 3220 3070 3080 2920 3055 3015] [2900 3095 3110 3290 3095 3160 2975 2570]
[3115 3065 3135 3035 2910 2875 3075 3010] [3045 3400 3135 3370 3190 3185 3295 2880]
[3090 2975 3065 2990 3010 3000 3175 2975] [3335 3380 3235 3535 3200 3070 3195 2625]
COM7 0 30
0
[3155 3095 3010 3125 3105 2970 3045 2950] [3045 3200 3160 3145 2995 2900 2775 2580]
[3195 3200 3070 3175 3190 2980 2995 2990] [3145 3125 3215 2865 3025 3115 2750 2325]
[2975 3090 3060 3045 3090 2970 3100 2905] [3070 3225 3070 3290 3285 3010 2695 2140]
[3300 3200 3145 3125 3185 3080 2940 3110] [3220 3205 3280 3240 3085 3160 2830 2405]
[3200 3185 3095 3045 3050 3025 3105 2925] [3240 3330 3445 3115 3095 3205 2985 2445]
[3230 3100 3265 3085 2925 3000 3090 3060] [2900 3095 3110 3290 3095 3160 2975 2570]
[3015 3090 3185 3345 3055 3100 2945 3125] [3045 3400 3135 3370 3190 3185 3295 2880]
[3450 3325 3140 3055 3040 3170 3340 2985] [3335 3380 3235 3535 3200 3070 3195 2625]
COM3 1 31
0
[3155 3095 3010 3125 3105 2970 3045 2950] [3330 3450 3180 3110 3150 3070 2675 2320]
[3195 3200 3070 3175 3190 2980 2995 2990] [3040 3175 3435 3125 3240 3105 2615 2180]
[2975 3090 3060 3045 3090 2970 3100 2905] [3250 3235 3355 3250 3505 2870 2900 2215]
[3300 3200 3145 3125 3185 3080 2940 3110] [3355 3375 3335 2935 3070 3110 2785 2200]
[3200 3185 3095 3045 3050 3025 3105 2925] [3245 3325 3300 3105 3385 3255 2795 2345]
[3230 3100 3265 3085 2925 3000 3090 3060] [3080 3180 3225 3515 3065 3160 2925 2460]
[3015 3090 3185 3345 3055 3100 2945 3125] [3630 3265 3130 3365 3225 3035 2925 2465]
[3450 3325 3140 3055 3040 3170 3340 2985] [3485 3260 3285 3525 3290 3015 3180 2455]
COM7 0 32
0
[2945 2940 2900 3000 2870 2960 2970 2650] [3330 3450 3180 3110 3150 3070 2675 2320]
[2960 2995 2925 3090 3035 2890 3045 2895] [3040 3175 3435 3125 3240 3105 2615 2180]
[2995 3090 2995 3045 2885 3065 3050 2775] [3250 3235 3355 3250 3505 2870 2900 2215]
[3225 2925 3130 3125 3130 3045 2945 2690] [3355 3375 3335 2935 3070 3110 2785 2200]
[3195 3090 3220 2970 3025 2965 3070 3055] [3245 3325 3300 3105 3385 3255 2795 2345]
[2900 3125 3110 3015 3105 3175 3105 2875] [3080 3180 3225 3515 3065 3160 2925 2460]
[2920 3090 3065 3040 3150 3075 3005 2810] [3630 3265 3130 3365 3225 3035 2925 2465]
[3075 3370 3220 3180 3160 3170 3170 2795] [3485 3260 3285 3525 3290 3015 3180 2455]
COM3 1 33
0
[2945 2940 2900 3000 2870 2960 2970 2650] [3175 3150 3025 3215 3195 3025 2675 2505]
[2960 2995 2925 3090 3035 2890 3045 2895] [3265 3095 3255 3170 3150 3110 2620 2205]
[2995 3090 2995 3045 2885 3065 3050 2775] [3240 3380 3170 3150 3290 2925 2605 2135]
[3225 2925 3130 3125 3130 3045 2945 2690] [3115 3050 3185 3355 3145 2935 2555 2070]
[3195 3090 3220 2970 3025 2965 3070 3055] [3315 3540 3170 2945 3140 3005 2735 2230]
[2900 3125 3110 3015 3105 3175 3105 2875] [3135 3330 3165 3065 3095 3145 2775 2235]
[2920 3090 3065 3040 3150 3075 3005 2810] [3295 3145 3445 3195 3160 2995 2705 2560]
[3075 3370 3220 3180 3160 3170 3170 2795] [3555 3220 3435 3385 3275 3205 3045 2275]
COM7 0 34
0
[3095 3080 2945 3020 2945 2910 2880 2240] [3175 3150 3025 3215 3195 3025 2675 2505]
[3260 3215 3235 3095 3060 2955 2705 2425] [3265 3095 3255 3170 3150 3110 2620 2205]
[2915 3005 3120 2980 3055 3085 2675 2425] [3240 3380 3170 3150 3290 2925 2605 2135]
[3315 3175 3350 2970 3080 3000 2840 2390] [3115 3050 3185 3355 3145 2935 2555 2070]
[3270 3160 3220 3115 3120 3040 2950 2600] [3315 3540 3170 2945 3140 3005 2735 2230]
[3260 3260 3215 3250 2985 3105 2965 2480] [3135 3330 3165 3065 3095 3145 2775 2235]
[3265 3175 3225 3050 3125 3100 2810 2330] [3295 3145 3445 3195 3160 2995 2705 2560]
[3285 3130 3150 3195 2910 3145 2985 2415] [3555 3220 3435 3385 3275 3205 3045 2275]
COM3 1 35
0
[3095 3080 2945 3020 2945 2910 2880 2240] [3215 3185 3090 3240 3030 2925 2485 2180]
[3260 3215 3235 3095 3060 2955 2705 2425] [3155 3250 3270 3115 2935 2960 2350 2030]
[2915 3005 3120 2980 3055 3085 2675 2425] [3180 3265 3140 3150 3170 2770 2385 1985]
[3315 3175 3350 2970 3080 3000 2840 2390] [3040 3050 3330 3120 3010 2850 2405 1940]
[3270 3160 3220 3115 3120 3040 2950 2600] [3285 3050 3175 3150 3230 2875 2500 2060]
[3260 3260 3215 3250 2985 3105 2965 2480] [3020 3175 3255 3185 3065 3090 2485 2080]
[3265 3175 3225 3050 3125 3100 2810 2330] [3180 3440 3250 3120 3220 3075 2420 2150]
[3285 3130 3150 3195 2910 3145 2985 2415] [3290 2945 3185 3275 3005 3020 2545 2180]
COM7 0 36
0
[2800 2845 2745 2755 2890 2780 2420 1880] [3215 3185 3090 3240 3030 2925 2485 2180]
[2810 3010 2685 2865 3105 2655 2375 1980] [3155 3250 3270 3115 2935 2960 2350 2030]
[2815 3060 2780 2850 2900 2820 2535 1925] [3180 3265 3140 3150 3170 2770 2385 1985]
[2935 3090 3010 3005 2990 2710 2700 2040] [3040 3050 3330 3120 3010 2850 2405 1940]
[2915 2765 2890 2950 3065 2840 2660 2115] [3285 3050 3175 3150 3230 2875 2500 2060]
[2950 3050 2995 2820 2945 2920 2735 2270] [3020 3175 3255 3185 3065 3090 2485 2080]
[3015 3135 3035 3130 2895 3055 2515 2085] [3180 3440 3250 3120 3220 3075 2420 2150]
[3170 3325 3080 3050 3040 3005 2560 2185] [3290 2945 3185 3275 3005 3020 2545 2180]
COM3 1 37
0
[2800 2845 2745 2755 2890 2780 2420 1880] [3210 3220 3240 3300 3160 2865 2365 2175]
[2810 3010 2685 2865 3105 2655 2375 1980] [3300 3105 3390 3200 3190 2795 2405 1945]
[2815 3060 2780 2850 2900 2820 2535 1925] [3345 3305 3010 3145 3100 2750 2375 1945]
[2935 3090 3010 3005 2990 2710 2700 2040] [3335 3325 3250 3020 3035 2640 2300 1955]
[2915 2765 2890 2950 3065 2840 2660 2115] [3325 3385 3455 3170 3190 2895 2380 1950]
[2950 3050 2995 2820 2945 2920 2735 2270] [2985 3315 3320 3290 3100 2745 2375 1940]
[3015 3135 3035 3130 2895 3055 2515 2085] [3300 3480 3090 3245 3085 2660 2330 2055]
[3170 3325 3080 3050 3040 3005 2560 2185] [3585 3410 3235 3220 2890 2865 2460 2120]
COM7 0 38
0
[2945 2920 2810 2980 2715 2480 2105 1505] [3210 3220 3240 3300 3160 2865 2365 2175]
[2765 2955 2915 2900 2785 2520 2080 1770] [3300 3105 3390 3200 3190 2795 2405 1945]
[2995 2980 2925 2920 2850 2770 2190 1860] [3345 3305 3010 3145 3100 2750 2375 1945]
[2930 3060 3040 3050 3005 2685 2385 1955] [3335 3325 3250 3020 3035 2640 2300 1955]
[3070 2970 3065 2910 3140 2740 2415 2070] [3325 3385 3455 3170 3190 2895 2380 1950]
[2915 3010 3055 3175 2935 2700 2535 1895] [2985 3315 3320 3290 3100 2745 2375 1940]
[3080 3080 2915 3040 2975 2685 2240 2085] [3300 3480 3090 3245 3085 2660 2330 2055]
[3170 2995 3170 3115 3155 3085 2540 1845] [3585 3410 3235 3220 2890 2865 2460 2120]
COM3 1 39
0
[2945 2920 2810 2980 2715 2480 2105 1505] [3350 3205 3290 3225 3055 2630 2440 2125]
[2765 2955 2915 2900 2785 2520 2080 1770] [3105 3200 3165 3275 3025 2690 2235 1985]
[2995 2980 2925 2920 2850 2770 2190 1860] [3145 3295 3340 3175 2990 2680 2180 1905]
[2930 3060 3040 3050 3005 2685 2385 1955] [3200 3240 3240 3280 2870 2575 2180 1835]
[3070 2970 3065 2910 3140 2740 2415 2070] [3310 3285 3230 3090 3000 2465 2125 1950]
[2915 3010 3055 3175 2935 2700 2535 1895] [3135 3225 3320 3170 3065 2555 2200 1960]
[3080 3080 2915 3040 2975 2685 2240 2085] [3180 3400 3400 3315 3040 2615 2060 1950]
[3170 2995 3170 3115 3155 3085 2540 1845] [3290 3330 3340 3365 2960 2470 2110 2030]
COM7 0 40
0
[3010 2840 2905 2805 2280 1905 1755 1580] [3350 3205 3290 3225 3055 2630 2440 2125]
[3020 3040 2735 2780 2650 2040 1645 1585] [3105 3200 3165 3275 3025 2690 2235 1985]
[2790 2775 3040 2900 2610 2260 1780 1625] [3145 3295 3340 3175 2990 2680 2180 1905]
[2945 3005 3065 2820 2945 2370 1955 1605] [3200 3240 3240 3280 2870 2575 2180 1835]
[3040 3015 2910 2940 3045 2430 2310 1795] [3310 3285 3230 3090 3000 2465 2125 1950]
[3040 3040 3265 3145 2815 2750 2260 1825] [3135 3225 3320 3170 3065 2555 2200 1960]
[2995 2905 3135 3050 2990 2585 2235 1820] [3180 3400 3400 3315 3040 2615 2060 1950]
[3015 3040 2940 3020 3015 2710 2365 1825] [3290 3330 3340 3365 2960 2470 2110 2030]
COM3 1 41
0
[3010 2840 2905 2805 2280 1905 1755 1580] [3295 3295 3085 3195 2995 2445 2075 2140]
[3020 3040 2735 2780 2650 2040 1645 1585] [3145 3140 3235 3135 2880 2430 2050 1875]
[2790 2775 3040 2900 2610 2260 1780 1625] [3215 3155 3145 3135 2935 2440 2110 1730]
[2945 3005 3065 2820 2945 2370 1955 1605] [3420 3215 3280 3055 2720 2285 2065 1810]
[3040 3015 2910 2940 3045 2430 2310 1795] [3340 3245 3325 3095 2895 2340 2055 1865]
[3040 3040 3265 3145 2815 2750 2260 1825] [3360 3275 3215 3290 2940 2415 2055 1835]
[2995 2905 3135 3050 2990 2585 2235 1820] [3360 3365 3495 3300 2920 2320 2055 1840]
[3015 3040 2940 3020 3015 2710 2365 1825] [3430 3605 3340 3325 3045 2145 2115 1960]
COM7 0 42
0
[2895 2755 3015 2635 2380 1865 1955 1700] [3295 3295 3085 3195 2995 2445 2075 2140]
[3025 2980 2845 2905 2510 2150 1730 1660] [3145 3140 3235 3135 2880 2430 2050 1875]
[2975 2900 3040 2780 2490 2325 1970 1875] [3215 3155 3145 3135 2935 2440 2110 1730]
[3075 3030 3155 2955 2840 2285 2045 1885] [3420 3215 3280 3055 2720 2285 2065 1810]
[3345 3075 2975 2940 2970 2175 2195 2035] [3340 3245 3325 3095 2895 2340 2055 1865]
[2995 3035 3170 3090 2845 2505 2170 1675] [3360 3275 3215 3290 2940 2415 2055 1835]
[3135 3095 2935 3150 2755 2450 2285 1850] [3360 3365 3495 3300 2920 2320 2055 1840]
[3100 3110 3085 2820 2990 2535 2280 1960] [3430 3605 3340 3325 3045 2145 2115 1960]
COM3 1 43
0
[2895 2755 3015 2635 2380 1865 1955 1700] [3605 3295 3270 3145 2805 2210 1950 1945]
[3025 2980 2845 2905 2510 2150 1730 1660] [3300 3160 3325 3070 2600 2270 1835 1750]
[2975 2900 3040 2780 2490 2325 1970 1875] [3215 3490 3370 3195 2835 2215 1785 1660]
[3075 3030 3155 2955 2840 2285 2045 1885] [3190 3310 3250 3140 2620 2050 1750 1590]
[3345 3075 2975 2940 2970 2175 2195 2035] [3330 3385 3420 2960 2550 2070 1920 1805]
[2995 3035 3170 3090 2845 2505 2170 1675] [3345 3345 3390 3245 2680 2055 1830 1920]
[3135 3095 2935 3150 2755 2450 2285 1850] [3405 3465 3285 3135 2625 2025 1850 1705]
[3100 3110 3085 2820 2990 2535 2280 1960] [3490 3410 3450 3525 2580 2095 1865 1755]
COM7 0 44
0
[2940 2795 2950 2610 2350 1805 1625 1700] [3605 3295 3270 3145 2805 2210 1950 1945]
[3190 3035 2955 2835 2410 1960 1655 1835] [3300 3160 3325 3070 2600 2270 1835 1750]
[2765 2990 2935 2785 2375 2010 1895 1730] [3215 3490 3370 3195 2835 2215 1785 1660]
[3055 2895 3045 2910 2650 2235 1790 1670] [3190 3310 3250 3140 2620 2050 1750 1590]
[2970 2940 2955 2920 2735 2235 1905 1700] [3330 3385 3420 2960 2550 2070 1920 1805]
[3085 2920 3150 2850 2595 2315 2130 1725] [3345 3345 3390 3245 2680 2055 1830 1920]
[2980 3005 2860 3140 2545 2310 1755 1675] [3405 3465 3285 3135 2625 2025 1850 1705]
[3250 3035 2950 3115 2545 2320 2225 1895] [3490 3410 3450 3525 2580 2095 1865 1755]
COM3 1 45
0
[2940 2795 2950 2610 2350 1805 1625 1700] [3265 3275 3175 3050 2805 2340 1925 1935]
[3190 3035 2955 2835 2410 1960 1655 1835] [3235 3105 3105 3125 2570 2170 2030 1800]
[2765 2990 2935 2785 2375 2010 1895 1730] [3290 3345 3200 3030 2655 2095 2050 1905]
[3055 2895 3045 2910 2650 2235 1790 1670] [3395 3180 3250 3000 2635 2065 1930 1820]
[2970 2940 2955 2920 2735 2235 1905 1700] [3470 3455 3155 2925 2475 2100 1945 1930]
[3085 2920 3150 2850 2595 2315 2130 1725] [3125 3350 3190 2975 2470 2140 1905 1900]
[2980 3005 2860 3140 2545 2310 1755 1675] [3255 3420 3375 2925 2495 2105 1980 1990]
[3250 3035 2950 3115 2545 2320 2225 1895] [3620 3410 3335 3345 2535 2015 1895 1980]
COM7 0 46
0
[2785 2990 2805 2375 2115 1720 1585 1850] [3265 3275 3175 3050 2805 2340 1925 1935]
[3165 3055 2920 2460 2185 1660 1695 1885] [3235 3105 3105 3125 2570 2170 2030 1800]
[2865 2905 2935 2540 2100 1885 1700 1810] [3290 3345 3200 3030 2655 2095 2050 1905]
[3040 2980 2895 2610 2320 1855 1645 1580] [3395 3180 3250 3000 2635 2065 1930 1820]
[3295 3165 2895 2595 2355 1740 1865 1770] [3470 3455 3155 2925 2475 2100 1945 1930]
[3020 3165 3115 2640 2195 1890 1925 1675] [3125 3350 3190 2975 2470 2140 1905 1900]
[3115 3090 2965 2830 2280 1935 1730 1690] [3255 3420 3375 2925 2495 2105 1980 1990]
[3325 3135 3060 2800 2350 2085 2050 1980] [3620 3410 3335 3345 2535 2015 1895 1980]
COM3 1 47
0
[2785 2990 2805 2375 2115 1720 1585 1850] [3300 3270 3210 2845 2405 2070 1770 2070]
[3165 3055 2920 2460 2185 1660 1695 1885] [3275 3240 3105 2800 2320 2120 1805 1930]
[2865 2905 2935 2540 2100 1885 1700 1810] [3220 3225 3070 2770 2495 1855 1885 1820]
[3040 2980 2895 2610 2320 1855 1645 1580] [3295 3200 3175 2840 2245 1875 1735 1820]
[3295 3165 2895 2595 2355 1740 1865 1770] [3305 3125 3170 2710 2360 1835 1835 1895]
[3020 3165 3115 2640 2195 1890 1925 1675] [3115 3225 3170 2920 2385 2020 1900 1820]
[3115 3090 2965 2830 2280 1935 1730 1690] [3175 3340 3250 2755 2350 1925 1780 2020]
[3325 3135 3060 2800 2350 2085 2050 1980] [3165 3275 3075 2860 2290 1935 1780 1775]
COM7 0 48
0
[3175 2630 2490 2050 1650 1545 1840 1985] [3300 3270 3210 2845 2405 2070 1770 2070]
[2940 3010 2560 2165 1745 1535 1705 2025] [3275 3240 3105 2800 2320 2120 1805 1930]
[2820 2910 2545 2185 1785 1565 1740 1920] [3220 3225 3070 2770 2495 1855 1885 1820]
[2850 2915 2610 2175 1815 1635 1630 1785] [3295 3200 3175 2840 2245 1875 1735 1820]
[2910 2875 2640 2060 2010 1535 1755 1795] [3305 3125 3170 2710 2360 1835 1835 1895]
[3105 2940 2750 2165 1850 1600 1770 1625] [3115 3225 3170 2920 2385 2020 1900 1820]
[3210 3125 3115 2440 1885 1725 1505 1905] [3175 3340 3250 2755 2350 1925 1780 2020]
[3045 2865 2885 2360 1885 1770 1820 1810] [3165 3275 3075 2860 2290 1935 1780 1775]
COM3 1 49
0
[3175 2630 2490 2050 1650 1545 1840 1985] [3275 3050 3210 2770 2430 2170 1780 1985]
[2940 3010 2560 2165 1745 1535 1705 2025] [3155 3100 3180 2895 2300 2005 1815 1835]
[2820 2910 2545 2185 1785 1565 1740 1920] [3240 3340 3265 2750 2395 1875 1845 1925]
[2850 2915 2610 2175 1815 1635 1630 1785] [3355 3285 3215 2765 2350 1810 1875 2015]
[2910 2875 2640 2060 2010 1535 1755 1795] [3095 3540 3235 2715 2420 1995 1855 1905]
[3105 2940 2750 2165 1850 1600 1770 1625] [3015 3395 3225 2835 2160 2020 1995 1905]
[3210 3125 3115 2440 1885 1725 1505 1905] [3450 3245 3265 2790 2260 2075 1940 1930]
[3045 2865 2885 2360 1885 1770 1820 1810] [3370 3265 3215 2775 2250 2010 2055 1895]
COM7 0 50
0
[3000 2570 2115 1795 1635 1735 2190 2540] [3275 3050 3210 2770 2430 2170 1780 1985]
[3005 2945 2325 1965 1735 1760 1855 2370] [3155 3100 3180 2895 2300 2005 1815 1835]
[2945 2725 2360 1850 1590 1660 1885 2215] [3240 3340 3265 2750 2395 1875 1845 1925]
[2845 2825 2400 1875 1695 1615 1740 1930] [3355 3285 3215 2765 2350 1810 1875 2015]
[2980 2865 2465 1915 1745 1545 1745 2025] [3095 3540 3235 2715 2420 1995 1855 1905]
[3035 2770 2390 1995 1635 1650 1765 2085] [3015 3395 3225 2835 2160 2020 1995 1905]
[3145 2925 2465 2110 1695 1650 1635 1870] [3450 3245 3265 2790 2260 2075 1940 1930]
[3100 2935 2710 2170 1700 1710 2075 2030] [3370 3265 3215 2775 2250 2010 2055 1895]
COM3 1 51
0
[3000 2570 2115 1795 1635 1735 2190 2540] [3365 3200 3305 2890 2345 2045 1945 2105]
[3005 2945 2325 1965 1735 1760 1855 2370] [3435 3125 3215 2690 2225 1985 1905 1920]
[2945 2725 2360 1850 1590 1660 1885 2215] [3315 3260 3075 2720 2245 1820 1920 1995]
[2845 2825 2400 1875 1695 1615 1740 1930] [3395 3330 3255 2565 2270 1855 1825 1915]
[2980 2865 2465 1915 1745 1545 1745 2025] [3275 3425 3300 2540 2240 1980 1985 2010]
[3035 2770 2390 1995 1635 1650 1765 2085] [3095 3375 2950 2845 2160 1915 1925 1935]
[3145 2925 2465 2110 1695 1650 1635 1870] [3455 3690 3340 2530 2295 1955 1955 2075]
[3100 2935 2710 2170 1700 1710 2075 2030] [3440 3520 3075 2755 2200 1995 1880 2060]
COM7 0 52
0
[2715 2285 1845 1500 1570 1600 2265 2515] [3365 3200 3305 2890 2345 2045 1945 2105]
[2995 2495 1900 1675 1580 1625 1935 2480] [3435 3125 3215 2690 2225 1985 1905 1920]
[2965 2495 2155 1700 1540 1515 1855 2270] [3315 3260 3075 2720 2245 1820 1920 1995]
[2915 2600 2210 1730 1605 1495 1740 2180] [3395 3330 3255 2565 2270 1855 1825 1915]
[3090 2570 2110 1685 1545 1520 1880 2075] [3275 3425 3300 2540 2240 1980 1985 2010]
[2895 2630 2275 1770 1505 1650 1800 2030] [3095 3375 2950 2845 2160 1915 1925 1935]
[2795 2665 2150 1820 1440 1435 1530 2130] [3455 3690 3340 2530 2295 1955 1955 2075]
[3075 2865 2275 1775 1670 1695 1860 2135] [3440 3520 3075 2755 2200 1995 1880 2060]
COM3 1 53
0
[2715 2285 1845 1500 1570 1600 2265 2515] [3410 3160 3100 2520 2045 1775 1865 2135]
[2995 2495 1900 1675 1580 1625 1935 2480] [3290 3125 3080 2610 2165 1905 1705 1955]
[2965 2495 2155 1700 1540 1515 1855 2270] [3050 3250 3070 2385 2155 1775 1735 1880]
[2915 2600 2210 1730 1605 1495 1740 2180] [3340 2840 2970 2565 2065 1705 1815 1870]
[3090 2570 2110 1685 1545 1520 1880 2075] [3060 3040 3170 2410 2030 1725 1835 1935]
[2895 2630 2275 1770 1505 1650 1800 2030] [3075 3380 2880 2535 1985 1865 1915 1900]
[2795 2665 2150 1820 1440 1435 1530 2130] [3515 3145 3240 2495 2000 1885 1765 1950]
[3075 2865 2275 1775 1670 1695 1860 2135] [3465 3420 3015 2460 2170 1805 1840 1835]
COM7 0 54
0
[2705 2335 2110 1850 1845 2095 2470 3040] [3410 3160 3100 2520 2045 1775 1865 2135]
[3225 2595 2070 1870 1795 2040 2275 2695] [3290 3125 3080 2610 2165 1905 1705 1955]
[2790 2510 2175 1960 1595 1920 2160 2665] [3050 3250 3070 2385 2155 1775 1735 1880]
[3215 2835 2160 1850 1790 1700 2120 2445] [3340 2840 2970 2565 2065 1705 1815 1870]
[3125 2830 2460 1930 1795 1900 2000 2475] [3060 3040 3170 2410 2030 1725 1835 1935]
[3115 2750 2455 2000 1660 1900 2110 2360] [3075 3380 2880 2535 1985 1865 1915 1900]
[3000 2575 2330 1970 1815 1915 2060 2395] [3515 3145 3240 2495 2000 1885 1765 1950]
[3125 2905 2615 1985 1945 1725 2330 2505] [3465 3420 3015 2460 2170 1805 1840 1835]
COM3 1 55
0
[2705 2335 2110 1850 1845 2095 2470 3040] [3235 3100 2925 2650 2280 1805 1780 2070]
[3225 2595 2070 1870 1795 2040 2275 2695] [3115 3245 2925 2470 2075 1665 1665 1905]
[2790 2510 2175 1960 1595 1920 2160 2665] [3215 3330 2955 2445 2140 1695 1700 1850]
[3215 2835 2160 1850 1790 1700 2120 2445] [3095 3105 2895 2520 1880 1635 1680 1820]
[3125 2830 2460 1930 1795 1900 2000 2475] [3185 3205 3035 2375 1900 1610 1755 1865]
[3115 2750 2455 2000 1660 1900 2110 2360] [3145 3200 2720 2330 1865 1645 1735 1865]
[3000 2575 2330 1970 1815 1915 2060 2395] [3350 3380 3065 2460 1905 1775 1675 1930]
[3125 2905 2615 1985 1945 1725 2330 2505] [3510 3195 3070 2370 1815 1670 1755 1860]
COM7 0 56
0
[2735 2375 1825 1430 1550 1700 2235 2460] [3235 3100 2925 2650 2280 1805 1780 2070]
[2905 2510 1840 1675 1525 1655 2040 2140] [3115 3245 2925 2470 2075 1665 1665 1905]
[2945 2525 1870 1490 1475 1585 1785 2270] [3215 3330 2955 2445 2140 1695 1700 1850]
[2965 2540 1965 1655 1545 1540 1855 1970] [3095 3105 2895 2520 1880 1635 1680 1820]
[3125 2400 1890 1565 1580 1520 1670 2285] [3185 3205 3035 2375 1900 1610 1755 1865]
[2920 2575 2150 1760 1515 1580 1865 2085] [3145 3200 2720 2330 1865 1645 1735 1865]
[3150 2555 2035 1720 1500 1495 1550 2250] [3350 3380 3065 2460 1905 1775 1675 1930]
[3075 2595 2240 1860 1495 1540 1835 2240] [3510 3195 3070 2370 1815 1670 1755 1860]
COM3 1 57
0
[2735 2375 1825 1430 1550 1700 2235 2460] [3005 2725 2970 2495 2180 1800 1750 2135]
[2905 2510 1840 1675 1525 1655 2040 2140] [2910 2815 2690 2390 1970 1720 1765 2050]
[2945 2525 1870 1490 1475 1585 1785 2270] [2890 2960 2965 2435 2080 1770 1740 1975]
[2965 2540 1965 1655 1545 1540 1855 1970] [3040 2965 2905 2350 1880 1685 1735 1860]
[3125 2400 1890 1565 1580 1520 1670 2285] [3165 2925 2765 2325 1915 1740 1785 1950]
[2920 2575 2150 1760 1515 1580 1865 2085] [2705 3110 2570 2335 1940 1815 1785 1915]
[3150 2555 2035 1720 1500 1495 1550 2250] [3050 2865 2855 2220 1900 1680 1885 1965]
[3075 2595 2240 1860 1495 1540 1835 2240] [2870 3070 2905 2490 1900 1695 1780 1820]
COM7 0 58
0
[2675 2345 1815 1605 1695 1705 2725 2875] [3005 2725 2970 2495 2180 1800 1750 2135]
[2740 2475 2035 1880 1725 1875 2165 2740] [2910 2815 2690 2390 1970 1720 1765 2050]
[2665 2510 2115 1675 1600 1845 2130 2775] [2890 2960 2965 2435 2080 1770 1740 1975]
[2990 2560 2085 1795 1690 1735 1825 2490] [3040 2965 2905 2350 1880 1685 1735 1860]
[3290 2615 2145 1885 1635 1665 2135 2565] [3165 2925 2765 2325 1915 1740 1785 1950]
[3145 2335 2125 1800 1615 1830 1945 2270] [2705 3110 2570 2335 1940 1815 1785 1915]
[3035 2495 2265 1725 1735 1690 2145 2575] [3050 2865 2855 2220 1900 1680 1885 1965]
[3225 2655 2175 1940 1575 1775 1925 2540] [2870 3070 2905 2490 1900 1695 1780 1820]
COM3 1 59
0
[2675 2345 1815 1605 1695 1705 2725 2875] [3340 3065 3100 2590 2505 1955 1890 2240]
[2740 2475 2035 1880 1725 1875 2165 2740] [3120 3020 3005 2465 2075 1780 1865 2030]
[2665 2510 2115 1675 1600 1845 2130 2775] [3350 3310 3015 2430 2200 1840 1825 2000]
[2990 2560 2085 1795 1690 1735 1825 2490] [3115 3270 3035 2350 2005 1740 1780 2040]
[3290 2615 2145 1885 1635 1665 2135 2565] [3205 3250 2740 2420 1985 1820 1850 2010]
[3145 2335 2125 1800 1615 1830 1945 2270] [3140 3090 2900 2560 1935 1765 1900 2035]
[3035 2495 2265 1725 1735 1690 2145 2575] [3365 3400 3190 2275 1980 1745 1920 2015]
[3225 2655 2175 1940 1575 1775 1925 2540] [3205 3365 2970 2435 1855 1780 1835 1790]
COM7 0 60
0
[2900 2305 1995 1535 1565 2000 2410 3100] [3340 3065 3100 2590 2505 1955 1890 2240]
[2750 2525 1930 1735 1680 1765 2365 2545] [3120 3020 3005 2465 2075 1780 1865 2030]
[2820 2630 2240 1595 1520 1665 2040 2525] [3350 3310 3015 2430 2200 1840 1825 2000]
[3000 2530 2070 1720 1625 1665 2175 2320] [3115 3270 3035 2350 2005 1740 1780 2040]
[3115 2475 2050 1715 1635 1610 2155 2415] [3205 3250 2740 2420 1985 1820 1850 2010]
[2880 2615 2230 1695 1555 1745 2110 2510] [3140 3090 2900 2560 1935 1765 1900 2035]
[3050 2500 1975 2045 1595 1965 1810 2510] [3365 3400 3190 2275 1980 1745 1920 2015]
[3120 2730 1965 1880 1625 1650 1915 2835] [3205 3365 2970 2435 1855 1780 1835 1790]
COM3 1 61
0
[2900 2305 1995 1535 1565 2000 2410 3100] [3365 3390 3065 2650 2255 1915 1945 2425]
[2750 2525 1930 1735 1680 1765 2365 2545] [3285 3235 3165 2570 2010 1900 1830 2225]
[2820 2630 2240 1595 1520 1665 2040 2525] [3425 3340 3050 2505 2150 1725 1845 2110]
[3000 2530 2070 1720 1625 1665 2175 2320] [3335 3420 3295 2525 2000 1715 1790 2040]
[3115 2475 2050 1715 1635 1610 2155 2415] [3215 3275 3040 2415 1895 1785 1785 1990]
[2880 2615 2230 1695 1555 1745 2110 2510] [3395 3270 2945 2435 1955 1830 1905 2050]
[3050 2500 1975 2045 1595 1965 1810 2510] [3505 3425 3125 2430 2005 1745 1835 2055]
[3120 2730 1965 1880 1625 1650 1915 2835] [3625 3515 3055 2410 2055 1765 1930 1770]
COM7 0 62
0
[2640 2310 1785 1660 1510 1900 2390 2485] [3365 3390 3065 2650 2255 1915 1945 2425]
[2850 2475 1715 1600 1790 1715 2145 2595] [3285 3235 3165 2570 2010 1900 1830 2225]
[3005 2330 1960 1565 1485 1625 1930 2495] [3425 3340 3050 2505 2150 1725 1845 2110]
[2760 2560 1980 1595 1615 1720 1920 2580] [3335 3420 3295 2525 2000 1715 1790 2040]
[3060 2300 2115 1590 1570 1440 2005 2320] [3215 3275 3040 2415 1895 1785 1785 1990]
[2910 2425 2060 1565 1460 1620 1880 2425] [3395 3270 2945 2435 1955 1830 1905 2050]
[3085 2420 2060 1860 1570 1590 1895 2345] [3505 3425 3125 2430 2005 1745 1835 2055]
[3000 2365 2135 1685 1680 1790 2060 2670] [3625 3515 3055 2410 2055 1765 1930 1770]
COM3 1 63
0
[2640 2310 1785 1660 1510 1900 2390 2485] [3250 3140 3225 2435 1785 1645 1635 2320]
[2850 2475 1715 1600 1790 1715 2145 2595] [3065 3010 2830 2245 1855 1685 1835 2190]
[3005 2330 1960 1565 1485 1625 1930 2495] [3320 3055 2665 2000 1785 1700 1720 1995]
[2760 2560 1980 1595 1615 1720 1920 2580] [3220 3305 3145 2170 1775 1625 1705 1990]
[3060 2300 2115 1590 1570 1440 2005 2320] [3420 3300 2920 2130 1805 1550 1655 1930]
[2910 2425 2060 1565 1460 1620 1880 2425] [3125 3005 2680 2265 1835 1510 1735 2030]
[3085 2420 2060 1860 1570 1590 1895 2345] [2845 3245 2825 2130 1655 1545 1705 1720]
[3000 2365 2135 1685 1680 1790 2060 2670] [3135 3325 2725 2225 1765 1620 1715 1945]
COM7 0 64
0
[2630 2270 1805 1530 1670 1780 2525 2700] [3250 3140 3225 2435 1785 1645 1635 2320]
[2510 2450 1865 1575 1635 1840 2325 2905] [3065 3010 2830 2245 1855 1685 1835 2190]
[2935 2405 1855 1740 1585 1950 2150 2880] [3320 3055 2665 2000 1785 1700 1720 1995]
[2865 2300 1960 1675 1600 1870 2120 2505] [3220 3305 3145 2170 1775 1625 1705 1990]
[2860 2565 2085 1645 1650 1590 2085 2615] [3420 3300 2920 2130 1805 1550 1655 1930]
[2900 2430 1965 1735 1540 1735 2165 2660] [3125 3005 2680 2265 1835 1510 1735 2030]
[2660 2475 2005 1780 1575 1680 1880 2620] [2845 3245 2825 2130 1655 1545 1705 1720]
[3115 2370 1825 1700 1660 1740 2245 2475] [3135 3325 2725 2225 1765 1620 1715 1945]
COM3 1 65
0
[2630 2270 1805 1530 1670 1780 2525 2700] [3200 3075 2920 2495 2180 1780 1950 2380]
[2510 2450 1865 1575 1635 1840 2325 2905] [3220 3175 2960 2370 1955 1720 1970 2250]
[2935 2405 1855 1740 1585 1950 2150 2880] [3215 3065 2950 2335 1895 1835 1905 2160]
[2865 2300 1960 1675 1600 1870 2120 2505] [3265 3180 3005 2385 1920 1775 1860 2120]
[2860 2565 2085 1645 1650 1590 2085 2615] [3220 3310 2900 2160 1950 1805 1905 2100]
[2900 2430 1965 1735 1540 1735 2165 2660] [3305 3070 3060 2380 1940 1775 1900 2060]
[2660 2475 2005 1780 1575 1680 1880 2620] [3180 3145 2950 2245 1935 1775 1770 1950]
[3115 2370 1825 1700 1660 1740 2245 2475] [3430 3160 2750 2350 1785 1780 1880 2035]