COM7 0 6
3
[2915 2810 2895 2880 2900 2935 2875 2745] [2225 2240 2135 2100 2645 2940 3020 3095]
[3040 2975 2790 2880 2715 3005 2805 2890] [2030 2195 2100 2105 2320 2930 3045 3125]
[2870 2860 2960 2845 2835 2920 2885 2870] [2005 2115 1935 1905 2410 2685 3055 3130]
[2810 2940 2895 2810 2995 2920 2925 2640] [1895 1955 1865 1895 2245 2565 3090 3075]
[3050 3075 2990 2835 3005 2695 3005 2880] [1835 1965 1935 1625 2045 2550 3045 3190]
[2910 2860 2965 3065 2910 2925 3035 2570] [1780 1560 1740 1800 2050 2530 2805 3125]
[2945 3040 2915 3070 2845 2975 2855 2590] [1505 2050 1790 1690 2085 2380 2740 3080]
[3055 2995 2945 3020 3045 2930 3050 2445] [1865 1610 1880 1810 2030 2345 2715 3080]
COM3 1 7
3
[2915 2810 2895 2880 2900 2935 2875 2745] [1905 2165 2140 2060 2565 2810 3095 3085]
[3040 2975 2790 2880 2715 3005 2805 2890] [2020 2150 2110 2030 2360 2995 2930 3025]
[2870 2860 2960 2845 2835 2920 2885 2870] [1875 2010 1925 1965 2360 2760 2995 2980]
[2810 2940 2895 2810 2995 2920 2925 2640] [1815 1855 1880 1855 2205 2620 3040 2885]
[3050 3075 2990 2835 3005 2695 3005 2880] [1855 1895 1755 1590 2060 2560 3015 3150]
[2910 2860 2965 3065 2910 2925 3035 2570] [1645 1800 1870 1695 2050 2540 2815 3165]
[2945 3040 2915 3070 2845 2975 2855 2590] [1600 2045 1720 1745 1875 2330 2765 3100]
[3055 2995 2945 3020 3045 2930 3050 2445] [1895 2105 2290 2060 1815 2475 2800 3030]
COM7 0 8
3
[2790 2685 2705 2650 2730 2685 2960 2655] [1905 2165 2140 2060 2565 2810 3095 3085]
[2860 2905 2745 3005 2770 2725 2825 2650] [2020 2150 2110 2030 2360 2995 2930 3025]
[2705 2940 2780 2765 2835 2915 2800 2720] [1875 2010 1925 1965 2360 2760 2995 2980]
[2860 2790 2765 2795 2860 2830 2890 2635] [1815 1855 1880 1855 2205 2620 3040 2885]
[2925 2825 2805 2795 2970 2840 2905 2710] [1855 1895 1755 1590 2060 2560 3015 3150]
[2845 2835 2915 2945 2815 2815 2640 2510] [1645 1800 1870 1695 2050 2540 2815 3165]
[2790 2890 2805 2945 2870 2700 2560 2600] [1600 2045 1720 1745 1875 2330 2765 3100]
[2965 2870 2550 2860 2790 3020 3100 2225] [1895 2105 2290 2060 1815 2475 2800 3030]
COM3 1 9
3
[2790 2685 2705 2650 2730 2685 2960 2655] [1945 2320 2110 2190 2535 2885 3100 3200]
[2860 2905 2745 3005 2770 2725 2825 2650] [1860 2215 2020 1985 2455 2980 3045 3000]
[2705 2940 2780 2765 2835 2915 2800 2720] [1900 1905 1900 1870 2345 2770 3070 2970]
[2860 2790 2765 2795 2860 2830 2890 2635] [1780 2000 1960 1785 2145 2720 3040 3105]
[2925 2825 2805 2795 2970 2840 2905 2710] [1690 1835 1805 1670 2125 2495 3040 3150]
[2845 2835 2915 2945 2815 2815 2640 2510] [1615 1720 1760 1860 1995 2505 2895 2980]
[2790 2890 2805 2945 2870 2700 2560 2600] [1785 2005 1915 1610 1920 2450 2845 3150]
[2965 2870 2550 2860 2790 3020 3100 2225] [1865 1665 1770 1940 1900 2610 2790 2985]
COM7 0 10
3
[2725 2635 2800 2800 2850 2745 2785 2520] [1945 2320 2110 2190 2535 2885 3100 3200]
[2840 2755 2740 2735 2825 2850 2810 2655] [1860 2215 2020 1985 2455 2980 3045 3000]
[2630 2670 2765 2760 2820 2770 2730 2665] [1900 1905 1900 1870 2345 2770 3070 2970]
[2650 2645 2790 2810 2845 2770 2675 2640] [1780 2000 1960 1785 2145 2720 3040 3105]
[2790 2815 2920 2775 2885 2865 2855 2720] [1690 1835 1805 1670 2125 2495 3040 3150]
[2555 2800 2915 2910 2835 2725 2925 2555] [1615 1720 1760 1860 1995 2505 2895 2980]
[2795 2815 2715 2840 2895 2835 2730 2520] [1785 2005 1915 1610 1920 2450 2845 3150]
[2975 2825 2850 2890 2770 2990 3000 2365] [1865 1665 1770 1940 1900 2610 2790 2985]
COM3 1 11
3
[2725 2635 2800 2800 2850 2745 2785 2520] [2305 2310 2360 2150 2505 3025 3045 3235]
[2840 2755 2740 2735 2825 2850 2810 2655] [1870 2290 2235 2105 2325 3015 3130 3140]
[2630 2670 2765 2760 2820 2770 2730 2665] [2025 2210 2095 1910 2425 2945 3090 3015]
[2650 2645 2790 2810 2845 2770 2675 2640] [1835 1855 1975 1925 2315 2755 3170 3035]
[2790 2815 2920 2775 2885 2865 2855 2720] [1740 1965 1955 1730 2200 2640 3175 3150]
[2555 2800 2915 2910 2835 2725 2925 2555] [1885 1860 1600 1895 2110 2650 3000 3110]
[2795 2815 2715 2840 2895 2835 2730 2520] [1595 2315 1800 1860 1845 2620 2925 3145]
[2975 2825 2850 2890 2770 2990 3000 2365] [2330 1930 2295 2105 2055 2680 2775 3010]
COM7 0 12
3
[2855 2590 2760 2830 2765 2755 2835 2595] [2305 2310 2360 2150 2505 3025 3045 3235]
[2835 2795 2835 2940 2830 2765 2765 2790] [1870 2290 2235 2105 2325 3015 3130 3140]
[2740 2800 2960 2775 2850 2815 2825 2675] [2025 2210 2095 1910 2425 2945 3090 3015]
[2860 2730 2975 2835 2980 2795 2705 2630] [1835 1855 1975 1925 2315 2755 3170 3035]
[2915 2775 2860 2760 2840 2765 3100 2815] [1740 1965 1955 1730 2200 2640 3175 3150]
[2730 2710 2995 2900 2770 2795 2935 2560] [1885 1860 1600 1895 2110 2650 3000 3110]
[2735 2975 2670 2915 2940 2770 2725 2455] [1595 2315 1800 1860 1845 2620 2925 3145]
[2935 2910 3045 2965 2865 2975 2890 2545] [2330 1930 2295 2105 2055 2680 2775 3010]
COM3 1 13
3
[2855 2590 2760 2830 2765 2755 2835 2595] [2120 2325 2275 2105 2645 2850 3095 3165]
[2835 2795 2835 2940 2830 2765 2765 2790] [2090 2215 2170 2155 2420 3095 3045 2975]
[2740 2800 2960 2775 2850 2815 2825 2675] [2065 2150 1945 1985 2460 2920 3235 3025]
[2860 2730 2975 2835 2980 2795 2705 2630] [2075 2060 1925 1975 2260 2810 3035 3070]
[2915 2775 2860 2760 2840 2765 3100 2815] [1905 1965 1805 1620 2215 2645 3055 3150]
[2730 2710 2995 2900 2770 2795 2935 2560] [1785 1920 1805 1995 2255 2570 2970 3155]
[2735 2975 2670 2915 2940 2770 2725 2455] [1840 2160 1770 1845 2110 2665 2825 3130]
[2935 2910 3045 2965 2865 2975 2890 2545] [1875 2270 1865 2110 2355 2685 2910 3205]
COM7 0 14
3
[2755 2660 2615 2670 2710 2725 2825 2485] [2120 2325 2275 2105 2645 2850 3095 3165]
[2835 2830 2720 2825 2740 2770 2925 2705] [2090 2215 2170 2155 2420 3095 3045 2975]
[2605 2605 2900 2790 2855 2790 2865 2720] [2065 2150 1945 1985 2460 2920 3235 3025]
[2875 2715 2980 2930 2935 2930 2685 2720] [2075 2060 1925 1975 2260 2810 3035 3070]
[2950 2800 2755 2805 2865 2795 3040 2700] [1905 1965 1805 1620 2215 2645 3055 3150]
[2725 2930 2865 2855 2920 2990 2965 2500] [1785 1920 1805 1995 2255 2570 2970 3155]
[2870 3095 2915 2800 2955 2950 2705 2440] [1840 2160 1770 1845 2110 2665 2825 3130]
[2980 2730 2775 3000 2845 2870 2855 2300] [1875 2270 1865 2110 2355 2685 2910 3205]
COM3 1 15
3
[2755 2660 2615 2670 2710 2725 2825 2485] [2255 2405 2180 2160 2625 2875 3095 3115]
[2835 2830 2720 2825 2740 2770 2925 2705] [1990 2205 2105 2095 2495 2980 3035 3195]
[2605 2605 2900 2790 2855 2790 2865 2720] [2075 2010 2000 1960 2345 2890 3080 3015]
[2875 2715 2980 2930 2935 2930 2685 2720] [1950 2210 1905 1960 2290 2885 3110 3110]
[2950 2800 2755 2805 2865 2795 3040 2700] [1835 1715 1865 1680 2235 2680 3070 3155]
[2725 2930 2865 2855 2920 2990 2965 2500] [1575 1815 1800 1900 2160 2570 2920 3155]
[2870 3095 2915 2800 2955 2950 2705 2440] [1500 2120 1980 1815 2150 2575 2865 3150]
[2980 2730 2775 3000 2845 2870 2855 2300] [2255 2155 2105 2055 1915 2555 2715 3340]
COM7 0 16
3
[2915 2790 2740 2840 2765 2880 2810 2550] [2255 2405 2180 2160 2625 2875 3095 3115]
[2995 2895 2815 2915 2905 2875 2865 2790] [1990 2205 2105 2095 2495 2980 3035 3195]
[2665 2915 2730 2870 2970 2805 2900 2720] [2075 2010 2000 1960 2345 2890 3080 3015]
[2980 2930 2805 2880 2830 2995 2910 2640] [1950 2210 1905 1960 2290 2885 3110 3110]
[2950 2990 2875 2800 2980 2890 2965 2810] [1835 1715 1865 1680 2235 2680 3070 3155]
[2855 3100 2990 2985 2885 2970 2890 2390] [1575 1815 1800 1900 2160 2570 2920 3155]
[2995 3235 2695 2915 2925 2810 2830 2460] [1500 2120 1980 1815 2150 2575 2865 3150]
[2930 2885 2945 2790 3035 2935 2910 2315] [2255 2155 2105 2055 1915 2555 2715 3340]
COM3 1 17
3
[2915 2790 2740 2840 2765 2880 2810 2550] [2070 2160 2045 2210 2525 2840 3025 3015]
[2995 2895 2815 2915 2905 2875 2865 2790] [2035 2170 2065 2060 2480 2980 3055 2920]
[2665 2915 2730 2870 2970 2805 2900 2720] [1925 2055 1935 1950 2500 2905 2925 2995]
[2980 2930 2805 2880 2830 2995 2910 2640] [1905 1905 1860 1850 2265 2700 3080 3030]
[2950 2990 2875 2800 2980 2890 2965 2810] [1785 1770 1700 1605 2165 2730 3210 3010]
[2855 3100 2990 2985 2885 2970 2890 2390] [1800 1885 1760 1860 2030 2610 2905 3240]
[2995 3235 2695 2915 2925 2810 2830 2460] [1725 2005 1885 1670 2205 2655 2995 3035]
[2930 2885 2945 2790 3035 2935 2910 2315] [2440 2290 2045 2060 2030 2480 2960 3345]
COM7 0 18
3
[2735 2720 2775 2725 2810 2745 2790 2410] [2070 2160 2045 2210 2525 2840 3025 3015]
[2815 2905 2790 2745 2825 2865 2695 2685] [2035 2170 2065 2060 2480 2980 3055 2920]
[2590 2840 2845 2775 2795 2770 2715 2725] [1925 2055 1935 1950 2500 2905 2925 2995]
[2705 2755 2860 2715 2845 2845 2870 2520] [1905 1905 1860 1850 2265 2700 3080 3030]
[2680 2880 2665 2760 2820 2855 2835 2565] [1785 1770 1700 1605 2165 2730 3210 3010]
[2710 2800 2940 2895 2770 2920 2775 2400] [1800 1885 1760 1860 2030 2610 2905 3240]
[2700 2975 2740 2975 2815 2855 2590 2550] [1725 2005 1885 1670 2205 2655 2995 3035]
[2840 2805 2855 2895 2815 2850 2905 2455] [2440 2290 2045 2060 2030 2480 2960 3345]
COM3 1 19
3
[2735 2720 2775 2725 2810 2745 2790 2410] [2075 2160 2045 2185 2575 2940 2955 3145]
[2815 2905 2790 2745 2825 2865 2695 2685] [1990 2080 2035 2105 2390 2910 3135 3085]
[2590 2840 2845 2775 2795 2770 2715 2725] [1975 2200 1945 1900 2475 2865 3110 3100]
[2705 2755 2860 2715 2845 2845 2870 2520] [1970 1985 1920 1955 2370 2900 3065 3095]
[2680 2880 2665 2760 2820 2855 2835 2565] [1760 1965 1725 1680 2220 2695 2975 3135]
[2710 2800 2940 2895 2770 2920 2775 2400] [1690 1735 1820 1770 2055 2570 3015 3260]
[2700 2975 2740 2975 2815 2855 2590 2550] [1940 1665 1820 1645 2100 2605 2950 3265]
[2840 2805 2855 2895 2815 2850 2905 2455] [2420 2270 1885 1760 2095 2325 2935 3095]
COM7 0 20
3
[2895 2840 2755 2905 2860 2875 2965 2690] [2075 2160 2045 2185 2575 2940 2955 3145]
[3020 3110 2865 2940 2930 2950 2920 2825] [1990 2080 2035 2105 2390 2910 3135 3085]
[2765 2905 2925 3010 2950 2930 2870 2760] [1975 2200 1945 1900 2475 2865 3110 3100]
[2970 3000 2960 2815 3085 2950 2955 2705] [1970 1985 1920 1955 2370 2900 3065 3095]
[3185 2925 3005 2920 3005 2815 2995 2675] [1760 1965 1725 1680 2220 2695 2975 3135]
[2875 3025 3140 2960 2925 3015 3050 2635] [1690 1735 1820 1770 2055 2570 3015 3260]
[3180 3115 2915 2930 2990 2900 2745 2475] [1940 1665 1820 1645 2100 2605 2950 3265]
[3180 2925 2745 2905 2890 3025 3015 2340] [2420 2270 1885 1760 2095 2325 2935 3095]
COM3 1 21
3
[2895 2840 2755 2905 2860 2875 2965 2690] [2005 2025 2030 2095 2575 3090 3105 3190]
[3020 3110 2865 2940 2930 2950 2920 2825] [2105 2070 1980 2020 2465 3025 3025 2995]
[2765 2905 2925 3010 2950 2930 2870 2760] [1965 1980 1890 1895 2535 3015 3050 3000]
[2970 3000 2960 2815 3085 2950 2955 2705] [1885 1640 1715 1860 2355 3000 3055 3095]
[3185 2925 3005 2920 3005 2815 2995 2675] [1785 1840 1760 1675 2160 2745 3000 3240]
[2875 3025 3140 2960 2925 3015 3050 2635] [1715 1690 1635 1755 2105 2575 2935 3335]
[3180 3115 2915 2930 2990 2900 2745 2475] [1785 1735 1765 1770 1995 2715 2985 3060]
[3180 2925 2745 2905 2890 3025 3015 2340] [2000 2055 2105 1880 2385 2465 2805 3090]
COM7 0 22
3
[3005 2720 2840 2855 2865 2820 2885 2560] [2005 2025 2030 2095 2575 3090 3105 3190]
[2795 2925 2790 2940 2905 2860 2790 2730] [2105 2070 1980 2020 2465 3025 3025 2995]
[2840 2845 2970 2815 2860 2930 2745 2655] [1965 1980 1890 1895 2535 3015 3050 3000]
[2880 2715 2795 2995 2935 2985 2915 2680] [1885 1640 1715 1860 2355 3000 3055 3095]
[2980 2905 2970 2990 2910 2925 2925 2625] [1785 1840 1760 1675 2160 2745 3000 3240]
[2845 3020 3145 2965 2830 2990 2795 2410] [1715 1690 1635 1755 2105 2575 2935 3335]
[2730 3020 2915 2980 2910 3050 2680 2400] [1785 1735 1765 1770 1995 2715 2985 3060]
[2870 2795 2945 2965 2880 2940 2765 2395] [2000 2055 2105 1880 2385 2465 2805 3090]
COM3 1 23
3
[3005 2720 2840 2855 2865 2820 2885 2560] [2035 2170 2045 2235 2670 2975 3075 3060]
[2795 2925 2790 2940 2905 2860 2790 2730] [1875 1955 1990 2110 2480 3145 3130 3045]
[2840 2845 2970 2815 2860 2930 2745 2655] [1915 1960 1850 1945 2585 2955 3120 3120]
[2880 2715 2795 2995 2935 2985 2915 2680] [1860 1670 1740 1945 2310 2735 3045 3020]
[2980 2905 2970 2990 2910 2925 2925 2625] [1665 1820 1785 1655 2140 2730 3065 3150]
[2845 3020 3145 2965 2830 2990 2795 2410] [1605 1670 1705 1880 2155 2620 3010 3090]
[2730 3020 2915 2980 2910 3050 2680 2400] [1560 1950 2050 1660 2060 2555 2870 3210]
[2870 2795 2945 2965 2880 2940 2765 2395] [1690 1835 1915 2015 2055 2550 2795 3100]
COM7 0 24
3
[2915 2785 2825 2945 2860 2890 2875 2610] [2035 2170 2045 2235 2670 2975 3075 3060]
[3075 3020 3045 2940 2875 2860 2885 2645] [1875 1955 1990 2110 2480 3145 3130 3045]
[2850 2965 2955 2795 2725 2920 3015 2710] [1915 1960 1850 1945 2585 2955 3120 3120]
[2870 2885 3035 2805 3000 3030 2880 2810] [1860 1670 1740 1945 2310 2735 3045 3020]
[2995 2940 2955 2935 2950 2635 2935 2795] [1665 1820 1785 1655 2140 2730 3065 3150]
[2835 2930 2985 2860 2920 2835 2895 2460] [1605 1670 1705 1880 2155 2620 3010 3090]
[3115 3050 2945 3090 2890 2875 2555 2505] [1560 1950 2050 1660 2060 2555 2870 3210]
[3070 2945 2680 3130 3000 2940 3080 2370] [1690 1835 1915 2015 2055 2550 2795 3100]
COM3 1 25
3
[2915 2785 2825 2945 2860 2890 2875 2610] [1990 2205 2060 2010 2460 2870 3085 3150]
[3075 3020 3045 2940 2875 2860 2885 2645] [1970 2045 2055 1970 2375 3095 3060 2940]
[2850 2965 2955 2795 2725 2920 3015 2710] [1945 2055 1855 1960 2485 2950 3115 3005]
[2870 2885 3035 2805 3000 3030 2880 2810] [1980 2035 1815 1900 2210 2775 3140 2955]
[2995 2940 2955 2935 2950 2635 2935 2795] [1830 1865 1850 1695 2240 2665 3055 3175]
[2835 2930 2985 2860 2920 2835 2895 2460] [1615 1630 1670 1850 2135 2695 3065 3140]
[3115 3050 2945 3090 2890 2875 2555 2505] [1740 1830 1845 1670 2165 2580 2800 3205]
[3070 2945 2680 3130 3000 2940 3080 2370] [1755 1560 2035 1980 1940 2655 2740 3305]
COM7 0 26
3
[2775 2710 2785 2865 2780 2745 2800 2580] [1990 2205 2060 2010 2460 2870 3085 3150]
[2705 2900 2690 2940 2755 2820 2730 2575] [1970 2045 2055 1970 2375 3095 3060 2940]
[2615 2635 2890 2845 2845 2895 2820 2695] [1945 2055 1855 1960 2485 2950 3115 3005]
[2725 2710 2945 2735 2895 2935 2880 2675] [1980 2035 1815 1900 2210 2775 3140 2955]
[2800 2760 2960 2845 2855 2690 2970 2655] [1830 1865 1850 1695 2240 2665 3055 3175]
[2800 2810 3010 2915 2815 3040 2970 2485] [1615 1630 1670 1850 2135 2695 3065 3140]
[2885 2865 2720 2985 3035 2895 2760 2490] [1740 1830 1845 1670 2165 2580 2800 3205]
[2890 2990 2675 3050 2845 2825 2820 2265] [1755 1560 2035 1980 1940 2655 2740 3305]
COM3 1 27
3
[2775 2710 2785 2865 2780 2745 2800 2580] [2185 2340 2180 2100 2685 3060 3005 3060]
[2705 2900 2690 2940 2755 2820 2730 2575] [1970 2270 2030 2010 2415 2960 3255 2950]
[2615 2635 2890 2845 2845 2895 2820 2695] [1965 2085 1920 2075 2605 2950 3120 3100]
[2725 2710 2945 2735 2895 2935 2880 2675] [1875 1910 1905 1975 2340 2865 3065 3020]
[2800 2760 2960 2845 2855 2690 2970 2655] [1745 1965 1740 1715 2360 2790 3185 3135]
[2800 2810 3010 2915 2815 3040 2970 2485] [1685 1725 1760 2055 2190 2655 2970 3155]
[2885 2865 2720 2985 3035 2895 2760 2490] [1740 1660 1880 1755 1925 2620 2875 3335]
[2890 2990 2675 3050 2845 2825 2820 2265] [1930 2035 2040 2290 2085 2670 2985 3095]
COM7 0 28
3
[2745 2615 2845 2845 2805 2705 2920 2520] [2185 2340 2180 2100 2685 3060 3005 3060]
[2950 2930 2835 2865 2835 2850 2915 2545] [1970 2270 2030 2010 2415 2960 3255 2950]
[2705 2770 2725 2785 2785 2860 2895 2745] [1965 2085 1920 2075 2605 2950 3120 3100]
[2805 2845 2970 2730 2880 2935 2815 2675] [1875 1910 1905 1975 2340 2865 3065 3020]
[2835 2880 2915 2795 2900 2670 2900 2725] [1745 1965 1740 1715 2360 2790 3185 3135]
[2820 3015 3040 2965 2840 2975 2845 2510] [1685 1725 1760 2055 2190 2655 2970 3155]
[2955 2795 2770 2875 2895 3000 2715 2485] [1740 1660 1880 1755 1925 2620 2875 3335]
[2880 2790 2995 2700 2925 3000 2855 2385] [1930 2035 2040 2290 2085 2670 2985 3095]
COM3 1 29
3
[2745 2615 2845 2845 2805 2705 2920 2520] [2175 2145 1995 2050 2500 2935 3040 3105]
[2950 2930 2835 2865 2835 2850 2915 2545] [1985 2045 1990 2000 2405 3080 2930 3005]
[2705 2770 2725 2785 2785 2860 2895 2745] [2080 2125 1960 2005 2435 2920 3165 3005]
[2805 2845 2970 2730 2880 2935 2815 2675] [1880 1655 1690 1885 2205 2825 2985 3000]
[2835 2880 2915 2795 2900 2670 2900 2725] [1775 1905 1715 1595 2170 2610 3000 3100]
[2820 3015 3040 2965 2840 2975 2845 2510] [1630 1905 1745 1755 2135 2560 2875 3140]
[2955 2795 2770 2875 2895 3000 2715 2485] [1565 2165 1755 1660 2005 2615 2875 3190]
[2880 2790 2995 2700 2925 3000 2855 2385] [2000 1800 2150 1900 2435 2475 2900 3205]
COM7 0 30
3
[2820 2670 2890 2795 2860 2690 2875 2650] [2175 2145 1995 2050 2500 2935 3040 3105]
[2915 2975 2775 2925 2875 2770 2670 2735] [1985 2045 1990 2000 2405 3080 2930 3005]
[2650 2625 2795 2865 2740 2855 2865 2665] [2080 2125 1960 2005 2435 2920 3165 3005]
[2740 2875 2890 2765 2950 2750 2735 2555] [1880 1655 1690 1885 2205 2825 2985 3000]
[2745 2800 2965 2655 2890 2735 2990 2800] [1775 1905 1715 1595 2170 2610 3000 3100]
[2690 2825 2955 2940 2770 2880 2855 2445] [1630 1905 1745 1755 2135 2560 2875 3140]
[2730 2870 2850 2885 2815 2895 2835 2440] [1565 2165 1755 1660 2005 2615 2875 3190]
[2785 2815 2900 2930 2915 2890 2835 2250] [2000 1800 2150 1900 2435 2475 2900 3205]
COM3 1 31
3
[2820 2670 2890 2795 2860 2690 2875 2650] [2355 2350 2330 2125 2625 2905 3185 3170]
[2915 2975 2775 2925 2875 2770 2670 2735] [2245 2275 2170 2070 2480 3100 3125 3000]
[2650 2625 2795 2865 2740 2855 2865 2665] [2035 2025 2135 2050 2600 2775 2975 3050]
[2740 2875 2890 2765 2950 2750 2735 2555] [2090 1840 1955 2045 2375 2905 3020 3055]
[2745 2800 2965 2655 2890 2735 2990 2800] [1990 2060 1870 1840 2245 2650 3180 3145]
[2690 2825 2955 2940 2770 2880 2855 2445] [1690 1890 1840 1870 2115 2640 3040 3305]
[2730 2870 2850 2885 2815 2895 2835 2440] [1505 1890 1595 1700 2110 2485 3030 3110]
[2785 2815 2900 2930 2915 2890 2835 2250] [1800 2400 1985 2140 2215 2570 2805 3350]
COM7 0 32
3
[2855 2790 2925 2755 2810 2745 2880 2585] [2355 2350 2330 2125 2625 2905 3185 3170]
[2910 2855 2845 2880 2785 2975 2930 2620] [2245 2275 2170 2070 2480 3100 3125 3000]
[2640 2925 2970 2920 2760 2770 2795 2670] [2035 2025 2135 2050 2600 2775 2975 3050]
[2805 2885 2855 2845 2910 2935 2805 2685] [2090 1840 1955 2045 2375 2905 3020 3055]
[2870 2880 2960 2805 2960 2905 3080 2720] [1990 2060 1870 1840 2245 2650 3180 3145]
[2790 3125 3095 2885 2950 2925 2795 2485] [1690 1890 1840 1870 2115 2640 3040 3305]
[2880 3035 2960 2890 2775 2955 2680 2520] [1505 1890 1595 1700 2110 2485 3030 3110]
[2940 2830 2965 2845 2845 3065 2935 2510] [1800 2400 1985 2140 2215 2570 2805 3350]
COM3 1 33
3
[2855 2790 2925 2755 2810 2745 2880 2585] [1970 2045 1920 2115 2535 2965 3060 3120]
[2910 2855 2845 2880 2785 2975 2930 2620] [1965 2100 1920 1990 2450 2865 2925 3020]
[2640 2925 2970 2920 2760 2770 2795 2670] [1845 1935 1870 1875 2430 2800 2985 2995]
[2805 2885 2855 2845 2910 2935 2805 2685] [1720 1945 1795 1820 2300 2675 3080 3125]
[2870 2880 2960 2805 2960 2905 3080 2720] [1685 1855 1760 1610 2035 2635 2985 3155]
[2790 3125 3095 2885 2950 2925 2795 2485] [1675 1665 1605 1730 1960 2535 2845 3135]
[2880 3035 2960 2890 2775 2955 2680 2520] [1775 1985 1805 1620 1935 2430 2875 3210]
[2940 2830 2965 2845 2845 3065 2935 2510] [2000 2005 1710 1980 1845 2520 2900 3165]
COM7 0 34
3
[2840 2770 2805 2935 2790 2670 2900 2505] [1970 2045 1920 2115 2535 2965 3060 3120]
[3100 2935 2695 2920 2905 2900 2885 2815] [1965 2100 1920 1990 2450 2865 2925 3020]
[2720 2970 2880 2800 2875 2900 3000 2950] [1845 1935 1870 1875 2430 2800 2985 2995]
[2870 2725 2920 2745 2915 2895 2900 2580] [1720 1945 1795 1820 2300 2675 3080 3125]
[2940 3065 2880 2770 3000 2835 2970 2815] [1685 1855 1760 1610 2035 2635 2985 3155]
[2875 2945 2935 3030 2830 2815 2965 2570] [1675 1665 1605 1730 1960 2535 2845 3135]
[2770 2965 2995 2940 2765 2935 2790 2625] [1775 1985 1805 1620 1935 2430 2875 3210]
[2865 2870 2955 3045 2960 2970 3015 2805] [2000 2005 1710 1980 1845 2520 2900 3165]
COM3 1 35
3
[2840 2770 2805 2935 2790 2670 2900 2505] [2385 2195 2100 2120 2405 2995 2950 3155]
[3100 2935 2695 2920 2905 2900 2885 2815] [2035 2250 2000 2070 2510 3065 3020 2960]
[2720 2970 2880 2800 2875 2900 3000 2950] [1975 2085 2020 1960 2475 2865 2855 3065]
[2870 2725 2920 2745 2915 2895 2900 2580] [1900 2055 1875 1885 2320 2755 3090 3110]
[2940 3065 2880 2770 3000 2835 2970 2815] [1930 1980 1855 1755 2115 2700 3050 3215]
[2875 2945 2935 3030 2830 2815 2965 2570] [1595 1885 1675 1925 2140 2665 2825 3070]
[2770 2965 2995 2940 2765 2935 2790 2625] [1815 1940 1770 1920 1825 2540 2880 3160]
[2865 2870 2955 3045 2960 2970 3015 2805] [1820 1550 2285 1700 2135 2580 2935 3040]
COM7 0 36
3
[2835 2720 2900 2835 2890 2770 2920 2630] [2385 2195 2100 2120 2405 2995 2950 3155]
[2970 3095 2740 2895 2840 2910 2840 2860] [2035 2250 2000 2070 2510 3065 3020 2960]
[2765 2965 2805 2795 2825 2875 2820 2660] [1975 2085 2020 1960 2475 2865 2855 3065]
[2840 2820 2920 2890 3040 2875 2810 2695] [1900 2055 1875 1885 2320 2755 3090 3110]
[3020 3045 2940 2855 2910 2855 3040 2745] [1930 1980 1855 1755 2115 2700 3050 3215]
[2965 2965 3040 3000 2845 2990 2925 2720] [1595 1885 1675 1925 2140 2665 2825 3070]
[2775 3050 2875 2830 2905 2845 2935 2625] [1815 1940 1770 1920 1825 2540 2880 3160]
[3125 2875 2650 2905 2895 2995 2900 2465] [1820 1550 2285 1700 2135 2580 2935 3040]
COM3 1 37
3
[2835 2720 2900 2835 2890 2770 2920 2630] [2030 2175 2050 2065 2630 2885 3020 3000]
[2970 3095 2740 2895 2840 2910 2840 2860] [2070 2055 1990 2025 2520 3040 3125 3070]
[2765 2965 2805 2795 2825 2875 2820 2660] [1960 2060 1960 2060 2380 2750 2920 2965]
[2840 2820 2920 2890 3040 2875 2810 2695] [1860 1820 1835 1915 2300 2705 2965 2915]
[3020 3045 2940 2855 2910 2855 3040 2745] [1815 2000 1755 1620 2035 2555 3070 3245]
[2965 2965 3040 3000 2845 2990 2925 2720] [1620 1815 1650 1910 2145 2580 2935 3280]
[2775 3050 2875 2830 2905 2845 2935 2625] [1645 2030 1700 1695 2150 2490 2765 3145]
[3125 2875 2650 2905 2895 2995 2900 2465] [1365 2105 2035 1875 2195 2595 2810 2945]
COM7 0 38
3
[2800 2720 2850 2835 2955 2740 2790 2490] [2030 2175 2050 2065 2630 2885 3020 3000]
[2830 2830 2690 2895 2835 2750 2695 2740] [2070 2055 1990 2025 2520 3040 3125 3070]
[2665 2835 2920 2730 2825 2740 2725 2680] [1960 2060 1960 2060 2380 2750 2920 2965]
[2925 2950 2970 2980 2970 2945 2820 2645] [1860 1820 1835 1915 2300 2705 2965 2915]
[2895 2815 2860 2690 3015 2750 2995 2860] [1815 2000 1755 1620 2035 2555 3070 3245]
[2690 2725 2890 2860 2850 2895 2910 2560] [1620 1815 1650 1910 2145 2580 2935 3280]
[2850 2955 2770 2995 2830 3020 2780 2755] [1645 2030 1700 1695 2150 2490 2765 3145]
[2990 2950 2910 2925 2925 2900 2795 2540] [1365 2105 2035 1875 2195 2595 2810 2945]
COM3 1 39
3
[2800 2720 2850 2835 2955 2740 2790 2490] [2255 2370 2310 2090 2550 2905 3005 3205]
[2830 2830 2690 2895 2835 2750 2695 2740] [2040 2330 2205 2080 2455 3040 3055 2995]
[2665 2835 2920 2730 2825 2740 2725 2680] [2035 2095 2035 2050 2510 2875 3070 2910]
[2925 2950 2970 2980 2970 2945 2820 2645] [2025 2135 2015 1920 2335 2830 2965 3000]
[2895 2815 2860 2690 3015 2750 2995 2860] [1945 2000 2035 1800 2245 2635 2990 3230]
[2690 2725 2890 2860 2850 2895 2910 2560] [1780 1965 1940 2105 2185 2440 3075 3160]
[2850 2955 2770 2995 2830 3020 2780 2755] [1725 2450 2120 1885 2020 2845 2935 3165]
[2990 2950 2910 2925 2925 2900 2795 2540] [2135 2315 2375 2200 1945 2535 2815 3245]
COM7 0 40
3
[2560 2555 2805 2690 2710 2775 2850 2550] [2255 2370 2310 2090 2550 2905 3005 3205]
[2835 3000 2700 3000 2860 2785 2770 2835] [2040 2330 2205 2080 2455 3040 3055 2995]
[2625 2745 2800 2775 2805 2800 2770 2715] [2035 2095 2035 2050 2510 2875 3070 2910]
[2625 2905 2820 2690 2940 2780 2740 2880] [2025 2135 2015 1920 2335 2830 2965 3000]
[2800 2810 2910 2680 3005 2835 2870 2790] [1945 2000 2035 1800 2245 2635 2990 3230]
[2695 2875 2870 2875 2840 2805 2890 2550] [1780 1965 1940 2105 2185 2440 3075 3160]
[3040 2920 2865 2955 2765 3040 2750 2575] [1725 2450 2120 1885 2020 2845 2935 3165]
[2890 2970 2765 2895 2995 2990 2915 2540] [2135 2315 2375 2200 1945 2535 2815 3245]
COM3 1 41
3
[2560 2555 2805 2690 2710 2775 2850 2550] [2020 2220 2255 2025 2510 2810 3235 3055]
[2835 3000 2700 3000 2860 2785 2770 2835] [2100 2245 2140 2050 2370 2985 3005 3115]
[2625 2745 2800 2775 2805 2800 2770 2715] [1995 2050 1945 1910 2430 2805 3085 3125]
[2625 2905 2820 2690 2940 2780 2740 2880] [1970 2080 1900 1915 2335 2780 3070 3130]
[2800 2810 2910 2680 3005 2835 2870 2790] [1835 1905 1890 1565 2060 2570 2960 3225]
[2695 2875 2870 2875 2840 2805 2890 2550] [1815 1700 1870 1885 2055 2540 2985 3005]
[3040 2920 2865 2955 2765 3040 2750 2575] [1690 1950 1550 2005 2015 2425 2775 3090]
[2890 2970 2765 2895 2995 2990 2915 2540] [1760 2150 1950 2005 1925 2440 2970 3120]
COM7 0 42
3
[2860 2655 2865 2820 2870 2830 2885 2625] [2020 2220 2255 2025 2510 2810 3235 3055]
[3005 3040 2915 2960 2905 2950 2955 2800] [2100 2245 2140 2050 2370 2985 3005 3115]
[2810 3035 3030 2850 2850 2850 2870 2765] [1995 2050 1945 1910 2430 2805 3085 3125]
[2810 3040 2975 2900 2960 3030 3005 2625] [1970 2080 1900 1915 2335 2780 3070 3130]
[3010 2905 2995 2885 3115 2745 2875 2940] [1835 1905 1890 1565 2060 2570 2960 3225]
[3065 2905 3045 2900 2835 3030 2845 2565] [1815 1700 1870 1885 2055 2540 2985 3005]
[3205 3050 2855 2990 3000 2815 2875 2710] [1690 1950 1550 2005 2015 2425 2775 3090]
[3035 2815 3030 3005 2850 3045 2905 2615] [1760 2150 1950 2005 1925 2440 2970 3120]
COM3 1 43
3
[2860 2655 2865 2820 2870 2830 2885 2625] [1945 2035 2130 2015 2505 2850 3020 3085]
[3005 3040 2915 2960 2905 2950 2955 2800] [1760 2105 2035 1980 2415 2825 3050 3030]
[2810 3035 3030 2850 2850 2850 2870 2765] [1820 2030 1940 1855 2345 2805 2975 3130]
[2810 3040 2975 2900 2960 3030 3005 2625] [1805 1565 1815 1900 2205 2625 3010 3025]
[3010 2905 2995 2885 3115 2745 2875 2940] [1650 1750 1740 1505 2050 2555 2945 3090]
[3065 2905 3045 2900 2835 3030 2845 2565] [1525 1785 1645 1825 2130 2465 2705 2990]
[3205 3050 2855 2990 3000 2815 2875 2710] [1545 2315 1840 1670 2015 2445 2875 3115]
[3035 2815 3030 3005 2850 3045 2905 2615] [1865 2280 2250 2180 2070 2515 2890 3125]
COM7 0 44
3
[2715 2580 2705 2835 2740 2710 2780 2570] [1945 2035 2130 2015 2505 2850 3020 3085]
[2715 2850 2850 2875 2815 2720 2885 2665] [1760 2105 2035 1980 2415 2825 3050 3030]
[2580 2815 2845 2780 2750 2800 2825 2765] [1820 2030 1940 1855 2345 2805 2975 3130]
[2725 2640 2740 2685 2815 2815 2925 2835] [1805 1565 1815 1900 2205 2625 3010 3025]
[2770 2910 2705 2910 2870 2840 2905 2720] [1650 1750 1740 1505 2050 2555 2945 3090]
[2905 2835 2845 3015 2710 2795 2850 2600] [1525 1785 1645 1825 2130 2465 2705 2990]
[2855 3040 2840 2945 2995 2885 2830 2535] [1545 2315 1840 1670 2015 2445 2875 3115]
[2880 2835 2755 2835 2675 2915 2990 2525] [1865 2280 2250 2180 2070 2515 2890 3125]
COM3 1 45
3
[2715 2580 2705 2835 2740 2710 2780 2570] [2315 2435 2375 2115 2630 2990 3105 3160]
[2715 2850 2850 2875 2815 2720 2885 2665] [2055 2330 2230 2075 2510 2985 3075 2960]
[2580 2815 2845 2780 2750 2800 2825 2765] [2165 2155 2180 1910 2540 2750 3190 3075]
[2725 2640 2740 2685 2815 2815 2925 2835] [1955 2075 1935 1965 2115 2675 3145 3005]
[2770 2910 2705 2910 2870 2840 2905 2720] [1835 2070 1920 1585 2095 2595 3195 3170]
[2905 2835 2845 3015 2710 2795 2850 2600] [1775 1835 1740 1870 2070 2560 2920 3225]
[2855 3040 2840 2945 2995 2885 2830 2535] [1980 2480 1745 1915 2000 2440 2855 3130]
[2880 2835 2755 2835 2675 2915 2990 2525] [2080 1985 2360 2185 1920 2500 2810 3245]
COM7 0 46
3
[2925 2865 2745 2830 2955 2790 2860 2580] [2315 2435 2375 2115 2630 2990 3105 3160]
[2935 2985 2800 2795 2870 2800 2655 2635] [2055 2330 2230 2075 2510 2985 3075 2960]
[2725 2795 2860 2885 2770 2845 2795 2880] [2165 2155 2180 1910 2540 2750 3190 3075]
[2735 2880 2900 2750 2915 2955 2880 2595] [1955 2075 1935 1965 2115 2675 3145 3005]
[2795 2850 3075 2795 2860 2780 2920 2755] [1835 2070 1920 1585 2095 2595 3195 3170]
[2875 2805 2905 2825 2775 2835 2800 2650] [1775 1835 1740 1870 2070 2560 2920 3225]
[2775 2950 2665 2935 2890 2955 2810 2615] [1980 2480 1745 1915 2000 2440 2855 3130]
[2970 3160 2705 2850 2795 2900 2955 2395] [2080 1985 2360 2185 1920 2500 2810 3245]
COM3 1 47
3
[2925 2865 2745 2830 2955 2790 2860 2580] [2055 2330 2195 2100 2415 2960 3060 3145]
[2935 2985 2800 2795 2870 2800 2655 2635] [2145 2275 2125 2030 2495 2955 3045 3050]
[2725 2795 2860 2885 2770 2845 2795 2880] [1960 2170 1905 1965 2430 2785 3070 3035]
[2735 2880 2900 2750 2915 2955 2880 2595] [2005 1840 1935 1830 2215 2850 3030 2975]
[2795 2850 3075 2795 2860 2780 2920 2755] [1905 1900 1835 1590 2140 2575 3070 3145]
[2875 2805 2905 2825 2775 2835 2800 2650] [1725 1975 1855 1960 2100 2555 2985 3085]
[2775 2950 2665 2935 2890 2955 2810 2615] [1640 2070 1705 1790 1900 2440 2935 3300]
[2970 3160 2705 2850 2795 2900 2955 2395] [1855 2555 2510 2470 2115 2465 2790 2975]
COM7 0 48
3
[2790 2865 2895 2820 2845 2775 2905 2740] [2055 2330 2195 2100 2415 2960 3060 3145]
[2900 2995 2705 3060 2835 2825 2825 2715] [2145 2275 2125 2030 2495 2955 3045 3050]
[2580 2950 2955 2770 2790 2970 2925 2710] [1960 2170 1905 1965 2430 2785 3070 3035]
[2970 2750 3030 2695 2910 2945 2890 2625] [2005 1840 1935 1830 2215 2850 3030 2975]
[2980 2885 2780 2820 3000 2835 3035 2905] [1905 1900 1835 1590 2140 2575 3070 3145]
[2900 2690 2985 3055 2865 2950 2790 2550] [1725 1975 1855 1960 2100 2555 2985 3085]
[2985 2960 2815 2980 2880 2960 2730 2520] [1640 2070 1705 1790 1900 2440 2935 3300]
[3035 2855 2785 2895 2920 2970 2900 2515] [1855 2555 2510 2470 2115 2465 2790 2975]
COM3 1 49
3
[2790 2865 2895 2820 2845 2775 2905 2740] [2060 2075 2215 2025 2420 3005 3020 3225]
[2900 2995 2705 3060 2835 2825 2825 2715] [2035 2045 2150 2080 2450 3040 3070 2970]
[2580 2950 2955 2770 2790 2970 2925 2710] [2060 2145 2010 1960 2430 2760 2975 3125]
[2970 2750 3030 2695 2910 2945 2890 2625] [1905 1580 1905 1885 2265 2790 2990 2895]
[2980 2885 2780 2820 3000 2835 3035 2905] [1890 1920 1900 1705 2110 2625 3025 3065]
[2900 2690 2985 3055 2865 2950 2790 2550] [1625 1735 1805 1935 2095 2535 2825 3190]
[2985 2960 2815 2980 2880 2960 2730 2520] [1555 1740 1820 1855 1940 2620 2715 3135]
[3035 2855 2785 2895 2920 2970 2900 2515] [2205 1785 2455 1905 2200 2605 2640 3105]
COM7 0 50
3
[2780 2910 2825 2840 2860 2810 3040 2555] [2060 2075 2215 2025 2420 3005 3020 3225]
[3065 2970 2795 2920 2865 2865 2810 2905] [2035 2045 2150 2080 2450 3040 3070 2970]
[2820 2970 2960 2900 2825 2895 2890 2745] [2060 2145 2010 1960 2430 2760 2975 3125]
[3050 2750 2890 2890 3020 2670 2895 2785] [1905 1580 1905 1885 2265 2790 2990 2895]
[3000 2905 2805 2835 2990 3075 2995 2695] [1890 1920 1900 1705 2110 2625 3025 3065]
[3090 2930 3010 3035 2910 2945 2975 2600] [1625 1735 1805 1935 2095 2535 2825 3190]
[2945 3030 2945 3015 2785 2855 2645 2640] [1555 1740 1820 1855 1940 2620 2715 3135]
[3175 2965 2795 2885 2850 2945 3045 2550] [2205 1785 2455 1905 2200 2605 2640 3105]
COM3 1 51
3
[2780 2910 2825 2840 2860 2810 3040 2555] [1990 2050 2025 2095 2530 3085 3025 3045]
[3065 2970 2795 2920 2865 2865 2810 2905] [1985 2045 2105 1980 2435 2925 3100 2975]
[2820 2970 2960 2900 2825 2895 2890 2745] [1895 2075 1885 1870 2395 2690 3065 2950]
[3050 2750 2890 2890 3020 2670 2895 2785] [1840 1755 1845 1800 2195 2725 3145 2925]
[3000 2905 2805 2835 2990 3075 2995 2695] [1610 1820 1715 1630 2130 2570 3145 3105]
[3090 2930 3010 3035 2910 2945 2975 2600] [1695 1660 1655 1750 2035 2545 2940 3075]
[2945 3030 2945 3015 2785 2855 2645 2640] [1740 2045 1695 1900 1900 2420 2880 3215]
[3175 2965 2795 2885 2850 2945 3045 2550] [1905 1590 1730 1955 1985 2560 2890 3075]
COM7 0 52
3
[2835 2675 2740 2990 2790 2725 2790 2770] [1990 2050 2025 2095 2530 3085 3025 3045]
[2815 2875 2685 2780 2800 2845 2760 2705] [1985 2045 2105 1980 2435 2925 3100 2975]
[2630 2950 2970 2755 2825 2900 2835 2640] [1895 2075 1885 1870 2395 2690 3065 2950]
[2900 2740 2865 2630 2965 2840 2875 2670] [1840 1755 1845 1800 2195 2725 3145 2925]
[2775 2765 3045 2640 2990 2875 2915 2695] [1610 1820 1715 1630 2130 2570 3145 3105]
[2870 2905 2875 2915 2885 2825 3005 2435] [1695 1660 1655 1750 2035 2545 2940 3075]
[2910 3025 2615 3005 2940 2870 2825 2490] [1740 2045 1695 1900 1900 2420 2880 3215]
[3075 2910 2855 2895 2810 2945 2870 2490] [1905 1590 1730 1955 1985 2560 2890 3075]
COM3 1 53
3
[2835 2675 2740 2990 2790 2725 2790 2770] [2240 2410 2255 2265 2735 3040 3175 3125]
[2815 2875 2685 2780 2800 2845 2760 2705] [2085 2270 2235 2125 2415 3045 3220 2955]
[2630 2950 2970 2755 2825 2900 2835 2640] [2165 2295 2100 1950 2535 2980 3110 3120]
[2900 2740 2865 2630 2965 2840 2875 2670] [2070 1960 2035 1850 2295 2710 3070 2980]
[2775 2765 3045 2640 2990 2875 2915 2695] [1960 2200 2020 1905 2130 2620 3085 3195]
[2870 2905 2875 2915 2885 2825 3005 2435] [1905 2110 1940 1920 2125 2535 2915 3105]
[2910 3025 2615 3005 2940 2870 2825 2490] [1965 2055 2030 1805 2075 2635 2880 3145]
[3075 2910 2855 2895 2810 2945 2870 2490] [2145 1900 2175 2250 2305 2620 2815 3185]
COM7 0 54
3
[2935 2695 2875 2870 2750 2770 2825 2580] [2240 2410 2255 2265 2735 3040 3175 3125]
[3005 2765 2825 2945 2840 2755 2800 2705] [2085 2270 2235 2125 2415 3045 3220 2955]
[2725 2785 2955 2835 2770 2790 2855 2810] [2165 2295 2100 1950 2535 2980 3110 3120]
[2750 2865 2925 2835 2960 2855 2730 2755] [2070 1960 2035 1850 2295 2710 3070 2980]
[2960 2940 2920 2750 2930 2810 3075 2785] [1960 2200 2020 1905 2130 2620 3085 3195]
[2825 2950 2930 2940 2890 2895 2990 2815] [1905 2110 1940 1920 2125 2535 2915 3105]
[2975 3040 2795 2920 2735 2935 2695 2580] [1965 2055 2030 1805 2075 2635 2880 3145]
[3125 2905 2920 2950 2790 2995 2815 2550] [2145 1900 2175 2250 2305 2620 2815 3185]
COM3 1 55
3
[2935 2695 2875 2870 2750 2770 2825 2580] [2240 2310 2000 2060 2425 2965 2955 3065]
[3005 2765 2825 2945 2840 2755 2800 2705] [1980 2095 2110 2100 2420 2945 3055 2935]
[2725 2785 2955 2835 2770 2790 2855 2810] [2040 2030 2000 1990 2455 2805 3085 2990]
[2750 2865 2925 2835 2960 2855 2730 2755] [1940 1815 1895 1880 2250 2675 3070 3025]
[2960 2940 2920 2750 2930 2810 3075 2785] [1725 1935 1900 1780 2010 2540 3120 3180]
[2825 2950 2930 2940 2890 2895 2990 2815] [1800 1725 1700 1795 2020 2405 3050 3050]
[2975 3040 2795 2920 2735 2935 2695 2580] [1540 2160 1725 1790 1855 2550 2945 3270]
[3125 2905 2920 2950 2790 2995 2815 2550] [1680 1670 1680 2210 2000 2580 2800 2975]
COM7 0 56
3
[2965 2650 2895 2900 2850 2825 3080 2650] [2240 2310 2000 2060 2425 2965 2955 3065]
[3085 3060 2960 2980 2860 2725 2845 2770] [1980 2095 2110 2100 2420 2945 3055 2935]
[2795 2890 2870 2780 2765 2935 2840 2725] [2040 2030 2000 1990 2455 2805 3085 2990]
[3070 3020 3035 2745 2965 2930 3005 2695] [1940 1815 1895 1880 2250 2675 3070 3025]
[3025 3090 3070 2995 2945 2835 3025 2655] [1725 1935 1900 1780 2010 2540 3120 3180]
[2880 2985 3000 3035 2850 2850 2810 2620] [1800 1725 1700 1795 2020 2405 3050 3050]
[3020 3025 3010 3015 2905 3020 2760 2615] [1540 2160 1725 1790 1855 2550 2945 3270]
[3075 2995 3005 3100 2895 3030 3070 2520] [1680 1670 1680 2210 2000 2580 2800 2975]
COM3 1 57
3
[2965 2650 2895 2900 2850 2825 3080 2650] [1990 2205 2060 2270 2590 3020 2945 3205]
[3085 3060 2960 2980 2860 2725 2845 2770] [1985 2095 2120 2060 2340 2970 2990 3000]
[2795 2890 2870 2780 2765 2935 2840 2725] [1865 2050 1935 1885 2405 2785 3095 3015]
[3070 3020 3035 2745 2965 2930 3005 2695] [1880 2025 1900 1935 2330 2830 3080 3125]
[3025 3090 3070 2995 2945 2835 3025 2655] [1800 1885 1840 1590 2075 2585 3040 3165]
[2880 2985 3000 3035 2850 2850 2810 2620] [1800 1900 1670 1750 2070 2560 2950 3085]
[3020 3025 3010 3015 2905 3020 2760 2615] [1700 1855 1720 1820 2000 2490 2880 3105]
[3075 2995 3005 3100 2895 3030 3070 2520] [1475 1945 1820 2135 2120 2660 2745 3210]
COM7 0 58
3
[2960 2875 2765 3000 2835 2825 2935 2590] [1990 2205 2060 2270 2590 3020 2945 3205]
[3050 2955 2975 2960 2900 2950 2750 2710] [1985 2095 2120 2060 2340 2970 2990 3000]
[2775 2905 2845 2895 2825 2750 2800 2780] [1865 2050 1935 1885 2405 2785 3095 3015]
[2960 2995 2985 2835 3005 2890 2790 2815] [1880 2025 1900 1935 2330 2830 3080 3125]
[2975 2915 2905 2885 2990 2845 3160 2900] [1800 1885 1840 1590 2075 2585 3040 3165]
[3025 3025 2845 2960 2765 3050 3055 2490] [1800 1900 1670 1750 2070 2560 2950 3085]
[3045 3025 2845 2910 2995 2985 2645 2545] [1700 1855 1720 1820 2000 2490 2880 3105]
[3020 2795 2820 2940 2735 2860 2905 2300] [1475 1945 1820 2135 2120 2660 2745 3210]
COM3 1 59
3
[2960 2875 2765 3000 2835 2825 2935 2590] [1895 2075 2180 2035 2370 2935 2940 3135]
[3050 2955 2975 2960 2900 2950 2750 2710] [1830 1975 1980 2010 2360 2890 2980 2990]
[2775 2905 2845 2895 2825 2750 2800 2780] [1835 2160 1915 1755 2415 2805 3040 3055]
[2960 2995 2985 2835 3005 2890 2790 2815] [1900 1705 1725 1710 2160 2615 3015 2945]
[2975 2915 2905 2885 2990 2845 3160 2900] [1690 1760 1795 1610 2145 2505 3080 3170]
[3025 3025 2845 2960 2765 3050 3055 2490] [1685 1860 1565 1770 2050 2620 2825 3210]
[3045 3025 2845 2910 2995 2985 2645 2545] [1620 1800 1560 1660 1915 2540 2760 3190]
[3020 2795 2820 2940 2735 2860 2905 2300] [1540 2325 2185 1835 2100 2380 2700 3205]
COM7 0 60
3
[2870 2575 2745 2845 2790 2815 2885 2615] [1895 2075 2180 2035 2370 2935 2940 3135]
[2900 2885 2685 2840 2810 2905 2730 2780] [1830 1975 1980 2010 2360 2890 2980 2990]
[2600 2850 2745 2745 2780 2760 2765 2665] [1835 2160 1915 1755 2415 2805 3040 3055]
[2790 2785 2810 2685 2930 2810 2975 2650] [1900 1705 1725 1710 2160 2615 3015 2945]
[2855 2775 2865 2700 2875 2790 2765 2840] [1690 1760 1795 1610 2145 2505 3080 3170]
[2885 2735 2940 2765 2825 2840 2920 2520] [1685 1860 1565 1770 2050 2620 2825 3210]
[2885 2960 2695 3005 2780 2945 2705 2555] [1620 1800 1560 1660 1915 2540 2760 3190]
[2865 2940 2955 2935 2800 2900 2885 2500] [1540 2325 2185 1835 2100 2380 2700 3205]
COM3 1 61
3
[2870 2575 2745 2845 2790 2815 2885 2615] [2310 2425 2395 2120 2640 2905 3080 3110]
[2900 2885 2685 2840 2810 2905 2730 2780] [2165 2310 2190 2190 2580 3005 2975 3050]
[2600 2850 2745 2745 2780 2760 2765 2665] [2085 2185 2260 1945 2400 2905 3040 3065]
[2790 2785 2810 2685 2930 2810 2975 2650] [2060 1975 2135 1980 2260 2865 3080 3165]
[2855 2775 2865 2700 2875 2790 2765 2840] [1865 2125 1925 1735 2205 2640 2950 3250]
[2885 2735 2940 2765 2825 2840 2920 2520] [1840 1955 1855 1975 2130 2510 2885 3160]
[2885 2960 2695 3005 2780 2945 2705 2555] [1850 1770 1975 1970 1995 2490 2845 3265]
[2865 2940 2955 2935 2800 2900 2885 2500] [1590 2180 1985 2195 1965 2200 2715 3055]
COM7 0 62
3
[2815 2575 2685 2905 2845 2745 2790 2655] [2310 2425 2395 2120 2640 2905 3080 3110]
[2900 2905 2795 2855 2925 2905 2760 2820] [2165 2310 2190 2190 2580 3005 2975 3050]
[2675 2960 2900 2810 2740 2845 2895 2690] [2085 2185 2260 1945 2400 2905 3040 3065]
[2655 2905 3030 2885 2860 2740 2925 2645] [2060 1975 2135 1980 2260 2865 3080 3165]
[3065 2995 2925 2875 2815 2885 2940 2585] [1865 2125 1925 1735 2205 2640 2950 3250]
[2650 2995 2995 2885 3005 2850 3040 2570] [1840 1955 1855 1975 2130 2510 2885 3160]
[2800 3075 2770 2910 2800 2805 2580 2775] [1850 1770 1975 1970 1995 2490 2845 3265]
[2905 2795 2770 2975 3025 2935 2885 2440] [1590 2180 1985 2195 1965 2200 2715 3055]
COM3 1 63
3
[2815 2575 2685 2905 2845 2745 2790 2655] [1955 2305 2180 2065 2540 2905 3095 3075]
[2900 2905 2795 2855 2925 2905 2760 2820] [1905 2195 2115 1870 2310 2835 3050 3025]
[2675 2960 2900 2810 2740 2845 2895 2690] [2020 2155 1925 2070 2310 2760 2980 3120]
[2655 2905 3030 2885 2860 2740 2925 2645] [1970 2085 1895 1860 2170 2715 3015 2890]
[3065 2995 2925 2875 2815 2885 2940 2585] [1700 1860 1815 1735 2075 2590 3015 3075]
[2650 2995 2995 2885 3005 2850 3040 2570] [1760 1770 1760 1825 1995 2575 2940 3055]
[2800 3075 2770 2910 2800 2805 2580 2775] [1755 2195 1770 1770 1835 2460 2780 3230]
[2905 2795 2770 2975 3025 2935 2885 2440] [2185 1915 1885 2185 2145 2365 2825 3145]
COM7 0 64
3
[2990 2800 2880 2825 2875 2830 3020 2725] [1955 2305 2180 2065 2540 2905 3095 3075]
[3195 2910 2760 2945 2930 2890 2935 2605] [1905 2195 2115 1870 2310 2835 3050 3025]
[2755 2990 2990 2820 2845 2800 2940 2940] [2020 2155 1925 2070 2310 2760 2980 3120]
[3030 2790 3080 2850 2965 3220 2840 2685] [1970 2085 1895 1860 2170 2715 3015 2890]
[3005 3035 3025 2975 2970 2770 3070 2775] [1700 1860 1815 1735 2075 2590 3015 3075]
[2860 3010 3045 2845 2840 2960 2920 2735] [1760 1770 1760 1825 1995 2575 2940 3055]
[2865 2955 2860 2885 2865 2960 2710 2700] [1755 2195 1770 1770 1835 2460 2780 3230]
[3145 3075 3070 2965 2960 3065 2870 2540] [2185 1915 1885 2185 2145 2365 2825 3145]
COM3 1 65
3
[2990 2800 2880 2825 2875 2830 3020 2725] [1975 2380 2200 2110 2530 2970 3085 3155]
[3195 2910 2760 2945 2930 2890 2935 2605] [2020 2310 2160 2125 2435 2985 3095 3100]
[2755 2990 2990 2820 2845 2800 2940 2940] [1975 2030 2005 1955 2345 2660 2985 3050]
[3030 2790 3080 2850 2965 3220 2840 2685] [1860 1885 1835 1775 2230 2720 3110 2985]
[3005 3035 3025 2975 2970 2770 3070 2775] [1705 1770 1915 1700 2175 2535 3065 3080]
[2860 3010 3045 2845 2840 2960 2920 2735] [1510 1795 1815 1725 2055 2555 2870 3110]
[2865 2955 2860 2885 2865 2960 2710 2700] [1800 2040 1640 1635 2025 2395 2890 3080]
[3145 3075 3070 2965 2960 3065 2870 2540] [2245 1740 1865 2225 2045 2310 2630 2895]