COM4 1 6
2
[2835 2985 2965 2930 2930 2875 3085 2980] [2965 3035 3145 2995 3220 3025 2950 3130]
[3035 3085 2940 2765 2895 3030 2865 2965] [3100 3060 3340 2760 3000 3125 3045 3000]
[2795 3110 3000 2755 2940 2955 2925 2980] [3000 2825 2990 3075 3205 3045 2925 2965]
[2960 2960 3050 2980 2965 2950 3045 2995] [2870 3010 3050 2935 3020 3080 2850 3050]
[3115 2825 2970 2830 3005 2905 3015 3025] [3010 3085 3215 2975 3025 3095 3175 3185]
[3305 3140 3230 3170 2865 3225 3210 2705] [2915 3180 3145 3100 3195 2995 3225 3185]
[3025 3070 3015 3000 2940 2855 2970 2940] [3090 3125 3090 3060 2965 3155 3275 3180]
[3335 3025 3095 3130 2890 3160 2965 3010] [3030 3265 3325 3345 3195 3240 3350 3180]
COM6 0 7
2
[2770 2525 2705 2930 2715 2670 2820 2830] [2965 3035 3145 2995 3220 3025 2950 3130]
[2805 2975 2725 2640 2860 2650 2810 2715] [3100 3060 3340 2760 3000 3125 3045 3000]
[2925 2770 2890 2765 2765 2745 2820 2740] [3000 2825 2990 3075 3205 3045 2925 2965]
[2930 2885 2900 2745 2765 2980 2835 2675] [2870 3010 3050 2935 3020 3080 2850 3050]
[2975 2995 2975 2905 2730 2830 2770 2890] [3010 3085 3215 2975 3025 3095 3175 3185]
[2880 2730 2870 2950 2710 2830 2925 2770] [2915 3180 3145 3100 3195 2995 3225 3185]
[3030 2865 2550 2940 2715 2995 2750 2835] [3090 3125 3090 3060 2965 3155 3275 3180]
[2915 2910 2955 3080 2970 2895 2655 2850] [3030 3265 3325 3345 3195 3240 3350 3180]
COM4 1 8
2
[2770 2525 2705 2930 2715 2670 2820 2830] [3670 3545 3635 3545 3450 3330 3370 3210]
[2805 2975 2725 2640 2860 2650 2810 2715] [3625 3610 3705 3565 3445 3430 3280 3340]
[2925 2770 2890 2765 2765 2745 2820 2740] [3520 3495 3530 3500 3520 3305 3355 3245]
[2930 2885 2900 2745 2765 2980 2835 2675] [3670 3610 3550 3475 3275 3335 3305 3265]
[2975 2995 2975 2905 2730 2830 2770 2890] [3575 3510 3650 3325 3430 3310 3365 3330]
[2880 2730 2870 2950 2710 2830 2925 2770] [3250 3300 3285 3540 3390 3480 3200 3535]
[3030 2865 2550 2940 2715 2995 2750 2835] [3505 3785 3710 3555 3305 3400 3395 3375]
[2915 2910 2955 3080 2970 2895 2655 2850] [3735 3450 3545 3605 3325 3425 3600 3620]
COM6 0 9
2
[3205 2985 2910 2905 2990 2790 2935 2910] [3670 3545 3635 3545 3450 3330 3370 3210]
[3035 2995 3135 2920 3015 2955 3125 2975] [3625 3610 3705 3565 3445 3430 3280 3340]
[2855 2980 3010 2890 2885 2970 2870 2960] [3520 3495 3530 3500 3520 3305 3355 3245]
[2890 2890 3170 3005 3015 3005 3165 2985] [3670 3610 3550 3475 3275 3335 3305 3265]
[2915 3170 3025 3135 3115 3120 3155 2980] [3575 3510 3650 3325 3430 3310 3365 3330]
[2945 3175 3010 2835 3015 3110 3045 2940] [3250 3300 3285 3540 3390 3480 3200 3535]
[3145 2955 2970 3210 3090 2985 2825 2960] [3505 3785 3710 3555 3305 3400 3395 3375]
[2975 2910 3150 3115 2970 3235 3130 2875] [3735 3450 3545 3605 3325 3425 3600 3620]
COM4 1 10
2
[3205 2985 2910 2905 2990 2790 2935 2910] [2970 2600 2945 2870 3010 2715 2965 2950]
[3035 2995 3135 2920 3015 2955 3125 2975] [2720 2560 2795 2610 2670 2865 3000 2785]
[2855 2980 3010 2890 2885 2970 2870 2960] [2640 2725 2705 2520 2860 2930 2820 2775]
[2890 2890 3170 3005 3015 3005 3165 2985] [3030 2850 2590 2770 2925 2740 2835 2925]
[2915 3170 3025 3135 3115 3120 3155 2980] [2785 2760 2915 2755 2795 2765 3045 2835]
[2945 3175 3010 2835 3015 3110 3045 2940] [2710 2810 2715 3145 2820 3105 2890 3020]
[3145 2955 2970 3210 3090 2985 2825 2960] [2830 3050 3265 2815 3095 3015 2975 2920]
[2975 2910 3150 3115 2970 3235 3130 2875] [3070 2785 2845 3050 2755 2935 3090 2850]
COM6 0 11
2
[2750 2845 2680 2895 2990 2840 2970 2900] [2970 2600 2945 2870 3010 2715 2965 2950]
[2900 2875 2935 2975 2995 2920 2915 2925] [2720 2560 2795 2610 2670 2865 3000 2785]
[2860 2980 2925 2960 2840 2890 2920 2880] [2640 2725 2705 2520 2860 2930 2820 2775]
[3140 3065 2985 2875 2945 2945 3055 3060] [3030 2850 2590 2770 2925 2740 2835 2925]
[3115 3085 3045 2875 2900 2900 3015 2965] [2785 2760 2915 2755 2795 2765 3045 2835]
[2785 2955 3005 2935 2830 2985 2870 2890] [2710 2810 2715 3145 2820 3105 2890 3020]
[3320 3190 2930 3090 2945 3115 2900 2945] [2830 3050 3265 2815 3095 3015 2975 2920]
[2975 3070 2760 2990 3145 2940 3200 2910] [3070 2785 2845 3050 2755 2935 3090 2850]
COM4 1 12
2
[2750 2845 2680 2895 2990 2840 2970 2900] [2820 2815 2925 2775 3060 2915 3065 3045]
[2900 2875 2935 2975 2995 2920 2915 2925] [3010 2785 2920 2805 2875 3035 2950 2805]
[2860 2980 2925 2960 2840 2890 2920 2880] [2920 3075 2895 2950 2885 2930 2895 3005]
[3140 3065 2985 2875 2945 2945 3055 3060] [3000 3085 3075 3055 2975 2780 3020 2985]
[3115 3085 3045 2875 2900 2900 3015 2965] [3050 2795 3090 2835 2950 2980 3110 3105]
[2785 2955 3005 2935 2830 2985 2870 2890] [2685 2990 3050 3040 2875 2995 2995 2940]
[3320 3190 2930 3090 2945 3115 2900 2945] [3100 3005 3165 3155 3005 3155 3055 2995]
[2975 3070 2760 2990 3145 2940 3200 2910] [3210 3085 2850 3080 3030 2910 3095 3250]
COM6 0 13
2
[2835 2625 2340 2765 2680 2670 2690 2630] [2820 2815 2925 2775 3060 2915 3065 3045]
[2860 2830 2855 2715 2720 2840 2670 2615] [3010 2785 2920 2805 2875 3035 2950 2805]
[2490 2760 2725 2815 2725 2655 2750 2715] [2920 3075 2895 2950 2885 2930 2895 3005]
[2625 2585 2865 2715 2720 2660 2595 2590] [3000 3085 3075 3055 2975 2780 3020 2985]
[2865 2910 2695 2660 2840 2655 2800 2965] [3050 2795 3090 2835 2950 2980 3110 3105]
[2910 2915 2635 2970 2685 2595 2645 2600] [2685 2990 3050 3040 2875 2995 2995 2940]
[2760 2720 2960 2775 2685 2840 2605 2550] [3100 3005 3165 3155 3005 3155 3055 2995]
[2865 2825 2740 2675 2510 2725 2850 2670] [3210 3085 2850 3080 3030 2910 3095 3250]
COM4 1 14
2
[2835 2625 2340 2765 2680 2670 2690 2630] [3640 3445 3710 3245 3445 3445 3210 3170]
[2860 2830 2855 2715 2720 2840 2670 2615] [3320 3660 3755 3510 3355 3325 3205 3260]
[2490 2760 2725 2815 2725 2655 2750 2715] [3145 3590 3435 3355 3395 3270 3385 3150]
[2625 2585 2865 2715 2720 2660 2595 2590] [3535 3860 3670 3420 3395 3395 3245 3295]
[2865 2910 2695 2660 2840 2655 2800 2965] [3685 3540 3530 3370 3240 3245 3315 3280]
[2910 2915 2635 2970 2685 2595 2645 2600] [3275 3465 3425 3585 3175 3355 3265 3385]
[2760 2720 2960 2775 2685 2840 2605 2550] [3290 3730 3285 3415 3200 3235 3505 3510]
[2865 2825 2740 2675 2510 2725 2850 2670] [3400 3465 3395 3450 3255 3410 3575 3325]
COM6 0 15
2
[2660 2645 2665 3010 2875 2820 3110 2655] [3640 3445 3710 3245 3445 3445 3210 3170]
[2830 3020 2965 3215 2940 2850 2840 2820] [3320 3660 3755 3510 3355 3325 3205 3260]
[2805 2990 2910 2850 2815 2890 2770 2975] [3145 3590 3435 3355 3395 3270 3385 3150]
[2935 3070 2810 2845 2995 2985 2950 2955] [3535 3860 3670 3420 3395 3395 3245 3295]
[3120 2950 3190 3000 3105 2910 3150 2975] [3685 3540 3530 3370 3240 3245 3315 3280]
[3115 3125 3195 3125 3050 2965 3060 3095] [3275 3465 3425 3585 3175 3355 3265 3385]
[3005 3210 3250 2940 3020 2935 2850 2865] [3290 3730 3285 3415 3200 3235 3505 3510]
[3190 3070 2910 2905 2935 2965 3215 2855] [3400 3465 3395 3450 3255 3410 3575 3325]
COM4 1 16
2
[2660 2645 2665 3010 2875 2820 3110 2655] [3675 3580 3515 3470 3445 3340 3350 3170]
[2830 3020 2965 3215 2940 2850 2840 2820] [3405 3415 3675 3435 3435 3460 3325 3295]
[2805 2990 2910 2850 2815 2890 2770 2975] [3330 3645 3600 3385 3485 3140 3300 3125]
[2935 3070 2810 2845 2995 2985 2950 2955] [3445 3755 3460 3335 3410 3230 3285 3140]
[3120 2950 3190 3000 3105 2910 3150 2975] [3380 3485 3400 3315 3325 3355 3380 3325]
[3115 3125 3195 3125 3050 2965 3060 3095] [3345 3475 3510 3505 3320 3445 3435 3200]
[3005 3210 3250 2940 3020 2935 2850 2865] [3670 3770 3640 3415 3420 3245 3260 3355]
[3190 3070 2910 2905 2935 2965 3215 2855] [3590 3485 3440 3515 3415 3570 3465 3325]
COM6 0 17
2
[3035 2805 2945 3070 3100 3000 3145 3175] [3675 3580 3515 3470 3445 3340 3350 3170]
[3170 3170 2935 3135 2925 2975 3085 2965] [3405 3415 3675 3435 3435 3460 3325 3295]
[3010 3175 3100 3090 3030 3070 3090 3100] [3330 3645 3600 3385 3485 3140 3300 3125]
[3055 2815 3020 3100 3030 3030 3235 3155] [3445 3755 3460 3335 3410 3230 3285 3140]
[3395 3075 3190 3310 3125 3195 3290 3270] [3380 3485 3400 3315 3325 3355 3380 3325]
[3300 3125 3355 3300 2975 2965 3140 3185] [3345 3475 3510 3505 3320 3445 3435 3200]
[2895 3110 3125 3195 3195 3135 3105 3375] [3670 3770 3640 3415 3420 3245 3260 3355]
[3085 3060 3270 2990 2960 3200 3290 3375] [3590 3485 3440 3515 3415 3570 3465 3325]
COM4 1 18
2
[3035 2805 2945 3070 3100 3000 3145 3175] [3200 3085 3175 2965 2995 3145 2975 3100]
[3170 3170 2935 3135 2925 2975 3085 2965] [3015 2785 3135 3070 2990 3080 2915 2675]
[3010 3175 3100 3090 3030 3070 3090 3100] [3140 2965 3090 3070 3155 2920 2965 2890]
[3055 2815 3020 3100 3030 3030 3235 3155] [3180 3370 3315 3150 3120 3070 3045 2725]
[3395 3075 3190 3310 3125 3195 3290 3270] [3125 3050 3060 2940 2930 3075 3085 2840]
[3300 3125 3355 3300 2975 2965 3140 3185] [2850 2880 2970 3185 3055 3215 3215 2700]
[2895 3110 3125 3195 3195 3135 3105 3375] [3250 3145 3415 3090 3225 3255 2875 3000]
[3085 3060 3270 2990 2960 3200 3290 3375] [3325 3380 3360 3235 3135 3005 3000 2835]
COM6 0 19
2
[3020 3125 3005 3125 3080 3070 3240 3165] [3200 3085 3175 2965 2995 3145 2975 3100]
[3295 3170 2955 3315 3050 3165 3210 3145] [3015 2785 3135 3070 2990 3080 2915 2675]
[3260 3230 3315 3060 3155 3155 3080 3040] [3140 2965 3090 3070 3155 2920 2965 2890]
[3215 3355 3240 3005 3165 3100 3055 3245] [3180 3370 3315 3150 3120 3070 3045 2725]
[3155 3040 3220 3225 3365 3100 3255 3280] [3125 3050 3060 2940 2930 3075 3085 2840]
[3255 3430 3195 3330 3225 3295 3150 3280] [2850 2880 2970 3185 3055 3215 3215 2700]
[3320 3250 3215 3250 3255 3225 3120 3355] [3250 3145 3415 3090 3225 3255 2875 3000]
[2980 3345 3160 3125 3185 3375 3530 3140] [3325 3380 3360 3235 3135 3005 3000 2835]
COM4 1 20
2
[3020 3125 3005 3125 3080 3070 3240 3165] [2935 2870 3000 2915 2920 2810 2875 2535]
[3295 3170 2955 3315 3050 3165 3210 3145] [3095 2785 3040 2915 3015 3000 2820 2395]
[3260 3230 3315 3060 3155 3155 3080 3040] [3000 3015 2960 2925 3045 2915 2765 2315]
[3215 3355 3240 3005 3165 3100 3055 3245] [3130 3145 2985 3020 2945 2930 2545 2000]
[3155 3040 3220 3225 3365 3100 3255 3280] [3065 3045 3080 2860 3000 2875 2485 1905]
[3255 3430 3195 3330 3225 3295 3150 3280] [2945 3045 2900 3000 3055 2850 2275 1820]
[3320 3250 3215 3250 3255 3225 3120 3355] [3070 3310 3090 2950 3040 2800 2355 2095]
[2980 3345 3160 3125 3185 3375 3530 3140] [3450 3205 3030 3135 3000 2950 2640 1945]
COM6 0 21
2
[2745 2405 2515 2785 2695 2710 2635 2570] [2935 2870 3000 2915 2920 2810 2875 2535]
[2765 2710 2580 2750 2695 2800 2670 2615] [3095 2785 3040 2915 3015 3000 2820 2395]
[2420 2635 2665 2650 2605 2765 2490 2740] [3000 3015 2960 2925 3045 2915 2765 2315]
[2775 2705 3015 2580 2790 2745 2670 2660] [3130 3145 2985 3020 2945 2930 2545 2000]
[2725 2605 2615 2735 2690 2670 2755 2610] [3065 3045 3080 2860 3000 2875 2485 1905]
[2820 2875 2835 2710 2700 2620 2695 2805] [2945 3045 2900 3000 3055 2850 2275 1820]
[2485 2720 2560 2765 2685 2625 2510 2435] [3070 3310 3090 2950 3040 2800 2355 2095]
[2790 2700 2590 2890 2715 2875 2715 2580] [3450 3205 3030 3135 3000 2950 2640 1945]
COM4 1 22
2
[2745 2405 2515 2785 2695 2710 2635 2570] [3485 3420 3475 3370 3620 2925 2590 2175]
[2765 2710 2580 2750 2695 2800 2670 2615] [3565 3345 3470 3290 3115 3085 2345 1905]
[2420 2635 2665 2650 2605 2765 2490 2740] [3400 3250 3310 3285 3170 2495 2235 1760]
[2775 2705 3015 2580 2790 2745 2670 2660] [3345 3405 3470 3190 2775 2400 1900 1660]
[2725 2605 2615 2735 2690 2670 2755 2610] [3420 3280 3270 3045 2615 2060 1820 1745]
[2820 2875 2835 2710 2700 2620 2695 2805] [3140 3205 3190 3110 2540 2095 1870 1650]
[2485 2720 2560 2765 2685 2625 2510 2435] [3550 3295 3355 2930 2745 2025 1735 1745]
[2790 2700 2590 2890 2715 2875 2715 2580] [3525 3590 3185 3310 2770 1965 1805 1705]
COM6 0 23
2
[3100 3085 3065 3085 3010 3075 3105 3270] [3485 3420 3475 3370 3620 2925 2590 2175]
[3155 3130 3140 3175 3080 3075 3045 3245] [3565 3345 3470 3290 3115 3085 2345 1905]
[3035 3165 3175 3020 3105 3070 3235 3100] [3400 3250 3310 3285 3170 2495 2235 1760]
[3055 3340 3260 3120 3105 3010 3055 3185] [3345 3405 3470 3190 2775 2400 1900 1660]
[3165 3085 3275 3230 3300 3040 3260 3265] [3420 3280 3270 3045 2615 2060 1820 1745]
[3080 3115 3290 3115 3030 2985 3210 2985] [3140 3205 3190 3110 2540 2095 1870 1650]
[3190 3320 3330 3130 3305 3265 3005 3265] [3550 3295 3355 2930 2745 2025 1735 1745]
[3270 3205 3305 3305 3175 3270 3390 3400] [3525 3590 3185 3310 2770 1965 1805 1705]
COM4 1 24
2
[3100 3085 3065 3085 3010 3075 3105 3270] [2495 2540 2770 2570 2510 2175 1800 1645]
[3155 3130 3140 3175 3080 3075 3045 3245] [2640 2365 2560 2540 2075 1855 1660 1610]
[3035 3165 3175 3020 3105 3070 3235 3100] [2610 2520 2295 2110 1935 1455 1520 1610]
[3055 3340 3260 3120 3105 3010 3055 3185] [2735 2060 2085 1720 1545 1450 1480 1620]
[3165 3085 3275 3230 3300 3040 3260 3265] [2440 2240 1940 1465 1475 1305 1425 1725]
[3080 3115 3290 3115 3030 2985 3210 2985] [2440 2370 1920 1730 1550 1535 1480 1570]
[3190 3320 3330 3130 3305 3265 3005 3265] [2715 2625 2310 1880 1580 1455 1485 1445]
[3270 3205 3305 3305 3175 3270 3390 3400] [3240 2875 2465 2095 1800 1400 1560 1620]
COM6 0 25
2
[2585 2795 2800 2890 2930 2865 2870 2685] [2495 2540 2770 2570 2510 2175 1800 1645]
[2650 3020 2600 2755 2930 2975 2890 2765] [2640 2365 2560 2540 2075 1855 1660 1610]
[2790 2515 2890 2775 2840 2950 2800 2795] [2610 2520 2295 2110 1935 1455 1520 1610]
[2990 3185 3000 2890 2900 3040 2955 2890] [2735 2060 2085 1720 1545 1450 1480 1620]
[2945 3075 2990 2970 2995 2875 3015 3140] [2440 2240 1940 1465 1475 1305 1425 1725]
[2550 2985 2980 3110 2865 2920 2935 2800] [2440 2370 1920 1730 1550 1535 1480 1570]
[2880 2970 2900 2940 2825 2845 3240 2640] [2715 2625 2310 1880 1580 1455 1485 1445]
[2945 2910 2945 2965 2965 2955 2915 2705] [3240 2875 2465 2095 1800 1400 1560 1620]
COM4 1 26
2
[2585 2795 2800 2890 2930 2865 2870 2685] [2070 2385 2315 2335 1900 1665 1685 2055]
[2650 3020 2600 2755 2930 2975 2890 2765] [2235 1925 1900 1905 1760 1620 1855 2120]
[2790 2515 2890 2775 2840 2950 2800 2795] [2025 1690 1650 1600 1510 1545 1715 2130]
[2990 3185 3000 2890 2900 3040 2955 2890] [2350 1730 1695 1480 1425 1545 1685 1830]
[2945 3075 2990 2970 2995 2875 3015 3140] [2265 1755 1675 1440 1475 1500 1525 1695]
[2550 2985 2980 3110 2865 2920 2935 2800] [2290 1920 1720 1760 1660 1720 1575 1465]
[2880 2970 2900 2940 2825 2845 3240 2640] [2465 1965 1940 1860 1920 1865 1770 1635]
[2945 2910 2945 2965 2965 2955 2915 2705] [2780 2350 2075 2040 2190 2365 2010 2145]
COM6 0 27
2
[3100 2980 2935 2850 2975 2810 2970 2705] [2070 2385 2315 2335 1900 1665 1685 2055]
[3035 3230 2975 3125 2995 2905 2875 2885] [2235 1925 1900 1905 1760 1620 1855 2120]
[3020 3095 3215 2945 2910 2955 2885 2900] [2025 1690 1650 1600 1510 1545 1715 2130]
[3050 3295 3160 3080 3025 3085 2985 2875] [2350 1730 1695 1480 1425 1545 1685 1830]
[3270 3250 3140 3160 3165 3005 3015 2945] [2265 1755 1675 1440 1475 1500 1525 1695]
[3105 2990 3035 3080 2985 2965 3320 2985] [2290 1920 1720 1760 1660 1720 1575 1465]
[3790 3090 3210 3205 3245 3135 3015 2960] [2465 1965 1940 1860 1920 1865 1770 1635]
[3055 3065 3055 3170 3095 3200 3130 3185] [2780 2350 2075 2040 2190 2365 2010 2145]
COM4 1 28
2
[3100 2980 2935 2850 2975 2810 2970 2705] [1940 1745 1580 1405 1535 1640 1670 2235]
[3035 3230 2975 3125 2995 2905 2875 2885] [1700 1450 1435 1340 1425 1515 1790 2025]
[3020 3095 3215 2945 2910 2955 2885 2900] [1475 1515 1390 1440 1460 1335 1455 1485]
[3050 3295 3160 3080 3025 3085 2985 2875] [1505 1445 1585 1755 1530 1450 1370 1355]
[3270 3250 3140 3160 3165 3005 3015 2945] [1620 1615 1900 1755 1800 1565 1665 1555]
[3105 2990 3035 3080 2985 2965 3320 2985] [1835 1710 1995 2345 2110 2020 1935 1600]
[3790 3090 3210 3205 3245 3135 3015 2960] [1855 1770 2115 2360 2620 2245 2260 2235]
[3055 3065 3055 3170 3095 3200 3130 3185] [2045 1640 1680 2150 2295 2310 2035 1985]
COM6 0 29
2
[2910 2890 2750 2760 2840 2685 2455 1965] [1940 1745 1580 1405 1535 1640 1670 2235]
[3170 2930 2975 2825 2915 3020 2585 2045] [1700 1450 1435 1340 1425 1515 1790 2025]
[2760 2980 3030 2765 2835 2740 2750 2410] [1475 1515 1390 1440 1460 1335 1455 1485]
[3050 3225 3050 2740 2960 2850 2820 2655] [1505 1445 1585 1755 1530 1450 1370 1355]
[3070 2875 3045 2805 2850 2910 2905 2895] [1620 1615 1900 1755 1800 1565 1665 1555]
[3015 2940 3195 2895 2865 2830 2850 2690] [1835 1710 1995 2345 2110 2020 1935 1600]
[3000 3100 3195 2920 2805 3140 2975 2610] [1855 1770 2115 2360 2620 2245 2260 2235]
[3155 3135 2920 2875 2865 2760 2900 2675] [2045 1640 1680 2150 2295 2310 2035 1985]
COM4 1 30
2
[2910 2890 2750 2760 2840 2685 2455 1965] [1640 1495 1565 1555 1455 1425 1520 1630]
[3170 2930 2975 2825 2915 3020 2585 2045] [1810 1735 1555 1535 1470 1510 1435 1390]
[2760 2980 3030 2765 2835 2740 2750 2410] [1780 1705 1785 1605 1675 1605 1585 1490]
[3050 3225 3050 2740 2960 2850 2820 2655] [2025 2260 2040 1975 1915 1835 1825 1520]
[3070 2875 3045 2805 2850 2910 2905 2895] [1740 2110 2270 2290 2075 2225 1965 1720]
[3015 2940 3195 2895 2865 2830 2850 2690] [1495 1795 2075 2155 2125 2190 1960 1745]
[3000 3100 3195 2920 2805 3140 2975 2610] [1590 1650 1815 1690 1785 1735 1805 1775]
[3155 3135 2920 2875 2865 2760 2900 2675] [1785 1585 1535 1725 1590 1595 1485 1725]
COM6 0 31
2
[2565 2970 2750 2825 2490 2170 1860 1855] [1640 1495 1565 1555 1455 1425 1520 1630]
[3075 2955 2635 2900 2845 2700 2165 1960] [1810 1735 1555 1535 1470 1510 1435 1390]
[2815 2990 3030 2930 2875 2810 2305 2215] [1780 1705 1785 1605 1675 1605 1585 1490]
[3000 3135 3040 2910 2900 2895 2680 2430] [2025 2260 2040 1975 1915 1835 1825 1520]
[2975 2970 3045 2900 2925 2910 2810 2570] [1740 2110 2270 2290 2075 2225 1965 1720]
[3015 3055 2835 3045 2865 2750 2510 2195] [1495 1795 2075 2155 2125 2190 1960 1745]
[3130 3040 2870 3110 2690 2310 2400 2120] [1590 1650 1815 1690 1785 1735 1805 1775]
[3120 2845 3055 2970 2770 2455 1930 1650] [1785 1585 1535 1725 1590 1595 1485 1725]
COM4 1 32
2
[2565 2970 2750 2825 2490 2170 1860 1855] [1690 1510 1560 1355 1525 1385 1325 1340]
[3075 2955 2635 2900 2845 2700 2165 1960] [1830 1705 1595 1405 1390 1435 1390 1285]
[2815 2990 3030 2930 2875 2810 2305 2215] [1945 2025 1755 1660 1630 1525 1355 1355]
[3000 3135 3040 2910 2900 2895 2680 2430] [2070 2125 2240 2025 1765 1460 1515 1360]
[2975 2970 3045 2900 2925 2910 2810 2570] [1770 1845 1915 1585 1720 1575 1560 1375]
[3015 3055 2835 3045 2865 2750 2510 2195] [1375 1525 1765 1675 1460 1330 1470 1465]
[3130 3040 2870 3110 2690 2310 2400 2120] [1420 1605 1470 1460 1575 1420 1515 1650]
[3120 2845 3055 2970 2770 2455 1930 1650] [1645 1845 1610 1715 1490 1480 1805 2100]
COM6 0 33
2
[2805 3040 2765 2685 2445 2120 1885 2030] [1690 1510 1560 1355 1525 1385 1325 1340]
[3055 2930 2895 2840 2755 2370 2030 1935] [1830 1705 1595 1405 1390 1435 1390 1285]
[3075 2800 2950 2920 2795 2575 2180 2140] [1945 2025 1755 1660 1630 1525 1355 1355]
[3025 3055 2845 3005 2845 2775 2265 2015] [2070 2125 2240 2025 1765 1460 1515 1360]
[3215 3035 2780 2710 2805 2395 2170 1875] [1770 1845 1915 1585 1720 1575 1560 1375]
[2960 2975 3050 2845 2080 2185 1850 1470] [1375 1525 1765 1675 1460 1330 1470 1465]
[2920 3210 2560 2415 1700 1560 1635 1435] [1420 1605 1470 1460 1575 1420 1515 1650]
[3080 2820 2790 2345 1800 1345 1625 1670] [1645 1845 1610 1715 1490 1480 1805 2100]
COM4 1 34
2
[2805 3040 2765 2685 2445 2120 1885 2030] [1570 1340 1415 1215 1305 1340 1290 1385]
[3055 2930 2895 2840 2755 2370 2030 1935] [1810 1390 1545 1315 1185 1275 1290 1240]
[3075 2800 2950 2920 2795 2575 2180 2140] [2035 1810 1595 1315 1275 1070 1255 1310]
[3025 3055 2845 3005 2845 2775 2265 2015] [1950 1995 1660 1605 1305 1140 1250 1360]
[3215 3035 2780 2710 2805 2395 2170 1875] [1715 1575 1495 1320 1225 1170 1395 1550]
[2960 2975 3050 2845 2080 2185 1850 1470] [1390 1380 1350 1415 1285 1410 1560 1785]
[2920 3210 2560 2415 1700 1560 1635 1435] [1335 1330 1330 1350 1480 1555 1805 2465]
[3080 2820 2790 2345 1800 1345 1625 1670] [1490 1555 1565 1620 1835 2020 2385 2685]
COM6 0 35
2
[2365 2140 1795 1360 1435 1600 1585 1085] [1570 1340 1415 1215 1305 1340 1290 1385]
[2000 1995 1525 1425 1445 1725 1525 1285] [1810 1390 1545 1315 1185 1275 1290 1240]
[1310 1425 1270 1300 1450 1685 1570 1310] [2035 1810 1595 1315 1275 1070 1255 1310]
[1315 1175 1215 1105 1300 1420 1450 1140] [1950 1995 1660 1605 1305 1140 1250 1360]
[1225 1035 1150 1165 1185 1105 1180 1130] [1715 1575 1495 1320 1225 1170 1395 1550]
[1340 1315 1260 1285 1260 1095 1170  955] [1390 1380 1350 1415 1285 1410 1560 1785]
[2035 1640 1245 1450 1300 1270  955 1265] [1335 1330 1330 1350 1480 1555 1805 2465]
[2445 2285 1780 1855 1675 1625 1365 1525] [1490 1555 1565 1620 1835 2020 2385 2685]
COM4 1 36
2
[2365 2140 1795 1360 1435 1600 1585 1085] [1335 1205 1255 1105 1410 1555 1920 2595]
[2000 1995 1525 1425 1445 1725 1525 1285] [1365 1230 1140 1115 1235 1405 1785 2055]
[1310 1425 1270 1300 1450 1685 1570 1310] [1570 1315 1190 1000 1300 1335 1625 2105]
[1315 1175 1215 1105 1300 1420 1450 1140] [1635 1380 1150 1115 1205 1340 1670 2100]
[1225 1035 1150 1165 1185 1105 1180 1130] [1330 1315 1240 1125 1220 1550 1760 2285]
[1340 1315 1260 1285 1260 1095 1170  955] [1195 1135 1325 1575 1500 1760 2110 2585]
[2035 1640 1245 1450 1300 1270  955 1265] [1530 1535 1575 1595 1840 2445 2550 3000]
[2445 2285 1780 1855 1675 1625 1365 1525] [1740 1560 2070 2185 2485 2840 3045 3045]
COM6 0 37
2
[ 900  730 1075  995  995  970 1125 1025] [1335 1205 1255 1105 1410 1555 1920 2595]
[1050 1095  850 1115 1025 1135 1130 1215] [1365 1230 1140 1115 1235 1405 1785 2055]
[1135 1035 1105 1115 1055 1205 1385 1515] [1570 1315 1190 1000 1300 1335 1625 2105]
[1360 1165 1195 1085 1375 1555 1840 1950] [1635 1380 1150 1115 1205 1340 1670 2100]
[1755 1630 1280 1170 1625 1660 2520 2890] [1330 1315 1240 1125 1220 1550 1760 2285]
[2280 1925 2060 1725 1955 2510 2720 2995] [1195 1135 1325 1575 1500 1760 2110 2585]
[2715 2590 2350 2440 2600 2810 2880 2890] [1530 1535 1575 1595 1840 2445 2550 3000]
[3005 3005 2910 2915 3030 3080 2835 2985] [1740 1560 2070 2185 2485 2840 3045 3045]
COM4 1 38
2
[ 900  730 1075  995  995  970 1125 1025] [1410 1350 1530 1640 2225 2660 2860 3055]
[1050 1095  850 1115 1025 1135 1130 1215] [1330 1375 1475 1520 1855 2440 2885 2990]
[1135 1035 1105 1115 1055 1205 1385 1515] [1245 1265 1450 1505 1880 2390 2730 2995]
[1360 1165 1195 1085 1375 1555 1840 1950] [1315 1315 1470 1580 1900 2235 2670 2855]
[1755 1630 1280 1170 1625 1660 2520 2890] [1305 1355 1605 1590 1985 2555 3015 3040]
[2280 1925 2060 1725 1955 2510 2720 2995] [1420 1575 1835 1925 2385 2625 3055 3320]
[2715 2590 2350 2440 2600 2810 2880 2890] [1745 2010 2320 2575 2670 2970 3020 3385]
[3005 3005 2910 2915 3030 3080 2835 2985] [2475 2370 2835 3140 3355 3205 3250 3200]
COM6 0 39
2
[ 865  895  935  875  945  905 1045  950] [1410 1350 1530 1640 2225 2660 2860 3055]
[1110  995  965 1060 1015 1130 1070 1185] [1330 1375 1475 1520 1855 2440 2885 2990]
[ 875  975 1175 1325 1345 1445 1595 1520] [1245 1265 1450 1505 1880 2390 2730 2995]
[1095 1270 1560 1980 2130 2305 2190 2300] [1315 1315 1470 1580 1900 2235 2670 2855]
[1480 1835 2215 2290 2720 2730 2740 2805] [1305 1355 1605 1590 1985 2555 3015 3040]
[2525 2515 2715 2680 2680 2800 3005 2670] [1420 1575 1835 1925 2385 2625 3055 3320]
[2645 2825 2600 2945 2755 3050 2955 2900] [1745 2010 2320 2575 2670 2970 3020 3385]
[2915 2815 2880 2870 2795 2920 3055 2950] [2475 2370 2835 3140 3355 3205 3250 3200]
COM4 1 40
2
[ 865  895  935  875  945  905 1045  950] [1695 1875 2115 2570 2875 3020 3025 3240]
[1110  995  965 1060 1015 1130 1070 1185] [1750 1740 2055 2480 2790 3180 3035 3105]
[ 875  975 1175 1325 1345 1445 1595 1520] [1705 1705 2020 2405 2950 2945 3020 3090]
[1095 1270 1560 1980 2130 2305 2190 2300] [1735 1685 2170 2450 2865 3090 3165 2995]
[1480 1835 2215 2290 2720 2730 2740 2805] [1815 2050 2515 2750 2945 3075 3075 3165]
[2525 2515 2715 2680 2680 2800 3005 2670] [2115 2325 2680 3020 3135 3050 3135 3070]
[2645 2825 2600 2945 2755 3050 2955 2900] [2545 2825 3150 3145 2995 3135 3050 3215]
[2915 2815 2880 2870 2795 2920 3055 2950] [2780 3135 3230 3115 3075 3230 3265 3055]
COM6 0 41
2
[ 990  860  910  900  930  910 1010 1010] [1695 1875 2115 2570 2875 3020 3025 3240]
[1260 1090 1000 1115 1040 1130 1125 1240] [1750 1740 2055 2480 2790 3180 3035 3105]
[1025 1110 1315 1355 1345 1615 1620 1635] [1705 1705 2020 2405 2950 2945 3020 3090]
[1865 1370 1775 1905 2105 2180 2120 2245] [1735 1685 2170 2450 2865 3090 3165 2995]
[1955 2150 2190 2270 2555 2525 2660 2740] [1815 2050 2515 2750 2945 3075 3075 3165]
[2465 2420 2500 2590 2645 2780 2670 2600] [2115 2325 2680 3020 3135 3050 3135 3070]
[2770 2590 2640 2600 2550 2730 2715 2575] [2545 2825 3150 3145 2995 3135 3050 3215]
[2810 2630 2640 2745 2570 2545 2745 2545] [2780 3135 3230 3115 3075 3230 3265 3055]
COM4 1 42
2
[ 990  860  910  900  930  910 1010 1010] [1775 2075 2670 2970 2910 3110 3080 3220]
[1260 1090 1000 1115 1040 1130 1125 1240] [1820 2250 2845 3180 3150 3145 3115 2975]
[1025 1110 1315 1355 1345 1615 1620 1635] [1935 2560 2955 3100 3140 3100 3225 3060]
[1865 1370 1775 1905 2105 2180 2120 2245] [2345 2945 3295 3130 3105 2960 3095 3010]
[1955 2150 2190 2270 2555 2525 2660 2740] [2675 2890 3095 3045 3205 3105 3125 3085]
[2465 2420 2500 2590 2645 2780 2670 2600] [2665 3115 3390 3260 3185 3235 3250 3225]
[2770 2590 2640 2600 2550 2730 2715 2575] [3135 3050 3265 3355 3420 3130 3225 3315]
[2810 2630 2640 2745 2570 2545 2745 2545] [3530 3490 3405 3030 3295 3360 3475 3310]
COM6 0 43
2
[1095 1120  925 1060 1045  985 1125 1065] [1775 2075 2670 2970 2910 3110 3080 3220]
[1195 1135 1125 1240 1205 1210 1345 1280] [1820 2250 2845 3180 3150 3145 3115 2975]
[1195 1160 1350 1370 1490 1660 1665 1745] [1935 2560 2955 3100 3140 3100 3225 3060]
[1900 1830 2015 2110 2215 2370 2230 2450] [2345 2945 3295 3130 3105 2960 3095 3010]
[2365 2430 2625 2650 2710 2565 2765 2695] [2675 2890 3095 3045 3205 3105 3125 3085]
[2610 2665 2850 2705 2555 2840 2795 2830] [2665 3115 3390 3260 3185 3235 3250 3225]
[2710 2785 2665 2750 3110 2680 2715 2955] [3135 3050 3265 3355 3420 3130 3225 3315]
[2990 2840 3105 2670 2990 2990 3135 2790] [3530 3490 3405 3030 3295 3360 3475 3310]
COM4 1 44
2
[1095 1120  925 1060 1045  985 1125 1065] [2480 2630 3055 3145 3195 3040 3190 3180]
[1195 1135 1125 1240 1205 1210 1345 1280] [2810 3020 3125 2965 2935 3335 3010 3110]
[1195 1160 1350 1370 1490 1660 1665 1745] [3035 3125 3190 3070 3100 3110 3145 2975]
[1900 1830 2015 2110 2215 2370 2230 2450] [3150 3010 3220 3135 3075 3135 3150 3105]
[2365 2430 2625 2650 2710 2565 2765 2695] [2860 3035 3135 2900 3080 3160 3235 3140]
[2610 2665 2850 2705 2555 2840 2795 2830] [3230 2975 2965 3285 3165 3195 3045 3390]
[2710 2785 2665 2750 3110 2680 2715 2955] [3175 3285 3175 3095 3115 3195 3225 3085]
[2990 2840 3105 2670 2990 2990 3135 2790] [3210 3465 3200 2940 3020 3070 3275 3465]
COM6 0 45
2
[1225  985  970  975 1045  975 1080 1085] [2480 2630 3055 3145 3195 3040 3190 3180]
[1225 1095 1045 1120 1230 1200 1215 1350] [2810 3020 3125 2965 2935 3335 3010 3110]
[1205 1075 1325 1330 1440 1655 1670 1855] [3035 3125 3190 3070 3100 3110 3145 2975]
[1720 1820 2280 1940 2385 2425 2370 2470] [3150 3010 3220 3135 3075 3135 3150 3105]
[2600 2310 2620 2680 3010 2810 2780 2805] [2860 3035 3135 2900 3080 3160 3235 3140]
[2615 2715 2990 2585 2740 2940 2925 2845] [3230 2975 2965 3285 3165 3195 3045 3390]
[2945 2825 2730 2945 2955 2750 2805 2925] [3175 3285 3175 3095 3115 3195 3225 3085]
[2990 2920 2830 2705 2660 3045 2985 2920] [3210 3465 3200 2940 3020 3070 3275 3465]
COM4 1 46
2
[1225  985  970  975 1045  975 1080 1085] [2310 2525 2850 3050 2885 2975 2960 2945]
[1225 1095 1045 1120 1230 1200 1215 1350] [2680 2840 3040 3045 3010 3035 2885 3010]
[1205 1075 1325 1330 1440 1655 1670 1855] [2985 3135 2995 2995 3035 2950 2980 2960]
[1720 1820 2280 1940 2385 2425 2370 2470] [3255 3080 3090 3010 3070 2830 2965 2825]
[2600 2310 2620 2680 3010 2810 2780 2805] [3020 3075 2935 2965 2790 2995 2985 3175]
[2615 2715 2990 2585 2740 2940 2925 2845] [2905 2875 3065 3065 2800 2925 3105 2865]
[2945 2825 2730 2945 2955 2750 2805 2925] [3160 3025 3185 2780 2810 2995 3080 3190]
[2990 2920 2830 2705 2660 3045 2985 2920] [3080 3065 3030 3320 2775 2920 3210 3020]
COM6 0 47
2
[1130 1000  960 1010 1035  960 1085 1140] [2310 2525 2850 3050 2885 2975 2960 2945]
[1260 1205 1085 1080 1125 1280 1155 1225] [2680 2840 3040 3045 3010 3035 2885 3010]
[1210 1145 1415 1340 1555 1535 1620 1790] [2985 3135 2995 2995 3035 2950 2980 2960]
[1715 1710 1760 2020 2125 2355 2335 2350] [3255 3080 3090 3010 3070 2830 2965 2825]
[2495 2265 2520 2520 2725 2855 2845 2790] [3020 3075 2935 2965 2790 2995 2985 3175]
[2755 2745 2625 2820 2775 2750 2875 2745] [2905 2875 3065 3065 2800 2925 3105 2865]
[3035 2985 3000 3030 2680 2815 2835 3050] [3160 3025 3185 2780 2810 2995 3080 3190]
[2975 2920 2875 2795 2875 3065 2650 3195] [3080 3065 3030 3320 2775 2920 3210 3020]
COM4 1 48
2
[1130 1000  960 1010 1035  960 1085 1140] [2035 2175 2450 2650 3045 3040 2995 3200]
[1260 1205 1085 1080 1125 1280 1155 1225] [2270 2600 3190 3010 3250 3315 3055 2950]
[1210 1145 1415 1340 1555 1535 1620 1790] [2705 2895 3030 3055 3140 3200 3100 3005]
[1715 1710 1760 2020 2125 2355 2335 2350] [3140 3120 3175 3265 3090 3260 3145 2995]
[2495 2265 2520 2520 2725 2855 2845 2790] [3290 3250 3150 2940 3230 3010 3130 3100]
[2755 2745 2625 2820 2775 2750 2875 2745] [2975 3040 3190 3045 3205 3255 3175 3445]
[3035 2985 3000 3030 2680 2815 2835 3050] [3145 3025 3425 3115 3440 3195 3030 3160]
[2975 2920 2875 2795 2875 3065 2650 3195] [3135 3330 3050 3550 3425 3110 2965 3340]
COM6 0 49
2
[1215  945 1125 1115 1065 1035 1090 1050] [2035 2175 2450 2650 3045 3040 2995 3200]
[1255 1095 1140 1175 1225 1305 1180 1295] [2270 2600 3190 3010 3250 3315 3055 2950]
[1185 1245 1415 1360 1475 1565 1690 1875] [2705 2895 3030 3055 3140 3200 3100 3005]
[1670 1775 1440 2020 2065 2390 2300 2290] [3140 3120 3175 3265 3090 3260 3145 2995]
[2500 2365 2370 2485 2585 2595 2565 2640] [3290 3250 3150 2940 3230 3010 3130 3100]
[2590 2635 3050 2620 2540 2860 2965 2565] [2975 3040 3190 3045 3205 3255 3175 3445]
[2945 2815 2870 2830 2715 2790 2850 2610] [3145 3025 3425 3115 3440 3195 3030 3160]
[2785 3010 2985 2990 2755 2825 2925 2605] [3135 3330 3050 3550 3425 3110 2965 3340]
COM4 1 50
2
[1215  945 1125 1115 1065 1035 1090 1050] [1760 1840 2110 2235 2895 2945 3140 3000]
[1255 1095 1140 1175 1225 1305 1180 1295] [1905 2195 2545 2885 2620 3100 3050 3055]
[1185 1245 1415 1360 1475 1565 1690 1875] [2565 2610 3090 2935 3135 3055 2875 3090]
[1670 1775 1440 2020 2065 2390 2300 2290] [3265 3285 3180 2920 3090 3175 3235 3150]
[2500 2365 2370 2485 2585 2595 2565 2640] [3155 3180 3240 2965 3135 3090 3155 3095]
[2590 2635 3050 2620 2540 2860 2965 2565] [2925 3170 3025 3035 3160 3225 3000 3205]
[2945 2815 2870 2830 2715 2790 2850 2610] [3345 3210 3045 3155 3110 3225 3340 3175]
[2785 3010 2985 2990 2755 2825 2925 2605] [3205 3150 3065 3335 3355 2995 3040 3120]
COM6 0 51
2
[1215  945 1025 1035 1035 1025 1165 1095] [1760 1840 2110 2235 2895 2945 3140 3000]
[1265 1070 1080 1215 1090 1215 1190 1315] [1905 2195 2545 2885 2620 3100 3050 3055]
[1110 1010 1360 1320 1360 1615 1700 1960] [2565 2610 3090 2935 3135 3055 2875 3090]
[1580 1545 1765 2045 2235 2265 2365 2420] [3265 3285 3180 2920 3090 3175 3235 3150]
[2410 2285 2285 2740 2595 2760 2840 2790] [3155 3180 3240 2965 3135 3090 3155 3095]
[2265 2795 2655 2885 2675 2935 2970 3120] [2925 3170 3025 3035 3160 3225 3000 3205]
[2820 2710 2865 3090 2710 2970 2725 2805] [3345 3210 3045 3155 3110 3225 3340 3175]
[2975 2835 2650 2835 2970 3050 3025 2590] [3205 3150 3065 3335 3355 2995 3040 3120]
COM4 1 52
2
[1215  945 1025 1035 1035 1025 1165 1095] [1590 1590 1545 1765 2060 2355 2590 2835]
[1265 1070 1080 1215 1090 1215 1190 1315] [1505 1980 1940 2155 2495 3015 2875 2800]
[1110 1010 1360 1320 1360 1615 1700 1960] [2445 2410 2585 2780 3090 2910 2965 2945]
[1580 1545 1765 2045 2235 2265 2365 2420] [2770 2890 2945 3005 3015 3095 3140 3070]
[2410 2285 2285 2740 2595 2760 2840 2790] [3005 3145 2925 2750 2970 2910 3235 3100]
[2265 2795 2655 2885 2675 2935 2970 3120] [2690 2975 2980 3040 3045 3105 3025 3015]
[2820 2710 2865 3090 2710 2970 2725 2805] [3055 3290 3015 3210 3055 3120 3090 3210]
[2975 2835 2650 2835 2970 3050 3025 2590] [3245 2950 3300 3295 2770 3070 3135 3010]
COM6 0 53
2
[1170 1115 1000 1110  970  950 1095 1005] [1590 1590 1545 1765 2060 2355 2590 2835]
[1195 1300 1080 1185 1150 1245 1290 1330] [1505 1980 1940 2155 2495 3015 2875 2800]
[ 890 1060 1125 1305 1500 1635 1770 1940] [2445 2410 2585 2780 3090 2910 2965 2945]
[1545 1450 1500 1945 2095 2410 2380 2620] [2770 2890 2945 3005 3015 3095 3140 3070]
[2300 2080 2105 2435 2845 2775 2950 2840] [3005 3145 2925 2750 2970 2910 3235 3100]
[2825 2750 2785 2895 2740 2875 2755 2975] [2690 2975 2980 3040 3045 3105 3025 3015]
[3030 2745 2705 2940 2675 3085 2590 3050] [3055 3290 3015 3210 3055 3120 3090 3210]
[2980 2830 2975 2990 2945 2730 2865 2830] [3245 2950 3300 3295 2770 3070 3135 3010]
COM4 1 54
2
[1170 1115 1000 1110  970  950 1095 1005] [1710 1680 1920 1880 2190 2215 2440 2715]
[1195 1300 1080 1185 1150 1245 1290 1330] [2240 2215 2295 2160 2505 2765 2795 2755]
[ 890 1060 1125 1305 1500 1635 1770 1940] [2715 2415 2580 2505 2865 3020 2890 2895]
[1545 1450 1500 1945 2095 2410 2380 2620] [2695 2865 3045 2820 2995 2925 3070 2980]
[2300 2080 2105 2435 2845 2775 2950 2840] [2810 2940 2995 2995 2925 2845 2940 3100]
[2825 2750 2785 2895 2740 2875 2755 2975] [3035 3070 2865 3125 3070 3215 3180 3100]
[3030 2745 2705 2940 2675 3085 2590 3050] [3195 3275 3285 2985 3050 2845 3165 3030]
[2980 2830 2975 2990 2945 2730 2865 2830] [3220 2865 3100 3305 3140 3030 3100 2975]
COM6 0 55
2
[1005  880  940  965  955  970 1005  990] [1710 1680 1920 1880 2190 2215 2440 2715]
[1120 1030  950 1060 1010 1150 1190 1370] [2240 2215 2295 2160 2505 2765 2795 2755]
[ 960 1095 1065 1045 1225 1385 1535 1695] [2715 2415 2580 2505 2865 3020 2890 2895]
[1045 1060 1160 1135 1605 2000 2250 2375] [2695 2865 3045 2820 2995 2925 3070 2980]
[1465 1190 1265 1600 2170 2415 2720 2780] [2810 2940 2995 2995 2925 2845 2940 3100]
[1760 1675 1885 2045 2445 2740 2905 2845] [3035 3070 2865 3125 3070 3215 3180 3100]
[2335 2245 2085 2460 2445 2615 2620 2680] [3195 3275 3285 2985 3050 2845 3165 3030]
[2585 2580 2470 2845 2820 2885 2995 2795] [3220 2865 3100 3305 3140 3030 3100 2975]
COM4 1 56
2
[1005  880  940  965  955  970 1005  990] [2095 2090 2325 2185 2420 2495 2725 2955]
[1120 1030  950 1060 1010 1150 1190 1370] [2570 2720 2825 2865 3035 3135 3200 3025]
[ 960 1095 1065 1045 1225 1385 1535 1695] [3415 3440 3385 3130 3465 3185 3360 3360]
[1045 1060 1160 1135 1605 2000 2250 2375] [3825 3710 3695 3755 3620 3415 3395 3455]
[1465 1190 1265 1600 2170 2415 2720 2780] [3760 3800 3815 3725 3530 3450 3485 3550]
[1760 1675 1885 2045 2445 2740 2905 2845] [3735 3660 3475 3650 3465 3630 3690 3470]
[2335 2245 2085 2460 2445 2615 2620 2680] [3700 3625 3750 3570 3610 3380 3610 3580]
[2585 2580 2470 2845 2820 2885 2995 2795] [3970 3670 3540 3770 3480 3655 3620 3370]
COM6 0 57
2
[1045  790  980  945  960  925 1000  965] [2095 2090 2325 2185 2420 2495 2725 2955]
[1165 1140 1005 1065  975 1085 1160 1320] [2570 2720 2825 2865 3035 3135 3200 3025]
[ 790  925 1110 1020 1085 1360 1455 1635] [3415 3440 3385 3130 3465 3185 3360 3360]
[1005 1110 1100 1015 1390 1700 2145 2380] [3825 3710 3695 3755 3620 3415 3395 3455]
[1345 1010 1110 1175 1775 1925 2655 2645] [3760 3800 3815 3725 3530 3450 3485 3550]
[1390 1195 1185 1560 1865 2500 2665 2810] [3735 3660 3475 3650 3465 3630 3690 3470]
[2240 1670 1585 1710 2145 2360 2570 2655] [3700 3625 3750 3570 3610 3380 3610 3580]
[2435 2200 2045 2490 2680 2860 2750 2750] [3970 3670 3540 3770 3480 3655 3620 3370]
COM4 1 58
2
[1045  790  980  945  960  925 1000  965] [1985 2070 2165 2270 2555 2660 2935 3205]
[1165 1140 1005 1065  975 1085 1160 1320] [2580 2435 2735 2750 2910 3225 2925 2960]
[ 790  925 1110 1020 1085 1360 1455 1635] [2750 2930 2905 3055 3165 3050 3135 2880]
[1005 1110 1100 1015 1390 1700 2145 2380] [3025 3365 3225 3140 2980 3020 2965 2895]
[1345 1010 1110 1175 1775 1925 2655 2645] [2970 2955 3215 2940 2995 3180 3225 3150]
[1390 1195 1185 1560 1865 2500 2665 2810] [3005 3160 2945 2995 2965 3070 3315 3020]
[2240 1670 1585 1710 2145 2360 2570 2655] [3180 3370 3310 2980 3125 2995 3150 3140]
[2435 2200 2045 2490 2680 2860 2750 2750] [3290 3285 3450 3335 3310 3030 3195 3025]
COM6 0 59
2
[1115  880  815  855  900  790  930  955] [1985 2070 2165 2270 2555 2660 2935 3205]
[1150 1035  880 1095  935 1005 1050 1185] [2580 2435 2735 2750 2910 3225 2925 2960]
[ 825 1005  980  960 1045 1315 1410 1605] [2750 2930 2905 3055 3165 3050 3135 2880]
[1040 1090 1010  875 1265 1560 1965 2135] [3025 3365 3225 3140 2980 3020 2965 2895]
[1030  975 1015 1085 1530 1880 2505 2575] [2970 2955 3215 2940 2995 3180 3225 3150]
[1210 1300 1195 1460 1485 2315 2575 2525] [3005 3160 2945 2995 2965 3070 3315 3020]
[1870 1430 1290 1325 1965 2500 2550 2550] [3180 3370 3310 2980 3125 2995 3150 3140]
[2520 2065 1990 1770 2160 2510 2675 2620] [3290 3285 3450 3335 3310 3030 3195 3025]
COM4 1 60
2
[1115  880  815  855  900  790  930  955] [2080 2370 2410 2550 2730 2960 2930 3275]
[1150 1035  880 1095  935 1005 1050 1185] [2745 3165 3245 3040 3090 3280 3135 3155]
[ 825 1005  980  960 1045 1315 1410 1605] [3075 3345 3240 3110 3190 3075 3120 3065]
[1040 1090 1010  875 1265 1560 1965 2135] [3295 3350 3225 3205 3235 3080 3195 3155]
[1030  975 1015 1085 1530 1880 2505 2575] [3035 3420 3240 2955 3060 3335 3210 3085]
[1210 1300 1195 1460 1485 2315 2575 2525] [3100 3275 3310 3300 3215 3285 3255 3250]
[1870 1430 1290 1325 1965 2500 2550 2550] [3215 3315 3165 3295 2835 3340 3470 3395]
[2520 2065 1990 1770 2160 2510 2675 2620] [3570 3440 3420 3360 3270 3570 3180 3395]
COM6 0 61
2
[1020  820  910  895  950  840  860  900] [2080 2370 2410 2550 2730 2960 2930 3275]
[1080 1060  950  925  985  940 1040 1145] [2745 3165 3245 3040 3090 3280 3135 3155]
[ 770 1005  995 1015  985 1240 1495 1590] [3075 3345 3240 3110 3190 3075 3120 3065]
[ 790 1005 1100  900 1225 1485 2010 2275] [3295 3350 3225 3205 3235 3080 3195 3155]
[1065 1035 1015  925 1295 1610 2435 2830] [3035 3420 3240 2955 3060 3335 3210 3085]
[1235 1145 1120 1205 1435 2055 2470 2675] [3100 3275 3310 3300 3215 3285 3255 3250]
[1490 1390 1190 1200 1590 2065 2565 2715] [3215 3315 3165 3295 2835 3340 3470 3395]
[2395 1735 1895 1575 2155 2465 2560 2590] [3570 3440 3420 3360 3270 3570 3180 3395]
COM4 1 62
2
[1020  820  910  895  950  840  860  900] [2385 2470 2660 2810 3195 3085 3035 3180]
[1080 1060  950  925  985  940 1040 1145] [2815 2935 3290 2985 2930 3165 3250 2920]
[ 770 1005  995 1015  985 1240 1495 1590] [3310 3110 3260 3130 3105 3100 3065 3125]
[ 790 1005 1100  900 1225 1485 2010 2275] [3165 2855 3135 3110 2925 3240 3035 3100]
[1065 1035 1015  925 1295 1610 2435 2830] [3325 3275 3205 3230 3290 2930 3040 3155]
[1235 1145 1120 1205 1435 2055 2470 2675] [3065 3125 3245 3260 2975 3000 3315 3140]
[1490 1390 1190 1200 1590 2065 2565 2715] [3160 3355 3210 3035 3160 3120 3190 3110]
[2395 1735 1895 1575 2155 2465 2560 2590] [3240 2970 3280 3540 3195 3255 3360 3005]
COM6 0 63
2
[1005  895  945  940  900  840  890  830] [2385 2470 2660 2810 3195 3085 3035 3180]
[1140 1010  880  970  880  940 1015 1040] [2815 2935 3290 2985 2930 3165 3250 2920]
[ 975 1050 1065  960  790 1120 1250 1590] [3310 3110 3260 3130 3105 3100 3065 3125]
[1140  860  965  905 1115 1305 1720 2055] [3165 2855 3135 3110 2925 3240 3035 3100]
[1070 1000 1015  965 1145 1565 2170 2745] [3325 3275 3205 3230 3290 2930 3040 3155]
[1095  930 1265  970 1305 1925 2265 2570] [3065 3125 3245 3260 2975 3000 3315 3140]
[1525 1490 1290 1000 1275 1595 2425 2595] [3160 3355 3210 3035 3160 3120 3190 3110]
[2080 1625 1260 1440 1825 2145 2515 2555] [3240 2970 3280 3540 3195 3255 3360 3005]
COM4 1 64
2
[1005  895  945  940  900  840  890  830] [2625 2485 2565 2810 2910 3075 3145 2885]
[1140 1010  880  970  880  940 1015 1040] [2845 3100 3040 3040 3025 3250 2970 2925]
[ 975 1050 1065  960  790 1120 1250 1590] [3160 3125 3155 2925 3140 3085 3195 3110]
[1140  860  965  905 1115 1305 1720 2055] [3235 3200 3210 3210 2990 3125 3045 3130]
[1070 1000 1015  965 1145 1565 2170 2745] [3225 3145 3110 2905 3075 3105 3050 3190]
[1095  930 1265  970 1305 1925 2265 2570] [3075 3010 3075 3210 3065 3390 3215 3275]
[1525 1490 1290 1000 1275 1595 2425 2595] [3090 3300 3120 3175 3240 3225 3340 3210]
[2080 1625 1260 1440 1825 2145 2515 2555] [3310 3405 3145 3385 3155 3030 3195 3155]
COM6 0 65
2
[1260  925  815  935  845  760  835  865] [2625 2485 2565 2810 2910 3075 3145 2885]
[1435 1020  820  960  915  915  995 1090] [2845 3100 3040 3040 3025 3250 2970 2925]
[ 890  885  965  910  800 1105 1345 1475] [3160 3125 3155 2925 3140 3085 3195 3110]
[1070 1110  990  845 1125 1305 1715 2185] [3235 3200 3210 3210 2990 3125 3045 3130]
[1120 1030 1025  755 1115 1420 2315 2695] [3225 3145 3110 2905 3075 3105 3050 3190]
[1355 1170 1165 1030 1120 1655 2295 2680] [3075 3010 3075 3210 3065 3390 3215 3275]
[1635 1405  805 1010 1180 1535 2330 2755] [3090 3300 3120 3175 3240 3225 3340 3210]
[1970 1420 1115 1340 1785 2120 2640 3030] [3310 3405 3145 3385 3155 3030 3195 3155]