COM4 1 6
2
[3010 2870 2925 2995 2875 2780 2945 2740] [3100 2995 3020 3025 3010 3115 3125 3085]
[2810 2920 3110 2935 2785 2930 2845 2930] [2865 3115 3160 3025 3185 3160 2995 2945]
[2915 3030 3010 3155 2890 3110 2800 2945] [2920 3185 3125 2935 3040 3035 2965 2995]
[2945 2965 3015 2910 2930 3025 2935 3075] [3210 3285 3220 3170 3125 3045 3095 3000]
[2950 3170 3030 3045 2965 2840 2955 3010] [3090 3160 3200 2810 2940 3060 3175 3040]
[3010 2845 2975 3030 2800 3040 3250 2830] [3160 3090 3135 3125 2960 3075 3225 3160]
[3170 2870 3005 3100 2935 2975 2820 3055] [3175 3275 3230 2800 3015 3275 3115 3315]
[3210 3260 3285 3070 3115 3305 2915 2900] [3030 3145 3215 3315 3220 3040 3220 3245]
COM6 0 7
2
[2865 2640 2640 2990 2965 2855 3065 2905] [3100 2995 3020 3025 3010 3115 3125 3085]
[2965 2905 2900 2985 2920 2825 2870 2865] [2865 3115 3160 3025 3185 3160 2995 2945]
[3035 3160 2945 2920 2950 2905 2865 3060] [2920 3185 3125 2935 3040 3035 2965 2995]
[2880 3175 2815 3065 3090 2945 3095 2875] [3210 3285 3220 3170 3125 3045 3095 3000]
[3070 2950 3025 3070 3180 2815 3055 3050] [3090 3160 3200 2810 2940 3060 3175 3040]
[2985 3015 3135 2870 2810 2965 3010 2920] [3160 3090 3135 3125 2960 3075 3225 3160]
[2950 3015 2960 2925 2785 3155 2955 3005] [3175 3275 3230 2800 3015 3275 3115 3315]
[3100 2975 3085 3085 3085 2955 3030 2825] [3030 3145 3215 3315 3220 3040 3220 3245]
COM4 1 8
2
[2865 2640 2640 2990 2965 2855 3065 2905] [3090 3050 2940 2970 3060 3110 3080 3100]
[2965 2905 2900 2985 2920 2825 2870 2865] [3165 3075 3165 3005 3090 3140 2965 3010]
[3035 3160 2945 2920 2950 2905 2865 3060] [2975 2980 2990 3135 3150 2930 3040 2970]
[2880 3175 2815 3065 3090 2945 3095 2875] [3090 2840 3035 3150 2995 2980 3125 3075]
[3070 2950 3025 3070 3180 2815 3055 3050] [3090 3160 3250 2890 3165 3345 3215 3135]
[2985 3015 3135 2870 2810 2965 3010 2920] [3110 3215 3120 3150 3250 2965 3070 3200]
[2950 3015 2960 2925 2785 3155 2955 3005] [3245 3480 3125 3175 3060 3320 3195 3095]
[3100 2975 3085 3085 3085 2955 3030 2825] [3160 3150 3125 3265 3140 3085 3180 3235]
COM6 0 9
2
[2965 2870 2690 2725 2990 2765 2920 2900] [3090 3050 2940 2970 3060 3110 3080 3100]
[2990 2950 2915 2990 2900 3000 2970 2900] [3165 3075 3165 3005 3090 3140 2965 3010]
[2910 2930 3065 3030 2935 2925 2900 2965] [2975 2980 2990 3135 3150 2930 3040 2970]
[3040 2925 3010 2890 2995 2985 3040 3125] [3090 2840 3035 3150 2995 2980 3125 3075]
[2945 2895 3170 2910 3115 2840 3085 3165] [3090 3160 3250 2890 3165 3345 3215 3135]
[2610 3025 3115 3085 2995 3210 3105 2915] [3110 3215 3120 3150 3250 2965 3070 3200]
[2575 2865 2925 3130 2920 2935 3140 2925] [3245 3480 3125 3175 3060 3320 3195 3095]
[2710 2810 2910 3105 3020 3225 3350 3085] [3160 3150 3125 3265 3140 3085 3180 3235]
COM4 1 10
2
[2965 2870 2690 2725 2990 2765 2920 2900] [3215 3065 3195 3005 3210 3090 3165 3180]
[2990 2950 2915 2990 2900 3000 2970 2900] [3250 3290 3195 3125 3080 3230 3020 2950]
[2910 2930 3065 3030 2935 2925 2900 2965] [3055 3080 3335 3230 3235 3100 3105 3025]
[3040 2925 3010 2890 2995 2985 3040 3125] [3335 3235 3420 3190 3125 3110 3220 3020]
[2945 2895 3170 2910 3115 2840 3085 3165] [3390 3065 3420 2915 3030 3090 3245 3205]
[2610 3025 3115 3085 2995 3210 3105 2915] [3115 3145 3165 3235 3200 3235 3220 3015]
[2575 2865 2925 3130 2920 2935 3140 2925] [3275 3390 3255 3420 3320 3305 3160 3145]
[2710 2810 2910 3105 3020 3225 3350 3085] [3375 3150 3225 3160 3145 3195 3325 3165]
COM6 0 11
2
[2765 3065 2905 2935 2750 2780 2955 2825] [3215 3065 3195 3005 3210 3090 3165 3180]
[3015 2890 2935 2985 2875 2925 2915 2810] [3250 3290 3195 3125 3080 3230 3020 2950]
[2750 2805 2900 2920 2905 2870 2835 2965] [3055 3080 3335 3230 3235 3100 3105 3025]
[2665 2865 3095 2985 3080 2890 2785 2895] [3335 3235 3420 3190 3125 3110 3220 3020]
[2725 2710 2785 2880 2945 2970 2960 3170] [3390 3065 3420 2915 3030 3090 3245 3205]
[2335 2765 3035 2810 2945 3085 2865 2790] [3115 3145 3165 3235 3200 3235 3220 3015]
[2375 2865 2720 2835 2845 2815 2815 2925] [3275 3390 3255 3420 3320 3305 3160 3145]
[2635 2800 2875 3280 2685 3095 3300 3240] [3375 3150 3225 3160 3145 3195 3325 3165]
COM4 1 12
2
[2765 3065 2905 2935 2750 2780 2955 2825] [3345 3370 3060 3170 3095 3215 3125 3115]
[3015 2890 2935 2985 2875 2925 2915 2810] [3215 3350 3425 3125 3145 3275 2995 3010]
[2750 2805 2900 2920 2905 2870 2835 2965] [3350 3200 3295 3210 3245 3090 3195 3125]
[2665 2865 3095 2985 3080 2890 2785 2895] [3170 3130 3210 3165 3205 3075 3315 2980]
[2725 2710 2785 2880 2945 2970 2960 3170] [3270 3505 3075 3275 3065 3175 3255 3270]
[2335 2765 3035 2810 2945 3085 2865 2790] [3090 3260 3195 3260 3140 3050 3200 2995]
[2375 2865 2720 2835 2845 2815 2815 2925] [3315 3480 3175 3180 3195 3225 3295 3145]
[2635 2800 2875 3280 2685 3095 3300 3240] [3255 3150 3165 3200 3285 3080 3240 3315]
COM6 0 13
2
[2535 2680 2880 2600 2910 2620 2920 2745] [3345 3370 3060 3170 3095 3215 3125 3115]
[2650 2765 2840 2860 2920 2935 2820 2990] [3215 3350 3425 3125 3145 3275 2995 3010]
[2395 2875 2905 2995 3010 2800 2805 2745] [3350 3200 3295 3210 3245 3090 3195 3125]
[2200 2945 3030 2840 2825 3095 2855 2860] [3170 3130 3210 3165 3205 3075 3315 2980]
[2380 2755 3115 2960 3015 2800 2985 2960] [3270 3505 3075 3275 3065 3175 3255 3270]
[2100 2705 2915 3075 2985 2910 2970 2970] [3090 3260 3195 3260 3140 3050 3200 2995]
[2090 2770 2825 2785 2630 2970 2950 2780] [3315 3480 3175 3180 3195 3225 3295 3145]
[2370 2735 2885 2965 2650 2935 2970 2820] [3255 3150 3165 3200 3285 3080 3240 3315]
COM4 1 14
2
[2535 2680 2880 2600 2910 2620 2920 2745] [3210 3195 3205 3120 3095 3330 3055 2990]
[2650 2765 2840 2860 2920 2935 2820 2990] [3315 3225 3195 3095 3235 3190 3100 2990]
[2395 2875 2905 2995 3010 2800 2805 2745] [3060 3275 3070 3095 3140 3000 3100 2995]
[2200 2945 3030 2840 2825 3095 2855 2860] [3210 3260 3220 3105 3060 3255 3160 3120]
[2380 2755 3115 2960 3015 2800 2985 2960] [3245 3235 3105 3005 3050 3015 3185 3225]
[2100 2705 2915 3075 2985 2910 2970 2970] [3225 3165 3085 3170 3030 3100 3310 3340]
[2090 2770 2825 2785 2630 2970 2950 2780] [3275 3170 3295 3100 2985 3225 3305 3205]
[2370 2735 2885 2965 2650 2935 2970 2820] [3325 3215 3230 3370 3295 3285 3225 3420]
COM6 0 15
2
[2095 2205 2715 2815 2725 2825 2910 2830] [3210 3195 3205 3120 3095 3330 3055 2990]
[2110 2385 2555 2950 2910 2930 2870 2835] [3315 3225 3195 3095 3235 3190 3100 2990]
[1955 2390 2850 2715 2860 2900 2915 2960] [3060 3275 3070 3095 3140 3000 3100 2995]
[2115 2210 2960 3005 2930 3020 2865 2920] [3210 3260 3220 3105 3060 3255 3160 3120]
[2070 2325 2840 2865 2975 2895 2815 2840] [3245 3235 3105 3005 3050 3015 3185 3225]
[2045 2275 2770 2970 2525 2940 2785 2860] [3225 3165 3085 3170 3030 3100 3310 3340]
[1890 2390 2770 3025 3110 3040 2880 2945] [3275 3170 3295 3100 2985 3225 3305 3205]
[2265 2645 2950 2785 3070 2870 3015 2830] [3325 3215 3230 3370 3295 3285 3225 3420]
COM4 1 16
2
[2095 2205 2715 2815 2725 2825 2910 2830] [3030 3105 3130 3045 3235 3175 3170 3195]
[2110 2385 2555 2950 2910 2930 2870 2835] [3185 3375 3125 2995 2970 3160 3105 3055]
[1955 2390 2850 2715 2860 2900 2915 2960] [3195 3340 3060 3035 3290 3075 3045 3090]
[2115 2210 2960 3005 2930 3020 2865 2920] [3135 3130 3375 3140 2980 3065 3105 2920]
[2070 2325 2840 2865 2975 2895 2815 2840] [3245 3040 3090 3070 3005 2980 3195 3305]
[2045 2275 2770 2970 2525 2940 2785 2860] [3070 3010 2925 3380 3225 3035 3280 3120]
[1890 2390 2770 3025 3110 3040 2880 2945] [3220 3610 3280 3010 3090 3110 3140 3550]
[2265 2645 2950 2785 3070 2870 3015 2830] [3155 3340 3120 3215 3135 2910 3265 3065]
COM6 0 17
2
[2215 1805 2065 2335 2740 2670 2915 2640] [3030 3105 3130 3045 3235 3175 3170 3195]
[2380 2100 2150 2620 2890 2950 2920 2725] [3185 3375 3125 2995 2970 3160 3105 3055]
[2015 1985 2240 2640 2965 2945 2840 2960] [3195 3340 3060 3035 3290 3075 3045 3090]
[2060 2225 2270 2615 2805 2900 3040 2835] [3135 3130 3375 3140 2980 3065 3105 2920]
[2095 1955 2320 2715 2835 2950 3100 2970] [3245 3040 3090 3070 3005 2980 3195 3305]
[1745 1825 2370 2680 2840 2960 3020 3050] [3070 3010 2925 3380 3225 3035 3280 3120]
[2010 2065 2290 2915 2745 2835 2905 2940] [3220 3610 3280 3010 3090 3110 3140 3550]
[1735 2170 2520 2900 2890 3175 2975 2990] [3155 3340 3120 3215 3135 2910 3265 3065]
COM4 1 18
2
[2215 1805 2065 2335 2740 2670 2915 2640] [3100 3165 3000 3050 3125 3110 2970 3180]
[2380 2100 2150 2620 2890 2950 2920 2725] [3100 3100 3130 3095 2995 3205 3105 2885]
[2015 1985 2240 2640 2965 2945 2840 2960] [3370 2960 3000 3080 3240 2965 3065 3125]
[2060 2225 2270 2615 2805 2900 3040 2835] [3260 3245 3160 3115 3115 3135 3125 2995]
[2095 1955 2320 2715 2835 2950 3100 2970] [3235 3385 3245 2985 3120 3000 3015 3065]
[1745 1825 2370 2680 2840 2960 3020 3050] [3065 3045 3090 3125 3150 3150 3230 3225]
[2010 2065 2290 2915 2745 2835 2905 2940] [3200 3245 3345 3075 3100 3115 3245 3040]
[1735 2170 2520 2900 2890 3175 2975 2990] [3220 3295 3365 3150 3160 3145 3100 3120]
COM6 0 19
2
[2630 2235 2140 2265 2500 2805 3015 2965] [3100 3165 3000 3050 3125 3110 2970 3180]
[2770 2280 1950 2280 2570 2815 2970 2745] [3100 3100 3130 3095 2995 3205 3105 2885]
[2695 2510 2055 2130 2550 2910 2890 3045] [3370 2960 3000 3080 3240 2965 3065 3125]
[2620 2350 2265 2075 2410 2700 2870 2860] [3260 3245 3160 3115 3115 3135 3125 2995]
[2795 2055 1940 2230 2490 2685 3090 3035] [3235 3385 3245 2985 3120 3000 3015 3065]
[2235 2200 1995 2040 2400 2845 2950 2715] [3065 3045 3090 3125 3150 3150 3230 3225]
[2525 2015 2030 2165 2440 2845 2730 3205] [3200 3245 3345 3075 3100 3115 3245 3040]
[1920 1960 1755 2200 2690 2705 3225 2825] [3220 3295 3365 3150 3160 3145 3100 3120]
COM4 1 20
2
[2630 2235 2140 2265 2500 2805 3015 2965] [2975 3285 3275 3075 3225 3065 2995 3165]
[2770 2280 1950 2280 2570 2815 2970 2745] [3190 3090 3275 2940 3215 3100 3060 2930]
[2695 2510 2055 2130 2550 2910 2890 3045] [3180 3205 3180 3090 3155 3000 3150 3035]
[2620 2350 2265 2075 2410 2700 2870 2860] [3310 3260 3210 2935 3180 3045 3295 2975]
[2795 2055 1940 2230 2490 2685 3090 3035] [3235 3430 3195 2915 3060 3025 3265 3185]
[2235 2200 1995 2040 2400 2845 2950 2715] [3195 3275 3115 3315 3200 3220 3245 3400]
[2525 2015 2030 2165 2440 2845 2730 3205] [3230 3150 3410 3200 3370 3240 3245 3315]
[1920 1960 1755 2200 2690 2705 3225 2825] [3200 3100 3280 3220 2985 3270 3320 3325]
COM6 0 21
2
[2720 2540 2240 2070 2120 2390 2835 2905] [2975 3285 3275 3075 3225 3065 2995 3165]
[2835 2675 2330 2150 2310 2525 2665 2790] [3190 3090 3275 2940 3215 3100 3060 2930]
[2510 2585 2555 2165 2175 2365 2620 2815] [3180 3205 3180 3090 3155 3000 3150 3035]
[2420 2725 2670 2135 2050 2415 2575 2695] [3310 3260 3210 2935 3180 3045 3295 2975]
[2080 2510 2530 2095 2215 2135 2565 2845] [3235 3430 3195 2915 3060 3025 3265 3185]
[1685 2470 2740 2195 1835 2190 2455 3070] [3195 3275 3115 3315 3200 3220 3245 3400]
[1730 1890 2125 2055 1920 2095 2215 2715] [3230 3150 3410 3200 3370 3240 3245 3315]
[1760 1625 1775 1560 1765 2195 2900 3005] [3200 3100 3280 3220 2985 3270 3320 3325]
COM4 1 22
2
[2720 2540 2240 2070 2120 2390 2835 2905] [2890 2905 3165 2940 3095 3015 2930 2975]
[2835 2675 2330 2150 2310 2525 2665 2790] [3260 3180 3180 3000 3030 3070 3045 3080]
[2510 2585 2555 2165 2175 2365 2620 2815] [3020 2935 3170 3040 3050 2980 3235 3000]
[2420 2725 2670 2135 2050 2415 2575 2695] [3165 2980 3290 3270 3005 3125 3080 2890]
[2080 2510 2530 2095 2215 2135 2565 2845] [3090 2925 3080 3080 3200 3195 3295 3045]
[1685 2470 2740 2195 1835 2190 2455 3070] [3140 3145 2925 3120 3150 3205 3065 3165]
[1730 1890 2125 2055 1920 2095 2215 2715] [3230 3310 3135 3340 2890 3165 3290 3600]
[1760 1625 1775 1560 1765 2195 2900 3005] [3160 3255 3110 3345 2985 3195 3390 3010]
COM6 0 23
2
[2305 2475 2325 2215 2150 2240 2525 2595] [2890 2905 3165 2940 3095 3015 2930 2975]
[1805 1855 1860 1935 2140 2355 2565 2690] [3260 3180 3180 3000 3030 3070 3045 3080]
[1575 1665 1925 1880 2000 2205 2335 2485] [3020 2935 3170 3040 3050 2980 3235 3000]
[1595 1510 1680 1825 2110 2130 2165 2430] [3165 2980 3290 3270 3005 3125 3080 2890]
[1940 1445 1670 1735 1920 1740 2040 2495] [3090 2925 3080 3080 3200 3195 3295 3045]
[2000 1735 1755 1760 1755 1830 2170 2350] [3140 3145 2925 3120 3150 3205 3065 3165]
[1790 1675 1725 1610 1670 1695 2235 2545] [3230 3310 3135 3340 2890 3165 3290 3600]
[1910 1675 1515 1730 1880 1915 2335 2665] [3160 3255 3110 3345 2985 3195 3390 3010]
COM4 1 24
2
[2305 2475 2325 2215 2150 2240 2525 2595] [2940 3020 2995 2995 2935 3065 3260 3045]
[1805 1855 1860 1935 2140 2355 2565 2690] [3135 3235 3215 2965 2915 3235 2995 2995]
[1575 1665 1925 1880 2000 2205 2335 2485] [3040 3135 2935 3055 3135 3235 3085 2865]
[1595 1510 1680 1825 2110 2130 2165 2430] [2960 3225 3245 3190 2995 3150 3130 3045]
[1940 1445 1670 1735 1920 1740 2040 2495] [3165 3090 3195 2900 3140 3035 3125 3110]
[2000 1735 1755 1760 1755 1830 2170 2350] [3085 3020 3230 3180 3030 3200 3175 3120]
[1790 1675 1725 1610 1670 1695 2235 2545] [3080 3305 3420 3270 3085 3135 3095 3245]
[1910 1675 1515 1730 1880 1915 2335 2665] [3065 3390 3385 3310 3175 2980 2995 3410]
COM6 0 25
2
[1615 1715 1590 1860 1645 1835 2115 2375] [2940 3020 2995 2995 2935 3065 3260 3045]
[1820 1655 1470 1685 1675 1725 1980 2245] [3135 3235 3215 2965 2915 3235 2995 2995]
[2065 1715 1625 1585 1450 1545 1675 2225] [3040 3135 2935 3055 3135 3235 3085 2865]
[2475 2265 1860 1610 1520 1370 1480 1835] [2960 3225 3245 3190 2995 3150 3130 3045]
[2810 2510 2050 1580 1510 1375 1605 1870] [3165 3090 3195 2900 3140 3035 3125 3110]
[2910 2540 2190 1725 1415 1405 1480 1905] [3085 3020 3230 3180 3030 3200 3175 3120]
[2865 2345 1935 1670 1490 1735 1855 2075] [3080 3305 3420 3270 3085 3135 3095 3245]
[2680 2135 1610 1490 1500 1645 2075 2490] [3065 3390 3385 3310 3175 2980 2995 3410]
COM4 1 26
2
[1615 1715 1590 1860 1645 1835 2115 2375] [3020 3215 3340 3020 3370 3065 3110 3180]
[1820 1655 1470 1685 1675 1725 1980 2245] [2645 3245 3100 3015 3060 3200 3025 3005]
[2065 1715 1625 1585 1450 1545 1675 2225] [2720 2910 3295 3110 3130 2920 3195 3025]
[2475 2265 1860 1610 1520 1370 1480 1835] [3010 3145 3075 3010 3025 3025 3195 3000]
[2810 2510 2050 1580 1510 1375 1605 1870] [2555 3235 3080 3035 3080 3095 3010 3170]
[2910 2540 2190 1725 1415 1405 1480 1905] [2830 3000 3305 3265 3190 3170 3140 3370]
[2865 2345 1935 1670 1490 1735 1855 2075] [2565 3015 3190 3135 3350 3310 3270 3135]
[2680 2135 1610 1490 1500 1645 2075 2490] [2330 2975 3365 3135 3050 3210 3020 3300]
COM6 0 27
2
[2605 2560 2095 1605 1535 1460 1530 1955] [3020 3215 3340 3020 3370 3065 3110 3180]
[2785 2740 2305 1725 1530 1455 1430 1705] [2645 3245 3100 3015 3060 3200 3025 3005]
[2695 2625 2790 2210 1760 1635 1505 1490] [2720 2910 3295 3110 3130 2920 3195 3025]
[3035 2855 2765 2295 1965 1720 1430 1375] [3010 3145 3075 3010 3025 3025 3195 3000]
[2945 2810 2555 2290 1905 1535 1530 1430] [2555 3235 3080 3035 3080 3095 3010 3170]
[2595 2535 2320 2290 1595 1500 1440 1440] [2830 3000 3305 3265 3190 3170 3140 3370]
[2230 2325 1980 1725 1450 1485 1560 1445] [2565 3015 3190 3135 3350 3310 3270 3135]
[2075 1795 1280 1450 1250 1490 1860 1810] [2330 2975 3365 3135 3050 3210 3020 3300]
COM4 1 28
2
[2605 2560 2095 1605 1535 1460 1530 1955] [2630 2840 2975 2945 2950 2990 2980 3025]
[2785 2740 2305 1725 1530 1455 1430 1705] [2465 2755 2750 2845 2985 3065 3085 2930]
[2695 2625 2790 2210 1760 1635 1505 1490] [2390 2575 2695 2765 3020 3070 3050 3040]
[3035 2855 2765 2295 1965 1720 1430 1375] [2400 2440 2475 2680 2965 3125 3000 3105]
[2945 2810 2555 2290 1905 1535 1530 1430] [2205 2325 2445 2640 2940 2965 3105 3125]
[2595 2535 2320 2290 1595 1500 1440 1440] [2335 2485 2400 2805 2995 3410 3140 2940]
[2230 2325 1980 1725 1450 1485 1560 1445] [2375 2745 2705 3105 2995 3105 3170 3200]
[2075 1795 1280 1450 1250 1490 1860 1810] [2445 3025 2950 3160 3180 3190 3425 3245]
COM6 0 29
2
[3085 2905 2580 2685 2225 1985 1610 1455] [2630 2840 2975 2945 2950 2990 2980 3025]
[2830 2845 2720 2780 2550 2110 1765 1460] [2465 2755 2750 2845 2985 3065 3085 2930]
[2775 2855 2915 2545 2475 2100 1680 1485] [2390 2575 2695 2765 3020 3070 3050 3040]
[2775 2835 2585 2365 2110 1945 1665 1430] [2400 2440 2475 2680 2965 3125 3000 3105]
[2660 2285 2380 1940 1630 1450 1460 1310] [2205 2325 2445 2640 2940 2965 3105 3125]
[2315 1770 1695 1680 1450 1385 1500 1390] [2335 2485 2400 2805 2995 3410 3140 2940]
[1850 1580 1525 1485 1445 1485 1505 1585] [2375 2745 2705 3105 2995 3105 3170 3200]
[1825 1325 1540 1485 1925 1620 1990 1940] [2445 3025 2950 3160 3180 3190 3425 3245]
COM4 1 30
2
[3085 2905 2580 2685 2225 1985 1610 1455] [2120 2355 2610 2555 2560 2500 2845 3020]
[2830 2845 2720 2780 2550 2110 1765 1460] [2085 2210 2645 2430 2405 2690 2835 2955]
[2775 2855 2915 2545 2475 2100 1680 1485] [2115 2050 2265 2235 2485 2745 2920 2980]
[2775 2835 2585 2365 2110 1945 1665 1430] [2090 2460 2430 2475 2555 2960 3045 2935]
[2660 2285 2380 1940 1630 1450 1460 1310] [2100 2470 2395 2430 2990 2940 3235 3075]
[2315 1770 1695 1680 1450 1385 1500 1390] [1985 2350 2430 3055 2990 3110 3295 3375]
[1850 1580 1525 1485 1445 1485 1505 1585] [2035 2630 3015 3355 2965 3075 3240 3135]
[1825 1325 1540 1485 1925 1620 1990 1940] [2250 2615 3225 3155 3060 3285 3240 3380]
COM6 0 31
2
[2715 2635 2610 2755 2575 2090 1785 1630] [2120 2355 2610 2555 2560 2500 2845 3020]
[2965 2830 2695 2360 2320 2130 1840 1565] [2085 2210 2645 2430 2405 2690 2835 2955]
[2510 2195 2215 2090 1835 1790 1730 1520] [2115 2050 2265 2235 2485 2745 2920 2980]
[2570 2200 1660 1600 1490 1570 1540 1455] [2090 2460 2430 2475 2555 2960 3045 2935]
[2245 1760 1575 1575 1550 1295 1590 1595] [2100 2470 2395 2430 2990 2940 3235 3075]
[2030 1540 1675 1640 1470 1670 1650 1545] [1985 2350 2430 3055 2990 3110 3295 3375]
[2215 1630 1645 1535 1790 1870 2085 1795] [2035 2630 3015 3355 2965 3075 3240 3135]
[2385 2110 1710 1645 1785 2020 2295 2740] [2250 2615 3225 3155 3060 3285 3240 3380]
COM4 1 32
2
[2715 2635 2610 2755 2575 2090 1785 1630] [1925 2135 2295 2550 2845 2540 2405 2820]
[2965 2830 2695 2360 2320 2130 1840 1565] [1870 2280 2325 2455 2335 2595 2570 2745]
[2510 2195 2215 2090 1835 1790 1730 1520] [1940 2185 2290 2545 2365 2425 2855 3000]
[2570 2200 1660 1600 1490 1570 1540 1455] [2115 2210 2070 2290 2575 2670 3095 3125]
[2245 1760 1575 1575 1550 1295 1590 1595] [2215 2115 2115 2190 2575 3015 3275 3130]
[2030 1540 1675 1640 1470 1670 1650 1545] [2010 2215 2080 2740 2945 3130 3135 3200]
[2215 1630 1645 1535 1790 1870 2085 1795] [1800 2170 2580 2725 3190 3110 3290 3260]
[2385 2110 1710 1645 1785 2020 2295 2740] [1755 1895 2465 2825 2620 2820 3270 3245]
COM6 0 33
2
[2900 2545 2290 2070 1910 1560 1570 1460] [1925 2135 2295 2550 2845 2540 2405 2820]
[2765 2280 1855 1825 1625 1595 1450 1345] [1870 2280 2325 2455 2335 2595 2570 2745]
[2510 2250 1685 1390 1380 1505 1370 1445] [1940 2185 2290 2545 2365 2425 2855 3000]
[2720 1975 1700 1360 1585 1475 1465 1480] [2115 2210 2070 2290 2575 2670 3095 3125]
[2655 2085 1800 1605 1590 1470 1740 1665] [2215 2115 2115 2190 2575 3015 3275 3130]
[2710 2180 1890 1755 1705 1675 1785 2030] [2010 2215 2080 2740 2945 3130 3135 3200]
[2665 2540 2020 2125 1585 1495 1485 1620] [1800 2170 2580 2725 3190 3110 3290 3260]
[2945 2240 2690 1980 1780 1750 1400 1410] [1755 1895 2465 2825 2620 2820 3270 3245]
COM4 1 34
2
[2900 2545 2290 2070 1910 1560 1570 1460] [1680 1985 2455 2500 2675 2270 2250 2530]
[2765 2280 1855 1825 1625 1595 1450 1345] [1770 2145 2705 2440 2415 2335 2575 2655]
[2510 2250 1685 1390 1380 1505 1370 1445] [1855 2085 2460 2430 2210 2220 2600 2750]
[2720 1975 1700 1360 1585 1475 1465 1480] [2130 2435 2405 2315 2235 2465 2895 3020]
[2655 2085 1800 1605 1590 1470 1740 1665] [2060 2100 1985 2070 2270 2640 2920 3010]
[2710 2180 1890 1755 1705 1675 1785 2030] [1725 1735 2025 1920 2320 2770 3025 3135]
[2665 2540 2020 2125 1585 1495 1485 1620] [1640 1575 1885 2035 2180 2535 2730 2880]
[2945 2240 2690 1980 1780 1750 1400 1410] [1800 1975 1985 1980 2005 2370 2610 3000]
COM6 0 35
2
[3010 2760 2420 2275 1755 1520 1675 1595] [1680 1985 2455 2500 2675 2270 2250 2530]
[2900 2585 2155 1980 1575 1570 1475 1400] [1770 2145 2705 2440 2415 2335 2575 2655]
[2820 2580 2140 1635 1625 1490 1330 1395] [1855 2085 2460 2430 2210 2220 2600 2750]
[2880 2670 2355 1780 1555 1610 1580 1440] [2130 2435 2405 2315 2235 2465 2895 3020]
[2950 2815 2490 2060 1735 1490 1615 1695] [2060 2100 1985 2070 2270 2640 2920 3010]
[2640 2965 2630 2280 1705 1760 1650 1465] [1725 1735 2025 1920 2320 2770 3025 3135]
[2875 2870 2805 2700 2330 1995 1755 1665] [1640 1575 1885 2035 2180 2535 2730 2880]
[2830 2845 3090 2900 2240 2155 2240 1770] [1800 1975 1985 1980 2005 2370 2610 3000]
COM4 1 36
2
[3010 2760 2420 2275 1755 1520 1675 1595] [1660 1910 2135 2760 2565 2660 2325 2270]
[2900 2585 2155 1980 1575 1570 1475 1400] [1625 1825 2245 2535 2570 2485 2020 2050]
[2820 2580 2140 1635 1625 1490 1330 1395] [1825 1705 2175 2520 2440 2420 2225 2290]
[2880 2670 2355 1780 1555 1610 1580 1440] [1885 2020 2360 2330 2175 2070 2095 2470]
[2950 2815 2490 2060 1735 1490 1615 1695] [1905 2100 2105 1905 1950 1815 2135 2470]
[2640 2965 2630 2280 1705 1760 1650 1465] [1765 1660 1890 1835 1785 1935 2105 1825]
[2875 2870 2805 2700 2330 1995 1755 1665] [2050 2080 1960 1825 1905 1870 1735 2355]
[2830 2845 3090 2900 2240 2155 2240 1770] [2200 2085 2405 2460 2240 2155 2210 1965]
COM6 0 37
2
[2705 2710 2840 2605 2270 2045 1770 1615] [1660 1910 2135 2760 2565 2660 2325 2270]
[2950 2885 2720 2550 2270 1910 1660 1575] [1625 1825 2245 2535 2570 2485 2020 2050]
[2860 2760 2860 2370 2190 1790 1595 1585] [1825 1705 2175 2520 2440 2420 2225 2290]
[2740 2910 2825 2375 2200 1740 1630 1475] [1885 2020 2360 2330 2175 2070 2095 2470]
[2950 2845 3010 2510 2325 1945 1995 1635] [1905 2100 2105 1905 1950 1815 2135 2470]
[2790 3040 3040 2845 2370 2220 2105 1655] [1765 1660 1890 1835 1785 1935 2105 1825]
[2855 2785 2515 3015 2755 2695 2195 1655] [2050 2080 1960 1825 1905 1870 1735 2355]
[2965 3185 2740 2705 3115 2835 2610 2115] [2200 2085 2405 2460 2240 2155 2210 1965]
COM4 1 38
2
[2705 2710 2840 2605 2270 2045 1770 1615] [1750 1590 1785 2015 2455 2725 2565 2320]
[2950 2885 2720 2550 2270 1910 1660 1575] [1800 1690 1920 2120 2495 2675 2430 2150]
[2860 2760 2860 2370 2190 1790 1595 1585] [1785 1875 1885 2415 2635 2570 2290 1945]
[2740 2910 2825 2375 2200 1740 1630 1475] [2055 2135 2365 2345 2445 2320 1990 1800]
[2950 2845 3010 2510 2325 1945 1995 1635] [1990 1895 2210 2100 2105 1965 1805 1830]
[2790 3040 3040 2845 2370 2220 2105 1655] [1775 2090 1805 1880 1715 1670 1675 1885]
[2855 2785 2515 3015 2755 2695 2195 1655] [2465 2320 2000 2055 1680 1830 2015 2310]
[2965 3185 2740 2705 3115 2835 2610 2115] [2760 2790 2475 2975 2505 2425 2140 2500]
COM6 0 39
2
[2905 2775 2670 2900 2750 2625 2450 2215] [1750 1590 1785 2015 2455 2725 2565 2320]
[2905 2995 2885 2960 2700 2715 2370 2230] [1800 1690 1920 2120 2495 2675 2430 2150]
[2745 2970 2900 2685 2760 2495 2335 1830] [1785 1875 1885 2415 2635 2570 2290 1945]
[2770 2970 2810 2985 2875 2660 2280 1830] [2055 2135 2365 2345 2445 2320 1990 1800]
[2960 2695 2710 2755 2805 2620 2350 2140] [1990 1895 2210 2100 2105 1965 1805 1830]
[2650 2835 3040 2940 2960 2785 2575 2025] [1775 2090 1805 1880 1715 1670 1675 1885]
[3275 2850 3005 3140 2865 3110 2655 2325] [2465 2320 2000 2055 1680 1830 2015 2310]
[2545 2785 2940 2875 2880 2875 3195 2590] [2760 2790 2475 2975 2505 2425 2140 2500]
COM4 1 40
2
[2905 2775 2670 2900 2750 2625 2450 2215] [2025 1875 1840 1715 2060 2240 2590 2680]
[2905 2995 2885 2960 2700 2715 2370 2230] [1795 1805 1845 2160 2250 2630 2615 2630]
[2745 2970 2900 2685 2760 2495 2335 1830] [1705 1670 1840 2125 2620 2705 2475 2440]
[2770 2970 2810 2985 2875 2660 2280 1830] [1860 1665 1995 2115 2395 2220 2150 2100]
[2960 2695 2710 2755 2805 2620 2350 2140] [2100 1905 2020 1715 1965 2035 1890 1800]
[2650 2835 3040 2940 2960 2785 2575 2025] [2580 2005 2170 1900 1800 1870 1870 1915]
[3275 2850 3005 3140 2865 3110 2655 2325] [2660 3095 2420 2270 1960 1995 2105 2325]
[2545 2785 2940 2875 2880 2875 3195 2590] [3040 3070 2810 2775 2490 2760 2595 2550]
COM6 0 41
2
[2810 2770 2915 2785 2805 2745 2835 2675] [2025 1875 1840 1715 2060 2240 2590 2680]
[2995 2935 2955 2880 2870 2735 2920 2855] [1795 1805 1845 2160 2250 2630 2615 2630]
[2675 2910 2900 2780 2720 2875 2790 2740] [1705 1670 1840 2125 2620 2705 2475 2440]
[2910 2870 3005 2845 2850 2920 2780 2505] [1860 1665 1995 2115 2395 2220 2150 2100]
[3045 2915 2965 2720 2925 2875 2890 2705] [2100 1905 2020 1715 1965 2035 1890 1800]
[2715 2745 2810 2965 2920 2970 2955 2860] [2580 2005 2170 1900 1800 1870 1870 1915]
[2695 2870 3005 2925 2915 2960 2615 2795] [2660 3095 2420 2270 1960 1995 2105 2325]
[3135 2900 3080 3195 2740 2945 3225 2895] [3040 3070 2810 2775 2490 2760 2595 2550]
COM4 1 42
2
[2810 2770 2915 2785 2805 2745 2835 2675] [2440 2275 1920 1830 1875 2105 2370 2535]
[2995 2935 2955 2880 2870 2735 2920 2855] [2310 1900 1840 1735 1815 2540 2430 2485]
[2675 2910 2900 2780 2720 2875 2790 2740] [2245 1860 1740 1810 1975 2580 2470 2400]
[2910 2870 3005 2845 2850 2920 2780 2505] [2355 1970 1680 1725 1930 2145 2075 2025]
[3045 2915 2965 2720 2925 2875 2890 2705] [2380 2285 2030 1605 1900 1800 1830 2035]
[2715 2745 2810 2965 2920 2970 2955 2860] [2615 2430 2170 2075 1925 1900 2015 2005]
[2695 2870 3005 2925 2915 2960 2615 2795] [3230 2805 2780 2535 2435 2330 2475 2355]
[3135 2900 3080 3195 2740 2945 3225 2895] [3040 3205 3285 2785 2785 2415 2750 2720]
COM6 0 43
2
[2840 2945 2955 2765 2810 2675 2915 2765] [2440 2275 1920 1830 1875 2105 2370 2535]
[2875 2820 2825 2985 2920 3080 2835 2815] [2310 1900 1840 1735 1815 2540 2430 2485]
[2785 2835 2800 2945 2790 2925 2825 2870] [2245 1860 1740 1810 1975 2580 2470 2400]
[3040 2720 3090 2835 2940 3000 2945 2975] [2355 1970 1680 1725 1930 2145 2075 2025]
[2870 2935 3025 2700 3130 3005 3070 2680] [2380 2285 2030 1605 1900 1800 1830 2035]
[3000 3005 3175 2965 2970 3080 3010 3085] [2615 2430 2170 2075 1925 1900 2015 2005]
[3165 3115 2950 2855 3065 2755 2770 2870] [3230 2805 2780 2535 2435 2330 2475 2355]
[2900 3035 3115 2965 2750 2955 3105 2830] [3040 3205 3285 2785 2785 2415 2750 2720]
COM4 1 44
2
[2840 2945 2955 2765 2810 2675 2915 2765] [2700 2570 2075 1810 1785 1755 2165 2345]
[2875 2820 2825 2985 2920 3080 2835 2815] [2830 2365 2150 1730 1680 1975 2380 2335]
[2785 2835 2800 2945 2790 2925 2825 2870] [2740 2225 1755 1715 1775 1910 2365 2415]
[3040 2720 3090 2835 2940 3000 2945 2975] [2915 2515 2080 1875 1700 1955 2145 2155]
[2870 2935 3025 2700 3130 3005 3070 2680] [2565 2345 2025 1940 1795 1865 1905 1915]
[3000 3005 3175 2965 2970 3080 3010 3085] [3030 2715 2415 2315 2010 2065 1755 2310]
[3165 3115 2950 2855 3065 2755 2770 2870] [3135 3070 2865 2505 2400 2350 2380 2480]
[2900 3035 3115 2965 2750 2955 3105 2830] [2935 2985 3005 2835 2750 2675 2760 2855]
COM6 0 45
2
[2960 3050 2740 2760 2815 2730 2885 2745] [2700 2570 2075 1810 1785 1755 2165 2345]
[2905 2835 2845 2985 2755 2870 2925 2950] [2830 2365 2150 1730 1680 1975 2380 2335]
[3085 3170 2795 2945 2815 2910 3040 2805] [2740 2225 1755 1715 1775 1910 2365 2415]
[3195 3125 3210 2895 3005 2825 2885 2765] [2915 2515 2080 1875 1700 1955 2145 2155]
[3250 2815 3000 2885 3030 2900 2900 3110] [2565 2345 2025 1940 1795 1865 1905 1915]
[2740 2875 2980 2920 3125 2940 2945 2695] [3030 2715 2415 2315 2010 2065 1755 2310]
[2900 3030 2885 2985 2935 3170 2760 3055] [3135 3070 2865 2505 2400 2350 2380 2480]
[2960 2730 3090 3120 3130 2970 3110 2995] [2935 2985 3005 2835 2750 2675 2760 2855]
COM4 1 46
2
[2960 3050 2740 2760 2815 2730 2885 2745] [2975 2760 2375 1960 1875 1880 1930 2325]
[2905 2835 2845 2985 2755 2870 2925 2950] [3050 2730 2305 1800 1770 1845 1990 2060]
[3085 3170 2795 2945 2815 2910 3040 2805] [3040 2515 2125 1735 1860 1570 2025 2365]
[3195 3125 3210 2895 3005 2825 2885 2765] [3055 2865 2235 1830 1705 1820 1855 2135]
[3250 2815 3000 2885 3030 2900 2900 3110] [2835 2785 2460 1845 1680 1785 1925 2050]
[2740 2875 2980 2920 3125 2940 2945 2695] [2755 2835 2615 2360 2115 2250 2100 2005]
[2900 3030 2885 2985 2935 3170 2760 3055] [3130 3185 3070 2915 2565 2275 2530 2700]
[2960 2730 3090 3120 3130 2970 3110 2995] [3420 3160 3350 3275 3060 2815 2995 3010]
COM6 0 47
2
[2785 2640 2995 2915 3065 2865 2760 2550] [2975 2760 2375 1960 1875 1880 1930 2325]
[2970 2975 2955 2990 2985 2895 2865 2730] [3050 2730 2305 1800 1770 1845 1990 2060]
[2915 2875 2945 2800 2910 2945 2805 2945] [3040 2515 2125 1735 1860 1570 2025 2365]
[2965 3095 2955 2980 2935 2980 2910 2945] [3055 2865 2235 1830 1705 1820 1855 2135]
[3070 2830 2870 2710 3025 2815 2825 3110] [2835 2785 2460 1845 1680 1785 1925 2050]
[3080 3125 3160 3045 2785 2970 3015 2715] [2755 2835 2615 2360 2115 2250 2100 2005]
[2825 3075 3010 3010 3020 2835 2840 3200] [3130 3185 3070 2915 2565 2275 2530 2700]
[2910 2875 2905 2735 3090 3070 3105 2760] [3420 3160 3350 3275 3060 2815 2995 3010]
COM4 1 48
2
[2785 2640 2995 2915 3065 2865 2760 2550] [2885 2990 2625 2105 1875 1765 1935 2115]
[2970 2975 2955 2990 2985 2895 2865 2730] [2995 2980 2465 2085 1765 1720 1980 2315]
[2915 2875 2945 2800 2910 2945 2805 2945] [3040 2640 2325 1920 1785 1695 1995 2190]
[2965 3095 2955 2980 2935 2980 2910 2945] [3055 2940 2470 2095 1665 1725 1895 1870]
[3070 2830 2870 2710 3025 2815 2825 3110] [2980 2790 2535 2165 1970 1975 1850 1900]
[3080 3125 3160 3045 2785 2970 3015 2715] [3040 3165 2500 2600 2145 2150 2105 1955]
[2825 3075 3010 3010 3020 2835 2840 3200] [3390 3205 2850 2995 2440 2470 2470 2535]
[2910 2875 2905 2735 3090 3070 3105 2760] [3520 3145 3145 3310 2785 2710 2790 2700]
COM6 0 49
2
[2745 2635 3075 2760 2810 2805 2820 2530] [2885 2990 2625 2105 1875 1765 1935 2115]
[2875 3210 2880 2925 2865 2785 2870 2905] [2995 2980 2465 2085 1765 1720 1980 2315]
[2730 2785 2865 2695 2935 2935 2790 3025] [3040 2640 2325 1920 1785 1695 1995 2190]
[2935 2775 3100 2815 2935 2880 2810 2715] [3055 2940 2470 2095 1665 1725 1895 1870]
[3020 2950 3025 2925 2995 2810 3370 3035] [2980 2790 2535 2165 1970 1975 1850 1900]
[2835 2885 3300 2870 2905 2965 3045 3055] [3040 3165 2500 2600 2145 2150 2105 1955]
[2995 2990 2950 2925 2920 3170 3000 3010] [3390 3205 2850 2995 2440 2470 2470 2535]
[2945 2975 2955 3060 2710 2805 3205 2985] [3520 3145 3145 3310 2785 2710 2790 2700]
COM4 1 50
2
[2745 2635 3075 2760 2810 2805 2820 2530] [2990 2770 2605 2110 1590 1695 1905 2225]
[2875 3210 2880 2925 2865 2785 2870 2905] [3085 2825 2390 2010 1685 1865 2080 2130]
[2730 2785 2865 2695 2935 2935 2790 3025] [2945 2690 2565 1875 1790 1740 1975 2155]
[2935 2775 3100 2815 2935 2880 2810 2715] [2845 3075 2520 2005 1700 1685 2000 2085]
[3020 2950 3025 2925 2995 2810 3370 3035] [3055 2665 2420 2055 1765 1740 1840 1895]
[2835 2885 3300 2870 2905 2965 3045 3055] [3170 2850 2690 2525 2045 2075 2030 2135]
[2995 2990 2950 2925 2920 3170 3000 3010] [3190 2975 2870 2735 2425 2520 2550 2415]
[2945 2975 2955 3060 2710 2805 3205 2985] [3235 3305 3055 2980 2670 2820 2680 3180]
COM6 0 51
2
[2930 2625 2965 2905 2970 2800 3000 2740] [2990 2770 2605 2110 1590 1695 1905 2225]
[3045 3060 2935 2950 2920 3010 2805 2795] [3085 2825 2390 2010 1685 1865 2080 2130]
[2820 2900 2995 2690 2895 2950 2865 3110] [2945 2690 2565 1875 1790 1740 1975 2155]
[2980 3095 3030 2900 2825 2905 2750 2890] [2845 3075 2520 2005 1700 1685 2000 2085]
[3025 2970 3005 2765 3025 2855 3125 2870] [3055 2665 2420 2055 1765 1740 1840 1895]
[2885 2850 3235 2920 3080 2945 3045 2910] [3170 2850 2690 2525 2045 2075 2030 2135]
[3005 2985 3070 2915 3085 2935 2700 2750] [3190 2975 2870 2735 2425 2520 2550 2415]
[3045 3520 2685 2965 2850 3115 3160 3070] [3235 3305 3055 2980 2670 2820 2680 3180]
COM4 1 52
2
[2930 2625 2965 2905 2970 2800 3000 2740] [3205 3085 2715 2270 2045 1675 1925 2380]
[3045 3060 2935 2950 2920 3010 2805 2795] [3080 2765 2635 2100 1695 1760 2005 2135]
[2820 2900 2995 2690 2895 2950 2865 3110] [2925 2865 2450 1900 1790 1730 1995 2320]
[2980 3095 3030 2900 2825 2905 2750 2890] [3065 2840 2490 2055 1825 1800 1985 2070]
[3025 2970 3005 2765 3025 2855 3125 2870] [3275 3015 2625 2095 1930 1880 2015 1955]
[2885 2850 3235 2920 3080 2945 3045 2910] [2730 2970 2605 2585 2290 2145 2085 2125]
[3005 2985 3070 2915 3085 2935 2700 2750] [3125 3145 2935 2930 2725 2375 2495 2440]
[3045 3520 2685 2965 2850 3115 3160 3070] [3125 3280 3250 3030 3220 2900 2940 2825]
COM6 0 53
2
[2815 2925 2630 2805 2750 2775 2885 2675] [3205 3085 2715 2270 2045 1675 1925 2380]
[2925 2930 2850 2990 2840 2845 2835 2635] [3080 2765 2635 2100 1695 1760 2005 2135]
[2695 2845 3145 2800 2875 2750 2875 2770] [2925 2865 2450 1900 1790 1730 1995 2320]
[2945 3105 3030 2935 2880 2935 2950 2810] [3065 2840 2490 2055 1825 1800 1985 2070]
[3135 3010 2970 2835 2905 2860 3050 2860] [3275 3015 2625 2095 1930 1880 2015 1955]
[3125 3140 3025 3085 3005 2865 2965 2660] [2730 2970 2605 2585 2290 2145 2085 2125]
[3175 3030 2950 2835 3125 2765 2620 3140] [3125 3145 2935 2930 2725 2375 2495 2440]
[2950 2870 3095 2865 3140 2965 2995 2885] [3125 3280 3250 3030 3220 2900 2940 2825]
COM4 1 54
2
[2815 2925 2630 2805 2750 2775 2885 2675] [3055 2895 2560 2350 2055 1690 2060 2245]
[2925 2930 2850 2990 2840 2845 2835 2635] [3225 2765 2570 2025 1800 1835 2050 2295]
[2695 2845 3145 2800 2875 2750 2875 2770] [3105 3000 2430 1885 1695 1705 1970 2140]
[2945 3105 3030 2935 2880 2935 2950 2810] [3040 3085 2455 1985 1820 1850 2000 2215]
[3135 3010 2970 2835 2905 2860 3050 2860] [2925 2875 2500 2050 1935 1800 2100 2210]
[3125 3140 3025 3085 3005 2865 2965 2660] [3010 2710 2680 2625 2105 2165 2125 2025]
[3175 3030 2950 2835 3125 2765 2620 3140] [3205 3305 3170 2990 2525 2540 2475 2360]
[2950 2870 3095 2865 3140 2965 2995 2885] [3300 3395 3175 3340 3010 2980 2915 2640]
COM6 0 55
2
[2675 2890 2470 2815 2815 2855 2805 2570] [3055 2895 2560 2350 2055 1690 2060 2245]
[2835 3210 2925 2980 2900 2850 2885 2715] [3225 2765 2570 2025 1800 1835 2050 2295]
[2765 3045 3010 2825 2845 2835 2810 2815] [3105 3000 2430 1885 1695 1705 1970 2140]
[2995 3045 3040 2855 2975 2885 2890 2865] [3040 3085 2455 1985 1820 1850 2000 2215]
[3150 3050 2920 2880 2915 2810 3080 2830] [2925 2875 2500 2050 1935 1800 2100 2210]
[2905 2860 3205 3120 2845 2870 2840 2845] [3010 2710 2680 2625 2105 2165 2125 2025]
[3165 3070 3230 2885 3015 3100 2920 3085] [3205 3305 3170 2990 2525 2540 2475 2360]
[2965 3160 2900 3190 2920 3025 2975 3000] [3300 3395 3175 3340 3010 2980 2915 2640]
COM4 1 56
2
[2675 2890 2470 2815 2815 2855 2805 2570] [2965 2800 2515 2035 1985 1775 1975 2335]
[2835 3210 2925 2980 2900 2850 2885 2715] [2840 2625 2285 1835 1785 1795 2120 2410]
[2765 3045 3010 2825 2845 2835 2810 2815] [3215 2665 2185 1845 1815 1860 2000 2290]
[2995 3045 3040 2855 2975 2885 2890 2865] [2600 2845 2290 1870 1705 1725 2060 2300]
[3150 3050 2920 2880 2915 2810 3080 2830] [3165 2910 2415 1860 1840 1865 1975 2100]
[2905 2860 3205 3120 2845 2870 2840 2845] [3040 2855 2585 2390 2095 2175 2170 1695]
[3165 3070 3230 2885 3015 3100 2920 3085] [2925 3275 3100 2910 2395 2520 2345 2315]
[2965 3160 2900 3190 2920 3025 2975 3000] [2980 3130 3230 3150 3015 2705 3020 3010]
COM6 0 57
2
[2865 3105 2685 2870 2690 2835 2940 2620] [2965 2800 2515 2035 1985 1775 1975 2335]
[3005 2985 2825 2985 2875 3010 3010 2920] [2840 2625 2285 1835 1785 1795 2120 2410]
[2675 2905 3005 2895 2840 2950 2975 2745] [3215 2665 2185 1845 1815 1860 2000 2290]
[2975 2945 3095 3000 3015 2985 2890 2855] [2600 2845 2290 1870 1705 1725 2060 2300]
[3190 2900 3025 2925 3005 3050 2895 3020] [3165 2910 2415 1860 1840 1865 1975 2100]
[2850 3105 3175 2810 2910 3075 3200 2760] [3040 2855 2585 2390 2095 2175 2170 1695]
[2985 3285 2870 2865 3240 3100 2850 2835] [2925 3275 3100 2910 2395 2520 2345 2315]
[3030 3265 3245 2950 2950 2825 3210 2885] [2980 3130 3230 3150 3015 2705 3020 3010]
COM4 1 58
2
[2865 3105 2685 2870 2690 2835 2940 2620] [2975 2815 2530 1795 1930 1755 2095 2485]
[3005 2985 2825 2985 2875 3010 3010 2920] [3095 2550 2340 2030 1675 2015 2330 2555]
[2675 2905 3005 2895 2840 2950 2975 2745] [2810 2590 2195 1620 1840 1995 2200 2465]
[2975 2945 3095 3000 3015 2985 2890 2855] [2845 2940 2190 1720 1835 1875 2120 2290]
[3190 2900 3025 2925 3005 3050 2895 3020] [3210 2920 2505 1880 1845 1865 2145 2050]
[2850 3105 3175 2810 2910 3075 3200 2760] [2950 2755 2500 2365 2100 2175 1960 1980]
[2985 3285 2870 2865 3240 3100 2850 2835] [3350 3295 3185 2700 2350 2210 2460 2605]
[3030 3265 3245 2950 2950 2825 3210 2885] [3020 3150 3205 3330 2835 2790 2740 2655]
COM6 0 59
2
[2925 2620 2920 3000 2805 2730 2920 2735] [2975 2815 2530 1795 1930 1755 2095 2485]
[2905 2890 2825 2990 2925 2930 2910 2995] [3095 2550 2340 2030 1675 2015 2330 2555]
[2725 2755 3010 2840 2800 2910 2815 2970] [2810 2590 2195 1620 1840 1995 2200 2465]
[3010 2835 2985 2820 3000 2840 2910 2945] [2845 2940 2190 1720 1835 1875 2120 2290]
[2950 2865 3000 3060 3010 2900 3000 2685] [3210 2920 2505 1880 1845 1865 2145 2050]
[2800 3130 3035 2870 2685 2895 2950 2775] [2950 2755 2500 2365 2100 2175 1960 1980]
[2910 2830 2810 2835 2995 3105 2950 2875] [3350 3295 3185 2700 2350 2210 2460 2605]
[3105 2905 3200 2970 2830 2950 3035 2715] [3020 3150 3205 3330 2835 2790 2740 2655]
COM4 1 60
2
[2925 2620 2920 3000 2805 2730 2920 2735] [2790 2395 2170 1795 1705 1805 2375 2505]
[2905 2890 2825 2990 2925 2930 2910 2995] [2640 2535 2100 1805 1865 2130 2450 2540]
[2725 2755 3010 2840 2800 2910 2815 2970] [2790 2425 1980 1720 1915 1985 2390 2660]
[3010 2835 2985 2820 3000 2840 2910 2945] [2705 2430 1795 1845 1670 1965 2095 2420]
[2950 2865 3000 3060 3010 2900 3000 2685] [2835 2460 2215 2160 1875 1860 2080 2140]
[2800 3130 3035 2870 2685 2895 2950 2775] [2710 2855 2595 2280 2030 2005 1850 1905]
[2910 2830 2810 2835 2995 3105 2950 2875] [2920 3110 3225 2730 2550 2225 2175 2270]
[3105 2905 3200 2970 2830 2950 3035 2715] [3250 3335 3125 2990 2990 2820 2600 2615]
COM6 0 61
2
[2865 2645 2735 2970 2780 2745 2760 2885] [2790 2395 2170 1795 1705 1805 2375 2505]
[3075 2795 2760 2950 2920 2890 2900 2960] [2640 2535 2100 1805 1865 2130 2450 2540]
[2910 2885 3095 2840 2890 2865 2805 3015] [2790 2425 1980 1720 1915 1985 2390 2660]
[2805 2855 3090 2870 3015 2930 2960 2850] [2705 2430 1795 1845 1670 1965 2095 2420]
[2755 2965 3125 2850 3215 3045 3000 2900] [2835 2460 2215 2160 1875 1860 2080 2140]
[3000 2970 3025 3070 2730 2965 3045 2870] [2710 2855 2595 2280 2030 2005 1850 1905]
[3340 3010 2900 3030 3040 2865 2975 2815] [2920 3110 3225 2730 2550 2225 2175 2270]
[2960 2900 2955 3035 2945 2925 3125 2730] [3250 3335 3125 2990 2990 2820 2600 2615]
COM4 1 62
2
[2865 2645 2735 2970 2780 2745 2760 2885] [2575 2420 2040 1710 2160 2025 2590 2755]
[3075 2795 2760 2950 2920 2890 2900 2960] [2795 2005 1835 1835 1955 2275 2620 2705]
[2910 2885 3095 2840 2890 2865 2805 3015] [2635 2185 1925 1825 2105 2280 2515 2810]
[2805 2855 3090 2870 3015 2930 2960 2850] [2645 2105 1845 2050 1950 2205 2455 2545]
[2755 2965 3125 2850 3215 3045 3000 2900] [2635 2570 2210 1865 1885 2005 2290 2130]
[3000 2970 3025 3070 2730 2965 3045 2870] [2830 2570 2345 2570 2165 1915 1835 1730]
[3340 3010 2900 3030 3040 2865 2975 2815] [3180 3155 3070 2615 2390 2440 2055 2065]
[2960 2900 2955 3035 2945 2925 3125 2730] [3525 3195 3075 3155 2720 2690 2530 2380]
COM6 0 63
2
[2930 2680 2750 2855 2690 2780 3000 2860] [2575 2420 2040 1710 2160 2025 2590 2755]
[2960 3140 2945 2900 2980 2870 2765 2795] [2795 2005 1835 1835 1955 2275 2620 2705]
[2740 2965 3105 2920 2910 2950 2810 2935] [2635 2185 1925 1825 2105 2280 2515 2810]
[2880 2930 3030 2830 2995 2815 2945 2940] [2645 2105 1845 2050 1950 2205 2455 2545]
[2935 2995 2985 2760 3005 2810 3075 3050] [2635 2570 2210 1865 1885 2005 2290 2130]
[2920 2945 3010 2875 2905 2895 2950 2930] [2830 2570 2345 2570 2165 1915 1835 1730]
[2825 3000 3120 2980 2800 2955 2730 2830] [3180 3155 3070 2615 2390 2440 2055 2065]
[2865 2900 3135 2900 3075 3100 2835 2990] [3525 3195 3075 3155 2720 2690 2530 2380]
COM4 1 64
2
[2930 2680 2750 2855 2690 2780 3000 2860] [2390 2070 1945 1910 1930 2240 2535 2810]
[2960 3140 2945 2900 2980 2870 2765 2795] [2485 1800 1875 1760 1765 2385 2690 2945]
[2740 2965 3105 2920 2910 2950 2810 2935] [2455 2105 1715 2010 2035 2420 2725 2790]
[2880 2930 3030 2830 2995 2815 2945 2940] [2535 2185 1805 1795 1970 2195 2465 2535]
[2935 2995 2985 2760 3005 2810 3075 3050] [2750 2420 2080 1800 1875 2125 2245 2230]
[2920 2945 3010 2875 2905 2895 2950 2930] [2660 2740 2375 2360 2190 1940 1850 1540]
[2825 3000 3120 2980 2800 2955 2730 2830] [3215 3185 3045 2445 2365 2135 2145 1980]
[2865 2900 3135 2900 3075 3100 2835 2990] [3290 3155 3000 3220 2830 2515 2585 2410]
COM6 0 65
2
[3000 2640 2815 2950 2705 2805 2755 2705] [2390 2070 1945 1910 1930 2240 2535 2810]
[3070 3005 2945 2975 3000 2840 2850 2855] [2485 1800 1875 1760 1765 2385 2690 2945]
[2840 2825 2875 2895 2825 2925 2825 2950] [2455 2105 1715 2010 2035 2420 2725 2790]
[3145 3105 3030 2980 3060 3005 2770 2900] [2535 2185 1805 1795 1970 2195 2465 2535]
[2930 3025 3005 2910 3015 2895 3225 2825] [2750 2420 2080 1800 1875 2125 2245 2230]
[2920 2930 3035 3135 2990 2965 2900 2895] [2660 2740 2375 2360 2190 1940 1850 1540]
[2820 2845 2870 3030 2925 3065 3105 2765] [3215 3185 3045 2445 2365 2135 2145 1980]
[3190 3130 2905 2825 2945 3250 3030 3180] [3290 3155 3000 3220 2830 2515 2585 2410]