COM4 1 6
2
[3085 2990 2925 2975 3055 2905 3245 2855] [3105 3310 3340 3290 3250 3360 3245 3270]
[3155 3235 2900 3020 2985 2960 2940 3075] [3345 3290 3270 3380 3205 3270 3185 3195]
[3025 2970 3125 3040 2885 3085 3070 3020] [3305 3205 3240 3085 3175 3140 3305 3325]
[3130 2930 3175 3105 3065 3070 3125 3130] [3370 3365 3240 3225 3265 3195 3295 3190]
[3050 3120 3015 3100 3110 3135 3295 3215] [3355 3350 3400 3315 3340 3265 3310 3350]
[2845 3045 3200 3090 3140 3185 3265 3010] [3215 3405 3340 3415 3200 3305 3270 3370]
[2935 3160 3020 3265 3020 3065 3010 3025] [3415 3525 3465 3315 3330 3315 3315 3415]
[2925 3185 3115 2995 3055 3085 3360 3090] [3380 3605 3455 3535 3545 3255 3390 3520]
COM6 0 7
2
[2850 2785 3000 3045 2970 3040 3020 3065] [3105 3310 3340 3290 3250 3360 3245 3270]
[3105 2880 2980 3150 2985 3010 3030 3085] [3345 3290 3270 3380 3205 3270 3185 3195]
[2825 3030 3115 2970 2945 2925 3180 3160] [3305 3205 3240 3085 3175 3140 3305 3325]
[3015 3065 3155 3050 3145 2975 3045 2865] [3370 3365 3240 3225 3265 3195 3295 3190]
[3020 2900 3185 3125 3130 2980 3085 3070] [3355 3350 3400 3315 3340 3265 3310 3350]
[2695 3115 3165 3080 3015 3055 3270 2950] [3215 3405 3340 3415 3200 3305 3270 3370]
[2770 3085 3150 2960 3145 3090 3100 3130] [3415 3525 3465 3315 3330 3315 3315 3415]
[2890 2975 3150 3125 2920 3270 3135 3280] [3380 3605 3455 3535 3545 3255 3390 3520]
COM4 1 8
2
[2850 2785 3000 3045 2970 3040 3020 3065] [3235 3115 3225 3175 3225 3295 3240 3250]
[3105 2880 2980 3150 2985 3010 3030 3085] [3350 3210 3220 2985 3080 3305 3320 3020]
[2825 3030 3115 2970 2945 2925 3180 3160] [3275 3275 3335 3335 3360 3390 3275 3200]
[3015 3065 3155 3050 3145 2975 3045 2865] [3470 3655 3375 3225 3260 3205 3315 3075]
[3020 2900 3185 3125 3130 2980 3085 3070] [3290 3105 3410 3195 3130 3070 3350 3290]
[2695 3115 3165 3080 3015 3055 3270 2950] [3135 3470 3230 3295 3280 3350 3520 3385]
[2770 3085 3150 2960 3145 3090 3100 3130] [3235 3535 3400 3395 3400 3475 3320 3330]
[2890 2975 3150 3125 2920 3270 3135 3280] [3255 3350 3530 3325 3130 3465 3325 3345]
COM6 0 9
2
[2770 2815 2935 3045 2925 2970 3000 2955] [3235 3115 3225 3175 3225 3295 3240 3250]
[2805 2980 2775 2935 2995 3055 3125 3025] [3350 3210 3220 2985 3080 3305 3320 3020]
[2755 3020 3075 2820 2910 3040 3090 3090] [3275 3275 3335 3335 3360 3390 3275 3200]
[2850 2960 3175 3020 3060 3045 3090 2860] [3470 3655 3375 3225 3260 3205 3315 3075]
[2915 2905 3110 3025 2995 3000 3280 3185] [3290 3105 3410 3195 3130 3070 3350 3290]
[2855 3130 3215 3115 2985 2950 3055 3045] [3135 3470 3230 3295 3280 3350 3520 3385]
[2700 3185 3055 3195 3060 2850 3030 3000] [3235 3535 3400 3395 3400 3475 3320 3330]
[2735 3220 3195 3120 3000 3225 2950 3225] [3255 3350 3530 3325 3130 3465 3325 3345]
COM4 1 10
2
[2770 2815 2935 3045 2925 2970 3000 2955] [3205 3225 3205 3100 3305 3255 3165 3175]
[2805 2980 2775 2935 2995 3055 3125 3025] [3260 3150 3210 3175 3185 3155 3270 3160]
[2755 3020 3075 2820 2910 3040 3090 3090] [3410 3170 3185 3080 3265 3010 3180 3110]
[2850 2960 3175 3020 3060 3045 3090 2860] [3315 3230 3215 3265 3275 3255 3225 3235]
[2915 2905 3110 3025 2995 3000 3280 3185] [3290 3355 3400 3215 3095 3135 3125 3305]
[2855 3130 3215 3115 2985 2950 3055 3045] [3225 3110 3135 3180 3145 3355 3215 3350]
[2700 3185 3055 3195 3060 2850 3030 3000] [3235 3340 3290 3310 3290 3105 3440 3295]
[2735 3220 3195 3120 3000 3225 2950 3225] [3435 3305 3280 3435 3305 3360 3395 3465]
COM6 0 11
2
[2855 3080 3270 3315 3295 3300 3435 3490] [3205 3225 3205 3100 3305 3255 3165 3175]
[3160 3145 3295 3345 3215 3345 3445 3385] [3260 3150 3210 3175 3185 3155 3270 3160]
[2905 3250 3375 3220 3185 3425 3320 3420] [3410 3170 3185 3080 3265 3010 3180 3110]
[3015 3270 3295 3315 3400 3345 3435 3495] [3315 3230 3215 3265 3275 3255 3225 3235]
[3225 3195 3410 3315 3460 3455 3395 3420] [3290 3355 3400 3215 3095 3135 3125 3305]
[3055 3410 3550 3505 3395 3605 3555 3325] [3225 3110 3135 3180 3145 3355 3215 3350]
[3100 3340 3365 3540 3475 3450 3380 3430] [3235 3340 3290 3310 3290 3105 3440 3295]
[3340 3315 3335 3410 3465 3410 3705 3445] [3435 3305 3280 3435 3305 3360 3395 3465]
COM4 1 12
2
[2855 3080 3270 3315 3295 3300 3435 3490] [2990 2985 3060 3075 3040 3170 3235 3175]
[3160 3145 3295 3345 3215 3345 3445 3385] [3150 2945 3050 2885 3015 3130 2990 2930]
[2905 3250 3375 3220 3185 3425 3320 3420] [3125 3100 3180 3020 3295 3085 3245 3055]
[3015 3270 3295 3315 3400 3345 3435 3495] [3150 3070 3025 3050 3100 3160 3180 3155]
[3225 3195 3410 3315 3460 3455 3395 3420] [3235 3105 3215 3105 3035 3145 3065 3225]
[3055 3410 3550 3505 3395 3605 3555 3325] [2870 3130 3085 3225 3240 3220 3110 3150]
[3100 3340 3365 3540 3475 3450 3380 3430] [3230 3205 3185 3295 3125 3140 3215 3200]
[3340 3315 3335 3410 3465 3410 3705 3445] [3175 3325 3295 3320 3130 3240 3215 3345]
COM6 0 13
2
[2350 2565 2735 2720 2745 2795 2780 2595] [2990 2985 3060 3075 3040 3170 3235 3175]
[2390 2540 2630 2760 2850 2710 2795 2755] [3150 2945 3050 2885 3015 3130 2990 2930]
[2210 2570 2730 2640 2705 2810 2705 2850] [3125 3100 3180 3020 3295 3085 3245 3055]
[2245 2610 2870 2655 2795 2935 2805 2710] [3150 3070 3025 3050 3100 3160 3180 3155]
[2335 2785 2685 2920 2835 2790 2700 2740] [3235 3105 3215 3105 3035 3145 3065 3225]
[2245 2545 2850 2765 2895 2780 2800 2740] [2870 3130 3085 3225 3240 3220 3110 3150]
[2550 2590 2555 2870 2780 2855 2630 2825] [3230 3205 3185 3295 3125 3140 3215 3200]
[2560 2815 2965 3025 2840 2790 3010 2665] [3175 3325 3295 3320 3130 3240 3215 3345]
COM4 1 14
2
[2350 2565 2735 2720 2745 2795 2780 2595] [3610 3625 3680 3540 3595 3470 3640 3485]
[2390 2540 2630 2760 2850 2710 2795 2755] [3720 3720 3655 3575 3450 3700 3585 3355]
[2210 2570 2730 2640 2705 2810 2705 2850] [3520 3705 3585 3440 3480 3475 3505 3580]
[2245 2610 2870 2655 2795 2935 2805 2710] [3620 3605 3670 3605 3590 3390 3460 3510]
[2335 2785 2685 2920 2835 2790 2700 2740] [3670 3570 3780 3520 3475 3545 3490 3510]
[2245 2545 2850 2765 2895 2780 2800 2740] [3515 3655 3635 3740 3605 3620 3720 3555]
[2550 2590 2555 2870 2780 2855 2630 2825] [3710 3825 3805 3570 3475 3505 3610 3490]
[2560 2815 2965 3025 2840 2790 3010 2665] [3875 3805 3755 3645 3625 3465 3600 3735]
COM6 0 15
2
[1925 2345 2590 2650 2650 2590 2640 2675] [3610 3625 3680 3540 3595 3470 3640 3485]
[2000 2340 2535 2800 2755 2505 2655 2555] [3720 3720 3655 3575 3450 3700 3585 3355]
[1755 2195 2585 2685 2610 2640 2735 2760] [3520 3705 3585 3440 3480 3475 3505 3580]
[1825 2230 2670 2810 2905 2590 2665 2875] [3620 3605 3670 3605 3590 3390 3460 3510]
[2025 2320 2550 2650 2590 2595 2725 2690] [3670 3570 3780 3520 3475 3545 3490 3510]
[1980 2310 2575 2720 2605 2730 2720 2710] [3515 3655 3635 3740 3605 3620 3720 3555]
[2035 2515 2490 2850 2705 2770 2750 2755] [3710 3825 3805 3570 3475 3505 3610 3490]
[1995 2435 2760 2820 2540 2585 2525 2810] [3875 3805 3755 3645 3625 3465 3600 3735]
COM4 1 16
2
[1925 2345 2590 2650 2650 2590 2640 2675] [3735 3740 3815 3675 3695 3570 3575 3490]
[2000 2340 2535 2800 2755 2505 2655 2555] [3870 3715 3735 3635 3655 3500 3570 3540]
[1755 2195 2585 2685 2610 2640 2735 2760] [3740 3635 3765 3625 3615 3440 3585 3425]
[1825 2230 2670 2810 2905 2590 2665 2875] [3725 3745 3710 3680 3455 3525 3685 3450]
[2025 2320 2550 2650 2590 2595 2725 2690] [3835 3475 3755 3500 3605 3675 3555 3560]
[1980 2310 2575 2720 2605 2730 2720 2710] [3640 3820 3645 3735 3590 3645 3745 3755]
[2035 2515 2490 2850 2705 2770 2750 2755] [3970 3835 3755 3715 3620 3630 3690 3720]
[1995 2435 2760 2820 2540 2585 2525 2810] [3960 3745 3820 4005 3695 3565 3610 3830]
COM6 0 17
2
[2270 2270 2560 2765 3020 2900 3120 3220] [3735 3740 3815 3675 3695 3570 3575 3490]
[2235 2360 2610 3025 2985 2975 2935 3175] [3870 3715 3735 3635 3655 3500 3570 3540]
[1995 2270 2585 2885 3035 2930 3040 2935] [3740 3635 3765 3625 3615 3440 3585 3425]
[1860 2270 2540 2670 2850 3100 3255 3070] [3725 3745 3710 3680 3455 3525 3685 3450]
[2020 2405 2515 2575 3050 3065 3125 3175] [3835 3475 3755 3500 3605 3675 3555 3560]
[1990 2220 2545 2780 2790 3000 3190 3020] [3640 3820 3645 3735 3590 3645 3745 3755]
[2020 2280 2450 2705 2940 3120 3165 3240] [3970 3835 3755 3715 3620 3630 3690 3720]
[2045 2140 2240 2720 3070 3115 3180 3135] [3960 3745 3820 4005 3695 3565 3610 3830]
COM4 1 18
2
[2270 2270 2560 2765 3020 2900 3120 3220] [3415 3280 3390 3390 3360 3220 3085 3275]
[2235 2360 2610 3025 2985 2975 2935 3175] [3535 3330 3355 3315 3265 3295 3340 3175]
[1995 2270 2585 2885 3035 2930 3040 2935] [3440 3240 3360 3385 3455 3210 3205 3335]
[1860 2270 2540 2670 2850 3100 3255 3070] [3170 3435 3370 3325 3235 3260 3225 3300]
[2020 2405 2515 2575 3050 3065 3125 3175] [3435 3385 3375 3320 3355 3370 3340 3345]
[1990 2220 2545 2780 2790 3000 3190 3020] [3280 3360 3215 3365 3265 3320 3410 3350]
[2020 2280 2450 2705 2940 3120 3165 3240] [3410 3685 3555 3335 3395 3380 3405 3390]
[2045 2140 2240 2720 3070 3115 3180 3135] [3360 3465 3355 3510 3420 3395 3370 3490]
COM6 0 19
2
[1990 1760 2340 2700 2700 2690 3165 2945] [3415 3280 3390 3390 3360 3220 3085 3275]
[1850 1940 2090 2500 2650 2770 2945 2850] [3535 3330 3355 3315 3265 3295 3340 3175]
[1745 1845 2050 2260 2370 2395 2780 2970] [3440 3240 3360 3385 3455 3210 3205 3335]
[1685 1930 2110 2240 2275 2520 2815 3020] [3170 3435 3370 3325 3235 3260 3225 3300]
[1900 1925 2095 2005 2275 2620 2870 3060] [3435 3385 3375 3320 3355 3370 3340 3345]
[2160 2310 2450 2240 2175 2565 3285 2705] [3280 3360 3215 3365 3265 3320 3410 3350]
[2195 2505 2300 2050 2075 2640 2825 3095] [3410 3685 3555 3335 3395 3380 3405 3390]
[2430 2285 2240 2050 1965 2650 2810 2975] [3360 3465 3355 3510 3420 3395 3370 3490]
COM4 1 20
2
[1990 1760 2340 2700 2700 2690 3165 2945] [3310 3185 3230 3045 3235 3025 3100 3255]
[1850 1940 2090 2500 2650 2770 2945 2850] [3290 3225 3295 3110 3075 3120 3185 3005]
[1745 1845 2050 2260 2370 2395 2780 2970] [3295 3230 3365 3040 3245 3265 3155 3120]
[1685 1930 2110 2240 2275 2520 2815 3020] [3380 3095 3215 3175 3115 3215 3125 3205]
[1900 1925 2095 2005 2275 2620 2870 3060] [3390 3185 3165 3010 3145 3225 3085 3225]
[2160 2310 2450 2240 2175 2565 3285 2705] [3280 3270 3215 3235 3265 3225 3220 3370]
[2195 2505 2300 2050 2075 2640 2825 3095] [3455 3345 3380 3065 3110 3225 3315 3505]
[2430 2285 2240 2050 1965 2650 2810 2975] [3340 3375 3345 3310 3290 3270 3100 3175]
COM6 0 21
2
[1720 1615 2250 2510 2815 2800 2600 2525] [3310 3185 3230 3045 3235 3025 3100 3255]
[1735 1900 2145 2520 2950 2755 2385 2540] [3290 3225 3295 3110 3075 3120 3185 3005]
[1435 1895 2185 2770 2735 2515 2500 2560] [3295 3230 3365 3040 3245 3265 3155 3120]
[1660 1835 2610 2880 2825 2510 2375 2640] [3380 3095 3215 3175 3115 3215 3125 3205]
[1870 2215 2660 2880 2565 2320 2475 2735] [3390 3185 3165 3010 3145 3225 3085 3225]
[1800 2405 2800 2715 2415 2340 2630 2540] [3280 3270 3215 3235 3265 3225 3220 3370]
[1835 2730 2840 2640 2240 2125 2115 2705] [3455 3345 3380 3065 3110 3225 3315 3505]
[2320 2525 2415 2260 1835 1865 2060 2380] [3340 3375 3345 3310 3290 3270 3100 3175]
COM4 1 22
2
[1720 1615 2250 2510 2815 2800 2600 2525] [2925 2975 3215 3105 3240 3110 3115 3145]
[1735 1900 2145 2520 2950 2755 2385 2540] [3110 3085 3240 3210 3070 3125 3180 3070]
[1435 1895 2185 2770 2735 2515 2500 2560] [3075 3215 3200 3145 3185 3145 3155 3230]
[1660 1835 2610 2880 2825 2510 2375 2640] [3170 3180 3185 3225 3150 3065 3010 3080]
[1870 2215 2660 2880 2565 2320 2475 2735] [3155 3175 3205 2945 3105 3135 3160 3210]
[1800 2405 2800 2715 2415 2340 2630 2540] [3225 3175 3195 3195 3055 3410 3205 3245]
[1835 2730 2840 2640 2240 2125 2115 2705] [3110 3355 3185 3325 3235 3110 3280 3205]
[2320 2525 2415 2260 1835 1865 2060 2380] [3250 3335 3290 3155 3345 3125 3190 3410]
COM6 0 23
2
[1780 1435 1640 2345 2530 2670 2925 2515] [2925 2975 3215 3105 3240 3110 3115 3145]
[1835 1735 1700 2335 2700 2810 2635 2360] [3110 3085 3240 3210 3070 3125 3180 3070]
[1525 1610 2060 2400 2580 2850 2525 2130] [3075 3215 3200 3145 3185 3145 3155 3230]
[1560 1750 2275 2525 2830 2640 2270 1930] [3170 3180 3185 3225 3150 3065 3010 3080]
[1665 1960 2410 2575 2810 2365 2210 1795] [3155 3175 3205 2945 3105 3135 3160 3210]
[1760 2295 2560 2510 2390 2125 1730 1455] [3225 3175 3195 3195 3055 3410 3205 3245]
[2260 2190 2085 2235 1860 1840 1390 1480] [3110 3355 3185 3325 3235 3110 3280 3205]
[1935 1940 1625 1645 1565 1425 1395 1505] [3250 3335 3290 3155 3345 3125 3190 3410]
COM4 1 24
2
[1780 1435 1640 2345 2530 2670 2925 2515] [2770 2980 3230 3335 3345 3025 3295 3270]
[1835 1735 1700 2335 2700 2810 2635 2360] [2570 3000 3210 3275 3290 3310 3245 3145]
[1525 1610 2060 2400 2580 2850 2525 2130] [2610 3100 3315 3245 3355 3370 3260 3185]
[1560 1750 2275 2525 2830 2640 2270 1930] [2805 3320 3230 3335 3225 3275 3260 3280]
[1665 1960 2410 2575 2810 2365 2210 1795] [2640 3000 3215 3030 3145 3230 3480 3225]
[1760 2295 2560 2510 2390 2125 1730 1455] [2555 3075 3125 3355 3265 3395 3340 3365]
[2260 2190 2085 2235 1860 1840 1390 1480] [2520 3035 3185 3280 3120 3300 3525 3435]
[1935 1940 1625 1645 1565 1425 1395 1505] [2330 2665 2860 3300 3465 3270 3100 3645]
COM6 0 25
2
[2305 1800 1510 1705 2015 2510 2975 2620] [2770 2980 3230 3335 3345 3025 3295 3270]
[2100 1805 1515 1820 2150 2535 2600 2470] [2570 3000 3210 3275 3290 3310 3245 3145]
[1665 1480 1595 1950 2390 2635 2490 2060] [2610 3100 3315 3245 3355 3370 3260 3185]
[1700 1555 1895 2205 2520 2530 2245 1905] [2805 3320 3230 3335 3225 3275 3260 3280]
[1685 1755 1865 1980 2020 1855 1805 1675] [2640 3000 3215 3030 3145 3230 3480 3225]
[1655 1905 1960 1670 1555 1475 1545 1360] [2555 3075 3125 3355 3265 3395 3340 3365]
[2115 1660 1520 1325 1250 1345 1215 1375] [2520 3035 3185 3280 3120 3300 3525 3435]
[2060 1725 1690 1440 1320 1420 1495 1440] [2330 2665 2860 3300 3465 3270 3100 3645]
COM4 1 26
2
[2305 1800 1510 1705 2015 2510 2975 2620] [2105 2375 2875 3210 3325 3275 3225 3285]
[2100 1805 1515 1820 2150 2535 2600 2470] [2085 2495 3055 3180 3090 3325 3175 3270]
[1665 1480 1595 1950 2390 2635 2490 2060] [2100 2500 2995 3075 3250 3210 3300 3235]
[1700 1555 1895 2205 2520 2530 2245 1905] [2085 2465 2925 3105 3200 3155 3260 3170]
[1685 1755 1865 1980 2020 1855 1805 1675] [2070 2385 2615 2810 3150 3195 3305 3385]
[1655 1905 1960 1670 1555 1475 1545 1360] [1965 2115 2380 2605 2890 3280 3340 3245]
[2115 1660 1520 1325 1250 1345 1215 1375] [2105 2225 2275 2565 2830 3205 3245 3510]
[2060 1725 1690 1440 1320 1420 1495 1440] [2335 2370 2445 2845 3090 3235 3415 3295]
COM6 0 27
2
[2370 1975 1780 1730 1945 2445 2575 2665] [2105 2375 2875 3210 3325 3275 3225 3285]
[2260 2020 1735 1895 2165 2415 2325 2370] [2085 2495 3055 3180 3090 3325 3175 3270]
[1985 1670 2030 1995 1995 1995 2180 2115] [2100 2500 2995 3075 3250 3210 3300 3235]
[1840 1870 2105 2190 1965 1715 1715 1705] [2085 2465 2925 3105 3200 3155 3260 3170]
[2080 1975 2060 2020 1865 1700 1700 1695] [2070 2385 2615 2810 3150 3195 3305 3385]
[2050 2130 2085 1900 1705 1735 1735 1695] [1965 2115 2380 2605 2890 3280 3340 3245]
[2395 1870 2085 1915 2050 1885 1780 1935] [2105 2225 2275 2565 2830 3205 3245 3510]
[2925 2505 2220 2305 2055 2075 2235 2200] [2335 2370 2445 2845 3090 3235 3415 3295]
COM4 1 28
2
[2370 1975 1780 1730 1945 2445 2575 2665] [1625 1640 1720 2520 3175 3140 3105 3185]
[2260 2020 1735 1895 2165 2415 2325 2370] [1440 1585 1865 2265 2595 2950 3135 3075]
[1985 1670 2030 1995 1995 1995 2180 2115] [1330 1595 1745 2070 2520 2820 3025 3230]
[1840 1870 2105 2190 1965 1715 1715 1705] [1495 1430 1660 2000 2205 2550 3015 3075]
[2080 1975 2060 2020 1865 1700 1700 1695] [1745 1875 1915 2020 2285 2635 2985 3180]
[2050 2130 2085 1900 1705 1735 1735 1695] [1905 2165 2295 2515 2535 3010 3190 3155]
[2395 1870 2085 1915 2050 1885 1780 1935] [2645 2610 2660 2925 3235 2915 3155 3205]
[2925 2505 2220 2305 2055 2075 2235 2200] [3035 3325 2925 3070 3040 3035 3095 3310]
COM6 0 29
2
[3025 2925 2785 2605 2335 1985 1715 1560] [1625 1640 1720 2520 3175 3140 3105 3185]
[3035 2970 2700 2620 2300 1975 1830 1905] [1440 1585 1865 2265 2595 2950 3135 3075]
[2800 2915 2850 2695 2210 1960 1815 2085] [1330 1595 1745 2070 2520 2820 3025 3230]
[2925 2970 2910 2725 2500 2140 1735 1845] [1495 1430 1660 2000 2205 2550 3015 3075]
[3060 3000 2860 2695 2625 2365 1995 2335] [1745 1875 1915 2020 2285 2635 2985 3180]
[2935 3075 3195 3030 2900 2690 2805 2625] [1905 2165 2295 2515 2535 3010 3190 3155]
[3105 3050 3005 3060 2890 3040 2820 2940] [2645 2610 2660 2925 3235 2915 3155 3205]
[3265 3080 3020 3305 3140 3020 3225 3020] [3035 3325 2925 3070 3040 3035 3095 3310]
COM4 1 30
2
[3025 2925 2785 2605 2335 1985 1715 1560] [2020 2015 1920 1930 2060 2375 2610 3020]
[3035 2970 2700 2620 2300 1975 1830 1905] [2015 1995 1970 1965 1920 2175 2500 2645]
[2800 2915 2850 2695 2210 1960 1815 2085] [2080 1950 2010 2060 2185 2320 2525 2750]
[2925 2970 2910 2725 2500 2140 1735 1845] [2245 2210 2395 2375 2530 2710 2990 3210]
[3060 3000 2860 2695 2625 2365 1995 2335] [2560 2725 2905 2835 3145 3015 3350 3305]
[2935 3075 3195 3030 2900 2690 2805 2625] [2960 3045 3105 3375 3310 3425 3315 3300]
[3105 3050 3005 3060 2890 3040 2820 2940] [3375 3490 3440 3380 3320 3460 3545 3420]
[3265 3080 3020 3305 3140 3020 3225 3020] [3735 3680 3530 3515 3455 3285 3445 3635]
COM6 0 31
2
[2910 2785 2800 2805 2890 2745 2620 1995] [2020 2015 1920 1930 2060 2375 2610 3020]
[3055 3070 2835 3100 2810 2795 2590 2250] [2015 1995 1970 1965 1920 2175 2500 2645]
[2910 2915 2990 2995 2945 2825 2605 2445] [2080 1950 2010 2060 2185 2320 2525 2750]
[2850 3025 3105 2925 2965 2950 2965 2790] [2245 2210 2395 2375 2530 2710 2990 3210]
[3105 3055 3060 3025 3080 2855 3135 2860] [2560 2725 2905 2835 3145 3015 3350 3305]
[3020 3075 2985 3100 3000 3180 3160 3000] [2960 3045 3105 3375 3310 3425 3315 3300]
[3055 3190 3135 2975 3115 3090 2890 3055] [3375 3490 3440 3380 3320 3460 3545 3420]
[3200 2965 3000 3085 2935 3190 3175 3125] [3735 3680 3530 3515 3455 3285 3445 3635]
COM4 1 32
2
[2910 2785 2800 2805 2890 2745 2620 1995] [1795 1725 1700 1690 1665 1610 1750 2025]
[3055 3070 2835 3100 2810 2795 2590 2250] [1785 1720 1705 1600 1710 1805 1815 2170]
[2910 2915 2990 2995 2945 2825 2605 2445] [1645 1720 1790 1755 1955 2045 2370 2700]
[2850 3025 3105 2925 2965 2950 2965 2790] [1795 1880 2080 2205 2305 2685 3010 2955]
[3105 3055 3060 3025 3080 2855 3135 2860] [2165 2375 2455 2600 2730 3065 3120 3215]
[3020 3075 2985 3100 3000 3180 3160 3000] [2630 2805 3000 3115 3080 3280 3375 3245]
[3055 3190 3135 2975 3115 3090 2890 3055] [3125 3315 3450 3235 3330 3325 3310 3375]
[3200 2965 3000 3085 2935 3190 3175 3125] [3320 3075 3445 3365 3230 3190 3340 3395]
COM6 0 33
2
[2840 2925 2890 2890 2890 2845 2705 2295] [1795 1725 1700 1690 1665 1610 1750 2025]
[2940 3095 2855 2960 2860 2820 2760 2580] [1785 1720 1705 1600 1710 1805 1815 2170]
[2890 2990 2975 2945 2875 2805 2890 2625] [1645 1720 1790 1755 1955 2045 2370 2700]
[2935 3020 3060 2910 3070 2980 2940 2840] [1795 1880 2080 2205 2305 2685 3010 2955]
[3135 3075 3060 2895 3125 2880 3125 2935] [2165 2375 2455 2600 2730 3065 3120 3215]
[3010 2955 3150 3135 2945 3110 3170 3015] [2630 2805 3000 3115 3080 3280 3375 3245]
[2925 3100 2860 2990 3015 3095 2830 3075] [3125 3315 3450 3235 3330 3325 3310 3375]
[3250 2950 3015 3135 3100 3055 3100 3200] [3320 3075 3445 3365 3230 3190 3340 3395]
COM4 1 34
2
[2840 2925 2890 2890 2890 2845 2705 2295] [2210 1960 1885 1730 1640 1610 1550 1850]
[2940 3095 2855 2960 2860 2820 2760 2580] [1920 1900 1680 1660 1535 1575 1425 1590]
[2890 2990 2975 2945 2875 2805 2890 2625] [1590 1690 1700 1635 1765 1640 1700 1920]
[2935 3020 3060 2910 3070 2980 2940 2840] [1700 1710 1740 1760 1760 1880 2005 2300]
[3135 3075 3060 2895 3125 2880 3125 2935] [2140 2035 2125 1970 2225 2380 2745 2950]
[3010 2955 3150 3135 2945 3110 3170 3015] [2290 2495 2420 2710 2755 2805 3210 3160]
[2925 3100 2860 2990 3015 3095 2830 3075] [3030 3080 3150 3180 3040 3045 3370 3275]
[3250 2950 3015 3135 3100 3055 3100 3200] [3395 3150 3270 3420 3130 3195 3395 3390]
COM6 0 35
2
[2995 2790 2825 2895 2945 2985 2960 2750] [2210 1960 1885 1730 1640 1610 1550 1850]
[3055 3090 2925 2965 2955 2955 2870 2755] [1920 1900 1680 1660 1535 1575 1425 1590]
[2875 2990 2990 2900 2835 3015 2960 2850] [1590 1690 1700 1635 1765 1640 1700 1920]
[3005 2950 3020 3025 3110 2995 3020 2955] [1700 1710 1740 1760 1760 1880 2005 2300]
[3110 2970 3075 3050 3090 3015 3080 3145] [2140 2035 2125 1970 2225 2380 2745 2950]
[2900 2915 3165 3080 2995 3005 3055 2940] [2290 2495 2420 2710 2755 2805 3210 3160]
[3020 3020 2925 3040 2900 2920 2750 3030] [3030 3080 3150 3180 3040 3045 3370 3275]
[3205 3245 2940 3105 3055 3080 3115 3025] [3395 3150 3270 3420 3130 3195 3395 3390]
COM4 1 36
2
[2995 2790 2825 2895 2945 2985 2960 2750] [2180 1885 1800 1570 1510 1445 1265 1575]
[3055 3090 2925 2965 2955 2955 2870 2755] [1720 1575 1460 1380 1340 1350 1400 1440]
[2875 2990 2990 2900 2835 3015 2960 2850] [1545 1365 1420 1400 1440 1365 1450 1620]
[3005 2950 3020 3025 3110 2995 3020 2955] [1675 1415 1560 1505 1515 1470 1720 1820]
[3110 2970 3075 3050 3090 3015 3080 3145] [2080 1815 1865 1720 1895 2060 2370 2375]
[2900 2915 3165 3080 2995 3005 3055 2940] [2140 2485 2540 2335 2365 2525 2695 2685]
[3020 3020 2925 3040 2900 2920 2750 3030] [3190 3175 3175 2970 2965 3115 3325 3200]
[3205 3245 2940 3105 3055 3080 3115 3025] [3150 3320 3320 3415 3280 3095 3360 3480]
COM6 0 37
2
[3245 3125 3160 3175 3170 3075 3120 2715] [2180 1885 1800 1570 1510 1445 1265 1575]
[3290 3290 3225 3235 3010 3070 3145 2865] [1720 1575 1460 1380 1340 1350 1400 1440]
[3145 3210 3320 3160 3100 3155 3150 3195] [1545 1365 1420 1400 1440 1365 1450 1620]
[3410 3180 3315 3235 3360 3130 3375 3170] [1675 1415 1560 1505 1515 1470 1720 1820]
[3330 3370 3355 3325 3385 3500 3535 3420] [2080 1815 1865 1720 1895 2060 2370 2375]
[3300 3490 3285 3445 3240 3515 3435 3365] [2140 2485 2540 2335 2365 2525 2695 2685]
[3305 3425 3385 3435 3460 3315 3320 3530] [3190 3175 3175 2970 2965 3115 3325 3200]
[3480 3305 3350 3235 3330 3360 3430 3540] [3150 3320 3320 3415 3280 3095 3360 3480]
COM4 1 38
2
[3245 3125 3160 3175 3170 3075 3120 2715] [2120 2065 1955 1820 1755 1670 1585 1715]
[3290 3290 3225 3235 3010 3070 3145 2865] [1820 1725 1695 1620 1515 1645 1500 1525]
[3145 3210 3320 3160 3100 3155 3150 3195] [1895 1705 1745 1620 1665 1565 1615 1535]
[3410 3180 3315 3235 3360 3130 3375 3170] [2110 1945 1760 1775 1715 1725 1790 1785]
[3330 3370 3355 3325 3385 3500 3535 3420] [2310 2250 2050 1950 1965 2005 2110 2290]
[3300 3490 3285 3445 3240 3515 3435 3365] [2845 2680 2585 2670 2520 2560 2645 2805]
[3305 3425 3385 3435 3460 3315 3320 3530] [3215 3205 3320 3315 2925 3080 3135 3290]
[3480 3305 3350 3235 3330 3360 3430 3540] [3505 3305 3125 3245 3210 3105 3245 3400]
COM6 0 39
2
[2755 2835 2810 2865 2955 2755 2820 2770] [2120 2065 1955 1820 1755 1670 1585 1715]
[2845 2765 2855 2825 2825 2785 2985 2770] [1820 1725 1695 1620 1515 1645 1500 1525]
[2805 2720 2765 2745 2745 2925 2555 3045] [1895 1705 1745 1620 1665 1565 1615 1535]
[2685 2800 2955 2870 2825 2960 2810 2740] [2110 1945 1760 1775 1715 1725 1790 1785]
[2875 2580 2955 2910 2925 2820 2790 2905] [2310 2250 2050 1950 1965 2005 2110 2290]
[2735 2775 2870 2745 2800 2865 2815 2660] [2845 2680 2585 2670 2520 2560 2645 2805]
[3030 2935 2685 2975 2760 2755 2670 2615] [3215 3205 3320 3315 2925 3080 3135 3290]
[3010 2820 3140 2905 2675 2860 2840 2760] [3505 3305 3125 3245 3210 3105 3245 3400]
COM4 1 40
2
[2755 2835 2810 2865 2955 2755 2820 2770] [1780 1995 1680 1660 1470 1505 1535 1665]
[2845 2765 2855 2825 2825 2785 2985 2770] [1505 1905 1590 1475 1465 1615 1415 1440]
[2805 2720 2765 2745 2745 2925 2555 3045] [1705 1525 1620 1660 1650 1465 1440 1540]
[2685 2800 2955 2870 2825 2960 2810 2740] [1985 2020 1915 1850 1600 1695 1730 1695]
[2875 2580 2955 2910 2925 2820 2790 2905] [2585 2430 2115 2025 2035 2080 2085 2035]
[2735 2775 2870 2745 2800 2865 2815 2660] [3025 2945 2745 2780 2650 2595 2605 2545]
[3030 2935 2685 2975 2760 2755 2670 2615] [2880 3175 3165 3075 2905 2955 3035 3190]
[3010 2820 3140 2905 2675 2860 2840 2760] [3195 3135 3265 3305 3305 3110 3210 3090]
COM6 0 41
2
[3045 2880 2965 2960 3005 2940 3115 3025] [1780 1995 1680 1660 1470 1505 1535 1665]
[3185 3020 3065 3045 3100 3050 2900 2980] [1505 1905 1590 1475 1465 1615 1415 1440]
[2775 3110 2935 2955 2935 2940 3155 2880] [1705 1525 1620 1660 1650 1465 1440 1540]
[3105 3145 3065 3030 3085 2925 3015 2815] [1985 2020 1915 1850 1600 1695 1730 1695]
[3140 2995 3110 2945 3065 2950 3145 3205] [2585 2430 2115 2025 2035 2080 2085 2035]
[2915 2770 3175 3090 3090 3155 3055 2830] [3025 2945 2745 2780 2650 2595 2605 2545]
[3015 3185 2950 3135 3165 3095 3085 3055] [2880 3175 3165 3075 2905 2955 3035 3190]
[3245 3080 3185 3100 3175 3150 3350 3105] [3195 3135 3265 3305 3305 3110 3210 3090]
COM4 1 42
2
[3045 2880 2965 2960 3005 2940 3115 3025] [2075 1855 1820 1750 1755 1645 1560 1670]
[3185 3020 3065 3045 3100 3050 2900 2980] [2030 1840 1770 1605 1670 1625 1625 1525]
[2775 3110 2935 2955 2935 2940 3155 2880] [2180 1790 1740 1680 1680 1610 1720 1635]
[3105 3145 3065 3030 3085 2925 3015 2815] [2560 2320 1980 2000 1935 1740 1860 1870]
[3140 2995 3110 2945 3065 2950 3145 3205] [3000 2605 2580 2325 2310 2265 2320 2330]
[2915 2770 3175 3090 3090 3155 3055 2830] [3220 3250 3120 3050 2825 2745 2860 2775]
[3015 3185 2950 3135 3165 3095 3085 3055] [3375 3520 3250 3375 3330 3120 3335 3310]
[3245 3080 3185 3100 3175 3150 3350 3105] [3335 3465 3430 3430 3225 3205 3320 3330]
COM6 0 43
2
[3090 2970 2995 3135 2935 3075 3095 3100] [2075 1855 1820 1750 1755 1645 1560 1670]
[3070 3195 3050 3085 3065 3050 2925 2900] [2030 1840 1770 1605 1670 1625 1625 1525]
[2920 3005 3100 2970 2925 3020 3105 2915] [2180 1790 1740 1680 1680 1610 1720 1635]
[3105 3060 3130 3100 3120 3155 3235 2845] [2560 2320 1980 2000 1935 1740 1860 1870]
[3170 3210 3125 3190 3195 3225 3240 3170] [3000 2605 2580 2325 2310 2265 2320 2330]
[2940 3240 3255 3285 3095 3175 3015 3195] [3220 3250 3120 3050 2825 2745 2860 2775]
[3305 3205 3140 3035 3035 3090 3055 3080] [3375 3520 3250 3375 3330 3120 3335 3310]
[3160 2925 3245 3160 3045 3065 3295 3065] [3335 3465 3430 3430 3225 3205 3320 3330]
COM4 1 44
2
[3090 2970 2995 3135 2935 3075 3095 3100] [1755 1800 1835 1710 1760 1660 1525 1720]
[3070 3195 3050 3085 3065 3050 2925 2900] [2110 1735 1740 1560 1540 1655 1560 1530]
[2920 3005 3100 2970 2925 3020 3105 2915] [2455 2010 1850 1730 1710 1590 1635 1550]
[3105 3060 3130 3100 3120 3155 3235 2845] [2910 2305 2255 1955 1820 1830 1800 1820]
[3170 3210 3125 3190 3195 3225 3240 3170] [3020 2755 2650 2375 2405 2325 2270 2235]
[2940 3240 3255 3285 3095 3175 3015 3195] [3145 3010 3060 3105 2875 2900 2925 2835]
[3305 3205 3140 3035 3035 3090 3055 3080] [3130 3340 3250 3155 3215 3080 3280 3190]
[3160 2925 3245 3160 3045 3065 3295 3065] [3295 3280 3230 3215 3290 3205 3190 3590]
COM6 0 45
2
[3010 2915 2785 3130 2935 2870 3110 3055] [1755 1800 1835 1710 1760 1660 1525 1720]
[3120 3025 2945 3010 3005 2785 3095 2835] [2110 1735 1740 1560 1540 1655 1560 1530]
[3020 2945 3010 3040 3005 3090 3085 3045] [2455 2010 1850 1730 1710 1590 1635 1550]
[2965 2850 3135 2925 3065 3110 3030 2995] [2910 2305 2255 1955 1820 1830 1800 1820]
[3060 3185 3035 3050 3145 2935 3240 3070] [3020 2755 2650 2375 2405 2325 2270 2235]
[3055 2875 3170 3120 2985 3010 3135 3290] [3145 3010 3060 3105 2875 2900 2925 2835]
[3125 3220 3180 2935 3155 3065 3200 2975] [3130 3340 3250 3155 3215 3080 3280 3190]
[3250 3070 3160 3125 3095 3345 3270 3145] [3295 3280 3230 3215 3290 3205 3190 3590]
COM4 1 46
2
[3010 2915 2785 3130 2935 2870 3110 3055] [1940 1840 1700 1745 1605 1515 1540 1675]
[3120 3025 2945 3010 3005 2785 3095 2835] [1645 1955 1730 1545 1545 1615 1520 1510]
[3020 2945 3010 3040 3005 3090 3085 3045] [2195 2000 1925 1700 1775 1650 1605 1525]
[2965 2850 3135 2925 3065 3110 3030 2995] [2640 2445 2255 2045 1795 1785 1755 1780]
[3060 3185 3035 3050 3145 2935 3240 3070] [2965 2820 2640 2510 2380 2345 2320 2255]
[3055 2875 3170 3120 2985 3010 3135 3290] [2970 3060 2975 3115 2970 2795 3015 2720]
[3125 3220 3180 2935 3155 3065 3200 2975] [3030 3355 3180 3195 3120 3050 3230 3335]
[3250 3070 3160 3125 3095 3345 3270 3145] [3085 3340 3205 3375 3070 3180 3040 3315]
COM6 0 47
2
[3135 2995 3130 3120 3120 3135 3190 3220] [1940 1840 1700 1745 1605 1515 1540 1675]
[3350 3270 3075 3255 3220 3180 3320 3245] [1645 1955 1730 1545 1545 1615 1520 1510]
[3115 3010 3320 3075 3165 3295 3310 3325] [2195 2000 1925 1700 1775 1650 1605 1525]
[3230 3170 3265 3125 3240 3335 3225 3275] [2640 2445 2255 2045 1795 1785 1755 1780]
[3270 3350 3375 3220 3370 3165 3455 3580] [2965 2820 2640 2510 2380 2345 2320 2255]
[3090 3210 3320 3300 3240 3345 3425 3250] [2970 3060 2975 3115 2970 2795 3015 2720]
[3310 3225 3295 3320 3320 3430 3270 3235] [3030 3355 3180 3195 3120 3050 3230 3335]
[3420 3320 3320 3185 3300 3435 3520 3335] [3085 3340 3205 3375 3070 3180 3040 3315]
COM4 1 48
2
[3135 2995 3130 3120 3120 3135 3190 3220] [1730 1560 1425 1290 1390 1345 1275 1485]
[3350 3270 3075 3255 3220 3180 3320 3245] [2100 1510 1490 1310 1330 1375 1325 1285]
[3115 3010 3320 3075 3165 3295 3310 3325] [2505 1945 1685 1580 1560 1360 1405 1355]
[3230 3170 3265 3125 3240 3335 3225 3275] [2980 2555 2085 1915 1750 1760 1660 1675]
[3270 3350 3375 3220 3370 3165 3455 3580] [3065 2865 2745 2510 2405 2180 2300 2095]
[3090 3210 3320 3300 3240 3345 3425 3250] [3220 3265 2985 3000 2870 2705 2860 2710]
[3310 3225 3295 3320 3320 3430 3270 3235] [3115 3190 3180 3305 3005 3135 3315 3330]
[3420 3320 3320 3185 3300 3435 3520 3335] [3215 3400 3350 3105 3050 3110 3025 3145]
COM6 0 49
2
[2775 2570 2620 2710 2655 2610 2850 2845] [1730 1560 1425 1290 1390 1345 1275 1485]
[2830 2820 2890 2745 2835 2760 2810 2720] [2100 1510 1490 1310 1330 1375 1325 1285]
[2610 2685 2905 2730 2635 2670 2805 2695] [2505 1945 1685 1580 1560 1360 1405 1355]
[2850 2735 2780 2705 2785 2755 2690 2550] [2980 2555 2085 1915 1750 1760 1660 1675]
[2790 2850 3120 2755 2915 2800 3015 2640] [3065 2865 2745 2510 2405 2180 2300 2095]
[2910 2775 2900 2820 2635 2815 2775 2590] [3220 3265 2985 3000 2870 2705 2860 2710]
[3165 2810 2740 2980 2695 2870 2790 2795] [3115 3190 3180 3305 3005 3135 3315 3330]
[3105 2775 3115 2770 2925 3005 3035 2685] [3215 3400 3350 3105 3050 3110 3025 3145]
COM4 1 50
2
[2775 2570 2620 2710 2655 2610 2850 2845] [2140 1815 1680 1575 1650 1645 1580 1695]
[2830 2820 2890 2745 2835 2760 2810 2720] [2230 2020 1815 1615 1555 1665 1610 1495]
[2610 2685 2905 2730 2635 2670 2805 2695] [2725 2350 2030 1885 1825 1670 1720 1570]
[2850 2735 2780 2705 2785 2755 2690 2550] [3230 2825 2565 2355 2080 1960 1930 1845]
[2790 2850 3120 2755 2915 2800 3015 2640] [3150 3055 2880 2655 2650 2470 2415 2290]
[2910 2775 2900 2820 2635 2815 2775 2590] [3060 3150 3065 3245 3085 3010 3025 2945]
[3165 2810 2740 2980 2695 2870 2790 2795] [3180 3315 3405 3190 3060 3065 3150 3320]
[3105 2775 3115 2770 2925 3005 3035 2685] [3205 3285 3325 3305 3220 2980 3255 3165]
COM6 0 51
2
[2975 3065 3075 3090 2985 3070 3140 3060] [2140 1815 1680 1575 1650 1645 1580 1695]
[3270 3260 2985 3130 3090 3090 3140 3110] [2230 2020 1815 1615 1555 1665 1610 1495]
[3085 3080 3130 2950 3140 3075 3165 3060] [2725 2350 2030 1885 1825 1670 1720 1570]
[3080 3185 3215 3065 3200 3240 3130 3305] [3230 2825 2565 2355 2080 1960 1930 1845]
[3315 3025 3265 3160 3125 2980 3300 3325] [3150 3055 2880 2655 2650 2470 2415 2290]
[3115 3050 3365 3305 3140 3280 3300 3165] [3060 3150 3065 3245 3085 3010 3025 2945]
[3190 3250 3170 3115 3250 3345 3215 3140] [3180 3315 3405 3190 3060 3065 3150 3320]
[3345 3220 3250 3240 3250 3220 3415 3455] [3205 3285 3325 3305 3220 2980 3255 3165]
COM4 1 52
2
[2975 3065 3075 3090 2985 3070 3140 3060] [2115 1955 1875 1595 1665 1490 1530 1670]
[3270 3260 2985 3130 3090 3090 3140 3110] [2440 2250 1930 1755 1605 1605 1570 1535]
[3085 3080 3130 2950 3140 3075 3165 3060] [2715 2560 2205 1960 1895 1700 1720 1580]
[3080 3185 3215 3065 3200 3240 3130 3305] [3165 2760 2655 2415 2240 2025 2005 1850]
[3315 3025 3265 3160 3125 2980 3300 3325] [3250 3100 3200 3010 2750 2590 2490 2365]
[3115 3050 3365 3305 3140 3280 3300 3165] [3060 3280 3340 3215 3040 3130 3110 3155]
[3190 3250 3170 3115 3250 3345 3215 3140] [3135 3350 3290 3100 2970 3220 3225 3205]
[3345 3220 3250 3240 3250 3220 3415 3455] [3140 3135 3315 3285 3330 3225 3255 3165]
COM6 0 53
2
[3045 2945 2945 2875 2950 2865 3015 2880] [2115 1955 1875 1595 1665 1490 1530 1670]
[2945 3110 2775 3055 3050 3105 2885 2935] [2440 2250 1930 1755 1605 1605 1570 1535]
[2920 2855 3050 3075 2845 3045 2960 3065] [2715 2560 2205 1960 1895 1700 1720 1580]
[2930 2945 3000 3035 3045 3085 2995 2865] [3165 2760 2655 2415 2240 2025 2005 1850]
[3155 3190 2975 2950 3245 3155 3070 3075] [3250 3100 3200 3010 2750 2590 2490 2365]
[2940 3025 3155 3110 2940 3050 3100 3100] [3060 3280 3340 3215 3040 3130 3110 3155]
[3180 3055 3010 2980 3060 2875 2885 3210] [3135 3350 3290 3100 2970 3220 3225 3205]
[3270 3150 3345 3155 2960 2935 3190 3115] [3140 3135 3315 3285 3330 3225 3255 3165]
COM4 1 54
2
[3045 2945 2945 2875 2950 2865 3015 2880] [2875 2440 2050 2040 1910 1920 1645 1795]
[2945 3110 2775 3055 3050 3105 2885 2935] [3195 2755 2480 1980 1905 1935 1720 1585]
[2920 2855 3050 3075 2845 3045 2960 3065] [3445 3235 2840 2385 2315 1945 1960 1695]
[2930 2945 3000 3035 3045 3085 2995 2865] [3585 3555 3335 2820 2630 2360 2360 2145]
[3155 3190 2975 2950 3245 3155 3070 3075] [3615 3560 3550 3205 3405 3065 2955 2780]
[2940 3025 3155 3110 2940 3050 3100 3100] [3750 3510 3515 3685 3345 3295 3540 3235]
[3180 3055 3010 2980 3060 2875 2885 3210] [3535 3700 3630 3630 3460 3360 3365 3665]
[3270 3150 3345 3155 2960 2935 3190 3115] [3725 3800 3650 3775 3595 3660 3575 3540]
COM6 0 55
2
[2950 2975 2975 3025 2990 3060 3020 3115] [2875 2440 2050 2040 1910 1920 1645 1795]
[3290 3170 3040 3210 3080 3020 3195 2910] [3195 2755 2480 1980 1905 1935 1720 1585]
[2865 2925 3080 3160 3020 2945 3145 3135] [3445 3235 2840 2385 2315 1945 1960 1695]
[2935 3135 3130 2970 3210 3110 3085 2905] [3585 3555 3335 2820 2630 2360 2360 2145]
[3230 3010 2935 3005 3135 3030 3205 3060] [3615 3560 3550 3205 3405 3065 2955 2780]
[3005 3290 3125 3075 2840 2925 3115 3000] [3750 3510 3515 3685 3345 3295 3540 3235]
[2910 3110 3105 3130 3040 3105 3110 3150] [3535 3700 3630 3630 3460 3360 3365 3665]
[3175 3160 3090 3170 2935 3095 3160 3290] [3725 3800 3650 3775 3595 3660 3575 3540]
COM4 1 56
2
[2950 2975 2975 3025 2990 3060 3020 3115] [2885 2195 1825 1550 1495 1390 1380 1505]
[3290 3170 3040 3210 3080 3020 3195 2910] [2690 2525 1980 1810 1575 1545 1505 1330]
[2865 2925 3080 3160 3020 2945 3145 3135] [2955 2875 2500 2260 2035 1715 1690 1430]
[2935 3135 3130 2970 3210 3110 3085 2905] [3165 3100 3000 2695 2410 2100 1985 1835]
[3230 3010 2935 3005 3135 3030 3205 3060] [2980 3095 3070 3010 3000 2655 2575 2435]
[3005 3290 3125 3075 2840 2925 3115 3000] [2955 3125 2985 3000 3135 3090 3125 3140]
[2910 3110 3105 3130 3040 3105 3110 3150] [3160 3140 3180 3100 3105 3120 3045 3205]
[3175 3160 3090 3170 2935 3095 3160 3290] [3320 3280 3300 3135 3265 3115 3080 3370]
COM6 0 57
2
[3175 2940 2775 3100 2950 2885 3000 3125] [2885 2195 1825 1550 1495 1390 1380 1505]
[3080 3125 2795 3000 3015 2885 2965 3050] [2690 2525 1980 1810 1575 1545 1505 1330]
[2850 3225 3050 2945 2905 3135 2980 3270] [2955 2875 2500 2260 2035 1715 1690 1430]
[3125 3065 3160 3055 3070 2970 2945 3165] [3165 3100 3000 2695 2410 2100 1985 1835]
[3200 2955 3155 3105 3200 2945 3230 3120] [2980 3095 3070 3010 3000 2655 2575 2435]
[3100 2885 3075 3075 2970 3110 3275 2695] [2955 3125 2985 3000 3135 3090 3125 3140]
[3210 3330 3135 3065 3125 3070 2765 3205] [3160 3140 3180 3100 3105 3120 3045 3205]
[3340 2985 3205 3335 3155 3225 3225 3415] [3320 3280 3300 3135 3265 3115 3080 3370]
COM4 1 58
2
[3175 2940 2775 3100 2950 2885 3000 3125] [2950 2525 2340 1945 1840 1675 1565 1705]
[3080 3125 2795 3000 3015 2885 2965 3050] [3265 3070 2680 2210 1885 1820 1670 1590]
[2850 3225 3050 2945 2905 3135 2980 3270] [3265 3245 3060 2420 2355 1860 1800 1680]
[3125 3065 3160 3055 3070 2970 2945 3165] [3165 3435 3210 3015 2685 2350 2165 1965]
[3200 2955 3155 3105 3200 2945 3230 3120] [3355 3385 3420 3170 3200 2875 2845 2615]
[3100 2885 3075 3075 2970 3110 3275 2695] [3435 3250 3280 3275 3340 3290 3215 3295]
[3210 3330 3135 3065 3125 3070 2765 3205] [3305 3460 3310 3330 3240 3275 3365 3340]
[3340 2985 3205 3335 3155 3225 3225 3415] [3285 3410 3345 3220 3265 3365 3235 3335]
COM6 0 59
2
[3000 2930 2935 3065 3005 3070 3000 3350] [2950 2525 2340 1945 1840 1675 1565 1705]
[3195 3180 2960 3105 3185 3185 3130 3125] [3265 3070 2680 2210 1885 1820 1670 1590]
[2985 3125 2990 3155 3130 3085 3165 3180] [3265 3245 3060 2420 2355 1860 1800 1680]
[3290 3125 3230 3305 3305 3260 3275 3135] [3165 3435 3210 3015 2685 2350 2165 1965]
[3305 3160 3200 3235 3165 3005 3205 3165] [3355 3385 3420 3170 3200 2875 2845 2615]
[3245 3290 3230 3225 2955 3135 3240 3150] [3435 3250 3280 3275 3340 3290 3215 3295]
[3320 3235 2940 3145 2990 3275 3205 3165] [3305 3460 3310 3330 3240 3275 3365 3340]
[3235 3225 3135 3245 3320 3345 3390 3250] [3285 3410 3345 3220 3265 3365 3235 3335]
COM4 1 60
2
[3000 2930 2935 3065 3005 3070 3000 3350] [2825 2655 2035 1775 1565 1425 1485 1595]
[3195 3180 2960 3105 3185 3185 3130 3125] [2990 2830 2575 2155 1750 1615 1455 1475]
[2985 3125 2990 3155 3130 3085 3165 3180] [3035 3060 2845 2480 2300 1755 1685 1620]
[3290 3125 3230 3305 3305 3260 3275 3135] [3225 3215 3055 2985 2645 2100 2140 2045]
[3305 3160 3200 3235 3165 3005 3205 3165] [3105 3095 2985 2920 3035 2745 2690 2595]
[3245 3290 3230 3225 2955 3135 3240 3150] [3130 3110 3000 3375 3085 3070 3160 3335]
[3320 3235 2940 3145 2990 3275 3205 3165] [3175 3295 3310 3360 3115 3135 3135 3295]
[3235 3225 3135 3245 3320 3345 3390 3250] [3160 3135 3225 3215 3205 3055 3310 3115]
COM6 0 61
2
[3010 3040 2945 3070 3020 2895 2980 3095] [2825 2655 2035 1775 1565 1425 1485 1595]
[3110 2910 2905 3100 2955 2900 2960 2750] [2990 2830 2575 2155 1750 1615 1455 1475]
[2805 2935 2835 3035 3035 2920 3180 2835] [3035 3060 2845 2480 2300 1755 1685 1620]
[3110 2925 3080 2950 2995 2985 3010 2920] [3225 3215 3055 2985 2645 2100 2140 2045]
[3110 2955 3090 2960 2980 2895 3030 3080] [3105 3095 2985 2920 3035 2745 2690 2595]
[3130 3025 3165 2950 2810 3015 3020 2930] [3130 3110 3000 3375 3085 3070 3160 3335]
[2970 3190 3055 2970 2915 3030 2960 3050] [3175 3295 3310 3360 3115 3135 3135 3295]
[3105 2955 3115 3105 2945 2955 3130 3085] [3160 3135 3225 3215 3205 3055 3310 3115]
COM4 1 62
2
[3010 3040 2945 3070 3020 2895 2980 3095] [2940 2620 2060 1770 1365 1295 1280 1500]
[3110 2910 2905 3100 2955 2900 2960 2750] [3010 2845 2585 1980 1565 1470 1310 1410]
[2805 2935 2835 3035 3035 2920 3180 2835] [3110 3010 2870 2385 2065 1540 1650 1585]
[3110 2925 3080 2950 2995 2985 3010 2920] [2980 3280 3045 2875 2410 2210 2130 2175]
[3110 2955 3090 2960 2980 2895 3030 3080] [3235 3225 3155 2910 2960 2845 2950 2740]
[3130 3025 3165 2950 2810 3015 3020 2930] [3055 3090 3110 3115 2990 3035 3215 3145]
[2970 3190 3055 2970 2915 3030 2960 3050] [3190 3195 3040 3100 3085 3110 3260 3425]
[3105 2955 3115 3105 2945 2955 3130 3085] [3245 3330 3275 3480 3120 3075 3095 3345]
COM6 0 63
2
[2785 2605 2675 2950 2790 2745 2880 2635] [2940 2620 2060 1770 1365 1295 1280 1500]
[2825 2730 2770 2770 2785 2875 2770 2695] [3010 2845 2585 1980 1565 1470 1310 1410]
[2705 2540 2850 2805 2770 2755 2850 2695] [3110 3010 2870 2385 2065 1540 1650 1585]
[2945 2790 2905 2845 2905 2820 2850 2755] [2980 3280 3045 2875 2410 2210 2130 2175]
[2815 2765 2950 2850 2855 2660 2845 2810] [3235 3225 3155 2910 2960 2845 2950 2740]
[2775 2690 2900 2990 2735 2750 2985 2695] [3055 3090 3110 3115 2990 3035 3215 3145]
[2845 2945 2820 2960 3015 2875 2885 2665] [3190 3195 3040 3100 3085 3110 3260 3425]
[2945 2825 2970 3010 2785 3005 3100 2945] [3245 3330 3275 3480 3120 3075 3095 3345]
COM4 1 64
2
[2785 2605 2675 2950 2790 2745 2880 2635] [3075 2970 2775 2240 1840 1795 1735 1880]
[2825 2730 2770 2770 2785 2875 2770 2695] [2970 3070 2945 2355 2005 1885 1835 1790]
[2705 2540 2850 2805 2770 2755 2850 2695] [3180 3015 3125 2670 2475 2150 2125 2125]
[2945 2790 2905 2845 2905 2820 2850 2755] [3150 3180 3175 2945 2800 2645 2505 2460]
[2815 2765 2950 2850 2855 2660 2845 2810] [3265 3285 3290 2950 3125 3065 3050 3000]
[2775 2690 2900 2990 2735 2750 2985 2695] [3125 3055 3125 3165 3095 3045 3265 3155]
[2845 2945 2820 2960 3015 2875 2885 2665] [3280 3365 3150 3315 3190 3135 3260 3125]
[2945 2825 2970 3010 2785 3005 3100 2945] [3265 3150 3265 3240 3125 3115 3245 3330]
COM6 0 65
2
[2750 2740 2620 2870 2725 2800 2850 2560] [3075 2970 2775 2240 1840 1795 1735 1880]
[3040 2750 2850 2785 2815 2670 2660 2785] [2970 3070 2945 2355 2005 1885 1835 1790]
[2855 2585 2865 2760 2770 2645 2760 2970] [3180 3015 3125 2670 2475 2150 2125 2125]
[2925 2835 2890 2785 2895 2815 2715 2660] [3150 3180 3175 2945 2800 2645 2505 2460]
[2825 2815 2865 2855 2775 2840 2900 2880] [3265 3285 3290 2950 3125 3065 3050 3000]
[2875 2855 3005 2940 2880 3030 2895 2965] [3125 3055 3125 3165 3095 3045 3265 3155]
[2980 3000 2805 2795 2940 2865 2695 2750] [3280 3365 3150 3315 3190 3135 3260 3125]
[3240 2740 2765 2610 2775 2775 2885 2955] [3265 3150 3265 3240 3125 3115 3245 3330]