COM4 1 6
2
[2930 2950 2970 2800 3060 2910 3005 2960] [3145 3215 3175 3315 3155 3070 3190 3150]
[3185 3005 2980 2960 2995 2970 2905 2950] [3175 3235 3185 3180 3040 3045 2920 3105]
[2895 2930 2960 3015 3015 3045 3005 2930] [2940 3065 3255 2995 3425 3070 3110 3155]
[3065 3175 3060 2880 3070 2935 2935 2975] [2990 3245 3235 3225 2975 3235 3200 3155]
[3095 3055 3110 3005 3030 2935 3175 3150] [3170 3155 3045 2910 3050 3215 3285 3325]
[3005 3005 3105 3080 3005 3015 3145 3085] [2830 3135 2975 3260 3275 3195 3280 3345]
[3150 3150 3035 3110 3000 2965 3085 3030] [3145 3250 3305 3380 3310 3200 3245 3325]
[3050 3045 3110 3135 2840 3175 3330 3065] [3215 3145 3140 3370 3105 3160 3320 3065]
COM6 0 7
2
[2890 2895 2985 3005 2980 2915 2940 3005] [3145 3215 3175 3315 3155 3070 3190 3150]
[3155 3015 2940 2970 3000 2985 2950 3000] [3175 3235 3185 3180 3040 3045 2920 3105]
[2890 2855 2900 3040 2945 3090 3040 3020] [2940 3065 3255 2995 3425 3070 3110 3155]
[3020 2945 3205 3000 3045 2925 3030 2925] [2990 3245 3235 3225 2975 3235 3200 3155]
[3200 2910 2970 2950 3095 2970 3110 3195] [3170 3155 3045 2910 3050 3215 3285 3325]
[3170 3050 3110 3195 2890 2995 3050 3025] [2830 3135 2975 3260 3275 3195 3280 3345]
[3070 3165 3105 3095 3055 3080 2855 3055] [3145 3250 3305 3380 3310 3200 3245 3325]
[3195 3110 3060 3120 2990 3165 3055 3165] [3215 3145 3140 3370 3105 3160 3320 3065]
COM4 1 8
2
[2890 2895 2985 3005 2980 2915 2940 3005] [3320 3195 3260 3170 3230 2995 3210 3225]
[3155 3015 2940 2970 3000 2985 2950 3000] [3135 3180 3205 3010 3195 3225 3025 3025]
[2890 2855 2900 3040 2945 3090 3040 3020] [3285 3145 3260 3310 3140 3165 3110 3070]
[3020 2945 3205 3000 3045 2925 3030 2925] [3285 3340 3125 3170 3145 3175 3130 3095]
[3200 2910 2970 2950 3095 2970 3110 3195] [3185 3280 3215 3110 3170 3125 3310 3225]
[3170 3050 3110 3195 2890 2995 3050 3025] [3270 3310 3195 3290 3170 3230 3270 3260]
[3070 3165 3105 3095 3055 3080 2855 3055] [3210 3470 3345 3280 3240 3175 3100 3350]
[3195 3110 3060 3120 2990 3165 3055 3165] [3335 3195 3300 3435 3195 3135 3190 3245]
COM6 0 9
2
[2805 2755 2770 2825 2815 2855 2975 2880] [3320 3195 3260 3170 3230 2995 3210 3225]
[2865 2895 2790 2855 2850 2820 2930 2915] [3135 3180 3205 3010 3195 3225 3025 3025]
[2870 2935 2845 2920 2740 2885 2860 2995] [3285 3145 3260 3310 3140 3165 3110 3070]
[2875 2810 3080 2665 2950 2800 2865 2865] [3285 3340 3125 3170 3145 3175 3130 3095]
[3015 2875 2915 2810 3010 2960 2920 2805] [3185 3280 3215 3110 3170 3125 3310 3225]
[2975 2935 3095 3000 2925 2940 3035 2950] [3270 3310 3195 3290 3170 3230 3270 3260]
[2945 2950 2875 3110 3105 2985 2910 2935] [3210 3470 3345 3280 3240 3175 3100 3350]
[2980 2715 2985 2925 2965 3125 3190 3010] [3335 3195 3300 3435 3195 3135 3190 3245]
COM4 1 10
2
[2805 2755 2770 2825 2815 2855 2975 2880] [3105 3170 3125 2995 3180 2955 2915 3065]
[2865 2895 2790 2855 2850 2820 2930 2915] [3080 3070 3140 2965 2965 3015 2840 2770]
[2870 2935 2845 2920 2740 2885 2860 2995] [3035 3080 3160 3065 3155 3110 2770 2660]
[2875 2810 3080 2665 2950 2800 2865 2865] [3110 3035 3210 3120 3095 3095 2885 2615]
[3015 2875 2915 2810 3010 2960 2920 2805] [3305 3370 3125 2915 3115 3040 3090 2865]
[2975 2935 3095 3000 2925 2940 3035 2950] [3020 3225 3095 3210 3100 3275 3125 2665]
[2945 2950 2875 3110 3105 2985 2910 2935] [3130 3335 3255 3180 3090 3075 3165 2835]
[2980 2715 2985 2925 2965 3125 3190 3010] [3370 3315 3310 3415 3055 3250 2995 2650]
COM6 0 11
2
[2775 2830 2755 2720 2545 2290 2000 1485] [3105 3170 3125 2995 3180 2955 2915 3065]
[2880 2975 2725 2575 2065 1625 1210 1015] [3080 3070 3140 2965 2965 3015 2840 2770]
[2715 2735 2600 2255 1605 1170  855  635] [3035 3080 3160 3065 3155 3110 2770 2660]
[2780 2780 2550 1955 1440  930  655  560] [3110 3035 3210 3120 3095 3095 2885 2615]
[2970 2725 2450 1955 1490  920  695  555] [3305 3370 3125 2915 3115 3040 3090 2865]
[2970 2950 2610 2195 1455 1135  700  660] [3020 3225 3095 3210 3100 3275 3125 2665]
[3025 2940 2710 2370 1700 1380 1135  825] [3130 3335 3255 3180 3090 3075 3165 2835]
[3025 3050 2695 2630 2335 2190 1860 1790] [3370 3315 3310 3415 3055 3250 2995 2650]
COM4 1 12
2
[2775 2830 2755 2720 2545 2290 2000 1485] [2885 2655 2000 1590 1210 1240 1385 1765]
[2880 2975 2725 2575 2065 1625 1210 1015] [2900 2850 2070 1665 1200 1185 1085 1285]
[2715 2735 2600 2255 1605 1170  855  635] [3145 2905 2505 1700 1505 1055 1000 1125]
[2780 2780 2550 1955 1440  930  655  560] [2905 2800 2530 1835 1375 1190 1090 1065]
[2970 2725 2450 1955 1490  920  695  555] [2860 2740 2305 1565 1405 1270 1185 1195]
[2970 2950 2610 2195 1455 1135  700  660] [2655 2190 1740 1660 1385 1245 1280 1210]
[3025 2940 2710 2370 1700 1380 1135  825] [2415 2105 1555 1300 1265 1190 1250 1245]
[3025 3050 2695 2630 2335 2190 1860 1790] [2570 1900 1510 1360 1310 1170 1270 1265]
COM6 0 13
2
[2640 2545 1880 1170  930  830  745  785] [2885 2655 2000 1590 1210 1240 1385 1765]
[2590 2450 1615 1100  885  810  830  790] [2900 2850 2070 1665 1200 1185 1085 1285]
[1885 1765 1340  930  775  815  865  840] [3145 2905 2505 1700 1505 1055 1000 1125]
[1410 1280 1135  885  820  705  855  865] [2905 2800 2530 1835 1375 1190 1090 1065]
[1075 1025 1010  855  795  740  875  735] [2860 2740 2305 1565 1405 1270 1185 1195]
[ 935 1000 1030  895  740  810  910  795] [2655 2190 1740 1660 1385 1245 1280 1210]
[ 990 1025  895  695  800  815  770 1045] [2415 2105 1555 1300 1265 1190 1250 1245]
[1020  850  685  900  765 1000 1415 1500] [2570 1900 1510 1360 1310 1170 1270 1265]
COM4 1 14
2
[2640 2545 1880 1170  930  830  745  785] [2160 1530 1235 1210 1420 1600 1890 2295]
[2590 2450 1615 1100  885  810  830  790] [2175 1545 1255 1145 1185 1370 1475 1570]
[1885 1765 1340  930  775  815  865  840] [1915 1575 1310 1160 1245 1235 1340 1310]
[1410 1280 1135  885  820  705  855  865] [1560 1445 1340 1190 1150 1140 1270 1215]
[1075 1025 1010  855  795  740  875  735] [1350 1220 1355 1130 1110 1140 1265 1390]
[ 935 1000 1030  895  740  810  910  795] [1145 1425 1380 1290 1240 1320 1360 1345]
[ 990 1025  895  695  800  815  770 1045] [1595 1645 1460 1490 1480 1475 1430 1520]
[1020  850  685  900  765 1000 1415 1500] [1855 1820 1820 1820 1610 1590 1670 1575]
COM6 0 15
2
[2725 1945 1285 1005  825  760  805  730] [2160 1530 1235 1210 1420 1600 1890 2295]
[2685 1800 1020  800  880  750  830  825] [2175 1545 1255 1145 1185 1370 1475 1570]
[1885 1430 1095  840  760  855  830 1040] [1915 1575 1310 1160 1245 1235 1340 1310]
[1455 1170 1030  760  795  735  910 1105] [1560 1445 1340 1190 1150 1140 1270 1215]
[1315  995 1000  825 1000  740 1125 1275] [1350 1220 1355 1130 1110 1140 1265 1390]
[1060 1070 1235 1070 1050 1180 1405 1345] [1145 1425 1380 1290 1240 1320 1360 1345]
[1125 1000 1260 1290 1205 1580 1810 1890] [1595 1645 1460 1490 1480 1475 1430 1520]
[1230 1365 1335 1620 1650 2145 2655 2935] [1855 1820 1820 1820 1610 1590 1670 1575]
COM4 1 16
2
[2725 1945 1285 1005  825  760  805  730] [ 970 1020 1110 1155 1500 1545 1815 2080]
[2685 1800 1020  800  880  750  830  825] [ 965  970 1055 1140 1135 1230 1360 1470]
[1885 1430 1095  840  760  855  830 1040] [1035  995 1025 1055 1175 1155 1210 1170]
[1455 1170 1030  760  795  735  910 1105] [ 980 1085 1085 1115 1125 1110 1160 1125]
[1315  995 1000  825 1000  740 1125 1275] [1080 1110 1140 1045 1170 1215 1225 1135]
[1060 1070 1235 1070 1050 1180 1405 1345] [1040 1220 1230 1260 1295 1180 1225 1385]
[1125 1000 1260 1290 1205 1580 1810 1890] [1790 1830 1665 1540 1430 1345 1430 1425]
[1230 1365 1335 1620 1650 2145 2655 2935] [2520 2085 2220 2570 2190 1800 1745 1805]
COM6 0 17
2
[1390  860  705  735  875  865  955  890] [ 970 1020 1110 1155 1500 1545 1815 2080]
[1280  850  865  870  890  930  990  855] [ 965  970 1055 1140 1135 1230 1360 1470]
[865 850 755 820 870 915 985 965] [1035  995 1025 1055 1175 1155 1210 1170]
[1125  895  975  955 1000 1010 1015 1040] [ 980 1085 1085 1115 1125 1110 1160 1125]
[1170 1140 1055 1075 1140 1195 1455 1685] [1080 1110 1140 1045 1170 1215 1225 1135]
[ 990 1120 1090 1335 1345 1800 1840 2010] [1040 1220 1230 1260 1295 1180 1225 1385]
[ 870 1005 1465 1600 2010 2065 2385 2445] [1790 1830 1665 1540 1430 1345 1430 1425]
[1435 1760 1905 2355 2385 2515 2705 2800] [2520 2085 2220 2570 2190 1800 1745 1805]
COM4 1 18
2
[1390  860  705  735  875  865  955  890] [1025 1090 1170 1220 1415 1675 1825 1895]
[1280  850  865  870  890  930  990  855] [ 890  965 1135 1075 1150 1305 1455 1480]
[865 850 755 820 870 915 985 965] [1020 1005 1040 1085 1135 1205 1230 1170]
[1125  895  975  955 1000 1010 1015 1040] [1135 1130 1090 1075 1065 1115 1165 1230]
[1170 1140 1055 1075 1140 1195 1455 1685] [ 960 1110 1125  990 1035 1015 1175 1355]
[ 990 1120 1090 1335 1345 1800 1840 2010] [1110 1230 1145 1275 1105 1240 1280 1290]
[ 870 1005 1465 1600 2010 2065 2385 2445] [1770 1955 1535 1570 1420 1500 1545 1675]
[1435 1760 1905 2355 2385 2515 2705 2800] [2575 2455 2505 2100 1865 1935 2060 2405]
COM6 0 19
2
[805 865 800 815 840 905 890 900] [1025 1090 1170 1220 1415 1675 1825 1895]
[1035 1080  990 1025  930  845  930  835] [ 890  965 1135 1075 1150 1305 1455 1480]
[ 960 1090 1025  960  780  725  975 1015] [1020 1005 1040 1085 1135 1205 1230 1170]
[1060  935  970  780  890  835  970 1235] [1135 1130 1090 1075 1065 1115 1165 1230]
[1345 1135 1180  990 1055 1040 1425 1795] [ 960 1110 1125  990 1035 1015 1175 1355]
[1830 1690 1945 1730 1605 1700 2155 2470] [1110 1230 1145 1275 1105 1240 1280 1290]
[2090 2735 2405 2790 2670 2625 2605 2955] [1770 1955 1535 1570 1420 1500 1545 1675]
[2515 2850 3110 2790 3045 2870 3215 2895] [2575 2455 2505 2100 1865 1935 2060 2405]
COM4 1 20
2
[805 865 800 815 840 905 890 900] [1610 1650 1760 1855 2100 2275 2385 2400]
[1035 1080  990 1025  930  845  930  835] [1550 1500 1550 1490 1480 1755 1880 1905]
[ 960 1090 1025  960  780  725  975 1015] [1535 1490 1490 1470 1550 1565 1785 1665]
[1060  935  970  780  890  835  970 1235] [1445 1480 1490 1460 1540 1540 1660 1745]
[1345 1135 1180  990 1055 1040 1425 1795] [1445 1475 1535 1405 1515 1510 1705 1845]
[1830 1690 1945 1730 1605 1700 2155 2470] [1520 1605 1745 1735 1680 1735 1765 2135]
[2090 2735 2405 2790 2670 2625 2605 2955] [1925 2125 2120 2040 2145 2155 2370 2765]
[2515 2850 3110 2790 3045 2870 3215 2895] [2775 2775 2670 2850 2895 2765 3010 2940]
COM6 0 21
2
[ 785  790  755  745  845  915 1120 1310] [1610 1650 1760 1855 2100 2275 2385 2400]
[ 915  920  825  890  980 1125 1310 1635] [1550 1500 1550 1490 1480 1755 1880 1905]
[1060 1130 1160 1150 1240 1375 1700 2130] [1535 1490 1490 1470 1550 1565 1785 1665]
[1800 1555 1535 1490 1685 1915 2270 2575] [1445 1480 1490 1460 1540 1540 1660 1745]
[2565 2220 2115 2170 2395 2490 2850 2700] [1445 1475 1535 1405 1515 1510 1705 1845]
[2900 2720 2675 2560 2655 2685 2735 2950] [1520 1605 1745 1735 1680 1735 1765 2135]
[2685 2860 2585 2880 2715 2890 2790 3075] [1925 2125 2120 2040 2145 2155 2370 2765]
[2850 2905 2705 2725 2965 2905 2925 2740] [2775 2775 2670 2850 2895 2765 3010 2940]
COM4 1 22
2
[ 785  790  755  745  845  915 1120 1310] [2035 2400 2740 2830 3035 2965 2995 3145]
[ 915  920  825  890  980 1125 1310 1635] [2410 2740 2860 3010 3000 3110 3020 3100]
[1060 1130 1160 1150 1240 1375 1700 2130] [2925 2915 3000 3000 3085 2995 3080 3050]
[1800 1555 1535 1490 1685 1915 2270 2575] [3030 3235 3105 3095 3090 3085 3180 2995]
[2565 2220 2115 2170 2395 2490 2850 2700] [3085 3170 3195 3015 3120 3125 3160 3230]
[2900 2720 2675 2560 2655 2685 2735 2950] [3105 3110 3110 3255 3155 3175 3165 3245]
[2685 2860 2585 2880 2715 2890 2790 3075] [3210 3185 3305 3185 3205 3155 3185 3180]
[2850 2905 2705 2725 2965 2905 2925 2740] [3285 3355 3340 3225 3170 3230 3225 3310]
COM6 0 23
2
[1070 1080 1160 1455 1700 2245 2515 2740] [2035 2400 2740 2830 3035 2965 2995 3145]
[1620 1585 1800 1850 2310 2640 2730 2745] [2410 2740 2860 3010 3000 3110 3020 3100]
[2230 2280 2340 2470 2530 2905 2940 2905] [2925 2915 3000 3000 3085 2995 3080 3050]
[2760 2915 2935 2735 2860 2930 2965 2875] [3030 3235 3105 3095 3090 3085 3180 2995]
[2945 2840 2925 2885 3045 2765 2995 3000] [3085 3170 3195 3015 3120 3125 3160 3230]
[3000 2805 3005 2920 2720 2935 3060 2920] [3105 3110 3110 3255 3155 3175 3165 3245]
[2995 2720 2775 2940 2970 2940 2905 2795] [3210 3185 3305 3185 3205 3155 3185 3180]
[3195 3025 2960 3030 2825 2795 3055 2755] [3285 3355 3340 3225 3170 3230 3225 3310]
COM4 1 24
2
[1070 1080 1160 1455 1700 2245 2515 2740] [2975 3110 3095 3145 3150 2995 3000 2980]
[1620 1585 1800 1850 2310 2640 2730 2745] [2895 3045 3130 2855 2975 3100 3020 2980]
[2230 2280 2340 2470 2530 2905 2940 2905] [3005 3135 3125 2955 3005 2995 2985 2925]
[2760 2915 2935 2735 2860 2930 2965 2875] [3035 2980 3130 3030 3055 2945 2995 3020]
[2945 2840 2925 2885 3045 2765 2995 3000] [3065 3190 3025 2960 3030 3075 3095 3040]
[3000 2805 3005 2920 2720 2935 3060 2920] [3125 3015 2875 3120 3005 2975 3075 3015]
[2995 2720 2775 2940 2970 2940 2905 2795] [3045 3015 3180 3070 3090 3165 3215 3140]
[3195 3025 2960 3030 2825 2795 3055 2755] [3160 3180 3080 3300 3155 3075 3070 3275]
COM6 0 25
2
[2055 2265 2315 2750 2690 2895 2950 3180] [2975 3110 3095 3145 3150 2995 3000 2980]
[2785 2870 3000 2865 2975 2935 3170 2990] [2895 3045 3130 2855 2975 3100 3020 2980]
[2850 2855 2860 2960 3015 3085 3020 3075] [3005 3135 3125 2955 3005 2995 2985 2925]
[3230 3080 3200 2880 3175 3000 3125 2995] [3035 2980 3130 3030 3055 2945 2995 3020]
[2945 2910 2875 3015 3225 2980 3085 3000] [3065 3190 3025 2960 3030 3075 3095 3040]
[2945 2980 3260 3095 2920 3215 3145 3010] [3125 3015 2875 3120 3005 2975 3075 3015]
[2980 3035 3070 3240 3175 3215 3150 3005] [3045 3015 3180 3070 3090 3165 3215 3140]
[3200 3150 3365 3190 3145 2895 3295 3120] [3160 3180 3080 3300 3155 3075 3070 3275]
COM4 1 26
2
[2055 2265 2315 2750 2690 2895 2950 3180] [3420 3535 3610 3395 3295 3340 3240 3195]
[2785 2870 3000 2865 2975 2935 3170 2990] [3285 3455 3565 3265 3350 3350 3310 3085]
[2850 2855 2860 2960 3015 3085 3020 3075] [3455 3535 3435 3180 3365 3265 3350 3235]
[3230 3080 3200 2880 3175 3000 3125 2995] [3455 3425 3415 3305 3420 3305 3390 3270]
[2945 2910 2875 3015 3225 2980 3085 3000] [3435 3560 3475 3335 3380 3355 3400 3330]
[2945 2980 3260 3095 2920 3215 3145 3010] [3345 3430 3415 3445 3410 3335 3335 3275]
[2980 3035 3070 3240 3175 3215 3150 3005] [3505 3470 3660 3335 3170 3305 3310 3495]
[3200 3150 3365 3190 3145 2895 3295 3120] [3755 3610 3500 3365 3395 3405 3350 3545]
COM6 0 27
2
[1320 1320 1720 1945 2250 2420 2560 2900] [3420 3535 3610 3395 3295 3340 3240 3195]
[2430 2460 2545 2550 2715 2705 2820 2715] [3285 3455 3565 3265 3350 3350 3310 3085]
[2615 2565 2800 2650 2670 2685 2810 2765] [3455 3535 3435 3180 3365 3265 3350 3235]
[2900 2620 2955 2900 3085 2935 3010 2975] [3455 3425 3415 3305 3420 3305 3390 3270]
[2595 2845 2925 2875 2875 2885 2960 3165] [3435 3560 3475 3335 3380 3355 3400 3330]
[3005 2970 2870 2975 2715 3125 2910 2900] [3345 3430 3415 3445 3410 3335 3335 3275]
[2700 3015 2905 2915 2815 3080 2905 2975] [3505 3470 3660 3335 3170 3305 3310 3495]
[3205 2900 3155 2735 3090 3035 3150 2855] [3755 3610 3500 3365 3395 3405 3350 3545]
COM4 1 28
2
[1320 1320 1720 1945 2250 2420 2560 2900] [2845 2840 2880 2905 3080 2945 3015 3120]
[2430 2460 2545 2550 2715 2705 2820 2715] [2915 2875 2960 2855 2950 2945 3025 2805]
[2615 2565 2800 2650 2670 2685 2810 2765] [2910 2930 3120 2855 3005 2940 3055 2880]
[2900 2620 2955 2900 3085 2935 3010 2975] [3085 2900 3065 3020 2895 2975 2940 2900]
[2595 2845 2925 2875 2875 2885 2960 3165] [3085 3000 3095 2970 3040 2995 3125 3145]
[3005 2970 2870 2975 2715 3125 2910 2900] [2740 3055 3010 3145 3045 3130 3295 3090]
[2700 3015 2905 2915 2815 3080 2905 2975] [3025 3315 3125 3200 3040 3200 3065 3200]
[3205 2900 3155 2735 3090 3035 3150 2855] [3035 3125 3135 3050 3095 3145 3065 3095]
COM6 0 29
2
[1365 1475 1835 2190 2230 2290 2535 2580] [2845 2840 2880 2905 3080 2945 3015 3120]
[2440 2680 2645 2760 2745 2555 2775 2570] [2915 2875 2960 2855 2950 2945 3025 2805]
[2530 2685 2815 2850 2760 2885 2690 2905] [2910 2930 3120 2855 3005 2940 3055 2880]
[2790 2790 2700 2655 2780 2845 2890 2775] [3085 2900 3065 3020 2895 2975 2940 2900]
[2940 2970 2915 2770 2835 2820 2820 3050] [3085 3000 3095 2970 3040 2995 3125 3145]
[2960 3085 2880 2985 2995 2895 3140 2900] [2740 3055 3010 3145 3045 3130 3295 3090]
[2730 2910 3005 3125 2720 2775 2905 2715] [3025 3315 3125 3200 3040 3200 3065 3200]
[2870 2875 3045 2850 2940 2875 3360 3055] [3035 3125 3135 3050 3095 3145 3065 3095]
COM4 1 30
2
[1365 1475 1835 2190 2230 2290 2535 2580] [3160 3075 3240 2980 3175 3150 3235 3145]
[2440 2680 2645 2760 2745 2555 2775 2570] [2955 3205 3115 3035 3025 3115 2925 3155]
[2530 2685 2815 2850 2760 2885 2690 2905] [3130 3075 3130 3085 3145 3045 3125 3055]
[2790 2790 2700 2655 2780 2845 2890 2775] [3230 2900 3270 2975 3095 3035 3200 3035]
[2940 2970 2915 2770 2835 2820 2820 3050] [3195 3200 3140 3175 3170 3230 3105 3190]
[2960 3085 2880 2985 2995 2895 3140 2900] [2985 3190 3200 3245 3090 3275 3240 3330]
[2730 2910 3005 3125 2720 2775 2905 2715] [3175 3290 3315 3290 3130 3275 3200 3315]
[2870 2875 3045 2850 2940 2875 3360 3055] [3165 3260 3355 3340 3130 3325 3150 3165]
COM6 0 31
2
[1695 1700 2060 2360 2580 2625 2940 2780] [3160 3075 3240 2980 3175 3150 3235 3145]
[2595 2885 2580 3065 2825 2975 2960 3000] [2955 3205 3115 3035 3025 3115 2925 3155]
[2750 2910 3005 2955 3015 3010 3155 2965] [3130 3075 3130 3085 3145 3045 3125 3055]
[2800 3050 2885 2950 2935 3035 3200 2960] [3230 2900 3270 2975 3095 3035 3200 3035]
[2990 3145 2990 2940 3010 2975 2855 3135] [3195 3200 3140 3175 3170 3230 3105 3190]
[2895 3175 3125 2920 2920 3130 3350 3120] [2985 3190 3200 3245 3090 3275 3240 3330]
[3170 3075 3055 3070 2970 3295 2730 2940] [3175 3290 3315 3290 3130 3275 3200 3315]
[3135 2985 3060 3055 3090 3140 3215 3125] [3165 3260 3355 3340 3130 3325 3150 3165]
COM4 1 32
2
[1695 1700 2060 2360 2580 2625 2940 2780] [2910 2950 3045 3010 3020 3050 3005 3145]
[2595 2885 2580 3065 2825 2975 2960 3000] [2965 3165 3100 2965 3000 3110 2915 2995]
[2750 2910 3005 2955 3015 3010 3155 2965] [3040 2990 3075 2860 3150 3060 2985 3065]
[2800 3050 2885 2950 2935 3035 3200 2960] [2950 2975 3205 3020 2970 2865 2985 2935]
[2990 3145 2990 2940 3010 2975 2855 3135] [3215 3275 2975 3060 2990 3035 3220 3180]
[2895 3175 3125 2920 2920 3130 3350 3120] [3180 3140 3135 3145 3145 3090 3145 3215]
[3170 3075 3055 3070 2970 3295 2730 2940] [3195 3345 3335 3130 3085 3120 3265 3260]
[3135 2985 3060 3055 3090 3140 3215 3125] [3190 3020 3190 3295 3405 3055 3050 3300]
COM6 0 33
2
[1730 2050 2335 2510 2550 2690 2760 2825] [2910 2950 3045 3010 3020 3050 3005 3145]
[2615 2745 2700 2720 2955 2655 2900 2910] [2965 3165 3100 2965 3000 3110 2915 2995]
[2645 2825 2825 2800 2870 2820 2795 2935] [3040 2990 3075 2860 3150 3060 2985 3065]
[2710 2850 2855 2905 3070 2905 2900 2750] [2950 2975 3205 3020 2970 2865 2985 2935]
[2860 2840 3030 2950 3015 2845 2955 3135] [3215 3275 2975 3060 2990 3035 3220 3180]
[2810 2855 3015 3110 2675 3025 3170 2890] [3180 3140 3135 3145 3145 3090 3145 3215]
[2980 2925 2940 2965 2850 3065 3015 2940] [3195 3345 3335 3130 3085 3120 3265 3260]
[2880 3000 3150 2740 2915 3020 3140 2990] [3190 3020 3190 3295 3405 3055 3050 3300]
COM4 1 34
2
[1730 2050 2335 2510 2550 2690 2760 2825] [3200 3360 3230 3225 3265 3170 3245 3220]
[2615 2745 2700 2720 2955 2655 2900 2910] [3255 3210 3320 3130 3175 3285 3100 3035]
[2645 2825 2825 2800 2870 2820 2795 2935] [3160 3430 3285 3245 3360 3135 3215 3185]
[2710 2850 2855 2905 3070 2905 2900 2750] [3295 3520 3290 3265 3205 3315 3325 3165]
[2860 2840 3030 2950 3015 2845 2955 3135] [3305 3455 3255 3075 3250 3180 3270 3275]
[2810 2855 3015 3110 2675 3025 3170 2890] [3105 3370 3365 3335 3315 3280 3365 3375]
[2980 2925 2940 2965 2850 3065 3015 2940] [3350 3465 3385 3345 3210 3330 3355 3390]
[2880 3000 3150 2740 2915 3020 3140 2990] [3405 3365 3365 3340 3295 3405 3385 3605]
COM6 0 35
2
[1860 1845 2250 2200 2300 2280 2310 2055] [3200 3360 3230 3225 3265 3170 3245 3220]
[2220 2285 2205 2330 2265 2150 2190 2240] [3255 3210 3320 3130 3175 3285 3100 3035]
[2180 2235 2415 2240 2265 2370 2295 2230] [3160 3430 3285 3245 3360 3135 3215 3185]
[2205 2350 2375 2265 2525 2350 2210 2300] [3295 3520 3290 3265 3205 3315 3325 3165]
[2425 2430 2320 2200 2430 2180 2330 2210] [3305 3455 3255 3075 3250 3180 3270 3275]
[2325 2355 2350 2245 2370 2280 2330 2280] [3105 3370 3365 3335 3315 3280 3365 3375]
[2250 2335 2245 2240 2230 2415 2310 2430] [3350 3465 3385 3345 3210 3330 3355 3390]
[2550 2540 2165 2285 2150 2325 2355 2120] [3405 3365 3365 3340 3295 3405 3385 3605]
COM4 1 36
2
[1860 1845 2250 2200 2300 2280 2310 2055] [2865 2980 2955 2865 2905 2965 2910 3095]
[2220 2285 2205 2330 2265 2150 2190 2240] [2910 2935 3020 2910 2890 3030 2925 2865]
[2180 2235 2415 2240 2265 2370 2295 2230] [2990 2815 2925 2960 3130 2900 3095 2935]
[2205 2350 2375 2265 2525 2350 2210 2300] [2965 2900 3050 2970 2940 2985 2870 2995]
[2425 2430 2320 2200 2430 2180 2330 2210] [2950 3135 3170 2935 3065 2935 3110 3010]
[2325 2355 2350 2245 2370 2280 2330 2280] [2830 2950 2905 3125 3125 2985 3025 3040]
[2250 2335 2245 2240 2230 2415 2310 2430] [3130 3245 3105 3050 3125 3125 3095 3190]
[2550 2540 2165 2285 2150 2325 2355 2120] [3075 3110 3050 3440 3205 3055 3145 3125]
COM6 0 37
2
[2330 2515 2535 2765 2765 2725 2955 2915] [2865 2980 2955 2865 2905 2965 2910 3095]
[2865 2855 2825 2815 2805 2895 2985 2740] [2910 2935 3020 2910 2890 3030 2925 2865]
[2895 2665 2895 2930 2780 2950 2960 3000] [2990 2815 2925 2960 3130 2900 3095 2935]
[2730 2835 2875 3010 3115 2945 2995 2865] [2965 2900 3050 2970 2940 2985 2870 2995]
[2865 3120 2975 2815 2925 3050 3160 3200] [2950 3135 3170 2935 3065 2935 3110 3010]
[3065 2915 3015 3120 2745 2955 3035 2865] [2830 2950 2905 3125 3125 2985 3025 3040]
[2795 2975 2820 3170 3155 3030 2820 3095] [3130 3245 3105 3050 3125 3125 3095 3190]
[3200 3120 3165 3035 2935 3050 3125 2860] [3075 3110 3050 3440 3205 3055 3145 3125]
COM4 1 38
2
[2330 2515 2535 2765 2765 2725 2955 2915] [3445 3150 3400 3295 3180 3175 3060 3210]
[2865 2855 2825 2815 2805 2895 2985 2740] [3270 3345 3345 3345 3170 3190 3175 3160]
[2895 2665 2895 2930 2780 2950 2960 3000] [3245 3275 3295 3145 3325 3230 3320 3195]
[2730 2835 2875 3010 3115 2945 2995 2865] [3485 3425 3405 3155 3300 3215 3340 3100]
[2865 3120 2975 2815 2925 3050 3160 3200] [3145 3395 3340 3135 3240 3210 3335 3280]
[3065 2915 3015 3120 2745 2955 3035 2865] [3160 3290 3335 3470 3375 3355 3385 3175]
[2795 2975 2820 3170 3155 3030 2820 3095] [3400 3465 3435 3355 3350 3330 3185 3275]
[3200 3120 3165 3035 2935 3050 3125 2860] [3500 3400 3325 3540 3420 3300 3440 3325]
COM6 0 39
2
[2375 2485 2635 2665 2710 2695 2965 2610] [3445 3150 3400 3295 3180 3175 3060 3210]
[2645 2795 2610 2795 2825 2745 2865 3050] [3270 3345 3345 3345 3170 3190 3175 3160]
[2765 2770 2880 2855 2950 2875 2825 2870] [3245 3275 3295 3145 3325 3230 3320 3195]
[2785 2800 2865 2745 2950 2975 3005 2860] [3485 3425 3405 3155 3300 3215 3340 3100]
[3085 2880 2860 2970 2805 2935 3035 2950] [3145 3395 3340 3135 3240 3210 3335 3280]
[2825 3050 3105 2940 2935 3080 2910 2870] [3160 3290 3335 3470 3375 3355 3385 3175]
[2850 2945 3015 2915 2900 3125 3010 3015] [3400 3465 3435 3355 3350 3330 3185 3275]
[2875 2985 3190 3000 2905 2850 3215 3045] [3500 3400 3325 3540 3420 3300 3440 3325]
COM4 1 40
2
[2375 2485 2635 2665 2710 2695 2965 2610] [3035 3005 3125 3035 3000 3145 3140 3055]
[2645 2795 2610 2795 2825 2745 2865 3050] [3090 3035 3190 3010 2990 3170 3095 3035]
[2765 2770 2880 2855 2950 2875 2825 2870] [3275 3185 3110 3035 3175 3040 3175 3095]
[2785 2800 2865 2745 2950 2975 3005 2860] [3160 3055 3110 3090 3145 3145 3075 3120]
[3085 2880 2860 2970 2805 2935 3035 2950] [3145 3195 3305 2995 3110 3210 3225 3140]
[2825 3050 3105 2940 2935 3080 2910 2870] [3040 3195 3155 3245 3105 3145 3240 3160]
[2850 2945 3015 2915 2900 3125 3010 3015] [3230 3295 3250 3100 3165 3070 3170 3345]
[2875 2985 3190 3000 2905 2850 3215 3045] [3420 3145 3245 3340 3235 3195 3065 3375]
COM6 0 41
2
[2335 2325 2650 2550 2575 2550 2565 2550] [3035 3005 3125 3035 3000 3145 3140 3055]
[2595 2675 2545 2635 2725 2580 2475 2570] [3090 3035 3190 3010 2990 3170 3095 3035]
[2450 2645 2865 2700 2635 2675 2590 2640] [3275 3185 3110 3035 3175 3040 3175 3095]
[2915 2595 2655 2740 2770 2790 2880 2610] [3160 3055 3110 3090 3145 3145 3075 3120]
[2565 2660 2755 2790 2805 2465 2835 2590] [3145 3195 3305 2995 3110 3210 3225 3140]
[2605 2765 2665 2825 2835 2555 2640 2580] [3040 3195 3155 3245 3105 3145 3240 3160]
[2610 2860 2510 2645 2405 2580 2515 2880] [3230 3295 3250 3100 3165 3070 3170 3345]
[2950 2640 2640 2590 2840 2675 2705 2535] [3420 3145 3245 3340 3235 3195 3065 3375]
COM4 1 42
2
[2335 2325 2650 2550 2575 2550 2565 2550] [3085 3105 3240 3100 3235 2950 3085 3195]
[2595 2675 2545 2635 2725 2580 2475 2570] [3230 3125 3150 2985 3130 3125 2975 3075]
[2450 2645 2865 2700 2635 2675 2590 2640] [3045 3190 3110 3120 3140 3015 3060 3080]
[2915 2595 2655 2740 2770 2790 2880 2610] [3100 3210 3160 3110 3195 3150 3140 3030]
[2565 2660 2755 2790 2805 2465 2835 2590] [3250 3230 3240 3045 3070 3165 3145 3250]
[2605 2765 2665 2825 2835 2555 2640 2580] [3125 3180 3160 3275 3150 3300 3230 3170]
[2610 2860 2510 2645 2405 2580 2515 2880] [3225 3320 3125 3230 3155 3265 3225 3250]
[2950 2640 2640 2590 2840 2675 2705 2535] [3235 3145 3245 3355 3270 3145 3100 3260]
COM6 0 43
2
[2560 2715 2860 2975 2840 2840 3005 3020] [3085 3105 3240 3100 3235 2950 3085 3195]
[2765 2895 2895 3125 2775 2865 3165 2930] [3230 3125 3150 2985 3130 3125 2975 3075]
[2765 2815 2910 3040 3145 3000 3055 2965] [3045 3190 3110 3120 3140 3015 3060 3080]
[3285 2885 3055 3055 3090 2885 3060 2945] [3100 3210 3160 3110 3195 3150 3140 3030]
[3065 3140 3185 2990 3275 2830 3035 2915] [3250 3230 3240 3045 3070 3165 3145 3250]
[3235 3060 3270 3200 3225 3130 3160 3110] [3125 3180 3160 3275 3150 3300 3230 3170]
[2920 3000 3235 3165 2935 3145 3065 3140] [3225 3320 3125 3230 3155 3265 3225 3250]
[3325 3145 3175 3375 3100 3210 3110 3165] [3235 3145 3245 3355 3270 3145 3100 3260]
COM4 1 44
2
[2560 2715 2860 2975 2840 2840 3005 3020] [2910 3105 3180 3070 2935 2985 2975 3210]
[2765 2895 2895 3125 2775 2865 3165 2930] [3035 3220 3105 2965 3120 3080 3125 3050]
[2765 2815 2910 3040 3145 3000 3055 2965] [3105 3155 3165 3125 3190 3060 3205 3080]
[3285 2885 3055 3055 3090 2885 3060 2945] [3075 3050 3050 3105 2990 3160 3050 3045]
[3065 3140 3185 2990 3275 2830 3035 2915] [3170 3430 3300 3105 3070 3210 3280 3275]
[3235 3060 3270 3200 3225 3130 3160 3110] [3130 3170 3150 3235 3155 3180 3405 3310]
[2920 3000 3235 3165 2935 3145 3065 3140] [3240 3380 3325 3145 3190 3145 3325 3345]
[3325 3145 3175 3375 3100 3210 3110 3165] [3340 3275 3350 3310 3050 3290 3210 3165]
COM6 0 45
2
[2545 2530 2690 2645 2735 2720 2810 2995] [2910 3105 3180 3070 2935 2985 2975 3210]
[2745 2850 2775 3025 2725 2845 2900 2740] [3035 3220 3105 2965 3120 3080 3125 3050]
[2730 2865 2810 2695 2720 2815 3085 2850] [3105 3155 3165 3125 3190 3060 3205 3080]
[3035 2810 2945 2890 2975 2920 2870 2735] [3075 3050 3050 3105 2990 3160 3050 3045]
[2930 2835 2955 2850 2950 2875 3020 2960] [3170 3430 3300 3105 3070 3210 3280 3275]
[2810 3115 3015 3000 2730 2905 3040 2910] [3130 3170 3150 3235 3155 3180 3405 3310]
[2950 3040 2570 3150 3005 2910 2905 2790] [3240 3380 3325 3145 3190 3145 3325 3345]
[3070 2805 2880 2890 2945 3085 3010 3040] [3340 3275 3350 3310 3050 3290 3210 3165]
COM4 1 46
2
[2545 2530 2690 2645 2735 2720 2810 2995] [3135 3115 3025 3005 3220 2995 3065 3135]
[2745 2850 2775 3025 2725 2845 2900 2740] [3035 3090 3195 3065 3040 3075 3145 3005]
[2730 2865 2810 2695 2720 2815 3085 2850] [2990 3110 3150 3120 3165 3100 3040 3050]
[3035 2810 2945 2890 2975 2920 2870 2735] [3080 3255 3150 3175 3025 3185 3150 3185]
[2930 2835 2955 2850 2950 2875 3020 2960] [3200 3320 3125 3040 3110 3225 3275 3180]
[2810 3115 3015 3000 2730 2905 3040 2910] [3130 3115 3050 3240 3225 3215 3165 2985]
[2950 3040 2570 3150 3005 2910 2905 2790] [3230 3140 3285 3305 3175 3065 3270 3250]
[3070 2805 2880 2890 2945 3085 3010 3040] [3245 3300 3235 3215 3320 3215 3350 3305]
COM6 0 47
2
[2480 2320 2400 2465 2505 2475 2605 2525] [3135 3115 3025 3005 3220 2995 3065 3135]
[2505 2575 2335 2550 2520 2450 2585 2475] [3035 3090 3195 3065 3040 3075 3145 3005]
[2570 2525 2630 2555 2530 2630 2590 2610] [2990 3110 3150 3120 3165 3100 3040 3050]
[2650 2565 2715 2780 2575 2640 2570 2665] [3080 3255 3150 3175 3025 3185 3150 3185]
[2575 2655 2690 2565 2675 2610 2735 2575] [3200 3320 3125 3040 3110 3225 3275 3180]
[2705 2585 2790 2755 2605 2525 2680 2555] [3130 3115 3050 3240 3225 3215 3165 2985]
[2645 2840 2570 2585 2685 2490 2550 2650] [3230 3140 3285 3305 3175 3065 3270 3250]
[2960 2570 2895 2660 2610 2670 2780 2590] [3245 3300 3235 3215 3320 3215 3350 3305]
COM4 1 48
2
[2480 2320 2400 2465 2505 2475 2605 2525] [3040 3175 3250 3175 3055 3090 3100 3220]
[2505 2575 2335 2550 2520 2450 2585 2475] [3090 3040 3185 3095 2985 3115 3145 3020]
[2570 2525 2630 2555 2530 2630 2590 2610] [3260 3155 3100 3025 3210 3055 3180 3070]
[2650 2565 2715 2780 2575 2640 2570 2665] [3285 3060 3250 3135 3195 3205 3225 3000]
[2575 2655 2690 2565 2675 2610 2735 2575] [3210 3245 3195 3060 3155 3240 3250 3200]
[2705 2585 2790 2755 2605 2525 2680 2555] [3000 3215 3140 3370 3065 3175 3255 3170]
[2645 2840 2570 2585 2685 2490 2550 2650] [3250 3400 3410 3375 3150 3285 3170 3275]
[2960 2570 2895 2660 2610 2670 2780 2590] [3220 3335 3255 3360 3250 3190 3190 3295]
COM6 0 49
2
[2555 2570 2580 2590 2655 2695 2895 2705] [3040 3175 3250 3175 3055 3090 3100 3220]
[2725 2935 2845 2790 2870 2825 2825 2740] [3090 3040 3185 3095 2985 3115 3145 3020]
[2785 2795 2905 2780 2785 2930 3035 2935] [3260 3155 3100 3025 3210 3055 3180 3070]
[2845 2795 2895 2820 2950 2825 3000 2955] [3285 3060 3250 3135 3195 3205 3225 3000]
[3010 3070 3130 2970 2965 3095 2805 3270] [3210 3245 3195 3060 3155 3240 3250 3200]
[2855 2870 3185 2945 2950 2840 2975 2945] [3000 3215 3140 3370 3065 3175 3255 3170]
[2730 2945 2895 3105 2950 2920 2745 2845] [3250 3400 3410 3375 3150 3285 3170 3275]
[2950 2985 2910 3035 3050 3030 3135 2930] [3220 3335 3255 3360 3250 3190 3190 3295]
COM4 1 50
2
[2555 2570 2580 2590 2655 2695 2895 2705] [3160 3050 3200 3000 3130 2975 2970 3125]
[2725 2935 2845 2790 2870 2825 2825 2740] [2910 3040 3035 3075 3050 3150 3075 3045]
[2785 2795 2905 2780 2785 2930 3035 2935] [2910 3210 3160 3130 3165 3060 3145 3080]
[2845 2795 2895 2820 2950 2825 3000 2955] [3130 3105 3195 3135 3040 3070 3135 3110]
[3010 3070 3130 2970 2965 3095 2805 3270] [3210 3145 3180 3010 3100 3115 3150 3185]
[2855 2870 3185 2945 2950 2840 2975 2945] [3200 3210 3185 3295 3150 3180 3220 3240]
[2730 2945 2895 3105 2950 2920 2745 2845] [3285 3250 3195 3175 3155 3180 3210 3340]
[2950 2985 2910 3035 3050 3030 3135 2930] [3340 3170 3245 3335 3110 3360 3045 3325]
COM6 0 51
2
[2610 2600 2645 2710 2685 2765 2730 2750] [3160 3050 3200 3000 3130 2975 2970 3125]
[2815 2820 2755 2795 2790 2740 2905 2975] [2910 3040 3035 3075 3050 3150 3075 3045]
[2815 2935 2915 2910 2885 2990 3000 2720] [2910 3210 3160 3130 3165 3060 3145 3080]
[2910 2825 2935 2810 2830 2985 2790 2865] [3130 3105 3195 3135 3040 3070 3135 3110]
[2980 2925 2835 2845 3000 2740 2960 3035] [3210 3145 3180 3010 3100 3115 3150 3185]
[2825 2860 3170 2770 2740 2870 3100 2835] [3200 3210 3185 3295 3150 3180 3220 3240]
[3010 3045 3010 2960 2790 2835 2935 3010] [3285 3250 3195 3175 3155 3180 3210 3340]
[3020 3135 2965 2960 3085 3000 3150 3165] [3340 3170 3245 3335 3110 3360 3045 3325]
COM4 1 52
2
[2610 2600 2645 2710 2685 2765 2730 2750] [3070 3175 3050 3045 2990 3025 3120 3160]
[2815 2820 2755 2795 2790 2740 2905 2975] [3155 3035 3175 3190 2970 3070 3000 2955]
[2815 2935 2915 2910 2885 2990 3000 2720] [3090 3160 3150 3005 3190 3170 3095 2950]
[2910 2825 2935 2810 2830 2985 2790 2865] [3115 3065 3150 3070 3085 3070 3060 3120]
[2980 2925 2835 2845 3000 2740 2960 3035] [3135 3175 3215 3005 3225 3200 3255 3065]
[2825 2860 3170 2770 2740 2870 3100 2835] [3180 3180 3135 3205 3185 3215 3055 3120]
[3010 3045 3010 2960 2790 2835 2935 3010] [3180 3290 3365 3265 3300 3125 3340 3450]
[3020 3135 2965 2960 3085 3000 3150 3165] [3300 3200 3220 3395 3180 3190 3180 3480]
COM6 0 53
2
[2535 2630 2695 2640 2800 2735 2900 2675] [3070 3175 3050 3045 2990 3025 3120 3160]
[2805 2900 2975 2700 2685 2740 2900 2835] [3155 3035 3175 3190 2970 3070 3000 2955]
[2675 2845 2915 2715 2860 2940 2875 2730] [3090 3160 3150 3005 3190 3170 3095 2950]
[3085 2725 3050 2850 2805 2800 2935 2830] [3115 3065 3150 3070 3085 3070 3060 3120]
[2915 2880 2945 3040 2790 3010 3000 2970] [3135 3175 3215 3005 3225 3200 3255 3065]
[2875 2800 3000 3015 2835 3100 3255 2850] [3180 3180 3135 3205 3185 3215 3055 3120]
[2995 2790 2885 3010 3000 3055 2640 2860] [3180 3290 3365 3265 3300 3125 3340 3450]
[3180 2985 3105 2995 2950 2915 3030 3080] [3300 3200 3220 3395 3180 3190 3180 3480]
COM4 1 54
2
[2535 2630 2695 2640 2800 2735 2900 2675] [3065 3020 3280 3020 3220 3010 3135 3240]
[2805 2900 2975 2700 2685 2740 2900 2835] [3235 3190 3230 3070 3040 3250 3035 3075]
[2675 2845 2915 2715 2860 2940 2875 2730] [3140 3285 3175 3095 3210 3110 3155 3075]
[3085 2725 3050 2850 2805 2800 2935 2830] [3190 3230 3300 3200 3170 3170 3255 3070]
[2915 2880 2945 3040 2790 3010 3000 2970] [3270 3170 3230 3225 3195 3175 3280 3180]
[2875 2800 3000 3015 2835 3100 3255 2850] [3115 3180 3265 3265 3100 3250 3170 3280]
[2995 2790 2885 3010 3000 3055 2640 2860] [3255 3320 3300 3215 3345 3185 3270 3250]
[3180 2985 3105 2995 2950 2915 3030 3080] [3330 3370 3360 3355 3190 3215 3285 3320]
COM6 0 55
2
[2575 2740 2790 2580 2615 2575 2830 2740] [3065 3020 3280 3020 3220 3010 3135 3240]
[2740 3035 2725 2900 2735 2980 2890 2825] [3235 3190 3230 3070 3040 3250 3035 3075]
[2535 2845 2895 2670 2760 2900 2800 2785] [3140 3285 3175 3095 3210 3110 3155 3075]
[2750 3030 2820 2815 2865 2730 2750 2805] [3190 3230 3300 3200 3170 3170 3255 3070]
[2775 2800 3015 2835 3010 2950 2960 2875] [3270 3170 3230 3225 3195 3175 3280 3180]
[2880 2940 2975 2785 2770 2730 2895 2875] [3115 3180 3265 3265 3100 3250 3170 3280]
[2660 3100 2865 2975 2785 2815 2675 2800] [3255 3320 3300 3215 3345 3185 3270 3250]
[3095 3000 2965 2810 3045 3080 2950 2845] [3330 3370 3360 3355 3190 3215 3285 3320]
COM4 1 56
2
[2575 2740 2790 2580 2615 2575 2830 2740] [3050 3025 3235 3025 2915 2960 3040 3280]
[2740 3035 2725 2900 2735 2980 2890 2825] [3105 3140 3130 2975 3035 3105 3075 3050]
[2535 2845 2895 2670 2760 2900 2800 2785] [2990 3110 3050 2955 3230 3060 3065 3005]
[2750 3030 2820 2815 2865 2730 2750 2805] [3205 3050 3275 3130 3110 3175 3210 3075]
[2775 2800 3015 2835 3010 2950 2960 2875] [3200 3210 3155 3010 3150 3155 3275 3210]
[2880 2940 2975 2785 2770 2730 2895 2875] [3105 3245 3190 3235 3125 3145 3235 3185]
[2660 3100 2865 2975 2785 2815 2675 2800] [3295 3350 3335 3230 3165 3220 3250 3245]
[3095 3000 2965 2810 3045 3080 2950 2845] [3275 3220 3445 3275 3125 3140 3295 3520]
COM6 0 57
2
[2770 2650 2580 2810 2705 2715 2825 2830] [3050 3025 3235 3025 2915 2960 3040 3280]
[2955 2975 2775 2840 2785 2975 3070 2885] [3105 3140 3130 2975 3035 3105 3075 3050]
[3040 2970 3000 2860 3025 2935 2895 3160] [2990 3110 3050 2955 3230 3060 3065 3005]
[2945 2870 3040 2770 3025 2945 3045 3215] [3205 3050 3275 3130 3110 3175 3210 3075]
[3035 2890 2935 2965 3150 2845 3065 2995] [3200 3210 3155 3010 3150 3155 3275 3210]
[3135 2670 3220 2800 3005 3050 3025 3045] [3105 3245 3190 3235 3125 3145 3235 3185]
[2975 2990 2925 2985 3150 3010 3070 3165] [3295 3350 3335 3230 3165 3220 3250 3245]
[3200 2965 3145 2890 3115 3020 3220 3055] [3275 3220 3445 3275 3125 3140 3295 3520]
COM4 1 58
2
[2770 2650 2580 2810 2705 2715 2825 2830] [3235 3365 3340 3235 3270 3300 3175 3295]
[2955 2975 2775 2840 2785 2975 3070 2885] [3355 3305 3285 3090 3300 3280 3145 3225]
[3040 2970 3000 2860 3025 2935 2895 3160] [3365 3255 3235 3230 3385 3055 3180 3095]
[2945 2870 3040 2770 3025 2945 3045 3215] [3535 3220 3325 3225 3370 3255 3325 3145]
[3035 2890 2935 2965 3150 2845 3065 2995] [3190 3510 3320 3195 3265 3255 3280 3260]
[3135 2670 3220 2800 3005 3050 3025 3045] [3340 3360 3250 3350 3255 3400 3455 3390]
[2975 2990 2925 2985 3150 3010 3070 3165] [3550 3400 3510 3215 3190 3175 3300 3300]
[3200 2965 3145 2890 3115 3020 3220 3055] [3290 3400 3485 3525 3480 3430 3215 3325]
COM6 0 59
2
[2595 2555 2745 2695 2595 2655 2995 2810] [3235 3365 3340 3235 3270 3300 3175 3295]
[2865 2700 2705 2650 2860 2955 2970 2720] [3355 3305 3285 3090 3300 3280 3145 3225]
[2790 2960 2790 2700 2855 2940 3015 2870] [3365 3255 3235 3230 3385 3055 3180 3095]
[2975 2685 2695 2935 3005 2845 2920 2880] [3535 3220 3325 3225 3370 3255 3325 3145]
[2755 2950 3005 2925 3010 2865 2990 3095] [3190 3510 3320 3195 3265 3255 3280 3260]
[2640 2835 2875 2955 2955 3120 2985 2945] [3340 3360 3250 3350 3255 3400 3455 3390]
[3050 2920 3115 2990 3075 2935 3005 2915] [3550 3400 3510 3215 3190 3175 3300 3300]
[2875 2885 2940 3055 3120 2925 3010 2985] [3290 3400 3485 3525 3480 3430 3215 3325]
COM4 1 60
2
[2595 2555 2745 2695 2595 2655 2995 2810] [3365 3365 3395 3150 3375 3300 3295 3265]
[2865 2700 2705 2650 2860 2955 2970 2720] [3350 3445 3400 3200 3120 3285 3235 3300]
[2790 2960 2790 2700 2855 2940 3015 2870] [3400 3460 3395 3215 3365 3210 3265 3220]
[2975 2685 2695 2935 3005 2845 2920 2880] [3325 3385 3375 3390 3345 3205 3230 3170]
[2755 2950 3005 2925 3010 2865 2990 3095] [3415 3435 3315 3150 3175 3285 3285 3205]
[2640 2835 2875 2955 2955 3120 2985 2945] [3365 3280 3415 3415 3420 3320 3385 3355]
[3050 2920 3115 2990 3075 2935 3005 2915] [3440 3425 3420 3315 3455 3345 3405 3430]
[2875 2885 2940 3055 3120 2925 3010 2985] [3555 3455 3335 3610 3415 3395 3370 3350]
COM6 0 61
2
[2535 2570 2580 2815 2640 2800 2725 2570] [3365 3365 3395 3150 3375 3300 3295 3265]
[2715 2810 2800 2790 2940 2970 2670 2505] [3350 3445 3400 3200 3120 3285 3235 3300]
[2565 2885 2875 2765 2800 2850 2895 3010] [3400 3460 3395 3215 3365 3210 3265 3220]
[2715 2745 2900 2800 2795 2745 2750 2785] [3325 3385 3375 3390 3345 3205 3230 3170]
[3035 2900 3050 3040 3070 3050 3105 2895] [3415 3435 3315 3150 3175 3285 3285 3205]
[2985 3095 2925 2695 2965 2710 2875 2845] [3365 3280 3415 3415 3420 3320 3385 3355]
[2790 3040 2865 3115 2835 2875 2565 3065] [3440 3425 3420 3315 3455 3345 3405 3430]
[3025 3110 3090 2825 2835 2910 3160 2955] [3555 3455 3335 3610 3415 3395 3370 3350]
COM4 1 62
2
[2535 2570 2580 2815 2640 2800 2725 2570] [3220 3175 3315 3125 3055 3130 3255 3150]
[2715 2810 2800 2790 2940 2970 2670 2505] [3220 3195 3190 3085 3040 3160 2965 3105]
[2565 2885 2875 2765 2800 2850 2895 3010] [3230 3195 3275 3110 3150 3125 3165 3095]
[2715 2745 2900 2800 2795 2745 2750 2785] [3290 3205 3220 3145 3085 3265 3300 3215]
[3035 2900 3050 3040 3070 3050 3105 2895] [3280 3195 3245 3040 3210 3175 3195 3240]
[2985 3095 2925 2695 2965 2710 2875 2845] [3105 3145 3170 3235 3170 3185 3250 3185]
[2790 3040 2865 3115 2835 2875 2565 3065] [3265 3345 3230 3340 3230 3235 3360 3355]
[3025 3110 3090 2825 2835 2910 3160 2955] [3285 3365 3420 3425 3230 3180 3260 3390]
COM6 0 63
2
[2730 3000 2910 2755 2935 2865 2920 2995] [3220 3175 3315 3125 3055 3130 3255 3150]
[2860 3145 3070 2940 3080 2980 3045 2975] [3220 3195 3190 3085 3040 3160 2965 3105]
[2870 3015 3050 3030 3115 3000 3005 3155] [3230 3195 3275 3110 3150 3125 3165 3095]
[3030 3040 3035 3075 3005 3090 3180 2980] [3290 3205 3220 3145 3085 3265 3300 3215]
[3125 3145 3180 3060 3205 3040 3020 3135] [3280 3195 3245 3040 3210 3175 3195 3240]
[3150 3100 3200 3110 3020 3185 3285 3170] [3105 3145 3170 3235 3170 3185 3250 3185]
[3115 3115 3180 3430 3170 3510 3170 2925] [3265 3345 3230 3340 3230 3235 3360 3355]
[3190 3150 3365 3225 3050 3190 3270 3400] [3285 3365 3420 3425 3230 3180 3260 3390]
COM4 1 64
2
[2730 3000 2910 2755 2935 2865 2920 2995] [3300 3240 3350 3305 3225 3075 3110 3225]
[2860 3145 3070 2940 3080 2980 3045 2975] [3235 3325 3275 3215 3155 3370 3235 3055]
[2870 3015 3050 3030 3115 3000 3005 3155] [3400 3340 3405 3220 3355 3195 3365 3250]
[3030 3040 3035 3075 3005 3090 3180 2980] [3300 3295 3230 3315 3170 3230 3160 3270]
[3125 3145 3180 3060 3205 3040 3020 3135] [3310 3275 3480 3140 3235 3335 3475 3350]
[3150 3100 3200 3110 3020 3185 3285 3170] [3200 3300 3390 3390 3120 3420 3355 3415]
[3115 3115 3180 3430 3170 3510 3170 2925] [3355 3535 3345 3225 3305 3320 3445 3425]
[3190 3150 3365 3225 3050 3190 3270 3400] [3490 3350 3360 3405 3370 3330 3490 3435]
COM6 0 65
2
[2680 2750 2515 2585 2810 2735 3060 3005] [3300 3240 3350 3305 3225 3075 3110 3225]
[2765 3000 2620 2740 2860 2710 2820 2935] [3235 3325 3275 3215 3155 3370 3235 3055]
[2600 2835 2715 2765 2820 2930 2730 2845] [3400 3340 3405 3220 3355 3195 3365 3250]
[2780 2880 3150 2795 2830 2950 2890 2850] [3300 3295 3230 3315 3170 3230 3160 3270]
[3160 2970 2840 2940 3015 2845 2870 2965] [3310 3275 3480 3140 3235 3335 3475 3350]
[2750 2720 2860 2905 2955 3090 2945 2980] [3200 3300 3390 3390 3120 3420 3355 3415]
[2975 3055 3145 2975 2915 2985 2925 3000] [3355 3535 3345 3225 3305 3320 3445 3425]
[3025 3040 2805 2965 2905 2965 3130 2740] [3490 3350 3360 3405 3370 3330 3490 3435]