COM4 1 6
2
[2965 2920 2945 2925 2860 2875 2985 2920] [3240 3095 3170 3175 3030 3050 3185 3205]
[3235 3055 3010 3010 3125 3120 2965 3155] [3230 3050 3050 2975 3010 3125 3070 2860]
[3050 3005 3190 3000 3005 2875 2925 3090] [3140 3145 3075 3040 3135 3035 2975 2935]
[3160 3120 3205 3140 3110 3050 3015 3010] [3215 3240 3315 3055 3075 3075 3045 3030]
[3110 3040 3175 3080 3135 3125 3220 3330] [3045 3210 3125 2995 3035 3070 3050 2825]
[3055 2990 3210 3245 2825 2965 3200 3075] [3080 3065 3115 3210 3135 3105 3090 2850]
[3095 3075 3145 3125 3040 3010 3200 3070] [3290 3285 3395 3175 3085 3165 2880 2610]
[3145 3015 3160 3045 2940 3085 3325 3000] [3125 3275 3255 3420 3160 2995 3055 2900]
COM6 0 7
2
[2905 2925 3020 2795 3010 2950 2995 2990] [3240 3095 3170 3175 3030 3050 3185 3205]
[3275 2870 3160 2930 2935 3130 3130 3010] [3230 3050 3050 2975 3010 3125 3070 2860]
[2780 3240 3060 2900 2915 3015 2935 2730] [3140 3145 3075 3040 3135 3035 2975 2935]
[3215 2995 3230 3140 3065 3170 3190 2820] [3215 3240 3315 3055 3075 3075 3045 3030]
[3135 2985 3125 2865 3170 2900 3215 3245] [3045 3210 3125 2995 3035 3070 3050 2825]
[3150 3200 3125 3080 2945 3170 3250 3170] [3080 3065 3115 3210 3135 3105 3090 2850]
[3005 3080 3335 3030 3135 3075 3115 3130] [3290 3285 3395 3175 3085 3165 2880 2610]
[3070 3055 3150 3020 2880 3310 3180 3115] [3125 3275 3255 3420 3160 2995 3055 2900]
COM4 1 8
2
[2905 2925 3020 2795 3010 2950 2995 2990] [3245 3245 3235 3235 3130 2730 2540 2445]
[3275 2870 3160 2930 2935 3130 3130 3010] [3390 3225 3240 3145 3135 2870 2570 2220]
[2780 3240 3060 2900 2915 3015 2935 2730] [3265 3305 3160 3050 3055 2785 2495 1965]
[3215 2995 3230 3140 3065 3170 3190 2820] [3205 3290 3350 3180 3020 2730 2375 1750]
[3135 2985 3125 2865 3170 2900 3215 3245] [3380 3190 3325 3115 3110 2770 2560 1990]
[3150 3200 3125 3080 2945 3170 3250 3170] [3195 3235 3315 3315 3120 3020 2605 2055]
[3005 3080 3335 3030 3135 3075 3115 3130] [3260 3355 3425 3125 3200 2950 2925 2190]
[3070 3055 3150 3020 2880 3310 3180 3115] [3320 3355 3295 3305 3195 3165 2905 2180]
COM6 0 9
2
[3070 2990 2940 2930 3020 2925 3080 2970] [3245 3245 3235 3235 3130 2730 2540 2445]
[3260 3165 2960 3050 3090 3160 3095 3145] [3390 3225 3240 3145 3135 2870 2570 2220]
[3010 3150 2970 3060 3110 3135 3060 3130] [3265 3305 3160 3050 3055 2785 2495 1965]
[3150 3145 3145 2975 3050 3180 3030 3255] [3205 3290 3350 3180 3020 2730 2375 1750]
[3015 3100 3180 3065 3120 3080 3005 3140] [3380 3190 3325 3115 3110 2770 2560 1990]
[3205 3130 3240 3260 3190 3045 3325 3185] [3195 3235 3315 3315 3120 3020 2605 2055]
[3345 3405 3055 3130 3140 3110 3035 3405] [3260 3355 3425 3125 3200 2950 2925 2190]
[3165 3260 3070 2995 3145 3075 3405 3125] [3320 3355 3295 3305 3195 3165 2905 2180]
COM4 1 10
2
[3070 2990 2940 2930 3020 2925 3080 2970] [3140 3170 3285 3015 3200 2695 2140 1670]
[3260 3165 2960 3050 3090 3160 3095 3145] [3170 3190 3175 3025 2865 2875 2215 1385]
[3010 3150 2970 3060 3110 3135 3060 3130] [3085 3170 3180 3040 3100 2725 2110 1320]
[3150 3145 3145 2975 3050 3180 3030 3255] [3165 3240 3110 3130 2960 2745 2285 1580]
[3015 3100 3180 3065 3120 3080 3005 3140] [3320 3225 3010 3060 3100 3040 2715 2250]
[3205 3130 3240 3260 3190 3045 3325 3185] [3170 3215 3035 3210 3050 3015 3015 2635]
[3345 3405 3055 3130 3140 3110 3035 3405] [3220 3405 3295 3080 3195 3155 3145 3065]
[3165 3260 3070 2995 3145 3075 3405 3125] [3440 3565 3285 3430 3200 3180 3130 3295]
COM6 0 11
2
[2965 2950 2650 2910 2930 2945 3045 2960] [3140 3170 3285 3015 3200 2695 2140 1670]
[3175 3110 2995 3205 2790 2985 2875 2905] [3170 3190 3175 3025 2865 2875 2215 1385]
[3125 2965 3000 3050 2970 3070 3120 3175] [3085 3170 3180 3040 3100 2725 2110 1320]
[2830 3015 3130 2875 3150 3070 3090 2850] [3165 3240 3110 3130 2960 2745 2285 1580]
[2960 3160 3145 3045 3155 2965 3220 3165] [3320 3225 3010 3060 3100 3040 2715 2250]
[2795 3055 3320 3135 3020 3090 3060 3160] [3170 3215 3035 3210 3050 3015 3015 2635]
[3175 3190 3190 3130 3120 3020 3100 3245] [3220 3405 3295 3080 3195 3155 3145 3065]
[3165 3275 3455 3025 3045 3300 3350 3095] [3440 3565 3285 3430 3200 3180 3130 3295]
COM4 1 12
2
[2965 2950 2650 2910 2930 2945 3045 2960] [3295 3175 3340 2815 2160 1540 1355 1370]
[3175 3110 2995 3205 2790 2985 2875 2905] [3345 3130 3280 2865 2440 1885 1445 1315]
[3125 2965 3000 3050 2970 3070 3120 3175] [3280 3280 3195 3040 2770 2155 1635 1410]
[2830 3015 3130 2875 3150 3070 3090 2850] [3265 3170 3325 3130 3020 2695 2205 1720]
[2960 3160 3145 3045 3155 2965 3220 3165] [3320 3380 3290 3125 3175 2995 2865 2435]
[2795 3055 3320 3135 3020 3090 3060 3160] [3210 3320 3250 3275 3245 3200 3165 3025]
[3175 3190 3190 3130 3120 3020 3100 3245] [3375 3410 3325 3205 3185 3320 3155 3415]
[3165 3275 3455 3025 3045 3300 3350 3095] [3290 3355 3255 3405 3285 3275 3350 3335]
COM6 0 13
2
[2770 2695 2935 2855 2705 2735 2980 2845] [3295 3175 3340 2815 2160 1540 1355 1370]
[2900 2865 2670 2845 2750 2710 2770 2870] [3345 3130 3280 2865 2440 1885 1445 1315]
[2900 2910 2870 2765 2775 2700 2945 2825] [3280 3280 3195 3040 2770 2155 1635 1410]
[2700 2830 3065 2640 2995 2910 2810 3060] [3265 3170 3325 3130 3020 2695 2205 1720]
[2895 2905 2780 2965 2970 3075 2905 3025] [3320 3380 3290 3125 3175 2995 2865 2435]
[2770 3035 3145 3000 2920 2805 3220 2875] [3210 3320 3250 3275 3245 3200 3165 3025]
[3170 3140 2860 2900 2620 2925 2765 2745] [3375 3410 3325 3205 3185 3320 3155 3415]
[3025 2640 2845 2925 3140 3015 2665 2570] [3290 3355 3255 3405 3285 3275 3350 3335]
COM4 1 14
2
[2770 2695 2935 2855 2705 2735 2980 2845] [2840 2965 2535 1880 1590 1520 1530 1675]
[2900 2865 2670 2845 2750 2710 2770 2870] [2915 2900 2635 2030 1560 1480 1500 1490]
[2900 2910 2870 2765 2775 2700 2945 2825] [2885 2945 2740 2440 1815 1525 1445 1390]
[2700 2830 3065 2640 2995 2910 2810 3060] [2740 3035 2855 2825 2150 1650 1570 1395]
[2895 2905 2780 2965 2970 3075 2905 3025] [3070 3230 2945 2685 2605 2315 2020 1730]
[2770 3035 3145 3000 2920 2805 3220 2875] [3055 3000 2835 3240 2970 2775 2480 2125]
[3170 3140 2860 2900 2620 2925 2765 2745] [3235 3040 3020 3130 3110 3050 2880 2910]
[3025 2640 2845 2925 3140 3015 2665 2570] [3370 3410 3205 3300 2885 3220 3055 2980]
COM6 0 15
2
[2895 2945 3105 2990 3020 3010 3135 3145] [2840 2965 2535 1880 1590 1520 1530 1675]
[3205 3160 3105 3205 3135 3270 3125 3205] [2915 2900 2635 2030 1560 1480 1500 1490]
[3180 3075 3155 3035 3185 3050 3105 3270] [2885 2945 2740 2440 1815 1525 1445 1390]
[3150 3005 3240 2785 3125 3235 3100 2985] [2740 3035 2855 2825 2150 1650 1570 1395]
[3065 3275 3235 3090 3235 3100 3135 3575] [3070 3230 2945 2685 2605 2315 2020 1730]
[3135 3245 3295 3170 3055 3000 3380 3100] [3055 3000 2835 3240 2970 2775 2480 2125]
[3225 3155 3205 3065 3095 3305 3155 3145] [3235 3040 3020 3130 3110 3050 2880 2910]
[3145 3020 3455 3185 3150 3285 3215 3265] [3370 3410 3205 3300 2885 3220 3055 2980]
COM4 1 16
2
[2895 2945 3105 2990 3020 3010 3135 3145] [3125 2795 2050 1675 1380 1280 1300 1430]
[3205 3160 3105 3205 3135 3270 3125 3205] [3190 2900 2370 1725 1185 1375 1335 1280]
[3180 3075 3155 3035 3185 3050 3105 3270] [2950 2860 2505 1900 1580 1335 1310 1370]
[3150 3005 3240 2785 3125 3235 3100 2985] [3260 2900 3015 2205 1610 1405 1405 1470]
[3065 3275 3235 3090 3235 3100 3135 3575] [3385 3325 2845 2560 2070 1510 1560 1660]
[3135 3245 3295 3170 3055 3000 3380 3100] [3150 2995 2910 3050 2695 2355 1980 1940]
[3225 3155 3205 3065 3095 3305 3155 3145] [3240 3340 3380 3190 3105 2945 2870 2975]
[3145 3020 3455 3185 3150 3285 3215 3265] [3620 3285 3365 3440 3280 2950 3095 3120]
COM6 0 17
2
[2995 2880 2895 2940 3035 2995 3145 2920] [3125 2795 2050 1675 1380 1280 1300 1430]
[3195 3110 3030 3000 3125 2900 3105 2630] [3190 2900 2370 1725 1185 1375 1335 1280]
[2885 3080 2975 3045 3090 2860 3085 2945] [2950 2860 2505 1900 1580 1335 1310 1370]
[2860 2950 3090 2855 3125 2980 3040 2875] [3260 2900 3015 2205 1610 1405 1405 1470]
[3055 3025 3130 2945 3205 2930 2985 3135] [3385 3325 2845 2560 2070 1510 1560 1660]
[3190 3260 3065 3045 2975 3030 2910 3300] [3150 2995 2910 3050 2695 2355 1980 1940]
[3350 3245 3205 3005 3140 2995 2895 3130] [3240 3340 3380 3190 3105 2945 2870 2975]
[3295 3100 3045 2845 3085 3145 3445 2950] [3620 3285 3365 3440 3280 2950 3095 3120]
COM4 1 18
2
[2995 2880 2895 2940 3035 2995 3145 2920] [1260 1215 1240 1225 1660 1735 2295 2940]
[3195 3110 3030 3000 3125 2900 3105 2630] [1190 1165 1200 1315 1560 2045 2560 2770]
[2885 3080 2975 3045 3090 2860 3085 2945] [1425 1180 1290 1395 1790 2225 2820 2905]
[2860 2950 3090 2855 3125 2980 3040 2875] [1615 1135 1375 1500 1745 2390 2850 3025]
[3055 3025 3130 2945 3205 2930 2985 3135] [2105 1500 1360 1345 1795 2235 2640 3030]
[3190 3260 3065 3045 2975 3030 2910 3300] [2555 1815 1280 1490 1740 2045 2615 3010]
[3350 3245 3205 3005 3140 2995 2895 3130] [2895 2470 1755 1500 1620 2230 2690 3145]
[3295 3100 3045 2845 3085 3145 3445 2950] [3105 2795 2295 2255 2080 2565 2780 3225]
COM6 0 19
2
[3050 2815 2800 2855 2810 2800 2945 2780] [1260 1215 1240 1225 1660 1735 2295 2940]
[2895 2885 2605 2945 2755 2840 2670 2980] [1190 1165 1200 1315 1560 2045 2560 2770]
[2710 2895 3030 2955 2670 3005 2805 2995] [1425 1180 1290 1395 1790 2225 2820 2905]
[3015 2775 3010 2790 3010 2970 2975 2720] [1615 1135 1375 1500 1745 2390 2850 3025]
[2790 3015 2975 2820 2925 2725 2960 2725] [2105 1500 1360 1345 1795 2235 2640 3030]
[2720 3000 2880 3085 2710 2920 2825 2765] [2555 1815 1280 1490 1740 2045 2615 3010]
[2850 2990 2725 3025 2940 2905 2635 2895] [2895 2470 1755 1500 1620 2230 2690 3145]
[2835 3060 2710 2995 2620 2905 2950 3095] [3105 2795 2295 2255 2080 2565 2780 3225]
COM4 1 20
2
[3050 2815 2800 2855 2810 2800 2945 2780] [1700 1570 1535 1595 1930 2255 2780 3190]
[2895 2885 2605 2945 2755 2840 2670 2980] [1575 1555 1645 1795 2000 2725 3070 3155]
[2710 2895 3030 2955 2670 3005 2805 2995] [1670 1615 1755 1830 2405 3100 3035 2845]
[3015 2775 3010 2790 3010 2970 2975 2720] [1690 1885 1715 2150 2570 3130 3115 3180]
[2790 3015 2975 2820 2925 2725 2960 2725] [1835 1750 1755 1955 2740 3100 3075 3350]
[2720 3000 2880 3085 2710 2920 2825 2765] [1965 1695 1735 2280 2440 2985 3270 3340]
[2850 2990 2725 3025 2940 2905 2635 2895] [1925 1880 1920 2300 2655 2955 3175 3190]
[2835 3060 2710 2995 2620 2905 2950 3095] [2705 2245 2225 2295 2870 2935 3200 3335]
COM6 0 21
2
[3180 3010 2955 3185 3105 2735 3185 3065] [1700 1570 1535 1595 1930 2255 2780 3190]
[3150 3215 2945 3170 3065 3070 3005 2940] [1575 1555 1645 1795 2000 2725 3070 3155]
[2835 2940 2935 2930 2965 2885 3125 3045] [1670 1615 1755 1830 2405 3100 3035 2845]
[3145 3000 3185 2900 3070 3040 2900 3120] [1690 1885 1715 2150 2570 3130 3115 3180]
[3110 2840 3115 3025 3235 3080 3030 3020] [1835 1750 1755 1955 2740 3100 3075 3350]
[3110 2950 3145 3175 2765 3150 3225 3145] [1965 1695 1735 2280 2440 2985 3270 3340]
[3010 3080 3120 2990 2945 3135 3055 3050] [1925 1880 1920 2300 2655 2955 3175 3190]
[3070 3015 3085 3115 3240 3235 3075 3305] [2705 2245 2225 2295 2870 2935 3200 3335]
COM4 1 22
2
[3180 3010 2955 3185 3105 2735 3185 3065] [1690 1660 1775 1885 2255 2670 3095 3150]
[3150 3215 2945 3170 3065 3070 3005 2940] [1755 1635 1845 2025 2455 3050 3020 3115]
[2835 2940 2935 2930 2965 2885 3125 3045] [1785 1735 2000 2330 2855 3090 3020 3125]
[3145 3000 3185 2900 3070 3040 2900 3120] [1825 1565 2040 2450 3090 3075 3020 3130]
[3110 2840 3115 3025 3235 3080 3030 3020] [1815 2005 2295 2680 3065 3035 3205 3145]
[3110 2950 3145 3175 2765 3150 3225 3145] [1755 1920 2055 2910 3080 3195 3110 3215]
[3010 3080 3120 2990 2945 3135 3055 3050] [1800 2150 2500 2695 3240 3340 3145 3175]
[3070 3015 3085 3115 3240 3235 3075 3305] [2310 2515 2705 3295 3235 3210 3195 3235]
COM6 0 23
2
[3040 2985 2920 3085 3010 3035 3175 2825] [1690 1660 1775 1885 2255 2670 3095 3150]
[3150 3005 2770 3205 2975 2980 3130 3135] [1755 1635 1845 2025 2455 3050 3020 3115]
[2995 2965 3045 3005 2960 2980 2995 2890] [1785 1735 2000 2330 2855 3090 3020 3125]
[3235 2845 3020 3020 3015 3095 3090 3115] [1825 1565 2040 2450 3090 3075 3020 3130]
[2990 3115 3025 3095 3155 3065 3310 3050] [1815 2005 2295 2680 3065 3035 3205 3145]
[3170 3035 3135 3120 2945 3025 3015 2845] [1755 1920 2055 2910 3080 3195 3110 3215]
[2985 3085 3055 3215 3045 2965 2970 2945] [1800 2150 2500 2695 3240 3340 3145 3175]
[3050 3105 2970 3000 3220 3250 3100 3045] [2310 2515 2705 3295 3235 3210 3195 3235]
COM4 1 24
2
[3040 2985 2920 3085 3010 3035 3175 2825] [1165 1220 1495 1875 2555 2835 2980 3000]
[3150 3005 2770 3205 2975 2980 3130 3135] [1240 1290 1700 2085 2560 3000 2960 2905]
[2995 2965 3045 3005 2960 2980 2995 2890] [1265 1400 1830 2350 2800 3020 3035 2905]
[3235 2845 3020 3020 3015 3095 3090 3115] [1350 1485 2110 2675 2960 2875 3035 3045]
[2990 3115 3025 3095 3155 3065 3310 3050] [1330 1635 2270 2620 2965 2885 3105 3155]
[3170 3035 3135 3120 2945 3025 3015 2845] [1320 1645 2260 2795 2965 3040 3135 3245]
[2985 3085 3055 3215 3045 2965 2970 2945] [1695 2255 2495 2745 3035 3410 3095 3415]
[3050 3105 2970 3000 3220 3250 3100 3045] [1905 2250 2620 3135 2835 2950 3045 3070]
COM6 0 25
2
[2790 2795 2805 3055 2950 2975 3115 3005] [1165 1220 1495 1875 2555 2835 2980 3000]
[3185 3000 2705 2920 2925 3045 3025 2885] [1240 1290 1700 2085 2560 3000 2960 2905]
[3045 2975 2890 2935 2995 2980 3065 2905] [1265 1400 1830 2350 2800 3020 3035 2905]
[3015 3005 3105 2950 2980 2970 3070 2975] [1350 1485 2110 2675 2960 2875 3035 3045]
[2965 3000 2970 3105 2980 3120 3055 2935] [1330 1635 2270 2620 2965 2885 3105 3155]
[2880 3320 3095 3095 2920 3195 3320 2995] [1320 1645 2260 2795 2965 3040 3135 3245]
[3200 3040 2965 3110 3035 3115 3030 2945] [1695 2255 2495 2745 3035 3410 3095 3415]
[3285 3105 3140 2795 3070 2980 3100 3120] [1905 2250 2620 3135 2835 2950 3045 3070]
COM4 1 26
2
[2790 2795 2805 3055 2950 2975 3115 3005] [1335 1575 1895 2480 3195 3200 3165 3120]
[3185 3000 2705 2920 2925 3045 3025 2885] [1485 1605 2440 2880 2835 3220 3210 3055]
[3045 2975 2890 2935 2995 2980 3065 2905] [1760 2170 3070 3120 3285 3170 3175 3220]
[3015 3005 3105 2950 2980 2970 3070 2975] [2045 2515 3255 3350 3220 3100 3375 3215]
[2965 3000 2970 3105 2980 3120 3055 2935] [2235 3040 3310 3305 3230 3135 3235 3350]
[2880 3320 3095 3095 2920 3195 3320 2995] [2510 3095 3355 3600 3240 3275 3350 3295]
[3200 3040 2965 3110 3035 3115 3030 2945] [3055 3615 3975 3550 3405 3355 3510 3770]
[3285 3105 3140 2795 3070 2980 3100 3120] [3615 3950 3810 3725 3490 3590 3600 3755]
COM6 0 27
2
[3055 2745 2990 3095 2860 2850 3155 2885] [1335 1575 1895 2480 3195 3200 3165 3120]
[3210 3175 2945 3100 2970 2970 2935 3095] [1485 1605 2440 2880 2835 3220 3210 3055]
[2875 3005 3120 2905 3035 3125 3100 3170] [1760 2170 3070 3120 3285 3170 3175 3220]
[3105 3160 3120 3005 3070 3035 3125 3010] [2045 2515 3255 3350 3220 3100 3375 3215]
[2895 3110 3235 2985 3170 2865 3170 3145] [2235 3040 3310 3305 3230 3135 3235 3350]
[3135 3190 3390 3125 2765 3050 3255 3140] [2510 3095 3355 3600 3240 3275 3350 3295]
[3220 3140 3065 3260 3100 3175 3055 3245] [3055 3615 3975 3550 3405 3355 3510 3770]
[3385 3255 3060 3470 2970 3250 3250 3235] [3615 3950 3810 3725 3490 3590 3600 3755]
COM4 1 28
2
[3055 2745 2990 3095 2860 2850 3155 2885] [3095 3095 3125 2970 3030 2965 2915 3055]
[3210 3175 2945 3100 2970 2970 2935 3095] [3020 2955 3160 2995 2980 3065 2930 2890]
[2875 3005 3120 2905 3035 3125 3100 3170] [3050 2970 3060 2980 3215 3025 2920 3010]
[3105 3160 3120 3005 3070 3035 3125 3010] [3080 3230 3100 3075 3005 3025 3145 3055]
[2895 3110 3235 2985 3170 2865 3170 3145] [3175 3195 3140 3025 3120 3075 3170 3145]
[3135 3190 3390 3125 2765 3050 3255 3140] [3090 3190 3150 3210 3100 3225 3230 3295]
[3220 3140 3065 3260 3100 3175 3055 3245] [3165 3170 3345 3145 3325 3145 3095 3175]
[3385 3255 3060 3470 2970 3250 3250 3235] [3305 3390 3245 3275 3320 3110 3125 3120]
COM6 0 29
2
[3035 3095 2925 2975 2915 2950 3175 3015] [3095 3095 3125 2970 3030 2965 2915 3055]
[3170 3055 3005 3055 3035 3045 3130 2960] [3020 2955 3160 2995 2980 3065 2930 2890]
[2965 3105 3095 2975 2990 3000 3075 3050] [3050 2970 3060 2980 3215 3025 2920 3010]
[3085 3030 3195 3090 3165 3015 3100 3060] [3080 3230 3100 3075 3005 3025 3145 3055]
[2995 3015 3220 3215 3150 3200 3100 3115] [3175 3195 3140 3025 3120 3075 3170 3145]
[2970 3065 3160 3105 3155 3040 3125 3020] [3090 3190 3150 3210 3100 3225 3230 3295]
[3080 2945 2965 3240 2935 3155 3075 3150] [3165 3170 3345 3145 3325 3145 3095 3175]
[3365 3315 3145 3145 3110 3335 3235 3115] [3305 3390 3245 3275 3320 3110 3125 3120]
COM4 1 30
2
[3035 3095 2925 2975 2915 2950 3175 3015] [2910 2990 3040 2895 2850 2940 2810 2460]
[3170 3055 3005 3055 3035 3045 3130 2960] [2950 2850 2800 2795 2770 2905 2825 2735]
[2965 3105 3095 2975 2990 3000 3075 3050] [2995 3035 3005 2935 3035 2875 2955 2785]
[3085 3030 3195 3090 3165 3015 3100 3060] [2835 2950 2980 3075 2860 2835 3015 2915]
[2995 3015 3220 3215 3150 3200 3100 3115] [3000 3120 3025 2835 2930 3035 3145 3085]
[2970 3065 3160 3105 3155 3040 3125 3020] [3140 3025 3050 3005 3015 3055 3025 2955]
[3080 2945 2965 3240 2935 3155 3075 3150] [3115 3225 3280 3040 3050 3080 3035 3200]
[3365 3315 3145 3145 3110 3335 3235 3115] [3140 3105 3065 3100 3120 2990 3275 3290]
COM6 0 31
2
[3085 2900 2890 2900 3020 2925 3165 2935] [2910 2990 3040 2895 2850 2940 2810 2460]
[3140 2970 3015 2820 2925 2875 2915 3045] [2950 2850 2800 2795 2770 2905 2825 2735]
[2975 2805 3015 2920 2965 2990 3130 3060] [2995 3035 3005 2935 3035 2875 2955 2785]
[3220 3010 3145 2820 3175 3080 3020 3080] [2835 2950 2980 3075 2860 2835 3015 2915]
[3155 3230 3135 3190 2935 2930 3220 3250] [3000 3120 3025 2835 2930 3035 3145 3085]
[3190 3000 3050 3050 2915 2945 3245 3005] [3140 3025 3050 3005 3015 3055 3025 2955]
[3080 3065 3145 3200 3015 3335 3115 3150] [3115 3225 3280 3040 3050 3080 3035 3200]
[3300 3100 3115 2925 3270 3040 3175 3105] [3140 3105 3065 3100 3120 2990 3275 3290]
COM4 1 32
2
[3085 2900 2890 2900 3020 2925 3165 2935] [3030 3090 3170 3160 3050 3010 2935 2730]
[3140 2970 3015 2820 2925 2875 2915 3045] [3145 3015 3230 3050 3170 3110 3035 2870]
[2975 2805 3015 2920 2965 2990 3130 3060] [3240 3165 3155 3155 3285 3075 3040 3030]
[3220 3010 3145 2820 3175 3080 3020 3080] [3335 3185 3200 3180 3070 3105 3090 3080]
[3155 3230 3135 3190 2935 2930 3220 3250] [3350 3140 3240 3030 3170 3135 3180 3245]
[3190 3000 3050 3050 2915 2945 3245 3005] [3130 3315 3220 3330 3275 3225 3195 3225]
[3080 3065 3145 3200 3015 3335 3115 3150] [3220 3400 3325 3200 3255 3215 3335 3305]
[3300 3100 3115 2925 3270 3040 3175 3105] [3310 3205 3305 3430 3220 3280 3235 3195]
COM6 0 33
2
[3020 2915 2850 3025 3025 3070 3165 2925] [3030 3090 3170 3160 3050 3010 2935 2730]
[3195 3115 2995 3000 3070 2885 2970 3010] [3145 3015 3230 3050 3170 3110 3035 2870]
[2950 3020 3030 3100 2850 3045 3065 3005] [3240 3165 3155 3155 3285 3075 3040 3030]
[3085 2935 3085 3080 3155 3070 3005 2915] [3335 3185 3200 3180 3070 3105 3090 3080]
[3060 3025 3195 3215 3195 2905 3280 3080] [3350 3140 3240 3030 3170 3135 3180 3245]
[3150 2880 3240 2925 3000 2950 3375 3010] [3130 3315 3220 3330 3275 3225 3195 3225]
[3220 3250 3180 3130 2965 3085 2890 3250] [3220 3400 3325 3200 3255 3215 3335 3305]
[3235 3105 3115 3180 3120 3170 3170 3125] [3310 3205 3305 3430 3220 3280 3235 3195]
COM4 1 34
2
[3020 2915 2850 3025 3025 3070 3165 2925] [3260 3160 3325 3205 3150 3115 2900 2570]
[3195 3115 2995 3000 3070 2885 2970 3010] [3250 3125 3185 3085 3185 3175 3080 2845]
[2950 3020 3030 3100 2850 3045 3065 3005] [3255 3330 3310 3055 3215 3055 3140 2935]
[3085 2935 3085 3080 3155 3070 3005 2915] [3255 3240 3360 3215 3285 3185 3150 3195]
[3060 3025 3195 3215 3195 2905 3280 3080] [3315 3455 3200 2995 3165 3200 3245 3370]
[3150 2880 3240 2925 3000 2950 3375 3010] [3230 3400 3230 3440 3240 3200 3225 3370]
[3220 3250 3180 3130 2965 3085 2890 3250] [3355 3435 3405 3425 3150 3480 3210 3460]
[3235 3105 3115 3180 3120 3170 3170 3125] [3270 3195 3390 3450 3300 3255 3165 3145]
COM6 0 35
2
[2875 2895 2845 2940 3015 2925 3110 2875] [3260 3160 3325 3205 3150 3115 2900 2570]
[3125 3140 2925 2880 3050 3005 2970 3110] [3250 3125 3185 3085 3185 3175 3080 2845]
[3050 3055 3105 2860 3130 2990 3045 3015] [3255 3330 3310 3055 3215 3055 3140 2935]
[3150 2970 2980 3165 3095 3100 3140 3030] [3255 3240 3360 3215 3285 3185 3150 3195]
[3250 3085 2935 3070 3075 3040 3110 3090] [3315 3455 3200 2995 3165 3200 3245 3370]
[3065 2945 3240 2885 2970 3185 3255 3045] [3230 3400 3230 3440 3240 3200 3225 3370]
[2920 3065 3100 3090 3050 2925 2945 2950] [3355 3435 3405 3425 3150 3480 3210 3460]
[3165 3035 3040 3095 3005 3230 3385 2955] [3270 3195 3390 3450 3300 3255 3165 3145]
COM4 1 36
2
[2875 2895 2845 2940 3015 2925 3110 2875] [2815 2845 2870 2815 2790 2745 2695 2320]
[3125 3140 2925 2880 3050 3005 2970 3110] [2895 2850 2875 2775 2860 2885 2670 2610]
[3050 3055 3105 2860 3130 2990 3045 3015] [2910 2980 2900 2855 2915 2760 2870 2805]
[3150 2970 2980 3165 3095 3100 3140 3030] [2865 2905 3050 2890 2960 2900 3000 2800]
[3250 3085 2935 3070 3075 3040 3110 3090] [2940 2890 3000 2835 2890 2990 3020 3025]
[3065 2945 3240 2885 2970 3185 3255 3045] [2945 2965 2935 3075 2945 2960 3090 3115]
[2920 3065 3100 3090 3050 2925 2945 2950] [3035 3170 3130 2915 2940 3095 3115 3110]
[3165 3035 3040 3095 3005 3230 3385 2955] [2960 3035 3095 3185 2955 2890 2975 3100]
COM6 0 37
2
[2905 2865 2830 2990 2990 2775 2895 2720] [2815 2845 2870 2815 2790 2745 2695 2320]
[3065 3135 2960 3045 2840 3015 3035 3070] [2895 2850 2875 2775 2860 2885 2670 2610]
[2815 2825 2870 2970 2825 2975 3025 2765] [2910 2980 2900 2855 2915 2760 2870 2805]
[3115 3060 2955 2900 3070 3050 2910 2980] [2865 2905 3050 2890 2960 2900 3000 2800]
[3100 2810 2950 2965 3170 2935 3220 3210] [2940 2890 3000 2835 2890 2990 3020 3025]
[2825 2975 3120 3085 2745 2895 3095 3140] [2945 2965 2935 3075 2945 2960 3090 3115]
[3170 2850 3095 3110 2630 3085 3110 3055] [3035 3170 3130 2915 2940 3095 3115 3110]
[3165 2950 2940 3145 2875 2970 3025 2970] [2960 3035 3095 3185 2955 2890 2975 3100]
COM4 1 38
2
[2905 2865 2830 2990 2990 2775 2895 2720] [2895 2865 3015 2740 3035 2805 2700 2300]
[3065 3135 2960 3045 2840 3015 3035 3070] [2895 2875 2945 2835 2835 2980 2905 2555]
[2815 2825 2870 2970 2825 2975 3025 2765] [2995 2820 3005 2895 3000 2900 2980 2905]
[3115 3060 2955 2900 3070 3050 2910 2980] [3035 2900 3055 2910 2970 2950 2985 2865]
[3100 2810 2950 2965 3170 2935 3220 3210] [3055 2905 3030 2840 3130 3010 3080 3150]
[2825 2975 3120 3085 2745 2895 3095 3140] [2940 2980 2990 3215 3010 3085 3100 3075]
[3170 2850 3095 3110 2630 3085 3110 3055] [3050 3185 3120 3060 3035 3010 3025 3125]
[3165 2950 2940 3145 2875 2970 3025 2970] [3210 3085 3135 3195 3190 3165 3090 3105]
COM6 0 39
2
[2825 2775 2880 2915 2870 2870 2945 2905] [2895 2865 3015 2740 3035 2805 2700 2300]
[2990 2850 3015 2960 2910 2905 2950 2980] [2895 2875 2945 2835 2835 2980 2905 2555]
[2915 3095 3070 3040 2850 2900 3040 2990] [2995 2820 3005 2895 3000 2900 2980 2905]
[2930 3005 3125 2855 2990 2980 2985 2865] [3035 2900 3055 2910 2970 2950 2985 2865]
[3055 3150 2850 2940 3170 3100 3090 3105] [3055 2905 3030 2840 3130 3010 3080 3150]
[3040 3215 3110 3125 2960 3080 2900 3185] [2940 2980 2990 3215 3010 3085 3100 3075]
[3045 3080 3035 3070 3135 3080 3060 3145] [3050 3185 3120 3060 3035 3010 3025 3125]
[3100 2780 3040 2895 2940 2925 3250 3095] [3210 3085 3135 3195 3190 3165 3090 3105]
COM4 1 40
2
[2825 2775 2880 2915 2870 2870 2945 2905] [3375 3245 3525 3230 3475 3140 2735 2300]
[2990 2850 3015 2960 2910 2905 2950 2980] [3585 3330 3435 3240 3220 3195 3165 2705]
[2915 3095 3070 3040 2850 2900 3040 2990] [3410 3430 3355 3235 3385 3265 3280 2935]
[2930 3005 3125 2855 2990 2980 2985 2865] [3370 3230 3380 3355 3255 3345 3195 3075]
[3055 3150 2850 2940 3170 3100 3090 3105] [3440 3475 3325 3230 3305 3265 3360 3320]
[3040 3215 3110 3125 2960 3080 2900 3185] [3270 3345 3345 3585 3375 3305 3380 3370]
[3045 3080 3035 3070 3135 3080 3060 3145] [3495 3510 3440 3205 3380 3345 3380 3460]
[3100 2780 3040 2895 2940 2925 3250 3095] [3625 3475 3425 3585 3325 3350 3535 3490]
COM6 0 41
2
[2835 2760 2830 2850 2950 2805 3115 2915] [3375 3245 3525 3230 3475 3140 2735 2300]
[3025 3090 2720 2895 2900 2955 2815 2885] [3585 3330 3435 3240 3220 3195 3165 2705]
[3005 2915 3010 3050 2940 3005 3035 3050] [3410 3430 3355 3235 3385 3265 3280 2935]
[3080 3010 3180 2885 3045 3125 2960 3165] [3370 3230 3380 3355 3255 3345 3195 3075]
[3155 2875 3075 3105 3135 3015 3220 2780] [3440 3475 3325 3230 3305 3265 3360 3320]
[3035 3250 3005 3290 2945 3180 3190 2945] [3270 3345 3345 3585 3375 3305 3380 3370]
[3220 3285 3060 2930 2905 3175 3175 3105] [3495 3510 3440 3205 3380 3345 3380 3460]
[2995 3080 2990 3005 3150 3025 2995 3125] [3625 3475 3425 3585 3325 3350 3535 3490]
COM4 1 42
2
[2835 2760 2830 2850 2950 2805 3115 2915] [3355 3280 3345 3175 3285 3245 2885 2465]
[3025 3090 2720 2895 2900 2955 2815 2885] [3495 3330 3270 3160 3235 3310 3000 2745]
[3005 2915 3010 3050 2940 3005 3035 3050] [3290 3400 3375 3110 3150 3175 3215 3180]
[3080 3010 3180 2885 3045 3125 2960 3165] [3430 3100 3380 3340 3250 3240 3170 3145]
[3155 2875 3075 3105 3135 3015 3220 2780] [3340 3305 3290 3295 3275 3335 3405 3370]
[3035 3250 3005 3290 2945 3180 3190 2945] [3330 3390 3265 3405 3300 3245 3450 3160]
[3220 3285 3060 2930 2905 3175 3175 3105] [3465 3435 3425 3390 3130 3215 3140 3445]
[2995 3080 2990 3005 3150 3025 2995 3125] [3515 3450 3600 3440 3430 3220 3300 3440]
COM6 0 43
2
[2840 3035 3130 2975 3050 3000 2940 3045] [3355 3280 3345 3175 3285 3245 2885 2465]
[3215 3190 2840 3065 3035 3000 2915 2780] [3495 3330 3270 3160 3235 3310 3000 2745]
[3005 3075 3125 3000 2815 3145 3105 2830] [3290 3400 3375 3110 3150 3175 3215 3180]
[3000 2915 3050 3110 3180 3120 3115 2920] [3430 3100 3380 3340 3250 3240 3170 3145]
[3230 3275 3125 3060 3185 2945 3215 3005] [3340 3305 3290 3295 3275 3335 3405 3370]
[3025 3170 3410 3245 3055 3040 3220 2980] [3330 3390 3265 3405 3300 3245 3450 3160]
[3110 3205 2980 3125 3050 3175 2920 3215] [3465 3435 3425 3390 3130 3215 3140 3445]
[3240 3240 3155 3310 2895 3375 2865 3115] [3515 3450 3600 3440 3430 3220 3300 3440]
COM4 1 44
2
[2840 3035 3130 2975 3050 3000 2940 3045] [3345 3220 3410 3130 3275 3000 2735 2345]
[3215 3190 2840 3065 3035 3000 2915 2780] [3330 3150 3290 3195 3180 3115 2980 2650]
[3005 3075 3125 3000 2815 3145 3105 2830] [3170 3195 3305 3110 3225 3145 3065 2990]
[3000 2915 3050 3110 3180 3120 3115 2920] [3290 3095 3290 3155 3050 3225 3130 3205]
[3230 3275 3125 3060 3185 2945 3215 3005] [3160 3330 3190 3065 3205 3180 3255 3215]
[3025 3170 3410 3245 3055 3040 3220 2980] [3125 3305 3245 3240 3245 3245 3225 3265]
[3110 3205 2980 3125 3050 3175 2920 3215] [3320 3385 3450 3280 3255 3255 3190 3385]
[3240 3240 3155 3310 2895 3375 2865 3115] [3385 3405 3325 3360 3400 3390 3300 3245]
COM6 0 45
2
[2950 2945 2955 2970 2940 2890 3075 3000] [3345 3220 3410 3130 3275 3000 2735 2345]
[3025 3085 2880 3000 2920 3085 2945 2875] [3330 3150 3290 3195 3180 3115 2980 2650]
[2845 2945 3095 2950 2915 2795 2890 3175] [3170 3195 3305 3110 3225 3145 3065 2990]
[3035 2990 3135 2970 3130 3095 3085 2875] [3290 3095 3290 3155 3050 3225 3130 3205]
[3060 2870 3060 3080 3295 2960 3045 2925] [3160 3330 3190 3065 3205 3180 3255 3215]
[2960 3090 3070 2950 2955 3075 3175 3020] [3125 3305 3245 3240 3245 3245 3225 3265]
[3025 3210 3210 3130 3040 3165 3095 3150] [3320 3385 3450 3280 3255 3255 3190 3385]
[2805 3105 3015 2995 3150 3150 3040 3105] [3385 3405 3325 3360 3400 3390 3300 3245]
COM4 1 46
2
[2950 2945 2955 2970 2940 2890 3075 3000] [3245 3160 3260 3055 3130 3110 2615 2305]
[3025 3085 2880 3000 2920 3085 2945 2875] [3240 3180 3130 3190 3110 3140 2990 2795]
[2845 2945 3095 2950 2915 2795 2890 3175] [3275 3145 3185 3035 3200 3105 3120 3015]
[3035 2990 3135 2970 3130 3095 3085 2875] [3180 3325 3205 3205 3240 3180 3230 3005]
[3060 2870 3060 3080 3295 2960 3045 2925] [3300 3220 3295 3135 3175 3010 3290 3190]
[2960 3090 3070 2950 2955 3075 3175 3020] [3180 3100 3265 3370 3265 3205 3285 3105]
[3025 3210 3210 3130 3040 3165 3095 3150] [3320 3420 3275 3130 3240 3175 3270 3380]
[2805 3105 3015 2995 3150 3150 3040 3105] [3420 3450 3230 3310 3325 3300 3220 3375]
COM6 0 47
2
[2420 2575 2545 2850 2760 2825 2945 2960] [3245 3160 3260 3055 3130 3110 2615 2305]
[2590 2540 2625 2790 2780 2945 2810 2875] [3240 3180 3130 3190 3110 3140 2990 2795]
[2565 2620 2790 2825 2870 2760 3005 2680] [3275 3145 3185 3035 3200 3105 3120 3015]
[2635 2755 2765 2840 3035 2950 3010 2855] [3180 3325 3205 3205 3240 3180 3230 3005]
[2630 2575 2910 2830 3025 3010 3150 3005] [3300 3220 3295 3135 3175 3010 3290 3190]
[2390 2620 2830 2670 2880 2945 2835 2695] [3180 3100 3265 3370 3265 3205 3285 3105]
[2355 2570 2530 2895 2810 2650 2700 2810] [3320 3420 3275 3130 3240 3175 3270 3380]
[2725 2580 2460 2745 2720 2950 3045 3050] [3420 3450 3230 3310 3325 3300 3220 3375]
COM4 1 48
2
[2420 2575 2545 2850 2760 2825 2945 2960] [2650 2795 2670 2715 3050 2765 2460 2020]
[2590 2540 2625 2790 2780 2945 2810 2875] [2675 2795 2885 2825 2785 2775 2850 2425]
[2565 2620 2790 2825 2870 2760 3005 2680] [2810 2910 2800 2640 3005 2845 2870 2670]
[2635 2755 2765 2840 3035 2950 3010 2855] [2950 2880 2975 2880 2840 2935 2905 2775]
[2630 2575 2910 2830 3025 3010 3150 3005] [2845 2895 2835 2800 2820 2835 3030 3115]
[2390 2620 2830 2670 2880 2945 2835 2695] [2800 2870 2925 2985 2935 2960 3005 3015]
[2355 2570 2530 2895 2810 2650 2700 2810] [2950 3135 3085 3125 2915 2945 3190 2935]
[2725 2580 2460 2745 2720 2950 3045 3050] [3070 2965 3010 3055 3010 2940 2985 3165]
COM6 0 49
2
[2585 2440 2945 2800 2840 2780 2830 2655] [2650 2795 2670 2715 3050 2765 2460 2020]
[2675 2775 2775 2950 2850 3035 2760 2765] [2675 2795 2885 2825 2785 2775 2850 2425]
[2765 2805 3200 2775 2975 2865 2865 2510] [2810 2910 2800 2640 3005 2845 2870 2670]
[2995 2935 2875 2830 2995 2975 2725 2855] [2950 2880 2975 2880 2840 2935 2905 2775]
[2980 2785 3060 3000 2925 2925 3050 2835] [2845 2895 2835 2800 2820 2835 3030 3115]
[2710 2950 2800 3155 2945 3150 3090 2685] [2800 2870 2925 2985 2935 2960 3005 3015]
[2605 2695 2635 2815 2900 2950 2950 2795] [2950 3135 3085 3125 2915 2945 3190 2935]
[2840 2570 2530 2875 3055 3090 2840 2590] [3070 2965 3010 3055 3010 2940 2985 3165]
COM4 1 50
2
[2585 2440 2945 2800 2840 2780 2830 2655] [3080 3095 3205 3040 3150 2835 2580 2240]
[2675 2775 2775 2950 2850 3035 2760 2765] [3010 3135 3185 3040 2965 3100 3020 2700]
[2765 2805 3200 2775 2975 2865 2865 2510] [3250 3215 3245 3040 3105 3025 3075 2895]
[2995 2935 2875 2830 2995 2975 2725 2855] [3140 3050 3105 3130 3180 3125 3255 3120]
[2980 2785 3060 3000 2925 2925 3050 2835] [3195 3410 3245 2955 3120 3165 3185 3165]
[2710 2950 2800 3155 2945 3150 3090 2685] [3040 3215 3325 3305 3105 3290 3290 3215]
[2605 2695 2635 2815 2900 2950 2950 2795] [3295 3370 3210 3265 3210 3135 3245 3250]
[2840 2570 2530 2875 3055 3090 2840 2590] [3335 3335 3100 3205 3350 3000 3245 3135]
COM6 0 51
2
[2950 2845 2995 2855 3085 2985 2875 2365] [3080 3095 3205 3040 3150 2835 2580 2240]
[3170 3125 2825 3025 2930 3015 2930 2050] [3010 3135 3185 3040 2965 3100 3020 2700]
[2935 3025 3105 3005 2825 2890 2785 2275] [3250 3215 3245 3040 3105 3025 3075 2895]
[3180 3080 3180 3100 3040 3055 2795 2830] [3140 3050 3105 3130 3180 3125 3255 3120]
[3060 2975 3190 3040 3130 2960 2940 2870] [3195 3410 3245 2955 3120 3165 3185 3165]
[3110 3110 3205 3170 3000 3195 2970 2875] [3040 3215 3325 3305 3105 3290 3290 3215]
[3210 3020 2915 3125 2710 3010 2975 2975] [3295 3370 3210 3265 3210 3135 3245 3250]
[3335 3105 3070 3125 3085 3020 3080 2905] [3335 3335 3100 3205 3350 3000 3245 3135]
COM4 1 52
2
[2950 2845 2995 2855 3085 2985 2875 2365] [3080 3090 3240 3055 3185 3005 2680 2255]
[3170 3125 2825 3025 2930 3015 2930 2050] [2915 3105 3085 3020 2990 3095 2905 2650]
[2935 3025 3105 3005 2825 2890 2785 2275] [3050 3060 3060 3025 3155 3095 3045 2975]
[3180 3080 3180 3100 3040 3055 2795 2830] [3275 3025 3130 3065 3110 3015 3055 2995]
[3060 2975 3190 3040 3130 2960 2940 2870] [3185 3205 3115 3015 3010 3125 3125 3010]
[3110 3110 3205 3170 3000 3195 2970 2875] [3160 3110 3205 3285 3205 3200 3290 2970]
[3210 3020 2915 3125 2710 3010 2975 2975] [3300 3300 3290 3320 3195 3225 3305 3335]
[3335 3105 3070 3125 3085 3020 3080 2905] [3220 3195 3285 3305 3210 3175 3170 3375]
COM6 0 53
2
[2785 2765 2750 2820 2890 2635 2225 1650] [3080 3090 3240 3055 3185 3005 2680 2255]
[2845 2935 2820 2950 2940 2715 2355 1420] [2915 3105 3085 3020 2990 3095 2905 2650]
[2575 2895 2870 2870 2825 2600 2140 1620] [3050 3060 3060 3025 3155 3095 3045 2975]
[2835 2890 3040 3000 2795 2480 2130 1900] [3275 3025 3130 3065 3110 3015 3055 2995]
[3005 2940 2890 2915 3030 2540 2405 2190] [3185 3205 3115 3015 3010 3125 3125 3010]
[2785 3095 3160 3085 2795 2800 2495 2360] [3160 3110 3205 3285 3205 3200 3290 2970]
[2925 2920 2885 3070 2995 2675 2345 2230] [3300 3300 3290 3320 3195 3225 3305 3335]
[2795 3100 2720 3000 2675 2620 2390 2150] [3220 3195 3285 3305 3210 3175 3170 3375]
COM4 1 54
2
[2785 2765 2750 2820 2890 2635 2225 1650] [3005 3045 3165 2975 3045 3015 2540 2225]
[2845 2935 2820 2950 2940 2715 2355 1420] [3070 3090 3100 3085 2840 3120 2895 2610]
[2575 2895 2870 2870 2825 2600 2140 1620] [2930 3135 3180 3010 3235 2895 3045 2880]
[2835 2890 3040 3000 2795 2480 2130 1900] [3175 3210 2980 3145 2965 2925 3075 3030]
[3005 2940 2890 2915 3030 2540 2405 2190] [3260 3230 3225 3145 3070 3125 3230 3045]
[2785 3095 3160 3085 2795 2800 2495 2360] [2965 3065 3040 3200 3065 3210 3145 3175]
[2925 2920 2885 3070 2995 2675 2345 2230] [3170 3320 3205 3080 3085 3110 3195 3180]
[2795 3100 2720 3000 2675 2620 2390 2150] [3115 3120 3275 3355 3240 3250 3315 3155]
COM6 0 55
2
[2780 2515 2385 1670 1035 1040 1155 1225] [3005 3045 3165 2975 3045 3015 2540 2225]
[2865 2765 2230 1680 1140 1015 1180 1430] [3070 3090 3100 3085 2840 3120 2895 2610]
[2700 2560 2430 1665 1035 1090 1405 1670] [2930 3135 3180 3010 3235 2895 3045 2880]
[2765 2640 2490 1810 1360 1205 1530 1810] [3175 3210 2980 3145 2965 2925 3075 3030]
[2930 2845 2625 2035 1795 1805 2100 2345] [3260 3230 3225 3145 3070 3125 3230 3045]
[2945 2870 2865 2660 2320 2350 2575 2710] [2965 3065 3040 3200 3065 3210 3145 3175]
[2905 2995 2835 2885 2825 2660 2485 2735] [3170 3320 3205 3080 3085 3110 3195 3180]
[2970 3045 2825 2890 2835 2890 2990 2855] [3115 3120 3275 3355 3240 3250 3315 3155]
COM4 1 56
2
[2780 2515 2385 1670 1035 1040 1155 1225] [3095 3205 3170 3180 3135 3090 2680 2345]
[2865 2765 2230 1680 1140 1015 1180 1430] [3240 3165 3120 3140 3000 3155 3010 2765]
[2700 2560 2430 1665 1035 1090 1405 1670] [3250 3115 3140 3105 3100 3090 3010 3035]
[2765 2640 2490 1810 1360 1205 1530 1810] [3150 3245 3220 3200 3120 3135 3260 3045]
[2930 2845 2625 2035 1795 1805 2100 2345] [3165 3280 3255 2905 3185 3135 3125 3250]
[2945 2870 2865 2660 2320 2350 2575 2710] [3150 3190 3105 3385 3165 3185 3260 3270]
[2905 2995 2835 2885 2825 2660 2485 2735] [3295 3240 3255 3300 3265 3110 3175 3195]
[2970 3045 2825 2890 2835 2890 2990 2855] [3215 3320 3230 3310 3175 3195 3150 3180]
COM6 0 57
2
[2895 2710 2640 2500 2550 2460 2780 3075] [3095 3205 3170 3180 3135 3090 2680 2345]
[3215 3065 2920 2805 2775 2695 2855 3150] [3240 3165 3120 3140 3000 3155 3010 2765]
[3010 2950 3115 2925 2890 2940 3100 3025] [3250 3115 3140 3105 3100 3090 3010 3035]
[3115 3045 3100 3055 3065 3145 3080 3035] [3150 3245 3220 3200 3120 3135 3260 3045]
[3155 2995 3135 3175 3205 3100 3245 3190] [3165 3280 3255 2905 3185 3135 3125 3250]
[2985 3145 3100 3155 3005 3320 3295 3125] [3150 3190 3105 3385 3165 3185 3260 3270]
[3180 3220 3070 3245 3190 3165 3095 3135] [3295 3240 3255 3300 3265 3110 3175 3195]
[3210 3205 2985 3115 2895 3275 3205 3275] [3215 3320 3230 3310 3175 3195 3150 3180]
COM4 1 58
2
[2895 2710 2640 2500 2550 2460 2780 3075] [3295 3175 3395 3355 3215 2985 2795 2255]
[3215 3065 2920 2805 2775 2695 2855 3150] [3140 3170 3250 3180 3130 3040 3025 2675]
[3010 2950 3115 2925 2890 2940 3100 3025] [3280 3245 3265 3010 3200 3065 3180 2945]
[3115 3045 3100 3055 3065 3145 3080 3035] [3285 3275 3225 3115 3150 3100 3175 3030]
[3155 2995 3135 3175 3205 3100 3245 3190] [3330 3300 3380 3195 3200 3160 3300 3140]
[2985 3145 3100 3155 3005 3320 3295 3125] [3145 3200 3230 3320 3320 3355 3250 3235]
[3180 3220 3070 3245 3190 3165 3095 3135] [3230 3405 3450 3310 3220 3345 3265 3310]
[3210 3205 2985 3115 2895 3275 3205 3275] [3365 3400 3315 3430 3200 3300 3310 3345]
COM6 0 59
2
[3005 2840 2805 2880 2940 2885 2975 2960] [3295 3175 3395 3355 3215 2985 2795 2255]
[3000 3020 2905 3065 2925 3025 2895 2810] [3140 3170 3250 3180 3130 3040 3025 2675]
[2955 2975 2920 3005 2815 2930 2940 2995] [3280 3245 3265 3010 3200 3065 3180 2945]
[2840 2870 3015 2920 2875 2935 2910 2870] [3285 3275 3225 3115 3150 3100 3175 3030]
[3090 2985 2905 2890 3025 2935 3040 3030] [3330 3300 3380 3195 3200 3160 3300 3140]
[3000 2910 3110 2950 2915 3055 2995 2905] [3145 3200 3230 3320 3320 3355 3250 3235]
[3055 3020 3010 2980 2940 2915 2930 2970] [3230 3405 3450 3310 3220 3345 3265 3310]
[3070 3000 2800 3080 3000 3055 3150 3165] [3365 3400 3315 3430 3200 3300 3310 3345]
COM4 1 60
2
[3005 2840 2805 2880 2940 2885 2975 2960] [3095 2945 3165 2925 3000 3045 2645 2350]
[3000 3020 2905 3065 2925 3025 2895 2810] [3175 3045 3090 3125 3000 3045 2915 2570]
[2955 2975 2920 3005 2815 2930 2940 2995] [3250 3220 3130 2955 3130 3095 3100 3000]
[2840 2870 3015 2920 2875 2935 2910 2870] [3205 3035 3135 3090 3170 3145 3060 3050]
[3090 2985 2905 2890 3025 2935 3040 3030] [3170 3185 3285 3135 3205 3005 3145 3150]
[3000 2910 3110 2950 2915 3055 2995 2905] [3035 3140 3140 3295 3115 3095 3160 3040]
[3055 3020 3010 2980 2940 2915 2930 2970] [3270 3310 3350 3145 3295 3265 3155 3190]
[3070 3000 2800 3080 3000 3055 3150 3165] [3145 3200 3215 3310 3165 3175 3275 3240]
COM6 0 61
2
[2745 2635 2750 2830 2890 2715 2970 2790] [3095 2945 3165 2925 3000 3045 2645 2350]
[2960 2835 2820 2925 2810 2885 2800 2850] [3175 3045 3090 3125 3000 3045 2915 2570]
[2750 2855 2970 2815 2765 2735 2840 2975] [3250 3220 3130 2955 3130 3095 3100 3000]
[2815 2810 2980 2740 3025 2850 2805 2740] [3205 3035 3135 3090 3170 3145 3060 3050]
[2935 3065 2845 2795 2950 2905 2825 2900] [3170 3185 3285 3135 3205 3005 3145 3150]
[2875 2925 2935 3010 3010 2940 3020 2735] [3035 3140 3140 3295 3115 3095 3160 3040]
[2960 2915 3040 2995 2945 2960 2895 2975] [3270 3310 3350 3145 3295 3265 3155 3190]
[3130 2945 2855 2910 2845 2930 3015 2925] [3145 3200 3215 3310 3165 3175 3275 3240]
COM4 1 62
2
[2745 2635 2750 2830 2890 2715 2970 2790] [2995 3085 3195 3025 3205 2925 2720 2265]
[2960 2835 2820 2925 2810 2885 2800 2850] [3285 3110 3185 3115 3030 2970 3085 2600]
[2750 2855 2970 2815 2765 2735 2840 2975] [3180 3025 3200 3160 3235 3220 3090 2860]
[2815 2810 2980 2740 3025 2850 2805 2740] [3255 3320 3205 3140 3145 3035 3085 3020]
[2935 3065 2845 2795 2950 2905 2825 2900] [3245 3170 3205 3040 3155 3220 3290 3005]
[2875 2925 2935 3010 3010 2940 3020 2735] [3045 3225 3135 3335 3075 3180 3270 3355]
[2960 2915 3040 2995 2945 2960 2895 2975] [3245 3335 3300 3340 3115 3135 3370 3410]
[3130 2945 2855 2910 2845 2930 3015 2925] [3365 3320 3270 3335 3185 3245 3305 3370]
COM6 0 63
2
[2900 3065 3090 2995 2980 3065 2985 3110] [2995 3085 3195 3025 3205 2925 2720 2265]
[3165 3245 2805 3070 3075 3025 2945 3115] [3285 3110 3185 3115 3030 2970 3085 2600]
[2935 2975 3030 3055 2940 3010 3060 3060] [3180 3025 3200 3160 3235 3220 3090 2860]
[3090 3070 3170 2925 3125 2995 3020 3075] [3255 3320 3205 3140 3145 3035 3085 3020]
[3285 3105 3215 3145 3315 3050 3150 3060] [3245 3170 3205 3040 3155 3220 3290 3005]
[3025 3125 3100 3215 3020 3160 3245 3075] [3045 3225 3135 3335 3075 3180 3270 3355]
[3215 3215 2935 3240 3020 3130 3085 3210] [3245 3335 3300 3340 3115 3135 3370 3410]
[3210 3155 3230 3170 3040 3025 3225 3295] [3365 3320 3270 3335 3185 3245 3305 3370]
COM4 1 64
2
[2900 3065 3090 2995 2980 3065 2985 3110] [3055 3045 3220 3025 3100 2925 2605 2350]
[3165 3245 2805 3070 3075 3025 2945 3115] [3080 3060 3080 2980 2945 3070 3020 2655]
[2935 2975 3030 3055 2940 3010 3060 3060] [3255 3110 3120 2905 3145 2905 3105 2925]
[3090 3070 3170 2925 3125 2995 3020 3075] [3115 3010 3215 3130 3090 2870 3250 3115]
[3285 3105 3215 3145 3315 3050 3150 3060] [3285 3170 3235 3035 3135 3165 3170 3250]
[3025 3125 3100 3215 3020 3160 3245 3075] [3015 3055 3200 3155 3105 3200 3290 3150]
[3215 3215 2935 3240 3020 3130 3085 3210] [3140 3310 3175 3130 3075 3050 3205 3230]
[3210 3155 3230 3170 3040 3025 3225 3295] [3115 3205 3205 3305 3180 3100 3270 3195]
COM6 0 65
2
[2870 2715 2715 2820 2930 2905 2930 2905] [3055 3045 3220 3025 3100 2925 2605 2350]
[2825 3015 2915 2735 2880 2790 2995 2950] [3080 3060 3080 2980 2945 3070 3020 2655]
[2670 2840 2750 2810 2835 3010 2985 2845] [3255 3110 3120 2905 3145 2905 3105 2925]
[2720 2910 3005 2810 2860 2815 2890 2965] [3115 3010 3215 3130 3090 2870 3250 3115]
[2995 2870 3100 2925 2975 3005 2950 3055] [3285 3170 3235 3035 3135 3165 3170 3250]
[2870 3035 3070 3090 2950 3120 3180 3060] [3015 3055 3200 3155 3105 3200 3290 3150]
[3035 3010 2780 3000 3070 2805 2820 2935] [3140 3310 3175 3130 3075 3050 3205 3230]
[2900 2935 2820 3035 3060 3075 3140 2880] [3115 3205 3205 3305 3180 3100 3270 3195]