COM4 1 6
2
[2960 2760 2720 3090 2855 2790 2905 2945] [3040 3000 3135 3050 2970 2330 1715 1535]
[3025 2885 2775 2930 2890 3005 2815 2895] [3085 3000 3235 3075 3005 2645 1890 1475]
[2755 3005 2990 2975 2775 2965 2980 2900] [3100 3120 3145 2895 3045 2770 2100 1500]
[2915 2875 2980 2805 3070 2875 2770 2925] [3190 2960 3030 2975 3085 2870 2430 1650]
[2980 2920 2985 3050 2905 2875 3195 2970] [3040 3210 3140 2945 3015 2995 2640 2005]
[2880 3070 2980 3020 2960 2895 3110 3020] [3000 3260 3205 3170 3085 3070 3110 2145]
[2865 3145 2935 3005 2950 2920 2945 3080] [3315 3155 3125 3120 3065 3115 3075 2610]
[3080 2925 2860 3030 2940 2925 2915 2875] [3260 3240 3115 3390 3150 3195 3150 2860]
COM6 0 7
2
[3030 2970 2960 2950 3075 2985 3115 3105] [3040 3000 3135 3050 2970 2330 1715 1535]
[2970 3175 3035 3105 3140 3055 3025 3050] [3085 3000 3235 3075 3005 2645 1890 1475]
[2940 3020 3135 3055 3030 3040 3095 3085] [3100 3120 3145 2895 3045 2770 2100 1500]
[2925 3040 3040 3115 3155 3145 3105 3155] [3190 2960 3030 2975 3085 2870 2430 1650]
[3115 3110 3205 3105 3175 3195 3365 3400] [3040 3210 3140 2945 3015 2995 2640 2005]
[3040 3060 3230 3125 3110 3185 3190 3200] [3000 3260 3205 3170 3085 3070 3110 2145]
[3320 3205 3155 3305 3270 3125 3070 3165] [3315 3155 3125 3120 3065 3115 3075 2610]
[3325 3180 3280 3110 3210 3080 3315 3295] [3260 3240 3115 3390 3150 3195 3150 2860]
COM4 1 8
2
[3030 2970 2960 2950 3075 2985 3115 3105] [2940 3035 3220 2880 2825 1965 1475 1435]
[2970 3175 3035 3105 3140 3055 3025 3050] [3245 3205 3285 2955 2710 2075 1470 1250]
[2940 3020 3135 3055 3030 3040 3095 3085] [3370 3095 3135 3185 2995 2085 1625 1300]
[2925 3040 3040 3115 3155 3145 3105 3155] [3150 3355 3275 3150 2995 2330 1695 1315]
[3115 3110 3205 3105 3175 3195 3365 3400] [3145 3195 3315 2995 2865 2590 1840 1545]
[3040 3060 3230 3125 3110 3185 3190 3200] [3020 3160 3225 3110 2940 2845 2220 1445]
[3320 3205 3155 3305 3270 3125 3070 3165] [3055 3320 3155 3175 3060 2605 1935 1585]
[3325 3180 3280 3110 3210 3080 3315 3295] [3455 3445 3390 3360 3045 2670 1825 1260]
COM6 0 9
2
[2795 2685 2705 2840 2835 2880 2985 2880] [2940 3035 3220 2880 2825 1965 1475 1435]
[2890 2925 2745 2845 2770 2885 2915 2945] [3245 3205 3285 2955 2710 2075 1470 1250]
[2725 2770 2805 2835 2885 2800 3020 2995] [3370 3095 3135 3185 2995 2085 1625 1300]
[2895 2895 3005 2820 2915 2800 2845 2770] [3150 3355 3275 3150 2995 2330 1695 1315]
[2965 2775 2875 2940 2860 2880 2975 3000] [3145 3195 3315 2995 2865 2590 1840 1545]
[2790 2895 2860 2825 2770 2800 3130 2810] [3020 3160 3225 3110 2940 2845 2220 1445]
[2850 3085 2840 2920 2585 3030 2775 2810] [3055 3320 3155 3175 3060 2605 1935 1585]
[3040 2725 2735 2930 2940 2865 2855 2965] [3455 3445 3390 3360 3045 2670 1825 1260]
COM4 1 10
2
[2795 2685 2705 2840 2835 2880 2985 2880] [3200 3050 2870 2190 1640 1425 1340 1630]
[2890 2925 2745 2845 2770 2885 2915 2945] [2935 3050 2985 2095 1560 1435 1330 1430]
[2725 2770 2805 2835 2885 2800 3020 2995] [3070 3160 2920 2340 1800 1380 1345 1340]
[2895 2895 3005 2820 2915 2800 2845 2770] [3125 3210 3080 2530 1815 1420 1295 1330]
[2965 2775 2875 2940 2860 2880 2975 3000] [3045 3250 3000 2440 1825 1420 1380 1370]
[2790 2895 2860 2825 2770 2800 3130 2810] [3275 2915 2830 2375 1565 1275 1260 1330]
[2850 3085 2840 2920 2585 3030 2775 2810] [3045 3175 2925 2005 1405 1145 1250 1405]
[3040 2725 2735 2930 2940 2865 2855 2965] [3150 3310 2905 2215 1425 1310 1365 1580]
COM6 0 11
2
[2885 2910 2825 2845 2905 2880 2885 2780] [3200 3050 2870 2190 1640 1425 1340 1630]
[2985 3050 2940 2905 2915 2870 2910 2935] [2935 3050 2985 2095 1560 1435 1330 1430]
[2825 2905 2950 2870 2895 2930 2815 3000] [3070 3160 2920 2340 1800 1380 1345 1340]
[3030 3010 3070 2925 2990 2995 2950 2985] [3125 3210 3080 2530 1815 1420 1295 1330]
[3055 2900 3105 2960 3060 2900 2855 2935] [3045 3250 3000 2440 1825 1420 1380 1370]
[2955 2995 3145 3095 2885 3070 2950 2775] [3275 2915 2830 2375 1565 1275 1260 1330]
[2995 3095 2835 3100 2900 2990 2825 2750] [3045 3175 2925 2005 1405 1145 1250 1405]
[3110 3105 3155 3050 2850 2990 2900 2755] [3150 3310 2905 2215 1425 1310 1365 1580]
COM4 1 12
2
[2885 2910 2825 2845 2905 2880 2885 2780] [2865 2810 1985 1410 1315 1185 1190 1275]
[2985 3050 2940 2905 2915 2870 2910 2935] [2965 2710 1930 1400 1160 1230 1160 1140]
[2825 2905 2950 2870 2895 2930 2815 3000] [2910 2675 2075 1340 1300 1150 1145 1130]
[3030 3010 3070 2925 2990 2995 2950 2985] [2975 2680 2310 1525 1135 1110 1210 1170]
[3055 2900 3105 2960 3060 2900 2855 2935] [2970 2485 2080 1275 1110 1025 1165 1220]
[2955 2995 3145 3095 2885 3070 2950 2775] [2630 2370 1685 1340 1000 1125 1220 1305]
[2995 3095 2835 3100 2900 2990 2825 2750] [2790 2090 1485 1145 1045 1095 1130 1410]
[3110 3105 3155 3050 2850 2990 2900 2755] [2840 2325 1610 1265 1165  990 1435 1830]
COM6 0 13
2
[2770 2650 2325 1730 1220  970  805  745] [2865 2810 1985 1410 1315 1185 1190 1275]
[2805 2790 2070 1590  915  735  745  820] [2965 2710 1930 1400 1160 1230 1160 1140]
[2645 2585 2350 1525  840  770  835 1005] [2910 2675 2075 1340 1300 1150 1145 1130]
[2765 2800 2510 1860 1305 1055 1025 1345] [2975 2680 2310 1525 1135 1110 1210 1170]
[2815 2815 2685 2255 1765 1125 1545 1600] [2970 2485 2080 1275 1110 1025 1165 1220]
[2720 2845 2980 2590 2470 2180 1940 2060] [2630 2370 1685 1340 1000 1125 1220 1305]
[2835 2940 2965 2840 2435 2560 2530 2545] [2790 2090 1485 1145 1045 1095 1130 1410]
[2960 2975 2870 2795 2945 2900 2835 2645] [2840 2325 1610 1265 1165  990 1435 1830]
COM4 1 14
2
[2770 2650 2325 1730 1220  970  805  745] [2895 2310 1745 1345 1350 1265 1305 1290]
[2805 2790 2070 1590  915  735  745  820] [3040 2375 1685 1270 1180 1290 1190 1115]
[2645 2585 2350 1525  840  770  835 1005] [2865 2360 1755 1330 1320 1155 1210 1125]
[2765 2800 2510 1860 1305 1055 1025 1345] [2830 2635 1720 1300 1130 1065 1230 1120]
[2815 2815 2685 2255 1765 1125 1545 1600] [2930 2560 1835 1175 1110 1130 1295 1260]
[2720 2845 2980 2590 2470 2180 1940 2060] [2660 2175 1695 1340 1090 1135 1015 1310]
[2835 2940 2965 2840 2435 2560 2530 2545] [2640 2105 1560 1165 1140 1120 1205 1590]
[2960 2975 2870 2795 2945 2900 2835 2645] [2815 1855 1350 1215 1155 1125 1345 2005]
COM6 0 15
2
[2650 2505 2865 2715 2575 2575 2875 2685] [2895 2310 1745 1345 1350 1265 1305 1290]
[2845 2870 2755 2780 2680 2810 2675 2790] [3040 2375 1685 1270 1180 1290 1190 1115]
[2765 2775 2805 2720 2700 2855 2860 3035] [2865 2360 1755 1330 1320 1155 1210 1125]
[2970 2905 2925 2790 2840 2985 2800 2795] [2830 2635 1720 1300 1130 1065 1230 1120]
[2945 3005 2905 2915 3005 2960 3025 2990] [2930 2560 1835 1175 1110 1130 1295 1260]
[2910 2900 3055 3015 2870 2720 3200 2965] [2660 2175 1695 1340 1090 1135 1015 1310]
[2910 2925 2975 2945 3065 2755 2710 2995] [2640 2105 1560 1165 1140 1120 1205 1590]
[3105 3025 3070 2945 2845 3020 3005 2970] [2815 1855 1350 1215 1155 1125 1345 2005]
COM4 1 16
2
[2650 2505 2865 2715 2575 2575 2875 2685] [2390 1610 1360 1260 1375 1220 1170 1365]
[2845 2870 2755 2780 2680 2810 2675 2790] [2385 1735 1450 1180 1205 1290 1170 1230]
[2765 2775 2805 2720 2700 2855 2860 3035] [2565 1845 1425 1280 1300 1290 1255 1210]
[2970 2905 2925 2790 2840 2985 2800 2795] [3115 1980 1640 1330 1185 1235 1355 1355]
[2945 3005 2905 2915 3005 2960 3025 2990] [2770 2345 1780 1165 1135 1140 1235 1390]
[2910 2900 3055 3015 2870 2720 3200 2965] [3040 2770 1755 1650 1160 1085 1190 1275]
[2910 2925 2975 2945 3065 2755 2710 2995] [3130 2605 1920 1440 1175 1075 1185 1410]
[3105 3025 3070 2945 2845 3020 3005 2970] [3195 2765 1855 1465 1080 1150 1165 1770]
COM6 0 17
2
[2935 2690 2900 2670 2695 2620 2800 2750] [2390 1610 1360 1260 1375 1220 1170 1365]
[2900 3005 2810 2845 2800 2860 2935 2790] [2385 1735 1450 1180 1205 1290 1170 1230]
[2650 2975 2905 2845 2785 2835 2865 2950] [2565 1845 1425 1280 1300 1290 1255 1210]
[2900 2870 2855 2775 3045 2855 2895 2895] [3115 1980 1640 1330 1185 1235 1355 1355]
[3050 2940 2830 2885 3050 2945 3080 2915] [2770 2345 1780 1165 1135 1140 1235 1390]
[3045 2935 3055 2935 2910 3065 2975 2800] [3040 2770 1755 1650 1160 1085 1190 1275]
[3130 3020 2950 2935 2850 2915 3010 2985] [3130 2605 1920 1440 1175 1075 1185 1410]
[3090 2815 2975 3060 2920 3045 3110 3010] [3195 2765 1855 1465 1080 1150 1165 1770]
COM4 1 18
2
[2935 2690 2900 2670 2695 2620 2800 2750] [1515 1460 1380 1345 1400 1240 1195 1335]
[2900 3005 2810 2845 2800 2860 2935 2790] [1615 1470 1345 1250 1145 1330 1230 1275]
[2650 2975 2905 2845 2785 2835 2865 2950] [1775 1370 1405 1335 1320 1285 1290 1320]
[2900 2870 2855 2775 3045 2855 2895 2895] [2055 1655 1560 1360 1245 1200 1330 1390]
[3050 2940 2830 2885 3050 2945 3080 2915] [2700 2230 1725 1215 1300 1220 1395 1445]
[3045 2935 3055 2935 2910 3065 2975 2800] [2720 2550 1565 1660 1205 1265 1125 1455]
[3130 3020 2950 2935 2850 2915 3010 2985] [3195 2570 1895 1370 1105 1235 1675 1690]
[3090 2815 2975 3060 2920 3045 3110 3010] [3170 2805 1780 1430 1240 1020 1350 1800]
COM6 0 19
2
[2780 2620 2700 2715 2625 2610 2835 2790] [1515 1460 1380 1345 1400 1240 1195 1335]
[3025 2960 2805 2865 2790 2815 2750 2900] [1615 1470 1345 1250 1145 1330 1230 1275]
[2700 2840 2860 2895 2815 2970 2865 2895] [1775 1370 1405 1335 1320 1285 1290 1320]
[2915 2810 3045 2775 3040 2910 2765 2720] [2055 1655 1560 1360 1245 1200 1330 1390]
[2980 2850 2965 2915 3105 2790 2825 3055] [2700 2230 1725 1215 1300 1220 1395 1445]
[2830 2970 3145 3000 2755 2970 2970 2850] [2720 2550 1565 1660 1205 1265 1125 1455]
[2865 2920 2865 3090 2830 3055 2870 3170] [3195 2570 1895 1370 1105 1235 1675 1690]
[2910 2905 2810 3080 2990 3080 3085 3050] [3170 2805 1780 1430 1240 1020 1350 1800]
COM4 1 20
2
[2780 2620 2700 2715 2625 2610 2835 2790] [1145 1190 1045 1120 1235 1115 1090 1235]
[3025 2960 2805 2865 2790 2815 2750 2900] [1200 1205 1245 1120 1070 1265 1130 1100]
[2700 2840 2860 2895 2815 2970 2865 2895] [1305 1190 1175 1155 1270 1170 1315 1190]
[2915 2810 3045 2775 3040 2910 2765 2720] [1740 1325 1270 1220 1150 1210 1460 1355]
[2980 2850 2965 2915 3105 2790 2825 3055] [2315 1505 1270 1055 1120 1095 1345 2030]
[2830 2970 3145 3000 2755 2970 2970 2850] [2265 1920 1270 1115 1025 1335 1685 2315]
[2865 2920 2865 3090 2830 3055 2870 3170] [2735 2025 1460 1125 1040 1185 1560 2260]
[2910 2905 2810 3080 2990 3080 3085 3050] [2745 1805 1375 1115 1050 1240 1820 2610]
COM6 0 21
2
[2855 2715 2700 2705 2725 2710 2920 2795] [1145 1190 1045 1120 1235 1115 1090 1235]
[2895 3040 2860 2905 2900 2960 2805 2995] [1200 1205 1245 1120 1070 1265 1130 1100]
[2765 2925 2875 2790 2810 2980 3025 2965] [1305 1190 1175 1155 1270 1170 1315 1190]
[2980 2815 3015 2920 3000 3010 2910 2805] [1740 1325 1270 1220 1150 1210 1460 1355]
[2890 3045 3035 2860 3100 2895 3120 3015] [2315 1505 1270 1055 1120 1095 1345 2030]
[2870 2930 3025 3135 2895 2925 2945 2860] [2265 1920 1270 1115 1025 1335 1685 2315]
[3015 3095 2940 2980 2915 2860 3010 2995] [2735 2025 1460 1125 1040 1185 1560 2260]
[2960 3005 2965 2915 2910 3100 3115 3080] [2745 1805 1375 1115 1050 1240 1820 2610]
COM4 1 22
2
[2855 2715 2700 2705 2725 2710 2920 2795] [1190 1210 1180 1150 1370 1235 1170 1405]
[2895 3040 2860 2905 2900 2960 2805 2995] [1315 1180 1195 1200 1175 1225 1200 1210]
[2765 2925 2875 2790 2810 2980 3025 2965] [1390 1270 1265 1260 1340 1240 1145 1180]
[2980 2815 3015 2920 3000 3010 2910 2805] [1575 1115 1255  935 1160 1405 1310 1675]
[2890 3045 3035 2860 3100 2895 3120 3015] [1120  875  920  985 1035 1405 2220 2320]
[2870 2930 3025 3135 2895 2925 2945 2860] [1005  930  995 1060 1075 1510 2500 2465]
[3015 3095 2940 2980 2915 2860 3010 2995] [ 810 1020  995 1160 1190 1425 2570 2975]
[2960 3005 2965 2915 2910 3100 3115 3080] [1115 1025 1020 1215 1255 1905 2445 3210]
COM6 0 23
2
[2825 2840 2765 2785 2895 2835 2940 2960] [1190 1210 1180 1150 1370 1235 1170 1405]
[3025 3000 2785 2805 2830 2760 2845 2790] [1315 1180 1195 1200 1175 1225 1200 1210]
[2760 2845 2850 2795 2790 2790 2945 2910] [1390 1270 1265 1260 1340 1240 1145 1180]
[2830 2840 3040 2815 3000 2905 3015 2905] [1575 1115 1255  935 1160 1405 1310 1675]
[2945 2920 2795 2900 2915 2790 2970 3015] [1120  875  920  985 1035 1405 2220 2320]
[3035 3005 3000 3050 2940 2965 3090 3110] [1005  930  995 1060 1075 1510 2500 2465]
[2995 3045 2885 2985 3010 2990 2930 2905] [ 810 1020  995 1160 1190 1425 2570 2975]
[2990 3000 2800 3020 2945 3085 3090 2950] [1115 1025 1020 1215 1255 1905 2445 3210]
COM4 1 24
2
[2825 2840 2765 2785 2895 2835 2940 2960] [1660 1530 1565 1450 1450 1415 1615 1860]
[3025 3000 2785 2805 2830 2760 2845 2790] [1735 1600 1540 1435 1430 1525 1465 1855]
[2760 2845 2850 2795 2790 2790 2945 2910] [1640 1650 1540 1550 1440 1350 1670 1925]
[2830 2840 3040 2815 3000 2905 3015 2905] [1210 1140 1515 1545 1730 1745 1730 2245]
[2945 2920 2795 2900 2915 2790 2970 3015] [ 945 1095 1260 1465 1865 2095 2120 2385]
[3035 3005 3000 3050 2940 2965 3090 3110] [ 885 1215 1140 1430 2205 2255 2680 2800]
[2995 3045 2885 2985 3010 2990 2930 2905] [1045 1265 1280 1725 2235 2540 2635 2840]
[2990 3000 2800 3020 2945 3085 3090 2950] [1665 1375 1585 2295 2405 2520 2690 2580]
COM6 0 25
2
[2910 2745 2745 2855 2985 2805 2905 2880] [1660 1530 1565 1450 1450 1415 1615 1860]
[2965 2980 2845 2855 2915 2760 2860 2780] [1735 1600 1540 1435 1430 1525 1465 1855]
[2885 2925 2800 2850 2770 2945 2865 2790] [1640 1650 1540 1550 1440 1350 1670 1925]
[2775 2940 3155 2935 3025 2810 2940 2920] [1210 1140 1515 1545 1730 1745 1730 2245]
[3035 2920 3015 2875 2930 2965 2975 3165] [ 945 1095 1260 1465 1865 2095 2120 2385]
[2905 2930 2965 2965 2885 3015 3035 2970] [ 885 1215 1140 1430 2205 2255 2680 2800]
[2960 3070 2950 3105 3005 2970 2770 3065] [1045 1265 1280 1725 2235 2540 2635 2840]
[2930 3025 2845 3050 2935 2985 3000 2970] [1665 1375 1585 2295 2405 2520 2690 2580]
COM4 1 26
2
[2910 2745 2745 2855 2985 2805 2905 2880] [1385 1335 1390 1335 1785 1995 2630 3075]
[2965 2980 2845 2855 2915 2760 2860 2780] [1455 1310 1305 1385 1670 2170 2795 3095]
[2885 2925 2800 2850 2770 2945 2865 2790] [1505 1490 1395 1460 1940 2555 2860 3045]
[2775 2940 3155 2935 3025 2810 2940 2920] [1765 1590 1800 1845 2470 2800 3045 3155]
[3035 2920 3015 2875 2930 2965 2975 3165] [2045 2225 2610 2480 2775 3045 3215 3215]
[2905 2930 2965 2965 2885 3015 3035 2970] [2270 2725 3085 3100 3055 3220 3105 3170]
[2960 3070 2950 3105 3005 2970 2770 3065] [2735 3010 3195 3245 3255 3205 3350 3290]
[2930 3025 2845 3050 2935 2985 3000 2970] [3330 3260 3170 3360 3230 3285 3275 3470]
COM6 0 27
2
[2785 2670 2830 2760 2835 2870 2880 2810] [1385 1335 1390 1335 1785 1995 2630 3075]
[2995 2905 2830 2800 2945 2850 2925 2955] [1455 1310 1305 1385 1670 2170 2795 3095]
[2910 2910 2860 2855 2850 2940 2995 2915] [1505 1490 1395 1460 1940 2555 2860 3045]
[3020 2940 3025 2785 2995 2995 2895 2880] [1765 1590 1800 1845 2470 2800 3045 3155]
[3075 2855 3005 2790 3025 3010 3075 3040] [2045 2225 2610 2480 2775 3045 3215 3215]
[3115 2810 3120 2895 2970 3095 2935 2860] [2270 2725 3085 3100 3055 3220 3105 3170]
[3000 3075 3090 2975 3085 2945 2730 2975] [2735 3010 3195 3245 3255 3205 3350 3290]
[3170 3085 2995 2990 3050 2980 3090 2860] [3330 3260 3170 3360 3230 3285 3275 3470]
COM4 1 28
2
[2785 2670 2830 2760 2835 2870 2880 2810] [1185 1345 1655 2015 2745 2810 2905 3225]
[2995 2905 2830 2800 2945 2850 2925 2955] [1250 1435 1860 2295 2675 3100 3000 3150]
[2910 2910 2860 2855 2850 2940 2995 2915] [1595 1805 2075 2610 3005 3145 3035 3020]
[3020 2940 3025 2785 2995 2995 2895 2880] [2390 2405 2715 2890 2990 3195 3105 3045]
[3075 2855 3005 2790 3025 3010 3075 3040] [2905 3035 2995 3035 3075 3285 3070 3005]
[3115 2810 3120 2895 2970 3095 2935 2860] [3040 3110 3385 3075 3135 3040 3180 3355]
[3000 3075 3090 2975 3085 2945 2730 2975] [3200 3110 3195 3315 3360 3380 3275 3265]
[3170 3085 2995 2990 3050 2980 3090 2860] [3200 3155 3220 3310 3265 3095 3290 3250]
COM6 0 29
2
[2895 2785 2750 2840 2875 2800 2980 2820] [1185 1345 1655 2015 2745 2810 2905 3225]
[2960 2895 2860 2925 2840 2745 2705 2815] [1250 1435 1860 2295 2675 3100 3000 3150]
[2720 2860 2895 2855 2765 2985 2870 2910] [1595 1805 2075 2610 3005 3145 3035 3020]
[2980 2855 3145 2770 2980 2835 2905 2760] [2390 2405 2715 2890 2990 3195 3105 3045]
[2905 2935 2965 2805 3010 2945 3125 3005] [2905 3035 2995 3035 3075 3285 3070 3005]
[2905 2830 3065 2935 2865 2900 3170 2940] [3040 3110 3385 3075 3135 3040 3180 3355]
[2905 3100 2980 3050 2935 3025 2910 3045] [3200 3110 3195 3315 3360 3380 3275 3265]
[3115 3020 2970 2835 2925 2980 3140 3065] [3200 3155 3220 3310 3265 3095 3290 3250]
COM4 1 30
2
[2895 2785 2750 2840 2875 2800 2980 2820] [2310 2575 2920 3020 2980 3140 3325 3270]
[2960 2895 2860 2925 2840 2745 2705 2815] [2645 2780 3130 3095 3105 3160 3005 3245]
[2720 2860 2895 2855 2765 2985 2870 2910] [2860 3190 3255 3085 3130 3125 3120 3155]
[2980 2855 3145 2770 2980 2835 2905 2760] [3385 3260 3225 3165 3130 3040 3235 3030]
[2905 2935 2965 2805 3010 2945 3125 3005] [3315 3140 3345 3220 3130 3180 3210 3130]
[2905 2830 3065 2935 2865 2900 3170 2940] [3045 3235 3120 3310 3315 3180 3125 3275]
[2905 3100 2980 3050 2935 3025 2910 3045] [3050 3275 3345 3250 3200 3170 3205 3320]
[3115 3020 2970 2835 2925 2980 3140 3065] [3350 3490 3435 3395 3215 3085 3245 3350]
COM6 0 31
2
[2965 2785 2800 2770 2735 2815 2955 2740] [2310 2575 2920 3020 2980 3140 3325 3270]
[3040 2930 2825 2970 2935 2925 2900 2865] [2645 2780 3130 3095 3105 3160 3005 3245]
[2745 2855 2935 2975 2790 3000 3040 2830] [2860 3190 3255 3085 3130 3125 3120 3155]
[2935 2820 3085 2825 2870 2875 3005 2825] [3385 3260 3225 3165 3130 3040 3235 3030]
[3100 2800 3025 2850 3010 2865 2970 3040] [3315 3140 3345 3220 3130 3180 3210 3130]
[2875 2945 2935 3000 2905 3000 3195 2930] [3045 3235 3120 3310 3315 3180 3125 3275]
[3040 3160 3020 2960 2905 2960 2820 2905] [3050 3275 3345 3250 3200 3170 3205 3320]
[3100 3125 3035 2945 3025 3020 3140 3155] [3350 3490 3435 3395 3215 3085 3245 3350]
COM4 1 32
2
[2965 2785 2800 2770 2735 2815 2955 2740] [3050 3140 3390 3245 3005 3095 3320 3390]
[3040 2930 2825 2970 2935 2925 2900 2865] [3230 3175 3520 3085 3235 3380 3360 3300]
[2745 2855 2935 2975 2790 3000 3040 2830] [3330 3140 3335 3400 3300 3070 3060 3320]
[2935 2820 3085 2825 2870 2875 3005 2825] [3475 3425 3510 3310 3360 3340 3450 3255]
[3100 2800 3025 2850 3010 2865 2970 3040] [3400 3335 3365 3250 3355 3390 3490 3470]
[2875 2945 2935 3000 2905 3000 3195 2930] [3335 3555 3240 3600 3300 3355 3390 3260]
[3040 3160 3020 2960 2905 2960 2820 2905] [3580 3660 3470 3385 3485 3395 3430 3580]
[3100 3125 3035 2945 3025 3020 3140 3155] [3600 3730 3390 3330 3560 3345 3255 3485]
COM6 0 33
2
[2840 2735 2735 2850 2860 2840 2910 2835] [3050 3140 3390 3245 3005 3095 3320 3390]
[2795 2980 2850 2895 2900 2740 2885 2800] [3230 3175 3520 3085 3235 3380 3360 3300]
[2750 2865 2915 2805 2810 2955 2790 3050] [3330 3140 3335 3400 3300 3070 3060 3320]
[2850 2935 3080 2835 2940 2980 2965 2810] [3475 3425 3510 3310 3360 3340 3450 3255]
[3075 2955 2845 2985 2935 2935 3065 3055] [3400 3335 3365 3250 3355 3390 3490 3470]
[3020 2930 3120 2920 2970 2965 2935 2880] [3335 3555 3240 3600 3300 3355 3390 3260]
[3050 3075 2885 2970 2825 2910 2890 3010] [3580 3660 3470 3385 3485 3395 3430 3580]
[3105 3005 2975 2935 2745 3080 3265 3035] [3600 3730 3390 3330 3560 3345 3255 3485]
COM4 1 34
2
[2840 2735 2735 2850 2860 2840 2910 2835] [3145 3115 3390 3110 3075 3200 3110 3125]
[2795 2980 2850 2895 2900 2740 2885 2800] [3030 3305 3370 3000 3065 3275 3080 3150]
[2750 2865 2915 2805 2810 2955 2790 3050] [3290 3220 3325 3240 3245 3040 3080 3060]
[2850 2935 3080 2835 2940 2980 2965 2810] [3100 3245 3280 3095 3255 3195 3195 3095]
[3075 2955 2845 2985 2935 2935 3065 3055] [3415 3445 3400 3140 3150 3180 3145 3235]
[3020 2930 3120 2920 2970 2965 2935 2880] [3215 3340 3225 3275 3385 3265 3190 3405]
[3050 3075 2885 2970 2825 2910 2890 3010] [3255 3520 3225 3280 3235 3095 3270 3410]
[3105 3005 2975 2935 2745 3080 3265 3035] [3205 3280 3510 3575 3255 3095 3490 3320]
COM6 0 35
2
[2850 2695 2725 2870 2870 2880 2880 2905] [3145 3115 3390 3110 3075 3200 3110 3125]
[3105 2960 2700 2965 2880 2970 2840 2945] [3030 3305 3370 3000 3065 3275 3080 3150]
[2760 2860 2970 2820 2735 2935 2845 2785] [3290 3220 3325 3240 3245 3040 3080 3060]
[2840 2885 2970 2880 2960 3015 2945 2810] [3100 3245 3280 3095 3255 3195 3195 3095]
[2970 2875 2940 2915 2990 2940 3045 3275] [3415 3445 3400 3140 3150 3180 3145 3235]
[2915 2885 2985 2975 2880 2965 2955 2900] [3215 3340 3225 3275 3385 3265 3190 3405]
[2985 3145 2870 3130 2890 3045 2920 2920] [3255 3520 3225 3280 3235 3095 3270 3410]
[3105 3055 2900 2915 2935 3050 3115 3075] [3205 3280 3510 3575 3255 3095 3490 3320]
COM4 1 36
2
[2850 2695 2725 2870 2870 2880 2880 2905] [3575 3490 3680 3430 3510 3305 3420 3490]
[3105 2960 2700 2965 2880 2970 2840 2945] [3830 3450 3405 3440 3345 3510 3320 3315]
[2760 2860 2970 2820 2735 2935 2845 2785] [3620 3465 3860 3500 3460 3415 3360 3460]
[2840 2885 2970 2880 2960 3015 2945 2810] [3485 3370 3670 3630 3415 3415 3350 3200]
[2970 2875 2940 2915 2990 2940 3045 3275] [3425 3570 3595 3445 3440 3635 3490 3550]
[2915 2885 2985 2975 2880 2965 2955 2900] [3440 3290 3415 3405 3445 3585 3340 3295]
[2985 3145 2870 3130 2890 3045 2920 2920] [3580 3860 3655 3510 3775 3430 3580 3515]
[3105 3055 2900 2915 2935 3050 3115 3075] [3700 3760 3415 3570 3430 3330 3660 3625]
COM6 0 37
2
[2845 2775 2905 2725 2750 2925 2855 2970] [3575 3490 3680 3430 3510 3305 3420 3490]
[2985 2945 2715 2980 2965 2850 2875 2825] [3830 3450 3405 3440 3345 3510 3320 3315]
[2815 2825 2950 2885 2905 2900 3005 2870] [3620 3465 3860 3500 3460 3415 3360 3460]
[2895 2815 3005 2870 3060 2865 2900 2845] [3485 3370 3670 3630 3415 3415 3350 3200]
[3025 2975 2995 2855 3000 2860 3145 3150] [3425 3570 3595 3445 3440 3635 3490 3550]
[2880 2850 3010 2940 2975 2995 3015 2850] [3440 3290 3415 3405 3445 3585 3340 3295]
[3025 3020 2960 2870 2845 2970 2855 2995] [3580 3860 3655 3510 3775 3430 3580 3515]
[3045 2950 3010 3030 2805 3010 3190 2965] [3700 3760 3415 3570 3430 3330 3660 3625]
COM4 1 38
2
[2845 2775 2905 2725 2750 2925 2855 2970] [3185 3120 3170 3020 3040 3045 3040 3140]
[2985 2945 2715 2980 2965 2850 2875 2825] [3030 3170 3115 3110 3005 3175 3170 3200]
[2815 2825 2950 2885 2905 2900 3005 2870] [3150 3305 3155 3180 3320 3025 3170 3160]
[2895 2815 3005 2870 3060 2865 2900 2845] [3265 3560 3285 3265 3065 3275 3200 3075]
[3025 2975 2995 2855 3000 2860 3145 3150] [3430 3225 3280 3090 3125 3215 3155 3195]
[2880 2850 3010 2940 2975 2995 3015 2850] [3290 3190 3280 3375 3240 3200 3215 3195]
[3025 3020 2960 2870 2845 2970 2855 2995] [3215 3200 3255 3140 3460 3190 2985 3315]
[3045 2950 3010 3030 2805 3010 3190 2965] [3055 3430 3395 3320 3275 3375 3370 3310]
COM6 0 39
2
[2650 2745 2870 2795 2710 2775 2985 2975] [3185 3120 3170 3020 3040 3045 3040 3140]
[2955 3055 2905 2855 2905 2810 2810 2750] [3030 3170 3115 3110 3005 3175 3170 3200]
[2845 2915 2870 2980 2705 2980 3030 2815] [3150 3305 3155 3180 3320 3025 3170 3160]
[2875 2970 3035 2755 2980 2895 2820 2965] [3265 3560 3285 3265 3065 3275 3200 3075]
[2995 2875 3000 2955 3005 2930 2995 3055] [3430 3225 3280 3090 3125 3215 3155 3195]
[2990 2805 3075 2920 2885 3045 3090 2915] [3290 3190 3280 3375 3240 3200 3215 3195]
[2905 3065 3025 2975 3130 3005 2740 2910] [3215 3200 3255 3140 3460 3190 2985 3315]
[3320 2940 2965 2975 2885 3050 3025 2980] [3055 3430 3395 3320 3275 3375 3370 3310]
COM4 1 40
2
[2650 2745 2870 2795 2710 2775 2985 2975] [3270 3200 3075 3175 3335 2995 3105 3140]
[2955 3055 2905 2855 2905 2810 2810 2750] [3170 3220 3215 3050 3140 3230 3050 3160]
[2845 2915 2870 2980 2705 2980 3030 2815] [3210 3135 3125 3210 3255 3140 3135 3120]
[2875 2970 3035 2755 2980 2895 2820 2965] [3235 3315 3225 3135 3165 3160 3065 3125]
[2995 2875 3000 2955 3005 2930 2995 3055] [3335 3065 3245 2965 3195 3215 3225 3350]
[2990 2805 3075 2920 2885 3045 3090 2915] [3115 3100 3270 3245 3185 3290 3295 3165]
[2905 3065 3025 2975 3130 3005 2740 2910] [3325 3395 3450 3330 3240 3380 3160 3460]
[3320 2940 2965 2975 2885 3050 3025 2980] [3480 3610 3630 3640 3320 3205 3670 3395]
COM6 0 41
2
[2845 2735 2635 2765 2850 2790 2895 2860] [3270 3200 3075 3175 3335 2995 3105 3140]
[3010 2975 2755 2955 2900 2890 2795 2795] [3170 3220 3215 3050 3140 3230 3050 3160]
[2670 2745 3015 2800 2770 2875 2885 2830] [3210 3135 3125 3210 3255 3140 3135 3120]
[2790 2885 3120 2865 3025 2985 2950 2800] [3235 3315 3225 3135 3165 3160 3065 3125]
[2915 2850 2880 2905 3110 2905 3090 3050] [3335 3065 3245 2965 3195 3215 3225 3350]
[2975 2955 3065 3020 2950 2945 2985 3075] [3115 3100 3270 3245 3185 3290 3295 3165]
[2980 2970 3050 2905 3115 2800 2875 2920] [3325 3395 3450 3330 3240 3380 3160 3460]
[3100 2950 2835 2890 2945 2845 3145 2975] [3480 3610 3630 3640 3320 3205 3670 3395]
COM4 1 42
2
[2845 2735 2635 2765 2850 2790 2895 2860] [3345 3135 3140 3070 3130 2885 3055 3120]
[3010 2975 2755 2955 2900 2890 2795 2795] [3220 3045 3240 2940 3155 3165 2985 2995]
[2670 2745 3015 2800 2770 2875 2885 2830] [3170 3055 3135 3060 3180 3095 3060 3095]
[2790 2885 3120 2865 3025 2985 2950 2800] [3015 3245 3150 3070 3075 3150 3105 3180]
[2915 2850 2880 2905 3110 2905 3090 3050] [3155 3445 3310 2990 3050 3115 3260 3090]
[2975 2955 3065 3020 2950 2945 2985 3075] [3095 3275 3235 3275 3170 3280 3290 3265]
[2980 2970 3050 2905 3115 2800 2875 2920] [3395 3335 3350 3300 3125 3315 3210 3245]
[3100 2950 2835 2890 2945 2845 3145 2975] [3420 3265 3295 3465 3095 3215 3265 3365]
COM6 0 43
2
[2795 2690 2750 2760 2805 2780 2895 2775] [3345 3135 3140 3070 3130 2885 3055 3120]
[2830 3130 2865 2955 2970 2850 2800 2825] [3220 3045 3240 2940 3155 3165 2985 2995]
[2840 2840 2875 2845 2780 2910 2885 3070] [3170 3055 3135 3060 3180 3095 3060 3095]
[2880 2805 2950 2835 3000 2905 2925 2785] [3015 3245 3150 3070 3075 3150 3105 3180]
[3010 3005 2995 2950 2930 3015 3095 3100] [3155 3445 3310 2990 3050 3115 3260 3090]
[2915 2945 2955 3025 2915 3000 3130 3025] [3095 3275 3235 3275 3170 3280 3290 3265]
[2960 3000 2850 3070 2915 3070 2930 2840] [3395 3335 3350 3300 3125 3315 3210 3245]
[3010 3025 2950 2965 3085 3085 3055 2965] [3420 3265 3295 3465 3095 3215 3265 3365]
COM4 1 44
2
[2795 2690 2750 2760 2805 2780 2895 2775] [3070 3110 3090 3105 3135 3150 3095 3025]
[2830 3130 2865 2955 2970 2850 2800 2825] [3230 2995 3185 3110 3030 3085 3150 3135]
[2840 2840 2875 2845 2780 2910 2885 3070] [3050 3310 3145 3025 3150 3115 3075 3065]
[2880 2805 2950 2835 3000 2905 2925 2785] [3250 3265 3230 3265 3030 3205 3200 3105]
[3010 3005 2995 2950 2930 3015 3095 3100] [3260 3210 3180 3010 3075 3215 3100 3150]
[2915 2945 2955 3025 2915 3000 3130 3025] [3235 3230 3215 3300 3120 3245 3190 3165]
[2960 3000 2850 3070 2915 3070 2930 2840] [3295 3350 3445 3200 3150 3205 3265 3235]
[3010 3025 2950 2965 3085 3085 3055 2965] [3330 3330 3360 3295 3240 3160 3270 3290]
COM6 0 45
2
[2725 2635 2690 2795 2770 2840 2720 2785] [3070 3110 3090 3105 3135 3150 3095 3025]
[3025 2830 2870 2875 2815 2760 2840 2850] [3230 2995 3185 3110 3030 3085 3150 3135]
[2850 2750 2905 2885 2905 2890 2925 2835] [3050 3310 3145 3025 3150 3115 3075 3065]
[2830 2890 2935 2755 2915 2880 2940 2850] [3250 3265 3230 3265 3030 3205 3200 3105]
[2915 3035 2995 2890 2910 2895 2965 3125] [3260 3210 3180 3010 3075 3215 3100 3150]
[3025 2995 3075 2955 2865 2935 3010 2920] [3235 3230 3215 3300 3120 3245 3190 3165]
[2815 2990 2670 2970 3000 2865 3010 2895] [3295 3350 3445 3200 3150 3205 3265 3235]
[3090 2955 2820 3045 2770 3005 3065 3030] [3330 3330 3360 3295 3240 3160 3270 3290]
COM4 1 46
2
[2725 2635 2690 2795 2770 2840 2720 2785] [3015 3105 3240 3130 3205 3070 3005 3195]
[3025 2830 2870 2875 2815 2760 2840 2850] [3020 3035 3175 3095 2935 3125 3100 2975]
[2850 2750 2905 2885 2905 2890 2925 2835] [3250 3155 3265 3130 3195 3175 3150 3060]
[2830 2890 2935 2755 2915 2880 2940 2850] [3270 3185 3260 3170 3110 3090 3225 3120]
[2915 3035 2995 2890 2910 2895 2965 3125] [3215 3105 3090 3170 3080 3180 3160 3250]
[3025 2995 3075 2955 2865 2935 3010 2920] [3030 3190 3110 3260 3210 3210 3220 3095]
[2815 2990 2670 2970 3000 2865 3010 2895] [3270 3365 3330 3130 3180 3120 3210 3415]
[3090 2955 2820 3045 2770 3005 3065 3030] [3390 3305 3175 3265 3095 3215 3150 3275]
COM6 0 47
2
[2845 2745 2710 2690 2680 2680 2875 2910] [3015 3105 3240 3130 3205 3070 3005 3195]
[2920 2865 2795 2865 2830 2725 2735 2875] [3020 3035 3175 3095 2935 3125 3100 2975]
[2760 3040 2845 2845 2870 2815 2790 3075] [3250 3155 3265 3130 3195 3175 3150 3060]
[3015 2830 3005 2850 2900 2880 2845 2840] [3270 3185 3260 3170 3110 3090 3225 3120]
[2945 2910 2895 2970 2890 3040 3075 3035] [3215 3105 3090 3170 3080 3180 3160 3250]
[2850 2970 3095 2995 2850 2940 2825 2905] [3030 3190 3110 3260 3210 3210 3220 3095]
[3060 2995 2855 3060 2975 3025 2760 2940] [3270 3365 3330 3130 3180 3120 3210 3415]
[3135 3075 2805 2940 2850 3055 3195 3035] [3390 3305 3175 3265 3095 3215 3150 3275]
COM4 1 48
2
[2845 2745 2710 2690 2680 2680 2875 2910] [2990 3125 3260 3060 3040 2830 3120 3225]
[2920 2865 2795 2865 2830 2725 2735 2875] [3150 3190 3295 3045 3255 3125 3200 3050]
[2760 3040 2845 2845 2870 2815 2790 3075] [3295 3195 3170 3040 3150 3170 3110 3170]
[3015 2830 3005 2850 2900 2880 2845 2840] [3125 3235 3125 3075 3130 3100 3070 3045]
[2945 2910 2895 2970 2890 3040 3075 3035] [3175 3385 3180 3100 3125 3155 3220 3175]
[2850 2970 3095 2995 2850 2940 2825 2905] [3145 3160 3090 3305 3125 3200 3255 3065]
[3060 2995 2855 3060 2975 3025 2760 2940] [3275 3330 3290 3090 3140 3225 3235 3315]
[3135 3075 2805 2940 2850 3055 3195 3035] [3290 3370 3385 3355 3235 3265 3315 3295]
COM6 0 49
2
[2675 2715 2630 2810 2665 2680 2895 2775] [2990 3125 3260 3060 3040 2830 3120 3225]
[2940 2875 2835 2785 2895 2850 2695 2855] [3150 3190 3295 3045 3255 3125 3200 3050]
[2670 2840 2965 2845 2860 2995 2965 2925] [3295 3195 3170 3040 3150 3170 3110 3170]
[2900 2895 3020 2905 2925 3065 2840 2980] [3125 3235 3125 3075 3130 3100 3070 3045]
[2840 2950 2995 2950 2945 2895 3085 3095] [3175 3385 3180 3100 3125 3155 3220 3175]
[2945 2990 3140 2990 2950 2870 2885 2680] [3145 3160 3090 3305 3125 3200 3255 3065]
[3035 3045 2790 2950 2935 2940 2930 2905] [3275 3330 3290 3090 3140 3225 3235 3315]
[3040 3045 2895 2800 2925 3125 3135 3020] [3290 3370 3385 3355 3235 3265 3315 3295]
COM4 1 50
2
[2675 2715 2630 2810 2665 2680 2895 2775] [3220 3165 3085 3125 3230 3015 3150 3165]
[2940 2875 2835 2785 2895 2850 2695 2855] [3020 3245 3180 2970 3025 3190 3095 3020]
[2670 2840 2965 2845 2860 2995 2965 2925] [3070 3255 3300 3030 3265 3120 3165 3040]
[2900 2895 3020 2905 2925 3065 2840 2980] [3110 3210 3335 3145 3065 3160 3245 3130]
[2840 2950 2995 2950 2945 2895 3085 3095] [3300 3245 3225 2970 3060 3195 3205 3310]
[2945 2990 3140 2990 2950 2870 2885 2680] [3225 3040 3240 3150 3175 3110 3240 3320]
[3035 3045 2790 2950 2935 2940 2930 2905] [3335 3310 3225 3110 3090 3300 3355 3300]
[3040 3045 2895 2800 2925 3125 3135 3020] [3305 3085 3230 3435 3225 3290 3130 3355]
COM6 0 51
2
[2780 2675 2770 2745 2795 2715 2875 2790] [3220 3165 3085 3125 3230 3015 3150 3165]
[2990 3010 2825 2860 2895 2750 2915 2910] [3020 3245 3180 2970 3025 3190 3095 3020]
[2700 2865 2840 2900 2890 2900 2955 2940] [3070 3255 3300 3030 3265 3120 3165 3040]
[2990 2915 3080 2755 2890 2995 2865 2945] [3110 3210 3335 3145 3065 3160 3245 3130]
[3090 2830 3025 2805 3065 2925 2910 2970] [3300 3245 3225 2970 3060 3195 3205 3310]
[2775 2935 2910 2925 2775 2900 3160 2870] [3225 3040 3240 3150 3175 3110 3240 3320]
[3085 3055 2885 3070 3130 2945 2805 3040] [3335 3310 3225 3110 3090 3300 3355 3300]
[3055 2935 3015 3035 2925 3055 3090 2975] [3305 3085 3230 3435 3225 3290 3130 3355]
COM4 1 52
2
[2780 2675 2770 2745 2795 2715 2875 2790] [3165 3105 3100 3050 3060 3115 3140 3215]
[2990 3010 2825 2860 2895 2750 2915 2910] [3145 3160 3115 2860 3065 3145 2975 3020]
[2700 2865 2840 2900 2890 2900 2955 2940] [3160 3175 3225 3170 3170 3050 3115 3040]
[2990 2915 3080 2755 2890 2995 2865 2945] [3200 3160 3130 3080 3100 3030 3105 3130]
[3090 2830 3025 2805 3065 2925 2910 2970] [3155 3075 3270 2975 3215 3175 3185 3200]
[2775 2935 2910 2925 2775 2900 3160 2870] [3250 3195 3165 3335 3125 3245 3255 3295]
[3085 3055 2885 3070 3130 2945 2805 3040] [3335 3310 3320 3265 3155 3195 3225 3200]
[3055 2935 3015 3035 2925 3055 3090 2975] [3450 3225 3265 3180 3010 3240 3075 3490]
COM6 0 53
2
[2840 2860 2945 2665 2820 2765 2925 2830] [3165 3105 3100 3050 3060 3115 3140 3215]
[3065 2925 2805 2985 2845 2770 2855 2935] [3145 3160 3115 2860 3065 3145 2975 3020]
[2855 2860 2910 2875 2855 2920 2855 2930] [3160 3175 3225 3170 3170 3050 3115 3040]
[2745 2865 2970 2880 2960 2910 2935 2905] [3200 3160 3130 3080 3100 3030 3105 3130]
[2905 3055 2910 2935 2995 2910 3105 3150] [3155 3075 3270 2975 3215 3175 3185 3200]
[2920 2870 3135 3085 2895 2945 3100 3010] [3250 3195 3165 3335 3125 3245 3255 3295]
[2895 3090 3040 2990 2895 3025 2895 3075] [3335 3310 3320 3265 3155 3195 3225 3200]
[2995 2985 3020 3010 2845 3000 3045 3035] [3450 3225 3265 3180 3010 3240 3075 3490]
COM4 1 54
2
[2840 2860 2945 2665 2820 2765 2925 2830] [3215 3170 3090 3250 2925 3050 3040 2975]
[3065 2925 2805 2985 2845 2770 2855 2935] [3100 3265 3120 3045 3025 3160 3195 2990]
[2855 2860 2910 2875 2855 2920 2855 2930] [3180 3140 3165 2985 3170 3055 3170 3085]
[2745 2865 2970 2880 2960 2910 2935 2905] [3200 3405 3265 3100 3175 3185 3080 3130]
[2905 3055 2910 2935 2995 2910 3105 3150] [3325 3145 3235 2950 3145 3040 3205 3240]
[2920 2870 3135 3085 2895 2945 3100 3010] [3140 3215 3185 3170 3205 3220 3245 3105]
[2895 3090 3040 2990 2895 3025 2895 3075] [3260 3385 3215 3200 3255 3155 3145 3280]
[2995 2985 3020 3010 2845 3000 3045 3035] [3345 3245 3385 3300 3135 3245 3160 3250]
COM6 0 55
2
[2860 2865 2905 2850 2855 2825 2985 2770] [3215 3170 3090 3250 2925 3050 3040 2975]
[2990 3010 2840 2915 2875 2810 2800 2960] [3100 3265 3120 3045 3025 3160 3195 2990]
[2790 2935 2950 2885 2950 2795 2790 2935] [3180 3140 3165 2985 3170 3055 3170 3085]
[3000 2890 2905 2740 2900 2925 3035 2935] [3200 3405 3265 3100 3175 3185 3080 3130]
[2960 2810 3030 2910 3030 2960 2990 2945] [3325 3145 3235 2950 3145 3040 3205 3240]
[2925 3010 3235 3070 2800 2815 3025 3095] [3140 3215 3185 3170 3205 3220 3245 3105]
[3075 3070 2925 2910 3065 3010 2905 2915] [3260 3385 3215 3200 3255 3155 3145 3280]
[3080 2790 2920 2980 3020 3165 3200 3045] [3345 3245 3385 3300 3135 3245 3160 3250]
COM4 1 56
2
[2860 2865 2905 2850 2855 2825 2985 2770] [3160 3030 3165 3105 3270 3100 3080 3075]
[2990 3010 2840 2915 2875 2810 2800 2960] [3150 3190 3225 3085 3010 3115 3145 3105]
[2790 2935 2950 2885 2950 2795 2790 2935] [3210 3095 3165 3010 3145 3005 3095 2990]
[3000 2890 2905 2740 2900 2925 3035 2935] [3225 3250 3150 3040 3080 3130 3165 3175]
[2960 2810 3030 2910 3030 2960 2990 2945] [3235 3225 3345 3030 3110 3185 3265 3250]
[2925 3010 3235 3070 2800 2815 3025 3095] [3105 3280 3035 3300 3295 3195 3290 3230]
[3075 3070 2925 2910 3065 3010 2905 2915] [3255 3365 3305 3165 3220 3235 3245 3190]
[3080 2790 2920 2980 3020 3165 3200 3045] [3170 3350 3280 3425 3245 3335 3205 3305]
COM6 0 57
2
[2895 2655 2785 2690 2885 2865 2965 2805] [3160 3030 3165 3105 3270 3100 3080 3075]
[2880 2970 2830 2905 2895 2850 2895 2885] [3150 3190 3225 3085 3010 3115 3145 3105]
[2725 2930 3035 2955 2890 2990 2850 2880] [3210 3095 3165 3010 3145 3005 3095 2990]
[2740 2990 3020 3035 3055 3020 2925 2945] [3225 3250 3150 3040 3080 3130 3165 3175]
[2925 2885 2755 2900 3150 2825 3120 3100] [3235 3225 3345 3030 3110 3185 3265 3250]
[2900 2845 2945 3025 3000 2845 2985 2965] [3105 3280 3035 3300 3295 3195 3290 3230]
[2930 3065 2715 3045 2875 3105 2865 2920] [3255 3365 3305 3165 3220 3235 3245 3190]
[3080 3010 3010 2945 2920 2860 2975 2910] [3170 3350 3280 3425 3245 3335 3205 3305]
COM4 1 58
2
[2895 2655 2785 2690 2885 2865 2965 2805] [3090 3045 3235 2990 2965 3035 3025 3180]
[2880 2970 2830 2905 2895 2850 2895 2885] [2895 3205 3185 3060 2995 3175 3075 3115]
[2725 2930 3035 2955 2890 2990 2850 2880] [3215 3175 3125 3070 3205 3070 3125 3125]
[2740 2990 3020 3035 3055 3020 2925 2945] [3230 3180 3080 3140 3115 3125 3180 3130]
[2925 2885 2755 2900 3150 2825 3120 3100] [3225 3190 3200 2955 3210 3065 3270 3075]
[2900 2845 2945 3025 3000 2845 2985 2965] [3150 3170 3125 3215 3195 3150 3320 3290]
[2930 3065 2715 3045 2875 3105 2865 2920] [3250 3260 3210 3200 3140 3245 3210 3300]
[3080 3010 3010 2945 2920 2860 2975 2910] [3185 3415 3230 3320 3125 3070 3150 3295]
COM6 0 59
2
[2890 2655 2775 2850 2750 2820 2940 2950] [3090 3045 3235 2990 2965 3035 3025 3180]
[2940 2905 2795 2855 2890 2910 2810 2915] [2895 3205 3185 3060 2995 3175 3075 3115]
[2975 2950 2975 2980 2820 2865 2960 2995] [3215 3175 3125 3070 3205 3070 3125 3125]
[3010 2875 3090 2855 3005 2995 2935 2850] [3230 3180 3080 3140 3115 3125 3180 3130]
[3165 2855 3010 2825 3035 2880 3120 2850] [3225 3190 3200 2955 3210 3065 3270 3075]
[2900 2965 3070 2915 2890 3085 2985 2830] [3150 3170 3125 3215 3195 3150 3320 3290]
[2925 3055 2870 3070 3010 3080 2795 2985] [3250 3260 3210 3200 3140 3245 3210 3300]
[3100 3095 2910 2965 2885 3065 3110 3100] [3185 3415 3230 3320 3125 3070 3150 3295]
COM4 1 60
2
[2890 2655 2775 2850 2750 2820 2940 2950] [3095 3160 3135 3200 3180 3055 3120 3080]
[2940 2905 2795 2855 2890 2910 2810 2915] [3010 3105 3220 3015 3030 3205 3075 3050]
[2975 2950 2975 2980 2820 2865 2960 2995] [3105 3055 3180 3030 3200 2895 3165 3105]
[3010 2875 3090 2855 3005 2995 2935 2850] [3235 3175 3180 3090 3125 3150 3080 3000]
[3165 2855 3010 2825 3035 2880 3120 2850] [3195 3110 3245 3010 3145 3180 3240 3205]
[2900 2965 3070 2915 2890 3085 2985 2830] [3250 3125 3230 3285 3145 3255 3225 3270]
[2925 3055 2870 3070 3010 3080 2795 2985] [3280 3345 3275 3295 3195 3285 3280 3270]
[3100 3095 2910 2965 2885 3065 3110 3100] [3285 3195 3355 3395 3205 3285 3210 3240]
COM6 0 61
2
[2875 2740 2790 2800 2730 2780 2920 2870] [3095 3160 3135 3200 3180 3055 3120 3080]
[2895 2960 2965 2970 2815 2845 2965 2885] [3010 3105 3220 3015 3030 3205 3075 3050]
[2705 2805 2945 2930 2750 2895 2940 2930] [3105 3055 3180 3030 3200 2895 3165 3105]
[2880 2855 3000 2970 3035 2995 2845 2840] [3235 3175 3180 3090 3125 3150 3080 3000]
[3015 2920 2845 2845 2820 2880 2965 2965] [3195 3110 3245 3010 3145 3180 3240 3205]
[2875 2935 2990 2945 2960 3065 3075 2910] [3250 3125 3230 3285 3145 3255 3225 3270]
[2770 3080 2855 3030 2960 2945 2925 3020] [3280 3345 3275 3295 3195 3285 3280 3270]
[3170 2945 2885 2725 2850 2940 2925 2925] [3285 3195 3355 3395 3205 3285 3210 3240]
COM4 1 62
2
[2875 2740 2790 2800 2730 2780 2920 2870] [3065 3175 3195 3050 3245 3005 3145 3195]
[2895 2960 2965 2970 2815 2845 2965 2885] [3085 3220 3150 3060 2965 3165 3080 3070]
[2705 2805 2945 2930 2750 2895 2940 2930] [3165 3150 3160 3035 3175 3085 3140 2990]
[2880 2855 3000 2970 3035 2995 2845 2840] [3100 3070 3235 3175 3110 3090 3030 3070]
[3015 2920 2845 2845 2820 2880 2965 2965] [3105 3185 3225 3065 3105 3165 3340 3230]
[2875 2935 2990 2945 2960 3065 3075 2910] [3130 3135 3175 3220 3035 3170 3110 3300]
[2770 3080 2855 3030 2960 2945 2925 3020] [3225 3315 3335 3180 3125 3180 3295 3320]
[3170 2945 2885 2725 2850 2940 2925 2925] [3435 3415 3255 3335 3185 3215 3335 3240]
COM6 0 63
2
[2855 2755 2700 2790 2895 2825 2910 2855] [3065 3175 3195 3050 3245 3005 3145 3195]
[3000 2830 2905 2980 2800 2850 2825 2895] [3085 3220 3150 3060 2965 3165 3080 3070]
[2775 2865 2970 2895 2895 2895 2935 2905] [3165 3150 3160 3035 3175 3085 3140 2990]
[2895 2940 2970 2740 2940 3005 2920 2915] [3100 3070 3235 3175 3110 3090 3030 3070]
[2940 2805 2975 2875 3005 2870 2970 2980] [3105 3185 3225 3065 3105 3165 3340 3230]
[2870 2915 2985 3020 2820 3020 3130 2900] [3130 3135 3175 3220 3035 3170 3110 3300]
[3070 3055 2875 3145 3060 2985 2970 2830] [3225 3315 3335 3180 3125 3180 3295 3320]
[2980 2915 3005 2980 3000 3030 3025 3015] [3435 3415 3255 3335 3185 3215 3335 3240]
COM4 1 64
2
[2855 2755 2700 2790 2895 2825 2910 2855] [3050 3135 3165 3210 3210 3090 3115 3155]
[3000 2830 2905 2980 2800 2850 2825 2895] [3245 3055 3115 3040 3125 3165 3120 2990]
[2775 2865 2970 2895 2895 2895 2935 2905] [3075 3075 3075 3045 3230 2950 3130 3085]
[2895 2940 2970 2740 2940 3005 2920 2915] [3300 3230 3180 3175 3105 3070 3205 3135]
[2940 2805 2975 2875 3005 2870 2970 2980] [3240 3200 3120 2955 3100 3160 3205 3280]
[2870 2915 2985 3020 2820 3020 3130 2900] [3150 3060 3120 3215 3110 3345 3190 3195]
[3070 3055 2875 3145 3060 2985 2970 2830] [3250 3315 3230 3245 3095 3345 3250 3300]
[2980 2915 3005 2980 3000 3030 3025 3015] [3420 3310 3390 3420 3320 3275 3165 3335]
COM6 0 65
2
[2965 2760 2810 2770 2800 2780 2875 2765] [3050 3135 3165 3210 3210 3090 3115 3155]
[2900 2925 2795 2805 2880 2840 2845 2855] [3245 3055 3115 3040 3125 3165 3120 2990]
[2970 2860 3070 2820 2805 2800 2935 3000] [3075 3075 3075 3045 3230 2950 3130 3085]
[2990 2850 3030 2985 3015 2810 2925 2880] [3300 3230 3180 3175 3105 3070 3205 3135]
[2905 2915 3105 2925 2930 2935 3015 3035] [3240 3200 3120 2955 3100 3160 3205 3280]
[2965 3005 3055 2995 2815 2940 2995 2915] [3150 3060 3120 3215 3110 3345 3190 3195]
[2920 2985 3015 2975 3025 3090 2865 2965] [3250 3315 3230 3245 3095 3345 3250 3300]
[3105 3040 2895 3095 2845 2915 3125 3045] [3420 3310 3390 3420 3320 3275 3165 3335]