COM7 0 6
2
[2915 2775 2630 2310 1925 1715 1815 1820] [2305 2650 3310 3245 3325 3205 3385 3340]
[3230 3025 2645 2365 2145 2355 2375 2555] [2520 2810 3160 3230 3300 3325 3275 3390]
[2945 3040 3040 2530 2505 2535 2730 3155] [2370 2785 3165 3245 3340 3205 3385 3290]
[3020 2935 2960 2595 2865 3005 3130 3030] [2720 2830 3245 3265 3315 3205 3540 3405]
[3195 3185 3185 2975 3065 3095 3230 3090] [2345 2945 3190 3210 3190 3255 3330 3355]
[3095 3225 3145 3190 3105 3200 3220 3195] [2080 2885 3090 3425 3280 3385 3455 3470]
[3270 3235 3000 3110 3100 3265 3110 3060] [2375 3125 3240 3390 3285 3525 3435 3540]
[3185 3265 3145 3205 3120 3090 3150 3185] [2990 3010 3485 3445 3110 3285 3390 3495]
COM3 1 7
2
[2915 2775 2630 2310 1925 1715 1815 1820] [2185 2390 2605 2895 3180 3090 3195 3235]
[3230 3025 2645 2365 2145 2355 2375 2555] [2230 2385 2650 3000 3205 3280 3210 3055]
[2945 3040 3040 2530 2505 2535 2730 3155] [2225 2515 2645 2980 3190 3230 3130 3180]
[3020 2935 2960 2595 2865 3005 3130 3030] [2320 2435 2775 3095 3215 3065 3160 2985]
[3195 3185 3185 2975 3065 3095 3230 3090] [2440 2635 3095 3130 3175 3125 3155 3245]
[3095 3225 3145 3190 3105 3200 3220 3195] [2575 2945 3160 3135 3215 3205 3295 3245]
[3270 3235 3000 3110 3100 3265 3110 3060] [3110 3220 3190 3195 3050 3215 3195 3190]
[3185 3265 3145 3205 3120 3090 3150 3185] [3395 3300 3210 3325 3115 3210 3175 3290]
COM7 0 8
2
[2855 2880 2800 2940 2810 2455 2025 1555] [2185 2390 2605 2895 3180 3090 3195 3235]
[2850 2890 2855 2855 2920 2655 2435 1845] [2230 2385 2650 3000 3205 3280 3210 3055]
[2850 2975 2790 2870 2965 3000 2840 2165] [2225 2515 2645 2980 3190 3230 3130 3180]
[2755 2895 2955 2835 3030 2960 2910 2375] [2320 2435 2775 3095 3215 3065 3160 2985]
[2875 2910 2975 2895 3105 2835 2920 2415] [2440 2635 3095 3130 3175 3125 3155 3245]
[2955 2940 3205 2985 2940 2950 3105 2380] [2575 2945 3160 3135 3215 3205 3295 3245]
[2995 3125 2990 3010 2990 2970 2810 2680] [3110 3220 3190 3195 3050 3215 3195 3190]
[3220 3280 3110 2980 2925 3195 3135 2760] [3395 3300 3210 3325 3115 3210 3175 3290]
COM3 1 9
2
[2855 2880 2800 2940 2810 2455 2025 1555] [1975 2190 2295 2535 2855 3160 3105 3250]
[2850 2890 2855 2855 2920 2655 2435 1845] [1880 2210 2360 2835 3000 3295 3210 3140]
[2850 2975 2790 2870 2965 3000 2840 2165] [2295 2520 2715 2895 3290 3215 3190 3225]
[2755 2895 2955 2835 3030 2960 2910 2375] [2530 2700 3080 2975 3245 3225 3170 3105]
[2875 2910 2975 2895 3105 2835 2920 2415] [2780 3130 3295 3115 3180 3255 3310 3225]
[2955 2940 3205 2985 2940 2950 3105 2380] [2835 3335 3170 3325 3295 3290 3345 3270]
[2995 3125 2990 3010 2990 2970 2810 2680] [3080 3485 3395 3265 3425 3105 3295 3380]
[3220 3280 3110 2980 2925 3195 3135 2760] [3430 3275 3245 3330 3350 3255 3405 3350]
COM7 0 10
2
[2915 2710 2660 2650 2540 2355 2175 1975] [1975 2190 2295 2535 2855 3160 3105 3250]
[3100 3165 2965 3005 3010 2935 2635 2400] [1880 2210 2360 2835 3000 3295 3210 3140]
[3035 3110 3030 3085 2890 3070 3015 2935] [2295 2520 2715 2895 3290 3215 3190 3225]
[2995 3155 3210 3030 3060 2930 2955 2890] [2530 2700 3080 2975 3245 3225 3170 3105]
[3035 3095 3115 3060 3180 3060 3015 3175] [2780 3130 3295 3115 3180 3255 3310 3225]
[3125 3330 3250 3235 3050 3285 3210 3100] [2835 3335 3170 3325 3295 3290 3345 3270]
[3085 3270 3095 3335 3110 3235 3070 3035] [3080 3485 3395 3265 3425 3105 3295 3380]
[3300 3310 3185 3205 3120 3075 3350 3090] [3430 3275 3245 3330 3350 3255 3405 3350]
COM3 1 11
2
[2915 2710 2660 2650 2540 2355 2175 1975] [1795 2005 2190 2500 2560 2730 2885 3225]
[3100 3165 2965 3005 3010 2935 2635 2400] [1930 2135 2385 2465 2630 3085 3120 3075]
[3035 3110 3030 3085 2890 3070 3015 2935] [2290 2540 2425 2705 3020 3075 3215 3180]
[2995 3155 3210 3030 3060 2930 2955 2890] [2900 2800 2795 2985 3155 3080 3040 3195]
[3035 3095 3115 3060 3180 3060 3015 3175] [3215 3195 3080 3165 3200 3090 3215 3135]
[3125 3330 3250 3235 3050 3285 3210 3100] [3075 3280 3340 3120 3085 3125 3170 3150]
[3085 3270 3095 3335 3110 3235 3070 3035] [3250 3375 3190 3170 3235 3165 3155 3345]
[3300 3310 3185 3205 3120 3075 3350 3090] [3155 3215 3250 3370 3130 3285 3200 3270]
COM7 0 12
2
[2595 2475 2470 2650 2705 2680 2405 2055] [1795 2005 2190 2500 2560 2730 2885 3225]
[2865 2825 2845 2955 2985 2845 2780 2645] [1930 2135 2385 2465 2630 3085 3120 3075]
[2870 2745 2890 2950 2960 2980 3105 3045] [2290 2540 2425 2705 3020 3075 3215 3180]
[3205 3000 3180 2970 3100 2995 2940 2960] [2900 2800 2795 2985 3155 3080 3040 3195]
[3230 3100 3130 3145 3200 3010 3225 3070] [3215 3195 3080 3165 3200 3090 3215 3135]
[3170 3275 3220 3150 3070 3095 3110 3060] [3075 3280 3340 3120 3085 3125 3170 3150]
[3240 3110 3175 3130 3020 3045 2920 2925] [3250 3375 3190 3170 3235 3165 3155 3345]
[3330 3225 3195 3300 3215 3245 3335 3120] [3155 3215 3250 3370 3130 3285 3200 3270]
COM3 1 13
2
[2595 2475 2470 2650 2705 2680 2405 2055] [1645 1785 1960 2355 2695 2600 2920 3140]
[2865 2825 2845 2955 2985 2845 2780 2645] [1710 1980 2340 2555 2675 2845 3075 3000]
[2870 2745 2890 2950 2960 2980 3105 3045] [2020 2150 2530 2765 2945 3000 3245 3155]
[3205 3000 3180 2970 3100 2995 2940 2960] [2425 2675 3085 3200 3145 3080 3315 3185]
[3230 3100 3130 3145 3200 3010 3225 3070] [3170 3345 3195 3195 3380 3315 3210 3230]
[3170 3275 3220 3150 3070 3095 3110 3060] [3235 3310 3350 3505 3420 3375 3290 3410]
[3240 3110 3175 3130 3020 3045 2920 2925] [3375 3475 3425 3490 3410 3305 3405 3525]
[3330 3225 3195 3300 3215 3245 3335 3120] [3400 3605 3505 3665 3425 3495 3360 3350]
COM7 0 14
2
[3015 2950 2965 2990 2940 2790 2540 1760] [1645 1785 1960 2355 2695 2600 2920 3140]
[3175 3115 2925 2950 2875 2970 2715 2415] [1710 1980 2340 2555 2675 2845 3075 3000]
[3060 3050 2990 3030 2945 2925 3035 2710] [2020 2150 2530 2765 2945 3000 3245 3155]
[3215 3270 3220 2950 3125 3025 3065 3055] [2425 2675 3085 3200 3145 3080 3315 3185]
[3195 3135 3110 3005 3105 2875 3200 3115] [3170 3345 3195 3195 3380 3315 3210 3230]
[3180 3135 3000 3155 2975 3000 3160 3160] [3235 3310 3350 3505 3420 3375 3290 3410]
[3275 3195 3125 3180 3130 3185 3125 3180] [3375 3475 3425 3490 3410 3305 3405 3525]
[3430 3075 3245 2990 3240 3070 3275 2990] [3400 3605 3505 3665 3425 3495 3360 3350]
COM3 1 15
2
[3015 2950 2965 2990 2940 2790 2540 1760] [1610 1545 1585 1830 2250 2925 2860 3135]
[3175 3115 2925 2950 2875 2970 2715 2415] [1490 1530 1665 1930 2410 2910 3025 2950]
[3060 3050 2990 3030 2945 2925 3035 2710] [1820 1820 2020 2300 2865 2935 3180 3025]
[3215 3270 3220 2950 3125 3025 3065 3055] [2055 2215 2380 2705 2940 2985 3315 3205]
[3195 3135 3110 3005 3105 2875 3200 3115] [2605 2675 3030 3000 3130 3040 3260 3225]
[3180 3135 3000 3155 2975 3000 3160 3160] [2810 2935 3285 3270 3150 3320 3335 3380]
[3275 3195 3125 3180 3130 3185 3125 3180] [3205 3350 3330 3390 3270 3315 3295 3310]
[3430 3075 3245 2990 3240 3070 3275 2990] [3615 3300 3295 3385 3285 3285 3225 3280]
COM7 0 16
2
[2960 2810 2840 2815 2570 2115 1655 1425] [1610 1545 1585 1830 2250 2925 2860 3135]
[3055 2935 2975 2965 2875 2490 1880 1635] [1490 1530 1665 1930 2410 2910 3025 2950]
[2840 2860 2920 2960 2875 2600 2455 2075] [1820 1820 2020 2300 2865 2935 3180 3025]
[2965 2895 3030 2970 3005 2920 2695 2245] [2055 2215 2380 2705 2940 2985 3315 3205]
[2790 2900 2845 3035 3075 2890 2850 2470] [2605 2675 3030 3000 3130 3040 3260 3225]
[2895 3055 3205 2985 2955 2870 2920 2565] [2810 2935 3285 3270 3150 3320 3335 3380]
[3125 3045 2890 3045 2940 2965 2920 2700] [3205 3350 3330 3390 3270 3315 3295 3310]
[3175 3100 3090 3005 3060 3130 3165 3145] [3615 3300 3295 3385 3285 3285 3225 3280]
COM3 1 17
2
[2960 2810 2840 2815 2570 2115 1655 1425] [1115 1165 1230 1250 1270 1660 2425 3000]
[3055 2935 2975 2965 2875 2490 1880 1635] [1040 1295 1225 1160 1360 1950 2465 2985]
[2840 2860 2920 2960 2875 2600 2455 2075] [1170 1135 1325 1295 1630 1900 2605 2965]
[2965 2895 3030 2970 3005 2920 2695 2245] [1110 1065 1390 1530 1700 2470 2900 3110]
[2790 2900 2845 3035 3075 2890 2850 2470] [1235 1230 1705 1835 2315 2795 3000 3100]
[2895 3055 3205 2985 2955 2870 2920 2565] [1210 1775 2230 2335 2680 3040 3220 3085]
[3125 3045 2890 3045 2940 2965 2920 2700] [1615 2485 2400 2720 2895 3185 3065 3245]
[3175 3100 3090 3005 3060 3130 3165 3145] [2965 2780 2625 3205 3055 3070 3125 3000]
COM7 0 18
2
[3055 2950 2845 2950 2570 2035 1720 1490] [1115 1165 1230 1250 1270 1660 2425 3000]
[3235 3110 2895 2975 2890 2430 2035 1650] [1040 1295 1225 1160 1360 1950 2465 2985]
[3025 3060 2985 3040 2995 2685 2370 1905] [1170 1135 1325 1295 1630 1900 2605 2965]
[3235 3060 3125 3050 3125 2720 2495 2140] [1110 1065 1390 1530 1700 2470 2900 3110]
[3110 3305 3040 3010 3235 3070 2550 2215] [1235 1230 1705 1835 2315 2795 3000 3100]
[3160 3175 3240 3005 3110 2935 2905 2315] [1210 1775 2230 2335 2680 3040 3220 3085]
[3180 3195 3115 3265 2995 3225 2820 2905] [1615 2485 2400 2720 2895 3185 3065 3245]
[3200 3275 3155 3070 3125 3275 3305 3195] [2965 2780 2625 3205 3055 3070 3125 3000]
COM3 1 19
2
[3055 2950 2845 2950 2570 2035 1720 1490] [1710 1640 1655 1555 1440 1640 2035 2740]
[3235 3110 2895 2975 2890 2430 2035 1650] [1675 1685 1615 1470 1540 1605 1935 2525]
[3025 3060 2985 3040 2995 2685 2370 1905] [1720 1700 1635 1600 1650 1545 2010 2525]
[3235 3060 3125 3050 3125 2720 2495 2140] [1895 1770 1720 1565 1640 1785 2300 2655]
[3110 3305 3040 3010 3235 3070 2550 2215] [2055 1860 1755 1680 1895 2185 2530 3070]
[3160 3175 3240 3005 3110 2935 2905 2315] [2185 1905 1915 2110 2385 2545 2865 3230]
[3180 3195 3115 3265 2995 3225 2820 2905] [2365 2260 2415 2295 2795 3045 3110 3355]
[3200 3275 3155 3070 3125 3275 3305 3195] [2495 2480 2555 2700 3210 3180 3195 3300]
COM7 0 20
2
[3095 2950 2970 2980 2515 2180 1850 1545] [1710 1640 1655 1555 1440 1640 2035 2740]
[3075 3180 2935 2935 2905 2440 1970 1810] [1675 1685 1615 1470 1540 1605 1935 2525]
[3000 3070 2985 2980 2870 2605 2390 2095] [1720 1700 1635 1600 1650 1545 2010 2525]
[3160 2975 3275 3050 3020 2700 2475 2135] [1895 1770 1720 1565 1640 1785 2300 2655]
[3225 3130 3205 3075 3050 2750 2700 2120] [2055 1860 1755 1680 1895 2185 2530 3070]
[3075 3085 3110 3270 3120 3080 2885 2480] [2185 1905 1915 2110 2385 2545 2865 3230]
[3370 3270 3295 3215 3135 3315 3065 3075] [2365 2260 2415 2295 2795 3045 3110 3355]
[3355 3320 3200 3335 3125 3305 3285 3450] [2495 2480 2555 2700 3210 3180 3195 3300]
COM3 1 21
2
[3095 2950 2970 2980 2515 2180 1850 1545] [1540 1430 1460 1355 1365 1375 1585 2030]
[3075 3180 2935 2935 2905 2440 1970 1810] [1575 1475 1390 1445 1370 1460 1555 1900]
[3000 3070 2985 2980 2870 2605 2390 2095] [1510 1490 1440 1415 1535 1420 1545 2065]
[3160 2975 3275 3050 3020 2700 2475 2135] [1640 1470 1465 1400 1415 1535 1660 2265]
[3225 3130 3205 3075 3050 2750 2700 2120] [2000 1800 1580 1360 1465 1635 2095 2460]
[3075 3085 3110 3270 3120 3080 2885 2480] [2240 2050 1760 1465 1805 1925 2375 2670]
[3370 3270 3295 3215 3135 3315 3065 3075] [2760 2285 1865 1755 2125 2600 2895 3200]
[3355 3320 3200 3335 3125 3305 3285 3450] [3035 2230 1900 1915 2465 2775 3285 3180]
COM7 0 22
2
[3045 2955 2910 2910 2595 2205 1835 1575] [1540 1430 1460 1355 1365 1375 1585 2030]
[2870 3050 2955 2970 2780 2515 2035 1800] [1575 1475 1390 1445 1370 1460 1555 1900]
[2915 2930 3015 2980 2825 2770 2400 1960] [1510 1490 1440 1415 1535 1420 1545 2065]
[2875 3175 3075 2930 3015 2885 2565 1985] [1640 1470 1465 1400 1415 1535 1660 2265]
[3040 3065 3040 2960 3125 2875 2685 2215] [2000 1800 1580 1360 1465 1635 2095 2460]
[3125 2965 3050 3200 2960 2875 2725 2460] [2240 2050 1760 1465 1805 1925 2375 2670]
[3045 3045 3025 3090 3070 3135 2835 2805] [2760 2285 1865 1755 2125 2600 2895 3200]
[3145 3180 3070 3220 2960 3170 3165 2985] [3035 2230 1900 1915 2465 2775 3285 3180]
COM3 1 23
2
[3045 2955 2910 2910 2595 2205 1835 1575] [1225 1270 1245 1270 1265 1210 1305 1805]
[2870 3050 2955 2970 2780 2515 2035 1800] [1135 1335 1135 1190 1165 1310 1365 1555]
[2915 2930 3015 2980 2825 2770 2400 1960] [1205 1230 1280 1210 1345 1195 1300 1515]
[2875 3175 3075 2930 3015 2885 2565 1985] [1415 1265 1410 1315 1200 1250 1395 1785]
[3040 3065 3040 2960 3125 2875 2685 2215] [1870 1600 1410 1305 1290 1410 1650 2025]
[3125 2965 3050 3200 2960 2875 2725 2460] [2325 1940 1450 1555 1360 1575 2045 2660]
[3045 3045 3025 3090 3070 3135 2835 2805] [2770 2555 1980 1495 1295 1885 2265 2825]
[3145 3180 3070 3220 2960 3170 3165 2985] [3085 2650 1980 1635 1345 1995 2570 3030]
COM7 0 24
2
[3025 2970 2910 2855 2730 2285 1925 1505] [1225 1270 1245 1270 1265 1210 1305 1805]
[3200 3175 2885 3005 2975 2575 2130 1740] [1135 1335 1135 1190 1165 1310 1365 1555]
[3070 3155 3145 2945 2835 2775 2520 2000] [1205 1230 1280 1210 1345 1195 1300 1515]
[3130 3150 3310 2885 3020 3025 2575 2245] [1415 1265 1410 1315 1200 1250 1395 1785]
[3160 3135 3180 3080 3090 2925 2815 2345] [1870 1600 1410 1305 1290 1410 1650 2025]
[3300 3190 3175 3155 3050 3355 3065 2520] [2325 1940 1450 1555 1360 1575 2045 2660]
[3270 3330 3055 3265 3175 3050 3020 2965] [2770 2555 1980 1495 1295 1885 2265 2825]
[3595 3240 3275 3310 3185 3265 3445 3350] [3085 2650 1980 1635 1345 1995 2570 3030]
COM3 1 25
2
[3025 2970 2910 2855 2730 2285 1925 1505] [1695 1600 1570 1430 1490 1450 1460 1740]
[3200 3175 2885 3005 2975 2575 2130 1740] [1570 1495 1515 1560 1570 1500 1505 1605]
[3070 3155 3145 2945 2835 2775 2520 2000] [1680 1660 1590 1520 1550 1385 1490 1675]
[3130 3150 3310 2885 3020 3025 2575 2245] [1900 1560 1580 1545 1595 1455 1670 1955]
[3160 3135 3180 3080 3090 2925 2815 2345] [2255 2030 1885 1590 1530 1615 1815 2350]
[3300 3190 3175 3155 3050 3355 3065 2520] [2415 2340 1945 1895 1715 1815 2140 2485]
[3270 3330 3055 3265 3175 3050 3020 2965] [3210 2950 2355 2000 1790 1880 2570 2880]
[3595 3240 3275 3310 3185 3265 3445 3350] [3325 3280 2430 1920 1625 2310 2630 3155]
COM7 0 26
2
[3050 2930 2940 2915 2680 2170 1780 1335] [1695 1600 1570 1430 1490 1450 1460 1740]
[3120 3045 2935 3065 2920 2470 2035 1590] [1570 1495 1515 1560 1570 1500 1505 1605]
[2790 2980 3010 3030 2940 2645 2425 1800] [1680 1660 1590 1520 1550 1385 1490 1675]
[2950 2880 3135 2885 3035 2855 2565 2120] [1900 1560 1580 1545 1595 1455 1670 1955]
[2935 3090 3040 3000 3165 2900 2655 2150] [2255 2030 1885 1590 1530 1615 1815 2350]
[2870 2915 3115 3125 3035 2795 2860 2425] [2415 2340 1945 1895 1715 1815 2140 2485]
[2885 3095 3060 3125 3110 3115 2920 2875] [3210 2950 2355 2000 1790 1880 2570 2880]
[3190 3020 2955 3055 3220 3115 3040 2930] [3325 3280 2430 1920 1625 2310 2630 3155]
COM3 1 27
2
[3050 2930 2940 2915 2680 2170 1780 1335] [1400 1410 1350 1320 1410 1385 1430 1900]
[3120 3045 2935 3065 2920 2470 2035 1590] [1475 1330 1355 1360 1370 1440 1475 1720]
[2790 2980 3010 3030 2940 2645 2425 1800] [1525 1400 1430 1360 1510 1335 1495 1800]
[2950 2880 3135 2885 3035 2855 2565 2120] [1740 1505 1535 1390 1445 1535 1715 1970]
[2935 3090 3040 3000 3165 2900 2655 2150] [2025 1995 1675 1440 1415 1550 1840 2435]
[2870 2915 3115 3125 3035 2795 2860 2425] [2595 2160 1840 1710 1500 1815 2225 2890]
[2885 3095 3060 3125 3110 3115 2920 2875] [3050 2800 1980 1555 1750 1855 2515 3095]
[3190 3020 2955 3055 3220 3115 3040 2930] [3140 2615 2205 1930 1635 1865 3005 3070]
COM7 0 28
2
[2965 2890 2715 2750 2710 2345 1900 1465] [1400 1410 1350 1320 1410 1385 1430 1900]
[3055 3060 2890 3005 2800 2535 2130 1780] [1475 1330 1355 1360 1370 1440 1475 1720]
[2850 3015 3110 2950 2910 2865 2360 1925] [1525 1400 1430 1360 1510 1335 1495 1800]
[2825 3020 3200 2980 3090 2945 2650 2305] [1740 1505 1535 1390 1445 1535 1715 1970]
[3120 3050 2965 2970 3030 2840 2785 2185] [2025 1995 1675 1440 1415 1550 1840 2435]
[2995 3125 2990 3150 3035 3010 2985 2290] [2595 2160 1840 1710 1500 1815 2225 2890]
[3095 3135 2925 3150 2965 3010 2775 2605] [3050 2800 1980 1555 1750 1855 2515 3095]
[3125 3145 3045 3135 2945 3255 3050 3030] [3140 2615 2205 1930 1635 1865 3005 3070]
COM3 1 29
2
[2965 2890 2715 2750 2710 2345 1900 1465] [1325 1330 1435 1335 1425 1420 1485 2100]
[3055 3060 2890 3005 2800 2535 2130 1780] [1470 1360 1400 1335 1365 1430 1565 1905]
[2850 3015 3110 2950 2910 2865 2360 1925] [1460 1385 1425 1345 1515 1405 1650 2015]
[2825 3020 3200 2980 3090 2945 2650 2305] [1780 1440 1415 1430 1430 1495 1845 2275]
[3120 3050 2965 2970 3030 2840 2785 2185] [2045 1835 1700 1390 1525 1680 2080 2615]
[2995 3125 2990 3150 3035 3010 2985 2290] [2565 2285 1870 1670 1650 2040 2545 3045]
[3095 3135 2925 3150 2965 3010 2775 2605] [2995 2550 1995 1460 1825 2275 2595 3085]
[3125 3145 3045 3135 2945 3255 3050 3030] [3240 2500 1915 1605 1900 2200 2825 3180]
COM7 0 30
2
[2720 2715 2900 2770 2645 2265 1785 1460] [1325 1330 1435 1335 1425 1420 1485 2100]
[2915 3090 2935 2895 2910 2490 2115 1630] [1470 1360 1400 1335 1365 1430 1565 1905]
[2750 2875 2935 2835 2820 2805 2350 1850] [1460 1385 1425 1345 1515 1405 1650 2015]
[2635 2830 2795 2895 3070 2840 2530 2085] [1780 1440 1415 1430 1430 1495 1845 2275]
[2940 2875 3000 3095 3050 2850 2760 2125] [2045 1835 1700 1390 1525 1680 2080 2615]
[2765 3095 3035 3055 2935 2970 2895 2415] [2565 2285 1870 1670 1650 2040 2545 3045]
[2945 3025 2925 3060 2950 2970 2660 2410] [2995 2550 1995 1460 1825 2275 2595 3085]
[3175 2895 2795 2935 2850 2965 2910 2775] [3240 2500 1915 1605 1900 2200 2825 3180]
COM3 1 31
2
[2720 2715 2900 2770 2645 2265 1785 1460] [1150 1175 1270 1220 1365 1340 1650 2165]
[2915 3090 2935 2895 2910 2490 2115 1630] [1215 1190 1240 1315 1330 1405 1665 2095]
[2750 2875 2935 2835 2820 2805 2350 1850] [1410 1375 1295 1325 1395 1345 1825 2140]
[2635 2830 2795 2895 3070 2840 2530 2085] [1605 1390 1335 1325 1395 1570 2005 2390]
[2940 2875 3000 3095 3050 2850 2760 2125] [1930 1690 1490 1310 1525 1785 2400 2990]
[2765 3095 3035 3055 2935 2970 2895 2415] [2245 1840 1690 1490 1555 2120 2630 3155]
[2945 3025 2925 3060 2950 2970 2660 2410] [3075 2250 1885 1530 1815 2405 2895 3275]
[3175 2895 2795 2935 2850 2965 2910 2775] [2755 2460 1780 1790 2210 2435 3115 3290]
COM7 0 32
2
[3035 2865 2865 2880 2775 2335 2015 1520] [1150 1175 1270 1220 1365 1340 1650 2165]
[3125 3140 2940 2935 2880 2580 2135 1845] [1215 1190 1240 1315 1330 1405 1665 2095]
[2865 3045 2860 3065 2910 2820 2660 2105] [1410 1375 1295 1325 1395 1345 1825 2140]
[2965 3065 3205 2880 3055 2945 2595 2335] [1605 1390 1335 1325 1395 1570 2005 2390]
[3165 3060 3110 3070 3075 3040 2840 2320] [1930 1690 1490 1310 1525 1785 2400 2990]
[2900 3040 3070 3090 2900 3145 2895 2495] [2245 1840 1690 1490 1555 2120 2630 3155]
[3045 3175 3020 3095 2955 3055 2810 2915] [3075 2250 1885 1530 1815 2405 2895 3275]
[3150 3155 3200 3190 3010 3115 3200 3030] [2755 2460 1780 1790 2210 2435 3115 3290]
COM3 1 33
2
[3035 2865 2865 2880 2775 2335 2015 1520] [1235 1420 1345 1430 1350 1430 1785 2390]
[3125 3140 2940 2935 2880 2580 2135 1845] [1415 1335 1405 1405 1370 1555 1755 2295]
[2865 3045 2860 3065 2910 2820 2660 2105] [1435 1395 1400 1450 1510 1540 2025 2415]
[2965 3065 3205 2880 3055 2945 2595 2335] [1690 1475 1390 1450 1485 1700 2155 2580]
[3165 3060 3110 3070 3075 3040 2840 2320] [1975 1725 1450 1390 1580 1995 2480 3000]
[2900 3040 3070 3090 2900 3145 2895 2495] [2170 1900 1515 1710 1820 2290 2855 3315]
[3045 3175 3020 3095 2955 3055 2810 2915] [2575 2195 1785 1530 1880 2430 3095 3200]
[3150 3155 3200 3190 3010 3115 3200 3030] [2930 1930 1805 1725 2225 2735 3215 3315]
COM7 0 34
2
[2925 2875 2940 3060 2730 2260 1815 1335] [1235 1420 1345 1430 1350 1430 1785 2390]
[3020 3130 2895 2980 2910 2610 2030 1690] [1415 1335 1405 1405 1370 1555 1755 2295]
[2975 2875 3035 3010 2965 2755 2580 1985] [1435 1395 1400 1450 1510 1540 2025 2415]
[2930 3020 3250 3015 3105 2925 2685 2205] [1690 1475 1390 1450 1485 1700 2155 2580]
[3215 2945 3190 2895 3010 2905 2570 2420] [1975 1725 1450 1390 1580 1995 2480 3000]
[3160 2975 3170 3145 2925 2910 3105 2425] [2170 1900 1515 1710 1820 2290 2855 3315]
[2955 3265 2905 3045 3095 3090 3045 3035] [2575 2195 1785 1530 1880 2430 3095 3200]
[3270 3305 2855 3205 3065 3205 3340 3345] [2930 1930 1805 1725 2225 2735 3215 3315]
COM3 1 35
2
[2925 2875 2940 3060 2730 2260 1815 1335] [1360 1340 1440 1435 1520 1610 2150 2805]
[3020 3130 2895 2980 2910 2610 2030 1690] [1380 1415 1440 1435 1450 1675 2105 2580]
[2975 2875 3035 3010 2965 2755 2580 1985] [1460 1455 1390 1450 1575 1705 2255 2600]
[2930 3020 3250 3015 3105 2925 2685 2205] [1605 1420 1475 1610 1700 1965 2490 2870]
[3215 2945 3190 2895 3010 2905 2570 2420] [1740 1640 1540 1505 1855 2315 2910 3040]
[3160 2975 3170 3145 2925 2910 3105 2425] [1955 1690 1580 1810 2080 2395 3025 3175]
[2955 3265 2905 3045 3095 3090 3045 3035] [2285 1935 1785 1605 2100 2685 3070 3195]
[3270 3305 2855 3205 3065 3205 3340 3345] [2410 1805 1665 1855 2360 2710 3270 3315]
COM7 0 36
2
[2925 2935 2875 2870 2670 2320 1955 1490] [1360 1340 1440 1435 1520 1610 2150 2805]
[3075 3170 3005 2980 2850 2625 2155 1635] [1380 1415 1440 1435 1450 1675 2105 2580]
[3000 3055 2945 2960 2850 2735 2525 2035] [1460 1455 1390 1450 1575 1705 2255 2600]
[3135 3040 3065 2930 3125 2935 2710 2180] [1605 1420 1475 1610 1700 1965 2490 2870]
[3135 3040 3025 2970 3120 2900 2790 2395] [1740 1640 1540 1505 1855 2315 2910 3040]
[2910 3100 3150 3185 3035 3090 2970 2505] [1955 1690 1580 1810 2080 2395 3025 3175]
[3090 3220 3060 3195 3035 3065 2985 2985] [2285 1935 1785 1605 2100 2685 3070 3195]
[3210 2900 3170 3150 3125 3220 3075 2980] [2410 1805 1665 1855 2360 2710 3270 3315]
COM3 1 37
2
[2925 2935 2875 2870 2670 2320 1955 1490] [1145 1200 1335 1350 1565 1900 2365 3085]
[3075 3170 3005 2980 2850 2625 2155 1635] [1085 1265 1380 1380 1495 1950 2505 2975]
[3000 3055 2945 2960 2850 2735 2525 2035] [1280 1335 1345 1450 1680 1995 2535 3040]
[3135 3040 3065 2930 3125 2935 2710 2180] [1365 1290 1450 1470 1880 2240 2840 3075]
[3135 3040 3025 2970 3120 2900 2790 2395] [1420 1415 1540 1610 1940 2430 3070 3065]
[2910 3100 3150 3185 3035 3090 2970 2505] [1525 1645 1590 2055 2325 2800 3200 3190]
[3090 3220 3060 3195 3035 3065 2985 2985] [1900 1475 1700 2085 2560 2975 3165 3140]
[3210 2900 3170 3150 3125 3220 3075 2980] [1925 1490 1730 2415 2505 2990 3270 3345]
COM7 0 38
2
[3075 2940 2845 2895 2730 2270 1815 1500] [1145 1200 1335 1350 1565 1900 2365 3085]
[3165 3160 2915 3000 2905 2565 2245 1735] [1085 1265 1380 1380 1495 1950 2505 2975]
[2955 2890 3035 3135 2970 2855 2585 2080] [1280 1335 1345 1450 1680 1995 2535 3040]
[3090 3105 3060 3065 3025 2905 2810 2215] [1365 1290 1450 1470 1880 2240 2840 3075]
[2915 3120 3050 3040 3125 2915 2790 2420] [1420 1415 1540 1610 1940 2430 3070 3065]
[3090 3240 3065 3155 3110 3075 2975 2445] [1525 1645 1590 2055 2325 2800 3200 3190]
[3115 3155 3185 3205 3095 3135 3055 2935] [1900 1475 1700 2085 2560 2975 3165 3140]
[3185 3170 3145 3135 3230 3255 3225 3230] [1925 1490 1730 2415 2505 2990 3270 3345]
COM3 1 39
2
[3075 2940 2845 2895 2730 2270 1815 1500] [1415 1465 1455 1470 1865 2260 2800 3265]
[3165 3160 2915 3000 2905 2565 2245 1735] [1460 1465 1480 1520 1790 2365 2870 3070]
[2955 2890 3035 3135 2970 2855 2585 2080] [1475 1510 1545 1635 2140 2360 2960 3040]
[3090 3105 3060 3065 3025 2905 2810 2215] [1495 1520 1570 1895 2150 2600 3040 3140]
[2915 3120 3050 3040 3125 2915 2790 2420] [1675 1635 1820 2075 2535 3015 3230 3190]
[3090 3240 3065 3155 3110 3075 2975 2445] [1680 1700 1885 2560 2770 3135 3255 3325]
[3115 3155 3185 3205 3095 3135 3055 2935] [1935 1835 2120 2610 3025 3070 3290 3280]
[3185 3170 3145 3135 3230 3255 3225 3230] [1845 1740 2275 2870 3015 3035 3125 3330]
COM7 0 40
2
[3010 2940 2765 2915 2835 2245 1850 1560] [1415 1465 1455 1470 1865 2260 2800 3265]
[3110 3045 2955 3100 2790 2545 2230 1735] [1460 1465 1480 1520 1790 2365 2870 3070]
[2895 3070 3140 2900 2875 2915 2530 2170] [1475 1510 1545 1635 2140 2360 2960 3040]
[2900 3005 3280 2900 3075 2975 2685 2265] [1495 1520 1570 1895 2150 2600 3040 3140]
[3120 3000 3115 2955 3005 2910 2840 2340] [1675 1635 1820 2075 2535 3015 3230 3190]
[3125 3180 3150 3125 3005 2880 2915 2575] [1680 1700 1885 2560 2770 3135 3255 3325]
[3190 3125 3170 3090 3055 2970 3005 2725] [1935 1835 2120 2610 3025 3070 3290 3280]
[3255 3225 2970 3215 3195 3170 3135 3035] [1845 1740 2275 2870 3015 3035 3125 3330]
COM3 1 41
2
[3010 2940 2765 2915 2835 2245 1850 1560] [1410 1525 1450 1655 1925 2385 2905 3215]
[3110 3045 2955 3100 2790 2545 2230 1735] [1435 1560 1570 1655 1985 2475 3010 3185]
[2895 3070 3140 2900 2875 2915 2530 2170] [1505 1535 1620 1850 2130 2550 3055 3160]
[2900 3005 3280 2900 3075 2975 2685 2265] [1505 1465 1740 2030 2440 3005 3095 3135]
[3120 3000 3115 2955 3005 2910 2840 2340] [1700 1855 1900 2280 2615 3145 3160 3250]
[3125 3180 3150 3125 3005 2880 2915 2575] [1695 1785 2175 2845 3135 3040 3305 3305]
[3190 3125 3170 3090 3055 2970 3005 2725] [1625 1780 2230 2925 2920 3285 3315 3230]
[3255 3225 2970 3215 3195 3170 3135 3035] [1780 1800 2465 2930 3180 3205 3255 3270]
COM7 0 42
2
[2965 2750 2955 2895 2700 2220 1860 1370] [1410 1525 1450 1655 1925 2385 2905 3215]
[3070 3000 2900 2975 2830 2535 2000 1700] [1435 1560 1570 1655 1985 2475 3010 3185]
[2805 3075 3040 2900 2960 2740 2410 1940] [1505 1535 1620 1850 2130 2550 3055 3160]
[2950 2915 3125 2945 3075 2955 2495 2185] [1505 1465 1740 2030 2440 3005 3095 3135]
[2935 3130 3015 3045 3090 2810 2815 2110] [1700 1855 1900 2280 2615 3145 3160 3250]
[2985 2985 3015 3020 3000 2985 2995 2365] [1695 1785 2175 2845 3135 3040 3305 3305]
[2975 3005 3005 2910 2960 3020 2775 2710] [1625 1780 2230 2925 2920 3285 3315 3230]
[3065 3145 3185 3145 3020 2955 3115 2940] [1780 1800 2465 2930 3180 3205 3255 3270]
COM3 1 43
2
[2965 2750 2955 2895 2700 2220 1860 1370] [1330 1440 1425 1535 2000 2515 3035 3265]
[3070 3000 2900 2975 2830 2535 2000 1700] [1440 1345 1520 1735 1975 2740 2985 3055]
[2805 3075 3040 2900 2960 2740 2410 1940] [1470 1570 1665 1915 2455 2740 3045 3205]
[2950 2915 3125 2945 3075 2955 2495 2185] [1560 1615 1800 2210 2640 3005 3125 3110]
[2935 3130 3015 3045 3090 2810 2815 2110] [1600 1875 2155 2405 2780 3245 3380 3290]
[2985 2985 3015 3020 3000 2985 2995 2365] [1425 1780 2470 3030 3095 3125 3315 3375]
[2975 3005 3005 2910 2960 3020 2775 2710] [1570 2145 2560 3130 2985 3280 3245 3300]
[3065 3145 3185 3145 3020 2955 3115 2940] [2175 2175 2495 3135 3260 3115 3270 3270]
COM7 0 44
2
[2885 2950 2895 2965 2705 2180 1765 1465] [1330 1440 1425 1535 2000 2515 3035 3265]
[2985 3165 2965 2955 2845 2635 2030 1740] [1440 1345 1520 1735 1975 2740 2985 3055]
[2895 2965 2955 2885 2845 2835 2480 1820] [1470 1570 1665 1915 2455 2740 3045 3205]
[2880 3015 3215 2975 3000 2875 2615 2115] [1560 1615 1800 2210 2640 3005 3125 3110]
[2995 2950 3050 2885 3125 2975 2855 2245] [1600 1875 2155 2405 2780 3245 3380 3290]
[2850 2855 3010 3125 2995 2840 2895 2275] [1425 1780 2470 3030 3095 3125 3315 3375]
[2960 3145 2925 3000 3095 3150 2900 2670] [1570 2145 2560 3130 2985 3280 3245 3300]
[3180 3060 3320 3050 3085 3080 3055 2810] [2175 2175 2495 3135 3260 3115 3270 3270]
COM3 1 45
2
[2885 2950 2895 2965 2705 2180 1765 1465] [1435 1590 1540 1765 2155 2565 2870 3225]
[2985 3165 2965 2955 2845 2635 2030 1740] [1505 1635 1615 1855 2125 2685 2995 3020]
[2895 2965 2955 2885 2845 2835 2480 1820] [1545 1645 1785 2040 2540 2815 3085 3185]
[2880 3015 3215 2975 3000 2875 2615 2115] [1720 1760 2000 2410 2715 3080 3080 3145]
[2995 2950 3050 2885 3125 2975 2855 2245] [1745 2005 2420 2710 3125 3215 3160 3185]
[2850 2855 3010 3125 2995 2840 2895 2275] [1725 2260 2610 3095 3135 3240 3360 3320]
[2960 3145 2925 3000 3095 3150 2900 2670] [1790 2415 3145 3260 3190 3220 3215 3270]
[3180 3060 3320 3050 3085 3080 3055 2810] [2440 2490 2850 3220 3145 3195 3270 3095]
COM7 0 46
2
[3055 2805 2900 2905 2635 2335 1840 1385] [1435 1590 1540 1765 2155 2565 2870 3225]
[3090 3110 2895 3015 2835 2615 2125 1635] [1505 1635 1615 1855 2125 2685 2995 3020]
[2990 2915 3045 3000 2925 2895 2420 1940] [1545 1645 1785 2040 2540 2815 3085 3185]
[3080 2965 3200 2995 3025 3035 2785 2180] [1720 1760 2000 2410 2715 3080 3080 3145]
[3105 3135 3015 2955 3065 3045 2860 2155] [1745 2005 2420 2710 3125 3215 3160 3185]
[2915 3135 3240 3090 2985 3125 2940 2485] [1725 2260 2610 3095 3135 3240 3360 3320]
[3000 3165 3095 3185 3215 3190 2895 2835] [1790 2415 3145 3260 3190 3220 3215 3270]
[3275 3275 3140 3160 3105 3240 3355 3015] [2440 2490 2850 3220 3145 3195 3270 3095]
COM3 1 47
2
[3055 2805 2900 2905 2635 2335 1840 1385] [1250 1520 1420 1705 2095 2565 2920 3285]
[3090 3110 2895 3015 2835 2615 2125 1635] [1270 1650 1520 1750 2250 2820 3075 3145]
[2990 2915 3045 3000 2925 2895 2420 1940] [1450 1575 1855 2040 2680 2870 3115 3160]
[3080 2965 3200 2995 3025 3035 2785 2180] [1505 1650 1945 2395 2845 3095 3175 3165]
[3105 3135 3015 2955 3065 3045 2860 2155] [1800 1900 2315 2675 3035 3065 3100 3260]
[2915 3135 3240 3090 2985 3125 2940 2485] [1685 2360 2675 3150 3100 3225 3220 3145]
[3000 3165 3095 3185 3215 3190 2895 2835] [1760 2490 2800 3135 3090 3240 3385 3240]
[3275 3275 3140 3160 3105 3240 3355 3015] [2095 2565 3250 3385 3185 3195 3255 3155]
COM7 0 48
2
[3000 2945 2805 2775 2725 2285 1980 1625] [1250 1520 1420 1705 2095 2565 2920 3285]
[3235 3060 2940 2855 2920 2670 2240 1835] [1270 1650 1520 1750 2250 2820 3075 3145]
[2985 2950 3090 3000 2950 2795 2480 2075] [1450 1575 1855 2040 2680 2870 3115 3160]
[3035 3125 3100 3015 3080 2955 2625 2320] [1505 1650 1945 2395 2845 3095 3175 3165]
[3245 3110 3075 3095 3030 2965 2840 2385] [1800 1900 2315 2675 3035 3065 3100 3260]
[3015 2935 3035 3125 3035 3020 2860 2540] [1685 2360 2675 3150 3100 3225 3220 3145]
[3115 3115 3140 3210 3090 3115 3055 2800] [1760 2490 2800 3135 3090 3240 3385 3240]
[3240 3150 3200 3280 2965 3105 3195 2915] [2095 2565 3250 3385 3185 3195 3255 3155]
COM3 1 49
2
[3000 2945 2805 2775 2725 2285 1980 1625] [1615 1580 1680 1740 2250 2630 2945 3205]
[3235 3060 2940 2855 2920 2670 2240 1835] [1655 1675 1750 1920 2245 2900 3145 3135]
[2985 2950 3090 3000 2950 2795 2480 2075] [1685 1810 1880 2130 2620 2820 3155 3155]
[3035 3125 3100 3015 3080 2955 2625 2320] [1805 1870 2130 2390 2960 3050 3285 3230]
[3245 3110 3075 3095 3030 2965 2840 2385] [2005 2215 2510 2705 3125 3160 3305 3195]
[3015 2935 3035 3125 3035 3020 2860 2540] [1900 2390 2920 3145 3070 3300 3310 3305]
[3115 3115 3140 3210 3090 3115 3055 2800] [2270 2535 2990 3235 3280 3220 3210 3375]
[3240 3150 3200 3280 2965 3105 3195 2915] [2650 2965 3190 3615 3190 3280 3190 3290]
COM7 0 50
2
[3175 2900 2990 2900 2640 2290 1720 1445] [1615 1580 1680 1740 2250 2630 2945 3205]
[3090 3220 3040 3050 2830 2605 2070 1705] [1655 1675 1750 1920 2245 2900 3145 3135]
[2965 3035 3030 2935 3010 2945 2530 1975] [1685 1810 1880 2130 2620 2820 3155 3155]
[2960 2900 3065 3080 3070 2880 2780 2040] [1805 1870 2130 2390 2960 3050 3285 3230]
[2970 3125 3095 3105 3030 2855 2890 2215] [2005 2215 2510 2705 3125 3160 3305 3195]
[3115 3140 3205 3195 2940 3125 3115 2465] [1900 2390 2920 3145 3070 3300 3310 3305]
[3300 3190 3165 3140 3025 3145 2925 2935] [2270 2535 2990 3235 3280 3220 3210 3375]
[3235 3320 2975 3120 3120 3265 3215 3025] [2650 2965 3190 3615 3190 3280 3190 3290]
COM3 1 51
2
[3175 2900 2990 2900 2640 2290 1720 1445] [1560 1540 1495 1825 2305 2580 3015 3220]
[3090 3220 3040 3050 2830 2605 2070 1705] [1450 1655 1685 1850 2245 2955 3185 3135]
[2965 3035 3030 2935 3010 2945 2530 1975] [1575 1790 1830 2175 2670 3010 3145 3170]
[2960 2900 3065 3080 3070 2880 2780 2040] [1840 1925 2135 2530 2805 3105 3200 3200]
[2970 3125 3095 3105 3030 2855 2890 2215] [1940 2165 2595 2760 3210 3330 3325 3265]
[3115 3140 3205 3195 2940 3125 3115 2465] [1805 2205 2865 3330 3265 3170 3360 3225]
[3300 3190 3165 3140 3025 3145 2925 2935] [2120 2795 3235 3215 3425 3190 3290 3310]
[3235 3320 2975 3120 3120 3265 3215 3025] [2925 2830 3205 3220 3275 3250 3450 3135]
COM7 0 52
2
[3040 2830 2845 2970 2770 2265 1945 1565] [1560 1540 1495 1825 2305 2580 3015 3220]
[3140 3065 3000 3050 2905 2510 2155 1755] [1450 1655 1685 1850 2245 2955 3185 3135]
[3070 3035 2900 3005 2940 2875 2540 1960] [1575 1790 1830 2175 2670 3010 3145 3170]
[3200 2995 3045 2985 3025 2885 2765 2265] [1840 1925 2135 2530 2805 3105 3200 3200]
[3225 3005 3185 3070 3185 3080 2845 2460] [1940 2165 2595 2760 3210 3330 3325 3265]
[3130 3290 3110 3070 3005 2970 2955 2470] [1805 2205 2865 3330 3265 3170 3360 3225]
[3180 3285 3090 3105 3010 3145 2615 2590] [2120 2795 3235 3215 3425 3190 3290 3310]
[3310 3225 3240 3360 3110 3115 3110 3050] [2925 2830 3205 3220 3275 3250 3450 3135]
COM3 1 53
2
[3040 2830 2845 2970 2770 2265 1945 1565] [1410 1450 1560 1730 2160 2665 3020 3310]
[3140 3065 3000 3050 2905 2510 2155 1755] [1470 1595 1730 1900 2255 2860 3085 3125]
[3070 3035 2900 3005 2940 2875 2540 1960] [1445 1615 1855 2210 2690 2950 3090 3105]
[3200 2995 3045 2985 3025 2885 2765 2265] [1630 1725 2285 2605 2860 3215 3275 3225]
[3225 3005 3185 3070 3185 3080 2845 2460] [1790 2145 2415 2775 3060 3300 3245 3290]
[3130 3290 3110 3070 3005 2970 2955 2470] [1840 2320 2895 3175 3315 3305 3280 3320]
[3180 3285 3090 3105 3010 3145 2615 2590] [1995 2420 3070 3180 3280 3150 3290 3200]
[3310 3225 3240 3360 3110 3115 3110 3050] [2440 3080 2935 3310 3280 3160 3150 3185]
COM7 0 54
2
[2870 2840 2865 2905 2615 2335 1735 1480] [1410 1450 1560 1730 2160 2665 3020 3310]
[3215 3135 2980 2985 2850 2515 2150 1650] [1470 1595 1730 1900 2255 2860 3085 3125]
[2820 2900 2940 3025 2795 2955 2420 1885] [1445 1615 1855 2210 2690 2950 3090 3105]
[3010 2925 3095 2930 3095 2955 2820 2145] [1630 1725 2285 2605 2860 3215 3275 3225]
[3250 2850 3090 3025 3165 2960 2900 2155] [1790 2145 2415 2775 3060 3300 3245 3290]
[2950 3110 3085 3120 2935 2985 2825 2505] [1840 2320 2895 3175 3315 3305 3280 3320]
[3115 3080 3115 3045 3125 3055 2825 2725] [1995 2420 3070 3180 3280 3150 3290 3200]
[3170 3055 3010 3140 3125 3050 3105 3125] [2440 3080 2935 3310 3280 3160 3150 3185]
COM3 1 55
2
[2870 2840 2865 2905 2615 2335 1735 1480] [1400 1410 1545 1700 2225 2685 3120 3205]
[3215 3135 2980 2985 2850 2515 2150 1650] [1400 1500 1575 1770 2290 2970 3180 2905]
[2820 2900 2940 3025 2795 2955 2420 1885] [1505 1655 1900 2205 2760 2985 3070 3110]
[3010 2925 3095 2930 3095 2955 2820 2145] [1550 1735 2155 2545 2890 3180 3300 3165]
[3250 2850 3090 3025 3165 2960 2900 2155] [1790 1955 2400 2810 3225 3185 3380 3340]
[2950 3110 3085 3120 2935 2985 2825 2505] [1630 2350 2860 3245 3175 3125 3330 3375]
[3115 3080 3115 3045 3125 3055 2825 2725] [2315 2710 3155 3340 3280 3300 3315 3375]
[3170 3055 3010 3140 3125 3050 3105 3125] [2585 2995 3350 3485 3165 3430 3420 3405]
COM7 0 56
2
[3070 2875 2860 2950 2815 2330 1930 1585] [1400 1410 1545 1700 2225 2685 3120 3205]
[2995 3085 3035 3055 2915 2630 2120 1805] [1400 1500 1575 1770 2290 2970 3180 2905]
[2870 3015 2950 2935 2865 2875 2565 2085] [1505 1655 1900 2205 2760 2985 3070 3110]
[3030 3035 3105 2995 3100 3020 2730 2305] [1550 1735 2155 2545 2890 3180 3300 3165]
[3190 3175 3120 3025 3000 2910 2760 2360] [1790 1955 2400 2810 3225 3185 3380 3340]
[3040 3085 3225 3100 2945 3150 3170 2485] [1630 2350 2860 3245 3175 3125 3330 3375]
[3140 3175 3150 3045 3055 3205 2870 2630] [2315 2710 3155 3340 3280 3300 3315 3375]
[3250 3225 3200 3225 3165 3205 3330 2910] [2585 2995 3350 3485 3165 3430 3420 3405]
COM3 1 57
2
[3070 2875 2860 2950 2815 2330 1930 1585] [1575 1520 1620 1795 2260 2765 3035 3245]
[2995 3085 3035 3055 2915 2630 2120 1805] [1570 1700 1765 1800 2290 3010 3180 3150]
[2870 3015 2950 2935 2865 2875 2565 2085] [1605 1845 1830 2145 2840 2910 3205 3155]
[3030 3035 3105 2995 3100 3020 2730 2305] [1855 1805 2270 2525 2925 3000 3110 3060]
[3190 3175 3120 3025 3000 2910 2760 2360] [1865 2035 2440 2795 3135 3145 3310 3240]
[3040 3085 3225 3100 2945 3150 3170 2485] [1645 2225 2760 3165 3295 3240 3315 3100]
[3140 3175 3150 3045 3055 3205 2870 2630] [2075 2600 3205 3245 3280 3430 3320 3325]
[3250 3225 3200 3225 3165 3205 3330 2910] [2780 2885 3070 3375 3210 3230 3190 3580]
COM7 0 58
2
[3135 2980 2895 2915 2790 2240 1815 1385] [1575 1520 1620 1795 2260 2765 3035 3245]
[3165 3055 2920 2990 2910 2605 2115 1700] [1570 1700 1765 1800 2290 3010 3180 3150]
[2810 2970 3035 3060 2950 2865 2460 1975] [1605 1845 1830 2145 2840 2910 3205 3155]
[2970 3070 3085 2910 3200 2865 2785 2065] [1855 1805 2270 2525 2925 3000 3110 3060]
[3260 3085 3190 2945 3040 2910 2805 2280] [1865 2035 2440 2795 3135 3145 3310 3240]
[3205 3090 3055 3000 3055 2910 2925 2510] [1645 2225 2760 3165 3295 3240 3315 3100]
[3080 3290 3195 3245 3130 2965 2740 3090] [2075 2600 3205 3245 3280 3430 3320 3325]
[3070 3185 3175 3140 2995 3090 3405 2970] [2780 2885 3070 3375 3210 3230 3190 3580]
COM3 1 59
2
[3135 2980 2895 2915 2790 2240 1815 1385] [1485 1545 1640 1795 2250 2610 2975 3280]
[3165 3055 2920 2990 2910 2605 2115 1700] [1535 1600 1685 1870 2295 2955 3185 3050]
[2810 2970 3035 3060 2950 2865 2460 1975] [1595 1705 1920 2200 2740 2945 3220 3225]
[2970 3070 3085 2910 3200 2865 2785 2065] [1800 1725 2080 2485 2770 3050 3230 3145]
[3260 3085 3190 2945 3040 2910 2805 2280] [1820 2075 2545 2765 3200 3060 3260 3265]
[3205 3090 3055 3000 3055 2910 2925 2510] [1735 2460 2805 3050 3125 3375 3340 3320]
[3080 3290 3195 3245 3130 2965 2740 3090] [2180 2630 3025 3390 3095 3265 3205 3250]
[3070 3185 3175 3140 2995 3090 3405 2970] [2610 2845 3290 3325 3080 3035 3380 3345]
COM7 0 60
2
[2965 2990 2760 2995 2845 2390 1890 1555] [1485 1545 1640 1795 2250 2610 2975 3280]
[3075 3025 3070 3010 2950 2575 2155 1820] [1535 1600 1685 1870 2295 2955 3185 3050]
[2935 2970 3050 3045 2825 2935 2575 2095] [1595 1705 1920 2200 2740 2945 3220 3225]
[3130 3000 3265 2920 3075 2875 2665 2210] [1800 1725 2080 2485 2770 3050 3230 3145]
[3170 3125 3145 3070 3125 3045 2935 2425] [1820 2075 2545 2765 3200 3060 3260 3265]
[3090 3170 3120 3170 3065 2970 2895 2550] [1735 2460 2805 3050 3125 3375 3340 3320]
[3175 3255 3170 3185 3005 3140 2985 2870] [2180 2630 3025 3390 3095 3265 3205 3250]
[3165 3220 3200 3130 3155 3075 3225 3085] [2610 2845 3290 3325 3080 3035 3380 3345]
COM3 1 61
2
[2965 2990 2760 2995 2845 2390 1890 1555] [1435 1510 1490 1660 2140 2600 2930 3165]
[3075 3025 3070 3010 2950 2575 2155 1820] [1425 1520 1455 1780 2255 2865 3110 3070]
[2935 2970 3050 3045 2825 2935 2575 2095] [1525 1565 1775 2060 2625 2900 3165 3125]
[3130 3000 3265 2920 3075 2875 2665 2210] [1395 1720 2015 2425 2935 3130 3175 3210]
[3170 3125 3145 3070 3125 3045 2935 2425] [1550 2005 2305 2765 3060 3355 3265 3250]
[3090 3170 3120 3170 3065 2970 2895 2550] [1625 2235 2650 3110 3210 3230 3270 3320]
[3175 3255 3170 3185 3005 3140 2985 2870] [2160 2445 2860 3165 3060 3280 3230 3375]
[3165 3220 3200 3130 3155 3075 3225 3085] [2545 2905 2995 3080 3240 3280 3210 2980]
COM7 0 62
2
[2910 2745 2830 2880 2725 2215 1785 1490] [1435 1510 1490 1660 2140 2600 2930 3165]
[2975 3040 2955 3060 2785 2605 2040 1675] [1425 1520 1455 1780 2255 2865 3110 3070]
[2775 2840 2990 2970 2850 2800 2455 2075] [1525 1565 1775 2060 2625 2900 3165 3125]
[2935 2940 3155 2945 3060 2875 2615 2115] [1395 1720 2015 2425 2935 3130 3175 3210]
[2965 2945 3030 3010 3080 2750 2695 2240] [1550 2005 2305 2765 3060 3355 3265 3250]
[2820 2965 3040 3080 3010 2895 2970 2290] [1625 2235 2650 3110 3210 3230 3270 3320]
[3080 3085 2935 2955 2770 2920 2705 2630] [2160 2445 2860 3165 3060 3280 3230 3375]
[3085 3065 2960 3105 2960 3020 2975 2755] [2545 2905 2995 3080 3240 3280 3210 2980]
COM3 1 63
2
[2910 2745 2830 2880 2725 2215 1785 1490] [1480 1640 1665 1750 2295 2670 3040 3190]
[2975 3040 2955 3060 2785 2605 2040 1675] [1645 1595 1665 1875 2220 2700 3105 3210]
[2775 2840 2990 2970 2850 2800 2455 2075] [1765 1675 1840 2185 2595 2835 3150 3125]
[2935 2940 3155 2945 3060 2875 2615 2115] [1895 1775 2070 2450 2970 3185 3200 3210]
[2965 2945 3030 3010 3080 2750 2695 2240] [1930 2165 2425 2765 3075 3210 3230 3265]
[2820 2965 3040 3080 3010 2895 2970 2290] [1955 2305 2915 3100 3150 3210 3305 3225]
[3080 3085 2935 2955 2770 2920 2705 2630] [2385 2435 3165 3170 3150 3365 3315 3440]
[3085 3065 2960 3105 2960 3020 2975 2755] [2975 2775 3270 3510 3260 3195 3330 3225]
COM7 0 64
2
[2945 2985 2905 3020 2770 2305 1850 1550] [1480 1640 1665 1750 2295 2670 3040 3190]
[3040 3175 3010 3035 2930 2620 2205 1755] [1645 1595 1665 1875 2220 2700 3105 3210]
[3145 2910 3040 3050 2950 2950 2515 2045] [1765 1675 1840 2185 2595 2835 3150 3125]
[3210 3055 3215 3030 3090 3010 2495 2240] [1895 1775 2070 2450 2970 3185 3200 3210]
[3120 3065 3015 2910 3105 2820 2885 2420] [1930 2165 2425 2765 3075 3210 3230 3265]
[3045 3060 3255 3010 2940 3175 3000 2460] [1955 2305 2915 3100 3150 3210 3305 3225]
[3245 3290 2950 3210 3105 3125 2905 2765] [2385 2435 3165 3170 3150 3365 3315 3440]
[3125 3280 3025 3135 3110 3070 3340 3050] [2975 2775 3270 3510 3260 3195 3330 3225]
COM3 1 65
2
[2945 2985 2905 3020 2770 2305 1850 1550] [1425 1600 1470 1745 2140 2485 2770 3240]
[3040 3175 3010 3035 2930 2620 2205 1755] [1585 1620 1620 1795 2215 2615 3075 3055]
[3145 2910 3040 3050 2950 2950 2515 2045] [1665 1655 1745 1985 2560 2905 3060 3105]
[3210 3055 3215 3030 3090 3010 2495 2240] [1725 1745 2000 2460 2825 3005 3140 3195]
[3120 3065 3015 2910 3105 2820 2885 2420] [1715 1935 2530 2680 3065 3245 3245 3260]
[3045 3060 3255 3010 2940 3175 3000 2460] [1880 2070 2630 3025 3215 3315 3335 3165]
[3245 3290 2950 3210 3105 3125 2905 2765] [1920 2500 2900 3260 3115 3130 3225 3265]
[3125 3280 3025 3135 3110 3070 3340 3050] [2830 2450 3210 3305 3090 3190 3265 3210]