COM7 0 6
2
[1945 1670 1905 2175 2580 2890 3230 3240] [3320 3225 3260 3245 3420 3145 3060 3250]
[1855 1900 1680 2070 2430 2740 2975 3050] [3280 3285 3385 3290 3175 3185 3170 3145]
[1675 1690 1805 1940 2165 2685 2780 3200] [3255 3335 3330 3145 3155 3155 3245 3250]
[1670 1680 1775 1855 2195 2805 2995 2685] [3230 3310 3280 3230 3375 3325 3165 3270]
[1790 1750 1720 1785 2145 2380 2855 2915] [3265 3385 3145 3150 3195 3310 3220 3295]
[1720 1755 1705 1820 2045 2510 2950 2870] [3080 3205 3290 3175 3280 3325 3475 3230]
[1850 1785 1725 1835 2070 2375 2600 2720] [3295 3330 3310 3225 3385 3280 3340 3455]
[2005 1830 1815 1985 2085 2470 2745 2805] [3150 3150 3255 3455 3210 3345 3390 3215]
COM3 1 7
2
[1945 1670 1905 2175 2580 2890 3230 3240] [3125 3105 3160 3205 3250 3165 3165 3150]
[1855 1900 1680 2070 2430 2740 2975 3050] [3330 3210 3240 3190 3115 3180 3115 3095]
[1675 1690 1805 1940 2165 2685 2780 3200] [3190 3215 3265 3185 3175 3065 3190 3200]
[1670 1680 1775 1855 2195 2805 2995 2685] [3015 2950 3095 3190 3235 3200 3180 3275]
[1790 1750 1720 1785 2145 2380 2855 2915] [3185 3230 3075 3000 3150 3120 3265 3310]
[1720 1755 1705 1820 2045 2510 2950 2870] [2750 3040 3105 3190 3110 3245 3450 3290]
[1850 1785 1725 1835 2070 2375 2600 2720] [2925 3330 3060 3230 3420 3280 3340 3335]
[2005 1830 1815 1985 2085 2470 2745 2805] [3150 3295 3235 3360 3320 3340 3375 3390]
COM7 0 8
2
[1820 1570 1605 1795 1985 2215 2505 3105] [3125 3105 3160 3205 3250 3165 3165 3150]
[1915 1670 1440 1655 1815 2155 2460 2775] [3330 3210 3240 3190 3115 3180 3115 3095]
[1825 1735 1625 1645 1535 1900 2350 2785] [3190 3215 3265 3185 3175 3065 3190 3200]
[2125 1655 1700 1660 1705 1935 2490 2595] [3015 2950 3095 3190 3235 3200 3180 3275]
[2220 1995 1775 1610 1670 1975 2220 2600] [3185 3230 3075 3000 3150 3120 3265 3310]
[2210 2070 1925 1630 1690 2025 2220 2605] [2750 3040 3105 3190 3110 3245 3450 3290]
[2070 1990 1885 1780 1710 2065 2290 2455] [2925 3330 3060 3230 3420 3280 3340 3335]
[2060 1915 1860 1920 1955 2160 2730 2845] [3150 3295 3235 3360 3320 3340 3375 3390]
COM3 1 9
2
[1820 1570 1605 1795 1985 2215 2505 3105] [2670 3040 3325 3235 3370 3220 3235 3235]
[1915 1670 1440 1655 1815 2155 2460 2775] [2465 2885 3170 3175 3150 3255 3330 3125]
[1825 1735 1625 1645 1535 1900 2350 2785] [2410 2810 3110 3070 3170 3145 3275 3195]
[2125 1655 1700 1660 1705 1935 2490 2595] [2255 2615 3080 3195 3225 3125 3320 3135]
[2220 1995 1775 1610 1670 1975 2220 2600] [2225 2510 2965 3010 3230 3185 3350 3190]
[2210 2070 1925 1630 1690 2025 2220 2605] [2310 2635 3090 3235 3280 3305 3445 3395]
[2070 1990 1885 1780 1710 2065 2290 2455] [2435 2890 3240 3075 3075 3380 3295 3210]
[2060 1915 1860 1920 1955 2160 2730 2845] [2785 2805 3235 3245 3380 3465 3240 3310]
COM7 0 10
2
[1975 1590 1485 1470 1510 1430 1690 1905] [2670 3040 3325 3235 3370 3220 3235 3235]
[2245 1945 1635 1635 1550 1455 1415 1770] [2465 2885 3170 3175 3150 3255 3330 3125]
[2440 2035 1840 1715 1520 1470 1470 1590] [2410 2810 3110 3070 3170 3145 3275 3195]
[2515 2280 2085 1845 1640 1620 1515 1730] [2255 2615 3080 3195 3225 3125 3320 3135]
[2335 2235 2080 1735 1815 1565 1805 1735] [2225 2510 2965 3010 3230 3185 3350 3190]
[1990 2010 1960 2000 1780 1635 1840 1995] [2310 2635 3090 3235 3280 3305 3445 3395]
[1935 1955 1815 1920 1820 1995 2220 2305] [2435 2890 3240 3075 3075 3380 3295 3210]
[2315 2005 1875 1920 1825 2300 2705 2595] [2785 2805 3235 3245 3380 3465 3240 3310]
COM3 1 11
2
[1975 1590 1485 1470 1510 1430 1690 1905] [2035 2485 2905 3055 3200 3125 3230 3305]
[2245 1945 1635 1635 1550 1455 1415 1770] [1830 2135 2595 2995 3000 3160 3170 3175]
[2440 2035 1840 1715 1520 1470 1470 1590] [1875 1970 2395 2665 3245 3200 3195 3120]
[2515 2280 2085 1845 1640 1620 1515 1730] [1805 2015 2405 2740 3185 3340 3005 3180]
[2335 2235 2080 1735 1815 1565 1805 1735] [2070 2200 2565 2860 3225 3175 3210 3330]
[1990 2010 1960 2000 1780 1635 1840 1995] [2155 2445 2900 3165 3205 3345 3390 3160]
[1935 1955 1815 1920 1820 1995 2220 2305] [2330 2800 3235 3180 3325 3175 3250 3455]
[2315 2005 1875 1920 1825 2300 2705 2595] [2640 3085 3175 3295 3245 3250 3395 3525]
COM7 0 12
2
[2590 2255 2030 1705 1635 1510 1465 1290] [2035 2485 2905 3055 3200 3125 3230 3305]
[2725 2690 2335 2225 1835 1640 1510 1490] [1830 2135 2595 2995 3000 3160 3170 3175]
[2510 2640 2375 2280 1860 1715 1570 1540] [1875 1970 2395 2665 3245 3200 3195 3120]
[2330 2395 2315 2000 1865 1795 1650 1780] [1805 2015 2405 2740 3185 3340 3005 3180]
[2195 2025 1855 1685 1820 1550 1920 2000] [2070 2200 2565 2860 3225 3175 3210 3330]
[2135 1800 1850 1925 1615 1965 2220 2300] [2155 2445 2900 3165 3205 3345 3390 3160]
[2155 2040 1820 1940 1965 2305 2165 2570] [2330 2800 3235 3180 3325 3175 3250 3455]
[2460 2085 2335 2140 2230 2580 2760 2595] [2640 3085 3175 3295 3245 3250 3395 3525]
COM3 1 13
2
[2590 2255 2030 1705 1635 1510 1465 1290] [1880 1870 1985 2425 3090 3265 3120 3305]
[2725 2690 2335 2225 1835 1640 1510 1490] [1820 1920 1855 2355 2955 3195 3175 3045]
[2510 2640 2375 2280 1860 1715 1570 1540] [1885 1875 2080 2485 3075 3215 3195 3200]
[2330 2395 2315 2000 1865 1795 1650 1780] [2060 2110 2425 2620 3190 3160 3365 3125]
[2195 2025 1855 1685 1820 1550 1920 2000] [1930 2405 2615 2805 3230 3210 3290 3310]
[2135 1800 1850 1925 1615 1965 2220 2300] [2240 2575 2875 3105 3230 3230 3235 3290]
[2155 2040 1820 1940 1965 2305 2165 2570] [2705 2970 3165 3225 3215 3260 3270 3335]
[2460 2085 2335 2140 2230 2580 2760 2595] [3085 3175 3160 3405 3020 3180 3330 3315]
COM7 0 14
2
[2840 2680 2675 2505 2365 2100 2015 1625] [1880 1870 1985 2425 3090 3265 3120 3305]
[2490 2495 2305 2355 2010 1910 1765 1785] [1820 1920 1855 2355 2955 3195 3175 3045]
[2215 2230 2030 1960 1695 1875 1925 1790] [1885 1875 2080 2485 3075 3215 3195 3200]
[2430 1995 1925 1660 1790 1670 1765 2065] [2060 2110 2425 2620 3190 3160 3365 3125]
[2315 1935 1905 1790 1815 1940 2295 2270] [1930 2405 2615 2805 3230 3210 3290 3310]
[2505 2105 2100 2095 1840 2180 2345 2490] [2240 2575 2875 3105 3230 3230 3235 3290]
[2475 2405 2085 2510 2365 2545 2625 3125] [2705 2970 3165 3225 3215 3260 3270 3335]
[2365 2350 2360 2495 2910 3280 3130 3235] [3085 3175 3160 3405 3020 3180 3330 3315]
COM3 1 15
2
[2840 2680 2675 2505 2365 2100 2015 1625] [2030 1950 2000 2120 2625 2950 3120 3280]
[2490 2495 2305 2355 2010 1910 1765 1785] [2055 2010 2175 2305 2695 3130 3085 3175]
[2215 2230 2030 1960 1695 1875 1925 1790] [2085 2105 2245 2545 3025 3195 3195 3155]
[2430 1995 1925 1660 1790 1670 1765 2065] [2160 2380 2475 2800 3130 3275 3230 3265]
[2315 1935 1905 1790 1815 1940 2295 2270] [2360 2545 2835 3005 3360 3300 3065 3245]
[2505 2105 2100 2095 1840 2180 2345 2490] [2595 3010 3200 3340 3280 3285 3340 3365]
[2475 2405 2085 2510 2365 2545 2625 3125] [3265 3160 3505 3675 3380 3280 3465 3340]
[2365 2350 2360 2495 2910 3280 3130 3235] [3340 3385 3415 3570 3430 3235 3315 3595]
COM7 0 16
2
[2930 2670 2910 2510 2295 1975 1865 1835] [2030 1950 2000 2120 2625 2950 3120 3280]
[3095 3065 2775 2655 2405 1900 1835 1950] [2055 2010 2175 2305 2695 3130 3085 3175]
[2820 2945 2830 2625 2195 2145 1895 2130] [2085 2105 2245 2545 3025 3195 3195 3155]
[3090 2885 3030 2625 2265 1920 2000 2195] [2160 2380 2475 2800 3130 3275 3230 3265]
[3025 3110 2750 2510 2225 2175 2465 2650] [2360 2545 2835 3005 3360 3300 3065 3245]
[3070 3325 3010 2895 2650 2585 2755 2710] [2595 3010 3200 3340 3280 3285 3340 3365]
[3190 3175 3095 3110 2865 2840 2895 3095] [3265 3160 3505 3675 3380 3280 3465 3340]
[3215 3235 3050 3190 3200 3125 3025 3205] [3340 3385 3415 3570 3430 3235 3315 3595]
COM3 1 17
2
[2930 2670 2910 2510 2295 1975 1865 1835] [1830 2000 2035 2245 2715 2855 3195 3235]
[3095 3065 2775 2655 2405 1900 1835 1950] [1785 1965 2165 2450 2800 3300 3130 3095]
[2820 2945 2830 2625 2195 2145 1895 2130] [1980 2135 2290 2570 3080 3155 3130 3235]
[3090 2885 3030 2625 2265 1920 2000 2195] [2250 2255 2495 2805 3120 3295 3005 3290]
[3025 3110 2750 2510 2225 2175 2465 2650] [2380 2735 3165 3070 3185 3200 3260 3250]
[3070 3325 3010 2895 2650 2585 2755 2710] [2945 3045 3135 3240 3190 3335 3345 3230]
[3190 3175 3095 3110 2865 2840 2895 3095] [3320 3330 3305 3200 3180 3240 3295 3150]
[3215 3235 3050 3190 3200 3125 3025 3205] [3340 3435 3250 3220 3250 3370 3390 3145]
COM7 0 18
2
[2690 2660 2620 2660 2815 2420 2555 2455] [1830 2000 2035 2245 2715 2855 3195 3235]
[2920 3085 2815 2845 2870 2875 2835 2670] [1785 1965 2165 2450 2800 3300 3130 3095]
[2980 2805 2890 3020 2815 3110 3050 2860] [1980 2135 2290 2570 3080 3155 3130 3235]
[3115 3075 3315 3080 3105 3050 3070 3035] [2250 2255 2495 2805 3120 3295 3005 3290]
[3245 3110 3135 3130 3165 3065 3260 3075] [2380 2735 3165 3070 3185 3200 3260 3250]
[3105 3230 3260 3265 3095 3170 3290 3165] [2945 3045 3135 3240 3190 3335 3345 3230]
[3240 3255 3090 3195 3115 3185 3190 3200] [3320 3330 3305 3200 3180 3240 3295 3150]
[3415 3380 3345 3190 3155 3100 3255 3335] [3340 3435 3250 3220 3250 3370 3390 3145]
COM3 1 19
2
[2690 2660 2620 2660 2815 2420 2555 2455] [1785 1935 2105 2200 2645 2875 3215 3250]
[2920 3085 2815 2845 2870 2875 2835 2670] [1930 1985 1970 2405 2745 3135 3165 3110]
[2980 2805 2890 3020 2815 3110 3050 2860] [1940 2030 2340 2635 3090 3045 3170 3200]
[3115 3075 3315 3080 3105 3050 3070 3035] [2135 2490 2585 2955 3070 3035 3200 3195]
[3245 3110 3135 3130 3165 3065 3260 3075] [2495 2885 3045 3110 3250 3205 3210 3245]
[3105 3230 3260 3265 3095 3170 3290 3165] [2570 2990 3275 3235 3370 3250 3240 3340]
[3240 3255 3090 3195 3115 3185 3190 3200] [3255 3265 3290 3145 3175 3225 3280 3290]
[3415 3380 3345 3190 3155 3100 3255 3335] [3205 3450 3335 3285 3400 3055 3235 3310]
COM7 0 20
2
[2755 2575 2645 2720 2765 2770 2980 2845] [1785 1935 2105 2200 2645 2875 3215 3250]
[3110 3040 2915 2960 2900 2900 2925 2720] [1930 1985 1970 2405 2745 3135 3165 3110]
[2790 3105 3100 2815 3050 3170 3090 3035] [1940 2030 2340 2635 3090 3045 3170 3200]
[3100 3060 3035 3015 3010 2975 3060 3045] [2135 2490 2585 2955 3070 3035 3200 3195]
[3150 3125 3040 3065 3250 2975 3135 3085] [2495 2885 3045 3110 3250 3205 3210 3245]
[3075 3235 3145 3160 3025 3180 3245 3090] [2570 2990 3275 3235 3370 3250 3240 3340]
[3075 2965 2990 3090 3095 3235 2920 3055] [3255 3265 3290 3145 3175 3225 3280 3290]
[3185 3145 3160 3205 2950 3200 3255 3040] [3205 3450 3335 3285 3400 3055 3235 3310]
COM3 1 21
2
[2755 2575 2645 2720 2765 2770 2980 2845] [2030 2045 1920 2050 2555 2820 3215 3285]
[3110 3040 2915 2960 2900 2900 2925 2720] [1870 2020 2195 2335 2465 2970 3140 3105]
[2790 3105 3100 2815 3050 3170 3090 3035] [2025 2075 2210 2425 2800 3050 3175 3180]
[3100 3060 3035 3015 3010 2975 3060 3045] [2240 2220 2675 2640 2930 3050 3150 3120]
[3150 3125 3040 3065 3250 2975 3135 3085] [2335 2450 2805 2860 3230 3275 3245 3345]
[3075 3235 3145 3160 3025 3180 3245 3090] [2325 2830 3145 3245 3120 3345 3130 3290]
[3075 2965 2990 3090 3095 3235 2920 3055] [3035 3295 3310 3230 3230 3260 3265 3430]
[3185 3145 3160 3205 2950 3200 3255 3040] [3400 3235 3370 3520 3300 3250 3365 3300]
COM7 0 22
2
[2720 2310 2285 1950 1815 1895 2280 2665] [2030 2045 1920 2050 2555 2820 3215 3285]
[2570 2620 2335 2160 2160 2310 2305 2565] [1870 2020 2195 2335 2465 2970 3140 3105]
[2490 2410 2340 2335 2385 2395 2600 2785] [2025 2075 2210 2425 2800 3050 3175 3180]
[2585 2410 2530 2615 2755 2770 2850 2725] [2240 2220 2675 2640 2930 3050 3150 3120]
[2590 2575 2605 2870 2995 2840 2940 3055] [2335 2450 2805 2860 3230 3275 3245 3345]
[2860 2755 2795 2965 2960 3035 2940 3045] [2325 2830 3145 3245 3120 3345 3130 3290]
[2845 2865 3035 3125 3155 3040 2925 2935] [3035 3295 3310 3230 3230 3260 3265 3430]
[3040 3170 3035 3085 3095 3085 3305 3125] [3400 3235 3370 3520 3300 3250 3365 3300]
COM3 1 23
2
[2720 2310 2285 1950 1815 1895 2280 2665] [1850 2000 1875 1745 2110 2355 2775 3210]
[2570 2620 2335 2160 2160 2310 2305 2565] [2020 2205 1930 1990 2010 2520 2870 3150]
[2490 2410 2340 2335 2385 2395 2600 2785] [2085 1975 2010 2145 2470 2725 3045 2995]
[2585 2410 2530 2615 2755 2770 2850 2725] [2130 2005 2195 2410 2785 2765 3115 2960]
[2590 2575 2605 2870 2995 2840 2940 3055] [2440 2020 2355 2620 3005 3210 3285 3265]
[2860 2755 2795 2965 2960 3035 2940 3045] [2520 2205 2545 2905 3255 3245 3340 3245]
[2845 2865 3035 3125 3155 3040 2925 2935] [2645 3050 3150 3125 3245 3155 3215 3320]
[3040 3170 3035 3085 3095 3085 3305 3125] [3360 3085 3255 3370 3385 3075 3190 3495]
COM7 0 24
2
[2905 2825 2460 2435 2315 2410 2675 2515] [1850 2000 1875 1745 2110 2355 2775 3210]
[3010 2960 2545 2570 2475 2700 2870 2610] [2020 2205 1930 1990 2010 2520 2870 3150]
[2890 2690 2425 2435 2495 2740 3110 2675] [2085 1975 2010 2145 2470 2725 3045 2995]
[2835 2655 2610 2490 2800 3005 3125 2680] [2130 2005 2195 2410 2785 2765 3115 2960]
[2935 2625 2565 2670 2910 2980 3110 2890] [2440 2020 2355 2620 3005 3210 3285 3265]
[3090 2770 3060 2770 2745 3200 3060 2725] [2520 2205 2545 2905 3255 3245 3340 3245]
[3170 3025 2895 2925 3135 3170 2875 3015] [2645 3050 3150 3125 3245 3155 3215 3320]
[3190 2985 3070 3020 2945 3240 3125 3245] [3360 3085 3255 3370 3385 3075 3190 3495]
COM3 1 25
2
[2905 2825 2460 2435 2315 2410 2675 2515] [2100 2040 2040 1875 1960 1965 2250 2405]
[3010 2960 2545 2570 2475 2700 2870 2610] [2015 2145 2035 2010 1995 2185 2285 2570]
[2890 2690 2425 2435 2495 2740 3110 2675] [2250 2160 2095 1960 2315 2385 2805 2935]
[2835 2655 2610 2490 2800 3005 3125 2680] [2575 2335 2070 2280 2430 2705 3130 3010]
[2935 2625 2565 2670 2910 2980 3110 2890] [2810 2735 2010 2190 2540 2835 3260 3400]
[3090 2770 3060 2770 2745 3200 3060 2725] [2630 2560 2250 2425 2830 3250 3330 3290]
[3170 3025 2895 2925 3135 3170 2875 3015] [2780 2925 2870 2675 3070 3090 3210 3415]
[3190 2985 3070 3020 2945 3240 3125 3245] [3065 3020 3210 3280 3015 3050 3320 3250]
COM7 0 26
2
[3175 2955 2690 2485 2500 2460 2625 2905] [2100 2040 2040 1875 1960 1965 2250 2405]
[3145 3045 2715 2535 2445 2550 2815 3010] [2015 2145 2035 2010 1995 2185 2285 2570]
[2995 2960 2660 2595 2420 2695 2965 3180] [2250 2160 2095 1960 2315 2385 2805 2935]
[2910 2885 2730 2410 2680 2870 3040 2995] [2575 2335 2070 2280 2430 2705 3130 3010]
[3175 2820 2640 2630 2765 2885 3195 3020] [2810 2735 2010 2190 2540 2835 3260 3400]
[3115 2850 2815 2620 2670 3010 3115 3250] [2630 2560 2250 2425 2830 3250 3330 3290]
[3170 3020 3015 3140 2825 3305 3090 3095] [2780 2925 2870 2675 3070 3090 3210 3415]
[3160 3240 3095 3200 3165 3105 3225 3105] [3065 3020 3210 3280 3015 3050 3320 3250]
COM3 1 27
2
[3175 2955 2690 2485 2500 2460 2625 2905] [2330 2330 2335 2250 2185 2170 2245 2505]
[3145 3045 2715 2535 2445 2550 2815 3010] [2555 2315 2240 2110 2120 2335 2375 2555]
[2995 2960 2660 2595 2420 2695 2965 3180] [2675 2455 2430 2255 2315 2370 2800 2780]
[2910 2885 2730 2410 2680 2870 3040 2995] [3015 2625 2790 2655 2365 2655 3030 3210]
[3175 2820 2640 2630 2765 2885 3195 3020] [3210 3060 3060 2420 2530 2875 3030 3185]
[3115 2850 2815 2620 2670 3010 3115 3250] [3275 3210 2990 3150 2870 3045 3205 3280]
[3170 3020 3015 3140 2825 3305 3090 3095] [3470 3700 3205 3195 2815 3100 3295 3335]
[3160 3240 3095 3200 3165 3105 3225 3105] [3405 3075 3465 3465 3180 3400 3240 3315]
COM7 0 28
2
[2430 2470 2520 2870 2780 2740 2690 2360] [2330 2330 2335 2250 2185 2170 2245 2505]
[2635 2610 2745 3135 3170 3065 2885 2645] [2555 2315 2240 2110 2120 2335 2375 2555]
[2620 2835 3000 3105 3200 3225 3130 2670] [2675 2455 2430 2255 2315 2370 2800 2780]
[2875 3105 3210 3180 3175 3240 3065 3125] [3015 2625 2790 2655 2365 2655 3030 3210]
[3270 3035 3180 3105 3235 3005 3290 3210] [3210 3060 3060 2420 2530 2875 3030 3185]
[3195 3270 3295 3180 3075 3105 3490 3185] [3275 3210 2990 3150 2870 3045 3205 3280]
[3135 3205 3050 3240 3165 3355 3120 3210] [3470 3700 3205 3195 2815 3100 3295 3335]
[3540 3170 3095 3170 3165 3165 3275 3340] [3405 3075 3465 3465 3180 3400 3240 3315]
COM3 1 29
2
[2430 2470 2520 2870 2780 2740 2690 2360] [2425 2260 2160 2175 2185 2195 2280 2610]
[2635 2610 2745 3135 3170 3065 2885 2645] [2505 2280 2330 2205 2195 2415 2465 2590]
[2620 2835 3000 3105 3200 3225 3130 2670] [2615 2635 2510 2380 2485 2360 2460 3000]
[2875 3105 3210 3180 3175 3240 3065 3125] [3145 3040 2790 2700 2395 2780 2800 2880]
[3270 3035 3180 3105 3235 3005 3290 3210] [3175 3405 3080 2880 2770 2480 2965 3225]
[3195 3270 3295 3180 3075 3105 3490 3185] [3070 3305 3010 3320 2775 2865 3040 3200]
[3135 3205 3050 3240 3165 3355 3120 3210] [3275 3265 3450 3295 3200 2975 3235 3325]
[3540 3170 3095 3170 3165 3165 3275 3340] [3295 3275 3315 3420 3110 3210 3125 3315]
COM7 0 30
2
[3095 3080 2935 3060 3195 3040 3235 2975] [2425 2260 2160 2175 2185 2195 2280 2610]
[3230 3235 3100 3160 3100 3160 3110 3210] [2505 2280 2330 2205 2195 2415 2465 2590]
[3045 3035 3220 3170 3075 3170 3155 3135] [2615 2635 2510 2380 2485 2360 2460 3000]
[3160 3170 3240 3210 3245 3175 3130 3155] [3145 3040 2790 2700 2395 2780 2800 2880]
[3225 3235 3175 3190 3250 2935 3305 3250] [3175 3405 3080 2880 2770 2480 2965 3225]
[2925 3320 3305 3325 3100 3350 3320 3305] [3070 3305 3010 3320 2775 2865 3040 3200]
[3195 3145 3210 3210 3120 3305 3160 3230] [3275 3265 3450 3295 3200 2975 3235 3325]
[3185 3410 3235 3150 3155 3340 3330 3315] [3295 3275 3315 3420 3110 3210 3125 3315]
COM3 1 31
2
[3095 3080 2935 3060 3195 3040 3235 2975] [2650 2465 2250 2220 1970 2080 2345 2490]
[3230 3235 3100 3160 3100 3160 3110 3210] [2670 2695 2255 2135 2125 2285 2420 2555]
[3045 3035 3220 3170 3075 3170 3155 3135] [2715 2590 2420 2450 2605 2335 2520 2740]
[3160 3170 3240 3210 3245 3175 3130 3155] [2715 2725 3035 2765 2565 2510 2605 2815]
[3225 3235 3175 3190 3250 2935 3305 3250] [2990 3205 3115 2810 2695 2550 2835 2930]
[2925 3320 3305 3325 3100 3350 3320 3305] [2825 3225 3140 3405 2875 2750 3010 3210]
[3195 3145 3210 3210 3120 3305 3160 3230] [3005 3470 3230 3290 2920 3085 3165 3110]
[3185 3410 3235 3150 3155 3340 3330 3315] [2960 3085 3250 3185 3240 3010 3240 3160]
COM7 0 32
2
[3010 2875 2935 3090 2980 2975 2925 2755] [2650 2465 2250 2220 1970 2080 2345 2490]
[3025 3130 2865 3045 2990 2885 2955 2900] [2670 2695 2255 2135 2125 2285 2420 2555]
[2970 3135 3140 3040 3010 3120 3140 2865] [2715 2590 2420 2450 2605 2335 2520 2740]
[3110 2995 3030 2960 3085 2820 3065 2915] [2715 2725 3035 2765 2565 2510 2605 2815]
[3110 2965 3125 3060 3105 3015 3250 3170] [2990 3205 3115 2810 2695 2550 2835 2930]
[3180 3150 3225 3275 3025 3045 3140 3085] [2825 3225 3140 3405 2875 2750 3010 3210]
[3205 3120 3130 3045 3035 3020 2890 3080] [3005 3470 3230 3290 2920 3085 3165 3110]
[3285 3015 3185 3145 3045 3285 3190 3345] [2960 3085 3250 3185 3240 3010 3240 3160]
COM3 1 33
2
[3010 2875 2935 3090 2980 2975 2925 2755] [3055 2870 2585 2350 2350 2360 2400 2625]
[3025 3130 2865 3045 2990 2885 2955 2900] [2940 2945 2520 2580 2520 2540 2590 2575]
[2970 3135 3140 3040 3010 3120 3140 2865] [2900 3080 2665 2460 2625 2540 2715 2975]
[3110 2995 3030 2960 3085 2820 3065 2915] [2895 2870 2645 2650 2775 2555 2810 2740]
[3110 2965 3125 3060 3105 3015 3250 3170] [3160 2965 3100 2885 3010 2695 2790 3040]
[3180 3150 3225 3275 3025 3045 3140 3085] [2910 3200 3050 3135 3115 2895 3145 3260]
[3205 3120 3130 3045 3035 3020 2890 3080] [3350 3200 3305 3165 3165 3255 3275 3315]
[3285 3015 3185 3145 3045 3285 3190 3345] [3390 3220 3245 3265 3240 3080 3035 3300]
COM7 0 34
2
[2970 2860 2975 2975 2980 2965 2595 2440] [3055 2870 2585 2350 2350 2360 2400 2625]
[3235 3020 3075 2975 2845 3045 2840 2555] [2940 2945 2520 2580 2520 2540 2590 2575]
[2845 2900 3220 3040 3090 2980 2845 2785] [2900 3080 2665 2460 2625 2540 2715 2975]
[2935 3050 3160 2935 3105 2995 3075 2765] [2895 2870 2645 2650 2775 2555 2810 2740]
[3150 2990 3125 3135 3115 3105 3090 3120] [3160 2965 3100 2885 3010 2695 2790 3040]
[3000 3105 3165 3030 3090 3085 3130 2955] [2910 3200 3050 3135 3115 2895 3145 3260]
[3220 3200 3050 3150 3090 3195 2925 3105] [3350 3200 3305 3165 3165 3255 3275 3315]
[3225 3240 3205 3085 3115 3095 3195 3115] [3390 3220 3245 3265 3240 3080 3035 3300]
COM3 1 35
2
[2970 2860 2975 2975 2980 2965 2595 2440] [3250 2905 2535 2535 2340 2300 2515 2835]
[3235 3020 3075 2975 2845 3045 2840 2555] [3095 3195 3135 2570 2310 2385 2530 2860]
[2845 2900 3220 3040 3090 2980 2845 2785] [3255 3235 3170 2800 2850 2435 2685 2935]
[2935 3050 3160 2935 3105 2995 3075 2765] [3290 3420 3295 2985 2850 2820 2855 2975]
[3150 2990 3125 3135 3115 3105 3090 3120] [3210 3225 3335 3125 3205 2880 2645 3110]
[3000 3105 3165 3030 3090 3085 3130 2955] [3305 3210 3210 3235 3095 3305 3135 3190]
[3220 3200 3050 3150 3090 3195 2925 3105] [3335 3395 3390 3405 3210 3275 3295 3230]
[3225 3240 3205 3085 3115 3095 3195 3115] [3465 3245 3395 3410 3240 3190 3400 3310]
COM7 0 36
2
[2915 2755 2825 2810 2970 2790 2410 2165] [3250 2905 2535 2535 2340 2300 2515 2835]
[3100 3055 2905 2950 2830 2925 2590 2335] [3095 3195 3135 2570 2310 2385 2530 2860]
[2790 2855 2995 2875 2845 2910 2730 2240] [3255 3235 3170 2800 2850 2435 2685 2935]
[3005 2965 3205 2955 3060 3020 2615 2370] [3290 3420 3295 2985 2850 2820 2855 2975]
[3160 3000 2950 2955 2990 2840 2915 2590] [3210 3225 3335 3125 3205 2880 2645 3110]
[3020 3175 3120 2960 3135 3120 3070 2755] [3305 3210 3210 3235 3095 3305 3135 3190]
[2885 3000 2915 3100 3000 3040 2845 2945] [3335 3395 3390 3405 3210 3275 3295 3230]
[3075 2935 3090 3130 3030 2945 3000 2830] [3465 3245 3395 3410 3240 3190 3400 3310]
COM3 1 37
2
[2915 2755 2825 2810 2970 2790 2410 2165] [3165 3110 2825 2695 2455 2335 2460 2825]
[3100 3055 2905 2950 2830 2925 2590 2335] [3010 3345 3110 2770 2765 2525 2565 3005]
[2790 2855 2995 2875 2845 2910 2730 2240] [3250 3460 3245 2805 3030 2575 2520 2600]
[3005 2965 3205 2955 3060 3020 2615 2370] [3245 3335 3365 3375 3065 3050 2780 2840]
[3160 3000 2950 2955 2990 2840 2915 2590] [3330 3370 3245 3150 3200 3120 3025 3305]
[3020 3175 3120 2960 3135 3120 3070 2755] [3270 3360 3310 3370 3275 3245 3245 3275]
[2885 3000 2915 3100 3000 3040 2845 2945] [3345 3385 3300 3375 3370 3205 3435 3460]
[3075 2935 3090 3130 3030 2945 3000 2830] [3390 3500 3400 3560 3415 3365 3360 3310]
COM7 0 38
2
[2910 2835 2770 2900 2835 2420 2275 1925] [3165 3110 2825 2695 2455 2335 2460 2825]
[2895 3090 2890 3055 2925 2695 2445 1970] [3010 3345 3110 2770 2765 2525 2565 3005]
[2875 2885 2970 2995 2845 2860 2665 2255] [3250 3460 3245 2805 3030 2575 2520 2600]
[3010 2895 2945 2905 3060 2900 2395 1965] [3245 3335 3365 3375 3065 3050 2780 2840]
[2965 3075 2925 2950 3075 2890 2685 2410] [3330 3370 3245 3150 3200 3120 3025 3305]
[2895 2975 3100 3040 2850 2950 2950 2745] [3270 3360 3310 3370 3275 3245 3245 3275]
[2930 3045 3015 3060 3055 2865 3030 2940] [3345 3385 3300 3375 3370 3205 3435 3460]
[3180 2925 3090 3045 3035 3045 3145 2860] [3390 3500 3400 3560 3415 3365 3360 3310]
COM3 1 39
2
[2910 2835 2770 2900 2835 2420 2275 1925] [2220 2250 2430 2720 2655 2490 2620 2975]
[2895 3090 2890 3055 2925 2695 2445 1970] [2245 2600 2845 2955 2980 3030 2850 2850]
[2875 2885 2970 2995 2845 2860 2665 2255] [2455 2785 3140 3105 3245 2965 2945 2965]
[3010 2895 2945 2905 3060 2900 2395 1965] [2715 2975 3270 3260 3215 3070 3145 3045]
[2965 3075 2925 2950 3075 2890 2685 2410] [2750 3170 3290 3225 3265 3200 3240 3320]
[2895 2975 3100 3040 2850 2950 2950 2745] [2770 3280 3190 3375 3295 3310 3325 3420]
[2930 3045 3015 3060 3055 2865 3030 2940] [2970 3310 3285 3240 3255 3275 3350 3445]
[3180 2925 3090 3045 3035 3045 3145 2860] [3175 3260 3340 3400 3410 3205 3410 3320]
COM7 0 40
2
[3050 2890 3035 2960 3030 2425 2430 2130] [2220 2250 2430 2720 2655 2490 2620 2975]
[3300 3215 3065 3070 3075 2855 2450 2265] [2245 2600 2845 2955 2980 3030 2850 2850]
[2885 3075 3095 3065 2990 2850 2745 2395] [2455 2785 3140 3105 3245 2965 2945 2965]
[3275 3120 3260 3040 3165 3225 2740 2165] [2715 2975 3270 3260 3215 3070 3145 3045]
[3185 3225 3225 3060 3105 3070 3180 2805] [2750 3170 3290 3225 3265 3200 3240 3320]
[3260 3200 3170 3065 2995 3160 3125 2795] [2770 3280 3190 3375 3295 3310 3325 3420]
[3265 3335 3285 3340 3300 3310 3035 3165] [2970 3310 3285 3240 3255 3275 3350 3445]
[3650 3175 3395 3430 3195 3285 3365 3475] [3175 3260 3340 3400 3410 3205 3410 3320]
COM3 1 41
2
[3050 2890 3035 2960 3030 2425 2430 2130] [2240 2435 2220 2200 2475 2565 2715 2940]
[3300 3215 3065 3070 3075 2855 2450 2265] [2495 2620 2445 2310 2550 2825 2895 2690]
[2885 3075 3095 3065 2990 2850 2745 2395] [2720 2380 2385 2500 3085 3055 2955 2930]
[3275 3120 3260 3040 3165 3225 2740 2165] [2640 2535 2570 2695 3065 3095 3020 3030]
[3185 3225 3225 3060 3105 3070 3180 2805] [2590 2560 2590 2925 3180 3095 3210 3190]
[3260 3200 3170 3065 2995 3160 3125 2795] [2685 2460 2715 3245 3215 3280 3350 3185]
[3265 3335 3285 3340 3300 3310 3035 3165] [2795 2805 2945 3140 3250 3220 3315 3205]
[3650 3175 3395 3430 3195 3285 3365 3475] [2895 2880 3035 3205 3200 3315 3375 3385]
COM7 0 42
2
[2915 2710 2940 2865 2690 2475 2210 1735] [2240 2435 2220 2200 2475 2565 2715 2940]
[2830 2975 2820 2945 2925 2525 2225 1910] [2495 2620 2445 2310 2550 2825 2895 2690]
[2785 2810 2845 2835 2835 2715 2410 1935] [2720 2380 2385 2500 3085 3055 2955 2930]
[2890 2940 3055 3070 2975 2810 2645 2165] [2640 2535 2570 2695 3065 3095 3020 3030]
[2925 3025 3075 2920 2995 2825 2640 2340] [2590 2560 2590 2925 3180 3095 3210 3190]
[2995 2905 2950 2955 2870 2925 2865 2835] [2685 2460 2715 3245 3215 3280 3350 3185]
[2970 3000 2710 2990 3035 3055 2650 2860] [2795 2805 2945 3140 3250 3220 3315 3205]
[3120 2825 2915 2855 2925 2945 3145 2980] [2895 2880 3035 3205 3200 3315 3375 3385]
COM3 1 43
2
[2915 2710 2940 2865 2690 2475 2210 1735] [2095 2330 2470 2550 2900 2580 2750 3060]
[2830 2975 2820 2945 2925 2525 2225 1910] [2375 2805 2840 2945 2890 3030 2910 3020]
[2785 2810 2845 2835 2835 2715 2410 1935] [2655 3145 3225 3145 3190 3040 2895 3010]
[2890 2940 3055 3070 2975 2810 2645 2165] [2740 3150 3205 3210 3135 3030 3015 2960]
[2925 3025 3075 2920 2995 2825 2640 2340] [3035 3250 3340 3105 3200 3235 3155 3180]
[2995 2905 2950 2955 2870 2925 2865 2835] [2955 3300 3285 3245 3220 3270 3290 3165]
[2970 3000 2710 2990 3035 3055 2650 2860] [3160 3250 3225 3295 3225 3260 3385 3295]
[3120 2825 2915 2855 2925 2945 3145 2980] [3195 3295 3265 3415 3115 3230 3240 3200]
COM7 0 44
2
[3175 3035 2940 3120 2920 2560 2350 2150] [2095 2330 2470 2550 2900 2580 2750 3060]
[3275 3165 3125 3010 3045 2740 2385 2170] [2375 2805 2840 2945 2890 3030 2910 3020]
[2965 3175 3150 3150 2890 2670 2625 2145] [2655 3145 3225 3145 3190 3040 2895 3010]
[3180 3130 3195 2955 3110 2970 2485 2315] [2740 3150 3205 3210 3135 3030 3015 2960]
[3340 3235 3145 3095 3215 3140 2935 2915] [3035 3250 3340 3105 3200 3235 3155 3180]
[3180 3210 3265 3120 3080 3195 3190 2915] [2955 3300 3285 3245 3220 3270 3290 3165]
[3575 3200 3145 3350 3330 3265 3155 3265] [3160 3250 3225 3295 3225 3260 3385 3295]
[3270 3245 3285 3135 3150 3405 3450 3465] [3195 3295 3265 3415 3115 3230 3240 3200]
COM3 1 45
2
[3175 3035 2940 3120 2920 2560 2350 2150] [3030 3010 2745 2570 2400 2520 2555 3005]
[3275 3165 3125 3010 3045 2740 2385 2170] [3070 3085 2890 2750 2485 2580 2605 2875]
[2965 3175 3150 3150 2890 2670 2625 2145] [3125 3190 3160 3075 2840 2760 2870 2775]
[3180 3130 3195 2955 3110 2970 2485 2315] [3220 3150 3230 3095 2935 2890 2995 2865]
[3340 3235 3145 3095 3215 3140 2935 2915] [3120 3230 3250 3030 3120 2950 3075 3190]
[3180 3210 3265 3120 3080 3195 3190 2915] [3055 3180 3110 3250 3245 3205 3195 3310]
[3575 3200 3145 3350 3330 3265 3155 3265] [3320 3300 3320 3240 3255 3215 3305 3295]
[3270 3245 3285 3135 3150 3405 3450 3465] [3220 3240 3305 3310 3125 3315 3250 3205]
COM7 0 46
2
[2980 3000 2975 2935 2935 2575 2415 2130] [3030 3010 2745 2570 2400 2520 2555 3005]
[3025 3045 3035 3215 2905 2690 2395 2080] [3070 3085 2890 2750 2485 2580 2605 2875]
[2895 3110 2915 3040 2775 2940 2540 2085] [3125 3190 3160 3075 2840 2760 2870 2775]
[3050 2950 3085 2890 3030 2835 2640 2310] [3220 3150 3230 3095 2935 2890 2995 2865]
[3085 3150 3105 2970 3105 2885 2900 2580] [3120 3230 3250 3030 3120 2950 3075 3190]
[2965 3165 3160 2910 3080 3025 3020 2660] [3055 3180 3110 3250 3245 3205 3195 3310]
[2905 3105 2965 3105 3060 3295 2975 3025] [3320 3300 3320 3240 3255 3215 3305 3295]
[3260 3315 3175 3110 3100 3170 3215 3025] [3220 3240 3305 3310 3125 3315 3250 3205]
COM3 1 47
2
[2980 3000 2975 2935 2935 2575 2415 2130] [2720 2555 2285 2315 2200 2410 2595 2975]
[3025 3045 3035 3215 2905 2690 2395 2080] [2945 2950 2465 2315 2245 2580 2745 2905]
[2895 3110 2915 3040 2775 2940 2540 2085] [3265 3080 2830 2560 2580 2620 2980 3035]
[3050 2950 3085 2890 3030 2835 2640 2310] [3170 3185 2975 2730 2575 2865 2965 3125]
[3085 3150 3105 2970 3105 2885 2900 2580] [3335 3360 3095 2940 2760 3030 3200 3260]
[2965 3165 3160 2910 3080 3025 3020 2660] [3215 3295 3110 3255 3025 3185 3260 3215]
[2905 3105 2965 3105 3060 3295 2975 3025] [3160 3400 3380 3175 3190 3240 3290 3355]
[3260 3315 3175 3110 3100 3170 3215 3025] [3300 3370 3375 3385 3150 3350 3365 3325]
COM7 0 48
2
[3065 3025 2960 2770 2805 2605 2300 1875] [2720 2555 2285 2315 2200 2410 2595 2975]
[3175 3215 2965 3005 2980 2850 2370 1980] [2945 2950 2465 2315 2245 2580 2745 2905]
[2970 3140 2995 3020 3005 2910 2540 2000] [3265 3080 2830 2560 2580 2620 2980 3035]
[3260 3185 3120 3075 3050 2700 2670 2195] [3170 3185 2975 2730 2575 2865 2965 3125]
[3285 3210 3135 3065 3195 2915 2885 2685] [3335 3360 3095 2940 2760 3030 3200 3260]
[3200 3085 3240 3215 3075 3105 3110 2895] [3215 3295 3110 3255 3025 3185 3260 3215]
[3180 3200 3290 3235 3215 3295 3075 3150] [3160 3400 3380 3175 3190 3240 3290 3355]
[3260 3315 3285 3300 3310 3350 3345 3180] [3300 3370 3375 3385 3150 3350 3365 3325]
COM3 1 49
2
[3065 3025 2960 2770 2805 2605 2300 1875] [2430 2315 2130 2150 2075 2415 2620 3105]
[3175 3215 2965 3005 2980 2850 2370 1980] [2510 2410 2270 2175 2235 2625 2805 2960]
[2970 3140 2995 3020 3005 2910 2540 2000] [2825 2600 2405 2300 2750 2815 3040 3060]
[3260 3185 3120 3075 3050 2700 2670 2195] [3055 2905 2485 2655 2790 3160 3235 3170]
[3285 3210 3135 3065 3195 2915 2885 2685] [3245 2875 2590 2625 3075 3235 3135 3295]
[3200 3085 3240 3215 3075 3105 3110 2895] [3135 3115 2955 3075 3005 3300 3360 3270]
[3180 3200 3290 3235 3215 3295 3075 3150] [3270 3300 3100 2975 3165 3260 3265 3400]
[3260 3315 3285 3300 3310 3350 3345 3180] [3295 3320 3240 3410 3115 3410 3200 3435]
COM7 0 50
2
[3355 3185 3065 2965 2965 2645 2450 2335] [2430 2315 2130 2150 2075 2415 2620 3105]
[3460 3180 3180 3225 3045 2815 2530 2410] [2510 2410 2270 2175 2235 2625 2805 2960]
[3135 3265 3155 3085 2975 2870 2685 2310] [2825 2600 2405 2300 2750 2815 3040 3060]
[3270 3060 3145 3105 3115 2955 2565 2525] [3055 2905 2485 2655 2790 3160 3235 3170]
[3265 3225 3270 3105 3300 2890 3105 2915] [3245 2875 2590 2625 3075 3235 3135 3295]
[3235 3350 3280 3200 3165 3285 3295 3045] [3135 3115 2955 3075 3005 3300 3360 3270]
[3265 3300 3255 3390 3335 3385 3215 3325] [3270 3300 3100 2975 3165 3260 3265 3400]
[3455 3240 3345 3450 3215 3340 3550 3265] [3295 3320 3240 3410 3115 3410 3200 3435]
COM3 1 51
2
[3355 3185 3065 2965 2965 2645 2450 2335] [2255 2255 2145 2175 2255 2440 2785 3185]
[3460 3180 3180 3225 3045 2815 2530 2410] [2395 2390 2120 2200 2340 2645 2935 3115]
[3135 3265 3155 3085 2975 2870 2685 2310] [2620 2400 2385 2420 2700 2850 3105 3175]
[3270 3060 3145 3105 3115 2955 2565 2525] [2810 2535 2645 2630 2965 3045 3225 3230]
[3265 3225 3270 3105 3300 2890 3105 2915] [2845 2755 2680 2815 3050 3275 3370 3265]
[3235 3350 3280 3200 3165 3285 3295 3045] [2830 2790 2725 3165 3165 3350 3350 3400]
[3265 3300 3255 3390 3335 3385 3215 3325] [3175 3335 3105 3250 3330 3190 3400 3500]
[3455 3240 3345 3450 3215 3340 3550 3265] [3225 3410 3275 3315 3385 3345 3535 3440]
COM7 0 52
2
[3205 3010 3055 2890 2650 2470 2320 2115] [2255 2255 2145 2175 2255 2440 2785 3185]
[3160 3070 3135 3135 3060 2735 2380 2075] [2395 2390 2120 2200 2340 2645 2935 3115]
[3035 3175 3165 3070 2930 2905 2650 2220] [2620 2400 2385 2420 2700 2850 3105 3175]
[3160 3180 3255 2920 3100 2905 2690 2285] [2810 2535 2645 2630 2965 3045 3225 3230]
[3285 3280 3180 2895 3145 2900 2935 2600] [2845 2755 2680 2815 3050 3275 3370 3265]
[3255 3195 3235 3290 3175 3160 3040 2825] [2830 2790 2725 3165 3165 3350 3350 3400]
[3140 3265 2935 3445 3140 3190 3185 3205] [3175 3335 3105 3250 3330 3190 3400 3500]
[3455 3365 3405 3280 3205 3360 3260 3265] [3225 3410 3275 3315 3385 3345 3535 3440]
COM3 1 53
2
[3205 3010 3055 2890 2650 2470 2320 2115] [2440 2240 2265 2270 2370 2535 3025 3270]
[3160 3070 3135 3135 3060 2735 2380 2075] [2585 2335 2355 2340 2390 2685 3045 3155]
[3035 3175 3165 3070 2930 2905 2650 2220] [2865 2525 2440 2390 2690 2905 3095 3310]
[3160 3180 3255 2920 3100 2905 2690 2285] [2850 2730 2730 2740 2945 3130 3280 3215]
[3285 3280 3180 2895 3145 2900 2935 2600] [2825 2805 2705 2905 3230 3125 3285 3265]
[3255 3195 3235 3290 3175 3160 3040 2825] [2695 2680 2915 3035 3115 3235 3290 3395]
[3140 3265 2935 3445 3140 3190 3185 3205] [3240 3160 3280 3235 3185 3295 3290 3345]
[3455 3365 3405 3280 3205 3360 3260 3265] [3335 3305 3400 3470 3250 3410 3345 3410]
COM7 0 54
2
[3045 2910 2905 2750 2550 2345 2185 1915] [2440 2240 2265 2270 2370 2535 3025 3270]
[3065 3160 2985 2990 2990 2635 2380 2310] [2585 2335 2355 2340 2390 2685 3045 3155]
[2900 2900 3050 2945 2960 2760 2645 2275] [2865 2525 2440 2390 2690 2905 3095 3310]
[2965 2960 3120 2970 3040 2900 2685 2275] [2850 2730 2730 2740 2945 3130 3280 3215]
[3125 3160 2970 2965 3130 2740 2920 2550] [2825 2805 2705 2905 3230 3125 3285 3265]
[3220 3215 3240 3115 3015 3040 3175 2725] [2695 2680 2915 3035 3115 3235 3290 3395]
[3075 3100 3055 3230 3090 3065 2840 3050] [3240 3160 3280 3235 3185 3295 3290 3345]
[3130 3375 3045 3110 3100 3170 3285 3180] [3335 3305 3400 3470 3250 3410 3345 3410]
COM3 1 55
2
[3045 2910 2905 2750 2550 2345 2185 1915] [2135 2070 2000 2045 2360 2735 3150 3305]
[3065 3160 2985 2990 2990 2635 2380 2310] [2190 2195 1935 2125 2450 2850 3070 3095]
[2900 2900 3050 2945 2960 2760 2645 2275] [2350 2270 2240 2470 2800 2910 3155 3070]
[2965 2960 3120 2970 3040 2900 2685 2275] [2560 2600 2465 2650 2875 3195 3255 3190]
[3125 3160 2970 2965 3130 2740 2920 2550] [2660 2345 2615 2775 3120 3205 3250 3200]
[3220 3215 3240 3115 3015 3040 3175 2725] [2620 2620 2865 3200 3270 3255 3330 3085]
[3075 3100 3055 3230 3090 3065 2840 3050] [3110 2990 2945 3170 3165 3125 3435 3205]
[3130 3375 3045 3110 3100 3170 3285 3180] [3115 3090 3405 3295 3155 3125 3205 3300]
COM7 0 56
2
[3165 2945 2945 2870 2670 2215 2170 1855] [2135 2070 2000 2045 2360 2735 3150 3305]
[3205 3230 2955 3060 2980 2680 2380 2130] [2190 2195 1935 2125 2450 2850 3070 3095]
[2905 3110 3180 3145 2930 2935 2560 2135] [2350 2270 2240 2470 2800 2910 3155 3070]
[3170 2940 3175 3100 3060 3040 2525 2075] [2560 2600 2465 2650 2875 3195 3255 3190]
[3170 3145 3230 3005 3040 2940 2955 2495] [2660 2345 2615 2775 3120 3205 3250 3200]
[2820 3050 3205 3235 3020 3145 2800 2890] [2620 2620 2865 3200 3270 3255 3330 3085]
[3130 3195 3265 3180 3120 3095 3215 2960] [3110 2990 2945 3170 3165 3125 3435 3205]
[3520 3315 3365 3355 3320 3265 3215 3120] [3115 3090 3405 3295 3155 3125 3205 3300]
COM3 1 57
2
[3165 2945 2945 2870 2670 2215 2170 1855] [2010 2075 1820 1920 2330 2670 3085 3295]
[3205 3230 2955 3060 2980 2680 2380 2130] [2080 2025 2115 2105 2415 2950 3145 3200]
[2905 3110 3180 3145 2930 2935 2560 2135] [2250 2230 2170 2575 2725 2905 3150 3175]
[3170 2940 3175 3100 3060 3040 2525 2075] [2260 2125 2525 2955 2940 3090 3195 3170]
[3170 3145 3230 3005 3040 2940 2955 2495] [2505 2490 2725 2910 3180 3300 3285 3315]
[2820 3050 3205 3235 3020 3145 2800 2890] [2505 2410 2815 3200 3135 3325 3410 3380]
[3130 3195 3265 3180 3120 3095 3215 2960] [2890 3165 3180 3315 3245 3395 3425 3480]
[3520 3315 3365 3355 3320 3265 3215 3120] [3405 3150 3250 3475 3415 3235 3355 3310]
COM7 0 58
2
[2960 2865 2675 2885 2590 2310 2150 1920] [2010 2075 1820 1920 2330 2670 3085 3295]
[3000 3050 2895 2865 2915 2595 2210 2125] [2080 2025 2115 2105 2415 2950 3145 3200]
[2955 2950 2945 2950 2885 2890 2570 2005] [2250 2230 2170 2575 2725 2905 3150 3175]
[3130 3095 3195 2950 3010 2985 2665 1895] [2260 2125 2525 2955 2940 3090 3195 3170]
[3100 3135 2925 3095 3045 2725 2735 2345] [2505 2490 2725 2910 3180 3300 3285 3315]
[3070 3050 3050 3140 2970 3000 2850 2740] [2505 2410 2815 3200 3135 3325 3410 3380]
[2960 3045 2950 3130 2950 3100 2905 3005] [2890 3165 3180 3315 3245 3395 3425 3480]
[3065 3060 3085 3030 2950 3135 3220 2950] [3405 3150 3250 3475 3415 3235 3355 3310]
COM3 1 59
2
[2960 2865 2675 2885 2590 2310 2150 1920] [2295 2175 2040 2350 2475 2750 3135 3275]
[3000 3050 2895 2865 2915 2595 2210 2125] [2195 2330 2215 2270 2550 2865 3270 3175]
[2955 2950 2945 2950 2885 2890 2570 2005] [2610 2430 2290 2600 2755 2995 3195 3210]
[3130 3095 3195 2950 3010 2985 2665 1895] [2590 2585 3005 2790 3110 3175 3255 3305]
[3100 3135 2925 3095 3045 2725 2735 2345] [2855 2740 2920 3070 3240 3350 3375 3485]
[3070 3050 3050 3140 2970 3000 2850 2740] [2795 2700 3000 3350 3255 3285 3420 3425]
[2960 3045 2950 3130 2950 3100 2905 3005] [3220 3145 3245 3210 3245 3335 3435 3650]
[3065 3060 3085 3030 2950 3135 3220 2950] [3580 3400 3715 3655 3395 3525 3550 3495]
COM7 0 60
2
[3080 2990 2975 2905 2725 2420 2230 2060] [2295 2175 2040 2350 2475 2750 3135 3275]
[3010 3075 2945 3050 2880 2735 2425 2205] [2195 2330 2215 2270 2550 2865 3270 3175]
[3085 3050 3060 3025 2950 2805 2550 2175] [2610 2430 2290 2600 2755 2995 3195 3210]
[3040 3040 3030 3015 3145 2895 2600 2270] [2590 2585 3005 2790 3110 3175 3255 3305]
[3140 3075 3125 3065 3205 3075 2775 2575] [2855 2740 2920 3070 3240 3350 3375 3485]
[3055 3000 3215 3140 2915 2900 3040 2695] [2795 2700 3000 3350 3255 3285 3420 3425]
[3110 3080 3100 3200 3155 3005 3035 2950] [3220 3145 3245 3210 3245 3335 3435 3650]
[3190 3245 3230 3115 3030 3260 3270 3160] [3580 3400 3715 3655 3395 3525 3550 3495]
COM3 1 61
2
[3080 2990 2975 2905 2725 2420 2230 2060] [2070 2010 2050 2120 2345 2670 3095 3215]
[3010 3075 2945 3050 2880 2735 2425 2205] [2165 2085 1990 2305 2385 2710 3135 3140]
[3085 3050 3060 3025 2950 2805 2550 2175] [2310 2110 2315 2445 2750 2895 3255 3025]
[3040 3040 3030 3015 3145 2895 2600 2270] [2335 2430 2470 2735 3040 2995 3205 3120]
[3140 3075 3125 3065 3205 3075 2775 2575] [2320 2520 2725 2880 3225 3210 3340 3170]
[3055 3000 3215 3140 2915 2900 3040 2695] [2455 2425 2955 3205 3270 3325 3305 3245]
[3110 3080 3100 3200 3155 3005 3035 2950] [2575 3080 3185 3290 3240 3220 3290 3320]
[3190 3245 3230 3115 3030 3260 3270 3160] [3195 3375 3245 3225 3380 3325 3360 3310]
COM7 0 62
2
[3135 2865 3040 3040 2590 2440 2325 2130] [2070 2010 2050 2120 2345 2670 3095 3215]
[3235 3165 2915 3025 2990 2625 2475 2170] [2165 2085 1990 2305 2385 2710 3135 3140]
[3060 3035 3160 3015 3005 2800 2520 2365] [2310 2110 2315 2445 2750 2895 3255 3025]
[3105 3120 3170 2900 3050 2810 2670 2285] [2335 2430 2470 2735 3040 2995 3205 3120]
[3225 3270 3120 3075 3075 2890 3135 2730] [2320 2520 2725 2880 3225 3210 3340 3170]
[3190 3125 3265 3245 3040 3055 3035 2940] [2455 2425 2955 3205 3270 3325 3305 3245]
[3280 3310 3185 3250 3150 3265 3245 2965] [2575 3080 3185 3290 3240 3220 3290 3320]
[3210 3310 3175 3225 3005 3240 3285 3265] [3195 3375 3245 3225 3380 3325 3360 3310]
COM3 1 63
2
[3135 2865 3040 3040 2590 2440 2325 2130] [1900 1960 2035 2025 2375 2615 3060 3185]
[3235 3165 2915 3025 2990 2625 2475 2170] [2040 2155 2085 2110 2360 2935 3020 3125]
[3060 3035 3160 3015 3005 2800 2520 2365] [2140 2070 2240 2460 2775 2870 3170 3180]
[3105 3120 3170 2900 3050 2810 2670 2285] [2270 2105 2535 2565 2890 3185 3145 3125]
[3225 3270 3120 3075 3075 2890 3135 2730] [2320 2260 2775 2965 3135 3320 3230 3155]
[3190 3125 3265 3245 3040 3055 3035 2940] [2275 2490 2810 3150 3170 3185 3255 3280]
[3280 3310 3185 3250 3150 3265 3245 2965] [2765 2750 3365 3045 2860 3330 3165 3315]
[3210 3310 3175 3225 3005 3240 3285 3265] [2960 3145 3210 3240 3385 3150 3090 3370]
COM7 0 64
2
[3075 2790 2910 3060 2790 2435 2205 2140] [1900 1960 2035 2025 2375 2615 3060 3185]
[3080 3135 3075 3050 2995 2795 2255 2175] [2040 2155 2085 2110 2360 2935 3020 3125]
[2985 3035 3190 3085 2770 2935 2525 2290] [2140 2070 2240 2460 2775 2870 3170 3180]
[3085 3070 3200 3110 3100 2735 2300 2220] [2270 2105 2535 2565 2890 3185 3145 3125]
[3195 3175 3240 3010 3105 2745 2835 2545] [2320 2260 2775 2965 3135 3320 3230 3155]
[3115 3140 3335 3265 2950 3145 3110 2965] [2275 2490 2810 3150 3170 3185 3255 3280]
[3130 3255 3265 3155 3005 2945 2810 3210] [2765 2750 3365 3045 2860 3330 3165 3315]
[3185 3310 3360 3245 3105 3130 3365 3225] [2960 3145 3210 3240 3385 3150 3090 3370]
COM3 1 65
2
[3075 2790 2910 3060 2790 2435 2205 2140] [1690 1825 1720 1895 2350 2620 3210 3275]
[3080 3135 3075 3050 2995 2795 2255 2175] [1745 1755 2035 1990 2445 2840 3155 3080]
[2985 3035 3190 3085 2770 2935 2525 2290] [2015 2100 2140 2440 2785 2920 3115 3060]
[3085 3070 3200 3110 3100 2735 2300 2220] [2335 2300 2460 2675 2990 3085 3330 3105]
[3195 3175 3240 3010 3105 2745 2835 2545] [2140 2460 2935 3025 3210 3205 3515 3295]
[3115 3140 3335 3265 2950 3145 3110 2965] [2510 2535 2930 3240 3255 3345 3340 3435]
[3130 3255 3265 3155 3005 2945 2810 3210] [2930 3040 3130 3190 3240 3255 3295 3335]
[3185 3310 3360 3245 3105 3130 3365 3225] [3365 3295 3410 3385 3240 3330 3380 3305]