COM7 0 6
3
[1615 1585 1980 2165 2000 1555 1840 2425] [3285 3230 3245 3105 3275 3250 3200 3290]
[1755 1705 2165 2305 2120 1820 2210 2200] [3155 3220 3315 3140 3135 3220 3170 3160]
[1755 1820 2285 2340 2120 1740 1800 2220] [3130 3225 3295 3135 3265 3110 3200 3125]
[1805 1865 2190 2370 2235 1765 1755 2265] [3250 3480 3370 3210 3165 3245 3350 3215]
[1690 1580 2365 2495 2190 1755 1850 2190] [3335 3350 3275 3025 3230 3095 3265 3170]
[1535 1655 2095 2310 2010 1755 1610 2160] [3105 3240 3360 3295 3265 3255 3265 3200]
[1890 1530 1865 2110 1860 1680 1470 2315] [3325 3150 3390 3225 3290 3300 3345 3445]
[1900 1755 1675 1820 1790 1550 1650 2145] [3310 3255 3325 3105 3080 3235 3365 3485]
COM3 1 7
3
[1615 1585 1980 2165 2000 1555 1840 2425] [3025 2825 2915 2740 2940 2870 3045 3075]
[1755 1705 2165 2305 2120 1820 2210 2200] [3020 2920 3045 2880 2900 3045 2970 2915]
[1755 1820 2285 2340 2120 1740 1800 2220] [3015 3035 3040 3000 2975 2985 3015 3060]
[1805 1865 2190 2370 2235 1765 1755 2265] [3030 3000 3030 3055 3040 2995 3045 2980]
[1690 1580 2365 2495 2190 1755 1850 2190] [3095 3145 3000 2945 2940 2910 3025 2910]
[1535 1655 2095 2310 2010 1755 1610 2160] [2960 3015 2940 3005 3045 2970 3020 3215]
[1890 1530 1865 2110 1860 1680 1470 2315] [3225 3110 3210 3040 2920 3005 3100 3295]
[1900 1755 1675 1820 1790 1550 1650 2145] [3030 3010 3070 2930 3070 2835 3010 3380]
COM7 0 8
3
[2045 1855 1960 2365 2230 1800 2200 2610] [3025 2825 2915 2740 2940 2870 3045 3075]
[2000 1925 2140 2510 2410 2060 2200 2465] [3020 2920 3045 2880 2900 3045 2970 2915]
[1855 2025 2365 2520 2455 1955 2150 2740] [3015 3035 3040 3000 2975 2985 3015 3060]
[2055 2115 2440 2515 2350 1975 2265 2515] [3030 3000 3030 3055 3040 2995 3045 2980]
[2150 1880 2255 2460 2295 2025 2075 2590] [3095 3145 3000 2945 2940 2910 3025 2910]
[2005 2030 2250 2450 2230 1855 2180 2400] [2960 3015 2940 3005 3045 2970 3020 3215]
[2090 1700 1945 2460 2385 1975 1860 2335] [3225 3110 3210 3040 2920 3005 3100 3295]
[1895 1600 2005 2040 2190 1815 2035 2445] [3030 3010 3070 2930 3070 2835 3010 3380]
COM3 1 9
3
[2045 1855 1960 2365 2230 1800 2200 2610] [2835 2915 2815 2820 3060 2870 2915 3085]
[2000 1925 2140 2510 2410 2060 2200 2465] [3055 2935 3045 2930 2985 3080 2975 2825]
[1855 2025 2365 2520 2455 1955 2150 2740] [3045 2945 3075 2850 2970 3100 3020 3035]
[2055 2115 2440 2515 2350 1975 2265 2515] [3005 2970 3125 2920 2995 2935 2990 3010]
[2150 1880 2255 2460 2295 2025 2075 2590] [3095 3045 3100 2800 2960 3005 3030 3045]
[2005 2030 2250 2450 2230 1855 2180 2400] [3105 3040 3055 2960 2870 3220 3065 3105]
[2090 1700 1945 2460 2385 1975 1860 2335] [3070 3340 3190 3125 3075 3055 2835 3010]
[1895 1600 2005 2040 2190 1815 2035 2445] [3140 3085 3060 3280 2990 2965 2970 3045]
COM7 0 10
3
[1755 1420 1685 2320 1800 1720 1815 2115] [2835 2915 2815 2820 3060 2870 2915 3085]
[1825 1760 1980 2220 1980 1685 1615 2225] [3055 2935 3045 2930 2985 3080 2975 2825]
[1630 1680 2095 2345 1895 1715 1685 2075] [3045 2945 3075 2850 2970 3100 3020 3035]
[1620 1865 2085 2225 1935 1595 1685 1955] [3005 2970 3125 2920 2995 2935 2990 3010]
[1695 1680 2215 2140 2165 1535 1655 2075] [3095 3045 3100 2800 2960 3005 3030 3045]
[1500 1605 2120 2060 1780 1695 1735 2100] [3105 3040 3055 2960 2870 3220 3065 3105]
[1700 1540 1800 2085 1695 1545 1555 1880] [3070 3340 3190 3125 3075 3055 2835 3010]
[1720 1440 1600 1595 1690 1550 1645 1920] [3140 3085 3060 3280 2990 2965 2970 3045]
COM3 1 11
3
[1755 1420 1685 2320 1800 1720 1815 2115] [3120 2935 2990 2960 3025 2970 3045 3180]
[1825 1760 1980 2220 1980 1685 1615 2225] [2895 3020 3160 3105 3005 3210 3145 3000]
[1630 1680 2095 2345 1895 1715 1685 2075] [3065 3065 3135 3030 3095 3085 3070 2980]
[1620 1865 2085 2225 1935 1595 1685 1955] [3095 2910 3135 3130 3135 3010 3115 3165]
[1695 1680 2215 2140 2165 1535 1655 2075] [3175 2960 3170 2935 3080 3010 3160 3360]
[1500 1605 2120 2060 1780 1695 1735 2100] [3305 3105 3075 3065 3100 3160 3305 3240]
[1700 1540 1800 2085 1695 1545 1555 1880] [3280 3325 3245 3040 3150 3260 3105 3145]
[1720 1440 1600 1595 1690 1550 1645 1920] [3275 3155 3190 3385 3080 3045 3010 3180]
COM7 0 12
3
[1775 1500 2050 2300 2040 1815 1985 2340] [3120 2935 2990 2960 3025 2970 3045 3180]
[2000 1795 2050 2400 2060 2025 1950 2460] [2895 3020 3160 3105 3005 3210 3145 3000]
[1690 1740 2060 2395 2180 1880 1800 2275] [3065 3065 3135 3030 3095 3085 3070 2980]
[1875 1745 2280 2340 2160 1995 1755 1965] [3095 2910 3135 3130 3135 3010 3115 3165]
[1885 1685 2120 2240 2310 1980 1960 2245] [3175 2960 3170 2935 3080 3010 3160 3360]
[1720 1605 2035 2440 1975 1855 1855 2025] [3305 3105 3075 3065 3100 3160 3305 3240]
[1595 1595 1915 2300 2075 1535 1565 2280] [3280 3325 3245 3040 3150 3260 3105 3145]
[1505 1495 1705 1870 1755 1640 1685 2120] [3275 3155 3190 3385 3080 3045 3010 3180]
COM3 1 13
3
[1775 1500 2050 2300 2040 1815 1985 2340] [3215 3360 3375 3345 3215 3110 3265 3310]
[2000 1795 2050 2400 2060 2025 1950 2460] [3230 3345 3245 3285 3135 3340 3350 3010]
[1690 1740 2060 2395 2180 1880 1800 2275] [3175 3230 3450 3105 3195 3200 3225 3145]
[1875 1745 2280 2340 2160 1995 1755 1965] [3305 3305 3475 3355 3240 3185 3370 3310]
[1885 1685 2120 2240 2310 1980 1960 2245] [3265 3505 3345 3285 3305 3340 3280 3225]
[1720 1605 2035 2440 1975 1855 1855 2025] [3070 3305 3355 3385 3230 3285 3310 3095]
[1595 1595 1915 2300 2075 1535 1565 2280] [3295 3425 3300 3240 3220 3295 3290 3330]
[1505 1495 1705 1870 1755 1640 1685 2120] [3470 3465 3365 3400 3275 3125 3150 3355]
COM7 0 14
3
[1770 1585 1965 2455 1975 1740 2080 2425] [3215 3360 3375 3345 3215 3110 3265 3310]
[1985 1780 2125 2470 2115 1805 1985 2335] [3230 3345 3245 3285 3135 3340 3350 3010]
[1700 1770 2440 2425 2205 1700 1825 2395] [3175 3230 3450 3105 3195 3200 3225 3145]
[1815 1870 2285 2365 2245 1785 1755 2330] [3305 3305 3475 3355 3240 3185 3370 3310]
[1745 1590 2170 2370 2230 1860 2000 2170] [3265 3505 3345 3285 3305 3340 3280 3225]
[1685 1635 2175 2300 1995 1695 1670 2070] [3070 3305 3355 3385 3230 3285 3310 3095]
[1500 1560 1775 2235 1790 1610 1595 2260] [3295 3425 3300 3240 3220 3295 3290 3330]
[1735 1625 1705 1775 1860 1555 1565 2250] [3470 3465 3365 3400 3275 3125 3150 3355]
COM3 1 15
3
[1770 1585 1965 2455 1975 1740 2080 2425] [2975 2925 3100 2935 3200 2920 3000 3065]
[1985 1780 2125 2470 2115 1805 1985 2335] [2900 2920 3025 2885 2985 2995 2975 3085]
[1700 1770 2440 2425 2205 1700 1825 2395] [3160 2940 2925 2920 2990 3035 3070 2925]
[1815 1870 2285 2365 2245 1785 1755 2330] [3110 2940 2875 2955 2975 2935 3070 3010]
[1745 1590 2170 2370 2230 1860 2000 2170] [3035 2915 3000 2835 2910 2895 2950 3000]
[1685 1635 2175 2300 1995 1695 1670 2070] [2950 3055 2925 3125 3005 3085 3150 3065]
[1500 1560 1775 2235 1790 1610 1595 2260] [3145 3090 2945 3040 3150 3050 3085 3075]
[1735 1625 1705 1775 1860 1555 1565 2250] [3030 3055 3045 3070 2925 3050 3295 3105]
COM7 0 16
3
[1770 1625 1925 2080 1905 1565 1695 2070] [2975 2925 3100 2935 3200 2920 3000 3065]
[1955 1705 2090 2360 2140 1805 1705 2280] [2900 2920 3025 2885 2985 2995 2975 3085]
[1650 1690 2155 2170 1960 1650 1840 2105] [3160 2940 2925 2920 2990 3035 3070 2925]
[1755 1780 2290 2245 2070 1675 1860 1990] [3110 2940 2875 2955 2975 2935 3070 3010]
[1820 1705 2075 2165 2005 1630 1795 2220] [3035 2915 3000 2835 2910 2895 2950 3000]
[1795 1670 2175 2185 1905 1740 1635 1845] [2950 3055 2925 3125 3005 3085 3150 3065]
[1695 1545 1790 1935 1750 1390 1605 1780] [3145 3090 2945 3040 3150 3050 3085 3075]
[1660 1525 1745 1635 1640 1520 1780 1905] [3030 3055 3045 3070 2925 3050 3295 3105]
COM3 1 17
3
[1770 1625 1925 2080 1905 1565 1695 2070] [3030 2890 2950 2855 2965 2855 3075 3015]
[1955 1705 2090 2360 2140 1805 1705 2280] [2795 3005 2995 2845 2935 3080 3055 2955]
[1650 1690 2155 2170 1960 1650 1840 2105] [3000 3025 2790 2910 3045 3035 3065 2965]
[1755 1780 2290 2245 2070 1675 1860 1990] [2990 2980 3085 2890 3050 3070 2950 3000]
[1820 1705 2075 2165 2005 1630 1795 2220] [3050 3155 3145 2855 3095 2990 3040 3280]
[1795 1670 2175 2185 1905 1740 1635 1845] [3210 3045 3035 3065 3045 2995 3245 3055]
[1695 1545 1790 1935 1750 1390 1605 1780] [3085 3255 3025 3115 3010 3035 3085 3145]
[1660 1525 1745 1635 1640 1520 1780 1905] [3270 2885 3075 3320 2820 2965 2995 3295]
COM7 0 18
3
[1975 1785 1895 2225 1975 1820 2185 2465] [3030 2890 2950 2855 2965 2855 3075 3015]
[1900 1915 2230 2255 2270 1935 2015 2460] [2795 3005 2995 2845 2935 3080 3055 2955]
[1840 1880 2445 2330 2190 2120 2075 2455] [3000 3025 2790 2910 3045 3035 3065 2965]
[1785 1785 2365 2400 2345 2035 1935 2520] [2990 2980 3085 2890 3050 3070 2950 3000]
[2030 2095 2285 2535 2400 1980 2105 2465] [3050 3155 3145 2855 3095 2990 3040 3280]
[2005 1705 2175 2520 1905 1900 1855 2315] [3210 3045 3035 3065 3045 2995 3245 3055]
[1940 1660 1960 2405 1865 1775 1900 2320] [3085 3255 3025 3115 3010 3035 3085 3145]
[1795 1580 1885 2055 2005 1855 2105 2190] [3270 2885 3075 3320 2820 2965 2995 3295]
COM3 1 19
3
[1975 1785 1895 2225 1975 1820 2185 2465] [3045 2920 3230 3110 3070 3025 3015 3220]
[1900 1915 2230 2255 2270 1935 2015 2460] [3150 3070 3150 3100 2975 3155 3095 2980]
[1840 1880 2445 2330 2190 2120 2075 2455] [3060 2995 3070 3100 3110 3155 3110 3220]
[1785 1785 2365 2400 2345 2035 1935 2520] [3235 3175 3175 3205 3210 3005 3180 3295]
[2030 2095 2285 2535 2400 1980 2105 2465] [2945 3115 3265 3035 3070 3115 3170 3120]
[2005 1705 2175 2520 1905 1900 1855 2315] [3130 2855 3280 3130 3160 3035 3165 3335]
[1940 1660 1960 2405 1865 1775 1900 2320] [3285 3235 3240 3180 3025 3065 3020 3250]
[1795 1580 1885 2055 2005 1855 2105 2190] [3175 3435 3315 3205 3245 3050 3250 3365]
COM7 0 20
3
[1650 1585 1815 2355 1930 1825 1900 2115] [3045 2920 3230 3110 3070 3025 3015 3220]
[1900 1600 2020 2395 2045 1785 1785 2230] [3150 3070 3150 3100 2975 3155 3095 2980]
[1560 1820 2110 2390 2120 1745 1700 2025] [3060 2995 3070 3100 3110 3155 3110 3220]
[1895 1670 2320 2315 2105 1690 1930 2065] [3235 3175 3175 3205 3210 3005 3180 3295]
[1705 1840 2110 2270 2130 1715 2015 2135] [2945 3115 3265 3035 3070 3115 3170 3120]
[1720 1710 2175 2245 1945 1685 2025 2380] [3130 2855 3280 3130 3160 3035 3165 3335]
[1665 1705 1875 2145 2110 1695 1580 2045] [3285 3235 3240 3180 3025 3065 3020 3250]
[1905 1545 1730 1755 1640 1405 1745 2200] [3175 3435 3315 3205 3245 3050 3250 3365]
COM3 1 21
3
[1650 1585 1815 2355 1930 1825 1900 2115] [3045 3070 3090 3025 3095 3045 3080 3125]
[1900 1600 2020 2395 2045 1785 1785 2230] [3030 3010 3035 2950 3010 3095 2970 2995]
[1560 1820 2110 2390 2120 1745 1700 2025] [3060 3120 3180 3080 3140 3120 3110 3060]
[1895 1670 2320 2315 2105 1690 1930 2065] [3300 3100 3090 2920 3050 3005 3015 3095]
[1705 1840 2110 2270 2130 1715 2015 2135] [3090 3175 3075 2890 3205 3000 3200 3055]
[1720 1710 2175 2245 1945 1685 2025 2380] [3110 3105 3245 3125 3155 3155 3230 3090]
[1665 1705 1875 2145 2110 1695 1580 2045] [3160 3140 3225 2940 3180 2805 3100 3300]
[1905 1545 1730 1755 1640 1405 1745 2200] [3235 3080 3075 3235 3170 3055 3225 3100]
COM7 0 22
3
[1725 1595 1920 2300 1955 1725 1835 2105] [3045 3070 3090 3025 3095 3045 3080 3125]
[1880 1745 1940 2190 2025 1865 1935 2245] [3030 3010 3035 2950 3010 3095 2970 2995]
[1780 1770 2230 2250 1975 1785 1885 2300] [3060 3120 3180 3080 3140 3120 3110 3060]
[1670 1855 2275 2280 2105 1695 1825 2255] [3300 3100 3090 2920 3050 3005 3015 3095]
[1815 1875 2195 2220 2135 1770 2035 2170] [3090 3175 3075 2890 3205 3000 3200 3055]
[1700 1650 2165 2230 1975 1680 1855 2180] [3110 3105 3245 3125 3155 3155 3230 3090]
[1850 1580 2010 1985 1980 1735 1610 2105] [3160 3140 3225 2940 3180 2805 3100 3300]
[1880 1615 1920 1970 1680 1640 1725 2045] [3235 3080 3075 3235 3170 3055 3225 3100]
COM3 1 23
3
[1725 1595 1920 2300 1955 1725 1835 2105] [3445 3585 3480 3350 3405 3190 3410 3300]
[1880 1745 1940 2190 2025 1865 1935 2245] [3330 3420 3465 3415 3305 3370 3405 3275]
[1780 1770 2230 2250 1975 1785 1885 2300] [3435 3520 3445 3470 3420 3190 3420 3345]
[1670 1855 2275 2280 2105 1695 1825 2255] [3450 3425 3275 3460 3375 3290 3470 3370]
[1815 1875 2195 2220 2135 1770 2035 2170] [3355 3405 3345 3270 3370 3355 3470 3390]
[1700 1650 2165 2230 1975 1680 1855 2180] [3335 3235 3485 3495 3345 3460 3300 3480]
[1850 1580 2010 1985 1980 1735 1610 2105] [3335 3580 3725 3430 3400 3605 3515 3260]
[1880 1615 1920 1970 1680 1640 1725 2045] [3455 3570 3465 3560 3335 3410 3515 3555]
COM7 0 24
3
[1795 1755 1980 2295 1895 1885 2195 2285] [3445 3585 3480 3350 3405 3190 3410 3300]
[2005 2110 2210 2410 2215 2070 1855 2650] [3330 3420 3465 3415 3305 3370 3405 3275]
[1845 1960 2510 2455 2175 1945 2000 2415] [3435 3520 3445 3470 3420 3190 3420 3345]
[2005 1905 2400 2545 2225 1830 2115 2570] [3450 3425 3275 3460 3375 3290 3470 3370]
[1820 1855 2330 2445 2310 1885 2270 2805] [3355 3405 3345 3270 3370 3355 3470 3390]
[1645 1860 2360 2445 2220 2055 1870 2495] [3335 3235 3485 3495 3345 3460 3300 3480]
[1740 1700 2145 2345 2160 1890 1885 2440] [3335 3580 3725 3430 3400 3605 3515 3260]
[1900 1535 1875 2230 1920 1710 1745 2500] [3455 3570 3465 3560 3335 3410 3515 3555]
COM3 1 25
3
[1795 1755 1980 2295 1895 1885 2195 2285] [2875 2920 2810 2895 3080 3105 3095 3055]
[2005 2110 2210 2410 2215 2070 1855 2650] [2905 3020 2905 2965 2995 3035 3195 3005]
[1845 1960 2510 2455 2175 1945 2000 2415] [2970 3055 3070 2980 2990 3005 3060 2830]
[2005 1905 2400 2545 2225 1830 2115 2570] [2990 2935 2920 3020 3095 2985 3020 3070]
[1820 1855 2330 2445 2310 1885 2270 2805] [3215 3160 3105 2885 3185 3080 3070 3080]
[1645 1860 2360 2445 2220 2055 1870 2495] [2995 2955 3005 2985 3020 3070 3125 3095]
[1740 1700 2145 2345 2160 1890 1885 2440] [3280 3295 3095 3135 3070 3185 3170 3300]
[1900 1535 1875 2230 1920 1710 1745 2500] [3235 2985 3160 3070 3015 2890 3115 2980]
COM7 0 26
3
[1590 1530 1705 1875 1865 1580 1560 1915] [2875 2920 2810 2895 3080 3105 3095 3055]
[1810 1755 2015 2025 1805 1760 1570 2155] [2905 3020 2905 2965 2995 3035 3195 3005]
[1540 1785 2255 2340 1940 1650 1780 2265] [2970 3055 3070 2980 2990 3005 3060 2830]
[1705 1705 2275 2170 1860 1650 1655 2255] [2990 2935 2920 3020 3095 2985 3020 3070]
[1835 1695 2085 2200 1965 1650 1865 1845] [3215 3160 3105 2885 3185 3080 3070 3080]
[1555 1685 2020 2095 1835 1570 1530 2030] [2995 2955 3005 2985 3020 3070 3125 3095]
[1570 1420 1790 1860 1495 1640 1595 2035] [3280 3295 3095 3135 3070 3185 3170 3300]
[1565 1505 1585 1900 1610 1420 1715 2040] [3235 2985 3160 3070 3015 2890 3115 2980]
COM3 1 27
3
[1590 1530 1705 1875 1865 1580 1560 1915] [3045 3090 3220 3170 3095 3025 3080 3245]
[1810 1755 2015 2025 1805 1760 1570 2155] [2995 3130 3145 3135 3090 3150 3260 3160]
[1540 1785 2255 2340 1940 1650 1780 2265] [3195 3195 3195 3240 3240 3190 3245 3105]
[1705 1705 2275 2170 1860 1650 1655 2255] [3230 3105 3205 3215 3195 3075 3160 3085]
[1835 1695 2085 2200 1965 1650 1865 1845] [3235 3225 3295 3105 3210 3155 3095 3290]
[1555 1685 2020 2095 1835 1570 1530 2030] [2975 3235 3210 3255 3150 3230 3295 3215]
[1570 1420 1790 1860 1495 1640 1595 2035] [3175 3145 3225 3230 3275 3345 3260 3265]
[1565 1505 1585 1900 1610 1420 1715 2040] [3395 2975 3070 3370 3270 3215 3410 3355]
COM7 0 28
3
[1825 1415 1765 2000 1925 1665 1785 2515] [3045 3090 3220 3170 3095 3025 3080 3245]
[1900 1740 1990 2395 2025 1715 1800 2155] [2995 3130 3145 3135 3090 3150 3260 3160]
[1555 1685 2150 2515 2065 1670 1805 2300] [3195 3195 3195 3240 3240 3190 3245 3105]
[1755 1870 2120 2290 2060 1625 1680 2145] [3230 3105 3205 3215 3195 3075 3160 3085]
[1690 1600 1955 2215 2075 1670 1815 2290] [3235 3225 3295 3105 3210 3155 3095 3290]
[1550 1515 2150 2425 1935 1490 1770 2180] [2975 3235 3210 3255 3150 3230 3295 3215]
[1530 1630 1710 2130 1825 1600 1670 2090] [3175 3145 3225 3230 3275 3345 3260 3265]
[1605 1500 1680 1830 1730 1510 2025 2010] [3395 2975 3070 3370 3270 3215 3410 3355]
COM3 1 29
3
[1825 1415 1765 2000 1925 1665 1785 2515] [3400 3270 3290 3315 3315 3245 3260 3350]
[1900 1740 1990 2395 2025 1715 1800 2155] [3240 3335 3415 3290 3285 3185 3225 3010]
[1555 1685 2150 2515 2065 1670 1805 2300] [3370 3265 3400 3305 3340 3285 3220 3215]
[1755 1870 2120 2290 2060 1625 1680 2145] [3305 3385 3350 3305 3390 3245 3370 3070]
[1690 1600 1955 2215 2075 1670 1815 2290] [3380 3345 3315 3160 3200 3100 3155 3440]
[1550 1515 2150 2425 1935 1490 1770 2180] [3405 3380 3325 3460 3375 3290 3305 3205]
[1530 1630 1710 2130 1825 1600 1670 2090] [3245 3300 3425 3385 3250 3330 3240 3450]
[1605 1500 1680 1830 1730 1510 2025 2010] [3315 3330 3390 3420 3385 3410 3500 3415]
COM7 0 30
3
[1580 1565 1975 2080 1815 1505 1625 2025] [3400 3270 3290 3315 3315 3245 3260 3350]
[1760 1690 2160 2355 1845 1840 1695 1825] [3240 3335 3415 3290 3285 3185 3225 3010]
[1640 1575 2100 2150 1765 1595 1560 2025] [3370 3265 3400 3305 3340 3285 3220 3215]
[1745 1600 2085 2075 1915 1635 1650 1820] [3305 3385 3350 3305 3390 3245 3370 3070]
[1620 1630 2095 2265 2205 1475 1530 1985] [3380 3345 3315 3160 3200 3100 3155 3440]
[1470 1645 1945 2160 1790 1455 1470 1920] [3405 3380 3325 3460 3375 3290 3305 3205]
[1445 1450 1705 1855 1820 1435 1355 1735] [3245 3300 3425 3385 3250 3330 3240 3450]
[1540 1385 1480 1560 1610 1360 1445 1800] [3315 3330 3390 3420 3385 3410 3500 3415]
COM3 1 31
3
[1580 1565 1975 2080 1815 1505 1625 2025] [3475 3540 3425 3360 3350 3285 3245 3385]
[1760 1690 2160 2355 1845 1840 1695 1825] [3265 3310 3400 3280 3395 3405 3425 3140]
[1640 1575 2100 2150 1765 1595 1560 2025] [3280 3470 3465 3360 3410 3375 3315 3330]
[1745 1600 2085 2075 1915 1635 1650 1820] [3400 3325 3570 3345 3325 3285 3180 3390]
[1620 1630 2095 2265 2205 1475 1530 1985] [3430 3335 3600 3500 3345 3345 3460 3310]
[1470 1645 1945 2160 1790 1455 1470 1920] [3160 3100 3515 3485 3345 3275 3495 3465]
[1445 1450 1705 1855 1820 1435 1355 1735] [3340 3540 3475 3595 3420 3385 3365 3455]
[1540 1385 1480 1560 1610 1360 1445 1800] [3265 3370 3410 3575 3355 3370 3295 3490]
COM7 0 32
3
[1690 1395 1740 2095 1840 1660 1615 1955] [3475 3540 3425 3360 3350 3285 3245 3385]
[1800 1700 2110 2305 1910 1545 1615 1955] [3265 3310 3400 3280 3395 3405 3425 3140]
[1645 1665 1870 2295 2100 1600 1680 2220] [3280 3470 3465 3360 3410 3375 3315 3330]
[1615 1710 2090 2295 2005 1615 1665 1885] [3400 3325 3570 3345 3325 3285 3180 3390]
[1600 1590 2200 2310 2100 1520 1870 2110] [3430 3335 3600 3500 3345 3345 3460 3310]
[1590 1465 1965 2025 1720 1650 1605 1860] [3160 3100 3515 3485 3345 3275 3495 3465]
[1480 1490 1855 2185 1760 1450 1510 1950] [3340 3540 3475 3595 3420 3385 3365 3455]
[1565 1460 1730 1585 1645 1565 1520 1705] [3265 3370 3410 3575 3355 3370 3295 3490]
COM3 1 33
3
[1690 1395 1740 2095 1840 1660 1615 1955] [3220 2895 2975 2930 3095 3105 3005 3095]
[1800 1700 2110 2305 1910 1545 1615 1955] [3145 2995 3100 2960 2995 3005 3045 3020]
[1645 1665 1870 2295 2100 1600 1680 2220] [3000 3060 2960 2900 3040 2975 3045 2915]
[1615 1710 2090 2295 2005 1615 1665 1885] [3200 2865 3015 2950 3030 3055 3165 3120]
[1600 1590 2200 2310 2100 1520 1870 2110] [3095 3110 3215 3090 2970 3005 2990 3150]
[1590 1465 1965 2025 1720 1650 1605 1860] [3180 3090 2940 3220 3075 3045 3150 3240]
[1480 1490 1855 2185 1760 1450 1510 1950] [3230 3220 3255 3100 2845 3280 3030 3205]
[1565 1460 1730 1585 1645 1565 1520 1705] [3180 3220 3025 3300 3270 3125 3040 3385]
COM7 0 34
3
[1795 1760 2100 2120 2130 1720 2000 2165] [3220 2895 2975 2930 3095 3105 3005 3095]
[1870 1975 2205 2575 2270 1950 2035 2525] [3145 2995 3100 2960 2995 3005 3045 3020]
[1745 1860 2360 2285 2090 1895 1995 2220] [3000 3060 2960 2900 3040 2975 3045 2915]
[1980 1930 2235 2355 2205 1825 1895 2180] [3200 2865 3015 2950 3030 3055 3165 3120]
[1665 1835 2215 2300 2130 1740 1855 2165] [3095 3110 3215 3090 2970 3005 2990 3150]
[1635 1945 2285 2320 2070 1765 1805 2180] [3180 3090 2940 3220 3075 3045 3150 3240]
[1545 1735 2080 2200 2035 1980 1980 2230] [3230 3220 3255 3100 2845 3280 3030 3205]
[1700 1555 1860 1880 1975 1665 1915 2495] [3180 3220 3025 3300 3270 3125 3040 3385]
COM3 1 35
3
[1795 1760 2100 2120 2130 1720 2000 2165] [3115 3220 3415 2995 3210 3150 3165 3205]
[1870 1975 2205 2575 2270 1950 2035 2525] [3120 3085 3395 3255 3095 3300 3205 3085]
[1745 1860 2360 2285 2090 1895 1995 2220] [2930 3290 3305 3225 3215 3075 3175 3215]
[1980 1930 2235 2355 2205 1825 1895 2180] [3250 3285 3290 3365 3300 3290 3325 3275]
[1665 1835 2215 2300 2130 1740 1855 2165] [3250 3420 3320 3100 3185 3290 3305 3370]
[1635 1945 2285 2320 2070 1765 1805 2180] [3250 3270 3195 3325 3205 3435 3330 3230]
[1545 1735 2080 2200 2035 1980 1980 2230] [3250 3370 3315 3155 3355 3200 3265 3315]
[1700 1555 1860 1880 1975 1665 1915 2495] [3480 3475 3270 3380 3130 3410 3425 3450]
COM7 0 36
3
[1860 1630 1755 2100 1730 1570 1670 2120] [3115 3220 3415 2995 3210 3150 3165 3205]
[1750 1855 2070 2175 1945 1695 1705 2195] [3120 3085 3395 3255 3095 3300 3205 3085]
[1550 1705 2105 2340 1855 1760 1685 2025] [2930 3290 3305 3225 3215 3075 3175 3215]
[1660 1590 2105 2235 2150 1705 1820 1905] [3250 3285 3290 3365 3300 3290 3325 3275]
[1680 1680 2165 2160 2030 1500 1775 2055] [3250 3420 3320 3100 3185 3290 3305 3370]
[1490 1640 1985 2120 1770 1720 1630 1825] [3250 3270 3195 3325 3205 3435 3330 3230]
[1540 1600 1760 2330 1775 1610 1555 1885] [3250 3370 3315 3155 3355 3200 3265 3315]
[1720 1345 1630 1545 1570 1420 1535 2140] [3480 3475 3270 3380 3130 3410 3425 3450]
COM3 1 37
3
[1860 1630 1755 2100 1730 1570 1670 2120] [3525 3420 3470 3380 3440 3245 3315 3405]
[1750 1855 2070 2175 1945 1695 1705 2195] [3375 3505 3520 3350 3265 3425 3300 3190]
[1550 1705 2105 2340 1855 1760 1685 2025] [3375 3605 3415 3370 3425 3230 3370 3255]
[1660 1590 2105 2235 2150 1705 1820 1905] [3390 3300 3470 3345 3390 3285 3375 3385]
[1680 1680 2165 2160 2030 1500 1775 2055] [3545 3485 3600 3315 3380 3320 3360 3155]
[1490 1640 1985 2120 1770 1720 1630 1825] [3330 3440 3465 3420 3195 3475 3500 3300]
[1540 1600 1760 2330 1775 1610 1555 1885] [3375 3525 3410 3335 3430 3240 3450 3340]
[1720 1345 1630 1545 1570 1420 1535 2140] [3570 3550 3610 3615 3435 3620 3485 3555]
COM7 0 38
3
[1775 1815 1895 2450 2095 1780 2055 2375] [3525 3420 3470 3380 3440 3245 3315 3405]
[1940 1895 2220 2365 2205 2015 2085 2360] [3375 3505 3520 3350 3265 3425 3300 3190]
[2035 1960 2320 2455 2215 2060 1950 2625] [3375 3605 3415 3370 3425 3230 3370 3255]
[1755 2160 2340 2395 2190 1835 1900 2350] [3390 3300 3470 3345 3390 3285 3375 3385]
[2045 1760 2400 2475 2310 1775 2155 2520] [3545 3485 3600 3315 3380 3320 3360 3155]
[1905 1540 2255 2380 1965 2040 1915 2410] [3330 3440 3465 3420 3195 3475 3500 3300]
[1855 1630 1960 2270 2125 1705 1720 2515] [3375 3525 3410 3335 3430 3240 3450 3340]
[1880 1605 1865 2095 2270 1680 1960 2370] [3570 3550 3610 3615 3435 3620 3485 3555]
COM3 1 39
3
[1775 1815 1895 2450 2095 1780 2055 2375] [3285 3545 3395 3345 3380 3315 3420 3390]
[1940 1895 2220 2365 2205 2015 2085 2360] [3330 3435 3410 3345 3295 3390 3225 3350]
[2035 1960 2320 2455 2215 2060 1950 2625] [3295 3570 3490 3315 3445 3315 3330 3325]
[1755 2160 2340 2395 2190 1835 1900 2350] [3375 3365 3440 3265 3235 3175 3415 3345]
[2045 1760 2400 2475 2310 1775 2155 2520] [3455 3515 3455 3280 3500 3380 3415 3305]
[1905 1540 2255 2380 1965 2040 1915 2410] [3230 3430 3605 3370 3400 3355 3305 3300]
[1855 1630 1960 2270 2125 1705 1720 2515] [3350 3285 3450 3490 3425 3500 3620 3370]
[1880 1605 1865 2095 2270 1680 1960 2370] [3395 3285 3540 3550 3500 3250 3530 3330]
COM7 0 40
3
[1835 1525 1865 2025 1770 1660 1780 1995] [3285 3545 3395 3345 3380 3315 3420 3390]
[1760 1715 2015 2220 1975 1715 1705 2275] [3330 3435 3410 3345 3295 3390 3225 3350]
[1550 1770 2185 2320 1965 1670 1665 2140] [3295 3570 3490 3315 3445 3315 3330 3325]
[1845 1685 2315 2295 2015 1700 1690 2005] [3375 3365 3440 3265 3235 3175 3415 3345]
[1760 1745 2075 2370 2165 1560 1785 2120] [3455 3515 3455 3280 3500 3380 3415 3305]
[1595 1630 2025 2240 2060 1620 1580 2020] [3230 3430 3605 3370 3400 3355 3305 3300]
[1400 1440 1785 2060 1625 1525 1485 1970] [3350 3285 3450 3490 3425 3500 3620 3370]
[1640 1455 1710 1920 1615 1620 1485 2000] [3395 3285 3540 3550 3500 3250 3530 3330]
COM3 1 41
3
[1835 1525 1865 2025 1770 1660 1780 1995] [3035 3050 3010 3090 3120 3085 3100 3100]
[1760 1715 2015 2220 1975 1715 1705 2275] [2940 3115 3240 2970 2945 3150 3190 3190]
[1550 1770 2185 2320 1965 1670 1665 2140] [3000 3055 3165 3075 3195 3025 3155 3030]
[1845 1685 2315 2295 2015 1700 1690 2005] [3355 3160 3030 2995 3175 3005 3145 2940]
[1760 1745 2075 2370 2165 1560 1785 2120] [3210 3035 3165 2970 3150 3080 3205 3245]
[1595 1630 2025 2240 2060 1620 1580 2020] [3015 3090 3185 3180 3185 3105 3215 3250]
[1400 1440 1785 2060 1625 1525 1485 1970] [3375 3090 3240 3155 3055 3345 3150 3395]
[1640 1455 1710 1920 1615 1620 1485 2000] [3385 3255 3125 3280 3140 3285 3165 3495]
COM7 0 42
3
[1745 1615 1580 1950 1885 1885 2100 2300] [3035 3050 3010 3090 3120 3085 3100 3100]
[1880 1800 2185 2365 2075 1855 1815 2420] [2940 3115 3240 2970 2945 3150 3190 3190]
[1695 1705 2080 2305 2050 1610 1715 2275] [3000 3055 3165 3075 3195 3025 3155 3030]
[1785 1775 2320 2350 2110 1765 1825 2065] [3355 3160 3030 2995 3175 3005 3145 2940]
[1890 1795 2310 2305 1990 1670 1960 2220] [3210 3035 3165 2970 3150 3080 3205 3245]
[1800 1660 2245 2360 2025 1775 1790 2210] [3015 3090 3185 3180 3185 3105 3215 3250]
[1555 1630 1805 2210 1845 1690 1610 1935] [3375 3090 3240 3155 3055 3345 3150 3395]
[1815 1570 1785 1900 1680 1550 1775 2145] [3385 3255 3125 3280 3140 3285 3165 3495]
COM3 1 43
3
[1745 1615 1580 1950 1885 1885 2100 2300] [3225 3345 3455 3315 3395 3200 3240 3350]
[1880 1800 2185 2365 2075 1855 1815 2420] [3295 3375 3310 3215 3185 3260 3375 3190]
[1695 1705 2080 2305 2050 1610 1715 2275] [3290 3400 3410 3120 3345 3210 3310 3060]
[1785 1775 2320 2350 2110 1765 1825 2065] [3280 3385 3475 3280 3260 3230 3490 3150]
[1890 1795 2310 2305 1990 1670 1960 2220] [3275 3470 3385 3100 3475 3315 3275 3245]
[1800 1660 2245 2360 2025 1775 1790 2210] [3165 3235 3395 3265 3290 3455 3270 3390]
[1555 1630 1805 2210 1845 1690 1610 1935] [3360 3355 3435 3550 3590 3320 3380 3390]
[1815 1570 1785 1900 1680 1550 1775 2145] [3490 3080 3425 3425 3265 3365 3130 3510]
COM7 0 44
3
[1770 1630 2240 2310 2035 1845 2165 2610] [3225 3345 3455 3315 3395 3200 3240 3350]
[1920 1780 2330 2515 2115 1895 1940 2450] [3295 3375 3310 3215 3185 3260 3375 3190]
[1575 1805 2185 2340 2155 1905 1935 2370] [3290 3400 3410 3120 3345 3210 3310 3060]
[1845 1755 2310 2445 2215 1835 1815 2325] [3280 3385 3475 3280 3260 3230 3490 3150]
[1945 1760 2355 2505 2205 1600 1815 2350] [3275 3470 3385 3100 3475 3315 3275 3245]
[1700 1705 2200 2295 1965 1705 1730 2520] [3165 3235 3395 3265 3290 3455 3270 3390]
[1540 1560 1895 2220 2025 1550 1850 2315] [3360 3355 3435 3550 3590 3320 3380 3390]
[1665 1690 1805 1790 1640 1585 1815 2270] [3490 3080 3425 3425 3265 3365 3130 3510]
COM3 1 45
3
[1770 1630 2240 2310 2035 1845 2165 2610] [3370 3440 3420 3305 3325 3295 3235 3315]
[1920 1780 2330 2515 2115 1895 1940 2450] [3300 3325 3370 3280 3345 3255 3330 3340]
[1575 1805 2185 2340 2155 1905 1935 2370] [3345 3505 3395 3290 3420 3220 3320 3235]
[1845 1755 2310 2445 2215 1835 1815 2325] [3325 3365 3440 3425 3370 3340 3365 3345]
[1945 1760 2355 2505 2205 1600 1815 2350] [3250 3335 3485 3310 3305 3320 3275 3405]
[1700 1705 2200 2295 1965 1705 1730 2520] [3135 3380 3540 3620 3490 3285 3375 3320]
[1540 1560 1895 2220 2025 1550 1850 2315] [3405 3480 3455 3335 3335 3520 3390 3425]
[1665 1690 1805 1790 1640 1585 1815 2270] [3490 3365 3545 3545 3395 3360 3515 3475]
COM7 0 46
3
[1785 1870 1985 2490 2270 1955 2220 2545] [3370 3440 3420 3305 3325 3295 3235 3315]
[2015 1720 2070 2420 2270 2105 2135 2505] [3300 3325 3370 3280 3345 3255 3330 3340]
[1805 1945 2425 2405 2280 1995 2000 2585] [3345 3505 3395 3290 3420 3220 3320 3235]
[1740 1885 2360 2470 2255 1850 2000 2520] [3325 3365 3440 3425 3370 3340 3365 3345]
[2005 1905 2390 2495 2365 1840 2220 2625] [3250 3335 3485 3310 3305 3320 3275 3405]
[1970 1800 2340 2410 2225 1940 2130 2415] [3135 3380 3540 3620 3490 3285 3375 3320]
[1775 1740 2190 2150 2010 1775 1970 2405] [3405 3480 3455 3335 3335 3520 3390 3425]
[1820 1720 1785 1940 2020 1845 1700 2375] [3490 3365 3545 3545 3395 3360 3515 3475]
COM3 1 47
3
[1785 1870 1985 2490 2270 1955 2220 2545] [3340 3395 3405 3185 3295 3280 3340 3395]
[2015 1720 2070 2420 2270 2105 2135 2505] [3305 3330 3415 3490 3285 3270 3335 3240]
[1805 1945 2425 2405 2280 1995 2000 2585] [3415 3310 3430 3240 3355 3225 3265 3200]
[1740 1885 2360 2470 2255 1850 2000 2520] [3340 3405 3400 3205 3250 3225 3280 3250]
[2005 1905 2390 2495 2365 1840 2220 2625] [3345 3425 3330 3405 3360 3445 3405 3415]
[1970 1800 2340 2410 2225 1940 2130 2415] [3105 3320 3240 3510 3280 3340 3360 3555]
[1775 1740 2190 2150 2010 1775 1970 2405] [3235 3515 3550 3360 3185 3085 3435 3365]
[1820 1720 1785 1940 2020 1845 1700 2375] [3365 3405 3420 3495 3290 3470 3395 3350]
COM7 0 48
3
[1845 1680 1875 2215 1880 1610 1960 2320] [3340 3395 3405 3185 3295 3280 3340 3395]
[1745 1885 1950 2465 1985 1725 1805 2195] [3305 3330 3415 3490 3285 3270 3335 3240]
[1705 1700 2340 2340 2090 1740 1695 2220] [3415 3310 3430 3240 3355 3225 3265 3200]
[1680 1880 2285 2230 2105 1740 1715 2100] [3340 3405 3400 3205 3250 3225 3280 3250]
[1745 1620 2205 2240 1965 1635 1780 2145] [3345 3425 3330 3405 3360 3445 3405 3415]
[1795 1780 2155 2195 1905 1635 1770 2300] [3105 3320 3240 3510 3280 3340 3360 3555]
[1650 1515 1975 2070 2000 1705 1585 2035] [3235 3515 3550 3360 3185 3085 3435 3365]
[1605 1470 1645 1635 1660 1545 1625 1975] [3365 3405 3420 3495 3290 3470 3395 3350]
COM3 1 49
3
[1845 1680 1875 2215 1880 1610 1960 2320] [3310 3065 3060 3040 3215 3190 3105 3345]
[1745 1885 1950 2465 1985 1725 1805 2195] [3140 3075 3080 3215 3150 3200 3115 3020]
[1705 1700 2340 2340 2090 1740 1695 2220] [3180 3110 3115 3170 3130 3075 3140 3215]
[1680 1880 2285 2230 2105 1740 1715 2100] [3180 3195 3285 3125 3185 3155 3070 3125]
[1745 1620 2205 2240 1965 1635 1780 2145] [3160 3270 3285 3080 3230 3120 3200 3225]
[1795 1780 2155 2195 1905 1635 1770 2300] [3135 3275 3275 3220 3155 3250 3265 3095]
[1650 1515 1975 2070 2000 1705 1585 2035] [3080 3225 3280 3035 3130 3220 3300 3205]
[1605 1470 1645 1635 1660 1545 1625 1975] [3265 3285 3195 3430 3300 3350 3250 3315]
COM7 0 50
3
[1845 1755 1825 2295 1955 1745 2095 2140] [3310 3065 3060 3040 3215 3190 3105 3345]
[1870 1875 2065 2365 2140 1840 1735 2350] [3140 3075 3080 3215 3150 3200 3115 3020]
[1895 1970 2340 2370 2165 1745 1920 2205] [3180 3110 3115 3170 3130 3075 3140 3215]
[1915 1900 2315 2385 2245 1940 1835 2280] [3180 3195 3285 3125 3185 3155 3070 3125]
[1800 1710 2320 2295 2085 1800 1795 2335] [3160 3270 3285 3080 3230 3120 3200 3225]
[1765 1905 2155 2250 2165 1815 2100 2135] [3135 3275 3275 3220 3155 3250 3265 3095]
[1960 1670 1895 2155 2040 1605 1655 1980] [3080 3225 3280 3035 3130 3220 3300 3205]
[1680 1535 1875 1850 1975 1875 1825 2240] [3265 3285 3195 3430 3300 3350 3250 3315]
COM3 1 51
3
[1845 1755 1825 2295 1955 1745 2095 2140] [3045 2875 3060 2885 2995 3010 2900 3210]
[1870 1875 2065 2365 2140 1840 1735 2350] [3065 2985 2850 2970 2865 3090 3020 2770]
[1895 1970 2340 2370 2165 1745 1920 2205] [2990 3050 2995 2945 3135 3005 3015 2900]
[1915 1900 2315 2385 2245 1940 1835 2280] [3025 2835 2925 2950 3035 2890 3005 3140]
[1800 1710 2320 2295 2085 1800 1795 2335] [3010 3155 3040 2835 3010 2915 3035 3145]
[1765 1905 2155 2250 2165 1815 2100 2135] [2735 2985 3205 3195 3050 2890 3115 3090]
[1960 1670 1895 2155 2040 1605 1655 1980] [3090 2890 3110 2980 3070 2920 3085 3230]
[1680 1535 1875 1850 1975 1875 1825 2240] [3135 3325 3030 3095 3070 3050 3150 2925]
COM7 0 52
3
[1725 1745 2010 2260 1995 1610 1800 2105] [3045 2875 3060 2885 2995 3010 2900 3210]
[1875 1765 2005 2045 2025 1865 1805 2190] [3065 2985 2850 2970 2865 3090 3020 2770]
[1685 1640 2060 2150 2000 1660 1750 2000] [2990 3050 2995 2945 3135 3005 3015 2900]
[1795 1685 2200 2195 2010 1780 1695 2285] [3025 2835 2925 2950 3035 2890 3005 3140]
[1725 1685 2135 2310 1990 1670 1830 2030] [3010 3155 3040 2835 3010 2915 3035 3145]
[1645 1745 2280 2185 1980 1655 1920 2035] [2735 2985 3205 3195 3050 2890 3115 3090]
[1590 1540 1825 2245 1885 1820 1525 1865] [3090 2890 3110 2980 3070 2920 3085 3230]
[1650 1585 1720 1860 1615 1590 1635 2160] [3135 3325 3030 3095 3070 3050 3150 2925]
COM3 1 53
3
[1725 1745 2010 2260 1995 1610 1800 2105] [3425 3375 3365 3350 3480 3415 3375 3435]
[1875 1765 2005 2045 2025 1865 1805 2190] [3525 3310 3385 3335 3225 3415 3370 3125]
[1685 1640 2060 2150 2000 1660 1750 2000] [3385 3465 3465 3320 3255 3280 3260 3330]
[1795 1685 2200 2195 2010 1780 1695 2285] [3435 3485 3405 3365 3335 3310 3450 3270]
[1725 1685 2135 2310 1990 1670 1830 2030] [3275 3320 3435 3290 3260 3395 3450 3465]
[1645 1745 2280 2185 1980 1655 1920 2035] [3340 3320 3335 3470 3280 3390 3515 3455]
[1590 1540 1825 2245 1885 1820 1525 1865] [3315 3430 3405 3200 3455 3490 3430 3465]
[1650 1585 1720 1860 1615 1590 1635 2160] [3380 3450 3345 3570 3060 3255 3165 3250]
COM7 0 54
3
[2070 1600 2035 2365 2100 2110 2205 2375] [3425 3375 3365 3350 3480 3415 3375 3435]
[2005 2050 2265 2515 2210 2090 2245 2560] [3525 3310 3385 3335 3225 3415 3370 3125]
[1960 1870 2420 2480 2270 1985 2115 2385] [3385 3465 3465 3320 3255 3280 3260 3330]
[1880 1795 2325 2520 2255 1795 2005 2475] [3435 3485 3405 3365 3335 3310 3450 3270]
[1865 1895 2285 2495 2290 1815 2330 2325] [3275 3320 3435 3290 3260 3395 3450 3465]
[1615 1795 2310 2515 2010 2060 2085 2380] [3340 3320 3335 3470 3280 3390 3515 3455]
[1650 1755 2005 2360 2040 1785 1905 2415] [3315 3430 3405 3200 3455 3490 3430 3465]
[1925 1690 1905 2035 1855 1725 2200 2620] [3380 3450 3345 3570 3060 3255 3165 3250]
COM3 1 55
3
[2070 1600 2035 2365 2100 2110 2205 2375] [3375 3270 3355 3200 3225 3330 3210 3355]
[2005 2050 2265 2515 2210 2090 2245 2560] [3210 3360 3345 3395 3135 3300 3220 3165]
[1960 1870 2420 2480 2270 1985 2115 2385] [3440 3450 3220 3205 3295 3160 3285 3240]
[1880 1795 2325 2520 2255 1795 2005 2475] [3325 3200 3375 3215 3260 3255 3270 3185]
[1865 1895 2285 2495 2290 1815 2330 2325] [3230 3345 3330 3080 3150 3195 3245 3435]
[1615 1795 2310 2515 2010 2060 2085 2380] [3190 3405 3310 3420 3190 3240 3415 3280]
[1650 1755 2005 2360 2040 1785 1905 2415] [3340 3550 3410 3320 3515 3405 3325 3490]
[1925 1690 1905 2035 1855 1725 2200 2620] [3355 3150 3340 3440 3310 3370 3480 3440]
COM7 0 56
3
[1830 1705 1925 2265 2025 1700 1835 2255] [3375 3270 3355 3200 3225 3330 3210 3355]
[1880 2035 2230 2425 2040 1880 2005 2275] [3210 3360 3345 3395 3135 3300 3220 3165]
[1720 1845 2215 2445 2155 1835 1805 2430] [3440 3450 3220 3205 3295 3160 3285 3240]
[1820 1995 2335 2375 2235 1835 1895 2375] [3325 3200 3375 3215 3260 3255 3270 3185]
[1975 1700 2140 2360 2160 1700 2045 2415] [3230 3345 3330 3080 3150 3195 3245 3435]
[1680 1660 2155 2300 2135 1835 1750 2380] [3190 3405 3310 3420 3190 3240 3415 3280]
[1655 1600 1925 2240 2110 1720 1655 2285] [3340 3550 3410 3320 3515 3405 3325 3490]
[1820 1610 1825 1835 2025 1645 1915 2345] [3355 3150 3340 3440 3310 3370 3480 3440]
COM3 1 57
3
[1830 1705 1925 2265 2025 1700 1835 2255] [3195 3055 3000 2960 3090 2905 2910 3115]
[1880 2035 2230 2425 2040 1880 2005 2275] [2965 3075 3155 3025 2970 3150 3130 2990]
[1720 1845 2215 2445 2155 1835 1805 2430] [3230 2990 3125 3005 3105 3015 3130 3025]
[1820 1995 2335 2375 2235 1835 1895 2375] [3195 3150 3090 2905 3135 3000 3050 3120]
[1975 1700 2140 2360 2160 1700 2045 2415] [3310 3170 3075 3050 3070 3165 3090 3235]
[1680 1660 2155 2300 2135 1835 1750 2380] [2935 3085 3280 3105 2995 3080 3240 3210]
[1655 1600 1925 2240 2110 1720 1655 2285] [3170 3295 3110 3170 3060 3245 3300 3310]
[1820 1610 1825 1835 2025 1645 1915 2345] [3260 3025 3155 3235 3140 2995 3210 3230]
COM7 0 58
3
[1735 1520 1900 2300 2060 1820 1970 2195] [3195 3055 3000 2960 3090 2905 2910 3115]
[1710 1835 1885 2285 2075 1865 1790 2165] [2965 3075 3155 3025 2970 3150 3130 2990]
[1685 1825 2265 2410 2020 1950 1705 2075] [3230 2990 3125 3005 3105 3015 3130 3025]
[1855 1705 2295 2350 2050 1880 1815 2210] [3195 3150 3090 2905 3135 3000 3050 3120]
[1670 1710 2290 2370 2020 1630 1905 2205] [3310 3170 3075 3050 3070 3165 3090 3235]
[1645 1700 2150 2170 1995 1880 1940 2215] [2935 3085 3280 3105 2995 3080 3240 3210]
[1755 1470 1920 2300 1815 1700 1785 2105] [3170 3295 3110 3170 3060 3245 3300 3310]
[1905 1635 1780 1850 1815 1545 1800 2045] [3260 3025 3155 3235 3140 2995 3210 3230]
COM3 1 59
3
[1735 1520 1900 2300 2060 1820 1970 2195] [3490 3490 3520 3360 3465 3260 3165 3380]
[1710 1835 1885 2285 2075 1865 1790 2165] [3405 3430 3435 3370 3315 3470 3280 3320]
[1685 1825 2265 2410 2020 1950 1705 2075] [3365 3455 3435 3275 3440 3215 3310 3345]
[1855 1705 2295 2350 2050 1880 1815 2210] [3535 3255 3525 3350 3340 3370 3310 3335]
[1670 1710 2290 2370 2020 1630 1905 2205] [3330 3345 3400 3540 3295 3340 3310 3440]
[1645 1700 2150 2170 1995 1880 1940 2215] [3240 3460 3250 3515 3425 3245 3370 3450]
[1755 1470 1920 2300 1815 1700 1785 2105] [3170 3655 3565 3345 3410 3390 3395 3555]
[1905 1635 1780 1850 1815 1545 1800 2045] [3510 3450 3440 3600 3170 3225 3310 3415]
COM7 0 60
3
[1565 1530 1815 2100 1790 1545 1690 2035] [3490 3490 3520 3360 3465 3260 3165 3380]
[1725 1575 1735 2375 1925 1545 1585 2165] [3405 3430 3435 3370 3315 3470 3280 3320]
[1585 1455 2110 2125 1885 1510 1645 2065] [3365 3455 3435 3275 3440 3215 3310 3345]
[1645 1705 2100 2110 1920 1605 1620 1970] [3535 3255 3525 3350 3340 3370 3310 3335]
[1605 1625 2080 2130 1635 1430 1540 1840] [3330 3345 3400 3540 3295 3340 3310 3440]
[1525 1630 2020 2005 1830 1555 1495 1795] [3240 3460 3250 3515 3425 3245 3370 3450]
[1565 1450 1625 1845 1670 1400 1560 1800] [3170 3655 3565 3345 3410 3390 3395 3555]
[1585 1405 1725 1590 1595 1480 1550 1925] [3510 3450 3440 3600 3170 3225 3310 3415]
COM3 1 61
3
[1565 1530 1815 2100 1790 1545 1690 2035] [3230 3290 3445 3155 3265 3225 3215 3410]
[1725 1575 1735 2375 1925 1545 1585 2165] [3220 3235 3370 3270 3190 3280 3230 3210]
[1585 1455 2110 2125 1885 1510 1645 2065] [3470 3370 3420 3230 3385 3195 3285 3345]
[1645 1705 2100 2110 1920 1605 1620 1970] [3390 3325 3310 3515 3250 3170 3420 3280]
[1605 1625 2080 2130 1635 1430 1540 1840] [3265 3375 3285 3225 3385 3300 3365 3250]
[1525 1630 2020 2005 1830 1555 1495 1795] [3170 3215 3360 3240 3230 3275 3425 3365]
[1565 1450 1625 1845 1670 1400 1560 1800] [3280 3490 3510 3210 3440 3355 3345 3315]
[1585 1405 1725 1590 1595 1480 1550 1925] [3390 3465 3445 3535 3385 3375 3395 3450]
COM7 0 62
3
[2080 1785 2125 2505 2180 2000 2170 2520] [3230 3290 3445 3155 3265 3225 3215 3410]
[1920 2105 2335 2545 2125 2190 2230 2425] [3220 3235 3370 3270 3190 3280 3230 3210]
[1980 1995 2340 2460 2290 2155 2100 2460] [3470 3370 3420 3230 3385 3195 3285 3345]
[1965 2060 2485 2590 2230 2090 2030 2415] [3390 3325 3310 3515 3250 3170 3420 3280]
[1985 1795 2565 2435 2285 2110 2220 2480] [3265 3375 3285 3225 3385 3300 3365 3250]
[2010 1840 2425 2460 2125 2020 2170 2290] [3170 3215 3360 3240 3230 3275 3425 3365]
[1695 1720 2050 2380 2135 1925 1875 2410] [3280 3490 3510 3210 3440 3355 3345 3315]
[2020 1550 1930 1895 2055 1795 1970 2370] [3390 3465 3445 3535 3385 3375 3395 3450]
COM3 1 63
3
[2080 1785 2125 2505 2180 2000 2170 2520] [3465 3245 3350 3120 3195 3065 3075 3245]
[1920 2105 2335 2545 2125 2190 2230 2425] [3340 3005 3090 3095 3105 3195 3135 3120]
[1980 1995 2340 2460 2290 2155 2100 2460] [3275 3210 3040 3175 3255 3155 3235 3225]
[1965 2060 2485 2590 2230 2090 2030 2415] [3160 3250 3125 3185 3140 3220 3235 3000]
[1985 1795 2565 2435 2285 2110 2220 2480] [3165 3095 3125 2955 3135 3125 3210 3210]
[2010 1840 2425 2460 2125 2020 2170 2290] [3010 3095 3290 3290 3330 3225 3260 3260]
[1695 1720 2050 2380 2135 1925 1875 2410] [3165 3395 3265 3265 3020 3315 3295 3425]
[2020 1550 1930 1895 2055 1795 1970 2370] [3390 3215 3450 3260 3210 3205 3495 3415]
COM7 0 64
3
[1900 1805 2140 2390 1980 1760 2410 2420] [3465 3245 3350 3120 3195 3065 3075 3245]
[1920 1795 2255 2530 2215 1995 1985 2495] [3340 3005 3090 3095 3105 3195 3135 3120]
[1900 1875 2255 2415 2255 1845 2100 2480] [3275 3210 3040 3175 3255 3155 3235 3225]
[2055 1905 2420 2400 2245 2025 2075 2360] [3160 3250 3125 3185 3140 3220 3235 3000]
[1930 1765 2320 2605 2295 1925 2015 2565] [3165 3095 3125 2955 3135 3125 3210 3210]
[1745 1725 2420 2315 2085 1900 2030 2180] [3010 3095 3290 3290 3330 3225 3260 3260]
[1575 1740 2210 2310 2125 1780 1770 2395] [3165 3395 3265 3265 3020 3315 3295 3425]
[1785 1650 1990 2115 1820 1845 1945 2320] [3390 3215 3450 3260 3210 3205 3495 3415]
COM3 1 65
3
[1900 1805 2140 2390 1980 1760 2410 2420] [3050 2930 3065 2935 2955 2890 3080 3120]
[1920 1795 2255 2530 2215 1995 1985 2495] [2950 2830 3030 2865 2945 3140 2965 3020]
[1900 1875 2255 2415 2255 1845 2100 2480] [3020 2935 3015 2995 3125 3000 3060 3020]
[2055 1905 2420 2400 2245 2025 2075 2360] [3180 3160 3180 3045 2930 2930 3000 3005]
[1930 1765 2320 2605 2295 1925 2015 2565] [3075 3040 3165 3075 3010 2980 3195 3075]
[1745 1725 2420 2315 2085 1900 2030 2180] [3080 3095 3090 3120 3035 3070 3110 3070]
[1575 1740 2210 2310 2125 1780 1770 2395] [3040 3325 3125 2985 3210 3135 3050 3245]
[1785 1650 1990 2115 1820 1845 1945 2320] [3185 3170 3070 3100 3000 2920 2920 3085]