COM3 1 6
3
[2895 2610 2750 2790 2630 2290 2065 1695] [2195 2350 2760 2965 3070 3110 3075 3160]
[2995 3005 2875 2960 2675 2330 2085 2155] [2145 2205 2650 3025 3140 3245 3070 2990]
[2715 2645 3070 2825 2555 2320 1980 2215] [2275 2240 2660 3055 3140 3090 2980 3095]
[3125 2820 2810 2895 2690 2310 2040 2060] [2150 2385 2790 3005 3130 3100 3050 3230]
[3065 2865 2850 2860 2885 2305 2000 2080] [2005 2300 2870 2950 3200 3140 3075 3195]
[3010 2670 2930 2820 2490 2465 2115 1985] [2095 2440 2785 3175 3075 3090 3205 3160]
[2995 2940 2825 3075 2750 2010 1800 1805] [2075 2455 2820 3205 3220 3065 3245 3210]
[3030 2740 2940 3160 2470 2275 2080 1770] [2115 2345 2940 3165 3240 3230 3305 3290]
COM7 0 7
3
[2635 2610 2800 2790 2375 2220 2095 1995] [2195 2350 2760 2965 3070 3110 3075 3160]
[2850 2875 2600 2780 2540 2270 1815 2120] [2145 2205 2650 3025 3140 3245 3070 2990]
[2700 2935 2860 2840 2635 2330 1985 2320] [2275 2240 2660 3055 3140 3090 2980 3095]
[2970 2880 3160 2740 2590 2250 1985 2015] [2150 2385 2790 3005 3130 3100 3050 3230]
[2950 2725 2850 2875 2655 2400 2120 1935] [2005 2300 2870 2950 3200 3140 3075 3195]
[2910 2825 3035 3030 2520 2395 2060 1760] [2095 2440 2785 3175 3075 3090 3205 3160]
[3110 2965 2835 2920 2680 2260 1720 1670] [2075 2455 2820 3205 3220 3065 3245 3210]
[3235 2900 3080 2950 2620 2205 1895 1850] [2115 2345 2940 3165 3240 3230 3305 3290]
COM3 1 8
3
[2635 2610 2800 2790 2375 2220 2095 1995] [2305 2365 2665 3025 3230 3190 3075 3215]
[2850 2875 2600 2780 2540 2270 1815 2120] [2245 2355 2630 3090 3145 3230 3100 3050]
[2700 2935 2860 2840 2635 2330 1985 2320] [2275 2290 2610 2975 3250 2995 3155 3045]
[2970 2880 3160 2740 2590 2250 1985 2015] [2260 2335 2815 3125 3190 3160 3190 3165]
[2950 2725 2850 2875 2655 2400 2120 1935] [2105 2250 2935 2870 3245 3225 3135 3140]
[2910 2825 3035 3030 2520 2395 2060 1760] [2150 2490 2890 3195 3215 3275 3365 3235]
[3110 2965 2835 2920 2680 2260 1720 1670] [2120 2500 3060 3130 3165 3215 3075 3320]
[3235 2900 3080 2950 2620 2205 1895 1850] [2025 2325 2970 3360 3250 3380 3180 3085]
COM7 0 9
3
[2580 2345 2825 2805 2510 2300 2175 1900] [2305 2365 2665 3025 3230 3190 3075 3215]
[3140 2820 2915 2905 2585 2430 1915 2205] [2245 2355 2630 3090 3145 3230 3100 3050]
[2975 2915 2990 2800 2640 2410 2065 2215] [2275 2290 2610 2975 3250 2995 3155 3045]
[3040 2965 2910 2815 2740 2335 2070 1955] [2260 2335 2815 3125 3190 3160 3190 3165]
[2900 2765 3090 2880 2740 2225 2105 2060] [2105 2250 2935 2870 3245 3225 3135 3140]
[2855 2900 3260 3110 2645 2360 1940 2275] [2150 2490 2890 3195 3215 3275 3365 3235]
[3015 3085 3000 3100 2690 2345 1805 2025] [2120 2500 3060 3130 3165 3215 3075 3320]
[2950 3075 2955 2710 2480 2345 1945 1770] [2025 2325 2970 3360 3250 3380 3180 3085]
COM3 1 10
3
[2580 2345 2825 2805 2510 2300 2175 1900] [2330 2285 2575 3015 2985 3055 2940 3180]
[3140 2820 2915 2905 2585 2430 1915 2205] [2270 2290 2635 2865 3090 3160 3255 3155]
[2975 2915 2990 2800 2640 2410 2065 2215] [2165 2245 2635 2945 3230 3060 3120 3100]
[3040 2965 2910 2815 2740 2335 2070 1955] [2090 2375 2705 2995 3235 3055 3355 3070]
[2900 2765 3090 2880 2740 2225 2105 2060] [2075 2095 2860 2950 3065 3125 3235 3330]
[2855 2900 3260 3110 2645 2360 1940 2275] [2030 2340 2775 3205 3035 3225 3150 3155]
[3015 3085 3000 3100 2690 2345 1805 2025] [1985 2505 2925 3135 3055 3155 3085 3250]
[2950 3075 2955 2710 2480 2345 1945 1770] [1980 2420 2830 3235 3110 3150 3315 3305]
COM7 0 11
3
[2500 2630 2580 2565 2630 2235 2080 2010] [2330 2285 2575 3015 2985 3055 2940 3180]
[2945 3005 2875 2735 2685 2420 2210 2110] [2270 2290 2635 2865 3090 3160 3255 3155]
[2820 2900 2995 2800 2730 2345 2035 2040] [2165 2245 2635 2945 3230 3060 3120 3100]
[2960 2915 3000 2735 2625 2385 2035 2005] [2090 2375 2705 2995 3235 3055 3355 3070]
[3060 3065 2865 2870 2700 2365 2180 2000] [2075 2095 2860 2950 3065 3125 3235 3330]
[2705 3135 2900 2860 2625 2420 1870 2060] [2030 2340 2775 3205 3035 3225 3150 3155]
[2760 2865 2810 2570 2710 2240 2035 1685] [1985 2505 2925 3135 3055 3155 3085 3250]
[2960 3040 2770 2710 2595 2110 1795 1590] [1980 2420 2830 3235 3110 3150 3315 3305]
COM3 1 12
3
[2500 2630 2580 2565 2630 2235 2080 2010] [2250 2405 2535 2990 3105 3090 3170 3110]
[2945 3005 2875 2735 2685 2420 2210 2110] [2365 2375 2595 3050 3000 3155 3095 2995]
[2820 2900 2995 2800 2730 2345 2035 2040] [2210 2380 2765 3100 3195 3065 3125 3045]
[2960 2915 3000 2735 2625 2385 2035 2005] [2105 2310 2740 3090 3055 3155 3145 3045]
[3060 3065 2865 2870 2700 2365 2180 2000] [2085 2350 2900 2950 3225 3040 3215 3140]
[2705 3135 2900 2860 2625 2420 1870 2060] [1940 2365 2835 3185 3230 3300 3210 3370]
[2760 2865 2810 2570 2710 2240 2035 1685] [2060 2430 2835 3080 3130 3215 3340 3270]
[2960 3040 2770 2710 2595 2110 1795 1590] [1885 2360 2765 3240 3060 3145 3385 3335]
COM7 0 13
3
[2915 2805 2825 2760 2745 2095 2085 1905] [2250 2405 2535 2990 3105 3090 3170 3110]
[2605 2890 2830 2665 2560 2260 2040 2075] [2365 2375 2595 3050 3000 3155 3095 2995]
[2905 2960 2810 2695 2625 2395 2160 1935] [2210 2380 2765 3100 3195 3065 3125 3045]
[2745 2840 2900 2805 2595 2395 1950 2040] [2105 2310 2740 3090 3055 3155 3145 3045]
[2735 2885 2775 2830 2650 2345 2020 1865] [2085 2350 2900 2950 3225 3040 3215 3140]
[2895 2895 2845 2735 2565 2200 1940 2060] [1940 2365 2835 3185 3230 3300 3210 3370]
[3160 2685 2590 2865 2670 2195 1845 1660] [2060 2430 2835 3080 3130 3215 3340 3270]
[2795 3030 3025 2965 2450 2215 1880 1535] [1885 2360 2765 3240 3060 3145 3385 3335]
COM3 1 14
3
[2915 2805 2825 2760 2745 2095 2085 1905] [2285 2390 2605 2910 3070 3090 2995 3155]
[2605 2890 2830 2665 2560 2260 2040 2075] [2175 2280 2715 3020 3050 3185 3035 2970]
[2905 2960 2810 2695 2625 2395 2160 1935] [2285 2405 2615 3025 3250 2955 3070 3045]
[2745 2840 2900 2805 2595 2395 1950 2040] [2160 2400 2725 3040 3135 3110 3130 3130]
[2735 2885 2775 2830 2650 2345 2020 1865] [2215 2430 2815 3025 3200 3175 3235 3230]
[2895 2895 2845 2735 2565 2200 1940 2060] [2000 2325 2740 3040 3080 3135 3290 3060]
[3160 2685 2590 2865 2670 2195 1845 1660] [2120 2510 3010 3180 2975 3175 3085 3330]
[2795 3030 3025 2965 2450 2215 1880 1535] [2095 2340 2710 3345 3175 3125 3180 3205]
COM7 0 15
3
[2750 2755 2435 2635 2530 2280 2190 2085] [2285 2390 2605 2910 3070 3090 2995 3155]
[2805 2920 2755 2925 2650 2440 2110 2045] [2175 2280 2715 3020 3050 3185 3035 2970]
[2695 2965 2790 2760 2590 2400 2050 2210] [2285 2405 2615 3025 3250 2955 3070 3045]
[2945 3025 3020 2750 2575 2460 2075 2175] [2160 2400 2725 3040 3135 3110 3130 3130]
[2850 2955 2995 2800 2665 2290 2325 2095] [2215 2430 2815 3025 3200 3175 3235 3230]
[2740 2855 2910 2845 2505 2420 1855 1855] [2000 2325 2740 3040 3080 3135 3290 3060]
[3000 3045 2915 2925 2490 2230 1970 2020] [2120 2510 3010 3180 2975 3175 3085 3330]
[2860 2900 2960 2655 2705 2215 2115 1805] [2095 2340 2710 3345 3175 3125 3180 3205]
COM3 1 16
3
[2750 2755 2435 2635 2530 2280 2190 2085] [2180 2360 2580 2935 3085 2950 3150 3295]
[2805 2920 2755 2925 2650 2440 2110 2045] [2200 2265 2575 3020 3135 3220 3105 3060]
[2695 2965 2790 2760 2590 2400 2050 2210] [2105 2290 2685 3000 3300 2930 3060 3025]
[2945 3025 3020 2750 2575 2460 2075 2175] [2225 2310 2635 2985 3065 3045 3100 3145]
[2850 2955 2995 2800 2665 2290 2325 2095] [2030 2235 2870 3125 3115 2980 3150 3195]
[2740 2855 2910 2845 2505 2420 1855 1855] [1915 2370 2700 3320 3055 3135 3125 3185]
[3000 3045 2915 2925 2490 2230 1970 2020] [2045 2480 2980 3015 3185 3070 3085 3320]
[2860 2900 2960 2655 2705 2215 2115 1805] [2260 2485 2740 3085 3395 3265 3385 3235]
COM7 0 17
3
[2610 2955 2610 2825 2570 2205 2245 1810] [2180 2360 2580 2935 3085 2950 3150 3295]
[2895 2690 2745 2980 2710 2320 1980 2300] [2200 2265 2575 3020 3135 3220 3105 3060]
[2820 2765 3010 2760 2540 2450 2125 2160] [2105 2290 2685 3000 3300 2930 3060 3025]
[3040 2785 2950 2835 2690 2350 1970 2095] [2225 2310 2635 2985 3065 3045 3100 3145]
[2935 2935 3170 2710 2650 2395 2230 2080] [2030 2235 2870 3125 3115 2980 3150 3195]
[3005 3095 3035 2880 2665 2440 2195 1805] [1915 2370 2700 3320 3055 3135 3125 3185]
[2855 3015 2840 2925 2710 2270 1820 1725] [2045 2480 2980 3015 3185 3070 3085 3320]
[2905 3235 3075 3035 2635 2275 1945 1775] [2260 2485 2740 3085 3395 3265 3385 3235]
COM3 1 18
3
[2610 2955 2610 2825 2570 2205 2245 1810] [2370 2350 2640 3015 3120 3010 3215 3220]
[2895 2690 2745 2980 2710 2320 1980 2300] [2135 2285 2625 2950 2970 3205 3125 2990]
[2820 2765 3010 2760 2540 2450 2125 2160] [2205 2350 2535 2895 3105 3125 3055 3185]
[3040 2785 2950 2835 2690 2350 1970 2095] [2110 2155 2740 3015 3205 2985 3220 2965]
[2935 2935 3170 2710 2650 2395 2230 2080] [2100 2250 2845 3005 3175 2965 3145 3250]
[3005 3095 3035 2880 2665 2440 2195 1805] [1820 2245 2755 3255 3170 3130 3205 3160]
[2855 3015 2840 2925 2710 2270 1820 1725] [2065 2440 2820 3145 3450 3320 3380 3190]
[2905 3235 3075 3035 2635 2275 1945 1775] [2080 2365 2960 3140 3055 3005 3265 3085]
COM7 0 19
3
[2900 2475 2785 2590 2670 2090 1975 1860] [2370 2350 2640 3015 3120 3010 3215 3220]
[2925 2985 2770 2940 2560 2240 2145 2145] [2135 2285 2625 2950 2970 3205 3125 2990]
[2800 2895 2910 2835 2605 2465 2110 2200] [2205 2350 2535 2895 3105 3125 3055 3185]
[2830 2635 2970 2805 2665 2390 1985 2165] [2110 2155 2740 3015 3205 2985 3220 2965]
[2950 2905 2895 2880 2800 2285 2100 2020] [2100 2250 2845 3005 3175 2965 3145 3250]
[2965 2885 3010 2925 2650 2260 2125 1915] [1820 2245 2755 3255 3170 3130 3205 3160]
[2930 2770 2695 2830 2550 2470 1755 1840] [2065 2440 2820 3145 3450 3320 3380 3190]
[2950 2900 2685 2710 2560 2375 1895 1635] [2080 2365 2960 3140 3055 3005 3265 3085]
COM3 1 20
3
[2900 2475 2785 2590 2670 2090 1975 1860] [2325 2325 2765 3000 3185 3205 2960 3230]
[2925 2985 2770 2940 2560 2240 2145 2145] [2220 2265 2710 2975 2995 3195 3150 2995]
[2800 2895 2910 2835 2605 2465 2110 2200] [2305 2315 2800 3150 3210 3110 3125 3005]
[2830 2635 2970 2805 2665 2390 1985 2165] [2290 2265 2770 3040 3130 3210 3195 3270]
[2950 2905 2895 2880 2800 2285 2100 2020] [2130 2360 2975 2950 3115 3210 3250 3250]
[2965 2885 3010 2925 2650 2260 2125 1915] [2070 2315 2825 3095 3135 3035 3220 3195]
[2930 2770 2695 2830 2550 2470 1755 1840] [2040 2385 3075 3265 3000 3235 3140 3415]
[2950 2900 2685 2710 2560 2375 1895 1635] [2055 2580 2860 3060 3115 3170 3240 3260]
COM7 0 21
3
[2730 2640 2725 2765 2550 2255 2075 2020] [2325 2325 2765 3000 3185 3205 2960 3230]
[2950 3005 2600 2580 2655 2385 2080 2190] [2220 2265 2710 2975 2995 3195 3150 2995]
[2665 2740 2695 2810 2600 2355 2065 2235] [2305 2315 2800 3150 3210 3110 3125 3005]
[2860 2895 2945 2675 2660 2190 2190 1965] [2290 2265 2770 3040 3130 3210 3195 3270]
[3110 2985 3005 2870 2710 2290 2060 2125] [2130 2360 2975 2950 3115 3210 3250 3250]
[3085 2965 3035 2855 2400 2235 2055 1745] [2070 2315 2825 3095 3135 3035 3220 3195]
[2935 2865 2630 2890 2635 2200 1755 1745] [2040 2385 3075 3265 3000 3235 3140 3415]
[2935 3000 3025 2930 2535 2315 1990 1945] [2055 2580 2860 3060 3115 3170 3240 3260]
COM3 1 22
3
[2730 2640 2725 2765 2550 2255 2075 2020] [2290 2350 2555 2900 3145 3145 3150 3220]
[2950 3005 2600 2580 2655 2385 2080 2190] [2285 2305 2680 3020 3050 3220 3150 3055]
[2665 2740 2695 2810 2600 2355 2065 2235] [2270 2345 2635 2925 3115 3095 3190 3045]
[2860 2895 2945 2675 2660 2190 2190 1965] [2295 2315 2805 3095 3075 3110 3310 3050]
[3110 2985 3005 2870 2710 2290 2060 2125] [2140 2385 2875 2950 3125 3045 3170 3280]
[3085 2965 3035 2855 2400 2235 2055 1745] [2010 2265 2745 3040 3140 3240 3150 3000]
[2935 2865 2630 2890 2635 2200 1755 1745] [2105 2545 3090 3210 3055 3200 3245 3420]
[2935 3000 3025 2930 2535 2315 1990 1945] [2000 2470 2775 3200 3190 3180 3325 3160]
COM7 0 23
3
[2530 2575 2765 2665 2705 2295 1935 2020] [2290 2350 2555 2900 3145 3145 3150 3220]
[2890 3090 2815 2760 2610 2225 2145 2175] [2285 2305 2680 3020 3050 3220 3150 3055]
[2875 2870 2935 2740 2785 2250 2065 2075] [2270 2345 2635 2925 3115 3095 3190 3045]
[3125 3065 3120 2800 2655 2465 1905 2135] [2295 2315 2805 3095 3075 3110 3310 3050]
[3100 2835 2880 2990 2740 2315 2225 2035] [2140 2385 2875 2950 3125 3045 3170 3280]
[2935 2950 2975 2900 2730 2075 1915 2030] [2010 2265 2745 3040 3140 3240 3150 3000]
[3205 2920 2775 2920 2815 2360 1780 1795] [2105 2545 3090 3210 3055 3200 3245 3420]
[2950 2845 2860 2580 2630 2200 2150 1595] [2000 2470 2775 3200 3190 3180 3325 3160]
COM3 1 24
3
[2530 2575 2765 2665 2705 2295 1935 2020] [2095 2395 2720 2925 3005 2995 3040 3180]
[2890 3090 2815 2760 2610 2225 2145 2175] [2140 2340 2645 2975 2865 3070 3095 3145]
[2875 2870 2935 2740 2785 2250 2065 2075] [2235 2320 2585 2995 3225 3110 3105 3095]
[3125 3065 3120 2800 2655 2465 1905 2135] [2140 2365 2750 3025 2980 3070 3230 2985]
[3100 2835 2880 2990 2740 2315 2225 2035] [2070 2290 2840 2855 3015 3140 3080 3195]
[2935 2950 2975 2900 2730 2075 1915 2030] [1915 2320 2630 3140 3190 3225 3145 3070]
[3205 2920 2775 2920 2815 2360 1780 1795] [2025 2405 2745 3155 3325 3265 3145 3245]
[2950 2845 2860 2580 2630 2200 2150 1595] [1975 2325 2915 3080 3220 3210 3195 3450]
COM7 0 25
3
[2585 2635 2630 2740 2510 2070 1920 1935] [2095 2395 2720 2925 3005 2995 3040 3180]
[2830 3005 2885 2800 2550 2300 1965 2060] [2140 2340 2645 2975 2865 3070 3095 3145]
[2770 2895 2910 2760 2710 2445 2060 2320] [2235 2320 2585 2995 3225 3110 3105 3095]
[2945 2965 2920 2980 2805 2440 2090 2095] [2140 2365 2750 3025 2980 3070 3230 2985]
[2950 2760 3140 2895 2835 2255 2210 2095] [2070 2290 2840 2855 3015 3140 3080 3195]
[3080 3035 3025 2920 2525 2415 2055 1835] [1915 2320 2630 3140 3190 3225 3145 3070]
[2610 2995 3180 2995 2620 2330 1770 2105] [2025 2405 2745 3155 3325 3265 3145 3245]
[2960 2850 2935 2715 2600 2330 1825 1885] [1975 2325 2915 3080 3220 3210 3195 3450]
COM3 1 26
3
[2585 2635 2630 2740 2510 2070 1920 1935] [2245 2375 2615 2940 3080 3045 3215 3105]
[2830 3005 2885 2800 2550 2300 1965 2060] [2220 2295 2635 2935 2980 3200 3080 2990]
[2770 2895 2910 2760 2710 2445 2060 2320] [2265 2315 2725 3000 3175 2970 3105 3110]
[2945 2965 2920 2980 2805 2440 2090 2095] [2215 2325 2770 3040 3055 3040 3055 2960]
[2950 2760 3140 2895 2835 2255 2210 2095] [2050 2300 2920 2915 3115 3205 3075 3200]
[3080 3035 3025 2920 2525 2415 2055 1835] [1900 2370 2705 3040 3165 3085 3300 3215]
[2610 2995 3180 2995 2620 2330 1770 2105] [1960 2385 2865 3015 3135 3125 3145 3230]
[2960 2850 2935 2715 2600 2330 1825 1885] [2005 2275 2785 3350 3255 3345 3475 3355]
COM7 0 27
3
[2820 2675 2955 2905 2475 2190 1810 2070] [2245 2375 2615 2940 3080 3045 3215 3105]
[2975 2880 2610 2900 2640 2440 2090 2105] [2220 2295 2635 2935 2980 3200 3080 2990]
[2680 2900 2870 2995 2625 2120 2015 1800] [2265 2315 2725 3000 3175 2970 3105 3110]
[2850 2835 3035 2815 2500 2270 2025 2155] [2215 2325 2770 3040 3055 3040 3055 2960]
[2910 2810 2905 2830 2755 2135 2040 2135] [2050 2300 2920 2915 3115 3205 3075 3200]
[2785 3015 3015 2785 2490 2315 1840 1960] [1900 2370 2705 3040 3165 3085 3300 3215]
[2830 2750 2625 2925 2635 2185 1755 1735] [1960 2385 2865 3015 3135 3125 3145 3230]
[2950 2880 2955 2725 2550 2385 1785 1640] [2005 2275 2785 3350 3255 3345 3475 3355]
COM3 1 28
3
[2820 2675 2955 2905 2475 2190 1810 2070] [2300 2330 2760 3025 3200 3235 3140 3220]
[2975 2880 2610 2900 2640 2440 2090 2105] [2170 2345 2670 2965 3110 3245 3245 3205]
[2680 2900 2870 2995 2625 2120 2015 1800] [2275 2385 2705 3135 3175 3185 3090 3215]
[2850 2835 3035 2815 2500 2270 2025 2155] [2260 2325 2920 3040 3150 3120 3150 3130]
[2910 2810 2905 2830 2755 2135 2040 2135] [2265 2515 2805 2935 3060 3225 3215 3240]
[2785 3015 3015 2785 2490 2315 1840 1960] [1935 2325 2700 3100 3215 3280 3210 3345]
[2830 2750 2625 2925 2635 2185 1755 1735] [2050 2360 2905 3200 3050 3255 3370 3245]
[2950 2880 2955 2725 2550 2385 1785 1640] [2160 2460 2855 3195 3020 3105 3260 3475]
COM7 0 29
3
[2795 2505 2765 2660 2350 2025 1865 1810] [2300 2330 2760 3025 3200 3235 3140 3220]
[3150 2935 2645 2855 2590 2275 1965 2190] [2170 2345 2670 2965 3110 3245 3245 3205]
[2725 2775 2960 2730 2510 2345 2205 2185] [2275 2385 2705 3135 3175 3185 3090 3215]
[2815 2960 3025 2800 2700 2290 1930 1870] [2260 2325 2920 3040 3150 3120 3150 3130]
[3065 3055 3080 2835 2740 2020 2055 1810] [2265 2515 2805 2935 3060 3225 3215 3240]
[2720 2875 3260 2945 2480 2305 1945 1840] [1935 2325 2700 3100 3215 3280 3210 3345]
[2830 2860 3000 3025 2665 2365 1685 2010] [2050 2360 2905 3200 3050 3255 3370 3245]
[2930 2895 2950 2960 2670 2275 1650 1685] [2160 2460 2855 3195 3020 3105 3260 3475]
COM3 1 30
3
[2795 2505 2765 2660 2350 2025 1865 1810] [2325 2240 2635 2995 3195 3100 3045 3215]
[3150 2935 2645 2855 2590 2275 1965 2190] [2195 2295 2655 2975 3065 3220 3115 3055]
[2725 2775 2960 2730 2510 2345 2205 2185] [2225 2265 2620 3020 3210 3005 3280 3025]
[2815 2960 3025 2800 2700 2290 1930 1870] [2160 2250 2795 3165 3150 3160 3140 3135]
[3065 3055 3080 2835 2740 2020 2055 1810] [2140 2395 2730 2845 3250 3140 3075 3210]
[2720 2875 3260 2945 2480 2305 1945 1840] [1980 2255 2760 3180 3080 3225 3255 3160]
[2830 2860 3000 3025 2665 2365 1685 2010] [2025 2470 2925 3000 2965 3355 3235 3325]
[2930 2895 2950 2960 2670 2275 1650 1685] [1945 2365 2650 3280 3250 3210 3310 3265]
COM7 0 31
3
[2425 2685 2505 2740 2625 2175 2020 2025] [2325 2240 2635 2995 3195 3100 3045 3215]
[2720 2800 2610 2665 2565 2345 1955 1930] [2195 2295 2655 2975 3065 3220 3115 3055]
[2825 2820 2905 2840 2510 2195 2065 1875] [2225 2265 2620 3020 3210 3005 3280 3025]
[2845 2965 2960 2615 2520 2335 1955 1990] [2160 2250 2795 3165 3150 3160 3140 3135]
[3145 2900 3030 2850 2525 2405 1955 2110] [2140 2395 2730 2845 3250 3140 3075 3210]
[2785 2705 3035 2780 2480 2270 1940 1590] [1980 2255 2760 3180 3080 3225 3255 3160]
[3110 2865 2770 2925 2635 2235 1820 1805] [2025 2470 2925 3000 2965 3355 3235 3325]
[2950 2825 2855 2895 2700 2195 1735 1650] [1945 2365 2650 3280 3250 3210 3310 3265]
COM3 1 32
3
[2425 2685 2505 2740 2625 2175 2020 2025] [2270 2425 2700 3070 3185 3070 3085 3250]
[2720 2800 2610 2665 2565 2345 1955 1930] [2320 2330 2565 2975 3110 3250 3220 3275]
[2825 2820 2905 2840 2510 2195 2065 1875] [2225 2350 2830 3000 3135 3110 3140 3030]
[2845 2965 2960 2615 2520 2335 1955 1990] [2265 2345 2860 3150 3150 3180 3150 3115]
[3145 2900 3030 2850 2525 2405 1955 2110] [2280 2390 2745 2950 3070 3280 3230 3275]
[2785 2705 3035 2780 2480 2270 1940 1590] [1950 2385 2755 3220 3075 3275 3250 3235]
[3110 2865 2770 2925 2635 2235 1820 1805] [2045 2520 2870 3290 3270 3135 3305 3400]
[2950 2825 2855 2895 2700 2195 1735 1650] [2080 2495 2945 3355 3265 3035 3290 3295]
COM7 0 33
3
[2840 2770 2625 2845 2490 2350 1935 2110] [2270 2425 2700 3070 3185 3070 3085 3250]
[2875 2890 2760 2765 2600 2245 1990 2060] [2320 2330 2565 2975 3110 3250 3220 3275]
[2760 2965 2815 2815 2530 2440 1975 2290] [2225 2350 2830 3000 3135 3110 3140 3030]
[2765 2900 3025 2905 2530 2335 1875 2105] [2265 2345 2860 3150 3150 3180 3150 3115]
[2950 2870 3025 2920 2600 2140 1850 1980] [2280 2390 2745 2950 3070 3280 3230 3275]
[2960 2910 3035 2905 2485 2170 1955 2075] [1950 2385 2755 3220 3075 3275 3250 3235]
[2630 2770 2790 2750 2570 2200 1700 1600] [2045 2520 2870 3290 3270 3135 3305 3400]
[2960 3075 3125 2710 2785 2315 1815 1690] [2080 2495 2945 3355 3265 3035 3290 3295]
COM3 1 34
3
[2840 2770 2625 2845 2490 2350 1935 2110] [2350 2440 2805 2875 3120 3165 3170 3230]
[2875 2890 2760 2765 2600 2245 1990 2060] [2330 2405 2755 3040 3000 3185 3045 2890]
[2760 2965 2815 2815 2530 2440 1975 2290] [2200 2375 2685 3025 3335 3125 3135 3130]
[2765 2900 3025 2905 2530 2335 1875 2105] [2295 2465 2785 3195 3140 3215 3275 3265]
[2950 2870 3025 2920 2600 2140 1850 1980] [2110 2455 2945 2900 3215 3155 3180 3290]
[2960 2910 3035 2905 2485 2170 1955 2075] [2010 2470 2715 3385 3080 3200 3255 3295]
[2630 2770 2790 2750 2570 2200 1700 1600] [2045 2540 2875 3175 3180 3235 3235 3210]
[2960 3075 3125 2710 2785 2315 1815 1690] [2040 2390 2845 3390 3210 3040 3470 3425]
COM7 0 35
3
[2645 2775 2915 2715 2675 2170 2175 2005] [2350 2440 2805 2875 3120 3165 3170 3230]
[2890 2835 2555 2770 2625 2415 2245 2050] [2330 2405 2755 3040 3000 3185 3045 2890]
[2700 2965 2895 2765 2480 2255 2120 2290] [2200 2375 2685 3025 3335 3125 3135 3130]
[2870 2800 2910 2665 2670 2500 2040 2015] [2295 2465 2785 3195 3140 3215 3275 3265]
[3040 2880 3030 2955 2645 2345 2240 2135] [2110 2455 2945 2900 3215 3155 3180 3290]
[2720 3095 3035 2870 2500 2295 2015 1965] [2010 2470 2715 3385 3080 3200 3255 3295]
[2750 2770 3005 2985 2490 2230 1780 1780] [2045 2540 2875 3175 3180 3235 3235 3210]
[3120 3040 2955 2970 2540 2310 1855 1935] [2040 2390 2845 3390 3210 3040 3470 3425]
COM3 1 36
3
[2645 2775 2915 2715 2675 2170 2175 2005] [2360 2310 2515 3000 3080 3045 3200 3230]
[2890 2835 2555 2770 2625 2415 2245 2050] [2265 2340 2845 2915 3175 3150 3195 3145]
[2700 2965 2895 2765 2480 2255 2120 2290] [2215 2220 2700 3020 3180 3065 3215 3110]
[2870 2800 2910 2665 2670 2500 2040 2015] [2275 2235 2755 3025 3080 3135 3160 3070]
[3040 2880 3030 2955 2645 2345 2240 2135] [2080 2360 2745 2935 3070 3165 3200 3145]
[2720 3095 3035 2870 2500 2295 2015 1965] [1965 2310 2740 3215 3150 3035 3305 3215]
[2750 2770 3005 2985 2490 2230 1780 1780] [1980 2485 2845 3090 3115 3065 3190 3420]
[3120 3040 2955 2970 2540 2310 1855 1935] [2075 2450 2820 3150 3180 3170 3195 3365]
COM7 0 37
3
[2815 2505 2720 2830 2685 2400 2100 2060] [2360 2310 2515 3000 3080 3045 3200 3230]
[2675 2720 2825 2895 2705 2460 2195 2020] [2265 2340 2845 2915 3175 3150 3195 3145]
[2875 2805 2985 2745 2615 2365 1860 2275] [2215 2220 2700 3020 3180 3065 3215 3110]
[2730 2910 2975 2875 2715 2380 2220 2000] [2275 2235 2755 3025 3080 3135 3160 3070]
[3065 2845 3090 2885 2715 2380 2275 2210] [2080 2360 2745 2935 3070 3165 3200 3145]
[3000 2885 2995 2790 2490 2335 2085 1775] [1965 2310 2740 3215 3150 3035 3305 3215]
[3010 2865 3070 2915 2775 2100 1735 1900] [1980 2485 2845 3090 3115 3065 3190 3420]
[3185 2815 3045 2825 2875 2310 1975 1680] [2075 2450 2820 3150 3180 3170 3195 3365]
COM3 1 38
3
[2815 2505 2720 2830 2685 2400 2100 2060] [2200 2350 2735 3010 3200 3035 3175 3180]
[2675 2720 2825 2895 2705 2460 2195 2020] [2260 2260 2705 3045 3120 3180 3120 3080]
[2875 2805 2985 2745 2615 2365 1860 2275] [2215 2290 2615 3015 3245 3160 3155 3220]
[2730 2910 2975 2875 2715 2380 2220 2000] [2205 2265 2870 2960 3050 3155 3045 3120]
[3065 2845 3090 2885 2715 2380 2275 2210] [2115 2370 2865 2865 3120 3060 3335 3125]
[3000 2885 2995 2790 2490 2335 2085 1775] [2000 2350 2800 3375 3155 3185 3285 3150]
[3010 2865 3070 2915 2775 2100 1735 1900] [2060 2540 2875 3185 3025 3150 3205 3115]
[3185 2815 3045 2825 2875 2310 1975 1680] [2025 2285 3000 3155 3055 3125 2915 3230]
COM7 0 39
3
[2590 2675 2785 2840 2450 2045 2040 1800] [2200 2350 2735 3010 3200 3035 3175 3180]
[2805 2880 2630 2625 2550 2310 2035 2140] [2260 2260 2705 3045 3120 3180 3120 3080]
[2745 2845 2800 2700 2600 2270 1855 2025] [2215 2290 2615 3015 3245 3160 3155 3220]
[2525 2870 2995 2815 2670 2135 2045 2035] [2205 2265 2870 2960 3050 3155 3045 3120]
[2850 2875 3025 2875 2635 2290 1925 2135] [2115 2370 2865 2865 3120 3060 3335 3125]
[2915 2990 2985 3025 2450 2155 1890 1545] [2000 2350 2800 3375 3155 3185 3285 3150]
[3000 2945 2765 2925 2640 2210 1790 1855] [2060 2540 2875 3185 3025 3150 3205 3115]
[2805 3090 2795 2815 2765 1940 1885 1745] [2025 2285 3000 3155 3055 3125 2915 3230]
COM3 1 40
3
[2590 2675 2785 2840 2450 2045 2040 1800] [2330 2370 2620 3015 3235 3150 3195 3180]
[2805 2880 2630 2625 2550 2310 2035 2140] [2390 2350 2675 3035 3045 3245 3225 2985]
[2745 2845 2800 2700 2600 2270 1855 2025] [2320 2420 2625 2960 3185 3005 3195 3185]
[2525 2870 2995 2815 2670 2135 2045 2035] [2170 2265 2755 3105 3075 3120 3045 3185]
[2850 2875 3025 2875 2635 2290 1925 2135] [2100 2310 2895 3025 3155 3120 3195 3290]
[2915 2990 2985 3025 2450 2155 1890 1545] [1920 2460 2840 3175 3205 3195 3245 3275]
[3000 2945 2765 2925 2640 2210 1790 1855] [2065 2475 2995 3195 3195 3190 3325 3245]
[2805 3090 2795 2815 2765 1940 1885 1745] [2035 2420 2960 3265 3130 3035 3345 3245]
COM7 0 41
3
[2940 2540 2705 2885 2585 2045 1825 2125] [2330 2370 2620 3015 3235 3150 3195 3180]
[2990 2900 2855 2840 2590 2140 2005 2250] [2390 2350 2675 3035 3045 3245 3225 2985]
[2875 2665 2825 2730 2630 2420 2040 2180] [2320 2420 2625 2960 3185 3005 3195 3185]
[2810 2910 3035 2850 2500 2330 2185 1825] [2170 2265 2755 3105 3075 3120 3045 3185]
[2950 2845 2905 2880 2590 2210 2245 2075] [2100 2310 2895 3025 3155 3120 3195 3290]
[2645 2930 3035 2680 2665 2270 1890 1700] [1920 2460 2840 3175 3205 3195 3245 3275]
[2805 2925 2905 2735 2670 2090 1735 1885] [2065 2475 2995 3195 3195 3190 3325 3245]
[2880 2775 2860 2790 2820 2345 2000 1785] [2035 2420 2960 3265 3130 3035 3345 3245]
COM3 1 42
3
[2940 2540 2705 2885 2585 2045 1825 2125] [2335 2460 2755 3070 3245 3095 3135 3330]
[2990 2900 2855 2840 2590 2140 2005 2250] [2305 2335 2725 3055 3050 3180 3120 3175]
[2875 2665 2825 2730 2630 2420 2040 2180] [2325 2365 2760 3120 3245 3135 3110 3215]
[2810 2910 3035 2850 2500 2330 2185 1825] [2220 2305 2810 3085 3120 3120 3210 3165]
[2950 2845 2905 2880 2590 2210 2245 2075] [2200 2360 2970 2895 3155 3115 3160 3245]
[2645 2930 3035 2680 2665 2270 1890 1700] [1950 2305 2840 3225 3075 3220 3290 3230]
[2805 2925 2905 2735 2670 2090 1735 1885] [1965 2440 2725 3010 3235 3135 3140 3350]
[2880 2775 2860 2790 2820 2345 2000 1785] [2135 2460 2870 3325 3145 3135 3200 3295]
COM7 0 43
3
[2800 2785 2635 2550 2580 2330 1975 1915] [2335 2460 2755 3070 3245 3095 3135 3330]
[2955 3070 2870 2770 2530 2290 2070 2170] [2305 2335 2725 3055 3050 3180 3120 3175]
[2725 3100 2990 2875 2445 2390 2015 2220] [2325 2365 2760 3120 3245 3135 3110 3215]
[2945 2870 2950 2740 2680 2275 2060 2205] [2220 2305 2810 3085 3120 3120 3210 3165]
[2890 2770 2960 2715 2685 2310 2315 2095] [2200 2360 2970 2895 3155 3115 3160 3245]
[2555 2845 3000 2805 2630 2230 1995 1935] [1950 2305 2840 3225 3075 3220 3290 3230]
[2675 2770 2910 2925 2810 2195 1695 1835] [1965 2440 2725 3010 3235 3135 3140 3350]
[2755 3085 2910 2810 2555 2225 2130 1850] [2135 2460 2870 3325 3145 3135 3200 3295]
COM3 1 44
3
[2800 2785 2635 2550 2580 2330 1975 1915] [2360 2310 2705 3120 3195 3235 3170 3220]
[2955 3070 2870 2770 2530 2290 2070 2170] [2235 2500 2720 3075 3080 3160 3110 3110]
[2725 3100 2990 2875 2445 2390 2015 2220] [2340 2370 2675 3060 3145 3005 3120 3110]
[2945 2870 2950 2740 2680 2275 2060 2205] [2225 2510 2810 3190 3080 3125 3195 3125]
[2890 2770 2960 2715 2685 2310 2315 2095] [2225 2420 2815 2935 3130 3040 3375 3195]
[2555 2845 3000 2805 2630 2230 1995 1935] [2070 2420 2760 3195 3075 3220 3290 3075]
[2675 2770 2910 2925 2810 2195 1695 1835] [2020 2540 3040 3215 3180 3170 3235 3340]
[2755 3085 2910 2810 2555 2225 2130 1850] [2210 2435 2885 3365 3240 3125 3375 3215]
COM7 0 45
3
[2835 2735 2840 2790 2595 2230 2270 2070] [2360 2310 2705 3120 3195 3235 3170 3220]
[2865 2955 2940 2930 2485 2245 1935 2250] [2235 2500 2720 3075 3080 3160 3110 3110]
[2740 2925 2810 2730 2595 2365 2065 2040] [2340 2370 2675 3060 3145 3005 3120 3110]
[2865 3050 3025 2925 2735 2395 2035 1985] [2225 2510 2810 3190 3080 3125 3195 3125]
[3040 2855 2955 2845 2665 2260 2210 1930] [2225 2420 2815 2935 3130 3040 3375 3195]
[2995 3140 3090 2895 2455 2475 2045 1795] [2070 2420 2760 3195 3075 3220 3290 3075]
[2750 3005 3150 2870 2670 2225 1825 1840] [2020 2540 3040 3215 3180 3170 3235 3340]
[2905 3145 3050 2820 2545 2170 1650 1810] [2210 2435 2885 3365 3240 3125 3375 3215]
COM3 1 46
3
[2835 2735 2840 2790 2595 2230 2270 2070] [2215 2330 2750 2995 3300 3020 2965 3240]
[2865 2955 2940 2930 2485 2245 1935 2250] [2245 2410 2645 3020 3185 3225 3150 3060]
[2740 2925 2810 2730 2595 2365 2065 2040] [2300 2440 2765 2995 3265 3155 3180 3100]
[2865 3050 3025 2925 2735 2395 2035 1985] [2150 2485 2770 3040 2980 3120 3030 3195]
[3040 2855 2955 2845 2665 2260 2210 1930] [2230 2440 2920 2910 3130 3070 3260 3140]
[2995 3140 3090 2895 2455 2475 2045 1795] [1955 2370 2915 3115 3080 3135 3285 3340]
[2750 3005 3150 2870 2670 2225 1825 1840] [2140 2390 2890 3120 3115 3070 3235 3320]
[2905 3145 3050 2820 2545 2170 1650 1810] [2165 2410 2925 3075 3430 3225 3145 3290]
COM7 0 47
3
[2695 2580 2710 2910 2635 2245 2075 1915] [2215 2330 2750 2995 3300 3020 2965 3240]
[2945 2950 2670 2875 2480 2275 1850 2175] [2245 2410 2645 3020 3185 3225 3150 3060]
[2545 2875 3115 2760 2770 2270 2015 2100] [2300 2440 2765 2995 3265 3155 3180 3100]
[2945 2960 2970 2685 2630 2310 2105 2185] [2150 2485 2770 3040 2980 3120 3030 3195]
[2850 2825 3030 2970 2710 2125 2005 2180] [2230 2440 2920 2910 3130 3070 3260 3140]
[2755 2715 2850 2965 2515 2285 1945 1855] [1955 2370 2915 3115 3080 3135 3285 3340]
[3195 2865 2750 2820 2610 2140 1780 1855] [2140 2390 2890 3120 3115 3070 3235 3320]
[3170 2900 2655 2845 2505 2040 1670 1715] [2165 2410 2925 3075 3430 3225 3145 3290]
COM3 1 48
3
[2695 2580 2710 2910 2635 2245 2075 1915] [2240 2430 2765 2910 3080 3170 3075 3230]
[2945 2950 2670 2875 2480 2275 1850 2175] [2225 2240 2820 2975 3165 3205 3250 3050]
[2545 2875 3115 2760 2770 2270 2015 2100] [2235 2305 2805 3070 3185 3000 3070 3110]
[2945 2960 2970 2685 2630 2310 2105 2185] [2330 2390 2920 3020 3120 3160 3210 3190]
[2850 2825 3030 2970 2710 2125 2005 2180] [2215 2305 2995 3075 3070 3175 3200 3140]
[2755 2715 2850 2965 2515 2285 1945 1855] [2080 2305 2890 3110 3215 3295 3210 3355]
[3195 2865 2750 2820 2610 2140 1780 1855] [2095 2505 3020 3260 3190 3215 3085 3310]
[3170 2900 2655 2845 2505 2040 1670 1715] [2200 2455 3055 3370 3175 3165 3295 3390]
COM7 0 49
3
[3025 2785 2615 2630 2435 2155 1985 1780] [2240 2430 2765 2910 3080 3170 3075 3230]
[2875 2935 2600 2735 2635 2210 2130 2155] [2225 2240 2820 2975 3165 3205 3250 3050]
[2970 2855 2890 2755 2560 2270 1985 2130] [2235 2305 2805 3070 3185 3000 3070 3110]
[3035 2925 2800 2785 2640 2420 2120 2065] [2330 2390 2920 3020 3120 3160 3210 3190]
[3055 2905 2955 2790 2755 2315 2275 2060] [2215 2305 2995 3075 3070 3175 3200 3140]
[2995 3025 2980 2850 2570 2240 2130 1935] [2080 2305 2890 3110 3215 3295 3210 3355]
[2985 2945 2545 3125 2670 2210 1990 1905] [2095 2505 3020 3260 3190 3215 3085 3310]
[2860 3295 2950 2840 2575 2210 1970 1635] [2200 2455 3055 3370 3175 3165 3295 3390]
COM3 1 50
3
[3025 2785 2615 2630 2435 2155 1985 1780] [2180 2285 2680 2915 3105 3005 3040 3185]
[2875 2935 2600 2735 2635 2210 2130 2155] [2150 2325 2675 2935 3045 3165 3020 3095]
[2970 2855 2890 2755 2560 2270 1985 2130] [2115 2345 2610 2985 3155 3255 3080 3210]
[3035 2925 2800 2785 2640 2420 2120 2065] [2220 2410 2725 2960 3115 2970 3100 3110]
[3055 2905 2955 2790 2755 2315 2275 2060] [2000 2450 2850 2945 3070 3160 3210 3115]
[2995 3025 2980 2850 2570 2240 2130 1935] [1930 2245 2840 3105 3155 3240 3215 3070]
[2985 2945 2545 3125 2670 2210 1990 1905] [1940 2365 3010 3275 2945 3155 3370 3290]
[2860 3295 2950 2840 2575 2210 1970 1635] [2105 2365 2905 3275 3145 3310 3015 3280]
COM7 0 51
3
[2625 2550 2775 2665 2570 2115 2035 2030] [2180 2285 2680 2915 3105 3005 3040 3185]
[2900 2750 3075 2900 2675 2360 2040 2195] [2150 2325 2675 2935 3045 3165 3020 3095]
[2910 2845 2950 2690 2495 2385 2090 1995] [2115 2345 2610 2985 3155 3255 3080 3210]
[3165 3195 2995 2780 2735 2340 2135 2245] [2220 2410 2725 2960 3115 2970 3100 3110]
[3070 2775 3100 2880 2645 2215 2045 2145] [2000 2450 2850 2945 3070 3160 3210 3115]
[2740 2930 3020 3085 2525 2415 2030 1955] [1930 2245 2840 3105 3155 3240 3215 3070]
[2765 2790 2885 3225 2365 2360 1820 2025] [1940 2365 3010 3275 2945 3155 3370 3290]
[2910 3080 2800 3030 2715 2150 1765 1615] [2105 2365 2905 3275 3145 3310 3015 3280]
COM3 1 52
3
[2625 2550 2775 2665 2570 2115 2035 2030] [2120 2350 2620 3065 3100 3055 3040 3085]
[2900 2750 3075 2900 2675 2360 2040 2195] [2200 2300 2725 3035 3075 3205 3060 3060]
[2910 2845 2950 2690 2495 2385 2090 1995] [2265 2260 2645 2955 3155 3090 3205 3010]
[3165 3195 2995 2780 2735 2340 2135 2245] [2280 2245 2810 3090 3075 2955 3100 2920]
[3070 2775 3100 2880 2645 2215 2045 2145] [2235 2440 2740 2945 3010 3100 3130 3270]
[2740 2930 3020 3085 2525 2415 2030 1955] [1940 2330 2920 3115 3050 3250 3200 3170]
[2765 2790 2885 3225 2365 2360 1820 2025] [2160 2520 2845 3295 3050 3145 3275 3270]
[2910 3080 2800 3030 2715 2150 1765 1615] [2100 2390 2940 3075 3105 3095 3160 3315]
COM7 0 53
3
[2765 2690 2760 2740 2780 2350 2185 2125] [2120 2350 2620 3065 3100 3055 3040 3085]
[2955 2855 2750 2720 2515 2220 2165 2325] [2200 2300 2725 3035 3075 3205 3060 3060]
[2750 2855 2910 2775 2615 2250 2025 2230] [2265 2260 2645 2955 3155 3090 3205 3010]
[3040 2945 2865 2740 2590 2350 2155 2220] [2280 2245 2810 3090 3075 2955 3100 2920]
[3285 2940 3170 2885 2665 2260 2065 2205] [2235 2440 2740 2945 3010 3100 3130 3270]
[2920 2900 2970 2965 2545 2265 2090 2030] [1940 2330 2920 3115 3050 3250 3200 3170]
[3015 2845 2835 3130 2685 2185 1875 1745] [2160 2520 2845 3295 3050 3145 3275 3270]
[2960 2970 2800 2885 2765 2250 1780 1960] [2100 2390 2940 3075 3105 3095 3160 3315]
COM3 1 54
3
[2765 2690 2760 2740 2780 2350 2185 2125] [2305 2345 2540 2995 3260 3050 3080 3180]
[2955 2855 2750 2720 2515 2220 2165 2325] [2195 2305 2610 3085 3080 3135 3130 3160]
[2750 2855 2910 2775 2615 2250 2025 2230] [2310 2310 2710 3080 3140 3095 3125 3040]
[3040 2945 2865 2740 2590 2350 2155 2220] [2220 2285 2735 3035 3125 3040 3260 2965]
[3285 2940 3170 2885 2665 2260 2065 2205] [2095 2485 2735 2850 3120 3095 3050 3135]
[2920 2900 2970 2965 2545 2265 2090 2030] [1955 2420 2650 3170 3195 3085 3145 3070]
[3015 2845 2835 3130 2685 2185 1875 1745] [2045 2440 2925 2975 3110 3285 3215 3240]
[2960 2970 2800 2885 2765 2250 1780 1960] [2155 2475 3055 3070 3230 3215 3205 3175]
COM7 0 55
3
[3205 2650 2765 2595 2525 2005 2245 2010] [2305 2345 2540 2995 3260 3050 3080 3180]
[2995 3000 2925 2885 2525 2370 2150 2390] [2195 2305 2610 3085 3080 3135 3130 3160]
[2790 2805 2905 2755 2610 2335 2150 2145] [2310 2310 2710 3080 3140 3095 3125 3040]
[3115 2890 3105 2825 2575 2345 2095 2025] [2220 2285 2735 3035 3125 3040 3260 2965]
[3040 2990 2960 2795 2680 2240 2100 2280] [2095 2485 2735 2850 3120 3095 3050 3135]
[2915 2860 3000 2780 2475 2305 2075 2010] [1955 2420 2650 3170 3195 3085 3145 3070]
[2920 2985 2995 2880 2730 2330 1845 2185] [2045 2440 2925 2975 3110 3285 3215 3240]
[3170 3060 3155 2940 2450 2230 2050 1755] [2155 2475 3055 3070 3230 3215 3205 3175]
COM3 1 56
3
[3205 2650 2765 2595 2525 2005 2245 2010] [2250 2315 2615 3110 3245 2990 3230 3105]
[2995 3000 2925 2885 2525 2370 2150 2390] [2195 2310 2695 2970 2990 3155 3060 3080]
[2790 2805 2905 2755 2610 2335 2150 2145] [2080 2300 2675 2935 3275 2985 3045 3090]
[3115 2890 3105 2825 2575 2345 2095 2025] [2195 2335 2635 3230 3135 2955 3045 3055]
[3040 2990 2960 2795 2680 2240 2100 2280] [2280 2435 2865 2950 3145 3120 3210 3225]
[2915 2860 3000 2780 2475 2305 2075 2010] [1990 2320 2790 3165 3070 3200 3205 3065]
[2920 2985 2995 2880 2730 2330 1845 2185] [1980 2520 3040 3095 3160 3065 3135 3230]
[3170 3060 3155 2940 2450 2230 2050 1755] [2095 2480 3025 3220 3205 3095 3160 3375]
COM7 0 57
3
[2835 2670 2735 2660 2550 2290 2045 1955] [2250 2315 2615 3110 3245 2990 3230 3105]
[2790 3000 2815 2905 2660 2365 2015 2235] [2195 2310 2695 2970 2990 3155 3060 3080]
[2800 2960 2810 2900 2505 2360 1905 2285] [2080 2300 2675 2935 3275 2985 3045 3090]
[2990 3085 2960 2795 2655 2370 2030 2075] [2195 2335 2635 3230 3135 2955 3045 3055]
[2890 2855 2940 2675 2680 2345 2100 2290] [2280 2435 2865 2950 3145 3120 3210 3225]
[3000 3160 3025 2850 2565 2265 1965 2070] [1990 2320 2790 3165 3070 3200 3205 3065]
[2765 3160 2810 3135 2580 2240 1905 1940] [1980 2520 3040 3095 3160 3065 3135 3230]
[2950 3020 3020 2860 2495 2215 2075 1870] [2095 2480 3025 3220 3205 3095 3160 3375]
COM3 1 58
3
[2835 2670 2735 2660 2550 2290 2045 1955] [2185 2345 2650 2880 3145 3050 2985 3170]
[2790 3000 2815 2905 2660 2365 2015 2235] [2115 2310 2630 2970 3045 3190 3070 2985]
[2800 2960 2810 2900 2505 2360 1905 2285] [2135 2380 2765 2995 3100 3055 2995 3040]
[2990 3085 2960 2795 2655 2370 2030 2075] [2115 2345 2860 3000 3170 2980 3115 3060]
[2890 2855 2940 2675 2680 2345 2100 2290] [2060 2335 2960 3035 3185 3250 3145 3210]
[3000 3160 3025 2850 2565 2265 1965 2070] [1830 2425 2715 3155 3075 3275 3060 3065]
[2765 3160 2810 3135 2580 2240 1905 1940] [2040 2400 2885 2960 3210 3235 3080 3390]
[2950 3020 3020 2860 2495 2215 2075 1870] [1975 2520 2830 3390 3050 2955 3375 3205]
COM7 0 59
3
[2900 2560 2515 2835 2415 2290 2075 2260] [2185 2345 2650 2880 3145 3050 2985 3170]
[3240 2910 2935 2735 2505 2310 1990 2235] [2115 2310 2630 2970 3045 3190 3070 2985]
[2825 2910 2895 2720 2630 2335 1980 2235] [2135 2380 2765 2995 3100 3055 2995 3040]
[2740 2965 3030 2905 2705 2310 2095 2060] [2115 2345 2860 3000 3170 2980 3115 3060]
[2910 2880 2850 2940 2720 2210 2205 2100] [2060 2335 2960 3035 3185 3250 3145 3210]
[2895 2855 2810 2885 2565 2185 2125 1845] [1830 2425 2715 3155 3075 3275 3060 3065]
[2905 2975 2800 2890 2420 2350 1825 1940] [2040 2400 2885 2960 3210 3235 3080 3390]
[2870 2900 2535 2845 2525 2135 2005 1860] [1975 2520 2830 3390 3050 2955 3375 3205]
COM3 1 60
3
[2900 2560 2515 2835 2415 2290 2075 2260] [2345 2355 2700 3010 3250 3135 2990 3155]
[3240 2910 2935 2735 2505 2310 1990 2235] [2150 2250 2680 2920 3080 3120 3000 3045]
[2825 2910 2895 2720 2630 2335 1980 2235] [2080 2340 2780 3005 3180 2945 3135 3120]
[2740 2965 3030 2905 2705 2310 2095 2060] [2090 2475 2615 3090 3145 2980 3140 3085]
[2910 2880 2850 2940 2720 2210 2205 2100] [2100 2300 2880 3025 3065 3095 3365 3125]
[2895 2855 2810 2885 2565 2185 2125 1845] [2050 2385 2715 3270 2970 3195 3245 3225]
[2905 2975 2800 2890 2420 2350 1825 1940] [2085 2505 2935 3250 3025 3235 3345 3225]
[2870 2900 2535 2845 2525 2135 2005 1860] [2095 2330 2915 3335 3170 3195 3140 3365]
COM7 0 61
3
[2910 2735 2810 2720 2640 2380 1900 2115] [2345 2355 2700 3010 3250 3135 2990 3155]
[2955 3005 2765 2880 2555 2265 2055 2150] [2150 2250 2680 2920 3080 3120 3000 3045]
[2915 2885 2845 2860 2505 2220 2065 2085] [2080 2340 2780 3005 3180 2945 3135 3120]
[3040 2965 2995 2885 2570 2215 1905 2035] [2090 2475 2615 3090 3145 2980 3140 3085]
[3160 2855 3030 2870 2505 2105 2155 2155] [2100 2300 2880 3025 3065 3095 3365 3125]
[2695 2750 3250 2960 2725 2260 1985 1885] [2050 2385 2715 3270 2970 3195 3245 3225]
[2995 2865 2770 3025 2595 2155 1835 1705] [2085 2505 2935 3250 3025 3235 3345 3225]
[3195 3125 3085 2855 2805 2045 1755 1705] [2095 2330 2915 3335 3170 3195 3140 3365]
COM3 1 62
3
[2910 2735 2810 2720 2640 2380 1900 2115] [2120 2310 2705 3110 3075 3040 3135 3240]
[2955 3005 2765 2880 2555 2265 2055 2150] [2195 2410 2750 3025 3150 3225 3175 2985]
[2915 2885 2845 2860 2505 2220 2065 2085] [2205 2290 2730 3015 3145 3110 3140 3040]
[3040 2965 2995 2885 2570 2215 1905 2035] [2220 2350 2760 3115 3045 3120 3225 3075]
[3160 2855 3030 2870 2505 2105 2155 2155] [2165 2425 2875 2925 3145 3135 3070 3125]
[2695 2750 3250 2960 2725 2260 1985 1885] [1915 2250 2920 3095 3075 3125 3240 2890]
[2995 2865 2770 3025 2595 2155 1835 1705] [2040 2525 2800 3155 3300 3365 3225 3260]
[3195 3125 3085 2855 2805 2045 1755 1705] [2115 2470 2870 3145 3230 3275 3175 3375]
COM7 0 63
3
[2950 2955 2975 2835 2605 2110 2195 2085] [2120 2310 2705 3110 3075 3040 3135 3240]
[2815 2835 2770 2835 2520 2505 2115 2235] [2195 2410 2750 3025 3150 3225 3175 2985]
[2485 3055 2740 2850 2590 2300 1985 2110] [2205 2290 2730 3015 3145 3110 3140 3040]
[2880 2910 2970 2770 2540 2310 2210 2060] [2220 2350 2760 3115 3045 3120 3225 3075]
[3100 2845 3000 2870 2640 2210 2130 2070] [2165 2425 2875 2925 3145 3135 3070 3125]
[2700 3100 2705 2945 2520 2390 1985 1750] [1915 2250 2920 3095 3075 3125 3240 2890]
[2845 3080 2800 2925 2700 2120 1735 1965] [2040 2525 2800 3155 3300 3365 3225 3260]
[2960 3000 2955 2940 2575 2205 1975 1915] [2115 2470 2870 3145 3230 3275 3175 3375]
COM3 1 64
3
[2950 2955 2975 2835 2605 2110 2195 2085] [2135 2245 2715 2970 3305 3095 3080 3155]
[2815 2835 2770 2835 2520 2505 2115 2235] [2195 2350 2675 2960 3070 3205 3105 2840]
[2485 3055 2740 2850 2590 2300 1985 2110] [2115 2305 2620 3050 3100 3060 3175 3105]
[2880 2910 2970 2770 2540 2310 2210 2060] [2250 2275 2870 2935 3125 3085 3095 3075]
[3100 2845 3000 2870 2640 2210 2130 2070] [2025 2230 2735 3005 3190 3145 3200 3135]
[2700 3100 2705 2945 2520 2390 1985 1750] [1865 2340 2875 3115 3160 3350 3260 3320]
[2845 3080 2800 2925 2700 2120 1735 1965] [2020 2515 2825 3185 3265 3055 3060 3125]
[2960 3000 2955 2940 2575 2205 1975 1915] [2005 2425 2870 3305 3215 3360 3325 3075]
COM7 0 65
3
[2560 2800 2685 2670 2280 2185 2045 2125] [2135 2245 2715 2970 3305 3095 3080 3155]
[2955 2775 2870 2730 2625 2300 2185 2210] [2195 2350 2675 2960 3070 3205 3105 2840]
[2855 2700 3000 2745 2585 2340 1995 2250] [2115 2305 2620 3050 3100 3060 3175 3105]
[3020 3020 3030 2765 2650 2285 1965 2235] [2250 2275 2870 2935 3125 3085 3095 3075]
[2945 2905 3130 2985 2740 2175 2250 2270] [2025 2230 2735 3005 3190 3145 3200 3135]
[2955 2970 2955 2960 2560 2245 2015 2200] [1865 2340 2875 3115 3160 3350 3260 3320]
[3080 2860 2995 2995 2700 2415 1735 2100] [2020 2515 2825 3185 3265 3055 3060 3125]
[3170 3005 3020 3030 2705 2450 1805 1770] [2005 2425 2870 3305 3215 3360 3325 3075]