COM3 1 6
3
[3140 2640 2790 2750 2945 2805 2905 2635] [2990 2840 2300 2035 2315 2430 2510 2295]
[2955 3045 2920 2905 2780 2910 2845 2835] [2860 2585 2240 2035 2190 2565 2440 1970]
[2760 2840 2965 2805 2860 2865 2865 3005] [2955 2635 2210 2015 2275 2400 2375 1995]
[2960 2995 2870 2980 2930 2960 2950 3030] [3040 2475 2185 1980 2220 2255 2210 1940]
[3010 3045 3045 2915 2965 2885 3125 3015] [2905 2375 2010 1785 2215 2225 2145 1920]
[3020 2970 3090 3075 2725 3125 3060 2930] [2765 2115 1840 1925 2020 2035 2055 1825]
[2890 3200 2860 3145 3105 2975 2970 2950] [2695 2370 1975 1865 2020 1925 1915 1735]
[3000 2845 2745 2950 3015 2985 3050 3105] [2690 2170 1885 2010 1860 1820 1805 1705]
COM7 0 7
3
[2745 2615 2775 2750 2855 2905 3005 2830] [2990 2840 2300 2035 2315 2430 2510 2295]
[2740 2950 2805 2720 2895 2820 2905 2715] [2860 2585 2240 2035 2190 2565 2440 1970]
[2855 2940 2975 2835 2845 2770 2800 2850] [2955 2635 2210 2015 2275 2400 2375 1995]
[2935 2865 3090 2880 2930 2820 2850 2750] [3040 2475 2185 1980 2220 2255 2210 1940]
[2900 2875 2955 2790 2980 2925 3035 3075] [2905 2375 2010 1785 2215 2225 2145 1920]
[3195 2985 2980 3090 2845 2990 2940 2825] [2765 2115 1840 1925 2020 2035 2055 1825]
[2795 3000 2855 2925 2950 2890 2605 3110] [2695 2370 1975 1865 2020 1925 1915 1735]
[2860 3025 3015 2900 2850 2850 3035 2850] [2690 2170 1885 2010 1860 1820 1805 1705]
COM3 1 8
3
[2745 2615 2775 2750 2855 2905 3005 2830] [3185 2690 2325 2100 2385 2535 2540 2320]
[2740 2950 2805 2720 2895 2820 2905 2715] [3075 2620 2300 2150 2235 2565 2510 2070]
[2855 2940 2975 2835 2845 2770 2800 2850] [2810 2590 2240 2080 2330 2560 2390 1965]
[2935 2865 3090 2880 2930 2820 2850 2750] [2970 2445 2145 2000 2295 2430 2215 2010]
[2900 2875 2955 2790 2980 2925 3035 3075] [2735 2530 2035 1845 2245 2260 2145 1900]
[3195 2985 2980 3090 2845 2990 2940 2825] [2800 2235 2015 1985 2185 2125 2100 1880]
[2795 3000 2855 2925 2950 2890 2605 3110] [2815 2445 2010 1930 1995 2015 1990 1900]
[2860 3025 3015 2900 2850 2850 3035 2850] [2760 2250 1895 2040 1920 1825 1885 1800]
COM7 0 9
3
[2705 2785 2500 2970 2740 2795 2805 3040] [3185 2690 2325 2100 2385 2535 2540 2320]
[2810 2840 2465 2595 2880 2960 2745 2740] [3075 2620 2300 2150 2235 2565 2510 2070]
[2765 2690 2990 2815 2820 2965 2925 2945] [2810 2590 2240 2080 2330 2560 2390 1965]
[3035 2930 2995 2920 2890 2805 2770 3000] [2970 2445 2145 2000 2295 2430 2215 2010]
[3125 2895 2905 2690 2945 3030 3050 2905] [2735 2530 2035 1845 2245 2260 2145 1900]
[2795 3025 3090 2830 2790 2865 3070 3085] [2800 2235 2015 1985 2185 2125 2100 1880]
[3070 2860 2755 3140 2875 2695 2680 2915] [2815 2445 2010 1930 1995 2015 1990 1900]
[3110 2900 2915 3145 3125 3095 3085 2850] [2760 2250 1895 2040 1920 1825 1885 1800]
COM3 1 10
3
[2705 2785 2500 2970 2740 2795 2805 3040] [2875 2450 2035 1845 2145 2420 2440 2115]
[2810 2840 2465 2595 2880 2960 2745 2740] [2785 2530 2170 1785 2110 2455 2300 1845]
[2765 2690 2990 2815 2820 2965 2925 2945] [2835 2335 2010 1855 2205 2390 2260 1805]
[3035 2930 2995 2920 2890 2805 2770 3000] [2645 2365 1795 1810 2095 2305 2100 1705]
[3125 2895 2905 2690 2945 3030 3050 2905] [2810 2240 1840 1600 1940 2125 2025 1835]
[2795 3025 3090 2830 2790 2865 3070 3085] [2545 2070 1820 1785 1870 2080 1945 1695]
[3070 2860 2755 3140 2875 2695 2680 2915] [2560 2120 1825 1655 1845 1675 1765 1670]
[3110 2900 2915 3145 3125 3095 3085 2850] [2560 2175 1680 1645 1615 1630 1720 1580]
COM7 0 11
3
[2740 2850 2655 2950 2760 2935 2945 2980] [2875 2450 2035 1845 2145 2420 2440 2115]
[2895 2980 2735 2960 2815 2905 2965 2890] [2785 2530 2170 1785 2110 2455 2300 1845]
[2855 2885 2875 2945 2865 2955 2865 2910] [2835 2335 2010 1855 2205 2390 2260 1805]
[3080 3010 2995 3035 2970 2855 2840 2935] [2645 2365 1795 1810 2095 2305 2100 1705]
[3105 2995 2900 2925 3070 2960 3030 3040] [2810 2240 1840 1600 1940 2125 2025 1835]
[3010 3015 3090 3020 2900 3110 2990 2915] [2545 2070 1820 1785 1870 2080 1945 1695]
[3210 3050 3000 2925 2910 2905 2820 3135] [2560 2120 1825 1655 1845 1675 1765 1670]
[3170 2805 3095 2815 2800 2765 2885 2860] [2560 2175 1680 1645 1615 1630 1720 1580]
COM3 1 12
3
[2740 2850 2655 2950 2760 2935 2945 2980] [2855 2550 2010 1925 2150 2525 2470 2150]
[2895 2980 2735 2960 2815 2905 2965 2890] [3025 2380 2080 1870 2155 2505 2375 1925]
[2855 2885 2875 2945 2865 2955 2865 2910] [2745 2375 2005 1965 2235 2420 2330 1885]
[3080 3010 2995 3035 2970 2855 2840 2935] [2710 2155 1980 1845 2150 2315 2135 1755]
[3105 2995 2900 2925 3070 2960 3030 3040] [2505 2135 1945 1655 2030 2200 2100 1900]
[3010 3015 3090 3020 2900 3110 2990 2915] [2705 2220 1760 1870 1975 2055 1940 1710]
[3210 3050 3000 2925 2910 2905 2820 3135] [2605 2115 1765 1690 1935 1920 1835 1760]
[3170 2805 3095 2815 2800 2765 2885 2860] [2515 2230 1760 1880 1800 1800 1745 1640]
COM7 0 13
3
[2685 2895 2970 2885 3020 2855 2930 3335] [2855 2550 2010 1925 2150 2525 2470 2150]
[3125 3025 2835 3160 2905 3010 3030 3175] [3025 2380 2080 1870 2155 2505 2375 1925]
[2965 3015 3155 3075 3010 3075 2985 3125] [2745 2375 2005 1965 2235 2420 2330 1885]
[2995 3155 3210 2930 3110 2895 3080 3035] [2710 2155 1980 1845 2150 2315 2135 1755]
[3250 3090 3140 3045 3070 2935 3050 3230] [2505 2135 1945 1655 2030 2200 2100 1900]
[3010 3265 3090 3080 3065 3090 3100 2920] [2705 2220 1760 1870 1975 2055 1940 1710]
[3065 3140 2900 3195 3110 3175 3230 2715] [2605 2115 1765 1690 1935 1920 1835 1760]
[3115 3100 2920 3110 2965 3150 3345 3155] [2515 2230 1760 1880 1800 1800 1745 1640]
COM3 1 14
3
[2685 2895 2970 2885 3020 2855 2930 3335] [3280 2795 2390 2060 2350 2645 2555 2270]
[3125 3025 2835 3160 2905 3010 3030 3175] [3085 2735 2290 1985 2225 2630 2510 2230]
[2965 3015 3155 3075 3010 3075 2985 3125] [3145 2525 2145 2000 2240 2565 2455 2060]
[2995 3155 3210 2930 3110 2895 3080 3035] [3040 2485 2150 1955 2285 2375 2195 1980]
[3250 3090 3140 3045 3070 2935 3050 3230] [2900 2440 2010 1790 2205 2375 2270 2110]
[3010 3265 3090 3080 3065 3090 3100 2920] [2735 2385 1925 1960 2070 2215 2135 1920]
[3065 3140 2900 3195 3110 3175 3230 2715] [2890 2375 1965 1745 2025 1975 2015 1840]
[3115 3100 2920 3110 2965 3150 3345 3155] [2740 2345 1900 1895 1935 1825 1895 1900]
COM7 0 15
3
[2940 2355 2680 2760 2715 2855 3005 2705] [3280 2795 2390 2060 2350 2645 2555 2270]
[2700 2650 2745 2770 2935 2910 2680 2915] [3085 2735 2290 1985 2225 2630 2510 2230]
[2565 3020 2965 2760 2755 2895 2740 3125] [3145 2525 2145 2000 2240 2565 2455 2060]
[2960 2780 2900 2870 2900 2865 2835 2605] [3040 2485 2150 1955 2285 2375 2195 1980]
[2940 2800 3075 2815 2895 2735 2995 2830] [2900 2440 2010 1790 2205 2375 2270 2110]
[3160 2660 2990 3005 2755 2960 3055 2760] [2735 2385 1925 1960 2070 2215 2135 1920]
[3025 2990 2790 2675 2800 2815 2625 2905] [2890 2375 1965 1745 2025 1975 2015 1840]
[3095 2955 2665 2860 3090 2800 2995 2970] [2740 2345 1900 1895 1935 1825 1895 1900]
COM3 1 16
3
[2940 2355 2680 2760 2715 2855 3005 2705] [2705 2390 1975 1820 2315 2405 2355 2115]
[2700 2650 2745 2770 2935 2910 2680 2915] [2545 2240 1985 1850 2030 2395 2230 1860]
[2565 3020 2965 2760 2755 2895 2740 3125] [2535 2345 1975 1860 2200 2085 2295 1770]
[2960 2780 2900 2870 2900 2865 2835 2605] [2610 2420 1885 1870 2045 2120 2075 1795]
[2940 2800 3075 2815 2895 2735 2995 2830] [2565 2285 1850 1620 1965 2055 1890 1745]
[3160 2660 2990 3005 2755 2960 3055 2760] [2550 1995 1765 1800 1830 2000 1805 1775]
[3025 2990 2790 2675 2800 2815 2625 2905] [2540 2190 1785 1735 1915 1840 1765 1785]
[3095 2955 2665 2860 3090 2800 2995 2970] [2440 2055 1750 1730 1635 1780 1660 1600]
COM7 0 17
3
[2795 2805 2985 2810 2990 2940 3230 3040] [2705 2390 1975 1820 2315 2405 2355 2115]
[2740 3045 2790 2995 3025 2955 2965 3110] [2545 2240 1985 1850 2030 2395 2230 1860]
[2870 3020 2965 2885 3040 3065 3120 2910] [2535 2345 1975 1860 2200 2085 2295 1770]
[3095 3020 2900 3025 3195 3160 3175 3125] [2610 2420 1885 1870 2045 2120 2075 1795]
[3285 3115 3080 2990 3040 3040 3230 3250] [2565 2285 1850 1620 1965 2055 1890 1745]
[2825 3295 3190 3025 2965 3205 3175 3165] [2550 1995 1765 1800 1830 2000 1805 1775]
[3295 3150 3055 3275 3210 3220 3195 3300] [2540 2190 1785 1735 1915 1840 1765 1785]
[3115 2955 3190 3200 3210 3240 3085 3105] [2440 2055 1750 1730 1635 1780 1660 1600]
COM3 1 18
3
[2795 2805 2985 2810 2990 2940 3230 3040] [3180 2815 2325 2000 2475 2570 2445 2210]
[2740 3045 2790 2995 3025 2955 2965 3110] [3150 2655 2105 1905 2140 2575 2510 1945]
[2870 3020 2965 2885 3040 3065 3120 2910] [2925 2620 2140 1880 2345 2515 2325 1845]
[3095 3020 2900 3025 3195 3160 3175 3125] [2865 2505 2085 1885 2180 2320 2165 1935]
[3285 3115 3080 2990 3040 3040 3230 3250] [2885 2385 2035 1790 2160 2225 2105 1850]
[2825 3295 3190 3025 2965 3205 3175 3165] [2770 2215 1850 1950 1995 2155 1975 1805]
[3295 3150 3055 3275 3210 3220 3195 3300] [2625 2375 1905 1805 1995 1965 1955 1740]
[3115 2955 3190 3200 3210 3240 3085 3105] [2700 2145 1800 1905 1815 1805 1720 1670]
COM7 0 19
3
[2700 2725 2645 2850 2900 2825 2965 2930] [3180 2815 2325 2000 2475 2570 2445 2210]
[2995 2885 3070 2995 3095 2995 2900 3190] [3150 2655 2105 1905 2140 2575 2510 1945]
[2865 2940 3075 2980 3125 3060 3045 2945] [2925 2620 2140 1880 2345 2515 2325 1845]
[3080 3020 3070 3055 3170 3075 3005 3200] [2865 2505 2085 1885 2180 2320 2165 1935]
[3160 3045 3090 2985 3210 3035 3145 3200] [2885 2385 2035 1790 2160 2225 2105 1850]
[3055 2875 3090 3105 3100 3270 3315 3020] [2770 2215 1850 1950 1995 2155 1975 1805]
[2945 2905 3255 3035 3145 3010 3195 3175] [2625 2375 1905 1805 1995 1965 1955 1740]
[3290 3030 3145 3010 3190 3135 3345 3225] [2700 2145 1800 1905 1815 1805 1720 1670]
COM3 1 20
3
[2700 2725 2645 2850 2900 2825 2965 2930] [2635 2415 2105 1930 2130 2435 2440 2110]
[2995 2885 3070 2995 3095 2995 2900 3190] [2705 2405 2125 1855 2070 2410 2190 1975]
[2865 2940 3075 2980 3125 3060 3045 2945] [2775 2280 2000 1790 2145 2285 2260 1870]
[3080 3020 3070 3055 3170 3075 3005 3200] [2540 2405 1955 1875 2095 2270 2045 1805]
[3160 3045 3090 2985 3210 3035 3145 3200] [2590 2260 1880 1660 2060 2115 2040 1850]
[3055 2875 3090 3105 3100 3270 3315 3020] [2485 1975 1725 1830 1870 2080 2005 1785]
[2945 2905 3255 3035 3145 3010 3195 3175] [2465 2050 1905 1720 1725 1870 1810 1725]
[3290 3030 3145 3010 3190 3135 3345 3225] [2395 2070 1745 1660 1695 1735 1780 1605]
COM7 0 21
3
[2700 2635 2835 3005 2940 2935 2835 2560] [2635 2415 2105 1930 2130 2435 2440 2110]
[2835 2975 2835 2840 2790 2815 2895 2815] [2705 2405 2125 1855 2070 2410 2190 1975]
[2795 2895 2965 2815 2805 2785 2870 2945] [2775 2280 2000 1790 2145 2285 2260 1870]
[2770 2770 2945 2985 2900 2960 2905 2915] [2540 2405 1955 1875 2095 2270 2045 1805]
[2765 3000 3075 2880 2915 2850 3125 3045] [2590 2260 1880 1660 2060 2115 2040 1850]
[3020 3005 3160 2915 2885 2960 3050 2850] [2485 1975 1725 1830 1870 2080 2005 1785]
[2950 2920 3020 2975 2825 2970 2675 2750] [2465 2050 1905 1720 1725 1870 1810 1725]
[3015 3170 2860 3255 2855 2980 2915 2965] [2395 2070 1745 1660 1695 1735 1780 1605]
COM3 1 22
3
[2700 2635 2835 3005 2940 2935 2835 2560] [2980 2705 2310 2105 2520 2525 2505 2205]
[2835 2975 2835 2840 2790 2815 2895 2815] [3020 2545 2085 2020 2215 2480 2385 1925]
[2795 2895 2965 2815 2805 2785 2870 2945] [2915 2370 2045 1940 2325 2450 2335 1945]
[2770 2770 2945 2985 2900 2960 2905 2915] [2765 2430 2120 1980 2300 2370 2195 1780]
[2765 3000 3075 2880 2915 2850 3125 3045] [2725 2310 2030 1765 2070 2180 2155 1845]
[3020 3005 3160 2915 2885 2960 3050 2850] [2695 2235 1885 1930 2025 2145 2105 1940]
[2950 2920 3020 2975 2825 2970 2675 2750] [2575 2120 1785 1885 1995 2105 2015 1970]
[3015 3170 2860 3255 2855 2980 2915 2965] [2440 2155 1795 1830 1820 1690 1670 1725]
COM7 0 23
3
[3020 2935 2620 2640 2855 3035 3175 2970] [2980 2705 2310 2105 2520 2525 2505 2205]
[3035 3005 2900 2965 2790 2950 2665 2920] [3020 2545 2085 2020 2215 2480 2385 1925]
[2715 3005 2960 2805 2885 2935 2850 3090] [2915 2370 2045 1940 2325 2450 2335 1945]
[3095 2885 2800 2995 2870 3025 2990 2940] [2765 2430 2120 1980 2300 2370 2195 1780]
[3075 3100 2995 2925 3170 2885 3010 3155] [2725 2310 2030 1765 2070 2180 2155 1845]
[2970 3020 3175 2915 2885 3220 3015 2990] [2695 2235 1885 1930 2025 2145 2105 1940]
[3000 3095 3065 3115 2900 3005 2935 2845] [2575 2120 1785 1885 1995 2105 2015 1970]
[3015 3110 3015 2895 3240 2860 3065 2965] [2440 2155 1795 1830 1820 1690 1670 1725]
COM3 1 24
3
[3020 2935 2620 2640 2855 3035 3175 2970] [2875 2515 2280 1930 2275 2395 2480 2110]
[3035 3005 2900 2965 2790 2950 2665 2920] [2870 2635 1990 1930 2080 2560 2315 2000]
[2715 3005 2960 2805 2885 2935 2850 3090] [2810 2530 1870 1830 2260 2325 2305 1755]
[3095 2885 2800 2995 2870 3025 2990 2940] [2965 2425 1865 1835 2125 2285 2150 1785]
[3075 3100 2995 2925 3170 2885 3010 3155] [2740 2190 1945 1720 1965 2060 2085 1840]
[2970 3020 3175 2915 2885 3220 3015 2990] [2630 2125 1905 1875 1995 2020 1935 1675]
[3000 3095 3065 3115 2900 3005 2935 2845] [2595 2070 1875 1650 1925 1705 1880 1820]
[3015 3110 3015 2895 3240 2860 3065 2965] [2485 2050 1675 1785 1645 1770 1660 1590]
COM7 0 25
3
[3140 2795 2615 3045 2745 2605 2805 2855] [2875 2515 2280 1930 2275 2395 2480 2110]
[2940 3180 2705 2910 2905 2835 2810 2940] [2870 2635 1990 1930 2080 2560 2315 2000]
[2835 2840 3015 2725 2935 2975 2850 2760] [2810 2530 1870 1830 2260 2325 2305 1755]
[3005 2925 3090 2905 3050 2790 2895 2900] [2965 2425 1865 1835 2125 2285 2150 1785]
[3090 2840 3090 2935 3040 2845 3045 3150] [2740 2190 1945 1720 1965 2060 2085 1840]
[2795 3090 3090 2920 2895 2810 3100 2850] [2630 2125 1905 1875 1995 2020 1935 1675]
[2930 2800 2910 3035 3085 3010 3110 2740] [2595 2070 1875 1650 1925 1705 1880 1820]
[3135 2955 3015 2945 2750 2910 3250 2755] [2485 2050 1675 1785 1645 1770 1660 1590]
COM3 1 26
3
[3140 2795 2615 3045 2745 2605 2805 2855] [2840 2535 2015 1760 2185 2350 2390 2035]
[2940 3180 2705 2910 2905 2835 2810 2940] [2925 2295 1920 1850 2110 2445 2310 1755]
[2835 2840 3015 2725 2935 2975 2850 2760] [2620 2310 1835 1800 2295 2295 2190 1785]
[3005 2925 3090 2905 3050 2790 2895 2900] [2730 2205 1905 1770 2145 2305 2065 1755]
[3090 2840 3090 2935 3040 2845 3045 3150] [2665 2175 1835 1565 1920 2235 1865 1710]
[2795 3090 3090 2920 2895 2810 3100 2850] [2455 1945 1670 1745 1915 2000 1855 1735]
[2930 2800 2910 3035 3085 3010 3110 2740] [2535 2010 1720 1650 1740 1645 1835 1655]
[3135 2955 3015 2945 2750 2910 3250 2755] [2540 1975 1680 1615 1525 1700 1560 1575]
COM7 0 27
3
[2855 2865 2875 3025 3015 2740 2895 2955] [2840 2535 2015 1760 2185 2350 2390 2035]
[2935 3025 3150 2950 2900 2920 2835 3025] [2925 2295 1920 1850 2110 2445 2310 1755]
[2810 2970 2960 2890 2990 2965 2960 2960] [2620 2310 1835 1800 2295 2295 2190 1785]
[3095 2975 3090 3005 3045 2870 2810 3030] [2730 2205 1905 1770 2145 2305 2065 1755]
[2945 3020 3005 2895 3155 2885 3055 3080] [2665 2175 1835 1565 1920 2235 1865 1710]
[2685 3045 3060 3020 2900 2985 3160 2915] [2455 1945 1670 1745 1915 2000 1855 1735]
[2890 3025 2910 2915 3055 3085 3025 2900] [2535 2010 1720 1650 1740 1645 1835 1655]
[2740 3145 3220 3030 2940 3175 3160 2975] [2540 1975 1680 1615 1525 1700 1560 1575]
COM3 1 28
3
[2855 2865 2875 3025 3015 2740 2895 2955] [2990 2750 2365 2015 2385 2500 2495 2305]
[2935 3025 3150 2950 2900 2920 2835 3025] [3065 2680 2205 2045 2310 2670 2510 2060]
[2810 2970 2960 2890 2990 2965 2960 2960] [3100 2560 2265 1995 2335 2440 2360 1980]
[3095 2975 3090 3005 3045 2870 2810 3030] [3040 2475 2080 2030 2240 2360 2200 1950]
[2945 3020 3005 2895 3155 2885 3055 3080] [2860 2330 2020 1845 2150 2325 2110 1920]
[2685 3045 3060 3020 2900 2985 3160 2915] [2700 2130 1935 1995 2220 2150 2125 1880]
[2890 3025 2910 2915 3055 3085 3025 2900] [2730 2200 1945 1935 2045 2090 2010 1855]
[2740 3145 3220 3030 2940 3175 3160 2975] [2625 2235 1915 2000 1865 1780 1880 1880]
COM7 0 29
3
[2815 2305 2640 2825 2790 2935 2955 2645] [2990 2750 2365 2015 2385 2500 2495 2305]
[2875 2955 2805 2760 2975 2900 2960 3000] [3065 2680 2205 2045 2310 2670 2510 2060]
[2785 3020 2995 2750 2795 2965 2915 2975] [3100 2560 2265 1995 2335 2440 2360 1980]
[3040 3125 2950 2800 3050 3045 2885 3095] [3040 2475 2080 2030 2240 2360 2200 1950]
[2905 2750 2990 3045 3000 2960 3195 3200] [2860 2330 2020 1845 2150 2325 2110 1920]
[3045 2995 3090 3105 2900 3090 3255 3020] [2700 2130 1935 1995 2220 2150 2125 1880]
[3060 3170 2995 2945 2765 3025 2730 3205] [2730 2200 1945 1935 2045 2090 2010 1855]
[3305 2855 2990 2700 2825 2980 3255 3055] [2625 2235 1915 2000 1865 1780 1880 1880]
COM3 1 30
3
[2815 2305 2640 2825 2790 2935 2955 2645] [3520 2860 2515 2240 2460 2610 2695 2375]
[2875 2955 2805 2760 2975 2900 2960 3000] [3205 2735 2385 2225 2425 2620 2535 2240]
[2785 3020 2995 2750 2795 2965 2915 2975] [3115 2810 2300 2060 2440 2575 2505 2065]
[3040 3125 2950 2800 3050 3045 2885 3095] [3035 2560 2210 2100 2275 2485 2315 2010]
[2905 2750 2990 3045 3000 2960 3195 3200] [2965 2530 2080 1930 2245 2460 2240 1940]
[3045 2995 3090 3105 2900 3090 3255 3020] [2780 2440 2095 1970 2225 2270 2160 1925]
[3060 3170 2995 2945 2765 3025 2730 3205] [2715 2375 2060 2035 2140 2115 2140 2020]
[3305 2855 2990 2700 2825 2980 3255 3055] [2745 2310 1915 2055 1980 1800 1925 1880]
COM7 0 31
3
[2530 2575 2670 2610 2620 2640 2720 2420] [3520 2860 2515 2240 2460 2610 2695 2375]
[2635 2920 2815 2815 2690 2900 2530 2560] [3205 2735 2385 2225 2425 2620 2535 2240]
[2670 2620 2780 2770 2675 2910 2715 2390] [3115 2810 2300 2060 2440 2575 2505 2065]
[2745 2815 2895 2800 2925 2745 2750 2695] [3035 2560 2210 2100 2275 2485 2315 2010]
[2755 3035 2715 2900 2905 2740 2970 2735] [2965 2530 2080 1930 2245 2460 2240 1940]
[3045 2980 2860 2620 2725 2895 2835 2935] [2780 2440 2095 1970 2225 2270 2160 1925]
[3065 2920 2530 2845 2985 2955 2525 2420] [2715 2375 2060 2035 2140 2115 2140 2020]
[2935 2925 2720 2815 2570 2610 2820 2640] [2745 2310 1915 2055 1980 1800 1925 1880]
COM3 1 32
3
[2530 2575 2670 2610 2620 2640 2720 2420] [3445 2925 2545 2145 2390 2595 2650 2365]
[2635 2920 2815 2815 2690 2900 2530 2560] [3350 2835 2415 2115 2420 2765 2470 2125]
[2670 2620 2780 2770 2675 2910 2715 2390] [3330 2675 2235 2095 2415 2620 2450 2015]
[2745 2815 2895 2800 2925 2745 2750 2695] [3290 2615 2190 2030 2410 2300 2320 1955]
[2755 3035 2715 2900 2905 2740 2970 2735] [2845 2475 2105 1980 2275 2370 2325 1940]
[3045 2980 2860 2620 2725 2895 2835 2935] [2820 2315 2075 2085 2085 2195 2120 2020]
[3065 2920 2530 2845 2985 2955 2525 2420] [2750 2415 2020 1985 2040 2110 2035 1865]
[2935 2925 2720 2815 2570 2610 2820 2640] [2850 2315 1985 2130 1905 1920 1845 1770]
COM7 0 33
3
[3115 2685 2775 2805 2760 3135 3150 2970] [3445 2925 2545 2145 2390 2595 2650 2365]
[3230 3145 3015 2905 2950 2995 3060 3110] [3350 2835 2415 2115 2420 2765 2470 2125]
[3190 3095 3070 3055 3050 2990 3070 3180] [3330 2675 2235 2095 2415 2620 2450 2015]
[3180 3100 2995 3015 3065 3155 3090 2920] [3290 2615 2190 2030 2410 2300 2320 1955]
[2890 3255 3225 2965 3150 3090 3155 3175] [2845 2475 2105 1980 2275 2370 2325 1940]
[3055 3090 3155 3125 3080 3210 3175 3085] [2820 2315 2075 2085 2085 2195 2120 2020]
[3065 2920 3045 3115 3220 3335 3135 3165] [2750 2415 2020 1985 2040 2110 2035 1865]
[3520 3220 3110 3005 3070 3240 3390 3180] [2850 2315 1985 2130 1905 1920 1845 1770]
COM3 1 34
3
[3115 2685 2775 2805 2760 3135 3150 2970] [2585 2440 1995 1770 2230 2485 2315 2035]
[3230 3145 3015 2905 2950 2995 3060 3110] [2600 2320 1840 1805 2010 2410 2280 1835]
[3190 3095 3070 3055 3050 2990 3070 3180] [2665 2025 1900 1810 2155 2385 2120 1670]
[3180 3100 2995 3015 3065 3155 3090 2920] [2620 2135 1860 1750 2025 2110 1940 1820]
[2890 3255 3225 2965 3150 3090 3155 3175] [2585 2140 1755 1525 1965 2000 1920 1705]
[3055 3090 3155 3125 3080 3210 3175 3085] [2505 1825 1650 1735 1925 1870 1830 1660]
[3065 2920 3045 3115 3220 3335 3135 3165] [2260 2075 1805 1725 1595 1740 1715 1625]
[3520 3220 3110 3005 3070 3240 3390 3180] [2275 1895 1630 1705 1705 1625 1635 1690]
COM7 0 35
3
[2500 2430 2610 2320 2625 2540 2590 2555] [2585 2440 1995 1770 2230 2485 2315 2035]
[2810 2695 2770 2720 2685 2680 2725 2545] [2600 2320 1840 1805 2010 2410 2280 1835]
[2720 2810 2860 2700 2645 2690 2540 2755] [2665 2025 1900 1810 2155 2385 2120 1670]
[2825 2700 2565 2765 2575 2680 2630 2590] [2620 2135 1860 1750 2025 2110 1940 1820]
[2820 2855 2750 2895 2925 2640 2790 2715] [2585 2140 1755 1525 1965 2000 1920 1705]
[2645 2825 2950 2790 2590 2685 2915 2675] [2505 1825 1650 1735 1925 1870 1830 1660]
[2770 2765 2775 2855 2800 2780 2630 2670] [2260 2075 1805 1725 1595 1740 1715 1625]
[2760 2710 2770 2690 2715 2695 2950 2635] [2275 1895 1630 1705 1705 1625 1635 1690]
COM3 1 36
3
[2500 2430 2610 2320 2625 2540 2590 2555] [3235 2865 2315 2115 2375 2575 2590 2340]
[2810 2695 2770 2720 2685 2680 2725 2545] [3255 2790 2305 2095 2280 2655 2345 2120]
[2720 2810 2860 2700 2645 2690 2540 2755] [3130 2675 2170 2130 2460 2555 2320 2020]
[2825 2700 2565 2765 2575 2680 2630 2590] [3040 2575 2185 1965 2305 2445 2365 2045]
[2820 2855 2750 2895 2925 2640 2790 2715] [2915 2310 2115 1825 2215 2235 2130 1865]
[2645 2825 2950 2790 2590 2685 2915 2675] [2870 2390 2015 2015 2190 2230 1995 1915]
[2770 2765 2775 2855 2800 2780 2630 2670] [2795 2390 1985 1835 1980 2065 1905 1820]
[2760 2710 2770 2690 2715 2695 2950 2635] [2670 2260 2025 2010 1860 1860 1875 1885]
COM7 0 37
3
[2835 2795 2880 3045 2740 2670 2835 2955] [3235 2865 2315 2115 2375 2575 2590 2340]
[2685 2720 2995 2885 2875 2895 3020 2930] [3255 2790 2305 2095 2280 2655 2345 2120]
[2855 2805 2910 2775 2800 2920 2915 3015] [3130 2675 2170 2130 2460 2555 2320 2020]
[3100 2750 2745 2715 2915 2890 2850 2840] [3040 2575 2185 1965 2305 2445 2365 2045]
[2995 2705 3060 2865 3075 2880 3120 2990] [2915 2310 2115 1825 2215 2235 2130 1865]
[2590 3005 2995 3025 2840 3075 2975 2895] [2870 2390 2015 2015 2190 2230 1995 1915]
[2970 2905 2895 2875 2785 2965 2745 2835] [2795 2390 1985 1835 1980 2065 1905 1820]
[2800 3080 2965 3135 2890 2965 2840 2855] [2670 2260 2025 2010 1860 1860 1875 1885]
COM3 1 38
3
[2835 2795 2880 3045 2740 2670 2835 2955] [3055 2575 2265 2015 2440 2655 2485 2200]
[2685 2720 2995 2885 2875 2895 3020 2930] [2765 2425 2015 2060 2195 2515 2445 1945]
[2855 2805 2910 2775 2800 2920 2915 3015] [2765 2445 1985 1945 2355 2530 2335 1895]
[3100 2750 2745 2715 2915 2890 2850 2840] [2945 2480 2020 1900 2245 2260 2150 1855]
[2995 2705 3060 2865 3075 2880 3120 2990] [2825 2390 1905 1680 2205 2290 2155 1850]
[2590 3005 2995 3025 2840 3075 2975 2895] [2540 2015 1840 1905 2075 2140 1975 1945]
[2970 2905 2895 2875 2785 2965 2745 2835] [2590 2195 1885 1840 1845 1980 1850 1870]
[2800 3080 2965 3135 2890 2965 2840 2855] [2500 2070 1820 1870 1715 1800 1690 1790]
COM7 0 39
3
[2700 2755 2650 2805 2795 2785 2900 3040] [3055 2575 2265 2015 2440 2655 2485 2200]
[2880 2960 2825 3025 2710 2895 2925 2895] [2765 2425 2015 2060 2195 2515 2445 1945]
[2955 2645 2730 2920 2960 2905 2925 2900] [2765 2445 1985 1945 2355 2530 2335 1895]
[2890 2835 2910 2805 2875 2960 2870 2840] [2945 2480 2020 1900 2245 2260 2150 1855]
[2925 3020 2790 2800 3135 2845 3010 3195] [2825 2390 1905 1680 2205 2290 2155 1850]
[2655 2735 2910 3020 2835 3070 2815 2945] [2540 2015 1840 1905 2075 2140 1975 1945]
[2980 2860 2835 3145 2815 3300 3165 2840] [2590 2195 1885 1840 1845 1980 1850 1870]
[3260 2825 3005 3020 2755 2840 3015 2955] [2500 2070 1820 1870 1715 1800 1690 1790]
COM3 1 40
3
[2700 2755 2650 2805 2795 2785 2900 3040] [2980 2665 2145 1855 2335 2520 2415 2170]
[2880 2960 2825 3025 2710 2895 2925 2895] [2910 2435 2205 1935 2170 2570 2350 1920]
[2955 2645 2730 2920 2960 2905 2925 2900] [2770 2405 2075 1805 2330 2390 2175 1905]
[2890 2835 2910 2805 2875 2960 2870 2840] [2705 2415 2055 1885 2205 2295 2210 1800]
[2925 3020 2790 2800 3135 2845 3010 3195] [2710 2270 1935 1835 2080 2155 1965 1845]
[2655 2735 2910 3020 2835 3070 2815 2945] [2480 2200 1880 1860 1985 2005 2045 1795]
[2980 2860 2835 3145 2815 3300 3165 2840] [2495 2225 1860 1770 1945 2005 1780 1835]
[3260 2825 3005 3020 2755 2840 3015 2955] [2460 2165 1795 1860 1735 1780 1745 1770]
COM7 0 41
3
[2720 2770 2610 2900 2690 2735 2940 2910] [2980 2665 2145 1855 2335 2520 2415 2170]
[2940 2925 2705 2775 2975 2875 2810 2955] [2910 2435 2205 1935 2170 2570 2350 1920]
[2785 2835 3035 2810 2795 2910 2870 2970] [2770 2405 2075 1805 2330 2390 2175 1905]
[2950 3015 3005 2870 2905 2975 2910 2620] [2705 2415 2055 1885 2205 2295 2210 1800]
[3005 2950 2895 2855 2995 2900 3130 3015] [2710 2270 1935 1835 2080 2155 1965 1845]
[2885 2925 2900 3020 2975 2905 3035 2890] [2480 2200 1880 1860 1985 2005 2045 1795]
[2945 2865 2865 2950 2915 2765 2925 2790] [2495 2225 1860 1770 1945 2005 1780 1835]
[3010 2900 3005 3095 2800 2935 2895 3030] [2460 2165 1795 1860 1735 1780 1745 1770]
COM3 1 42
3
[2720 2770 2610 2900 2690 2735 2940 2910] [2805 2605 2305 1860 2330 2470 2445 2205]
[2940 2925 2705 2775 2975 2875 2810 2955] [2750 2630 2170 1930 2220 2475 2420 1960]
[2785 2835 3035 2810 2795 2910 2870 2970] [2725 2385 2005 1860 2205 2450 2235 1835]
[2950 3015 3005 2870 2905 2975 2910 2620] [2840 2390 2090 1955 2230 2320 2125 1800]
[3005 2950 2895 2855 2995 2900 3130 3015] [2675 2265 1960 1740 2060 2185 1985 1865]
[2885 2925 2900 3020 2975 2905 3035 2890] [2650 2015 1855 1860 2000 2150 1940 1885]
[2945 2865 2865 2950 2915 2765 2925 2790] [2535 2095 1840 1805 1945 1885 1930 1765]
[3010 2900 3005 3095 2800 2935 2895 3030] [2535 2015 1840 1810 1840 1685 1690 1725]
COM7 0 43
3
[3135 2660 2915 2930 2860 2845 2955 2870] [2805 2605 2305 1860 2330 2470 2445 2205]
[2880 2735 2975 2845 2925 2970 2845 2920] [2750 2630 2170 1930 2220 2475 2420 1960]
[2795 2865 3010 2870 2970 3000 2960 2990] [2725 2385 2005 1860 2205 2450 2235 1835]
[2940 3005 3020 2970 2975 3045 3085 2875] [2840 2390 2090 1955 2230 2320 2125 1800]
[3185 3115 3010 2875 3000 2950 2935 3060] [2675 2265 1960 1740 2060 2185 1985 1865]
[3045 3035 3155 3015 2870 3250 3085 2775] [2650 2015 1855 1860 2000 2150 1940 1885]
[2930 3165 2950 2880 2900 3020 2945 2920] [2535 2095 1840 1805 1945 1885 1930 1765]
[3010 2950 2935 2975 3010 3240 3250 2750] [2535 2015 1840 1810 1840 1685 1690 1725]
COM3 1 44
3
[3135 2660 2915 2930 2860 2845 2955 2870] [3235 2670 2215 2010 2445 2650 2490 2260]
[2880 2735 2975 2845 2925 2970 2845 2920] [2955 2665 2250 2075 2240 2550 2415 2020]
[2795 2865 3010 2870 2970 3000 2960 2990] [2925 2480 2105 2060 2335 2510 2370 1980]
[2940 3005 3020 2970 2975 3045 3085 2875] [2980 2410 2020 1980 2225 2275 2115 1920]
[3185 3115 3010 2875 3000 2950 2935 3060] [2730 2485 2100 1835 2150 2210 2105 1845]
[3045 3035 3155 3015 2870 3250 3085 2775] [2445 2140 1840 2060 2145 2180 1955 1885]
[2930 3165 2950 2880 2900 3020 2945 2920] [2670 2370 1915 1815 2055 2075 1985 1785]
[3010 2950 2935 2975 3010 3240 3250 2750] [2675 2055 1875 1930 1840 1885 1815 1880]
COM7 0 45
3
[2640 2915 2770 2850 3160 2915 2860 3175] [3235 2670 2215 2010 2445 2650 2490 2260]
[2960 3060 2915 3020 2930 2995 3035 3045] [2955 2665 2250 2075 2240 2550 2415 2020]
[2935 2890 2985 2980 2940 3005 2980 2905] [2925 2480 2105 2060 2335 2510 2370 1980]
[3095 3005 3070 2910 3130 2950 3030 2920] [2980 2410 2020 1980 2225 2275 2115 1920]
[3010 3320 3250 2995 3130 3135 3290 2990] [2730 2485 2100 1835 2150 2210 2105 1845]
[3050 3090 3260 3095 3040 2965 3175 3020] [2445 2140 1840 2060 2145 2180 1955 1885]
[3160 3320 2990 3035 3130 2965 2985 2845] [2670 2370 1915 1815 2055 2075 1985 1785]
[3140 2885 3300 3385 3005 3095 3285 2920] [2675 2055 1875 1930 1840 1885 1815 1880]
COM3 1 46
3
[2640 2915 2770 2850 3160 2915 2860 3175] [2675 2385 2005 1805 2260 2390 2275 2100]
[2960 3060 2915 3020 2930 2995 3035 3045] [2635 2390 2035 1850 2110 2505 2210 1805]
[2935 2890 2985 2980 2940 3005 2980 2905] [2595 2320 1945 1880 2295 2225 2185 1855]
[3095 3005 3070 2910 3130 2950 3030 2920] [2680 2145 1855 1750 2105 2230 2065 1710]
[3010 3320 3250 2995 3130 3135 3290 2990] [2610 2160 1800 1555 2035 2025 1935 1755]
[3050 3090 3260 3095 3040 2965 3175 3020] [2365 2025 1775 1785 1945 1855 1830 1785]
[3160 3320 2990 3035 3130 2965 2985 2845] [2520 2025 1775 1695 1750 1745 1730 1725]
[3140 2885 3300 3385 3005 3095 3285 2920] [2235 1885 1760 1645 1690 1630 1610 1680]
COM7 0 47
3
[2900 2890 2695 2875 2940 2855 3005 2960] [2675 2385 2005 1805 2260 2390 2275 2100]
[3050 2870 2740 2880 2830 2890 2860 2670] [2635 2390 2035 1850 2110 2505 2210 1805]
[2810 2715 2890 2720 2770 2855 2845 2875] [2595 2320 1945 1880 2295 2225 2185 1855]
[2785 2770 2980 2955 3045 3135 2975 2935] [2680 2145 1855 1750 2105 2230 2065 1710]
[2975 2840 2925 2860 2975 2840 2800 2930] [2610 2160 1800 1555 2035 2025 1935 1755]
[2975 2980 3000 3085 2885 2890 3000 2895] [2365 2025 1775 1785 1945 1855 1830 1785]
[2995 2920 2840 3075 2890 2835 2620 3000] [2520 2025 1775 1695 1750 1745 1730 1725]
[3005 2955 2860 2835 3010 3010 3085 2770] [2235 1885 1760 1645 1690 1630 1610 1680]
COM3 1 48
3
[2900 2890 2695 2875 2940 2855 3005 2960] [2740 2190 1980 1900 2170 2355 2330 1975]
[3050 2870 2740 2880 2830 2890 2860 2670] [2470 2230 1840 1830 1960 2385 2210 1780]
[2810 2715 2890 2720 2770 2855 2845 2875] [2655 2215 1815 1805 2125 2295 2185 1855]
[2785 2770 2980 2955 3045 3135 2975 2935] [2450 2200 1885 1805 2070 2100 1985 1700]
[2975 2840 2925 2860 2975 2840 2800 2930] [2435 2190 1760 1575 1950 2075 1915 1785]
[2975 2980 3000 3085 2885 2890 3000 2895] [2510 1795 1780 1810 1995 1835 1830 1730]
[2995 2920 2840 3075 2890 2835 2620 3000] [2330 2030 1785 1665 1820 1850 1800 1705]
[3005 2955 2860 2835 3010 3010 3085 2770] [2315 1940 1635 1745 1790 1700 1685 1640]
COM7 0 49
3
[2800 2850 3035 2660 2795 2840 2965 2700] [2740 2190 1980 1900 2170 2355 2330 1975]
[2875 3285 2865 2985 2870 2900 2905 2955] [2470 2230 1840 1830 1960 2385 2210 1780]
[2895 3095 2985 2900 2930 2965 2975 2935] [2655 2215 1815 1805 2125 2295 2185 1855]
[2980 2765 3035 2985 3095 2955 2885 3000] [2450 2200 1885 1805 2070 2100 1985 1700]
[2885 3005 2990 2860 2905 2910 2845 2980] [2435 2190 1760 1575 1950 2075 1915 1785]
[2870 3065 3000 2955 2850 3195 2990 3320] [2510 1795 1780 1810 1995 1835 1830 1730]
[2960 3140 2975 3340 2940 3020 3050 2655] [2330 2030 1785 1665 1820 1850 1800 1705]
[3105 2950 2960 3025 2895 3180 3175 2875] [2315 1940 1635 1745 1790 1700 1685 1640]
COM3 1 50
3
[2800 2850 3035 2660 2795 2840 2965 2700] [2980 2430 2235 2050 2245 2465 2405 2200]
[2875 3285 2865 2985 2870 2900 2905 2955] [2765 2480 2105 2005 2195 2490 2380 1920]
[2895 3095 2985 2900 2930 2965 2975 2935] [2790 2560 2085 1950 2360 2475 2275 1955]
[2980 2765 3035 2985 3095 2955 2885 3000] [2760 2390 1935 1880 2200 2270 2165 1710]
[2885 3005 2990 2860 2905 2910 2845 2980] [2525 2165 2035 1800 2045 2130 2120 1890]
[2870 3065 3000 2955 2850 3195 2990 3320] [2505 2100 1805 1735 2035 2120 1985 1915]
[2960 3140 2975 3340 2940 3020 3050 2655] [2555 2105 1760 1735 1845 1850 1800 1880]
[3105 2950 2960 3025 2895 3180 3175 2875] [2465 1990 1840 1845 1805 1775 1690 1820]
COM7 0 51
3
[2695 2505 2510 2845 2460 2520 2825 2780] [2980 2430 2235 2050 2245 2465 2405 2200]
[2665 2610 2785 2735 2760 2835 2560 2520] [2765 2480 2105 2005 2195 2490 2380 1920]
[2610 2650 2725 2690 2685 2790 2610 2545] [2790 2560 2085 1950 2360 2475 2275 1955]
[2790 2940 2800 2725 2825 2645 2610 2615] [2760 2390 1935 1880 2200 2270 2165 1710]
[2875 2910 2975 2760 2700 2790 2945 2640] [2525 2165 2035 1800 2045 2130 2120 1890]
[2695 2860 2620 2670 2585 2945 2840 2530] [2505 2100 1805 1735 2035 2120 1985 1915]
[2670 2865 2780 2890 2830 2685 2660 2745] [2555 2105 1760 1735 1845 1850 1800 1880]
[2915 2955 2550 2615 2575 2635 2950 2765] [2465 1990 1840 1845 1805 1775 1690 1820]
COM3 1 52
3
[2695 2505 2510 2845 2460 2520 2825 2780] [2825 2485 2030 2000 2225 2525 2395 2095]
[2665 2610 2785 2735 2760 2835 2560 2520] [2865 2520 2100 1970 2185 2505 2380 2105]
[2610 2650 2725 2690 2685 2790 2610 2545] [2950 2545 2025 1945 2200 2510 2310 1810]
[2790 2940 2800 2725 2825 2645 2610 2615] [2790 2360 1945 1935 2240 2275 2125 1825]
[2875 2910 2975 2760 2700 2790 2945 2640] [2740 2355 1880 1735 2235 2115 2130 1890]
[2695 2860 2620 2670 2585 2945 2840 2530] [2595 2235 1765 1875 1985 2000 1980 1795]
[2670 2865 2780 2890 2830 2685 2660 2745] [2595 2160 1820 1840 2020 1905 1860 1830]
[2915 2955 2550 2615 2575 2635 2950 2765] [2435 2105 1795 1965 1780 1685 1820 1845]
COM7 0 53
3
[3100 2925 2625 2845 2955 2635 2990 3060] [2825 2485 2030 2000 2225 2525 2395 2095]
[3020 3000 3010 3125 3015 3130 3190 3030] [2865 2520 2100 1970 2185 2505 2380 2105]
[2965 2900 3045 2970 3200 3000 3050 3075] [2950 2545 2025 1945 2200 2510 2310 1810]
[3030 3095 3080 2975 3105 3120 2935 3100] [2790 2360 1945 1935 2240 2275 2125 1825]
[3200 3010 3195 3165 3210 3120 3225 3020] [2740 2355 1880 1735 2235 2115 2130 1890]
[3235 3010 3145 3355 3075 3085 3235 3125] [2595 2235 1765 1875 1985 2000 1980 1795]
[3180 3100 3140 3260 3040 2965 3045 3060] [2595 2160 1820 1840 2020 1905 1860 1830]
[3505 3515 3300 3005 3240 3090 3450 3075] [2435 2105 1795 1965 1780 1685 1820 1845]
COM3 1 54
3
[3100 2925 2625 2845 2955 2635 2990 3060] [2980 2515 2215 1995 2360 2470 2375 2115]
[3020 3000 3010 3125 3015 3130 3190 3030] [2865 2515 1965 1835 2135 2530 2280 1885]
[2965 2900 3045 2970 3200 3000 3050 3075] [2735 2390 2135 1855 2245 2415 2180 1820]
[3030 3095 3080 2975 3105 3120 2935 3100] [2760 2290 1845 1820 2125 2150 2125 1820]
[3200 3010 3195 3165 3210 3120 3225 3020] [2625 2225 1890 1675 2060 2225 1980 1755]
[3235 3010 3145 3355 3075 3085 3235 3125] [2600 2110 1785 1850 2020 2020 1975 1685]
[3180 3100 3140 3260 3040 2965 3045 3060] [2505 2110 1700 1685 1885 1840 1740 1715]
[3505 3515 3300 3005 3240 3090 3450 3075] [2460 1975 1590 1755 1670 1655 1755 1550]
COM7 0 55
3
[2645 2545 2640 2875 2650 2865 2670 2615] [2980 2515 2215 1995 2360 2470 2375 2115]
[2800 3000 2795 2640 2775 2840 2585 2770] [2865 2515 1965 1835 2135 2530 2280 1885]
[2630 2820 2685 2865 2875 2715 2835 2630] [2735 2390 2135 1855 2245 2415 2180 1820]
[2995 2895 2910 2740 2840 2885 2690 2815] [2760 2290 1845 1820 2125 2150 2125 1820]
[2885 2955 2945 2900 2970 2645 2945 2795] [2625 2225 1890 1675 2060 2225 1980 1755]
[3000 2845 2720 2810 2790 2815 2905 2785] [2600 2110 1785 1850 2020 2020 1975 1685]
[3045 2865 2660 2865 2685 2810 2620 2690] [2505 2110 1700 1685 1885 1840 1740 1715]
[2870 2820 2990 2915 2985 2620 2920 2750] [2460 1975 1590 1755 1670 1655 1755 1550]
COM3 1 56
3
[2645 2545 2640 2875 2650 2865 2670 2615] [3330 2670 2230 2010 2300 2470 2525 2205]
[2800 3000 2795 2640 2775 2840 2585 2770] [3220 2680 2125 1950 2135 2600 2440 2075]
[2630 2820 2685 2865 2875 2715 2835 2630] [3070 2530 2050 1925 2385 2455 2350 1915]
[2995 2895 2910 2740 2840 2885 2690 2815] [2950 2485 1965 1985 2230 2375 2195 1775]
[2885 2955 2945 2900 2970 2645 2945 2795] [2685 2225 1855 1840 2000 2245 2130 1845]
[3000 2845 2720 2810 2790 2815 2905 2785] [2575 2225 1905 1830 1985 2080 1905 1920]
[3045 2865 2660 2865 2685 2810 2620 2690] [2590 2150 1915 1840 2020 1955 1885 1725]
[2870 2820 2990 2915 2985 2620 2920 2750] [2690 2195 1750 1730 1790 1685 1660 1755]
COM7 0 57
3
[2870 2740 2680 2720 2780 2935 2920 2625] [3330 2670 2230 2010 2300 2470 2525 2205]
[3070 2925 2825 3000 2825 2765 2650 2960] [3220 2680 2125 1950 2135 2600 2440 2075]
[2745 2980 2890 2755 2895 2875 2710 2845] [3070 2530 2050 1925 2385 2455 2350 1915]
[2915 3145 2765 2970 2995 2905 2890 2895] [2950 2485 1965 1985 2230 2375 2195 1775]
[3005 2880 2975 2955 3025 2735 3045 3070] [2685 2225 1855 1840 2000 2245 2130 1845]
[2710 3085 2995 2975 2895 2995 3095 2810] [2575 2225 1905 1830 1985 2080 1905 1920]
[2850 2880 2865 2915 2760 3110 2880 2895] [2590 2150 1915 1840 2020 1955 1885 1725]
[3130 2835 3010 3025 3080 3000 3040 2760] [2690 2195 1750 1730 1790 1685 1660 1755]
COM3 1 58
3
[2870 2740 2680 2720 2780 2935 2920 2625] [3070 2610 2280 1995 2330 2595 2435 2200]
[3070 2925 2825 3000 2825 2765 2650 2960] [2965 2525 2200 1970 2210 2490 2455 1960]
[2745 2980 2890 2755 2895 2875 2710 2845] [2785 2295 2110 1895 2280 2340 2335 1905]
[2915 3145 2765 2970 2995 2905 2890 2895] [2780 2335 1995 1795 2080 2305 2145 1750]
[3005 2880 2975 2955 3025 2735 3045 3070] [2575 2235 1885 1705 2060 2190 2025 1830]
[2710 3085 2995 2975 2895 2995 3095 2810] [2540 2265 1760 1835 2020 1980 2025 1865]
[2850 2880 2865 2915 2760 3110 2880 2895] [2745 2310 1935 1880 1955 2020 1845 1805]
[3130 2835 3010 3025 3080 3000 3040 2760] [2465 1925 1665 1850 1770 1765 1805 1605]
COM7 0 59
3
[2700 2600 2570 2785 2705 2825 2870 3055] [3070 2610 2280 1995 2330 2595 2435 2200]
[2910 2970 2890 2835 2790 2865 2960 3035] [2965 2525 2200 1970 2210 2490 2455 1960]
[2790 3005 2675 2795 2715 2915 2820 2895] [2785 2295 2110 1895 2280 2340 2335 1905]
[2830 3000 2870 2830 3040 2850 2865 3025] [2780 2335 1995 1795 2080 2305 2145 1750]
[3110 2830 3035 2935 2995 2765 2750 3000] [2575 2235 1885 1705 2060 2190 2025 1830]
[2755 2925 2905 2820 3050 3075 2685 2900] [2540 2265 1760 1835 2020 1980 2025 1865]
[2805 2915 2705 3060 2865 3015 2780 2590] [2745 2310 1935 1880 1955 2020 1845 1805]
[3310 3090 2740 3020 3070 2660 2955 2870] [2465 1925 1665 1850 1770 1765 1805 1605]
COM3 1 60
3
[2700 2600 2570 2785 2705 2825 2870 3055] [3230 2755 2250 2045 2380 2500 2500 2115]
[2910 2970 2890 2835 2790 2865 2960 3035] [3165 2435 2285 1990 2165 2570 2510 1955]
[2790 3005 2675 2795 2715 2915 2820 2895] [3115 2490 2075 1955 2345 2375 2345 1935]
[2830 3000 2870 2830 3040 2850 2865 3025] [2860 2360 1955 1945 2175 2335 2100 1795]
[3110 2830 3035 2935 2995 2765 2750 3000] [2690 2320 1935 1735 2075 2220 2060 1915]
[2755 2925 2905 2820 3050 3075 2685 2900] [2420 2060 1890 1860 2055 2000 1945 1825]
[2805 2915 2705 3060 2865 3015 2780 2590] [2695 2330 1940 1770 1965 1975 1935 1800]
[3310 3090 2740 3020 3070 2660 2955 2870] [2815 2105 1835 1805 1880 1570 1720 1725]
COM7 0 61
3
[2615 2500 3035 2665 2695 2775 2980 2620] [3230 2755 2250 2045 2380 2500 2500 2115]
[2735 3055 3085 2995 2900 3085 2915 2865] [3165 2435 2285 1990 2165 2570 2510 1955]
[2850 3065 2865 2825 2885 2910 2785 2865] [3115 2490 2075 1955 2345 2375 2345 1935]
[2890 2950 3145 2830 2975 3035 2955 2875] [2860 2360 1955 1945 2175 2335 2100 1795]
[2825 2905 2965 2925 3075 2840 3040 3080] [2690 2320 1935 1735 2075 2220 2060 1915]
[3040 2980 3010 2945 2975 2910 3020 2810] [2420 2060 1890 1860 2055 2000 1945 1825]
[3160 3050 2950 3145 2975 2940 2865 2975] [2695 2330 1940 1770 1965 1975 1935 1800]
[2880 2845 2935 2980 2940 2895 3010 2955] [2815 2105 1835 1805 1880 1570 1720 1725]
COM3 1 62
3
[2615 2500 3035 2665 2695 2775 2980 2620] [3240 2915 2385 2125 2450 2565 2555 2365]
[2735 3055 3085 2995 2900 3085 2915 2865] [3265 2735 2265 2140 2320 2660 2405 2180]
[2850 3065 2865 2825 2885 2910 2785 2865] [3095 2670 2315 2160 2465 2660 2460 2115]
[2890 2950 3145 2830 2975 3035 2955 2875] [3095 2495 2205 2140 2305 2300 2255 1885]
[2825 2905 2965 2925 3075 2840 3040 3080] [3085 2570 2180 1920 2245 2320 2290 2050]
[3040 2980 3010 2945 2975 2910 3020 2810] [2825 2435 2045 2105 2285 2230 2110 1955]
[3160 3050 2950 3145 2975 2940 2865 2975] [2745 2365 2070 1965 2090 2235 1940 1880]
[2880 2845 2935 2980 2940 2895 3010 2955] [2690 2335 2005 2025 1925 2015 1955 1985]
COM7 0 63
3
[2720 2825 3005 2910 2975 3025 3225 2825] [3240 2915 2385 2125 2450 2565 2555 2365]
[3020 3055 2955 3025 2975 3005 3130 3105] [3265 2735 2265 2140 2320 2660 2405 2180]
[3050 2990 3025 2985 3115 3125 3070 3010] [3095 2670 2315 2160 2465 2660 2460 2115]
[2995 3015 3230 3115 3045 3025 3015 3025] [3095 2495 2205 2140 2305 2300 2255 1885]
[3235 3100 3075 3100 3140 3080 3365 3310] [3085 2570 2180 1920 2245 2320 2290 2050]
[2990 3145 3155 3015 3090 3135 3150 3145] [2825 2435 2045 2105 2285 2230 2110 1955]
[2970 3085 3015 3265 3210 3260 2840 2935] [2745 2365 2070 1965 2090 2235 1940 1880]
[3180 3260 3230 3020 3190 3070 3075 3125] [2690 2335 2005 2025 1925 2015 1955 1985]
COM3 1 64
3
[2720 2825 3005 2910 2975 3025 3225 2825] [2980 2720 2370 2050 2435 2545 2600 2205]
[3020 3055 2955 3025 2975 3005 3130 3105] [3080 2610 2245 1985 2225 2545 2430 2030]
[3050 2990 3025 2985 3115 3125 3070 3010] [2970 2525 2085 1970 2380 2545 2340 1900]
[2995 3015 3230 3115 3045 3025 3015 3025] [2880 2225 2110 1965 2165 2335 2200 1850]
[3235 3100 3075 3100 3140 3080 3365 3310] [2755 2415 2025 1755 2075 2205 2185 1935]
[2990 3145 3155 3015 3090 3135 3150 3145] [2640 2140 1945 1975 2025 2130 2025 1875]
[2970 3085 3015 3265 3210 3260 2840 2935] [2710 2325 1965 1790 1995 1975 1900 1920]
[3180 3260 3230 3020 3190 3070 3075 3125] [2880 2005 1860 1900 1700 1820 1735 1680]
COM7 0 65
3
[3085 2505 2795 2940 2780 2755 2705 2930] [2980 2720 2370 2050 2435 2545 2600 2205]
[2830 2790 2905 2910 2775 2765 2840 2895] [3080 2610 2245 1985 2225 2545 2430 2030]
[2785 2750 2935 2730 2870 2965 2745 2805] [2970 2525 2085 1970 2380 2545 2340 1900]
[2930 2835 3060 2970 2945 2865 2905 2795] [2880 2225 2110 1965 2165 2335 2200 1850]
[2970 2790 2825 2855 3060 2855 2940 2770] [2755 2415 2025 1755 2075 2205 2185 1935]
[2875 3170 3010 3115 2965 2850 3015 2710] [2640 2140 1945 1975 2025 2130 2025 1875]
[3215 2880 2725 3110 2900 3005 2905 2790] [2710 2325 1965 1790 1995 1975 1900 1920]
[3010 2950 3010 2915 2715 2990 2985 2965] [2880 2005 1860 1900 1700 1820 1735 1680]