COM7 0 6
3
[2850 2720 2755 2815 2970 2895 2945 2950] [2960 2640 2160 2090 2225 2150 2140 2055]
[2945 3065 2995 2995 3010 2860 2970 3165] [2955 2555 2235 1980 2040 2250 2165 1955]
[3010 2990 2990 2925 3070 2970 3005 2970] [2865 2505 2165 2005 2170 2120 2090 1925]
[2940 2975 3020 2905 3005 3085 2995 2880] [2940 2355 2055 1995 2005 2080 1990 1930]
[3145 2960 3240 3025 3100 2960 3150 3055] [2775 2445 2025 1765 1900 1935 1935 2035]
[2960 2940 3200 3165 2910 3215 3245 3055] [2745 2370 1960 1900 1865 1900 1905 1865]
[3095 2945 3050 3035 3160 3180 2880 3210] [2760 2245 1995 1720 1875 1760 1805 1990]
[3040 3160 3190 3160 3010 3205 3100 3055] [2775 2205 1865 1745 1705 1645 1815 1870]
COM3 1 7
3
[2850 2720 2755 2815 2970 2895 2945 2950] [3165 2865 2380 2105 2250 2280 2170 2190]
[2945 3065 2995 2995 3010 2860 2970 3165] [3105 2715 2310 2020 2160 2330 2200 2035]
[3010 2990 2990 2925 3070 2970 3005 2970] [3240 2720 2255 2090 2280 2205 2120 2075]
[2940 2975 3020 2905 3005 3085 2995 2880] [3160 2635 2265 2010 2030 2165 2025 1915]
[3145 2960 3240 3025 3100 2960 3150 3055] [3095 2490 2120 1820 2050 2005 1995 2010]
[2960 2940 3200 3165 2910 3215 3245 3055] [2755 2400 2000 2025 1905 1945 1985 1905]
[3095 2945 3050 3035 3160 3180 2880 3210] [2905 2325 2035 1815 1845 1850 1885 1940]
[3040 3160 3190 3160 3010 3205 3100 3055] [2775 2270 1970 1905 1815 1760 1845 1980]
COM7 0 8
3
[2750 2880 2640 2595 2955 2790 2965 3035] [3165 2865 2380 2105 2250 2280 2170 2190]
[2900 2785 2845 2815 2910 2900 2865 2735] [3105 2715 2310 2020 2160 2330 2200 2035]
[2970 3025 2695 2835 2850 2975 2925 2995] [3240 2720 2255 2090 2280 2205 2120 2075]
[2890 2810 2925 2845 2835 2960 2855 2980] [3160 2635 2265 2010 2030 2165 2025 1915]
[2935 2845 3010 2855 2875 2850 2925 3055] [3095 2490 2120 1820 2050 2005 1995 2010]
[2910 2810 3095 2910 2960 3045 2975 2815] [2755 2400 2000 2025 1905 1945 1985 1905]
[2885 2900 2930 3000 2925 3020 2745 2905] [2905 2325 2035 1815 1845 1850 1885 1940]
[3025 2825 2950 2750 3150 2985 2895 3055] [2775 2270 1970 1905 1815 1760 1845 1980]
COM3 1 9
3
[2750 2880 2640 2595 2955 2790 2965 3035] [3235 2880 2420 2140 2320 2245 2260 2115]
[2900 2785 2845 2815 2910 2900 2865 2735] [3045 2790 2335 2145 2145 2320 2170 2020]
[2970 3025 2695 2835 2850 2975 2925 2995] [3045 2640 2260 2030 2290 2220 2140 2015]
[2890 2810 2925 2845 2835 2960 2855 2980] [3255 2565 2210 1980 2150 2045 2040 1935]
[2935 2845 3010 2855 2875 2850 2925 3055] [3185 2470 2185 1765 2055 2005 2045 1980]
[2910 2810 3095 2910 2960 3045 2975 2815] [2925 2415 2005 1895 1905 1960 2005 1875]
[2885 2900 2930 3000 2925 3020 2745 2905] [2900 2460 2010 1845 1900 1820 1900 1905]
[3025 2825 2950 2750 3150 2985 2895 3055] [2980 2250 1970 1850 1765 1705 1820 1875]
COM7 0 10
3
[2835 2745 2965 2675 2885 2810 3035 2765] [3235 2880 2420 2140 2320 2245 2260 2115]
[2860 2905 2920 2805 2810 3000 2935 2865] [3045 2790 2335 2145 2145 2320 2170 2020]
[2930 2890 2835 2945 2885 3060 2920 2970] [3045 2640 2260 2030 2290 2220 2140 2015]
[3040 2900 3075 2920 2965 2925 2940 2955] [3255 2565 2210 1980 2150 2045 2040 1935]
[3065 2950 3080 3045 3115 3030 3160 3085] [3185 2470 2185 1765 2055 2005 2045 1980]
[2740 2925 3135 3025 2905 3095 3000 3075] [2925 2415 2005 1895 1905 1960 2005 1875]
[3050 3030 3005 3225 2955 3020 3025 2940] [2900 2460 2010 1845 1900 1820 1900 1905]
[3045 3145 3060 2990 3050 2975 3150 2875] [2980 2250 1970 1850 1765 1705 1820 1875]
COM3 1 11
3
[2835 2745 2965 2675 2885 2810 3035 2765] [3160 2830 2400 2175 2235 2270 2085 2110]
[2860 2905 2920 2805 2810 3000 2935 2865] [3085 2750 2335 2025 2155 2285 2135 1960]
[2930 2890 2835 2945 2885 3060 2920 2970] [3035 2680 2235 1990 2230 2080 2115 1940]
[3040 2900 3075 2920 2965 2925 2940 2955] [3040 2545 2155 1885 2045 2080 2035 1905]
[3065 2950 3080 3045 3115 3030 3160 3085] [3125 2570 2025 1820 2000 1985 1925 2010]
[2740 2925 3135 3025 2905 3095 3000 3075] [2920 2315 1955 1880 1940 1965 1975 1945]
[3050 3030 3005 3225 2955 3020 3025 2940] [2730 2390 1975 1685 1860 1820 1870 1935]
[3045 3145 3060 2990 3050 2975 3150 2875] [2850 2365 2005 1830 1690 1715 1875 1870]
COM7 0 12
3
[2665 2705 2670 2825 2765 2910 2755 2745] [3160 2830 2400 2175 2235 2270 2085 2110]
[2765 2960 2655 2770 3030 2935 2910 2855] [3085 2750 2335 2025 2155 2285 2135 1960]
[2870 3060 2955 2930 2950 2925 2870 3030] [3035 2680 2235 1990 2230 2080 2115 1940]
[3000 2890 2910 2910 3005 2870 3040 2985] [3040 2545 2155 1885 2045 2080 2035 1905]
[3020 2935 3045 3005 2970 2845 3085 2965] [3125 2570 2025 1820 2000 1985 1925 2010]
[3115 2990 2775 3015 3000 3155 3180 2860] [2920 2315 1955 1880 1940 1965 1975 1945]
[2905 2960 3115 3060 2845 2790 2795 3045] [2730 2390 1975 1685 1860 1820 1870 1935]
[3140 2935 3010 2990 2790 3040 3215 2885] [2850 2365 2005 1830 1690 1715 1875 1870]
COM3 1 13
3
[2665 2705 2670 2825 2765 2910 2755 2745] [3230 2835 2420 2165 2230 2225 2140 2075]
[2765 2960 2655 2770 3030 2935 2910 2855] [3225 2725 2410 2050 2175 2330 2170 2000]
[2870 3060 2955 2930 2950 2925 2870 3030] [3230 2720 2245 2010 2265 2125 2165 2045]
[3000 2890 2910 2910 3005 2870 3040 2985] [3265 2635 2245 2045 2105 2090 2050 1965]
[3020 2935 3045 3005 2970 2845 3085 2965] [3090 2530 2115 1755 2010 2000 2045 2020]
[3115 2990 2775 3015 3000 3155 3180 2860] [2790 2335 2005 1970 1890 1985 1965 2085]
[2905 2960 3115 3060 2845 2790 2795 3045] [2900 2425 1945 1780 1825 1805 1900 1990]
[3140 2935 3010 2990 2790 3040 3215 2885] [2825 2340 1990 1905 1840 1775 1815 1875]
COM7 0 14
3
[2780 2670 2555 2785 2775 2690 2685 2525] [3230 2835 2420 2165 2230 2225 2140 2075]
[2765 2955 3050 2820 2785 2685 2805 2585] [3225 2725 2410 2050 2175 2330 2170 2000]
[2760 2945 2960 2685 2780 2850 2900 2905] [3230 2720 2245 2010 2265 2125 2165 2045]
[2700 2815 3015 3010 2960 2995 2705 2920] [3265 2635 2245 2045 2105 2090 2050 1965]
[2995 2900 2940 2965 2995 2830 3030 3010] [3090 2530 2115 1755 2010 2000 2045 2020]
[2735 2805 2995 2990 2705 2945 3055 2720] [2790 2335 2005 1970 1890 1985 1965 2085]
[2750 3070 2915 2945 2850 2860 2820 2835] [2900 2425 1945 1780 1825 1805 1900 1990]
[3110 2875 2770 2945 2870 2845 2710 2800] [2825 2340 1990 1905 1840 1775 1815 1875]
COM3 1 15
3
[2780 2670 2555 2785 2775 2690 2685 2525] [2785 2690 2285 1995 2155 2115 2075 2170]
[2765 2955 3050 2820 2785 2685 2805 2585] [2765 2635 2120 1930 2070 2215 2040 1845]
[2760 2945 2960 2685 2780 2850 2900 2905] [2845 2535 2060 1955 2180 2025 1950 2025]
[2700 2815 3015 3010 2960 2995 2705 2920] [2930 2435 2110 1835 1900 2040 1935 1940]
[2995 2900 2940 2965 2995 2830 3030 3010] [2835 2445 1925 1755 1855 1845 1935 1920]
[2735 2805 2995 2990 2705 2945 3055 2720] [2765 2300 1935 1850 1865 1850 1870 1925]
[2750 3070 2915 2945 2850 2860 2820 2835] [2685 2185 1845 1590 1670 1775 1800 1905]
[3110 2875 2770 2945 2870 2845 2710 2800] [2630 2285 1800 1645 1700 1645 1780 1825]
COM7 0 16
3
[2835 2905 2950 2915 2885 2650 2990 3130] [2785 2690 2285 1995 2155 2115 2075 2170]
[3050 3065 2925 2965 2950 2985 2910 2860] [2765 2635 2120 1930 2070 2215 2040 1845]
[2825 2905 3000 2850 2990 2965 2980 3005] [2845 2535 2060 1955 2180 2025 1950 2025]
[2810 2915 3085 3030 3080 2970 3000 3135] [2930 2435 2110 1835 1900 2040 1935 1940]
[3230 2975 3000 2910 3025 3115 3135 3165] [2835 2445 1925 1755 1855 1845 1935 1920]
[2895 2995 3115 2990 2915 3040 3100 3020] [2765 2300 1935 1850 1865 1850 1870 1925]
[3095 2995 3145 3140 2955 3120 2970 2920] [2685 2185 1845 1590 1670 1775 1800 1905]
[3170 2985 3040 3100 2965 3230 3190 2930] [2630 2285 1800 1645 1700 1645 1780 1825]
COM3 1 17
3
[2835 2905 2950 2915 2885 2650 2990 3130] [3120 2690 2310 2075 2220 2180 2060 2100]
[3050 3065 2925 2965 2950 2985 2910 2860] [2935 2525 2245 1940 2185 2275 2110 2005]
[2825 2905 3000 2850 2990 2965 2980 3005] [2940 2585 2105 1940 2260 2145 2010 1960]
[2810 2915 3085 3030 3080 2970 3000 3135] [3020 2450 2155 1905 2050 2065 1985 1905]
[3230 2975 3000 2910 3025 3115 3135 3165] [2670 2445 1985 1770 1940 1995 1920 1950]
[2895 2995 3115 2990 2915 3040 3100 3020] [2605 2215 1925 1945 1865 1905 1955 1885]
[3095 2995 3145 3140 2955 3120 2970 2920] [2665 2230 1880 1800 1785 1795 1835 1980]
[3170 2985 3040 3100 2965 3230 3190 2930] [2710 2350 1930 1870 1690 1710 1745 1875]
COM7 0 18
3
[3000 2770 2795 2895 2900 2915 3145 3080] [3120 2690 2310 2075 2220 2180 2060 2100]
[2935 3105 2960 2880 2840 3015 3005 2785] [2935 2525 2245 1940 2185 2275 2110 2005]
[2785 3105 3030 3020 2895 2930 3010 2910] [2940 2585 2105 1940 2260 2145 2010 1960]
[3020 3025 3055 2875 3040 2995 3035 2870] [3020 2450 2155 1905 2050 2065 1985 1905]
[3115 3020 3110 3060 3040 2970 3170 2925] [2670 2445 1985 1770 1940 1995 1920 1950]
[2835 2955 3125 3110 2995 2915 3245 2850] [2605 2215 1925 1945 1865 1905 1955 1885]
[3110 3160 2835 3135 2925 3120 3005 3045] [2665 2230 1880 1800 1785 1795 1835 1980]
[3205 3120 3125 3030 3150 3175 3240 3070] [2710 2350 1930 1870 1690 1710 1745 1875]
COM3 1 19
3
[3000 2770 2795 2895 2900 2915 3145 3080] [3080 2880 2340 2110 2185 2210 2080 2185]
[2935 3105 2960 2880 2840 3015 3005 2785] [2915 2740 2280 2055 2080 2265 2070 1995]
[2785 3105 3030 3020 2895 2930 3010 2910] [3025 2605 2295 2065 2225 2060 2035 2015]
[3020 3025 3055 2875 3040 2995 3035 2870] [3170 2615 2165 1955 2025 2100 1985 1930]
[3115 3020 3110 3060 3040 2970 3170 2925] [2930 2570 2025 1770 1990 1975 1995 2045]
[2835 2955 3125 3110 2995 2915 3245 2850] [2725 2385 2015 1875 1885 1905 1940 2025]
[3110 3160 2835 3135 2925 3120 3005 3045] [2765 2320 1955 1765 1820 1785 1855 1965]
[3205 3120 3125 3030 3150 3175 3240 3070] [2580 2310 1915 1825 1715 1760 1740 1820]
COM7 0 20
3
[2750 2615 2645 2845 2790 2935 3135 2700] [3080 2880 2340 2110 2185 2210 2080 2185]
[2960 2835 2845 2880 2935 3005 2980 2855] [2915 2740 2280 2055 2080 2265 2070 1995]
[2780 2990 2925 2920 2860 2885 2915 3005] [3025 2605 2295 2065 2225 2060 2035 2015]
[2925 2975 3000 2945 3025 2930 2855 2895] [3170 2615 2165 1955 2025 2100 1985 1930]
[3135 2925 2860 2910 2970 2845 3120 2960] [2930 2570 2025 1770 1990 1975 1995 2045]
[3030 2885 3125 2850 2990 3120 3025 2890] [2725 2385 2015 1875 1885 1905 1940 2025]
[2850 3115 3130 2910 2985 3185 3060 2950] [2765 2320 1955 1765 1820 1785 1855 1965]
[3165 3085 2970 3050 2960 2920 3095 2885] [2580 2310 1915 1825 1715 1760 1740 1820]
COM3 1 21
3
[2750 2615 2645 2845 2790 2935 3135 2700] [3140 2760 2415 2140 2320 2190 2175 2165]
[2960 2835 2845 2880 2935 3005 2980 2855] [3065 2645 2300 2030 2175 2250 2080 1925]
[2780 2990 2925 2920 2860 2885 2915 3005] [3130 2595 2235 2060 2245 2100 2085 1965]
[2925 2975 3000 2945 3025 2930 2855 2895] [3040 2385 2135 2010 2145 2065 2045 2035]
[3135 2925 2860 2910 2970 2845 3120 2960] [3075 2475 2095 1840 1990 2010 1995 2060]
[3030 2885 3125 2850 2990 3120 3025 2890] [2660 2400 1915 2040 2000 1965 2000 2035]
[2850 3115 3130 2910 2985 3185 3060 2950] [2740 2365 1965 1800 1860 1925 1835 2050]
[3165 3085 2970 3050 2960 2920 3095 2885] [2780 2395 1980 1985 1755 1770 1860 1895]
COM7 0 22
3
[2530 2640 2900 2715 2935 2775 3020 2875] [3140 2760 2415 2140 2320 2190 2175 2165]
[2880 2935 2755 2900 2830 2860 2715 2750] [3065 2645 2300 2030 2175 2250 2080 1925]
[2825 2705 2850 2835 2825 2825 2840 2845] [3130 2595 2235 2060 2245 2100 2085 1965]
[2960 2975 3080 2810 2970 2925 3035 2755] [3040 2385 2135 2010 2145 2065 2045 2035]
[3160 2850 2920 2825 3075 2740 2925 3045] [3075 2475 2095 1840 1990 2010 1995 2060]
[2740 2820 3000 2935 2855 2990 3010 2945] [2660 2400 1915 2040 2000 1965 2000 2035]
[2905 2845 2960 2960 2840 2940 2880 2745] [2740 2365 1965 1800 1860 1925 1835 2050]
[3015 2845 2975 2835 2700 2945 2855 2930] [2780 2395 1980 1985 1755 1770 1860 1895]
COM3 1 23
3
[2530 2640 2900 2715 2935 2775 3020 2875] [2980 2595 2275 2070 2170 2125 2060 2055]
[2880 2935 2755 2900 2830 2860 2715 2750] [2890 2580 2170 1950 2015 2215 2035 1950]
[2825 2705 2850 2835 2825 2825 2840 2845] [2930 2495 2095 1960 2205 2045 1975 1915]
[2960 2975 3080 2810 2970 2925 3035 2755] [2815 2295 2055 1870 1915 2045 1970 1970]
[3160 2850 2920 2825 3075 2740 2925 3045] [2680 2315 1940 1730 1950 1920 1955 1980]
[2740 2820 3000 2935 2855 2990 3010 2945] [2440 2275 1850 1920 1890 1865 1940 1945]
[2905 2845 2960 2960 2840 2940 2880 2745] [2680 2300 1860 1675 1680 1800 1780 2025]
[3015 2845 2975 2835 2700 2945 2855 2930] [2450 2090 1825 1760 1700 1670 1740 1845]
COM7 0 24
3
[2870 2765 2710 2935 2890 2915 3035 3145] [2980 2595 2275 2070 2170 2125 2060 2055]
[2945 2985 2770 2880 2980 3010 2870 2825] [2890 2580 2170 1950 2015 2215 2035 1950]
[2770 3025 2970 2845 2970 3090 2905 2935] [2930 2495 2095 1960 2205 2045 1975 1915]
[3005 3030 3075 2950 2890 2745 2990 2955] [2815 2295 2055 1870 1915 2045 1970 1970]
[3270 2885 3130 3065 3155 2870 2975 3165] [2680 2315 1940 1730 1950 1920 1955 1980]
[2895 2885 3000 3020 3065 3030 3000 2975] [2440 2275 1850 1920 1890 1865 1940 1945]
[2950 2965 3150 2935 2900 3070 2865 2830] [2680 2300 1860 1675 1680 1800 1780 2025]
[3080 3215 2915 3115 2880 3030 2860 3025] [2450 2090 1825 1760 1700 1670 1740 1845]
COM3 1 25
3
[2870 2765 2710 2935 2890 2915 3035 3145] [3115 2895 2330 2135 2325 2195 2105 2240]
[2945 2985 2770 2880 2980 3010 2870 2825] [2985 2720 2275 2145 2185 2300 2105 1945]
[2770 3025 2970 2845 2970 3090 2905 2935] [2980 2630 2245 2025 2145 2165 2065 1975]
[3005 3030 3075 2950 2890 2745 2990 2955] [3115 2350 2175 2000 2125 2105 2025 2025]
[3270 2885 3130 3065 3155 2870 2975 3165] [2900 2405 2035 1765 1985 1985 1955 2050]
[2895 2885 3000 3020 3065 3030 3000 2975] [2725 2330 1940 1835 1940 1925 1925 1855]
[2950 2965 3150 2935 2900 3070 2865 2830] [2695 2345 1885 1805 1820 1855 1825 1985]
[3080 3215 2915 3115 2880 3030 2860 3025] [2725 2350 1880 1800 1730 1675 1795 1900]
COM7 0 26
3
[2905 2970 2675 2830 2790 2845 2930 2955] [3115 2895 2330 2135 2325 2195 2105 2240]
[2905 3090 2905 2805 2870 2980 2865 2935] [2985 2720 2275 2145 2185 2300 2105 1945]
[2965 2980 2915 2935 2810 2875 2955 2900] [2980 2630 2245 2025 2145 2165 2065 1975]
[2875 2940 3090 2910 3065 2970 2905 3105] [3115 2350 2175 2000 2125 2105 2025 2025]
[3015 2925 2925 2995 2950 2880 3070 3030] [2900 2405 2035 1765 1985 1985 1955 2050]
[2885 3005 3075 2970 2820 2955 3070 2840] [2725 2330 1940 1835 1940 1925 1925 1855]
[3145 3075 2965 3045 3125 3025 3055 3005] [2695 2345 1885 1805 1820 1855 1825 1985]
[2910 2910 3030 3110 3080 2950 3190 2985] [2725 2350 1880 1800 1730 1675 1795 1900]
COM3 1 27
3
[2905 2970 2675 2830 2790 2845 2930 2955] [3140 2900 2345 2155 2300 2155 2115 2290]
[2905 3090 2905 2805 2870 2980 2865 2935] [3010 2725 2335 2105 2155 2330 2115 1975]
[2965 2980 2915 2935 2810 2875 2955 2900] [3035 2650 2235 2015 2300 2010 2120 2000]
[2875 2940 3090 2910 3065 2970 2905 3105] [3115 2600 2210 2045 2130 2060 2000 2050]
[3015 2925 2925 2995 2950 2880 3070 3030] [3035 2485 2075 1935 2020 2070 2020 2085]
[2885 3005 3075 2970 2820 2955 3070 2840] [2655 2265 2040 2015 1905 1935 1960 2105]
[3145 3075 2965 3045 3125 3025 3055 3005] [2710 2315 2030 1840 1820 1865 1920 2060]
[2910 2910 3030 3110 3080 2950 3190 2985] [2765 2190 2040 1870 1735 1825 1820 1980]
COM7 0 28
3
[2890 2865 2795 2815 2745 2870 2905 3000] [3140 2900 2345 2155 2300 2155 2115 2290]
[2845 2995 2820 2940 2935 2905 3000 2875] [3010 2725 2335 2105 2155 2330 2115 1975]
[2825 2940 2925 2850 2840 2900 2965 2945] [3035 2650 2235 2015 2300 2010 2120 2000]
[2960 2925 3080 2820 2970 2985 2895 2830] [3115 2600 2210 2045 2130 2060 2000 2050]
[3120 2925 2990 2825 2935 2910 3015 2845] [3035 2485 2075 1935 2020 2070 2020 2085]
[2910 3025 3155 2870 2830 3025 3125 2850] [2655 2265 2040 2015 1905 1935 1960 2105]
[3230 3020 3005 3110 2970 3045 2875 2920] [2710 2315 2030 1840 1820 1865 1920 2060]
[2945 2900 3135 2965 3030 2980 3115 2805] [2765 2190 2040 1870 1735 1825 1820 1980]
COM3 1 29
3
[2890 2865 2795 2815 2745 2870 2905 3000] [2865 2585 2305 2010 2105 2095 2040 2100]
[2845 2995 2820 2940 2935 2905 3000 2875] [2935 2475 2125 2025 2110 2205 2070 1885]
[2825 2940 2925 2850 2840 2900 2965 2945] [2980 2465 2100 1985 2245 2055 2025 1945]
[2960 2925 3080 2820 2970 2985 2895 2830] [3000 2455 2040 1880 2005 2075 1980 2000]
[3120 2925 2990 2825 2935 2910 3015 2845] [2765 2405 2000 1780 1970 1905 1940 2000]
[2910 3025 3155 2870 2830 3025 3125 2850] [2530 2325 1865 1870 1850 1885 1900 2005]
[3230 3020 3005 3110 2970 3045 2875 2920] [2585 2260 1920 1735 1700 1760 1880 2005]
[2945 2900 3135 2965 3030 2980 3115 2805] [2670 2200 1800 1835 1645 1700 1800 1920]
COM7 0 30
3
[2710 2795 2960 2975 2725 2870 2920 2870] [2865 2585 2305 2010 2105 2095 2040 2100]
[3110 3190 2850 2970 3000 2930 2900 2940] [2935 2475 2125 2025 2110 2205 2070 1885]
[2795 2980 2940 2890 2915 2815 2925 2845] [2980 2465 2100 1985 2245 2055 2025 1945]
[2780 2910 3005 2920 3030 2935 2840 2960] [3000 2455 2040 1880 2005 2075 1980 2000]
[2930 2975 3025 2925 2945 2770 3040 2940] [2765 2405 2000 1780 1970 1905 1940 2000]
[2985 3060 3100 3005 2890 2950 3060 2930] [2530 2325 1865 1870 1850 1885 1900 2005]
[2895 3085 3100 3105 2905 2995 3060 2990] [2585 2260 1920 1735 1700 1760 1880 2005]
[3165 2985 3100 3140 2855 3075 3140 2900] [2670 2200 1800 1835 1645 1700 1800 1920]
COM3 1 31
3
[2710 2795 2960 2975 2725 2870 2920 2870] [3030 2765 2295 2140 2140 2215 2080 2210]
[3110 3190 2850 2970 3000 2930 2900 2940] [2925 2565 2275 2020 2185 2300 2090 1995]
[2795 2980 2940 2890 2915 2815 2925 2845] [2865 2485 2125 2000 2275 2100 2035 1945]
[2780 2910 3005 2920 3030 2935 2840 2960] [2930 2410 2110 1905 2080 2050 1985 1900]
[2930 2975 3025 2925 2945 2770 3040 2940] [2865 2425 1985 1755 2010 1955 1915 2100]
[2985 3060 3100 3005 2890 2950 3060 2930] [2640 2250 1935 1895 1925 1890 1945 2045]
[2895 3085 3100 3105 2905 2995 3060 2990] [2585 2330 1855 1800 1815 1820 1895 2025]
[3165 2985 3100 3140 2855 3075 3140 2900] [2585 2035 1825 1725 1740 1650 1795 1965]
COM7 0 32
3
[2950 2895 2840 2740 2775 2915 3055 3075] [3030 2765 2295 2140 2140 2215 2080 2210]
[3140 2960 3135 2860 2970 2845 2895 3020] [2925 2565 2275 2020 2185 2300 2090 1995]
[2895 2980 3060 2875 2990 2935 2975 2860] [2865 2485 2125 2000 2275 2100 2035 1945]
[3130 2940 3090 2875 3000 2980 2925 3095] [2930 2410 2110 1905 2080 2050 1985 1900]
[3075 3000 3075 3040 2935 3070 3055 3015] [2865 2425 1985 1755 2010 1955 1915 2100]
[3045 3010 2945 3030 2970 3045 3130 3035] [2640 2250 1935 1895 1925 1890 1945 2045]
[3005 3075 2960 2965 2985 3105 2650 3005] [2585 2330 1855 1800 1815 1820 1895 2025]
[2945 3135 3025 2970 2820 2855 3170 3055] [2585 2035 1825 1725 1740 1650 1795 1965]
COM3 1 33
3
[2950 2895 2840 2740 2775 2915 3055 3075] [2870 2585 2225 2070 2190 2110 2080 2195]
[3140 2960 3135 2860 2970 2845 2895 3020] [2945 2595 2250 2025 2080 2265 2065 2025]
[2895 2980 3060 2875 2990 2935 2975 2860] [2855 2480 2080 2005 2185 2030 2010 1920]
[3130 2940 3090 2875 3000 2980 2925 3095] [2880 2345 2020 1955 2100 2030 2000 1920]
[3075 3000 3075 3040 2935 3070 3055 3015] [2770 2310 1955 1820 1965 1965 1905 2070]
[3045 3010 2945 3030 2970 3045 3130 3035] [2490 2220 1890 1960 1890 1940 1900 2005]
[3005 3075 2960 2965 2985 3105 2650 3005] [2555 2170 1920 1815 1805 1765 1805 2015]
[2945 3135 3025 2970 2820 2855 3170 3055] [2475 2040 1895 1805 1640 1670 1765 2025]
COM7 0 34
3
[3050 2895 2875 2910 2855 3010 3120 3170] [2870 2585 2225 2070 2190 2110 2080 2195]
[3090 3175 2920 3090 2975 3015 3035 3135] [2945 2595 2250 2025 2080 2265 2065 2025]
[2940 3030 2950 2920 3025 3005 3145 3015] [2855 2480 2080 2005 2185 2030 2010 1920]
[3080 3040 3200 2905 3040 3020 3110 3200] [2880 2345 2020 1955 2100 2030 2000 1920]
[3270 3125 3010 2965 3095 3010 3270 3305] [2770 2310 1955 1820 1965 1965 1905 2070]
[2855 3180 3115 3135 2990 3110 3210 3110] [2490 2220 1890 1960 1890 1940 1900 2005]
[3275 3040 3220 3065 3235 3130 2880 3070] [2555 2170 1920 1815 1805 1765 1805 2015]
[3190 3000 3215 3185 3115 3075 3195 3205] [2475 2040 1895 1805 1640 1670 1765 2025]
COM3 1 35
3
[3050 2895 2875 2910 2855 3010 3120 3170] [3025 2555 2160 2000 2105 2025 1985 2085]
[3090 3175 2920 3090 2975 3015 3035 3135] [2835 2385 2110 2025 2070 2175 2005 1835]
[2940 3030 2950 2920 3025 3005 3145 3015] [2755 2450 2070 1915 2260 1995 1970 1920]
[3080 3040 3200 2905 3040 3020 3110 3200] [2760 2225 1945 1855 1915 1965 1985 1895]
[3270 3125 3010 2965 3095 3010 3270 3305] [2550 2255 1935 1705 1950 1845 1925 2000]
[2855 3180 3115 3135 2990 3110 3210 3110] [2555 2125 1815 1875 1820 1795 1870 2045]
[3275 3040 3220 3065 3235 3130 2880 3070] [2550 2110 1845 1635 1735 1765 1770 1970]
[3190 3000 3215 3185 3115 3075 3195 3205] [2550 2040 1785 1640 1615 1665 1735 1915]
COM7 0 36
3
[3030 2870 2875 2785 2855 2960 3105 2935] [3025 2555 2160 2000 2105 2025 1985 2085]
[3090 3035 2795 2985 2970 3030 2950 2915] [2835 2385 2110 2025 2070 2175 2005 1835]
[2780 2970 3000 2930 2980 3065 3135 3025] [2755 2450 2070 1915 2260 1995 1970 1920]
[3000 2865 2875 3045 2935 3050 3140 2995] [2760 2225 1945 1855 1915 1965 1985 1895]
[3125 3170 3115 2950 3135 2990 3145 3120] [2550 2255 1935 1705 1950 1845 1925 2000]
[3190 3040 3170 3160 2945 3130 3145 3190] [2555 2125 1815 1875 1820 1795 1870 2045]
[2835 3080 3020 2925 2900 3100 2875 3050] [2550 2110 1845 1635 1735 1765 1770 1970]
[3270 3035 3095 3125 3150 3090 3115 3075] [2550 2040 1785 1640 1615 1665 1735 1915]
COM3 1 37
3
[3030 2870 2875 2785 2855 2960 3105 2935] [2960 2800 2305 2125 2295 2215 2060 2130]
[3090 3035 2795 2985 2970 3030 2950 2915] [3025 2670 2165 2125 2110 2265 2090 1985]
[2780 2970 3000 2930 2980 3065 3135 3025] [2985 2560 2200 2040 2265 2075 2035 2005]
[3000 2865 2875 3045 2935 3050 3140 2995] [3035 2440 2070 1985 2105 2065 1915 2015]
[3125 3170 3115 2950 3135 2990 3145 3120] [2860 2315 1955 1815 2000 1940 1965 2070]
[3190 3040 3170 3160 2945 3130 3145 3190] [2590 2325 1890 1975 1900 1940 1995 2005]
[2835 3080 3020 2925 2900 3100 2875 3050] [2575 2285 1940 1695 1900 1805 1895 2055]
[3270 3035 3095 3125 3150 3090 3115 3075] [2575 2200 1840 1950 1645 1645 1765 1995]
COM7 0 38
3
[2755 2650 2585 2810 2855 2820 2785 3060] [2960 2800 2305 2125 2295 2215 2060 2130]
[3055 2970 2805 2845 2805 2925 2735 3115] [3025 2670 2165 2125 2110 2265 2090 1985]
[2755 2810 2895 2835 2775 2930 2915 2960] [2985 2560 2200 2040 2265 2075 2035 2005]
[3175 2875 3185 2875 3030 2895 2995 2880] [3035 2440 2070 1985 2105 2065 1915 2015]
[3090 2815 2955 2890 2980 2730 3030 3105] [2860 2315 1955 1815 2000 1940 1965 2070]
[2880 2950 2965 2935 2900 2895 2995 2835] [2590 2325 1890 1975 1900 1940 1995 2005]
[2950 3035 2950 3010 2915 3030 2825 3005] [2575 2285 1940 1695 1900 1805 1895 2055]
[3180 2990 2970 3000 2825 3005 2940 3100] [2575 2200 1840 1950 1645 1645 1765 1995]
COM3 1 39
3
[2755 2650 2585 2810 2855 2820 2785 3060] [2940 2635 2240 2135 2115 2105 2020 2165]
[3055 2970 2805 2845 2805 2925 2735 3115] [2880 2590 2190 2070 2120 2210 2090 2025]
[2755 2810 2895 2835 2775 2930 2915 2960] [3075 2475 2130 2000 2225 2220 2110 2005]
[3175 2875 3185 2875 3030 2895 2995 2880] [2950 2485 2195 1975 2095 2080 1965 2035]
[3090 2815 2955 2890 2980 2730 3030 3105] [2810 2385 1985 1820 1990 1945 1955 2120]
[2880 2950 2965 2935 2900 2895 2995 2835] [2670 2160 1885 1920 1940 1900 1975 2000]
[2950 3035 2950 3010 2915 3030 2825 3005] [2455 2220 1940 1825 1760 1870 1860 2090]
[3180 2990 2970 3000 2825 3005 2940 3100] [2515 2140 1835 1760 1715 1610 1845 1975]
COM7 0 40
3
[2915 2925 2785 3085 3040 2830 3075 2945] [2940 2635 2240 2135 2115 2105 2020 2165]
[3055 2970 2835 2900 3040 3010 3120 2990] [2880 2590 2190 2070 2120 2210 2090 2025]
[2990 2970 3070 2920 2960 3010 3060 3015] [3075 2475 2130 2000 2225 2220 2110 2005]
[2980 3030 3085 3015 3110 3095 3180 2940] [2950 2485 2195 1975 2095 2080 1965 2035]
[2910 3025 3170 2905 3175 3035 3210 3205] [2810 2385 1985 1820 1990 1945 1955 2120]
[3205 2995 2915 3055 3035 3025 3145 2990] [2670 2160 1885 1920 1940 1900 1975 2000]
[3075 3085 3145 3125 3050 3265 2875 2905] [2455 2220 1940 1825 1760 1870 1860 2090]
[3080 3000 3030 3150 2910 3135 3045 3160] [2515 2140 1835 1760 1715 1610 1845 1975]
COM3 1 41
3
[2915 2925 2785 3085 3040 2830 3075 2945] [2200 2030 1720 1795 1840 1765 1905 2005]
[3055 2970 2835 2900 3040 3010 3120 2990] [2370 2215 1920 1655 1760 1910 1570 1830]
[2990 2970 3070 2920 2960 3010 3060 3015] [2270 1810 1730 1695 1785 1845 1735 1760]
[2980 3030 3085 3015 3110 3095 3180 2940] [2235 1880 1490 1685 1815 1675 1800 1800]
[2910 3025 3170 2905 3175 3035 3210 3205] [2420 2080 1600 1490 1705 1705 1715 1810]
[3205 2995 2915 3055 3035 3025 3145 2990] [2155 1770 1615 1660 1605 1575 1675 1750]
[3075 3085 3145 3125 3050 3265 2875 2905] [2330 1915 1515 1540 1620 1445 1580 1915]
[3080 3000 3030 3150 2910 3135 3045 3160] [2235 1715 1445 1500 1395 1375 1525 1740]
COM7 0 42
3
[2945 2670 2575 2630 2730 2785 2730 2905] [2200 2030 1720 1795 1840 1765 1905 2005]
[2985 2790 2940 2940 2860 2875 2825 2795] [2370 2215 1920 1655 1760 1910 1570 1830]
[2760 2785 2870 2960 2995 2875 2900 2930] [2270 1810 1730 1695 1785 1845 1735 1760]
[3115 2770 2970 2960 2870 2960 3025 2955] [2235 1880 1490 1685 1815 1675 1800 1800]
[3005 3085 3065 2940 3095 2910 3075 3005] [2420 2080 1600 1490 1705 1705 1715 1810]
[2735 3000 2970 2955 2935 2915 3105 3035] [2155 1770 1615 1660 1605 1575 1675 1750]
[3225 3040 3000 3025 2840 2860 2775 2900] [2330 1915 1515 1540 1620 1445 1580 1915]
[3165 2880 3055 2980 2855 2865 3190 2980] [2235 1715 1445 1500 1395 1375 1525 1740]
COM3 1 43
3
[2945 2670 2575 2630 2730 2785 2730 2905] [2925 2555 2140 2005 2195 2165 2105 2225]
[2985 2790 2940 2940 2860 2875 2825 2795] [2815 2530 2165 1990 2050 2255 2055 1995]
[2760 2785 2870 2960 2995 2875 2900 2930] [2855 2370 2135 1995 2255 1980 1970 1995]
[3115 2770 2970 2960 2870 2960 3025 2955] [2840 2270 1975 1905 2060 2015 1940 1980]
[3005 3085 3065 2940 3095 2910 3075 3005] [2785 2305 2025 1735 1920 1940 1925 1940]
[2735 3000 2970 2955 2935 2915 3105 3035] [2540 2135 1820 1850 1820 1855 1870 2030]
[3225 3040 3000 3025 2840 2860 2775 2900] [2575 2175 1855 1805 1725 1785 1835 2000]
[3165 2880 3055 2980 2855 2865 3190 2980] [2485 1915 1855 1790 1720 1635 1765 1980]
COM7 0 44
3
[3050 2770 2680 2945 2895 2900 3170 3105] [2925 2555 2140 2005 2195 2165 2105 2225]
[3160 3015 2940 3025 2980 3055 3010 3095] [2815 2530 2165 1990 2050 2255 2055 1995]
[2920 2915 2910 3045 2960 3065 2935 3025] [2855 2370 2135 1995 2255 1980 1970 1995]
[2940 3035 3180 2970 3020 2920 2905 3095] [2840 2270 1975 1905 2060 2015 1940 1980]
[3155 3040 3000 2970 3030 3075 3160 3040] [2785 2305 2025 1735 1920 1940 1925 1940]
[2915 2940 3220 3105 2935 3125 3170 3035] [2540 2135 1820 1850 1820 1855 1870 2030]
[3000 3100 3095 3235 3050 3005 3040 2870] [2575 2175 1855 1805 1725 1785 1835 2000]
[3035 2990 3270 3305 3100 3105 3140 2970] [2485 1915 1855 1790 1720 1635 1765 1980]
COM3 1 45
3
[3050 2770 2680 2945 2895 2900 3170 3105] [3135 2665 2230 2150 2305 2280 2055 2155]
[3160 3015 2940 3025 2980 3055 3010 3095] [3020 2695 2230 2085 2220 2200 2115 1975]
[2920 2915 2910 3045 2960 3065 2935 3025] [2925 2520 2130 2050 2280 2115 2010 1905]
[2940 3035 3180 2970 3020 2920 2905 3095] [2940 2380 2085 2010 2100 2115 1980 2000]
[3155 3040 3000 2970 3030 3075 3160 3040] [2975 2300 1955 1860 1935 1995 1965 2120]
[2915 2940 3220 3105 2935 3125 3170 3035] [2700 2255 1890 1960 1905 2035 1960 2035]
[3000 3100 3095 3235 3050 3005 3040 2870] [2585 2285 1955 1805 1825 1785 1860 2155]
[3035 2990 3270 3305 3100 3105 3140 2970] [2590 2195 1905 1830 1755 1735 1800 1895]
COM7 0 46
3
[2960 2765 2720 2875 2970 2805 3035 2910] [3135 2665 2230 2150 2305 2280 2055 2155]
[3040 3050 2760 2965 2905 3010 2965 2895] [3020 2695 2230 2085 2220 2200 2115 1975]
[2865 2875 2995 2960 2965 2990 2940 3085] [2925 2520 2130 2050 2280 2115 2010 1905]
[2975 3205 3030 2950 3065 3055 2985 2860] [2940 2380 2085 2010 2100 2115 1980 2000]
[2795 3065 2955 3050 3125 3080 3085 3050] [2975 2300 1955 1860 1935 1995 1965 2120]
[3140 3065 3155 3135 2950 2905 3245 3015] [2700 2255 1890 1960 1905 2035 1960 2035]
[3195 2960 3040 3045 3085 3000 3025 3035] [2585 2285 1955 1805 1825 1785 1860 2155]
[3155 3055 3225 2945 3000 3020 3105 3205] [2590 2195 1905 1830 1755 1735 1800 1895]
COM3 1 47
3
[2960 2765 2720 2875 2970 2805 3035 2910] [3095 2675 2285 2080 2205 2240 2035 2085]
[3040 3050 2760 2965 2905 3010 2965 2895] [2795 2715 2220 2050 2070 2220 2065 2025]
[2865 2875 2995 2960 2965 2990 2940 3085] [2920 2450 2085 2030 2250 2030 1985 1985]
[2975 3205 3030 2950 3065 3055 2985 2860] [3015 2420 2065 1965 2015 2030 2010 2000]
[2795 3065 2955 3050 3125 3080 3085 3050] [2860 2370 1920 1865 1935 1980 1940 1980]
[3140 3065 3155 3135 2950 2905 3245 3015] [2645 2220 1905 1895 1855 1890 1855 2050]
[3195 2960 3040 3045 3085 3000 3025 3035] [2670 2220 1860 1885 1715 1820 1850 2000]
[3155 3055 3225 2945 3000 3020 3105 3205] [2605 2055 1865 1805 1615 1705 1740 1935]
COM7 0 48
3
[2975 2880 2720 2735 2775 2865 3115 3080] [3095 2675 2285 2080 2205 2240 2035 2085]
[3165 3005 3020 2975 2840 2820 3000 3105] [2795 2715 2220 2050 2070 2220 2065 2025]
[2780 3015 3045 2985 2855 3055 2895 2980] [2920 2450 2085 2030 2250 2030 1985 1985]
[3000 2930 3090 2895 2990 2995 2995 3030] [3015 2420 2065 1965 2015 2030 2010 2000]
[3170 2950 3155 2995 3005 2960 3110 3105] [2860 2370 1920 1865 1935 1980 1940 1980]
[3025 3015 3170 3145 3045 3210 3020 3040] [2645 2220 1905 1895 1855 1890 1855 2050]
[3055 2945 3020 3175 2975 3040 2890 3090] [2670 2220 1860 1885 1715 1820 1850 2000]
[3055 3145 3095 2860 2890 3165 3220 3155] [2605 2055 1865 1805 1615 1705 1740 1935]
COM3 1 49
3
[2975 2880 2720 2735 2775 2865 3115 3080] [3115 2750 2255 2140 2125 2280 2055 2170]
[3165 3005 3020 2975 2840 2820 3000 3105] [3030 2620 2250 2005 2100 2245 2140 2010]
[2780 3015 3045 2985 2855 3055 2895 2980] [2920 2580 2165 2065 2285 2075 2040 1940]
[3000 2930 3090 2895 2990 2995 2995 3030] [3115 2450 2085 1985 2075 2070 1980 2045]
[3170 2950 3155 2995 3005 2960 3110 3105] [2890 2350 2030 1785 2050 2045 1940 2075]
[3025 3015 3170 3145 3045 3210 3020 3040] [2730 2205 1985 2000 1900 1890 2030 2050]
[3055 2945 3020 3175 2975 3040 2890 3090] [2700 2230 1965 1800 1805 1815 1895 2110]
[3055 3145 3095 2860 2890 3165 3220 3155] [2490 2150 1900 1770 1705 1815 1780 2065]
COM7 0 50
3
[2790 2860 2770 2865 2815 2785 3060 2965] [3115 2750 2255 2140 2125 2280 2055 2170]
[3005 3115 2920 3025 2835 2980 2745 2890] [3030 2620 2250 2005 2100 2245 2140 2010]
[3035 2965 2990 2925 2930 2970 3040 3090] [2920 2580 2165 2065 2285 2075 2040 1940]
[3025 2865 2970 2935 3050 2960 2935 2995] [3115 2450 2085 1985 2075 2070 1980 2045]
[3035 2975 3075 3070 3115 2915 3185 3150] [2890 2350 2030 1785 2050 2045 1940 2075]
[2965 3020 3175 3110 3015 3080 3050 3005] [2730 2205 1985 2000 1900 1890 2030 2050]
[3010 3055 3005 3125 3050 3240 3015 3080] [2700 2230 1965 1800 1805 1815 1895 2110]
[3145 3035 3210 3055 2950 3035 3160 3245] [2490 2150 1900 1770 1705 1815 1780 2065]
COM3 1 51
3
[2790 2860 2770 2865 2815 2785 3060 2965] [2850 2650 2150 2005 2115 2190 2065 2085]
[3005 3115 2920 3025 2835 2980 2745 2890] [2875 2500 2200 1970 2000 2245 2055 2020]
[3035 2965 2990 2925 2930 2970 3040 3090] [2790 2510 2085 2025 2255 2055 1955 1980]
[3025 2865 2970 2935 3050 2960 2935 2995] [2935 2350 2050 1905 2000 2130 1990 1855]
[3035 2975 3075 3070 3115 2915 3185 3150] [2795 2315 1925 1685 1930 1965 1900 2030]
[2965 3020 3175 3110 3015 3080 3050 3005] [2580 2180 1800 1945 1850 1800 1960 2005]
[3010 3055 3005 3125 3050 3240 3015 3080] [2555 2105 1835 1710 1645 1635 1820 2010]
[3145 3035 3210 3055 2950 3035 3160 3245] [2635 2100 1820 1745 1635 1655 1775 1940]
COM7 0 52
3
[2750 2765 2765 2925 2955 2810 3190 2935] [2850 2650 2150 2005 2115 2190 2065 2085]
[3025 2840 2890 2990 2935 2845 2965 2890] [2875 2500 2200 1970 2000 2245 2055 2020]
[2855 2940 2935 2980 2950 2985 3115 3110] [2790 2510 2085 2025 2255 2055 1955 1980]
[2935 3055 3175 3015 3015 2895 3100 3005] [2935 2350 2050 1905 2000 2130 1990 1855]
[3125 3005 3150 3005 3155 3015 3170 3025] [2795 2315 1925 1685 1930 1965 1900 2030]
[3090 3110 3105 3000 3050 3020 3335 2945] [2580 2180 1800 1945 1850 1800 1960 2005]
[2970 3100 3015 3045 3200 3100 3055 2940] [2555 2105 1835 1710 1645 1635 1820 2010]
[3055 3110 3070 2795 3015 3025 3110 2975] [2635 2100 1820 1745 1635 1655 1775 1940]
COM3 1 53
3
[2750 2765 2765 2925 2955 2810 3190 2935] [3100 2805 2150 2040 2315 2270 1995 2115]
[3025 2840 2890 2990 2935 2845 2965 2890] [2900 2615 2220 2060 2100 2215 2065 2055]
[2855 2940 2935 2980 2950 2985 3115 3110] [2910 2535 2105 2005 2225 2075 2010 2025]
[2935 3055 3175 3015 3015 2895 3100 3005] [2780 2330 2030 1925 2045 2050 1980 1970]
[3125 3005 3150 3005 3155 3015 3170 3025] [2860 2445 1955 1700 1865 2010 1885 2020]
[3090 3110 3105 3000 3050 3020 3335 2945] [2700 2255 1935 1910 1900 1965 1900 2025]
[2970 3100 3015 3045 3200 3100 3055 2940] [2695 2325 1860 1815 1765 1775 1860 2025]
[3055 3110 3070 2795 3015 3025 3110 2975] [2665 2120 1895 1775 1645 1725 1800 1855]
COM7 0 54
3
[3065 2715 2610 2975 2925 2890 3015 3060] [3100 2805 2150 2040 2315 2270 1995 2115]
[3135 3075 2945 3005 3065 3015 2990 3100] [2900 2615 2220 2060 2100 2215 2065 2055]
[2995 3065 2870 2955 2840 3050 2980 3100] [2910 2535 2105 2005 2225 2075 2010 2025]
[3170 3095 3100 2875 3030 3080 3080 2855] [2780 2330 2030 1925 2045 2050 1980 1970]
[3160 3210 3050 3050 3090 2995 3210 3105] [2860 2445 1955 1700 1865 2010 1885 2020]
[2885 3040 2920 3115 2825 3195 3195 2860] [2700 2255 1935 1910 1900 1965 1900 2025]
[2895 3190 3085 3140 3145 3050 2770 3065] [2695 2325 1860 1815 1765 1775 1860 2025]
[3150 3095 3040 3260 3070 3080 3205 2945] [2665 2120 1895 1775 1645 1725 1800 1855]
COM3 1 55
3
[3065 2715 2610 2975 2925 2890 3015 3060] [3135 2750 2240 2070 2205 2200 2100 2200]
[3135 3075 2945 3005 3065 3015 2990 3100] [2875 2670 2235 2045 2135 2245 2140 2050]
[2995 3065 2870 2955 2840 3050 2980 3100] [3085 2560 2165 2015 2225 2110 2000 1935]
[3170 3095 3100 2875 3030 3080 3080 2855] [2895 2295 2000 1945 2040 2040 2010 2035]
[3160 3210 3050 3050 3090 2995 3210 3105] [2805 2485 1975 1740 1885 2035 1985 2055]
[2885 3040 2920 3115 2825 3195 3195 2860] [2645 2315 1925 1880 1940 1885 1900 1975]
[2895 3190 3085 3140 3145 3050 2770 3065] [2645 2135 1915 1815 1875 1745 1845 2110]
[3150 3095 3040 3260 3070 3080 3205 2945] [2680 2145 1840 1745 1680 1695 1825 1925]
COM7 0 56
3
[2675 2915 2815 2960 2890 2905 3005 2830] [3135 2750 2240 2070 2205 2200 2100 2200]
[2835 2870 2830 2855 2910 3025 2960 2745] [2875 2670 2235 2045 2135 2245 2140 2050]
[2860 2910 2985 2910 2835 2955 2890 2890] [3085 2560 2165 2015 2225 2110 2000 1935]
[3000 2905 2970 2935 3005 2830 2895 3030] [2895 2295 2000 1945 2040 2040 2010 2035]
[3110 2950 3115 2900 3035 2790 3005 2965] [2805 2485 1975 1740 1885 2035 1985 2055]
[2935 2850 3160 3040 2920 2960 3000 2865] [2645 2315 1925 1880 1940 1885 1900 1975]
[2950 3050 3095 3170 2865 2900 2920 3035] [2645 2135 1915 1815 1875 1745 1845 2110]
[3130 2805 3005 2980 3015 3000 3045 3010] [2680 2145 1840 1745 1680 1695 1825 1925]
COM3 1 57
3
[2675 2915 2815 2960 2890 2905 3005 2830] [3210 2680 2305 2065 2315 2195 2020 2155]
[2835 2870 2830 2855 2910 3025 2960 2745] [3050 2565 2190 2050 2115 2235 1990 1985]
[2860 2910 2985 2910 2835 2955 2890 2890] [3095 2480 2130 1955 2270 2055 2025 2040]
[3000 2905 2970 2935 3005 2830 2895 3030] [2970 2460 2015 1860 2075 2095 2045 1970]
[3110 2950 3115 2900 3035 2790 3005 2965] [2800 2505 2030 1780 1985 2010 1960 2105]
[2935 2850 3160 3040 2920 2960 3000 2865] [2560 2275 1870 1900 1840 1885 1960 1975]
[2950 3050 3095 3170 2865 2900 2920 3035] [2675 2160 1885 1700 1800 1740 1880 1950]
[3130 2805 3005 2980 3015 3000 3045 3010] [2580 2090 1885 1830 1670 1730 1825 1945]
COM7 0 58
3
[2655 2650 2620 3015 3045 2785 3085 2975] [3210 2680 2305 2065 2315 2195 2020 2155]
[3040 2970 2835 2970 2915 2845 2865 2915] [3050 2565 2190 2050 2115 2235 1990 1985]
[2825 2875 2995 2855 2960 3110 3005 3090] [3095 2480 2130 1955 2270 2055 2025 2040]
[2880 3100 3105 2960 2965 3025 2950 3050] [2970 2460 2015 1860 2075 2095 2045 1970]
[3115 2970 3070 2950 3120 3090 3155 3130] [2800 2505 2030 1780 1985 2010 1960 2105]
[2845 2930 3235 2985 2915 2950 3100 3020] [2560 2275 1870 1900 1840 1885 1960 1975]
[2870 2910 3055 3105 2905 3080 2985 2670] [2675 2160 1885 1700 1800 1740 1880 1950]
[3040 3015 3080 3030 2890 3150 3195 3035] [2580 2090 1885 1830 1670 1730 1825 1945]
COM3 1 59
3
[2655 2650 2620 3015 3045 2785 3085 2975] [2965 2715 2285 2135 2135 2245 2110 2170]
[3040 2970 2835 2970 2915 2845 2865 2915] [2985 2595 2190 2030 2160 2295 2085 1945]
[2825 2875 2995 2855 2960 3110 3005 3090] [3050 2585 2230 2000 2300 2145 2040 1980]
[2880 3100 3105 2960 2965 3025 2950 3050] [2900 2435 2110 1940 2060 2060 1950 2020]
[3115 2970 3070 2950 3120 3090 3155 3130] [2840 2435 2025 1820 1980 2070 1955 2075]
[2845 2930 3235 2985 2915 2950 3100 3020] [2715 2300 1905 1995 1925 1945 2030 2055]
[2870 2910 3055 3105 2905 3080 2985 2670] [2640 2320 1915 1780 1900 1755 1860 2115]
[3040 3015 3080 3030 2890 3150 3195 3035] [2700 2135 1875 1895 1705 1615 1800 2050]
COM7 0 60
3
[2655 2795 2750 2930 2670 2955 3175 2905] [2965 2715 2285 2135 2135 2245 2110 2170]
[3030 2980 2850 2740 2890 3005 2915 3035] [2985 2595 2190 2030 2160 2295 2085 1945]
[2805 3020 2990 2870 2860 2935 3025 2890] [3050 2585 2230 2000 2300 2145 2040 1980]
[2940 2820 3065 3000 3010 2995 2870 2865] [2900 2435 2110 1940 2060 2060 1950 2020]
[2950 3125 3080 2985 3005 3000 3055 3105] [2840 2435 2025 1820 1980 2070 1955 2075]
[2830 2920 3120 3145 3000 3075 3160 2875] [2715 2300 1905 1995 1925 1945 2030 2055]
[2980 3120 3015 2935 2860 3130 3145 2975] [2640 2320 1915 1780 1900 1755 1860 2115]
[3120 3060 3080 3030 3075 2800 3125 2915] [2700 2135 1875 1895 1705 1615 1800 2050]
COM3 1 61
3
[2655 2795 2750 2930 2670 2955 3175 2905] [3005 2590 2225 2100 2180 2170 2015 2100]
[3030 2980 2850 2740 2890 3005 2915 3035] [2940 2495 2200 2050 2115 2300 2065 1930]
[2805 3020 2990 2870 2860 2935 3025 2890] [2970 2485 2135 1965 2270 2135 2010 1975]
[2940 2820 3065 3000 3010 2995 2870 2865] [2970 2350 2105 1945 2060 2060 2045 1950]
[2950 3125 3080 2985 3005 3000 3055 3105] [2790 2325 1975 1790 1965 1925 1965 2060]
[2830 2920 3120 3145 3000 3075 3160 2875] [2565 2195 1915 1950 1955 1885 1940 1975]
[2980 3120 3015 2935 2860 3130 3145 2975] [2565 2195 1860 1790 1750 1785 1895 2115]
[3120 3060 3080 3030 3075 2800 3125 2915] [2595 2130 1800 1885 1670 1670 1765 1985]
COM7 0 62
3
[2735 2830 2785 2775 2890 2810 3005 3135] [3005 2590 2225 2100 2180 2170 2015 2100]
[2800 2850 2895 2905 2835 3035 2980 2955] [2940 2495 2200 2050 2115 2300 2065 1930]
[2815 2925 3120 2865 2900 2955 2975 3000] [2970 2485 2135 1965 2270 2135 2010 1975]
[3030 2950 3085 2920 2890 2955 3030 2890] [2970 2350 2105 1945 2060 2060 2045 1950]
[2960 3085 3005 2970 2980 2965 3065 3180] [2790 2325 1975 1790 1965 1925 1965 2060]
[2810 2940 3125 3025 2915 3050 3090 2905] [2565 2195 1915 1950 1955 1885 1940 1975]
[2850 3165 2990 3025 2990 3095 2760 3045] [2565 2195 1860 1790 1750 1785 1895 2115]
[3090 3065 3140 3030 3005 2795 3130 3240] [2595 2130 1800 1885 1670 1670 1765 1985]
COM3 1 63
3
[2735 2830 2785 2775 2890 2810 3005 3135] [3050 2615 2305 2080 2205 2195 2065 2145]
[2800 2850 2895 2905 2835 3035 2980 2955] [2960 2595 2175 2085 2045 2305 2080 2005]
[2815 2925 3120 2865 2900 2955 2975 3000] [3145 2495 2095 2005 2240 2070 2060 2025]
[3030 2950 3085 2920 2890 2955 3030 2890] [2810 2335 2080 1960 2100 1985 2015 1980]
[2960 3085 3005 2970 2980 2965 3065 3180] [2805 2440 1985 1730 1980 1965 1985 2035]
[2810 2940 3125 3025 2915 3050 3090 2905] [2515 2165 1935 1960 1890 1880 1955 1995]
[2850 3165 2990 3025 2990 3095 2760 3045] [2590 2190 1845 1755 1800 1745 1900 2150]
[3090 3065 3140 3030 3005 2795 3130 3240] [2580 2245 1835 1830 1765 1715 1820 2060]
COM7 0 64
3
[2755 2825 2760 2870 2770 2865 3020 2960] [3050 2615 2305 2080 2205 2195 2065 2145]
[2970 2970 2840 2980 2890 3095 3035 2835] [2960 2595 2175 2085 2045 2305 2080 2005]
[2745 2725 2880 2870 2840 2965 2995 3030] [3145 2495 2095 2005 2240 2070 2060 2025]
[2890 3025 3015 2875 2960 2995 2955 2840] [2810 2335 2080 1960 2100 1985 2015 1980]
[3025 2950 3145 3060 2940 3000 2995 2880] [2805 2440 1985 1730 1980 1965 1985 2035]
[2960 3035 3015 2850 2800 3010 3160 3105] [2515 2165 1935 1960 1890 1880 1955 1995]
[2835 2970 2775 3045 2985 3100 2665 2815] [2590 2190 1845 1755 1800 1745 1900 2150]
[2990 2960 2795 3125 2990 3065 3190 2940] [2580 2245 1835 1830 1765 1715 1820 2060]
COM3 1 65
3
[2755 2825 2760 2870 2770 2865 3020 2960] [2925 2660 2250 1995 2160 2210 2120 2145]
[2970 2970 2840 2980 2890 3095 3035 2835] [2875 2500 2150 1915 2050 2240 2070 1905]
[2745 2725 2880 2870 2840 2965 2995 3030] [2915 2510 2100 2005 2195 2005 2100 1905]
[2890 3025 3015 2875 2960 2995 2955 2840] [3065 2400 2005 1925 2070 2035 1875 1915]
[3025 2950 3145 3060 2940 3000 2995 2880] [2855 2455 1985 1715 2010 1955 1890 2050]
[2960 3035 3015 2850 2800 3010 3160 3105] [2650 2245 1915 1875 1900 1855 1925 2010]
[2835 2970 2775 3045 2985 3100 2665 2815] [2560 2160 1935 1745 1700 1765 1835 2125]
[2990 2960 2795 3125 2990 3065 3190 2940] [2595 2030 1835 1810 1600 1710 1740 1975]