COM3 1 6
4
[2940 2670 2420 2285 1985 1640 1930 2115] [2245 2560 2975 3040 3075 3060 3080 3105]
[2990 2805 2435 2050 1905 1835 1980 2360] [2145 2715 2995 2945 2995 3100 2970 2905]
[2885 2600 2435 1995 1800 1975 2035 2575] [2340 2600 2910 3175 3115 3075 3060 3075]
[2960 2750 2355 1945 1845 2060 2335 2490] [2305 2765 3220 3155 3100 3035 3070 3000]
[2845 2650 2390 2165 1930 2105 2460 2925] [2500 2970 3250 3000 3175 3215 3100 3045]
[2830 2750 2450 2205 1840 2110 2370 2835] [2575 2995 3205 3225 3250 3040 3220 3120]
[3045 2990 2505 2320 2090 2000 2255 2700] [2355 3040 3085 3170 3185 3180 3175 3260]
[2995 2855 2550 2410 2310 2055 2325 2825] [2345 2800 3050 3415 3105 3100 3270 3240]
COM7 0 7
4
[2755 2525 2370 2015 1900 1775 1945 2030] [2245 2560 2975 3040 3075 3060 3080 3105]
[2890 2735 2295 2000 1785 1825 2000 2370] [2145 2715 2995 2945 2995 3100 2970 2905]
[2780 2535 2235 1800 1670 1885 2120 2475] [2340 2600 2910 3175 3115 3075 3060 3075]
[2910 2630 2320 1880 1835 1940 2215 2385] [2305 2765 3220 3155 3100 3035 3070 3000]
[2945 2770 2230 1920 1930 1825 2370 2750] [2500 2970 3250 3000 3175 3215 3100 3045]
[3005 2850 2570 2175 1840 1915 2305 2410] [2575 2995 3205 3225 3250 3040 3220 3120]
[3080 3055 2585 2380 1960 1675 1955 2505] [2355 3040 3085 3170 3185 3180 3175 3260]
[3150 2865 2645 2495 2225 1975 2100 2470] [2345 2800 3050 3415 3105 3100 3270 3240]
COM3 1 8
4
[2755 2525 2370 2015 1900 1775 1945 2030] [2650 2980 3180 3275 3310 3090 3140 3205]
[2890 2735 2295 2000 1785 1825 2000 2370] [2455 2675 3175 3115 3105 3285 3145 3050]
[2780 2535 2235 1800 1670 1885 2120 2475] [2265 2630 3040 3270 3230 3220 3060 3050]
[2910 2630 2320 1880 1835 1940 2215 2385] [2210 2625 3055 3030 3100 3010 3090 3125]
[2945 2770 2230 1920 1930 1825 2370 2750] [2220 2560 3005 3080 3180 3070 3210 3190]
[3005 2850 2570 2175 1840 1915 2305 2410] [2205 2510 2835 3090 3160 3100 3115 3355]
[3080 3055 2585 2380 1960 1675 1955 2505] [2215 2630 3120 3030 3190 3300 3170 3270]
[3150 2865 2645 2495 2225 1975 2100 2470] [2100 2580 2970 3140 3085 3010 3250 3305]
COM7 0 9
4
[3090 2825 2755 2570 2340 1900 1865 2075] [2650 2980 3180 3275 3310 3090 3140 3205]
[3070 2970 2830 2390 2220 1840 1840 1995] [2455 2675 3175 3115 3105 3285 3145 3050]
[2825 2890 2795 2390 2125 1885 1770 1900] [2265 2630 3040 3270 3230 3220 3060 3050]
[3000 3065 3025 2515 2040 1735 1825 1935] [2210 2625 3055 3030 3100 3010 3090 3125]
[3045 2985 2935 2270 2085 1740 1840 2120] [2220 2560 3005 3080 3180 3070 3210 3190]
[2995 2955 2620 2380 1965 1690 1765 1905] [2205 2510 2835 3090 3160 3100 3115 3355]
[3100 2870 2795 2270 1760 1640 1740 1880] [2215 2630 3120 3030 3190 3300 3170 3270]
[3260 3030 2710 2255 1920 1725 2000 1940] [2100 2580 2970 3140 3085 3010 3250 3305]
COM3 1 10
4
[3090 2825 2755 2570 2340 1900 1865 2075] [1845 2010 2170 2380 2565 2835 2965 3175]
[3070 2970 2830 2390 2220 1840 1840 1995] [1785 1985 1990 2305 2475 2840 3085 3025]
[2825 2890 2795 2390 2125 1885 1770 1900] [1865 1875 2080 2170 2515 2735 3050 3175]
[3000 3065 3025 2515 2040 1735 1825 1935] [1895 1960 2170 2340 2555 2930 3160 3050]
[3045 2985 2935 2270 2085 1740 1840 2120] [2010 2020 2190 2435 2670 2940 2990 3215]
[2995 2955 2620 2380 1965 1690 1765 1905] [1880 2030 2335 2595 2805 3215 3190 3090]
[3100 2870 2795 2270 1760 1640 1740 1880] [1900 2295 2420 2705 2850 3170 3110 3210]
[3260 3030 2710 2255 1920 1725 2000 1940] [1895 2165 2515 2825 2810 3030 3175 3005]
COM7 0 11
4
[2790 2785 2735 2650 2260 1955 1860 1650] [1845 2010 2170 2380 2565 2835 2965 3175]
[2955 3105 2870 2735 2400 2040 1640 1580] [1785 1985 1990 2305 2475 2840 3085 3025]
[2820 2970 2865 2680 2215 1790 1635 1555] [1865 1875 2080 2170 2515 2735 3050 3175]
[2980 2925 2895 2685 2265 1895 1545 1570] [1895 1960 2170 2340 2555 2930 3160 3050]
[3015 3075 2990 2625 2215 1705 1725 1725] [2010 2020 2190 2435 2670 2940 2990 3215]
[2780 3065 2975 2615 2140 1800 1780 1540] [1880 2030 2335 2595 2805 3215 3190 3090]
[2960 3110 2910 2705 2335 1835 1610 1775] [1900 2295 2420 2705 2850 3170 3110 3210]
[3010 3025 3140 2645 2155 1825 1825 1725] [1895 2165 2515 2825 2810 3030 3175 3005]
COM3 1 12
4
[2790 2785 2735 2650 2260 1955 1860 1650] [2075 2320 2530 2435 2900 2985 3005 3180]
[2955 3105 2870 2735 2400 2040 1640 1580] [1905 2020 2265 2290 2340 2835 2965 3095]
[2820 2970 2865 2680 2215 1790 1635 1555] [2015 2215 2120 2190 2495 2755 3120 2980]
[2980 2925 2895 2685 2265 1895 1545 1570] [2110 1880 1995 2225 2535 2770 3235 3205]
[3015 3075 2990 2625 2215 1705 1725 1725] [1945 2130 2195 2225 2615 2915 3315 3085]
[2780 3065 2975 2615 2140 1800 1780 1540] [1855 1890 2310 2575 2625 3070 3235 3210]
[2960 3110 2910 2705 2335 1835 1610 1775] [1940 2150 2510 2580 3160 3275 3430 3475]
[3010 3025 3140 2645 2155 1825 1825 1725] [1970 1930 2545 3000 3130 3145 3335 3505]
COM7 0 13
4
[3105 2925 2960 2815 2470 1920 1730 1650] [2075 2320 2530 2435 2900 2985 3005 3180]
[3190 3125 2835 2775 2405 2025 1735 1730] [1905 2020 2265 2290 2340 2835 2965 3095]
[2895 3000 2995 2755 2345 1925 1675 1655] [2015 2215 2120 2190 2495 2755 3120 2980]
[3130 2885 2950 2775 2455 2010 1675 1635] [2110 1880 1995 2225 2535 2770 3235 3205]
[3085 3015 2880 2550 2465 1920 1765 1725] [1945 2130 2195 2225 2615 2915 3315 3085]
[3110 2915 3110 2880 2350 2000 1850 1630] [1855 1890 2310 2575 2625 3070 3235 3210]
[3050 3205 2930 2795 2510 2070 1715 1655] [1940 2150 2510 2580 3160 3275 3430 3475]
[3265 3120 3155 2810 2485 2240 1985 1615] [1970 1930 2545 3000 3130 3145 3335 3505]
COM3 1 14
4
[3105 2925 2960 2815 2470 1920 1730 1650] [2055 2320 2490 2590 2805 2870 2780 3185]
[3190 3125 2835 2775 2405 2025 1735 1730] [2160 2230 2390 2225 2370 2885 3125 3105]
[2895 3000 2995 2755 2345 1925 1675 1655] [1975 2100 2135 2000 2470 2740 2920 2980]
[3130 2885 2950 2775 2455 2010 1675 1635] [2075 2000 2145 2320 2425 2655 2990 3035]
[3085 3015 2880 2550 2465 1920 1765 1725] [2035 2035 2315 2055 2550 2840 3175 3135]
[3110 2915 3110 2880 2350 2000 1850 1630] [1870 2080 2235 2510 2835 3235 3295 2990]
[3050 3205 2930 2795 2510 2070 1715 1655] [1905 2310 2360 2750 2830 3065 3205 3345]
[3265 3120 3155 2810 2485 2240 1985 1615] [2025 2170 2420 2875 3090 3160 3325 3490]
COM7 0 15
4
[2660 2645 2890 2650 2795 2355 1905 1580] [2055 2320 2490 2590 2805 2870 2780 3185]
[2725 2970 2905 2835 2785 2300 1765 1600] [2160 2230 2390 2225 2370 2885 3125 3105]
[2610 2785 2905 2825 2590 2315 1860 1520] [1975 2100 2135 2000 2470 2740 2920 2980]
[2880 2790 2840 2890 2715 2220 1645 1495] [2075 2000 2145 2320 2425 2655 2990 3035]
[2925 2965 2905 2935 2655 2145 1795 1535] [2035 2035 2315 2055 2550 2840 3175 3135]
[2880 2650 3020 3065 2645 2110 1880 1430] [1870 2080 2235 2510 2835 3235 3295 2990]
[3115 2925 3000 2870 2785 2210 1715 1480] [1905 2310 2360 2750 2830 3065 3205 3345]
[2595 2990 2935 3095 2965 2535 2115 1615] [2025 2170 2420 2875 3090 3160 3325 3490]
COM3 1 16
4
[2660 2645 2890 2650 2795 2355 1905 1580] [2060 2180 2585 2615 2585 2740 3075 3195]
[2725 2970 2905 2835 2785 2300 1765 1600] [2115 2075 2190 2325 2370 2715 2760 3080]
[2610 2785 2905 2825 2590 2315 1860 1520] [2015 2000 2140 2115 2430 2695 3005 3095]
[2880 2790 2840 2890 2715 2220 1645 1495] [1990 1780 2055 2055 2285 2530 2830 3075]
[2925 2965 2905 2935 2655 2145 1795 1535] [1915 1995 2170 2150 2540 2910 3260 3240]
[2880 2650 3020 3065 2645 2110 1880 1430] [1865 2005 1945 2385 2735 3070 3365 3295]
[3115 2925 3000 2870 2785 2210 1715 1480] [1965 2055 2480 2485 2850 2890 3025 3445]
[2595 2990 2935 3095 2965 2535 2115 1615] [2025 2085 2235 2690 2895 3430 3200 3260]
COM7 0 17
4
[3005 2955 2925 3120 2775 2890 2570 2315] [2060 2180 2585 2615 2585 2740 3075 3195]
[3005 3195 3025 3175 3045 2865 2535 2195] [2115 2075 2190 2325 2370 2715 2760 3080]
[2895 3150 3050 3120 2910 2770 2540 2130] [2015 2000 2140 2115 2430 2695 3005 3095]
[2905 3065 3240 3095 2950 2750 2405 2020] [1990 1780 2055 2055 2285 2530 2830 3075]
[3370 2925 3100 3035 3000 2650 2645 2155] [1915 1995 2170 2150 2540 2910 3260 3240]
[3170 3150 3245 3200 2945 2870 2360 2320] [1865 2005 1945 2385 2735 3070 3365 3295]
[3275 3195 2965 3395 3040 2825 2370 2165] [1965 2055 2480 2485 2850 2890 3025 3445]
[3455 3200 3250 3105 3075 3005 2635 2455] [2025 2085 2235 2690 2895 3430 3200 3260]
COM3 1 18
4
[3005 2955 2925 3120 2775 2890 2570 2315] [1810 1950 2210 2510 2695 2820 2855 3020]
[3005 3195 3025 3175 3045 2865 2535 2195] [1810 1780 2115 2095 2220 2770 2805 2920]
[2895 3150 3050 3120 2910 2770 2540 2130] [1655 1765 1995 2025 2115 2545 2815 2870]
[2905 3065 3240 3095 2950 2750 2405 2020] [1880 1830 1960 2080 2325 2625 2990 3010]
[3370 2925 3100 3035 3000 2650 2645 2155] [1775 2000 2145 2145 2405 2820 3090 3080]
[3170 3150 3245 3200 2945 2870 2360 2320] [1555 1875 2045 2290 2565 3070 3160 3005]
[3275 3195 2965 3395 3040 2825 2370 2165] [1855 2070 2110 2365 2845 3070 3025 3050]
[3455 3200 3250 3105 3075 3005 2635 2455] [1955 1880 2230 2840 2775 2980 3135 3020]
COM7 0 19
4
[2875 2810 2810 2960 2905 2715 2620 2125] [1810 1950 2210 2510 2695 2820 2855 3020]
[3120 3095 2885 3010 2940 2885 2365 2200] [1810 1780 2115 2095 2220 2770 2805 2920]
[2890 3150 2955 2905 3000 2755 2385 2110] [1655 1765 1995 2025 2115 2545 2815 2870]
[2960 3070 3145 2875 3060 2650 2415 2145] [1880 1830 1960 2080 2325 2625 2990 3010]
[3070 2940 3005 3095 3110 2795 2520 2200] [1775 2000 2145 2145 2405 2820 3090 3080]
[2905 3015 3135 3030 3040 2850 2545 2305] [1555 1875 2045 2290 2565 3070 3160 3005]
[3045 3125 3015 3025 3120 2795 2355 2325] [1855 2070 2110 2365 2845 3070 3025 3050]
[3185 3155 3075 2980 2985 3040 3030 2320] [1955 1880 2230 2840 2775 2980 3135 3020]
COM3 1 20
4
[2875 2810 2810 2960 2905 2715 2620 2125] [2030 2000 2145 2190 2620 2855 3060 3220]
[3120 3095 2885 3010 2940 2885 2365 2200] [2035 1980 2015 2195 2320 2665 2885 3000]
[2890 3150 2955 2905 3000 2755 2385 2110] [2020 1980 2095 2035 2355 2360 2905 2945]
[2960 3070 3145 2875 3060 2650 2415 2145] [1920 1865 2135 2135 2400 2680 3075 3095]
[3070 2940 3005 3095 3110 2795 2520 2200] [2005 2240 2285 2340 2630 2810 3240 3040]
[2905 3015 3135 3030 3040 2850 2545 2305] [1940 2050 2375 2540 2865 3145 3035 3170]
[3045 3125 3015 3025 3120 2795 2355 2325] [1975 2415 2415 2515 2665 2990 3295 3245]
[3185 3155 3075 2980 2985 3040 3030 2320] [2040 2260 2485 2795 3190 2950 3055 3260]
COM7 0 21
4
[2910 2685 2975 2815 3000 2535 2275 2035] [2030 2000 2145 2190 2620 2855 3060 3220]
[2955 3060 2915 2975 3010 2760 2350 1935] [2035 1980 2015 2195 2320 2665 2885 3000]
[2995 2910 2920 2925 2775 2860 2275 1945] [2020 1980 2095 2035 2355 2360 2905 2945]
[2910 3060 2975 3030 3000 2605 2320 1825] [1920 1865 2135 2135 2400 2680 3075 3095]
[2910 3075 3150 2865 3015 2675 2395 2285] [2005 2240 2285 2340 2630 2810 3240 3040]
[3030 3050 3105 3090 2915 2835 2505 2095] [1940 2050 2375 2540 2865 3145 3035 3170]
[2760 3245 3065 3095 3115 2940 2570 2170] [1975 2415 2415 2515 2665 2990 3295 3245]
[3045 3110 3225 3025 3060 3080 3050 2420] [2040 2260 2485 2795 3190 2950 3055 3260]
COM3 1 22
4
[2910 2685 2975 2815 3000 2535 2275 2035] [1775 1840 1820 2165 2620 2635 2780 3135]
[2955 3060 2915 2975 3010 2760 2350 1935] [1845 1825 1940 1880 2225 2515 2750 2845]
[2995 2910 2920 2925 2775 2860 2275 1945] [1590 1690 1835 1960 2270 2605 2900 3195]
[2910 3060 2975 3030 3000 2605 2320 1825] [1675 1505 2000 2200 2345 2645 3105 3050]
[2910 3075 3150 2865 3015 2675 2395 2285] [1590 1735 2105 2220 2405 2680 3000 3145]
[3030 3050 3105 3090 2915 2835 2505 2095] [1505 1720 2105 2655 2635 3175 3025 2995]
[2760 3245 3065 3095 3115 2940 2570 2170] [1620 1870 2195 2920 2965 3285 3090 3190]
[3045 3110 3225 3025 3060 3080 3050 2420] [1670 1645 2335 2980 2880 2730 3080 3240]
COM7 0 23
4
[2800 2835 2815 2825 2930 2660 2395 2205] [1775 1840 1820 2165 2620 2635 2780 3135]
[2995 2895 2840 3025 2870 2720 2460 1905] [1845 1825 1940 1880 2225 2515 2750 2845]
[2840 2835 2955 2925 2765 2755 2440 1980] [1590 1690 1835 1960 2270 2605 2900 3195]
[2895 2840 2975 2835 3015 2670 2340 2000] [1675 1505 2000 2200 2345 2645 3105 3050]
[2960 2925 2975 2880 3015 2825 2565 2200] [1590 1735 2105 2220 2405 2680 3000 3145]
[3115 2900 3085 3055 2870 2990 2935 2275] [1505 1720 2105 2655 2635 3175 3025 2995]
[3055 3040 2665 2910 2960 3090 2850 2525] [1620 1870 2195 2920 2965 3285 3090 3190]
[3085 3025 3170 3075 3075 3230 3130 2675] [1670 1645 2335 2980 2880 2730 3080 3240]
COM3 1 24
4
[2800 2835 2815 2825 2930 2660 2395 2205] [2120 2305 2290 2375 2520 2870 2940 3180]
[2995 2895 2840 3025 2870 2720 2460 1905] [2110 2085 2065 2310 2270 2740 2885 3145]
[2840 2835 2955 2925 2765 2755 2440 1980] [2045 2095 2210 2215 2460 2705 3050 3125]
[2895 2840 2975 2835 3015 2670 2340 2000] [2205 2110 2135 2390 2475 2615 3055 3190]
[2960 2925 2975 2880 3015 2825 2565 2200] [2005 1920 2105 2200 2605 2900 3225 3070]
[3115 2900 3085 3055 2870 2990 2935 2275] [2100 2105 2040 2560 2720 3120 3195 3280]
[3055 3040 2665 2910 2960 3090 2850 2525] [2015 2230 2195 2330 2840 3195 3330 3350]
[3085 3025 3170 3075 3075 3230 3130 2675] [2195 2250 2300 2605 2820 3210 3165 3075]
COM7 0 25
4
[2780 3005 2895 2940 2935 2810 3060 2440] [2120 2305 2290 2375 2520 2870 2940 3180]
[3070 3110 2900 2935 3030 2870 2860 2520] [2110 2085 2065 2310 2270 2740 2885 3145]
[2875 2890 2970 2885 3050 2905 2770 2485] [2045 2095 2210 2215 2460 2705 3050 3125]
[3145 2970 3100 3025 3080 3005 2575 2315] [2205 2110 2135 2390 2475 2615 3055 3190]
[3085 2975 3090 2955 3035 2810 2705 2360] [2005 1920 2105 2200 2605 2900 3225 3070]
[3110 3105 3255 3075 2865 2870 2490 2180] [2100 2105 2040 2560 2720 3120 3195 3280]
[3010 3070 3115 3110 3040 2950 2415 2330] [2015 2230 2195 2330 2840 3195 3330 3350]
[3085 3025 3185 3060 3175 2970 2910 2235] [2195 2250 2300 2605 2820 3210 3165 3075]
COM3 1 26
4
[2780 3005 2895 2940 2935 2810 3060 2440] [2420 2445 2495 2695 3145 2875 3060 3175]
[3070 3110 2900 2935 3030 2870 2860 2520] [2160 2225 2245 2510 2685 3090 3120 3100]
[2875 2890 2970 2885 3050 2905 2770 2485] [2035 2100 2240 2340 2590 2995 3080 3070]
[3145 2970 3100 3025 3080 3005 2575 2315] [2230 1995 2130 2330 2545 2885 3045 3185]
[3085 2975 3090 2955 3035 2810 2705 2360] [2060 2135 2095 2240 2645 2860 3005 3440]
[3110 3105 3255 3075 2865 2870 2490 2180] [2105 1710 2100 2415 2705 3055 3205 3330]
[3010 3070 3115 3110 3040 2950 2415 2330] [2105 2055 2290 2445 2905 2925 3300 3195]
[3085 3025 3185 3060 3175 2970 2910 2235] [2215 2040 2190 2300 2890 2970 3240 3240]
COM7 0 27
4
[2855 2690 2845 2915 2825 2770 2530 1885] [2420 2445 2495 2695 3145 2875 3060 3175]
[2950 2850 2725 3055 2965 2670 2340 2180] [2160 2225 2245 2510 2685 3090 3120 3100]
[2905 3075 2945 3035 2665 2805 2375 1715] [2035 2100 2240 2340 2590 2995 3080 3070]
[2945 2890 3125 2925 3065 2770 2250 1775] [2230 1995 2130 2330 2545 2885 3045 3185]
[2855 2905 3035 2865 3120 2775 2350 1900] [2060 2135 2095 2240 2645 2860 3005 3440]
[2870 2935 2995 2860 2870 2795 2375 1815] [2105 1710 2100 2415 2705 3055 3205 3330]
[3030 2945 3050 3195 2970 2995 2220 2170] [2105 2055 2290 2445 2905 2925 3300 3195]
[3090 3010 2960 2995 2940 2950 2820 2180] [2215 2040 2190 2300 2890 2970 3240 3240]
COM3 1 28
4
[2855 2690 2845 2915 2825 2770 2530 1885] [2255 2310 2290 2390 2800 3175 3170 3265]
[2950 2850 2725 3055 2965 2670 2340 2180] [2070 2100 2150 2215 2600 3130 3000 3230]
[2905 3075 2945 3035 2665 2805 2375 1715] [2250 2060 1935 2310 2670 2995 3050 3065]
[2945 2890 3125 2925 3065 2770 2250 1775] [2400 2105 2175 2325 2675 3040 3190 3070]
[2855 2905 3035 2865 3120 2775 2350 1900] [2305 2105 2060 2205 2605 2990 3375 3195]
[2870 2935 2995 2860 2870 2795 2375 1815] [2285 2195 2185 2535 2725 3205 3245 2950]
[3030 2945 3050 3195 2970 2995 2220 2170] [2200 2120 2220 2330 2835 2985 3240 3335]
[3090 3010 2960 2995 2940 2950 2820 2180] [2210 2300 2255 2480 3125 3035 3065 3270]
COM7 0 29
4
[2840 2810 2825 2980 2975 2800 2905 2320] [2255 2310 2290 2390 2800 3175 3170 3265]
[3045 3010 2870 2900 2865 2960 2910 2140] [2070 2100 2150 2215 2600 3130 3000 3230]
[2795 3085 2900 2935 2950 2870 2610 2100] [2250 2060 1935 2310 2670 2995 3050 3065]
[2830 3055 2970 3000 2915 3010 2600 1930] [2400 2105 2175 2325 2675 3040 3190 3070]
[2975 2805 3205 2910 3015 2925 2590 2150] [2305 2105 2060 2205 2605 2990 3375 3195]
[2915 3045 2870 3040 2870 2910 2745 2110] [2285 2195 2185 2535 2725 3205 3245 2950]
[2950 3040 3100 3025 2860 3020 2675 2190] [2200 2120 2220 2330 2835 2985 3240 3335]
[3310 2920 2805 3105 3035 3080 2985 2280] [2210 2300 2255 2480 3125 3035 3065 3270]
COM3 1 30
4
[2840 2810 2825 2980 2975 2800 2905 2320] [2575 2300 2275 2345 2395 2605 2965 3135]
[3045 3010 2870 2900 2865 2960 2910 2140] [2660 2250 2235 2080 2365 2620 2865 3055]
[2795 3085 2900 2935 2950 2870 2610 2100] [2720 2385 2045 2130 2345 2800 3065 3035]
[2830 3055 2970 3000 2915 3010 2600 1930] [2770 2435 2240 2315 2525 2795 3110 3010]
[2975 2805 3205 2910 3015 2925 2590 2150] [2590 2105 2180 2220 2575 3070 3225 3070]
[2915 3045 2870 3040 2870 2910 2745 2110] [2505 2220 2265 2435 2910 3200 3230 3065]
[2950 3040 3100 3025 2860 3020 2675 2190] [2350 2410 2195 2260 2755 3055 3225 3260]
[3310 2920 2805 3105 3035 3080 2985 2280] [2705 2255 2290 2675 2700 3105 3255 3215]
COM7 0 31
4
[2805 2700 2840 2950 2810 2845 3005 2805] [2575 2300 2275 2345 2395 2605 2965 3135]
[2990 2855 2785 2895 2710 2740 2930 2775] [2660 2250 2235 2080 2365 2620 2865 3055]
[2770 2820 2945 2900 2795 2925 2780 2775] [2720 2385 2045 2130 2345 2800 3065 3035]
[2605 2925 3015 2815 2840 2795 2770 2600] [2770 2435 2240 2315 2525 2795 3110 3010]
[2885 2815 2870 2770 2895 2915 3020 2730] [2590 2105 2180 2220 2575 3070 3225 3070]
[2860 2920 2875 2990 2805 3090 3065 2715] [2505 2220 2265 2435 2910 3200 3230 3065]
[2805 3040 2915 2940 3130 2915 2905 2805] [2350 2410 2195 2260 2755 3055 3225 3260]
[3090 2955 2760 2960 2890 2885 3065 2905] [2705 2255 2290 2675 2700 3105 3255 3215]
COM3 1 32
4
[2805 2700 2840 2950 2810 2845 3005 2805] [2755 2425 2140 2320 2380 2490 2910 3190]
[2990 2855 2785 2895 2710 2740 2930 2775] [2865 2320 2265 1955 2260 2710 2875 3010]
[2770 2820 2945 2900 2795 2925 2780 2775] [2910 2420 2190 2065 2420 2700 2975 3120]
[2605 2925 3015 2815 2840 2795 2770 2600] [2655 1935 2170 2365 2345 2900 3135 3200]
[2885 2815 2870 2770 2895 2915 3020 2730] [2660 2300 2240 2280 2675 3035 3180 3165]
[2860 2920 2875 2990 2805 3090 3065 2715] [2380 2260 2170 2385 2725 3000 3320 3155]
[2805 3040 2915 2940 3130 2915 2905 2805] [2585 2315 2440 2555 2475 2885 3160 3390]
[3090 2955 2760 2960 2890 2885 3065 2905] [2575 2400 2570 2445 2945 3195 3250 3250]
COM7 0 33
4
[2825 2685 2745 2835 2670 2865 2900 2885] [2755 2425 2140 2320 2380 2490 2910 3190]
[2905 2840 3030 2875 3000 2785 3035 2985] [2865 2320 2265 1955 2260 2710 2875 3010]
[2685 3085 2915 2650 2910 2895 2885 2925] [2910 2420 2190 2065 2420 2700 2975 3120]
[3240 3035 2975 2890 2865 2855 3000 2870] [2655 1935 2170 2365 2345 2900 3135 3200]
[2930 2970 2925 2800 2980 3030 3005 3075] [2660 2300 2240 2280 2675 3035 3180 3165]
[2995 2940 3010 3040 2900 3020 3040 2975] [2380 2260 2170 2385 2725 3000 3320 3155]
[2820 3105 2840 3035 3040 2835 2975 3170] [2585 2315 2440 2555 2475 2885 3160 3390]
[2980 3025 3045 3100 2940 3080 3335 3125] [2575 2400 2570 2445 2945 3195 3250 3250]
COM3 1 34
4
[2825 2685 2745 2835 2670 2865 2900 2885] [2705 2555 2220 2410 2475 2660 3065 3215]
[2905 2840 3030 2875 3000 2785 3035 2985] [3005 2485 2070 2070 2260 2725 3080 3055]
[2685 3085 2915 2650 2910 2895 2885 2925] [2685 2450 2285 2015 2410 2670 3050 3210]
[3240 3035 2975 2890 2865 2855 3000 2870] [2415 2325 2130 2225 2375 2650 3080 2995]
[2930 2970 2925 2800 2980 3030 3005 3075] [2630 2220 2245 2100 2440 2865 3285 3330]
[2995 2940 3010 3040 2900 3020 3040 2975] [2355 2170 2065 2290 2690 2810 3190 3070]
[2820 3105 2840 3035 3040 2835 2975 3170] [2285 2460 2370 2235 2610 2915 3265 3310]
[2980 3025 3045 3100 2940 3080 3335 3125] [2815 2550 2395 2410 2525 3125 3240 3400]
COM7 0 35
4
[3155 2905 2960 3025 3105 2840 3175 3110] [2705 2555 2220 2410 2475 2660 3065 3215]
[3040 3235 3010 3235 3090 3135 3135 3010] [3005 2485 2070 2070 2260 2725 3080 3055]
[2985 3160 3120 3055 3110 3070 3190 3040] [2685 2450 2285 2015 2410 2670 3050 3210]
[3310 3205 3235 3095 3235 3145 3055 3155] [2415 2325 2130 2225 2375 2650 3080 2995]
[3215 3155 3240 2960 3095 3135 3415 3310] [2630 2220 2245 2100 2440 2865 3285 3330]
[3090 3145 3145 3185 3015 3090 3230 3090] [2355 2170 2065 2290 2690 2810 3190 3070]
[3220 3235 3125 3040 3130 3080 2995 3140] [2285 2460 2370 2235 2610 2915 3265 3310]
[3270 3185 3155 3235 3125 3020 3130 3270] [2815 2550 2395 2410 2525 3125 3240 3400]
COM3 1 36
4
[3155 2905 2960 3025 3105 2840 3175 3110] [2605 2595 2545 2395 2695 2965 3270 3215]
[3040 3235 3010 3235 3090 3135 3135 3010] [2480 2385 2080 2390 2585 3110 3230 3005]
[2985 3160 3120 3055 3110 3070 3190 3040] [2665 2360 2155 2235 2595 2720 3150 2945]
[3310 3205 3235 3095 3235 3145 3055 3155] [2890 2380 2160 2215 2440 2630 3195 3180]
[3215 3155 3240 2960 3095 3135 3415 3310] [2415 2345 2190 2075 2405 2895 3085 3025]
[3090 3145 3145 3185 3015 3090 3230 3090] [2565 2275 2270 2465 2440 2750 2850 3270]
[3220 3235 3125 3040 3130 3080 2995 3140] [2710 2390 2335 2320 2715 2935 3015 3170]
[3270 3185 3155 3235 3125 3020 3130 3270] [2580 2350 2385 2800 2895 3040 3160 3195]
COM7 0 37
4
[2735 2630 2770 2940 2875 2830 2970 2955] [2605 2595 2545 2395 2695 2965 3270 3215]
[2945 3025 2775 2960 2965 2640 2840 2905] [2480 2385 2080 2390 2585 3110 3230 3005]
[2925 2815 2835 2955 2865 2735 2870 2960] [2665 2360 2155 2235 2595 2720 3150 2945]
[2940 3010 2890 2840 2870 2925 2905 2770] [2890 2380 2160 2215 2440 2630 3195 3180]
[2910 2985 3135 2860 2910 2875 3005 3155] [2415 2345 2190 2075 2405 2895 3085 3025]
[2910 2985 3150 3045 2840 3010 2995 2890] [2565 2275 2270 2465 2440 2750 2850 3270]
[2905 3315 3015 3040 2815 3020 2950 2990] [2710 2390 2335 2320 2715 2935 3015 3170]
[3325 3025 2910 2875 2975 3145 3220 3135] [2580 2350 2385 2800 2895 3040 3160 3195]
COM3 1 38
4
[2735 2630 2770 2940 2875 2830 2970 2955] [2605 2380 2355 2620 2920 3095 3120 3190]
[2945 3025 2775 2960 2965 2640 2840 2905] [2570 2285 2355 2435 2615 3155 3250 3235]
[2925 2815 2835 2955 2865 2735 2870 2960] [2405 2440 2110 2335 2695 2930 3060 3205]
[2940 3010 2890 2840 2870 2925 2905 2770] [2585 2335 2135 2140 2615 2780 3135 3020]
[2910 2985 3135 2860 2910 2875 3005 3155] [2420 2510 2430 2320 2600 2970 3345 3195]
[2910 2985 3150 3045 2840 3010 2995 2890] [2695 2145 2355 2560 2640 3035 3285 3125]
[2905 3315 3015 3040 2815 3020 2950 2990] [2450 2460 2440 2470 2805 2985 3275 3250]
[3325 3025 2910 2875 2975 3145 3220 3135] [2625 2380 2405 2530 2460 2970 3260 3250]
COM7 0 39
4
[3080 3015 3025 2880 3025 2895 3150 3055] [2605 2380 2355 2620 2920 3095 3120 3190]
[3110 3105 2985 2980 3030 3055 3130 2995] [2570 2285 2355 2435 2615 3155 3250 3235]
[2940 2950 3045 3045 3040 3070 3085 3075] [2405 2440 2110 2335 2695 2930 3060 3205]
[3145 3050 3145 2995 3025 3070 2995 3030] [2585 2335 2135 2140 2615 2780 3135 3020]
[3050 3115 3140 2880 3225 2915 3285 3130] [2420 2510 2430 2320 2600 2970 3345 3195]
[2915 3110 3265 3130 3055 2880 3280 2895] [2695 2145 2355 2560 2640 3035 3285 3125]
[3275 3050 3225 3035 2985 3200 3175 3015] [2450 2460 2440 2470 2805 2985 3275 3250]
[3200 3155 3060 3085 3175 3035 3305 3105] [2625 2380 2405 2530 2460 2970 3260 3250]
COM3 1 40
4
[3080 3015 3025 2880 3025 2895 3150 3055] [2640 2430 2570 2695 2985 2870 2985 3135]
[3110 3105 2985 2980 3030 3055 3130 2995] [2625 2370 2290 2390 2810 2960 3045 3030]
[2940 2950 3045 3045 3040 3070 3085 3075] [2490 2145 2180 2300 2865 3085 3170 3045]
[3145 3050 3145 2995 3025 3070 2995 3030] [2405 2460 2265 2285 2775 2855 3025 3185]
[3050 3115 3140 2880 3225 2915 3285 3130] [2715 2260 2300 2385 2740 2965 3390 3065]
[2915 3110 3265 3130 3055 2880 3280 2895] [2335 2115 2260 2475 2820 3035 3005 3345]
[3275 3050 3225 3035 2985 3200 3175 3015] [2565 2390 2365 2275 2680 2985 3005 3485]
[3200 3155 3060 3085 3175 3035 3305 3105] [2705 2420 2385 2620 2735 2625 3010 3350]
COM7 0 41
4
[2975 2955 2895 2875 2990 2985 2960 3075] [2640 2430 2570 2695 2985 2870 2985 3135]
[3090 3275 3065 3110 3105 3045 2975 2960] [2625 2370 2290 2390 2810 2960 3045 3030]
[2945 3075 2990 2960 2855 3035 3040 3145] [2490 2145 2180 2300 2865 3085 3170 3045]
[3150 3060 2975 3175 3030 3055 2995 3055] [2405 2460 2265 2285 2775 2855 3025 3185]
[3140 3285 3195 3080 3235 2990 3125 3145] [2715 2260 2300 2385 2740 2965 3390 3065]
[3115 3160 3240 3095 2935 3095 3275 3055] [2335 2115 2260 2475 2820 3035 3005 3345]
[3015 3090 3110 3190 3140 3025 3045 3065] [2565 2390 2365 2275 2680 2985 3005 3485]
[3305 2975 3225 3110 3260 3165 3220 3305] [2705 2420 2385 2620 2735 2625 3010 3350]
COM3 1 42
4
[2975 2955 2895 2875 2990 2985 2960 3075] [2375 2255 2295 2505 2995 3050 2960 3435]
[3090 3275 3065 3110 3105 3045 2975 2960] [2220 2230 2165 2415 2705 2935 3010 2900]
[2945 3075 2990 2960 2855 3035 3040 3145] [2340 2140 2165 2330 2740 3090 3060 3030]
[3150 3060 2975 3175 3030 3055 2995 3055] [2480 2185 2220 2335 2735 3155 3190 3190]
[3140 3285 3195 3080 3235 2990 3125 3145] [2440 2255 2210 2245 2665 2810 3105 3200]
[3115 3160 3240 3095 2935 3095 3275 3055] [2215 2110 2015 2550 2745 3035 3165 3140]
[3015 3090 3110 3190 3140 3025 3045 3065] [2535 2195 2305 2470 2690 3310 3145 3350]
[3305 2975 3225 3110 3260 3165 3220 3305] [2590 2445 2480 2530 2700 2765 3035 3420]
COM7 0 43
4
[3010 2750 3010 2935 2930 2770 2885 2690] [2375 2255 2295 2505 2995 3050 2960 3435]
[3055 3115 2785 2845 2940 2800 2885 2845] [2220 2230 2165 2415 2705 2935 3010 2900]
[2920 2775 2870 2975 2910 2940 2900 3005] [2340 2140 2165 2330 2740 3090 3060 3030]
[2990 2855 3055 2885 3000 3005 2870 2975] [2480 2185 2220 2335 2735 3155 3190 3190]
[2995 3035 3040 2965 3125 3090 2860 3055] [2440 2255 2210 2245 2665 2810 3105 3200]
[2860 3160 3085 3000 2865 3070 2985 3005] [2215 2110 2015 2550 2745 3035 3165 3140]
[2930 3185 3295 3140 3050 3035 2905 2940] [2535 2195 2305 2470 2690 3310 3145 3350]
[3235 2935 3175 2900 3025 3135 3355 3035] [2590 2445 2480 2530 2700 2765 3035 3420]
COM3 1 44
4
[3010 2750 3010 2935 2930 2770 2885 2690] [2470 2300 2360 2450 2885 2955 3210 3085]
[3055 3115 2785 2845 2940 2800 2885 2845] [2615 2310 2300 2415 2575 3275 3125 2975]
[2920 2775 2870 2975 2910 2940 2900 3005] [2475 2315 2165 2275 2740 3065 3050 3195]
[2990 2855 3055 2885 3000 3005 2870 2975] [2825 2415 2210 2390 2715 2900 3090 3220]
[2995 3035 3040 2965 3125 3090 2860 3055] [2590 2175 2290 2330 2805 2990 3170 3330]
[2860 3160 3085 3000 2865 3070 2985 3005] [2565 2385 2280 2510 2600 3040 3065 3170]
[2930 3185 3295 3140 3050 3035 2905 2940] [2540 2450 2265 2390 2595 2885 3195 3215]
[3235 2935 3175 2900 3025 3135 3355 3035] [2875 2505 2255 2510 2415 2735 3205 3315]
COM7 0 45
4
[3070 2830 2845 3120 2860 2805 2995 2955] [2470 2300 2360 2450 2885 2955 3210 3085]
[3115 3115 2905 3110 3145 3010 2940 2950] [2615 2310 2300 2415 2575 3275 3125 2975]
[2955 3205 3050 2925 3030 2995 3090 2900] [2475 2315 2165 2275 2740 3065 3050 3195]
[3150 3235 3105 3025 3170 2955 2855 2935] [2825 2415 2210 2390 2715 2900 3090 3220]
[3145 3180 3065 2985 3205 3120 3195 3150] [2590 2175 2290 2330 2805 2990 3170 3330]
[3090 3245 3045 3200 3100 3075 3255 2985] [2565 2385 2280 2510 2600 3040 3065 3170]
[3115 3255 3210 3135 3150 3090 2935 2955] [2540 2450 2265 2390 2595 2885 3195 3215]
[3290 3025 3195 3100 3075 3200 3305 3155] [2875 2505 2255 2510 2415 2735 3205 3315]
COM3 1 46
4
[3070 2830 2845 3120 2860 2805 2995 2955] [2585 2170 2220 2315 2690 2960 2970 3220]
[3115 3115 2905 3110 3145 3010 2940 2950] [2540 2430 2050 2355 2610 3080 3135 3080]
[2955 3205 3050 2925 3030 2995 3090 2900] [2610 2320 2225 2260 2625 2930 3105 3170]
[3150 3235 3105 3025 3170 2955 2855 2935] [2650 2325 2335 2325 2575 2885 3075 3135]
[3145 3180 3065 2985 3205 3120 3195 3150] [2370 2170 2305 1970 2420 2855 3160 3445]
[3090 3245 3045 3200 3100 3075 3255 2985] [2560 2130 2135 2305 2540 2945 3285 3260]
[3115 3255 3210 3135 3150 3090 2935 2955] [2665 2450 2125 2375 2465 2865 3190 3190]
[3290 3025 3195 3100 3075 3200 3305 3155] [2775 2675 2470 2625 2440 2865 3175 3510]
COM7 0 47
4
[2900 2830 2945 2940 2985 2890 2870 2975] [2585 2170 2220 2315 2690 2960 2970 3220]
[3155 3045 2885 2980 2940 3065 2935 2950] [2540 2430 2050 2355 2610 3080 3135 3080]
[2885 2950 2965 2930 2940 2865 3045 3075] [2610 2320 2225 2260 2625 2930 3105 3170]
[3125 2960 2995 3020 3115 3045 2940 2830] [2650 2325 2335 2325 2575 2885 3075 3135]
[3025 3020 3025 3105 3045 2990 3040 3165] [2370 2170 2305 1970 2420 2855 3160 3445]
[3225 3045 2935 3075 3040 3000 3025 2915] [2560 2130 2135 2305 2540 2945 3285 3260]
[3095 3155 3125 3025 3050 3075 2945 2880] [2665 2450 2125 2375 2465 2865 3190 3190]
[3375 3200 2925 3200 3045 2975 3075 3215] [2775 2675 2470 2625 2440 2865 3175 3510]
COM3 1 48
4
[2900 2830 2945 2940 2985 2890 2870 2975] [2450 2300 2140 1920 2500 2565 2780 3325]
[3155 3045 2885 2980 2940 3065 2935 2950] [2510 2220 2205 2095 2225 2695 2955 3010]
[2885 2950 2965 2930 2940 2865 3045 3075] [2235 2420 2025 2045 2405 2655 3255 3235]
[3125 2960 2995 3020 3115 3045 2940 2830] [2405 2080 2050 2285 2270 2500 3080 3175]
[3025 3020 3025 3105 3045 2990 3040 3165] [2620 2005 2270 2125 2325 2900 3170 3395]
[3225 3045 2935 3075 3040 3000 3025 2915] [2650 2250 1985 2130 2350 2780 3230 3240]
[3095 3155 3125 3025 3050 3075 2945 2880] [2780 2405 2280 2240 2385 2925 3115 3445]
[3375 3200 2925 3200 3045 2975 3075 3215] [2910 2575 2205 2300 2550 2825 3115 3445]
COM7 0 49
4
[3135 2905 2875 2970 3020 3040 3150 3025] [2450 2300 2140 1920 2500 2565 2780 3325]
[3095 3235 3050 3045 3090 3045 2990 3120] [2510 2220 2205 2095 2225 2695 2955 3010]
[2970 2905 3190 2900 3080 3070 3035 2930] [2235 2420 2025 2045 2405 2655 3255 3235]
[3065 3085 3210 3025 2995 2980 3070 3115] [2405 2080 2050 2285 2270 2500 3080 3175]
[3295 3005 3150 2960 3065 3145 3185 3065] [2620 2005 2270 2125 2325 2900 3170 3395]
[3100 3145 3155 3095 3030 3250 3150 3075] [2650 2250 1985 2130 2350 2780 3230 3240]
[3050 3175 3105 3240 2925 3240 2855 3195] [2780 2405 2280 2240 2385 2925 3115 3445]
[3225 3150 2995 3105 3150 3220 3310 3155] [2910 2575 2205 2300 2550 2825 3115 3445]
COM3 1 50
4
[3135 2905 2875 2970 3020 3040 3150 3025] [2765 2310 2315 2065 2475 2475 2695 3175]
[3095 3235 3050 3045 3090 3045 2990 3120] [2955 2400 2290 2205 2320 2580 2875 2905]
[2970 2905 3190 2900 3080 3070 3035 2930] [2805 2420 2365 2155 2435 2710 2905 3105]
[3065 3085 3210 3025 2995 2980 3070 3115] [2650 2310 2120 2075 2535 2480 3110 3055]
[3295 3005 3150 2960 3065 3145 3185 3065] [2520 2535 2170 2255 2370 2565 2890 3235]
[3100 3145 3155 3095 3030 3250 3150 3075] [2600 2160 2275 2240 2510 2685 3180 2950]
[3050 3175 3105 3240 2925 3240 2855 3195] [2910 2510 2350 2470 2665 2780 3115 3135]
[3225 3150 2995 3105 3150 3220 3310 3155] [2925 2830 2310 2510 2665 2825 3040 3325]
COM7 0 51
4
[3225 3155 3015 2960 3085 3070 3140 3020] [2765 2310 2315 2065 2475 2475 2695 3175]
[3260 3130 3170 3110 3135 3050 2985 2860] [2955 2400 2290 2205 2320 2580 2875 2905]
[3020 3190 3125 3040 3035 3025 3030 3020] [2805 2420 2365 2155 2435 2710 2905 3105]
[3335 3045 3285 3010 3180 3065 3175 3245] [2650 2310 2120 2075 2535 2480 3110 3055]
[3325 3260 3285 3110 3095 3145 3370 3210] [2520 2535 2170 2255 2370 2565 2890 3235]
[3250 3160 3335 3140 3045 3290 3355 2915] [2600 2160 2275 2240 2510 2685 3180 2950]
[3245 3285 3240 3215 2975 3310 2985 3170] [2910 2510 2350 2470 2665 2780 3115 3135]
[3235 3100 3195 3300 3135 3325 3320 3315] [2925 2830 2310 2510 2665 2825 3040 3325]
COM3 1 52
4
[3225 3155 3015 2960 3085 3070 3140 3020] [2810 2620 2255 2080 2425 2535 2895 3080]
[3260 3130 3170 3110 3135 3050 2985 2860] [2560 2325 2140 2075 2110 2595 2770 3195]
[3020 3190 3125 3040 3035 3025 3030 3020] [2740 2255 2140 2100 2205 2475 2875 3030]
[3335 3045 3285 3010 3180 3065 3175 3245] [2725 2370 2135 2130 2290 2660 2915 3000]
[3325 3260 3285 3110 3095 3145 3370 3210] [2625 2130 2125 2100 2105 2650 2995 3225]
[3250 3160 3335 3140 3045 3290 3355 2915] [2430 2150 2130 2215 2375 2675 3180 3060]
[3245 3285 3240 3215 2975 3310 2985 3170] [2415 2350 2235 2110 2185 2715 2935 3160]
[3235 3100 3195 3300 3135 3325 3320 3315] [2620 2460 2275 2595 2450 2725 3255 3340]
COM7 0 53
4
[3030 2840 2900 3000 2980 2855 2990 3015] [2810 2620 2255 2080 2425 2535 2895 3080]
[3085 3050 3035 3055 2805 3035 3100 2975] [2560 2325 2140 2075 2110 2595 2770 3195]
[2850 3060 3010 3010 2905 3070 2895 3135] [2740 2255 2140 2100 2205 2475 2875 3030]
[3065 3045 3145 3110 3210 2975 3035 3035] [2725 2370 2135 2130 2290 2660 2915 3000]
[3065 3020 3050 2895 3235 3030 3175 3165] [2625 2130 2125 2100 2105 2650 2995 3225]
[3110 3110 3245 3135 2970 3040 3150 3020] [2430 2150 2130 2215 2375 2675 3180 3060]
[2945 3075 3125 3230 3155 2915 3030 3060] [2415 2350 2235 2110 2185 2715 2935 3160]
[3355 3080 3365 3030 3200 3165 3160 2945] [2620 2460 2275 2595 2450 2725 3255 3340]
COM3 1 54
4
[3030 2840 2900 3000 2980 2855 2990 3015] [3025 2645 2370 2405 2795 2865 3145 3305]
[3085 3050 3035 3055 2805 3035 3100 2975] [2965 2595 2415 2275 2460 2885 3210 3080]
[2850 3060 3010 3010 2905 3070 2895 3135] [2955 2710 2325 2120 2475 2585 2900 3200]
[3065 3045 3145 3110 3210 2975 3035 3035] [3065 2670 2240 2005 2180 2580 2965 3170]
[3065 3020 3050 2895 3235 3030 3175 3165] [2980 2490 2335 2060 2380 2730 3330 3315]
[3110 3110 3245 3135 2970 3040 3150 3020] [2800 2380 2140 2080 2375 2875 3265 3195]
[2945 3075 3125 3230 3155 2915 3030 3060] [2480 2305 2365 2260 2380 2890 3245 3230]
[3355 3080 3365 3030 3200 3165 3160 2945] [2590 2310 2140 2315 2515 2955 3170 3450]
COM7 0 55
4
[3080 2840 2830 2890 3005 2905 3065 2870] [3025 2645 2370 2405 2795 2865 3145 3305]
[3055 3175 3085 3180 3035 2885 3025 2965] [2965 2595 2415 2275 2460 2885 3210 3080]
[2985 2925 2860 2640 2930 3025 3045 2980] [2955 2710 2325 2120 2475 2585 2900 3200]
[3015 3050 3055 2885 3075 2960 3035 2845] [3065 2670 2240 2005 2180 2580 2965 3170]
[3175 3105 3095 2880 3195 3175 3200 3290] [2980 2490 2335 2060 2380 2730 3330 3315]
[2875 3050 3160 3140 3090 3005 3230 2980] [2800 2380 2140 2080 2375 2875 3265 3195]
[2885 3080 3065 3290 3105 3090 2845 3110] [2480 2305 2365 2260 2380 2890 3245 3230]
[3155 3120 3080 3100 3070 3075 3300 2975] [2590 2310 2140 2315 2515 2955 3170 3450]
COM3 1 56
4
[3080 2840 2830 2890 3005 2905 3065 2870] [2835 2350 2215 2340 2500 2865 2980 3115]
[3055 3175 3085 3180 3035 2885 3025 2965] [3010 2310 2360 2200 2405 2695 2980 3070]
[2985 2925 2860 2640 2930 3025 3045 2980] [2730 2510 2120 1995 2440 2695 2985 3100]
[3015 3050 3055 2885 3075 2960 3035 2845] [2640 2255 2160 2145 2290 2515 2965 2885]
[3175 3105 3095 2880 3195 3175 3200 3290] [2685 2375 2185 1990 2300 2555 2945 3240]
[2875 3050 3160 3140 3090 3005 3230 2980] [2420 2310 2120 2205 2240 2590 3045 3195]
[2885 3080 3065 3290 3105 3090 2845 3110] [2515 2330 2225 2300 2180 2775 2890 3150]
[3155 3120 3080 3100 3070 3075 3300 2975] [2645 2250 2260 2150 2560 2710 3145 3415]
COM7 0 57
4
[3000 3005 3070 3090 3015 2870 3015 3145] [2835 2350 2215 2340 2500 2865 2980 3115]
[3175 3115 3090 3055 2930 2960 2905 3000] [3010 2310 2360 2200 2405 2695 2980 3070]
[3000 3025 3115 2985 2975 2955 3035 3060] [2730 2510 2120 1995 2440 2695 2985 3100]
[2900 2995 3220 3025 3200 3010 3050 3080] [2640 2255 2160 2145 2290 2515 2965 2885]
[3075 2965 3200 3075 3105 3015 3130 3010] [2685 2375 2185 1990 2300 2555 2945 3240]
[3035 3225 3070 3140 3045 2995 3180 2890] [2420 2310 2120 2205 2240 2590 3045 3195]
[3205 3000 3130 2995 3150 3000 3000 3325] [2515 2330 2225 2300 2180 2775 2890 3150]
[3265 3385 3080 3155 3050 3085 3150 3040] [2645 2250 2260 2150 2560 2710 3145 3415]
COM3 1 58
4
[3000 3005 3070 3090 3015 2870 3015 3145] [2395 2060 2205 2335 2945 2975 2945 3140]
[3175 3115 3090 3055 2930 2960 2905 3000] [2400 1945 2000 2220 2390 2595 2700 2920]
[3000 3025 3115 2985 2975 2955 3035 3060] [2200 1980 1870 1960 2175 2405 2485 2800]
[2900 2995 3220 3025 3200 3010 3050 3080] [2260 1755 2030 2020 2150 2090 2470 2740]
[3075 2965 3200 3075 3105 3015 3130 3010] [2275 1965 2025 1905 2075 2275 2515 3010]
[3035 3225 3070 3140 3045 2995 3180 2890] [2055 1735 2040 2055 2120 2365 2885 2880]
[3205 3000 3130 2995 3150 3000 3000 3325] [2065 2155 2045 2055 2280 2550 2910 3165]
[3265 3385 3080 3155 3050 3085 3150 3040] [2355 2220 2015 2180 2490 2555 3350 3335]
COM7 0 59
4
[2975 3070 2955 2975 2925 2940 3035 3095] [2395 2060 2205 2335 2945 2975 2945 3140]
[3120 3135 3015 3055 3100 3010 2965 2990] [2400 1945 2000 2220 2390 2595 2700 2920]
[2930 3075 3015 3055 2900 2955 3040 3080] [2200 1980 1870 1960 2175 2405 2485 2800]
[2900 3020 3280 3020 3025 3020 3035 3075] [2260 1755 2030 2020 2150 2090 2470 2740]
[2950 3125 3245 3005 3140 3115 3030 3110] [2275 1965 2025 1905 2075 2275 2515 3010]
[3090 2915 3345 2995 2945 3050 3095 3020] [2055 1735 2040 2055 2120 2365 2885 2880]
[3115 3120 3100 3180 2875 3185 2970 3065] [2065 2155 2045 2055 2280 2550 2910 3165]
[3235 3025 3050 3045 2955 3080 3135 3090] [2355 2220 2015 2180 2490 2555 3350 3335]
COM3 1 60
4
[2975 3070 2955 2975 2925 2940 3035 3095] [2235 1930 1835 2060 2360 2430 2720 2880]
[3120 3135 3015 3055 3100 3010 2965 2990] [2155 1975 1920 1830 2045 2195 2330 2390]
[2930 3075 3015 3055 2900 2955 3040 3080] [2175 1855 1820 1925 2115 2120 2255 2520]
[2900 3020 3280 3020 3025 3020 3035 3075] [2210 1880 1915 1985 1965 2075 2295 2570]
[2950 3125 3245 3005 3140 3115 3030 3110] [2085 2010 2030 1985 2115 2440 2570 2875]
[3090 2915 3345 2995 2945 3050 3095 3020] [2050 1885 1955 2080 2360 2475 2955 2980]
[3115 3120 3100 3180 2875 3185 2970 3065] [2165 2095 1995 2130 2430 2585 3315 3130]
[3235 3025 3050 3045 2955 3080 3135 3090] [2225 2175 1970 2235 2520 2640 3005 3400]
COM7 0 61
4
[3075 2845 2935 3020 3065 2865 3075 3015] [2235 1930 1835 2060 2360 2430 2720 2880]
[3135 3060 3040 3110 3045 3005 3035 2950] [2155 1975 1920 1830 2045 2195 2330 2390]
[2825 3050 3110 2885 3010 2895 3130 2895] [2175 1855 1820 1925 2115 2120 2255 2520]
[3085 2905 3125 3030 3095 3110 2975 2900] [2210 1880 1915 1985 1965 2075 2295 2570]
[3245 2895 2850 3065 3240 3015 3270 3110] [2085 2010 2030 1985 2115 2440 2570 2875]
[2830 2930 3120 3165 2935 3155 3175 3010] [2050 1885 1955 2080 2360 2475 2955 2980]
[3115 2995 3105 3165 2975 3165 2800 3060] [2165 2095 1995 2130 2430 2585 3315 3130]
[3350 3025 3035 3020 3055 3230 3140 3125] [2225 2175 1970 2235 2520 2640 3005 3400]
COM3 1 62
4
[3075 2845 2935 3020 3065 2865 3075 3015] [2180 2035 1675 1820 1985 2125 2475 2680]
[3135 3060 3040 3110 3045 3005 3035 2950] [2205 1965 1855 1685 1720 2015 2220 2505]
[2825 3050 3110 2885 3010 2895 3130 2895] [2025 1740 1745 1770 1840 2000 1925 2375]
[3085 2905 3125 3030 3095 3110 2975 2900] [1935 1600 1855 1810 1865 1960 2265 2600]
[3245 2895 2850 3065 3240 3015 3270 3110] [1960 1735 1985 1805 2055 2430 2545 2775]
[2830 2930 3120 3165 2935 3155 3175 3010] [1625 1815 1855 2045 2360 2670 2825 3175]
[3115 2995 3105 3165 2975 3165 2800 3060] [1815 1940 2070 2150 2405 2840 3270 3235]
[3350 3025 3035 3020 3055 3230 3140 3125] [1875 1640 1880 2310 2415 2890 3295 3395]
COM7 0 63
4
[2895 2845 3035 2910 2990 2975 2910 2990] [2180 2035 1675 1820 1985 2125 2475 2680]
[2910 3085 3085 2990 3040 2920 2865 3085] [2205 1965 1855 1685 1720 2015 2220 2505]
[2845 2905 3100 2975 2800 3060 3045 2965] [2025 1740 1745 1770 1840 2000 1925 2375]
[2990 2950 3095 3125 3120 3065 2925 2775] [1935 1600 1855 1810 1865 1960 2265 2600]
[3035 2965 3080 2920 3035 3005 3025 3115] [1960 1735 1985 1805 2055 2430 2545 2775]
[3055 3165 3110 3255 2950 3095 3160 3055] [1625 1815 1855 2045 2360 2670 2825 3175]
[3135 2995 2945 3260 3010 3075 3045 2990] [1815 1940 2070 2150 2405 2840 3270 3235]
[3275 3245 3080 2870 3070 3080 3330 3040] [1875 1640 1880 2310 2415 2890 3295 3395]
COM3 1 64
4
[2895 2845 3035 2910 2990 2975 2910 2990] [2205 1960 1880 1955 2180 2355 2430 2800]
[2910 3085 3085 2990 3040 2920 2865 3085] [2320 1925 1905 1870 1865 2005 2250 2435]
[2845 2905 3100 2975 2800 3060 3045 2965] [2165 1765 1835 1805 1965 1700 2240 2505]
[2990 2950 3095 3125 3120 3065 2925 2775] [2110 1600 1785 1860 1865 2015 2255 2535]
[3035 2965 3080 2920 3035 3005 3025 3115] [2170 1955 2005 1820 2045 2290 2455 2770]
[3055 3165 3110 3255 2950 3095 3160 3055] [1865 1610 1940 1925 2045 2425 2810 2910]
[3135 2995 2945 3260 3010 3075 3045 2990] [2065 2110 1960 1980 2255 2735 3010 3105]
[3275 3245 3080 2870 3070 3080 3330 3040] [2035 1900 2025 2095 2330 2530 2935 3215]
COM7 0 65
4
[2895 2920 2860 2845 2805 2840 2960 2745] [2205 1960 1880 1955 2180 2355 2430 2800]
[3000 3105 2915 2800 2990 2835 3010 3030] [2320 1925 1905 1870 1865 2005 2250 2435]
[2875 2865 2985 2860 2815 2785 2895 2905] [2165 1765 1835 1805 1965 1700 2240 2505]
[2990 3025 3125 2870 3120 2970 2885 2840] [2110 1600 1785 1860 1865 2015 2255 2535]
[3085 2855 3215 2865 3080 2855 3105 3000] [2170 1955 2005 1820 2045 2290 2455 2770]
[2910 2875 3040 2920 2935 2965 2990 3055] [1865 1610 1940 1925 2045 2425 2810 2910]
[3135 3110 3015 2955 3050 2865 3065 3070] [2065 2110 1960 1980 2255 2735 3010 3105]
[3145 3080 3140 3085 2950 3160 3095 2950] [2035 1900 2025 2095 2330 2530 2935 3215]