COM7 0 6
4
[2855 2875 2795 2980 2970 2885 3025 2875] [3320 3160 3145 3060 2925 2610 2220 2220]
[2985 3130 2965 3160 3040 2950 3035 3175] [3055 3235 3315 3135 2940 2630 2200 1895]
[2900 2965 3080 3055 2965 3055 3025 3070] [3320 3095 3240 3195 3110 2590 2235 2015]
[3080 3085 3155 3000 3105 3025 3060 3085] [3175 3120 3155 3140 3050 2750 2425 2050]
[3085 3035 3130 2990 3075 3135 3225 3090] [3335 3400 3315 3165 3150 2945 2590 2175]
[3100 3165 3055 2945 3045 3055 3160 3065] [3250 3180 3225 3245 3105 3155 2695 2385]
[3135 3150 2930 3345 3130 3295 3005 3065] [3350 3235 3295 3250 3190 3140 2775 2455]
[3295 3090 3050 3255 3155 3220 3160 2980] [3310 3490 3285 3190 3185 3110 2885 2460]
COM3 1 7
4
[2855 2875 2795 2980 2970 2885 3025 2875] [3005 3110 3095 3070 3225 2800 2650 2670]
[2985 3130 2965 3160 3040 2950 3035 3175] [3245 3015 2975 2995 2790 2665 2525 2200]
[2900 2965 3080 3055 2965 3055 3025 3070] [3175 3060 2975 2730 2595 2350 2155 2025]
[3080 3085 3155 3000 3105 3025 3060 3085] [3055 3040 2980 2545 2265 2030 2005 1980]
[3085 3035 3130 2990 3075 3135 3225 3090] [3125 3205 2950 2485 2165 1935 1935 2110]
[3100 3165 3055 2945 3045 3055 3160 3065] [3085 3175 2970 2655 2165 1935 1980 2005]
[3135 3150 2930 3345 3130 3295 3005 3065] [3125 3420 3175 2730 2325 2075 2010 2095]
[3295 3090 3050 3255 3155 3220 3160 2980] [3260 3235 3100 2930 2505 2150 1970 1955]
COM7 0 8
4
[3050 2830 2995 2990 2930 2960 2960 3075] [3005 3110 3095 3070 3225 2800 2650 2670]
[3170 2960 2870 3085 2975 3005 2950 2970] [3245 3015 2975 2995 2790 2665 2525 2200]
[2840 2950 3060 2815 3055 2925 2945 2875] [3175 3060 2975 2730 2595 2350 2155 2025]
[3020 3020 3075 2865 3095 2985 3040 2960] [3055 3040 2980 2545 2265 2030 2005 1980]
[3175 3055 3065 3075 2995 3030 3125 2975] [3125 3205 2950 2485 2165 1935 1935 2110]
[3075 3105 3045 3065 2700 3040 3170 2965] [3085 3175 2970 2655 2165 1935 1980 2005]
[3100 2990 3060 3210 3105 3015 2890 2910] [3125 3420 3175 2730 2325 2075 2010 2095]
[3215 3135 2955 3105 2715 3000 3055 3165] [3260 3235 3100 2930 2505 2150 1970 1955]
COM3 1 9
4
[3050 2830 2995 2990 2930 2960 2960 3075] [3275 3240 3365 3195 3230 2815 2325 2350]
[3170 2960 2870 3085 2975 3005 2950 2970] [3210 3270 3290 3110 2835 2545 2205 1975]
[2840 2950 3060 2815 3055 2925 2945 2875] [3175 3260 3180 3060 2690 2365 2180 2205]
[3020 3020 3075 2865 3095 2985 3040 2960] [3285 3250 3305 3010 2680 2135 2125 2045]
[3175 3055 3065 3075 2995 3030 3125 2975] [3120 3470 3130 2985 2635 2155 1975 2175]
[3075 3105 3045 3065 2700 3040 3170 2965] [3180 3315 3285 3165 2570 2255 2210 2170]
[3100 2990 3060 3210 3105 3015 2890 2910] [3290 3355 3175 3145 2780 2195 2095 1980]
[3215 3135 2955 3105 2715 3000 3055 3165] [3170 3260 3430 3310 2805 2355 2095 1875]
COM7 0 10
4
[3105 2870 2725 2925 3035 2960 2975 2910] [3275 3240 3365 3195 3230 2815 2325 2350]
[3030 3085 2960 3040 3015 3035 2965 2925] [3210 3270 3290 3110 2835 2545 2205 1975]
[2940 2995 3005 3040 2865 3065 2975 2970] [3175 3260 3180 3060 2690 2365 2180 2205]
[3130 3025 3040 3105 3060 3000 2925 2920] [3285 3250 3305 3010 2680 2135 2125 2045]
[3025 3105 2865 3005 2895 2835 3180 3225] [3120 3470 3130 2985 2635 2155 1975 2175]
[3050 3015 3210 3070 2965 3225 3005 3000] [3180 3315 3285 3165 2570 2255 2210 2170]
[3100 3265 3115 3180 3040 3070 2850 3005] [3290 3355 3175 3145 2780 2195 2095 1980]
[3170 3090 3195 3170 3200 3035 3160 2990] [3170 3260 3430 3310 2805 2355 2095 1875]
COM3 1 11
4
[3105 2870 2725 2925 3035 2960 2975 2910] [3105 3105 3310 3005 2485 2250 2080 2320]
[3030 3085 2960 3040 3015 3035 2965 2925] [3260 3065 3070 2585 2350 2105 1955 2060]
[2940 2995 3005 3040 2865 3065 2975 2970] [3110 3025 3030 2720 2340 1995 1875 1955]
[3130 3025 3040 3105 3060 3000 2925 2920] [3140 3145 3160 2735 2345 2015 2015 1955]
[3025 3105 2865 3005 2895 2835 3180 3225] [3270 3305 3295 2755 2400 2095 1985 1985]
[3050 3015 3210 3070 2965 3225 3005 3000] [2970 3370 3315 3100 2580 2240 2060 2030]
[3100 3265 3115 3180 3040 3070 2850 3005] [3260 3350 3210 3150 2520 2120 1950 2005]
[3170 3090 3195 3170 3200 3035 3160 2990] [3420 3285 3305 3330 2880 2270 2110 1955]
COM7 0 12
4
[3025 2810 2865 2950 2905 2840 2860 2685] [3105 3105 3310 3005 2485 2250 2080 2320]
[3115 2945 2870 3115 2930 3075 2860 2955] [3260 3065 3070 2585 2350 2105 1955 2060]
[3010 2860 3045 2960 2975 3070 2955 3000] [3110 3025 3030 2720 2340 1995 1875 1955]
[2990 3080 3155 2775 2975 3005 2975 2905] [3140 3145 3160 2735 2345 2015 2015 1955]
[3145 2845 3050 3035 3030 2855 3125 2970] [3270 3305 3295 2755 2400 2095 1985 1985]
[3035 3165 3225 3080 2845 3015 3260 2900] [2970 3370 3315 3100 2580 2240 2060 2030]
[3085 3150 3115 3100 3130 3065 3050 2860] [3260 3350 3210 3150 2520 2120 1950 2005]
[3195 3105 3135 3170 3055 3165 3160 3185] [3420 3285 3305 3330 2880 2270 2110 1955]
COM3 1 13
4
[3025 2810 2865 2950 2905 2840 2860 2685] [3215 2890 2775 2505 2335 1925 1995 2145]
[3115 2945 2870 3115 2930 3075 2860 2955] [3080 2975 2705 2365 1910 2070 1985 2130]
[3010 2860 3045 2960 2975 3070 2955 3000] [3195 3185 3025 2465 2350 2055 1985 1915]
[2990 3080 3155 2775 2975 3005 2975 2905] [3360 3250 2800 2640 2165 2035 1980 1955]
[3145 2845 3050 3035 3030 2855 3125 2970] [3315 3420 3090 2855 2410 2070 2035 1980]
[3035 3165 3225 3080 2845 3015 3260 2900] [2955 3325 3165 3085 2635 2310 2030 2045]
[3085 3150 3115 3100 3130 3065 3050 2860] [3215 3325 3280 2960 2830 2330 2040 2115]
[3195 3105 3135 3170 3055 3165 3160 3185] [3420 3285 3370 3030 2645 2140 1985 1965]
COM7 0 14
4
[2940 3150 3100 3305 3070 3105 3140 2965] [3215 2890 2775 2505 2335 1925 1995 2145]
[3255 3015 3155 3110 2995 2975 2870 2960] [3080 2975 2705 2365 1910 2070 1985 2130]
[3015 3215 3245 3030 3105 3205 3095 2990] [3195 3185 3025 2465 2350 2055 1985 1915]
[3150 3075 3275 3050 3175 3120 3140 3080] [3360 3250 2800 2640 2165 2035 1980 1955]
[3200 3145 3445 3195 3105 3135 3230 3350] [3315 3420 3090 2855 2410 2070 2035 1980]
[3225 3085 3275 3195 3140 3010 3175 2980] [2955 3325 3165 3085 2635 2310 2030 2045]
[3135 3220 3105 3300 3155 3325 3080 3160] [3215 3325 3280 2960 2830 2330 2040 2115]
[3220 3335 3265 3085 3225 3315 3250 3035] [3420 3285 3370 3030 2645 2140 1985 1965]
COM3 1 15
4
[2940 3150 3100 3305 3070 3105 3140 2965] [3120 3080 3055 2520 2370 2115 2045 2210]
[3255 3015 3155 3110 2995 2975 2870 2960] [3225 3045 2965 2405 2125 2025 2020 2270]
[3015 3215 3245 3030 3105 3205 3095 2990] [3250 3235 2880 2440 2240 2055 2040 2075]
[3150 3075 3275 3050 3175 3120 3140 3080] [3280 3005 2890 2765 2220 2060 2030 2055]
[3200 3145 3445 3195 3105 3135 3230 3350] [3055 3310 3240 2865 2450 2100 2000 1980]
[3225 3085 3275 3195 3140 3010 3175 2980] [3310 3250 3225 3025 2480 2265 2040 2010]
[3135 3220 3105 3300 3155 3325 3080 3160] [3370 3380 3420 3065 2590 2270 1980 2060]
[3220 3335 3265 3085 3225 3315 3250 3035] [3520 3295 3490 3055 2610 2195 2025 2155]
COM7 0 16
4
[2900 2980 2690 2875 2850 2880 2770 2505] [3120 3080 3055 2520 2370 2115 2045 2210]
[3020 3015 2945 2875 3045 2885 2795 2575] [3225 3045 2965 2405 2125 2025 2020 2270]
[2980 2975 2910 3025 2860 2965 2980 2630] [3250 3235 2880 2440 2240 2055 2040 2075]
[3045 2930 3085 2945 3000 2820 2830 2550] [3280 3005 2890 2765 2220 2060 2030 2055]
[3035 3000 2985 2885 3075 2885 3085 2775] [3055 3310 3240 2865 2450 2100 2000 1980]
[2935 3075 3120 3090 2970 3090 3140 2970] [3310 3250 3225 3025 2480 2265 2040 2010]
[3100 3215 2840 2960 3050 2965 3025 2900] [3370 3380 3420 3065 2590 2270 1980 2060]
[3285 3255 3245 3105 3245 3205 3340 2985] [3520 3295 3490 3055 2610 2195 2025 2155]
COM3 1 17
4
[2900 2980 2690 2875 2850 2880 2770 2505] [3020 3170 2955 2655 2475 2220 2005 2240]
[3020 3015 2945 2875 3045 2885 2795 2575] [3225 3175 2765 2535 2175 2140 1930 2070]
[2980 2975 2910 3025 2860 2965 2980 2630] [2990 3025 2650 2355 2125 1905 2025 1945]
[3045 2930 3085 2945 3000 2820 2830 2550] [3240 2905 2895 2380 2170 2115 1965 2005]
[3035 3000 2985 2885 3075 2885 3085 2775] [3420 3200 2780 2520 2320 2110 2005 2000]
[2935 3075 3120 3090 2970 3090 3140 2970] [3270 3025 2910 2690 2390 2095 2085 1985]
[3100 3215 2840 2960 3050 2965 3025 2900] [3400 3625 3380 2935 2355 2040 1900 1965]
[3285 3255 3245 3105 3245 3205 3340 2985] [3145 3265 3375 3005 2505 2315 2025 2025]
COM7 0 18
4
[2650 2785 2685 2845 2445 2090 1695 1530] [3020 3170 2955 2655 2475 2220 2005 2240]
[2985 3070 2840 2800 2745 2245 2005 1600] [3225 3175 2765 2535 2175 2140 1930 2070]
[2685 2810 2870 2755 2670 2660 2155 1855] [2990 3025 2650 2355 2125 1905 2025 1945]
[2740 2780 2865 2850 2970 2700 2470 2050] [3240 2905 2895 2380 2170 2115 1965 2005]
[2805 2870 2790 2965 2970 2860 2775 2430] [3420 3200 2780 2520 2320 2110 2005 2000]
[2730 2875 3050 2950 2765 3000 2875 2440] [3270 3025 2910 2690 2390 2095 2085 1985]
[2745 2835 2855 2870 2895 3025 2640 2270] [3400 3625 3380 2935 2355 2040 1900 1965]
[3220 2925 2860 2990 3015 3045 2650 2310] [3145 3265 3375 3005 2505 2315 2025 2025]
COM3 1 19
4
[2650 2785 2685 2845 2445 2090 1695 1530] [3165 3145 3010 3175 2625 2440 2275 2250]
[2985 3070 2840 2800 2745 2245 2005 1600] [3195 2970 2975 2785 2510 2120 2120 2025]
[2685 2810 2870 2755 2670 2660 2155 1855] [3190 3015 2840 2530 2265 2070 1935 1895]
[2740 2780 2865 2850 2970 2700 2470 2050] [3150 3265 2665 2500 2245 2060 2015 2040]
[2805 2870 2790 2965 2970 2860 2775 2430] [3345 3325 2720 2490 2265 2095 2015 2215]
[2730 2875 3050 2950 2765 3000 2875 2440] [3285 3060 3100 2880 2370 2100 2015 2005]
[2745 2835 2855 2870 2895 3025 2640 2270] [3395 3335 3200 2810 2295 2150 2070 2125]
[3220 2925 2860 2990 3015 3045 2650 2310] [3310 3490 3085 2890 2365 2085 1955 2170]
COM7 0 20
4
[2875 2675 2715 2525 2245 1815 1715 1640] [3165 3145 3010 3175 2625 2440 2275 2250]
[2900 2785 2735 2540 2355 2030 1835 1730] [3195 2970 2975 2785 2510 2120 2120 2025]
[2470 2895 2835 2950 2515 2250 2000 1810] [3190 3015 2840 2530 2265 2070 1935 1895]
[2840 2790 2885 2850 2830 2575 2265 1980] [3150 3265 2665 2500 2245 2060 2015 2040]
[2840 2975 2965 2790 2965 2865 2510 2100] [3345 3325 2720 2490 2265 2095 2015 2215]
[2895 2900 3065 2910 2925 2785 2490 1925] [3285 3060 3100 2880 2370 2100 2015 2005]
[2795 2995 2775 2895 2860 2915 2365 1955] [3395 3335 3200 2810 2295 2150 2070 2125]
[3085 2940 2935 3000 2950 2680 2305 1785] [3310 3490 3085 2890 2365 2085 1955 2170]
COM3 1 21
4
[2875 2675 2715 2525 2245 1815 1715 1640] [3290 3290 3115 2700 2625 2265 1905 2030]
[2900 2785 2735 2540 2355 2030 1835 1730] [3390 2850 3040 2550 2245 1995 2105 2060]
[2470 2895 2835 2950 2515 2250 2000 1810] [3375 3115 2740 2360 1905 1705 1900 1850]
[2840 2790 2885 2850 2830 2575 2265 1980] [3535 2980 2805 2580 2140 1925 2005 2075]
[2840 2975 2965 2790 2965 2865 2510 2100] [3195 3220 3365 2535 2195 1995 1960 2155]
[2895 2900 3065 2910 2925 2785 2490 1925] [3110 3490 3295 2755 2240 2060 1890 2080]
[2795 2995 2775 2895 2860 2915 2365 1955] [3610 3210 3395 2715 2535 2265 1870 1870]
[3085 2940 2935 3000 2950 2680 2305 1785] [3515 3530 3095 3140 2405 1985 1955 2035]
COM7 0 22
4
[2945 2830 2675 2455 2210 1915 1780 1940] [3290 3290 3115 2700 2625 2265 1905 2030]
[3020 3095 2555 2355 2045 1665 1645 1835] [3390 2850 3040 2550 2245 1995 2105 2060]
[2950 2870 2510 2170 1685 1575 1675 1855] [3375 3115 2740 2360 1905 1705 1900 1850]
[3170 2930 2540 2165 1930 1695 1580 1605] [3535 2980 2805 2580 2140 1925 2005 2075]
[2965 2890 2790 2270 2130 1630 1800 1795] [3195 3220 3365 2535 2195 1995 1960 2155]
[3055 3140 2920 2585 2275 2015 1880 1580] [3110 3490 3295 2755 2240 2060 1890 2080]
[3135 3040 2755 2835 2440 2200 1730 1620] [3610 3210 3395 2715 2535 2265 1870 1870]
[3170 3025 3170 2890 2455 2105 2045 1705] [3515 3530 3095 3140 2405 1985 1955 2035]
COM3 1 23
4
[2945 2830 2675 2455 2210 1915 1780 1940] [3320 2850 2905 2450 2400 2070 1995 2310]
[3020 3095 2555 2355 2045 1665 1645 1835] [3240 2930 2955 2455 2030 2085 1950 2120]
[2950 2870 2510 2170 1685 1575 1675 1855] [3320 3225 2780 2415 2140 1955 2025 2150]
[3170 2930 2540 2165 1930 1695 1580 1605] [3145 3055 2960 2620 2350 2040 2005 2005]
[2965 2890 2790 2270 2130 1630 1800 1795] [3275 3255 3235 2580 2385 2105 2045 2070]
[3055 3140 2920 2585 2275 2015 1880 1580] [3400 3320 3075 2955 2525 2125 2015 1860]
[3135 3040 2755 2835 2440 2200 1730 1620] [3215 3515 3455 2930 2485 2215 1835 2200]
[3170 3025 3170 2890 2455 2105 2045 1705] [3625 3195 3285 3030 2425 2345 1955 1870]
COM7 0 24
4
[2730 2390 2140 1835 1645 1510 1640 1660] [3320 2850 2905 2450 2400 2070 1995 2310]
[3020 2730 2305 1950 1705 1555 1535 1635] [3240 2930 2955 2455 2030 2085 1950 2120]
[2935 2835 2495 2295 1825 1580 1555 1570] [3320 3225 2780 2415 2140 1955 2025 2150]
[2870 2935 2800 2445 2305 1855 1545 1410] [3145 3055 2960 2620 2350 2040 2005 2005]
[3005 2945 2915 2680 2315 1755 1835 1535] [3275 3255 3235 2580 2385 2105 2045 2070]
[3010 2990 3015 2875 2505 2025 1680 1515] [3400 3320 3075 2955 2525 2125 2015 1860]
[2875 3050 3130 2720 2390 1755 1500 1550] [3215 3515 3455 2930 2485 2215 1835 2200]
[3245 3025 2775 2665 2240 1765 1760 1440] [3625 3195 3285 3030 2425 2345 1955 1870]
COM3 1 25
4
[2730 2390 2140 1835 1645 1510 1640 1660] [3370 2955 2630 2295 2165 2015 2340 2550]
[3020 2730 2305 1950 1705 1555 1535 1635] [3375 2970 3015 2215 2060 2030 2085 2195]
[2935 2835 2495 2295 1825 1580 1555 1570] [3160 3300 2700 2340 2195 1800 1960 2085]
[2870 2935 2800 2445 2305 1855 1545 1410] [3140 3000 2970 2520 2095 1880 1895 1950]
[3005 2945 2915 2680 2315 1755 1835 1535] [3280 3100 3095 2475 2160 1965 1980 1965]
[3010 2990 3015 2875 2505 2025 1680 1515] [3180 3240 2865 2725 2340 1995 2070 2070]
[2875 3050 3130 2720 2390 1755 1500 1550] [3285 3565 3280 2805 2255 2205 1935 2105]
[3245 3025 2775 2665 2240 1765 1760 1440] [3185 3150 3135 2700 2335 1985 1880 2240]
COM7 0 26
4
[2800 2510 2430 2140 1910 1615 1415 1425] [3370 2955 2630 2295 2165 2015 2340 2550]
[3140 2555 2285 1970 1725 1560 1380 1405] [3375 2970 3015 2215 2060 2030 2085 2195]
[2650 2665 2355 1915 1640 1605 1440 1485] [3160 3300 2700 2340 2195 1800 1960 2085]
[2730 2725 2420 2000 1880 1645 1540 1425] [3140 3000 2970 2520 2095 1880 1895 1950]
[3090 2775 2875 2285 2100 1585 1760 1530] [3280 3100 3095 2475 2160 1965 1980 1965]
[3110 3135 3160 2580 2260 1850 1580 1385] [3180 3240 2865 2725 2340 1995 2070 2070]
[2960 2945 2775 2690 2150 1870 1410 1430] [3285 3565 3280 2805 2255 2205 1935 2105]
[2910 3130 2900 2590 1975 1635 1550 1490] [3185 3150 3135 2700 2335 1985 1880 2240]
COM3 1 27
4
[2800 2510 2430 2140 1910 1615 1415 1425] [2860 2655 2450 2045 1875 1725 2075 2370]
[3140 2555 2285 1970 1725 1560 1380 1405] [2760 2485 2285 2045 1750 1970 1905 2220]
[2650 2665 2355 1915 1640 1605 1440 1485] [2735 2505 2355 2025 1740 1800 1790 1960]
[2730 2725 2420 2000 1880 1645 1540 1425] [2755 2605 2450 2110 1775 1765 1865 1955]
[3090 2775 2875 2285 2100 1585 1760 1530] [2600 2475 2515 2280 2080 1880 1985 1920]
[3110 3135 3160 2580 2260 1850 1580 1385] [2320 2435 2440 2605 2265 1980 1870 2020]
[2960 2945 2775 2690 2150 1870 1410 1430] [2215 2580 2470 2270 2210 1865 1875 2015]
[2910 3130 2900 2590 1975 1635 1550 1490] [2415 2525 2390 2490 2035 2010 2045 2120]
COM7 0 28
4
[2630 2330 1935 1605 1485 1415 1535 1755] [2860 2655 2450 2045 1875 1725 2075 2370]
[2705 2620 1770 1700 1570 1340 1455 1695] [2760 2485 2285 2045 1750 1970 1905 2220]
[2545 2350 2095 1720 1465 1455 1595 1620] [2735 2505 2355 2025 1740 1800 1790 1960]
[2620 2460 2225 1925 1760 1440 1525 1475] [2755 2605 2450 2110 1775 1765 1865 1955]
[2895 2740 2405 2055 1740 1535 1680 1590] [2600 2475 2515 2280 2080 1880 1985 1920]
[2835 2915 2595 2075 1780 1540 1560 1565] [2320 2435 2440 2605 2265 1980 1870 2020]
[2710 2940 2410 2305 1725 1470 1310 1635] [2215 2580 2470 2270 2210 1865 1875 2015]
[2850 2770 2550 2105 1675 1475 1660 1635] [2415 2525 2390 2490 2035 2010 2045 2120]
COM3 1 29
4
[2630 2330 1935 1605 1485 1415 1535 1755] [3225 3100 3160 2815 2570 2325 2315 2540]
[2705 2620 1770 1700 1570 1340 1455 1695] [3175 2880 2790 2415 2325 2105 2020 2420]
[2545 2350 2095 1720 1465 1455 1595 1620] [2985 2620 2495 2205 2270 2060 1960 2340]
[2620 2460 2225 1925 1760 1440 1525 1475] [3150 2825 2405 2200 2095 1805 2000 2210]
[2895 2740 2405 2055 1740 1535 1680 1590] [2850 2790 2430 2170 2165 1995 2085 2275]
[2835 2915 2595 2075 1780 1540 1560 1565] [3100 2920 2800 2370 1975 2065 2100 2175]
[2710 2940 2410 2305 1725 1470 1310 1635] [3130 3005 2875 2530 2105 2040 2120 2285]
[2850 2770 2550 2105 1675 1475 1660 1635] [3385 2945 2805 2490 2345 1975 1865 2285]
COM7 0 30
4
[2670 2425 2040 1710 1555 1525 2110 2180] [3225 3100 3160 2815 2570 2325 2315 2540]
[2765 2410 1715 1585 1585 1605 1900 2210] [3175 2880 2790 2415 2325 2105 2020 2420]
[2475 2205 1785 1550 1500 1615 1985 2310] [2985 2620 2495 2205 2270 2060 1960 2340]
[2735 2340 2040 1625 1540 1610 1800 2095] [3150 2825 2405 2200 2095 1805 2000 2210]
[3010 2510 2150 1790 1640 1525 1835 2135] [2850 2790 2430 2170 2165 1995 2085 2275]
[2860 2635 2285 1960 1575 1620 1695 1800] [3100 2920 2800 2370 1975 2065 2100 2175]
[2810 2730 2415 2040 1605 1625 1490 1775] [3130 3005 2875 2530 2105 2040 2120 2285]
[2425 2605 2415 2195 1590 1605 1665 1685] [3385 2945 2805 2490 2345 1975 1865 2285]
COM3 1 31
4
[2670 2425 2040 1710 1555 1525 2110 2180] [3200 3145 3150 2825 2415 2355 2335 2835]
[2765 2410 1715 1585 1585 1605 1900 2210] [3095 3210 2655 2310 2335 2310 2390 2885]
[2475 2205 1785 1550 1500 1615 1985 2310] [3260 2940 2590 2335 2260 2305 2450 2695]
[2735 2340 2040 1625 1540 1610 1800 2095] [3140 2890 2515 2245 1950 2145 2420 2520]
[3010 2510 2150 1790 1640 1525 1835 2135] [3045 3230 2370 2095 2075 2190 2310 2585]
[2860 2635 2285 1960 1575 1620 1695 1800] [2960 2780 2635 2295 2135 2235 2370 2595]
[2810 2730 2415 2040 1605 1625 1490 1775] [3385 3095 2745 2240 2240 2020 2185 2610]
[2425 2605 2415 2195 1590 1605 1665 1685] [3520 3445 3085 2625 2265 2060 2285 2590]
COM7 0 32
4
[2460 1875 1865 1725 1665 1815 2345 2235] [3200 3145 3150 2825 2415 2355 2335 2835]
[2255 1975 1685 1695 1715 1845 1915 2300] [3095 3210 2655 2310 2335 2310 2390 2885]
[1745 1590 1675 1675 1620 1690 1855 2225] [3260 2940 2590 2335 2260 2305 2450 2695]
[1670 1550 1755 1615 1670 1740 1730 1905] [3140 2890 2515 2245 1950 2145 2420 2520]
[1855 1650 1635 1565 1670 1590 1745 1970] [3045 3230 2370 2095 2075 2190 2310 2585]
[2195 2040 1715 1735 1585 1655 1735 1815] [2960 2780 2635 2295 2135 2235 2370 2595]
[2695 2415 1745 1855 1545 1635 1770 2090] [3385 3095 2745 2240 2240 2020 2185 2610]
[3040 2480 2210 1935 1705 1690 2110 2255] [3520 3445 3085 2625 2265 2060 2285 2590]
COM3 1 33
4
[2460 1875 1865 1725 1665 1815 2345 2235] [3310 3165 3005 2615 2395 2685 2750 2980]
[2255 1975 1685 1695 1715 1845 1915 2300] [3000 2950 2520 2385 2280 2485 2470 2840]
[1745 1590 1675 1675 1620 1690 1855 2225] [3010 2815 2330 2175 2220 2480 2770 2995]
[1670 1550 1755 1615 1670 1740 1730 1905] [3045 2775 2325 2000 2180 2340 2950 2935]
[1855 1650 1635 1565 1670 1590 1745 1970] [3210 2955 2425 2180 2210 2415 2810 3195]
[2195 2040 1715 1735 1585 1655 1735 1815] [2960 2785 2355 2235 2185 2470 2570 2985]
[2695 2415 1745 1855 1545 1635 1770 2090] [3270 3220 2530 2260 2180 2330 2560 2870]
[3040 2480 2210 1935 1705 1690 2110 2255] [3190 2875 2535 2415 2365 2235 2550 3185]
COM7 0 34
4
[2740 2510 2515 2255 2305 2205 2505 2680] [3310 3165 3005 2615 2395 2685 2750 2980]
[2600 2460 2215 2360 2165 2160 2575 2710] [3000 2950 2520 2385 2280 2485 2470 2840]
[2370 2070 1945 2030 2100 2220 2370 2775] [3010 2815 2330 2175 2220 2480 2770 2995]
[1965 2035 2085 1835 2215 2150 2300 2480] [3045 2775 2325 2000 2180 2340 2950 2935]
[2215 1980 2165 2025 1970 2085 2215 2555] [3210 2955 2425 2180 2210 2415 2810 3195]
[2315 2095 2105 2145 2005 2055 2250 2420] [2960 2785 2355 2235 2185 2470 2570 2985]
[2580 2250 2105 2230 1955 2165 2105 2400] [3270 3220 2530 2260 2180 2330 2560 2870]
[2980 2890 2500 2045 2120 2105 2360 2735] [3190 2875 2535 2415 2365 2235 2550 3185]
COM3 1 35
4
[2740 2510 2515 2255 2305 2205 2505 2680] [2755 2525 2390 2315 2575 2515 2780 3035]
[2600 2460 2215 2360 2165 2160 2575 2710] [2385 2195 2200 2215 2345 2695 2575 2840]
[2370 2070 1945 2030 2100 2220 2370 2775] [2250 2095 1960 2040 2440 2585 2865 3005]
[1965 2035 2085 1835 2215 2150 2300 2480] [2465 2065 2020 1965 2290 2675 3030 3135]
[2215 1980 2165 2025 1970 2085 2215 2555] [2395 2100 2075 1815 2130 2560 2870 3095]
[2315 2095 2105 2145 2005 2055 2250 2420] [2905 2370 2085 2160 2080 2395 2725 3265]
[2580 2250 2105 2230 1955 2165 2105 2400] [2690 2555 2120 2065 2015 2305 2675 3085]
[2980 2890 2500 2045 2120 2105 2360 2735] [3080 2670 2450 2285 1905 2135 2690 2980]
COM7 0 36
4
[2845 2610 2335 1825 1670 1815 2230 2525] [2755 2525 2390 2315 2575 2515 2780 3035]
[2635 2425 2000 1985 1700 1705 2135 2355] [2385 2195 2200 2215 2345 2695 2575 2840]
[1995 1910 1900 1675 1535 1705 1860 2240] [2250 2095 1960 2040 2440 2585 2865 3005]
[1970 1615 1705 1525 1590 1660 1840 2075] [2465 2065 2020 1965 2290 2675 3030 3135]
[1855 1560 1560 1575 1590 1605 1890 1800] [2395 2100 2075 1815 2130 2560 2870 3095]
[1890 1780 1700 1575 1785 1520 1560 1865] [2905 2370 2085 2160 2080 2395 2725 3265]
[2400 2245 1920 2035 1550 1580 1700 2020] [2690 2555 2120 2065 2015 2305 2675 3085]
[3110 2805 1990 1885 1680 1665 2050 2105] [3080 2670 2450 2285 1905 2135 2690 2980]
COM3 1 37
4
[2845 2610 2335 1825 1670 1815 2230 2525] [2075 1935 2215 2220 2475 2550 2695 3060]
[2635 2425 2000 1985 1700 1705 2135 2355] [1845 2070 2035 2110 2220 2585 2725 2850]
[1995 1910 1900 1675 1535 1705 1860 2240] [1925 1700 1980 1900 2285 2530 2850 3080]
[1970 1615 1705 1525 1590 1660 1840 2075] [2055 1755 1880 1995 2075 2395 2685 3080]
[1855 1560 1560 1575 1590 1605 1890 1800] [2390 2010 1935 1785 1935 2205 2780 3330]
[1890 1780 1700 1575 1785 1520 1560 1865] [2525 2345 2100 2015 2035 2325 2690 3140]
[2400 2245 1920 2035 1550 1580 1700 2020] [2875 2515 2080 1955 1905 2320 2725 3275]
[3110 2805 1990 1885 1680 1665 2050 2105] [2710 2475 2205 2000 2000 2385 2760 3390]
COM7 0 38
4
[2840 2540 2440 2215 1790 2015 2600 3165] [2075 1935 2215 2220 2475 2550 2695 3060]
[2735 2420 1970 2200 2050 1995 2420 2700] [1845 2070 2035 2110 2220 2585 2725 2850]
[2080 1950 1915 1810 1895 2080 2310 2510] [1925 1700 1980 1900 2285 2530 2850 3080]
[2125 1720 1860 1775 1790 1835 2125 2390] [2055 1755 1880 1995 2075 2395 2685 3080]
[1955 1770 1740 1655 1955 1815 1850 2115] [2390 2010 1935 1785 1935 2205 2780 3330]
[2475 2045 2100 2075 1850 1855 2165 2240] [2525 2345 2100 2015 2035 2325 2690 3140]
[2735 2345 1985 2155 1820 1905 1915 2330] [2875 2515 2080 1955 1905 2320 2725 3275]
[3275 2815 2405 2105 2115 2025 2305 2985] [2710 2475 2205 2000 2000 2385 2760 3390]
COM3 1 39
4
[2840 2540 2440 2215 1790 2015 2600 3165] [2640 2575 2465 2480 2740 2915 3250 3325]
[2735 2420 1970 2200 2050 1995 2420 2700] [2380 2320 2385 2495 2735 3045 2930 3120]
[2080 1950 1915 1810 1895 2080 2310 2510] [2525 2320 2265 2385 2640 2930 3040 3020]
[2125 1720 1860 1775 1790 1835 2125 2390] [2495 2270 2335 2430 2430 2815 3095 3115]
[1955 1770 1740 1655 1955 1815 1850 2115] [2415 2440 2320 2210 2350 2585 2985 3470]
[2475 2045 2100 2075 1850 1855 2165 2240] [2720 2550 2280 2400 2400 2540 2840 3195]
[2735 2345 1985 2155 1820 1905 1915 2330] [3005 2860 2405 2335 2360 2490 2935 3305]
[3275 2815 2405 2105 2115 2025 2305 2985] [2875 2830 2385 2560 2435 2810 3220 3365]
COM7 0 40
4
[2770 2290 2290 2310 2345 2335 2915 3275] [2640 2575 2465 2480 2740 2915 3250 3325]
[2490 2380 2255 1905 2125 2250 2490 2810] [2380 2320 2385 2495 2735 3045 2930 3120]
[2120 1975 1980 1935 2140 2190 2180 2595] [2525 2320 2265 2385 2640 2930 3040 3020]
[2105 1890 2175 2070 2105 2095 2330 2430] [2495 2270 2335 2430 2430 2815 3095 3115]
[2475 2220 2190 2160 2115 2030 2410 2400] [2415 2440 2320 2210 2350 2585 2985 3470]
[2675 2400 2430 2125 2140 2145 2350 2145] [2720 2550 2280 2400 2400 2540 2840 3195]
[3275 2755 2175 2305 2190 2190 2130 2645] [3005 2860 2405 2335 2360 2490 2935 3305]
[3105 2665 2465 2255 2430 2435 2510 2800] [2875 2830 2385 2560 2435 2810 3220 3365]
COM3 1 41
4
[2770 2290 2290 2310 2345 2335 2915 3275] [2530 2390 2245 2350 2745 2755 3045 3310]
[2490 2380 2255 1905 2125 2250 2490 2810] [2290 2110 2150 2230 2445 2875 3000 3115]
[2120 1975 1980 1935 2140 2190 2180 2595] [2025 1985 1960 2135 2515 2715 3030 3125]
[2105 1890 2175 2070 2105 2095 2330 2430] [2060 2020 2150 2270 2395 2580 3115 3180]
[2475 2220 2190 2160 2115 2030 2410 2400] [2035 2105 2155 1950 2200 2590 3220 3200]
[2675 2400 2430 2125 2140 2145 2350 2145] [2025 1945 2015 2145 2125 2385 3070 3005]
[3275 2755 2175 2305 2190 2190 2130 2645] [2435 2185 2100 2075 2125 2575 2875 3455]
[3105 2665 2465 2255 2430 2435 2510 2800] [2555 2315 2060 2075 2170 2395 3105 3290]
COM7 0 42
4
[2420 1830 1820 1955 2110 2195 2510 2800] [2530 2390 2245 2350 2745 2755 3045 3310]
[2290 1935 1875 1845 1935 2015 2100 2445] [2290 2110 2150 2230 2445 2875 3000 3115]
[1860 1910 1960 1780 1805 1935 2040 2265] [2025 1985 1960 2135 2515 2715 3030 3125]
[2200 1885 2035 1875 1855 2000 1940 2115] [2060 2020 2150 2270 2395 2580 3115 3180]
[2495 2175 1985 1860 1950 1860 2065 2345] [2035 2105 2155 1950 2200 2590 3220 3200]
[3125 2630 2320 2020 1835 2100 1985 2380] [2025 1945 2015 2145 2125 2385 3070 3005]
[2950 2735 2290 2465 1865 2015 2245 2535] [2435 2185 2100 2075 2125 2575 2875 3455]
[2965 2810 2320 2270 2320 2075 2530 3070] [2555 2315 2060 2075 2170 2395 3105 3290]
COM3 1 43
4
[2420 1830 1820 1955 2110 2195 2510 2800] [2195 2375 2175 2215 2270 2805 2995 3245]
[2290 1935 1875 1845 1935 2015 2100 2445] [2250 2005 2115 2055 2220 2835 2995 3195]
[1860 1910 1960 1780 1805 1935 2040 2265] [2005 2035 2105 2135 2485 2740 2965 3200]
[2200 1885 2035 1875 1855 2000 1940 2115] [1950 1970 2150 2190 2325 2600 3025 3200]
[2495 2175 1985 1860 1950 1860 2065 2345] [2145 1955 2060 2035 2160 2560 3045 3395]
[3125 2630 2320 2020 1835 2100 1985 2380] [2245 1810 1920 2190 2035 2300 2905 3015]
[2950 2735 2290 2465 1865 2015 2245 2535] [2235 2260 2025 2100 2180 2430 3040 3395]
[2965 2810 2320 2270 2320 2075 2530 3070] [2480 2270 1985 2145 2345 2630 3105 3055]
COM7 0 44
4
[2345 2125 2075 2170 2260 2315 2535 2755] [2195 2375 2175 2215 2270 2805 2995 3245]
[2340 2150 1880 2170 2240 2120 2465 2575] [2250 2005 2115 2055 2220 2835 2995 3195]
[2075 1900 2060 2000 2110 2295 2160 2570] [2005 2035 2105 2135 2485 2740 2965 3200]
[2270 2095 1885 1975 2050 2175 2105 2585] [1950 1970 2150 2190 2325 2600 3025 3200]
[2480 2195 2170 2085 2105 2080 2280 2770] [2145 1955 2060 2035 2160 2560 3045 3395]
[2575 2335 2240 2275 2060 2110 2245 2550] [2245 1810 1920 2190 2035 2300 2905 3015]
[3160 2555 2430 2325 2055 2425 2285 2745] [2235 2260 2025 2100 2180 2430 3040 3395]
[3255 2775 2470 2400 2305 2500 2790 3070] [2480 2270 1985 2145 2345 2630 3105 3055]
COM3 1 45
4
[2345 2125 2075 2170 2260 2315 2535 2755] [2260 2070 2065 2250 2625 2820 3220 3195]
[2340 2150 1880 2170 2240 2120 2465 2575] [1920 2025 2105 2110 2405 2875 3075 3195]
[2075 1900 2060 2000 2110 2295 2160 2570] [1995 1885 1925 2115 2500 2745 3105 2905]
[2270 2095 1885 1975 2050 2175 2105 2585] [1935 2165 2070 2030 2230 2710 2825 3105]
[2480 2195 2170 2085 2105 2080 2280 2770] [2020 1915 2050 1735 2250 2615 2875 3115]
[2575 2335 2240 2275 2060 2110 2245 2550] [2115 2060 1935 2165 2200 2510 2925 3370]
[3160 2555 2430 2325 2055 2425 2285 2745] [2100 2185 2055 2145 2220 2620 2910 3320]
[3255 2775 2470 2400 2305 2500 2790 3070] [2550 2150 2050 2305 2335 2620 3080 3270]
COM7 0 46
4
[2420 1950 2095 2050 2055 2295 2640 2905] [2260 2070 2065 2250 2625 2820 3220 3195]
[2235 1900 1920 1860 2040 2170 2480 2805] [1920 2025 2105 2110 2405 2875 3075 3195]
[2005 1660 1715 1715 1835 1905 2105 2465] [1995 1885 1925 2115 2500 2745 3105 2905]
[1895 1795 1845 1880 1865 1880 1950 2390] [1935 2165 2070 2030 2230 2710 2825 3105]
[1900 1685 1900 1740 1935 1625 2000 2080] [2020 1915 2050 1735 2250 2615 2875 3115]
[2110 1940 1925 1795 1715 1640 1960 2250] [2115 2060 1935 2165 2200 2510 2925 3370]
[2305 2140 1905 1990 1815 1650 1980 2420] [2100 2185 2055 2145 2220 2620 2910 3320]
[2890 2545 2155 2060 1825 2005 2260 2555] [2550 2150 2050 2305 2335 2620 3080 3270]
COM3 1 47
4
[2420 1950 2095 2050 2055 2295 2640 2905] [2100 2265 2360 2450 2710 3070 3205 3165]
[2235 1900 1920 1860 2040 2170 2480 2805] [2030 2030 2245 2335 2585 3010 3020 3120]
[2005 1660 1715 1715 1835 1905 2105 2465] [2180 2030 2085 2130 2590 2855 3080 3185]
[1895 1795 1845 1880 1865 1880 1950 2390] [2055 2095 1975 2095 2310 2550 2855 3145]
[1900 1685 1900 1740 1935 1625 2000 2080] [1915 2145 2135 2055 2305 2575 3035 3270]
[2110 1940 1925 1795 1715 1640 1960 2250] [2070 2040 2020 2045 2300 2535 3175 3200]
[2305 2140 1905 1990 1815 1650 1980 2420] [2025 2105 2095 2110 2300 2890 3270 3095]
[2890 2545 2155 2060 1825 2005 2260 2555] [2160 2100 2225 2135 2535 2995 3315 3430]
COM7 0 48
4
[2600 2225 2095 2165 2110 2330 2955 3165] [2100 2265 2360 2450 2710 3070 3205 3165]
[2355 1955 1825 2005 2220 2400 2535 3060] [2030 2030 2245 2335 2585 3010 3020 3120]
[1780 1820 1915 1925 2015 2250 2590 2950] [2180 2030 2085 2130 2590 2855 3080 3185]
[1950 1775 1835 2005 2040 2255 2345 2545] [2055 2095 1975 2095 2310 2550 2855 3145]
[1880 1820 1700 1855 1855 2070 2240 2525] [1915 2145 2135 2055 2305 2575 3035 3270]
[1900 1940 1840 1985 1830 2040 2170 2390] [2070 2040 2020 2045 2300 2535 3175 3200]
[2475 2015 1900 1790 1955 2055 2045 2255] [2025 2105 2095 2110 2300 2890 3270 3095]
[2890 2435 2225 1980 1985 1760 2225 2410] [2160 2100 2225 2135 2535 2995 3315 3430]
COM3 1 49
4
[2600 2225 2095 2165 2110 2330 2955 3165] [2365 2140 2405 2590 3025 3000 3145 3245]
[2355 1955 1825 2005 2220 2400 2535 3060] [2240 2130 2385 2525 2770 3185 3170 3230]
[1780 1820 1915 1925 2015 2250 2590 2950] [2085 2035 2125 2485 2935 3055 3070 3015]
[1950 1775 1835 2005 2040 2255 2345 2545] [2140 2060 2275 2445 2880 3080 3210 3140]
[1880 1820 1700 1855 1855 2070 2240 2525] [2110 2030 2270 2250 2725 3025 3110 3115]
[1900 1940 1840 1985 1830 2040 2170 2390] [1785 2075 2175 2295 2740 3055 3265 3135]
[2475 2015 1900 1790 1955 2055 2045 2255] [1885 2070 2080 2380 2665 2945 3270 3320]
[2890 2435 2225 1980 1985 1760 2225 2410] [2075 2185 2125 2390 2625 2910 3555 3375]
COM7 0 50
4
[2410 2220 1895 1870 2455 2665 2555 2695] [2365 2140 2405 2590 3025 3000 3145 3245]
[2510 2030 1680 1820 2170 2335 2745 2975] [2240 2130 2385 2525 2770 3185 3170 3230]
[2325 2125 1760 1825 1905 2405 2725 2655] [2085 2035 2125 2485 2935 3055 3070 3015]
[2235 1870 1715 1800 1980 2150 2665 2785] [2140 2060 2275 2445 2880 3080 3210 3140]
[2590 1880 2050 1820 2190 2005 2425 2565] [2110 2030 2270 2250 2725 3025 3110 3115]
[2555 2220 2015 1830 1750 1945 2595 2510] [1785 2075 2175 2295 2740 3055 3265 3135]
[2880 2280 1975 1765 1880 1915 1970 2280] [1885 2070 2080 2380 2665 2945 3270 3320]
[3050 2410 2280 2025 1645 1560 1735 2255] [2075 2185 2125 2390 2625 2910 3555 3375]
COM3 1 51
4
[2410 2220 1895 1870 2455 2665 2555 2695] [2435 2445 2565 2665 3015 3025 3125 3015]
[2510 2030 1680 1820 2170 2335 2745 2975] [2405 2435 2495 2725 2965 2995 3085 3080]
[2325 2125 1760 1825 1905 2405 2725 2655] [2300 2225 2385 2705 3150 3040 3065 2975]
[2235 1870 1715 1800 1980 2150 2665 2785] [2280 2115 2305 2690 3045 3185 2905 3120]
[2590 1880 2050 1820 2190 2005 2425 2565] [2100 2200 2325 2545 3010 3185 3145 3050]
[2555 2220 2015 1830 1750 1945 2595 2510] [1805 2070 2255 2595 3100 3195 3280 3005]
[2880 2280 1975 1765 1880 1915 1970 2280] [1900 1990 2210 2635 2830 3300 3215 3205]
[3050 2410 2280 2025 1645 1560 1735 2255] [1845 2035 2150 2520 2920 3135 3140 3340]
COM7 0 52
4
[2530 2375 2170 2170 2405 2700 3610 3595] [2435 2445 2565 2665 3015 3025 3125 3015]
[2510 2320 2245 2160 2260 2580 3060 3545] [2405 2435 2495 2725 2965 2995 3085 3080]
[2535 2400 2195 2150 2105 2545 2755 3575] [2300 2225 2385 2705 3150 3040 3065 2975]
[2620 2410 2370 2235 2325 2370 2685 3270] [2280 2115 2305 2690 3045 3185 2905 3120]
[2910 2590 2375 2230 2330 2300 2715 3015] [2100 2200 2325 2545 3010 3185 3145 3050]
[2655 2745 2575 2265 2140 2505 2455 3050] [1805 2070 2255 2595 3100 3195 3280 3005]
[3115 3170 2540 2445 2265 2385 2505 2990] [1900 1990 2210 2635 2830 3300 3215 3205]
[3315 2895 2655 2385 2360 2455 2705 3055] [1845 2035 2150 2520 2920 3135 3140 3340]
COM3 1 53
4
[2530 2375 2170 2170 2405 2700 3610 3595] [2590 2560 2905 3060 3250 3095 3160 3135]
[2510 2320 2245 2160 2260 2580 3060 3545] [2480 2455 2735 3025 3035 3250 3195 3230]
[2535 2400 2195 2150 2105 2545 2755 3575] [2100 2510 2775 3045 3440 3090 3225 3155]
[2620 2410 2370 2235 2325 2370 2685 3270] [2305 2465 2715 3010 3150 3185 3250 3155]
[2910 2590 2375 2230 2330 2300 2715 3015] [2025 2315 2800 3100 3215 3220 3440 3100]
[2655 2745 2575 2265 2140 2505 2455 3050] [1890 2205 2595 3180 3175 3105 3255 3185]
[3115 3170 2540 2445 2265 2385 2505 2990] [1965 2185 2410 2835 3285 3360 3210 3350]
[3315 2895 2655 2385 2360 2455 2705 3055] [2015 2295 2570 2940 3295 3365 3300 3375]
COM7 0 54
4
[2330 1885 1605 1690 1565 1795 1905 2465] [2590 2560 2905 3060 3250 3095 3160 3135]
[2005 1760 1805 1520 1605 1645 1690 2135] [2480 2455 2735 3025 3035 3250 3195 3230]
[1940 1920 1680 1605 1425 1475 1705 2320] [2100 2510 2775 3045 3440 3090 3225 3155]
[2165 2140 2225 1550 1595 1540 1615 1785] [2305 2465 2715 3010 3150 3185 3250 3155]
[2860 2200 1960 1715 1675 1520 1665 2125] [2025 2315 2800 3100 3215 3220 3440 3100]
[2990 2330 2190 1750 1695 1645 1740 1745] [1890 2205 2595 3180 3175 3105 3255 3185]
[3115 2525 1935 1645 1490 1540 1830 2295] [1965 2185 2410 2835 3285 3360 3210 3350]
[3100 2295 1915 1555 1630 1590 2030 1960] [2015 2295 2570 2940 3295 3365 3300 3375]
COM3 1 55
4
[2330 1885 1605 1690 1565 1795 1905 2465] [1930 2495 2665 2830 3210 3000 3190 3285]
[2005 1760 1805 1520 1605 1645 1690 2135] [2155 2355 2870 3040 3185 3210 3155 3200]
[1940 1920 1680 1605 1425 1475 1705 2320] [1995 2300 2735 2925 3115 3235 3175 3120]
[2165 2140 2225 1550 1595 1540 1615 1785] [2015 2415 2855 3155 3130 3135 3145 3135]
[2860 2200 1960 1715 1675 1520 1665 2125] [2010 2435 2600 2900 3185 3115 3205 3095]
[2990 2330 2190 1750 1695 1645 1740 1745] [1820 2110 2610 3070 3200 3310 3275 3110]
[3115 2525 1935 1645 1490 1540 1830 2295] [1815 2095 2680 2950 3490 3220 3165 3390]
[3100 2295 1915 1555 1630 1590 2030 1960] [1765 2055 2590 2795 3005 3190 3245 3365]
COM7 0 56
4
[2245 1930 1775 1630 1880 1690 2040 2440] [1930 2495 2665 2830 3210 3000 3190 3285]
[2050 2055 1865 1810 1650 1815 1955 2355] [2155 2355 2870 3040 3185 3210 3155 3200]
[1955 2085 2030 1790 1675 1515 1900 2160] [1995 2300 2735 2925 3115 3235 3175 3120]
[2385 2465 2245 1860 1730 1655 1845 1880] [2015 2415 2855 3155 3130 3135 3145 3135]
[2655 2700 2130 1965 1725 1610 1920 2145] [2010 2435 2600 2900 3185 3115 3205 3095]
[3060 2370 2240 1795 1605 1640 1885 1900] [1820 2110 2610 3070 3200 3310 3275 3110]
[3090 2775 2010 1985 1865 1835 1675 1940] [1815 2095 2680 2950 3490 3220 3165 3390]
[3185 2695 2125 1645 1720 1620 1900 2005] [1765 2055 2590 2795 3005 3190 3245 3365]
COM3 1 57
4
[2245 1930 1775 1630 1880 1690 2040 2440] [2325 2450 3025 2990 3180 3200 2905 3255]
[2050 2055 1865 1810 1650 1815 1955 2355] [2280 2525 3040 3220 3105 3155 3100 2940]
[1955 2085 2030 1790 1675 1515 1900 2160] [2265 2415 2795 2960 3230 3035 3110 3075]
[2385 2465 2245 1860 1730 1655 1845 1880] [2040 2370 2600 2955 3170 2900 3170 3105]
[2655 2700 2130 1965 1725 1610 1920 2145] [1815 2080 2550 2770 3130 3090 3350 3180]
[3060 2370 2240 1795 1605 1640 1885 1900] [1835 1985 2380 2870 3135 3325 3395 3325]
[3090 2775 2010 1985 1865 1835 1675 1940] [1915 2050 2345 2915 3320 3240 3135 3060]
[3185 2695 2125 1645 1720 1620 1900 2005] [1970 2260 2375 3190 3185 3125 3435 3215]
COM7 0 58
4
[2290 2070 1785 1690 1650 1590 2185 2380] [2325 2450 3025 2990 3180 3200 2905 3255]
[2340 1925 1685 1645 1695 1570 1900 2055] [2280 2525 3040 3220 3105 3155 3100 2940]
[2080 2080 1905 1605 1490 1670 1640 1830] [2265 2415 2795 2960 3230 3035 3110 3075]
[2575 2200 2250 1730 1715 1645 1630 1760] [2040 2370 2600 2955 3170 2900 3170 3105]
[3095 2340 1965 1930 1855 1590 1755 1800] [1815 2080 2550 2770 3130 3090 3350 3180]
[2675 2745 2455 1860 1660 1765 1590 1755] [1835 1985 2380 2870 3135 3325 3395 3325]
[2920 2695 2125 2045 1575 1555 1670 2005] [1915 2050 2345 2915 3320 3240 3135 3060]
[3100 2655 2250 1665 1665 1540 1815 2090] [1970 2260 2375 3190 3185 3125 3435 3215]
COM3 1 59
4
[2290 2070 1785 1690 1650 1590 2185 2380] [2380 2595 3025 3070 3405 3160 3125 3140]
[2340 1925 1685 1645 1695 1570 1900 2055] [2245 2540 3125 3170 3080 3350 3250 3125]
[2080 2080 1905 1605 1490 1670 1640 1830] [2325 2600 2940 3130 3275 3230 3200 3015]
[2575 2200 2250 1730 1715 1645 1630 1760] [1990 2460 2690 3085 3170 3155 3225 3080]
[3095 2340 1965 1930 1855 1590 1755 1800] [1900 2195 2590 2915 3185 3215 3160 3410]
[2675 2745 2455 1860 1660 1765 1590 1755] [1690 2090 2560 2940 3160 3365 3320 3390]
[2920 2695 2125 2045 1575 1555 1670 2005] [1815 2025 2580 2915 2985 3320 3300 3400]
[3100 2655 2250 1665 1665 1540 1815 2090] [1955 2000 2590 2860 3245 3415 3320 3445]
COM7 0 60
4
[2125 1925 1860 1570 1560 1425 1530 1955] [2380 2595 3025 3070 3405 3160 3125 3140]
[2305 1855 1635 1605 1370 1260 1475 1575] [2245 2540 3125 3170 3080 3350 3250 3125]
[1905 1720 1680 1830 1405 1350 1475 1405] [2325 2600 2940 3130 3275 3230 3200 3015]
[2325 1840 1955 1695 1570 1505 1360 1330] [1990 2460 2690 3085 3170 3155 3225 3080]
[2695 2105 2010 1985 1670 1405 1570 1575] [1900 2195 2590 2915 3185 3215 3160 3410]
[2395 2035 2115 1870 1670 1615 1475 1435] [1690 2090 2560 2940 3160 3365 3320 3390]
[2730 2635 2195 1685 1530 1375 1365 1460] [1815 2025 2580 2915 2985 3320 3300 3400]
[2900 2415 2065 1675 1490 1445 1510 1540] [1955 2000 2590 2860 3245 3415 3320 3445]
COM3 1 61
4
[2125 1925 1860 1570 1560 1425 1530 1955] [2240 2590 2660 3120 3135 3090 3120 3230]
[2305 1855 1635 1605 1370 1260 1475 1575] [2195 2615 2980 3040 3110 3155 3195 3020]
[1905 1720 1680 1830 1405 1350 1475 1405] [2140 2585 3120 3155 3240 2950 3375 3125]
[2325 1840 1955 1695 1570 1505 1360 1330] [2135 2410 2955 3005 3175 3035 3460 3270]
[2695 2105 2010 1985 1670 1405 1570 1575] [1960 2365 2835 3100 3180 3225 3145 3235]
[2395 2035 2115 1870 1670 1615 1475 1435] [1815 2015 2420 3070 3265 3095 3300 3295]
[2730 2635 2195 1685 1530 1375 1365 1460] [1835 2110 2620 3130 3125 3220 3240 3305]
[2900 2415 2065 1675 1490 1445 1510 1540] [1910 2020 2495 2870 3235 3075 2990 3205]
COM7 0 62
4
[2550 2360 2210 2240 2075 2015 2305 2755] [2240 2590 2660 3120 3135 3090 3120 3230]
[2645 2390 2220 2085 1995 2155 2000 2210] [2195 2615 2980 3040 3110 3155 3195 3020]
[2425 2335 2300 2030 1955 1905 2135 2255] [2140 2585 3120 3155 3240 2950 3375 3125]
[2490 2490 2325 2160 1950 2195 2050 2230] [2135 2410 2955 3005 3175 3035 3460 3270]
[2715 2845 2505 2165 2135 1995 2025 2295] [1960 2365 2835 3100 3180 3225 3145 3235]
[2935 2700 2545 2285 2195 2060 2145 2160] [1815 2015 2420 3070 3265 3095 3300 3295]
[2585 2925 2530 2355 2145 2035 2000 2115] [1835 2110 2620 3130 3125 3220 3240 3305]
[3100 2900 2600 2135 2150 2105 2205 2035] [1910 2020 2495 2870 3235 3075 2990 3205]
COM3 1 63
4
[2550 2360 2210 2240 2075 2015 2305 2755] [2510 2735 3040 2905 3445 3340 3390 3410]
[2645 2390 2220 2085 1995 2155 2000 2210] [2310 2590 3010 2940 3115 3420 3400 3395]
[2425 2335 2300 2030 1955 1905 2135 2255] [2455 2540 3185 3170 3275 3190 3425 3620]
[2490 2490 2325 2160 1950 2195 2050 2230] [2375 2555 2925 3380 3300 3380 3395 3395]
[2715 2845 2505 2165 2135 1995 2025 2295] [2315 2425 2940 3065 3245 3155 3500 3665]
[2935 2700 2545 2285 2195 2060 2145 2160] [2085 2285 2545 3145 3200 3265 3380 3580]
[2585 2925 2530 2355 2145 2035 2000 2115] [2120 2460 2645 2955 3085 3275 3600 3695]
[3100 2900 2600 2135 2150 2105 2205 2035] [2095 2090 2645 3120 3150 3245 3405 3680]
COM7 0 64
4
[2590 2255 2205 1935 1860 1805 2035 2245] [2510 2735 3040 2905 3445 3340 3390 3410]
[2495 2225 1950 1965 1880 1675 1655 2025] [2310 2590 3010 2940 3115 3420 3400 3395]
[2480 2340 2210 1945 1785 1575 1820 1940] [2455 2540 3185 3170 3275 3190 3425 3620]
[2640 2420 2170 1860 2000 1740 1690 1690] [2375 2555 2925 3380 3300 3380 3395 3395]
[2735 2520 2560 2285 1955 1545 1735 1805] [2315 2425 2940 3065 3245 3155 3500 3665]
[3015 2965 2560 2385 1740 1835 1925 1730] [2085 2285 2545 3145 3200 3265 3380 3580]
[3150 3140 2510 2375 1700 1920 1800 1865] [2120 2460 2645 2955 3085 3275 3600 3695]
[2780 3010 2170 2255 1895 1880 1805 1980] [2095 2090 2645 3120 3150 3245 3405 3680]
COM3 1 65
4
[2590 2255 2205 1935 1860 1805 2035 2245] [2085 2555 3000 2975 3290 3210 3225 3350]
[2495 2225 1950 1965 1880 1675 1655 2025] [1930 2495 3050 3000 3135 3260 3310 3195]
[2480 2340 2210 1945 1785 1575 1820 1940] [2140 2475 3015 3175 3220 3170 3370 3160]
[2640 2420 2170 1860 2000 1740 1690 1690] [1955 2505 2970 3150 3190 3100 3405 3215]
[2735 2520 2560 2285 1955 1545 1735 1805] [1755 2045 2535 2875 3170 3240 3205 3280]
[3015 2965 2560 2385 1740 1835 1925 1730] [1675 1915 2570 2970 3185 3280 3255 3230]
[3150 3140 2510 2375 1700 1920 1800 1865] [1745 2165 2455 2820 3385 3140 3430 3385]
[2780 3010 2170 2255 1895 1880 1805 1980] [1935 1955 2330 3025 3255 3250 3175 3375]