COM8 1 6
4
[2855 2565 2685 2790 2775 2750 2935 2830] [3245 3095 3075 3185 3105 3110 3085 3205]
[2800 2875 2805 2895 2800 2820 2885 2895] [2920 3220 3090 2920 2975 3255 3150 3010]
[2670 2700 2965 2885 2785 2820 2925 2960] [3210 2995 3175 2995 3285 3050 2935 2935]
[2690 2855 2925 2840 2840 2850 2890 2855] [3170 3515 3075 3075 3095 2995 3205 3000]
[2840 2735 3015 2825 2910 2855 2825 3045] [3355 3045 3205 3070 3070 3090 3100 3115]
[2870 2875 2935 3090 2825 2975 3055 2795] [2950 3115 3125 3295 3120 3020 3290 3340]
[2820 2975 2885 2805 2920 2920 2655 2770] [3025 3300 3310 3215 3185 3150 3235 3265]
[3110 2910 2690 2950 2935 2885 3020 2860] [3265 3330 3240 3165 3295 3230 3245 3340]
COM3 0 7
4
[2705 2880 2880 2865 2840 2730 2860 2850] [3245 3095 3075 3185 3105 3110 3085 3205]
[2950 2855 2855 2895 2840 2845 2850 2840] [2920 3220 3090 2920 2975 3255 3150 3010]
[2850 2895 2860 2850 2835 2875 2925 2960] [3210 2995 3175 2995 3285 3050 2935 2935]
[2865 2895 2925 2910 2905 2805 2845 2865] [3170 3515 3075 3075 3095 2995 3205 3000]
[2870 2875 2915 2745 2915 2745 2935 2960] [3355 3045 3205 3070 3070 3090 3100 3115]
[2960 2925 3040 2910 2740 2935 2935 2920] [2950 3115 3125 3295 3120 3020 3290 3340]
[2935 3075 2720 2870 2800 2985 2865 2845] [3025 3300 3310 3215 3185 3150 3235 3265]
[3075 2905 2740 2815 2960 2835 2890 3010] [3265 3330 3240 3165 3295 3230 3245 3340]
COM8 1 8
4
[2705 2880 2880 2865 2840 2730 2860 2850] [3180 2975 3285 3100 3310 3170 3120 3145]
[2950 2855 2855 2895 2840 2845 2850 2840] [3095 3140 3265 3045 3100 3280 3135 2900]
[2850 2895 2860 2850 2835 2875 2925 2960] [3100 3045 3190 3155 3140 3315 3095 3105]
[2865 2895 2925 2910 2905 2805 2845 2865] [3170 3295 3270 3265 3295 3205 3165 3180]
[2870 2875 2915 2745 2915 2745 2935 2960] [3270 3040 3240 3015 3110 3050 3265 3175]
[2960 2925 3040 2910 2740 2935 2935 2920] [3135 3405 3405 3295 3240 3285 3340 2970]
[2935 3075 2720 2870 2800 2985 2865 2845] [3325 3465 3540 3180 3325 3215 3120 3440]
[3075 2905 2740 2815 2960 2835 2890 3010] [3170 3205 3345 3520 3240 3220 3355 3205]
COM3 0 9
4
[2775 2755 2850 2785 2730 2745 2895 2780] [3180 2975 3285 3100 3310 3170 3120 3145]
[2895 2765 2745 2895 2815 2960 2895 2815] [3095 3140 3265 3045 3100 3280 3135 2900]
[2705 2805 2915 2770 2865 2890 2885 2730] [3100 3045 3190 3155 3140 3315 3095 3105]
[2810 2870 2905 2870 2935 2875 2820 2980] [3170 3295 3270 3265 3295 3205 3165 3180]
[2905 2940 2935 2845 3075 2965 2875 3040] [3270 3040 3240 3015 3110 3050 3265 3175]
[2885 2940 2935 2820 2785 2935 2925 2795] [3135 3405 3405 3295 3240 3285 3340 2970]
[2910 2875 2820 3065 2795 2865 2830 2955] [3325 3465 3540 3180 3325 3215 3120 3440]
[2950 2885 3030 2895 2960 2975 3040 2835] [3170 3205 3345 3520 3240 3220 3355 3205]
COM8 1 10
4
[2775 2755 2850 2785 2730 2745 2895 2780] [3320 3220 3105 3020 3245 2985 3345 3115]
[2895 2765 2745 2895 2815 2960 2895 2815] [3165 3145 3255 3160 2945 3165 3195 3200]
[2705 2805 2915 2770 2865 2890 2885 2730] [3300 3245 3235 3245 3095 3070 3135 3050]
[2810 2870 2905 2870 2935 2875 2820 2980] [3135 3270 3200 3165 3215 3230 3160 3010]
[2905 2940 2935 2845 3075 2965 2875 3040] [3290 3380 3150 3140 3180 3200 3205 3115]
[2885 2940 2935 2820 2785 2935 2925 2795] [2880 3105 3230 3240 3275 3235 3255 3250]
[2910 2875 2820 3065 2795 2865 2830 2955] [3005 3335 3320 3225 3150 3225 3260 3280]
[2950 2885 3030 2895 2960 2975 3040 2835] [3355 3400 3255 3320 3160 3115 3305 3135]
COM3 0 11
4
[2855 2715 2680 2835 2730 2715 2830 2810] [3320 3220 3105 3020 3245 2985 3345 3115]
[2880 3005 2790 2770 2880 2850 2810 2785] [3165 3145 3255 3160 2945 3165 3195 3200]
[2690 2855 2850 2730 2795 2895 2845 2785] [3300 3245 3235 3245 3095 3070 3135 3050]
[2845 2895 2980 2825 2900 2910 2925 2835] [3135 3270 3200 3165 3215 3230 3160 3010]
[2950 2970 2935 2905 2935 2830 2890 2950] [3290 3380 3150 3140 3180 3200 3205 3115]
[2975 2810 2985 2965 2895 2975 2885 2845] [2880 3105 3230 3240 3275 3235 3255 3250]
[2910 2870 2820 2785 2880 2960 2655 2900] [3005 3335 3320 3225 3150 3225 3260 3280]
[2960 2995 2920 2915 2750 2895 3040 2920] [3355 3400 3255 3320 3160 3115 3305 3135]
COM8 1 12
4
[2855 2715 2680 2835 2730 2715 2830 2810] [2980 3070 2955 3100 2900 3015 3155 3110]
[2880 3005 2790 2770 2880 2850 2810 2785] [3020 3260 2960 2980 2955 3100 3125 3120]
[2690 2855 2850 2730 2795 2895 2845 2785] [3230 3000 3170 2800 3105 3105 3130 3225]
[2845 2895 2980 2825 2900 2910 2925 2835] [3135 3270 3175 3320 2950 3050 3325 3180]
[2950 2970 2935 2905 2935 2830 2890 2950] [3055 3200 3215 2990 3060 3275 3270 3210]
[2975 2810 2985 2965 2895 2975 2885 2845] [3060 3325 3190 3215 3210 3325 3180 3275]
[2910 2870 2820 2785 2880 2960 2655 2900] [2980 3140 3155 3035 3110 3115 3125 3400]
[2960 2995 2920 2915 2750 2895 3040 2920] [3310 3160 3240 3360 3025 3215 3255 2920]
COM3 0 13
4
[2710 2635 2745 2840 2805 2745 2855 2780] [2980 3070 2955 3100 2900 3015 3155 3110]
[2910 2870 2860 2920 2930 2850 2810 2810] [3020 3260 2960 2980 2955 3100 3125 3120]
[2910 2925 2825 2760 2850 2855 2835 2945] [3230 3000 3170 2800 3105 3105 3130 3225]
[2995 2900 2995 2695 2850 2885 2925 2850] [3135 3270 3175 3320 2950 3050 3325 3180]
[2910 2855 2960 2855 2895 2850 3005 2810] [3055 3200 3215 2990 3060 3275 3270 3210]
[2775 2885 2990 2975 2850 2940 3055 2700] [3060 3325 3190 3215 3210 3325 3180 3275]
[3025 2875 2710 3030 2990 2960 2845 2955] [2980 3140 3155 3035 3110 3115 3125 3400]
[3025 3180 3065 2870 2805 3050 2885 2925] [3310 3160 3240 3360 3025 3215 3255 2920]
COM8 1 14
4
[2710 2635 2745 2840 2805 2745 2855 2780] [2850 2945 2850 3120 3035 2895 3005 3115]
[2910 2870 2860 2920 2930 2850 2810 2810] [2905 3015 3080 2985 2845 3160 2965 2940]
[2910 2925 2825 2760 2850 2855 2835 2945] [2985 3045 3120 2960 3125 2925 3035 3020]
[2995 2900 2995 2695 2850 2885 2925 2850] [3090 3135 3180 3100 3135 2935 3030 3020]
[2910 2855 2960 2855 2895 2850 3005 2810] [3120 3055 3215 2940 3030 3145 3085 3010]
[2775 2885 2990 2975 2850 2940 3055 2700] [2935 3015 2950 3305 3050 3205 3170 3230]
[3025 2875 2710 3030 2990 2960 2845 2955] [3090 3135 3140 3080 3075 3085 3185 3210]
[3025 3180 3065 2870 2805 3050 2885 2925] [3195 3025 3190 3185 3215 3015 3175 3260]
COM3 0 15
4
[2815 2650 2805 2740 2775 2875 2860 2935] [2850 2945 2850 3120 3035 2895 3005 3115]
[2870 2780 2865 2745 2815 2860 2870 2780] [2905 3015 3080 2985 2845 3160 2965 2940]
[2770 2755 2810 2910 2805 2915 2785 2825] [2985 3045 3120 2960 3125 2925 3035 3020]
[2995 2910 2930 2835 2910 2945 2915 2875] [3090 3135 3180 3100 3135 2935 3030 3020]
[2950 2920 2825 2860 3080 2775 2955 3000] [3120 3055 3215 2940 3030 3145 3085 3010]
[2820 2820 2940 3030 2785 2860 2970 2850] [2935 3015 2950 3305 3050 3205 3170 3230]
[2870 3035 2865 2975 2940 2795 2655 2655] [3090 3135 3140 3080 3075 3085 3185 3210]
[2860 2780 2585 2940 2840 3025 3035 2980] [3195 3025 3190 3185 3215 3015 3175 3260]
COM8 1 16
4
[2815 2650 2805 2740 2775 2875 2860 2935] [3310 3175 3065 3130 3110 2985 3000 3175]
[2870 2780 2865 2745 2815 2860 2870 2780] [3065 3100 3125 3060 2970 3050 3060 3045]
[2770 2755 2810 2910 2805 2915 2785 2825] [3075 3170 3140 3060 3205 3000 3030 3025]
[2995 2910 2930 2835 2910 2945 2915 2875] [3225 3290 3265 3125 3155 3175 3040 3095]
[2950 2920 2825 2860 3080 2775 2955 3000] [3120 3045 3185 3145 3105 3255 3075 3185]
[2820 2820 2940 3030 2785 2860 2970 2850] [3090 3180 3140 3275 3150 3210 3275 3295]
[2870 3035 2865 2975 2940 2795 2655 2655] [3035 3245 3235 3090 3055 3150 3210 3250]
[2860 2780 2585 2940 2840 3025 3035 2980] [3260 3330 3305 3215 3270 3210 3310 3100]
COM3 0 17
4
[2795 2705 2785 2800 2690 2795 2930 2885] [3310 3175 3065 3130 3110 2985 3000 3175]
[2900 2980 2725 2905 2880 2865 2835 2885] [3065 3100 3125 3060 2970 3050 3060 3045]
[2800 2820 2935 2870 2795 2840 2860 2890] [3075 3170 3140 3060 3205 3000 3030 3025]
[3020 2820 2960 2930 2875 2890 2955 2980] [3225 3290 3265 3125 3155 3175 3040 3095]
[2800 2890 2945 2800 2860 2835 2915 3015] [3120 3045 3185 3145 3105 3255 3075 3185]
[2955 2695 3015 3095 2900 2905 3035 2895] [3090 3180 3140 3275 3150 3210 3275 3295]
[2995 2770 2990 2930 2990 2895 2980 2865] [3035 3245 3235 3090 3055 3150 3210 3250]
[3180 2905 3155 2935 2785 3040 3180 2760] [3260 3330 3305 3215 3270 3210 3310 3100]
COM8 1 18
4
[2795 2705 2785 2800 2690 2795 2930 2885] [3260 3160 3130 3210 3085 3095 3025 3190]
[2900 2980 2725 2905 2880 2865 2835 2885] [3200 3260 3075 3060 2940 3080 3080 2995]
[2800 2820 2935 2870 2795 2840 2860 2890] [3215 3110 3155 3030 3215 3140 3130 3105]
[3020 2820 2960 2930 2875 2890 2955 2980] [3255 3075 3185 3155 3180 3150 3150 3135]
[2800 2890 2945 2800 2860 2835 2915 3015] [3215 3270 3215 3110 3165 3180 3210 3200]
[2955 2695 3015 3095 2900 2905 3035 2895] [3100 3015 3200 3295 3195 3335 3235 3295]
[2995 2770 2990 2930 2990 2895 2980 2865] [3255 3345 3390 3240 3190 3195 3270 3450]
[3180 2905 3155 2935 2785 3040 3180 2760] [3305 3340 3285 3370 3140 3150 3210 3430]
COM3 0 19
4
[2770 2840 2670 2625 2850 2750 2775 2750] [3260 3160 3130 3210 3085 3095 3025 3190]
[2945 2900 2710 2795 2870 2800 2890 2960] [3200 3260 3075 3060 2940 3080 3080 2995]
[2835 2975 2985 2710 2785 2920 2810 2795] [3215 3110 3155 3030 3215 3140 3130 3105]
[2780 2865 3005 2835 2975 2920 2770 2820] [3255 3075 3185 3155 3180 3150 3150 3135]
[2850 2870 2890 2895 3045 2840 2995 3000] [3215 3270 3215 3110 3165 3180 3210 3200]
[2885 2885 2990 2910 2755 2960 3115 2815] [3100 3015 3200 3295 3195 3335 3235 3295]
[2910 2940 2795 2820 2935 2860 2970 2795] [3255 3345 3390 3240 3190 3195 3270 3450]
[3105 2970 2935 2870 2865 2980 2825 2755] [3305 3340 3285 3370 3140 3150 3210 3430]
COM8 1 20
4
[2770 2840 2670 2625 2850 2750 2775 2750] [2895 3075 3205 3055 3060 3115 3020 3145]
[2945 2900 2710 2795 2870 2800 2890 2960] [2995 3110 3160 2935 3070 3105 3030 3010]
[2835 2975 2985 2710 2785 2920 2810 2795] [3060 3155 3200 3065 3185 3145 3115 3070]
[2780 2865 3005 2835 2975 2920 2770 2820] [3255 3330 3180 3080 3095 3125 3075 3150]
[2850 2870 2890 2895 3045 2840 2995 3000] [3145 3325 3065 3040 3180 3155 3255 3280]
[2885 2885 2990 2910 2755 2960 3115 2815] [2990 3065 2990 3225 3240 3305 3140 3315]
[2910 2940 2795 2820 2935 2860 2970 2795] [3190 3345 3245 3125 3215 3185 3210 3290]
[3105 2970 2935 2870 2865 2980 2825 2755] [3360 3215 3315 3205 3250 3005 3125 3100]
COM3 0 21
4
[2820 2630 2860 2815 2800 2805 2800 2825] [2895 3075 3205 3055 3060 3115 3020 3145]
[3050 2935 2695 2875 2815 2860 2765 2765] [2995 3110 3160 2935 3070 3105 3030 3010]
[2865 2850 2895 2860 2790 2835 2755 2960] [3060 3155 3200 3065 3185 3145 3115 3070]
[2740 2805 3005 2785 2805 2935 2830 2715] [3255 3330 3180 3080 3095 3125 3075 3150]
[2855 2945 2880 2755 2950 2700 2850 2940] [3145 3325 3065 3040 3180 3155 3255 3280]
[2885 2870 2935 2855 2795 3020 2805 2715] [2990 3065 2990 3225 3240 3305 3140 3315]
[3000 2960 2870 2915 2920 2975 2985 2715] [3190 3345 3245 3125 3215 3185 3210 3290]
[3025 2905 2955 3030 2950 2965 2935 2995] [3360 3215 3315 3205 3250 3005 3125 3100]
COM8 1 22
4
[2820 2630 2860 2815 2800 2805 2800 2825] [2900 3065 3095 3015 2935 2985 3015 3025]
[3050 2935 2695 2875 2815 2860 2765 2765] [3005 3085 3115 3040 3015 3100 3035 2995]
[2865 2850 2895 2860 2790 2835 2755 2960] [3075 3120 3030 3095 3120 3020 3040 3035]
[2740 2805 3005 2785 2805 2935 2830 2715] [3255 3000 3130 3050 2930 3005 3095 3000]
[2855 2945 2880 2755 2950 2700 2850 2940] [3095 3125 3245 2970 2935 3125 3185 3065]
[2885 2870 2935 2855 2795 3020 2805 2715] [3090 3135 3070 3245 2955 3150 3175 3150]
[3000 2960 2870 2915 2920 2975 2985 2715] [2980 3370 3140 3070 3100 3145 3140 3335]
[3025 2905 2955 3030 2950 2965 2935 2995] [3170 3260 3285 3215 3080 3165 3140 3135]
COM3 0 23
4
[2850 2705 2660 2850 2760 2780 2790 2950] [2900 3065 3095 3015 2935 2985 3015 3025]
[2905 2950 2840 2945 2755 2760 2825 2860] [3005 3085 3115 3040 3015 3100 3035 2995]
[2745 2855 2860 2850 2745 2890 2825 2890] [3075 3120 3030 3095 3120 3020 3040 3035]
[2995 2865 2945 2715 2850 2835 2875 2900] [3255 3000 3130 3050 2930 3005 3095 3000]
[2940 2940 3100 2830 3025 2840 3010 2975] [3095 3125 3245 2970 2935 3125 3185 3065]
[2835 2770 2995 2765 2820 2925 2820 2865] [3090 3135 3070 3245 2955 3150 3175 3150]
[2825 2870 2640 2925 2935 2760 2835 2845] [2980 3370 3140 3070 3100 3145 3140 3335]
[3050 3055 2835 2825 2815 3050 3095 2755] [3170 3260 3285 3215 3080 3165 3140 3135]
COM8 1 24
4
[2850 2705 2660 2850 2760 2780 2790 2950] [3100 3035 3040 3070 3055 3005 3160 3120]
[2905 2950 2840 2945 2755 2760 2825 2860] [3110 3090 3120 2960 2945 3095 2965 3070]
[2745 2855 2860 2850 2745 2890 2825 2890] [3105 3160 3075 3080 3135 2930 3040 2965]
[2995 2865 2945 2715 2850 2835 2875 2900] [3110 3125 3175 3200 2890 3005 3100 3055]
[2940 2940 3100 2830 3025 2840 3010 2975] [3145 2985 3095 3070 3090 3165 3105 3225]
[2835 2770 2995 2765 2820 2925 2820 2865] [3030 3060 3085 3150 3030 3160 3235 3140]
[2825 2870 2640 2925 2935 2760 2835 2845] [3095 3265 3110 3045 3215 3215 3145 3310]
[3050 3055 2835 2825 2815 3050 3095 2755] [3175 3110 3120 3220 3210 3130 3200 3310]
COM3 0 25
4
[2925 2805 2850 2745 2765 2840 2800 2770] [3100 3035 3040 3070 3055 3005 3160 3120]
[3045 3015 2785 2930 2905 2885 2820 2890] [3110 3090 3120 2960 2945 3095 2965 3070]
[2770 2960 3015 2850 2765 2915 2885 2825] [3105 3160 3075 3080 3135 2930 3040 2965]
[2895 2980 2970 2930 3020 2790 2895 2985] [3110 3125 3175 3200 2890 3005 3100 3055]
[2915 2935 3040 2895 3120 2815 2995 3115] [3145 2985 3095 3070 3090 3165 3105 3225]
[2910 2950 3160 2860 2955 2955 2925 2770] [3030 3060 3085 3150 3030 3160 3235 3140]
[3015 2875 2805 2920 3085 3055 2955 2755] [3095 3265 3110 3045 3215 3215 3145 3310]
[3080 2885 2945 3050 2885 2940 2915 2915] [3175 3110 3120 3220 3210 3130 3200 3310]
COM8 1 26
4
[2925 2805 2850 2745 2765 2840 2800 2770] [3120 3100 3230 3160 3150 3035 3140 3220]
[3045 3015 2785 2930 2905 2885 2820 2890] [2985 3085 3190 3040 3110 3190 2985 3095]
[2770 2960 3015 2850 2765 2915 2885 2825] [3210 3245 3125 3055 3085 3010 3120 2925]
[2895 2980 2970 2930 3020 2790 2895 2985] [3200 3290 3275 3180 3140 3220 3165 3105]
[2915 2935 3040 2895 3120 2815 2995 3115] [3110 3230 3180 3115 3135 3175 3175 3120]
[2910 2950 3160 2860 2955 2955 2925 2770] [3095 3070 3215 3215 3145 3175 3250 3205]
[3015 2875 2805 2920 3085 3055 2955 2755] [3080 3255 3255 3190 3050 3235 3295 3445]
[3080 2885 2945 3050 2885 2940 2915 2915] [3455 3325 3215 3400 3280 3165 3255 3085]
COM3 0 27
4
[2845 2750 2620 2690 2820 2740 2850 2830] [3120 3100 3230 3160 3150 3035 3140 3220]
[2915 2835 2700 2925 2815 2835 2840 2905] [2985 3085 3190 3040 3110 3190 2985 3095]
[2740 2755 2825 2760 2790 2855 2835 2890] [3210 3245 3125 3055 3085 3010 3120 2925]
[2775 2865 2950 2905 2810 2865 2700 2960] [3200 3290 3275 3180 3140 3220 3165 3105]
[3020 2970 3010 2890 3010 2835 3005 2995] [3110 3230 3180 3115 3135 3175 3175 3120]
[2900 3005 2980 3025 2850 2920 3010 2825] [3095 3070 3215 3215 3145 3175 3250 3205]
[2705 2860 3010 2980 2935 2835 2730 2860] [3080 3255 3255 3190 3050 3235 3295 3445]
[3025 2805 2910 2770 2940 2975 3110 3025] [3455 3325 3215 3400 3280 3165 3255 3085]
COM8 1 28
4
[2845 2750 2620 2690 2820 2740 2850 2830] [3055 3115 3215 3120 3120 3010 3075 3065]
[2915 2835 2700 2925 2815 2835 2840 2905] [3005 3170 3275 3125 3045 3230 3095 3005]
[2740 2755 2825 2760 2790 2855 2835 2890] [3195 3270 3185 3155 3225 3020 3185 3250]
[2775 2865 2950 2905 2810 2865 2700 2960] [3265 3340 3345 3195 3155 3000 3190 3075]
[3020 2970 3010 2890 3010 2835 3005 2995] [3085 3435 3175 3170 3120 3065 3255 3270]
[2900 3005 2980 3025 2850 2920 3010 2825] [3175 3160 3120 3285 3145 3255 3255 3320]
[2705 2860 3010 2980 2935 2835 2730 2860] [3220 3445 3565 3270 3215 3235 3300 3320]
[3025 2805 2910 2770 2940 2975 3110 3025] [3505 3325 3370 3450 3380 3195 3200 3315]
COM3 0 29
4
[2875 2785 2775 2915 2780 2865 2825 2810] [3055 3115 3215 3120 3120 3010 3075 3065]
[2785 2895 2870 2940 2780 2865 2835 2865] [3005 3170 3275 3125 3045 3230 3095 3005]
[2775 2790 2900 2770 2825 2935 2915 2975] [3195 3270 3185 3155 3225 3020 3185 3250]
[3005 2725 3050 2875 2990 2880 2910 2865] [3265 3340 3345 3195 3155 3000 3190 3075]
[3135 2830 2865 2715 2995 2820 3010 3005] [3085 3435 3175 3170 3120 3065 3255 3270]
[2680 2695 2975 2910 2855 2975 2950 2895] [3175 3160 3120 3285 3145 3255 3255 3320]
[2845 2850 2850 3040 2860 2885 2875 3075] [3220 3445 3565 3270 3215 3235 3300 3320]
[2975 2910 2955 3030 3035 2770 2865 2925] [3505 3325 3370 3450 3380 3195 3200 3315]
COM8 1 30
4
[2875 2785 2775 2915 2780 2865 2825 2810] [3175 3145 3050 3120 3090 3010 3040 3130]
[2785 2895 2870 2940 2780 2865 2835 2865] [3105 3115 3150 3110 3060 3095 3110 2965]
[2775 2790 2900 2770 2825 2935 2915 2975] [3140 3190 3155 3015 3245 3040 3120 2960]
[3005 2725 3050 2875 2990 2880 2910 2865] [3230 3180 3235 3150 3115 3065 3170 3045]
[3135 2830 2865 2715 2995 2820 3010 3005] [3125 3065 3170 2935 3080 3135 3230 3230]
[2680 2695 2975 2910 2855 2975 2950 2895] [3075 3250 3050 3200 3075 3095 3260 3020]
[2845 2850 2850 3040 2860 2885 2875 3075] [3150 3250 3240 3090 3145 3135 3090 3300]
[2975 2910 2955 3030 3035 2770 2865 2925] [3185 3090 3285 3310 3065 3330 3270 3275]
COM3 0 31
4
[2855 2785 2825 2810 2775 2735 2905 2835] [3175 3145 3050 3120 3090 3010 3040 3130]
[3005 2980 2775 2825 2770 2820 2760 2905] [3105 3115 3150 3110 3060 3095 3110 2965]
[2675 2845 2865 2825 2795 2950 2770 2945] [3140 3190 3155 3015 3245 3040 3120 2960]
[3045 2950 2995 2745 2795 2800 2990 2925] [3230 3180 3235 3150 3115 3065 3170 3045]
[2915 2955 3025 2890 2915 2885 2940 3030] [3125 3065 3170 2935 3080 3135 3230 3230]
[2745 2945 2935 2945 2840 2730 3000 2870] [3075 3250 3050 3200 3075 3095 3260 3020]
[2950 3035 2790 3005 2825 2945 2640 2915] [3150 3250 3240 3090 3145 3135 3090 3300]
[3160 2850 2755 2910 2905 2950 3110 2805] [3185 3090 3285 3310 3065 3330 3270 3275]
COM8 1 32
4
[2855 2785 2825 2810 2775 2735 2905 2835] [2845 3075 3000 3045 3135 2955 3035 3015]
[3005 2980 2775 2825 2770 2820 2760 2905] [3005 3045 3160 2915 3115 3090 3060 3020]
[2675 2845 2865 2825 2795 2950 2770 2945] [3055 3135 3165 2980 3175 2955 3100 2980]
[3045 2950 2995 2745 2795 2800 2990 2925] [3040 3030 3170 3080 2950 3080 3070 3010]
[2915 2955 3025 2890 2915 2885 2940 3030] [3050 3125 3130 3190 3050 3010 3170 3205]
[2745 2945 2935 2945 2840 2730 3000 2870] [3000 3150 3230 3285 3115 3120 3195 3300]
[2950 3035 2790 3005 2825 2945 2640 2915] [3085 3150 3310 3040 3165 3200 3105 3290]
[3160 2850 2755 2910 2905 2950 3110 2805] [3290 3075 3065 3190 3290 3100 3105 3225]
COM3 0 33
4
[2770 2705 2810 2790 2725 2725 2770 2915] [2845 3075 3000 3045 3135 2955 3035 3015]
[2905 2875 2800 2770 2800 2925 2855 2765] [3005 3045 3160 2915 3115 3090 3060 3020]
[2715 2885 2770 2835 2775 2750 2865 2960] [3055 3135 3165 2980 3175 2955 3100 2980]
[2845 2825 2920 2835 2785 2890 2885 2745] [3040 3030 3170 3080 2950 3080 3070 3010]
[2925 2910 2805 2860 3030 2900 2945 3020] [3050 3125 3130 3190 3050 3010 3170 3205]
[2785 2970 2940 2955 2845 2940 2935 2915] [3000 3150 3230 3285 3115 3120 3195 3300]
[2905 2770 2645 2925 2915 2820 2600 2815] [3085 3150 3310 3040 3165 3200 3105 3290]
[2900 2830 2770 2940 2925 2920 3015 2795] [3290 3075 3065 3190 3290 3100 3105 3225]
COM8 1 34
4
[2770 2705 2810 2790 2725 2725 2770 2915] [3270 3205 3240 3195 3105 3195 3075 3230]
[2905 2875 2800 2770 2800 2925 2855 2765] [3045 3220 3255 3115 3060 3105 3070 2995]
[2715 2885 2770 2835 2775 2750 2865 2960] [3290 3115 3235 3230 3185 3110 3150 3090]
[2845 2825 2920 2835 2785 2890 2885 2745] [3295 3335 3275 3165 3040 3235 3255 3010]
[2925 2910 2805 2860 3030 2900 2945 3020] [3235 3225 3280 3095 3140 3165 3160 3155]
[2785 2970 2940 2955 2845 2940 2935 2915] [3050 3235 3015 3255 3065 3185 3365 3380]
[2905 2770 2645 2925 2915 2820 2600 2815] [3245 3370 3330 3260 3235 3120 3230 3300]
[2900 2830 2770 2940 2925 2920 3015 2795] [3350 3305 3270 3360 3270 3280 3355 3395]
COM3 0 35
4
[2590 2690 2720 2820 2710 2810 2810 2720] [3270 3205 3240 3195 3105 3195 3075 3230]
[2830 2875 2690 2745 2705 2725 2740 2640] [3045 3220 3255 3115 3060 3105 3070 2995]
[2710 2810 2810 2845 2770 2760 2740 2730] [3290 3115 3235 3230 3185 3110 3150 3090]
[2800 2845 2770 2680 2915 2685 2740 2720] [3295 3335 3275 3165 3040 3235 3255 3010]
[2905 2750 2890 2740 2785 2735 2920 2860] [3235 3225 3280 3095 3140 3165 3160 3155]
[2680 2850 2800 2935 2635 2780 2910 2875] [3050 3235 3015 3255 3065 3185 3365 3380]
[2730 2650 2710 2900 2650 2760 2850 2710] [3245 3370 3330 3260 3235 3120 3230 3300]
[2895 2835 3025 2690 2690 2870 2870 2900] [3350 3305 3270 3360 3270 3280 3355 3395]
COM8 1 36
4
[2590 2690 2720 2820 2710 2810 2810 2720] [2965 3185 3110 3110 3160 2970 3100 3105]
[2830 2875 2690 2745 2705 2725 2740 2640] [3080 3050 3140 3105 2970 3105 3045 2985]
[2710 2810 2810 2845 2770 2760 2740 2730] [3140 3030 3135 3055 3130 2975 3040 3070]
[2800 2845 2770 2680 2915 2685 2740 2720] [3205 3175 3245 3125 3080 3155 3090 3070]
[2905 2750 2890 2740 2785 2735 2920 2860] [3145 3250 3100 2990 3165 3155 3180 3175]
[2680 2850 2800 2935 2635 2780 2910 2875] [3105 3135 3115 3185 3150 3095 3245 3215]
[2730 2650 2710 2900 2650 2760 2850 2710] [3145 3165 3300 3180 3210 3155 3120 3275]
[2895 2835 3025 2690 2690 2870 2870 2900] [3170 3150 3255 3350 3280 3205 3245 3200]
COM3 0 37
4
[2835 2645 2655 2855 2840 2735 2795 2820] [2965 3185 3110 3110 3160 2970 3100 3105]
[2800 2895 2715 2815 2860 2825 2705 2785] [3080 3050 3140 3105 2970 3105 3045 2985]
[2775 2790 2845 2700 2675 2850 2785 2810] [3140 3030 3135 3055 3130 2975 3040 3070]
[2735 2875 2725 2880 2890 2880 2810 2740] [3205 3175 3245 3125 3080 3155 3090 3070]
[2750 2825 2835 2825 2900 2860 2940 2880] [3145 3250 3100 2990 3165 3155 3180 3175]
[2870 2775 2915 2900 2755 2815 2900 2810] [3105 3135 3115 3185 3150 3095 3245 3215]
[2770 2940 2675 2810 2735 2810 2655 2770] [3145 3165 3300 3180 3210 3155 3120 3275]
[2930 2850 2875 2835 2825 2885 2895 2590] [3170 3150 3255 3350 3280 3205 3245 3200]
COM8 1 38
4
[2835 2645 2655 2855 2840 2735 2795 2820] [3410 3100 3075 3110 3095 3085 3205 3240]
[2800 2895 2715 2815 2860 2825 2705 2785] [3220 3230 3165 3175 3060 3195 3110 3095]
[2775 2790 2845 2700 2675 2850 2785 2810] [3130 3315 3175 3130 3145 3120 3125 3030]
[2735 2875 2725 2880 2890 2880 2810 2740] [3370 3365 3170 3230 3155 3135 3200 3050]
[2750 2825 2835 2825 2900 2860 2940 2880] [3330 3190 3265 3025 3265 3135 3075 3170]
[2870 2775 2915 2900 2755 2815 2900 2810] [3030 3175 3120 3205 3110 3205 3190 3210]
[2770 2940 2675 2810 2735 2810 2655 2770] [3300 3330 3265 3170 3305 3375 3240 3325]
[2930 2850 2875 2835 2825 2885 2895 2590] [3310 3350 3175 3450 3020 3165 3235 3430]
COM3 0 39
4
[2835 2575 2850 2825 2780 2735 2870 2850] [3410 3100 3075 3110 3095 3085 3205 3240]
[2870 2980 2800 2915 2810 2850 2870 2890] [3220 3230 3165 3175 3060 3195 3110 3095]
[2825 2825 2845 2825 2860 2775 2890 2925] [3130 3315 3175 3130 3145 3120 3125 3030]
[2865 2935 2875 2800 2815 2905 2845 2890] [3370 3365 3170 3230 3155 3135 3200 3050]
[3025 2945 2920 2770 2915 2825 2995 2975] [3330 3190 3265 3025 3265 3135 3075 3170]
[2695 2860 2915 2915 2840 2965 2940 2915] [3030 3175 3120 3205 3110 3205 3190 3210]
[2750 3045 2720 2985 2940 2905 2960 2910] [3300 3330 3265 3170 3305 3375 3240 3325]
[3030 2790 2955 2905 2645 3020 3000 2745] [3310 3350 3175 3450 3020 3165 3235 3430]
COM8 1 40
4
[2835 2575 2850 2825 2780 2735 2870 2850] [3245 3045 3190 3060 3230 3045 3055 3145]
[2870 2980 2800 2915 2810 2850 2870 2890] [3165 3200 3140 3005 3045 3210 3115 3110]
[2825 2825 2845 2825 2860 2775 2890 2925] [3115 3150 3180 3175 3125 3070 3015 3010]
[2865 2935 2875 2800 2815 2905 2845 2890] [3095 3150 3290 3145 3065 3105 3035 3000]
[3025 2945 2920 2770 2915 2825 2995 2975] [3165 3180 3170 3145 3050 3180 3135 3140]
[2695 2860 2915 2915 2840 2965 2940 2915] [3085 3240 3040 3200 3185 3180 3200 3095]
[2750 3045 2720 2985 2940 2905 2960 2910] [3080 3330 3280 3265 3165 2995 3270 3230]
[3030 2790 2955 2905 2645 3020 3000 2745] [3245 3215 3325 3200 3200 3295 3190 3290]
COM3 0 41
4
[2755 2525 2850 2765 2655 2650 2760 2595] [3245 3045 3190 3060 3230 3045 3055 3145]
[2715 2800 2655 2670 2790 2715 2705 2725] [3165 3200 3140 3005 3045 3210 3115 3110]
[2630 2700 2645 2765 2675 2840 2670 2675] [3115 3150 3180 3175 3125 3070 3015 3010]
[2935 2740 2840 2785 2810 2830 2825 2675] [3095 3150 3290 3145 3065 3105 3035 3000]
[2910 2715 2910 2775 2810 2675 2870 2860] [3165 3180 3170 3145 3050 3180 3135 3140]
[2530 2770 2790 2885 2685 2725 2820 2590] [3085 3240 3040 3200 3185 3180 3200 3095]
[2920 2775 2700 2750 2830 2835 2680 2680] [3080 3330 3280 3265 3165 2995 3270 3230]
[2870 2780 2690 2715 2620 2700 2945 2470] [3245 3215 3325 3200 3200 3295 3190 3290]
COM8 1 42
4
[2755 2525 2850 2765 2655 2650 2760 2595] [3215 3335 3215 3305 3280 3150 3095 3220]
[2715 2800 2655 2670 2790 2715 2705 2725] [3260 3145 3250 3115 3200 3145 3190 3205]
[2630 2700 2645 2765 2675 2840 2670 2675] [3150 3225 3245 3230 3185 3175 3265 3010]
[2935 2740 2840 2785 2810 2830 2825 2675] [3275 2885 3170 3210 3250 3215 3095 3200]
[2910 2715 2910 2775 2810 2675 2870 2860] [3260 3385 3385 3070 3205 3015 3340 3190]
[2530 2770 2790 2885 2685 2725 2820 2590] [3275 3160 3250 3240 3255 3150 3210 3190]
[2920 2775 2700 2750 2830 2835 2680 2680] [3305 3320 3440 3460 3115 3255 3195 3180]
[2870 2780 2690 2715 2620 2700 2945 2470] [3660 3040 3230 3335 3415 3110 3215 3605]
COM3 0 43
4
[2795 2735 2725 2815 2780 2790 2875 2700] [3215 3335 3215 3305 3280 3150 3095 3220]
[2985 2930 2855 2885 2815 2970 2815 2820] [3260 3145 3250 3115 3200 3145 3190 3205]
[2765 2875 2925 2865 2915 2925 2835 2935] [3150 3225 3245 3230 3185 3175 3265 3010]
[2635 2840 3030 2830 2930 2840 2995 2770] [3275 2885 3170 3210 3250 3215 3095 3200]
[3095 2840 2925 3005 2910 2790 3010 3060] [3260 3385 3385 3070 3205 3015 3340 3190]
[2830 2850 3045 2935 2845 3050 2985 2910] [3275 3160 3250 3240 3255 3150 3210 3190]
[2885 2960 2950 2790 2945 2965 2810 2960] [3305 3320 3440 3460 3115 3255 3195 3180]
[2915 3035 2940 2795 2960 2800 3045 3065] [3660 3040 3230 3335 3415 3110 3215 3605]
COM8 1 44
4
[2795 2735 2725 2815 2780 2790 2875 2700] [3115 3205 3215 3135 3210 3160 3145 3140]
[2985 2930 2855 2885 2815 2970 2815 2820] [3110 3125 3250 3175 3100 3165 3125 3240]
[2765 2875 2925 2865 2915 2925 2835 2935] [3230 3155 3255 3250 3230 2905 3155 3230]
[2635 2840 3030 2830 2930 2840 2995 2770] [3160 3045 3065 3110 3225 3050 3200 3235]
[3095 2840 2925 3005 2910 2790 3010 3060] [3110 3045 3170 3275 3120 3100 3210 3320]
[2830 2850 3045 2935 2845 3050 2985 2910] [3055 3265 3270 3235 3085 3235 3335 3135]
[2885 2960 2950 2790 2945 2965 2810 2960] [3365 3345 3490 3105 3230 3235 3050 3135]
[2915 3035 2940 2795 2960 2800 3045 3065] [3375 3235 3115 3390 3250 3275 3220 3090]
COM3 0 45
4
[2655 2760 2865 2865 2790 2780 2900 2870] [3115 3205 3215 3135 3210 3160 3145 3140]
[2960 2905 2840 2880 2825 2765 2790 2855] [3110 3125 3250 3175 3100 3165 3125 3240]
[2755 2870 2845 2820 2790 2895 2835 2945] [3230 3155 3255 3250 3230 2905 3155 3230]
[2915 2970 2950 2725 3065 2975 2935 2840] [3160 3045 3065 3110 3225 3050 3200 3235]
[2970 2895 2960 2915 3010 2910 2910 2980] [3110 3045 3170 3275 3120 3100 3210 3320]
[2765 2910 2940 2870 2915 2970 2910 2940] [3055 3265 3270 3235 3085 3235 3335 3135]
[3020 2960 2785 3070 2945 2905 2880 2800] [3365 3345 3490 3105 3230 3235 3050 3135]
[3140 3020 2970 2910 2830 2855 3130 3020] [3375 3235 3115 3390 3250 3275 3220 3090]
COM8 1 46
4
[2655 2760 2865 2865 2790 2780 2900 2870] [3075 3140 3340 3235 3200 3025 3200 3265]
[2960 2905 2840 2880 2825 2765 2790 2855] [3025 3340 3175 3220 3075 3285 3285 3125]
[2755 2870 2845 2820 2790 2895 2835 2945] [3040 3150 3100 3170 3230 3340 3190 3135]
[2915 2970 2950 2725 3065 2975 2935 2840] [3070 3505 3125 3150 3155 3185 3180 3080]
[2970 2895 2960 2915 3010 2910 2910 2980] [3330 3235 3230 3030 3240 3165 3300 3330]
[2765 2910 2940 2870 2915 2970 2910 2940] [2960 3310 3350 3110 3110 3285 3305 3230]
[3020 2960 2785 3070 2945 2905 2880 2800] [3415 3350 3345 3060 3120 3205 3090 3135]
[3140 3020 2970 2910 2830 2855 3130 3020] [3430 3215 3195 3395 3235 2920 3385 3325]
COM3 0 47
4
[2730 2865 2810 2820 2765 2710 2910 2880] [3075 3140 3340 3235 3200 3025 3200 3265]
[2990 3010 2765 2910 2805 2845 2825 2920] [3025 3340 3175 3220 3075 3285 3285 3125]
[2655 2745 2840 2945 2780 2970 2755 2910] [3040 3150 3100 3170 3230 3340 3190 3135]
[2845 2980 3010 2875 2970 2875 2915 2935] [3070 3505 3125 3150 3155 3185 3180 3080]
[2965 2990 2920 2815 2905 2820 2995 2950] [3330 3235 3230 3030 3240 3165 3300 3330]
[2950 2875 2860 2950 2840 2940 3170 2790] [2960 3310 3350 3110 3110 3285 3305 3230]
[3025 2865 2995 2900 2880 2985 2900 2845] [3415 3350 3345 3060 3120 3205 3090 3135]
[3110 2870 2870 2980 2915 2950 3045 2900] [3430 3215 3195 3395 3235 2920 3385 3325]
COM8 1 48
4
[2730 2865 2810 2820 2765 2710 2910 2880] [3440 3470 3615 3490 3365 3310 3280 3415]
[2990 3010 2765 2910 2805 2845 2825 2920] [3360 3635 3455 3330 3250 3365 3180 3320]
[2655 2745 2840 2945 2780 2970 2755 2910] [3405 3460 3330 3390 3300 3145 3190 3290]
[2845 2980 3010 2875 2970 2875 2915 2935] [3520 3450 3565 3275 3420 3260 3430 3385]
[2965 2990 2920 2815 2905 2820 2995 2950] [3400 3420 3420 3125 3340 3290 3285 3240]
[2950 2875 2860 2950 2840 2940 3170 2790] [3430 3345 3315 3565 3365 3550 3335 3340]
[3025 2865 2995 2900 2880 2985 2900 2845] [3660 3475 3485 3240 3445 3280 3395 3460]
[3110 2870 2870 2980 2915 2950 3045 2900] [3430 3465 3585 3320 3455 3310 3195 3470]
COM3 0 49
4
[2905 2760 2805 2670 2705 2795 2900 2845] [3440 3470 3615 3490 3365 3310 3280 3415]
[2830 2880 2785 2955 2840 2885 2860 2800] [3360 3635 3455 3330 3250 3365 3180 3320]
[2690 2760 2910 2875 2755 2920 2850 2895] [3405 3460 3330 3390 3300 3145 3190 3290]
[2835 2950 2920 2820 2865 2645 2910 2825] [3520 3450 3565 3275 3420 3260 3430 3385]
[2915 2885 3080 2790 3040 2810 3065 2975] [3400 3420 3420 3125 3340 3290 3285 3240]
[2765 2965 2920 2985 2935 2805 2955 2905] [3430 3345 3315 3565 3365 3550 3335 3340]
[2905 3015 2690 3030 2815 2985 2740 2770] [3660 3475 3485 3240 3445 3280 3395 3460]
[2795 3055 2960 2890 3020 2955 2940 2700] [3430 3465 3585 3320 3455 3310 3195 3470]
COM8 1 50
4
[2905 2760 2805 2670 2705 2795 2900 2845] [3100 3135 3160 3180 3175 3170 3100 3210]
[2830 2880 2785 2955 2840 2885 2860 2800] [3295 3265 3130 3125 3060 3045 3140 3120]
[2690 2760 2910 2875 2755 2920 2850 2895] [3195 3275 3165 3120 3180 3020 3130 3220]
[2835 2950 2920 2820 2865 2645 2910 2825] [3240 2900 3245 3300 3310 3210 3085 3120]
[2915 2885 3080 2790 3040 2810 3065 2975] [3445 3155 3305 3175 3120 3215 3215 3325]
[2765 2965 2920 2985 2935 2805 2955 2905] [3220 3320 3280 3225 3080 3030 3130 3190]
[2905 3015 2690 3030 2815 2985 2740 2770] [3140 3435 3300 3305 3405 3265 3290 3415]
[2795 3055 2960 2890 3020 2955 2940 2700] [3405 3410 3300 3140 3305 2855 3270 3305]
COM3 0 51
4
[2855 2690 2630 2740 2770 2855 2855 2910] [3100 3135 3160 3180 3175 3170 3100 3210]
[2845 2815 2790 2940 2935 2815 2855 2920] [3295 3265 3130 3125 3060 3045 3140 3120]
[2610 2815 2975 2835 2850 2910 2855 2860] [3195 3275 3165 3120 3180 3020 3130 3220]
[2865 2925 3090 2835 2925 2870 2900 2770] [3240 2900 3245 3300 3310 3210 3085 3120]
[2940 2805 2960 2705 3035 2805 2990 3025] [3445 3155 3305 3175 3120 3215 3215 3325]
[2810 2955 2990 2850 2830 2875 2965 2920] [3220 3320 3280 3225 3080 3030 3130 3190]
[3015 2940 2785 2865 3050 2855 2800 2870] [3140 3435 3300 3305 3405 3265 3290 3415]
[2785 2875 2870 2875 2895 2860 3140 2820] [3405 3410 3300 3140 3305 2855 3270 3305]
COM8 1 52
4
[2855 2690 2630 2740 2770 2855 2855 2910] [3075 3325 3075 3145 3215 3175 3315 2995]
[2845 2815 2790 2940 2935 2815 2855 2920] [3170 3095 3150 3040 3220 3175 3085 3235]
[2610 2815 2975 2835 2850 2910 2855 2860] [3205 3340 3215 3205 3230 3215 3035 3215]
[2865 2925 3090 2835 2925 2870 2900 2770] [3380 3230 3255 3205 3180 3325 3140 3200]
[2940 2805 2960 2705 3035 2805 2990 3025] [3545 3300 3410 3190 3230 3205 3250 3260]
[2810 2955 2990 2850 2830 2875 2965 2920] [3215 3500 3340 3300 3265 3280 3275 3145]
[3015 2940 2785 2865 3050 2855 2800 2870] [3270 3365 3215 3365 3430 3295 3415 3460]
[2785 2875 2870 2875 2895 2860 3140 2820] [3610 3460 3240 3680 3260 3350 3305 3405]
COM3 0 53
4
[2825 2735 2815 2720 2825 2765 2885 2920] [3075 3325 3075 3145 3215 3175 3315 2995]
[3025 3060 2860 2950 2900 2845 2930 2840] [3170 3095 3150 3040 3220 3175 3085 3235]
[2825 2965 2895 2800 2815 2890 2855 2970] [3205 3340 3215 3205 3230 3215 3035 3215]
[2910 2765 3040 2870 2835 2975 2910 2920] [3380 3230 3255 3205 3180 3325 3140 3200]
[2900 3015 2935 2945 3010 2810 3065 3045] [3545 3300 3410 3190 3230 3205 3250 3260]
[2635 2945 2865 2880 2845 2915 3010 2800] [3215 3500 3340 3300 3265 3280 3275 3145]
[3005 3010 2940 2935 2740 2960 2585 2935] [3270 3365 3215 3365 3430 3295 3415 3460]
[3105 2875 2875 2945 2810 2925 3040 3025] [3610 3460 3240 3680 3260 3350 3305 3405]
COM8 1 54
4
[2825 2735 2815 2720 2825 2765 2885 2920] [3040 3240 3220 3090 3080 3085 3275 3340]
[3025 3060 2860 2950 2900 2845 2930 2840] [3140 3260 3285 3065 3105 3175 3095 3120]
[2825 2965 2895 2800 2815 2890 2855 2970] [3255 3270 3235 3095 3125 3100 3180 2940]
[2910 2765 3040 2870 2835 2975 2910 2920] [3350 3205 3220 3210 3215 3220 3260 3220]
[2900 3015 2935 2945 3010 2810 3065 3045] [3185 3180 3320 3140 3260 3280 3280 3195]
[2635 2945 2865 2880 2845 2915 3010 2800] [3220 3425 3320 3340 3175 3470 3375 3315]
[3005 3010 2940 2935 2740 2960 2585 2935] [3300 3225 3395 3240 3160 3215 3185 3340]
[3105 2875 2875 2945 2810 2925 3040 3025] [3295 3430 3310 3350 3380 3115 3385 3305]
COM3 0 55
4
[2745 2755 2770 2735 2795 2765 2980 2860] [3040 3240 3220 3090 3080 3085 3275 3340]
[2915 2920 2850 2855 2860 2835 2845 2855] [3140 3260 3285 3065 3105 3175 3095 3120]
[2750 2895 3100 2815 2780 2860 2805 2905] [3255 3270 3235 3095 3125 3100 3180 2940]
[2870 2830 2910 2890 2900 2905 2855 2880] [3350 3205 3220 3210 3215 3220 3260 3220]
[2950 2890 3105 2890 2960 2870 3010 2965] [3185 3180 3320 3140 3260 3280 3280 3195]
[3015 3050 3015 2945 2855 2900 2975 2870] [3220 3425 3320 3340 3175 3470 3375 3315]
[2825 3030 2905 2925 3005 3065 2970 2970] [3300 3225 3395 3240 3160 3215 3185 3340]
[3140 2920 2900 2855 2985 2990 3125 2820] [3295 3430 3310 3350 3380 3115 3385 3305]
COM8 1 56
4
[2745 2755 2770 2735 2795 2765 2980 2860] [3105 3105 3125 3155 3275 3075 3105 3245]
[2915 2920 2850 2855 2860 2835 2845 2855] [3310 3090 3130 3160 3145 3280 3180 3190]
[2750 2895 3100 2815 2780 2860 2805 2905] [3255 3195 3245 3085 3095 3270 3150 3195]
[2870 2830 2910 2890 2900 2905 2855 2880] [3275 3565 3370 3450 3215 3040 3115 3050]
[2950 2890 3105 2890 2960 2870 3010 2965] [3195 3460 3490 3125 3130 3065 3260 3320]
[3015 3050 3015 2945 2855 2900 2975 2870] [3140 3045 3250 3425 3240 3310 3265 3505]
[2825 3030 2905 2925 3005 3065 2970 2970] [3180 3460 3295 3270 3125 3095 3175 3505]
[3140 2920 2900 2855 2985 2990 3125 2820] [3420 3305 3215 3400 3355 2940 3190 3135]
COM3 0 57
4
[2755 2640 2665 2695 2735 2835 2855 2850] [3105 3105 3125 3155 3275 3075 3105 3245]
[3010 2825 2785 2880 2780 2885 2975 2815] [3310 3090 3130 3160 3145 3280 3180 3190]
[2730 2865 2800 2835 2785 2920 2840 2935] [3255 3195 3245 3085 3095 3270 3150 3195]
[2875 3050 2950 2960 2905 2790 2830 2845] [3275 3565 3370 3450 3215 3040 3115 3050]
[3150 2775 2800 2740 2945 2910 2990 3020] [3195 3460 3490 3125 3130 3065 3260 3320]
[2860 2875 2970 2850 2855 2955 3015 2795] [3140 3045 3250 3425 3240 3310 3265 3505]
[3080 2960 2925 2850 2915 2915 2910 2925] [3180 3460 3295 3270 3125 3095 3175 3505]
[3105 2970 3070 2980 2945 2850 2850 2855] [3420 3305 3215 3400 3355 2940 3190 3135]
COM8 1 58
4
[2755 2640 2665 2695 2735 2835 2855 2850] [3260 3245 3210 3095 2995 3060 3035 3205]
[3010 2825 2785 2880 2780 2885 2975 2815] [3020 3135 3265 2925 3050 3145 3075 3230]
[2730 2865 2800 2835 2785 2920 2840 2935] [2900 3095 3345 3085 3190 3015 2955 3070]
[2875 3050 2950 2960 2905 2790 2830 2845] [3130 3270 3225 2920 3065 2980 3175 3205]
[3150 2775 2800 2740 2945 2910 2990 3020] [3195 3345 3035 2965 3145 3305 3125 3170]
[2860 2875 2970 2850 2855 2955 3015 2795] [3250 3370 3185 3210 3240 3230 3290 3185]
[3080 2960 2925 2850 2915 2915 2910 2925] [3110 3455 3270 3035 3405 3355 3275 3265]
[3105 2970 3070 2980 2945 2850 2850 2855] [3210 3220 3360 3160 3200 3005 3450 3365]
COM3 0 59
4
[2770 2655 2760 2685 2915 2840 2855 2790] [3260 3245 3210 3095 2995 3060 3035 3205]
[2870 2845 2705 2660 2825 2840 2815 2895] [3020 3135 3265 2925 3050 3145 3075 3230]
[2655 2710 2830 2700 2785 2855 2760 2780] [2900 3095 3345 3085 3190 3015 2955 3070]
[2825 2980 2850 2815 2850 2870 2875 2870] [3130 3270 3225 2920 3065 2980 3175 3205]
[2895 2815 2880 2760 3005 2875 2970 2890] [3195 3345 3035 2965 3145 3305 3125 3170]
[2765 2850 3000 2790 2965 2910 3020 2860] [3250 3370 3185 3210 3240 3230 3290 3185]
[2910 2755 2905 3000 2755 2985 2690 2770] [3110 3455 3270 3035 3405 3355 3275 3265]
[2930 2850 3040 2990 2815 2895 3100 2810] [3210 3220 3360 3160 3200 3005 3450 3365]
COM8 1 60
4
[2770 2655 2760 2685 2915 2840 2855 2790] [3600 3345 3300 3210 3480 3290 3140 3130]
[2870 2845 2705 2660 2825 2840 2815 2895] [3140 3395 3345 3240 3150 3230 3185 3195]
[2655 2710 2830 2700 2785 2855 2760 2780] [3435 3350 3310 3090 3290 3350 3285 3050]
[2825 2980 2850 2815 2850 2870 2875 2870] [3350 3240 3330 3310 3185 3235 3345 3085]
[2895 2815 2880 2760 3005 2875 2970 2890] [3425 3545 3430 3220 3300 3250 3375 3185]
[2765 2850 3000 2790 2965 2910 3020 2860] [3140 3225 3205 3410 3450 3385 3350 3085]
[2910 2755 2905 3000 2755 2985 2690 2770] [3370 3305 3485 3365 3170 3375 3345 3275]
[2930 2850 3040 2990 2815 2895 3100 2810] [3645 3170 3350 3550 3400 3310 3195 3445]
COM3 0 61
4
[2845 2875 2800 2845 2820 2850 2775 2895] [3600 3345 3300 3210 3480 3290 3140 3130]
[2955 2805 2775 2915 2860 2755 2770 2960] [3140 3395 3345 3240 3150 3230 3185 3195]
[2840 2845 2955 2900 2715 2850 2790 2915] [3435 3350 3310 3090 3290 3350 3285 3050]
[2740 2815 2960 2820 2950 2885 2885 2920] [3350 3240 3330 3310 3185 3235 3345 3085]
[3140 2735 2905 2920 3010 2845 2995 2930] [3425 3545 3430 3220 3300 3250 3375 3185]
[2750 2790 3125 2915 2755 2900 2910 2745] [3140 3225 3205 3410 3450 3385 3350 3085]
[2885 2945 2750 2905 2905 2740 2975 2770] [3370 3305 3485 3365 3170 3375 3345 3275]
[2785 2810 2835 3205 2850 2875 3100 3010] [3645 3170 3350 3550 3400 3310 3195 3445]
COM8 1 62
4
[2845 2875 2800 2845 2820 2850 2775 2895] [3175 3205 3230 3175 3000 3130 3270 3195]
[2955 2805 2775 2915 2860 2755 2770 2960] [3215 3190 3125 3090 3165 3235 3260 3005]
[2840 2845 2955 2900 2715 2850 2790 2915] [3200 3280 3245 3065 3205 3110 3245 3025]
[2740 2815 2960 2820 2950 2885 2885 2920] [3470 3410 3210 3240 3120 3000 3085 3050]
[3140 2735 2905 2920 3010 2845 2995 2930] [3275 3420 3315 3125 3005 3235 3275 3270]
[2750 2790 3125 2915 2755 2900 2910 2745] [3060 3100 3285 3220 3185 2975 3165 3480]
[2885 2945 2750 2905 2905 2740 2975 2770] [3225 3515 3190 3295 3225 3235 3080 3280]
[2785 2810 2835 3205 2850 2875 3100 3010] [3435 3100 3280 3665 3160 3125 3115 3535]
COM3 0 63
4
[2905 2720 2740 2820 2760 2805 2805 2825] [3175 3205 3230 3175 3000 3130 3270 3195]
[2990 2910 2710 2885 2845 2900 2770 2700] [3215 3190 3125 3090 3165 3235 3260 3005]
[2780 2905 2845 2845 2695 2915 2790 2900] [3200 3280 3245 3065 3205 3110 3245 3025]
[2890 2870 2925 2755 2925 2995 2905 2875] [3470 3410 3210 3240 3120 3000 3085 3050]
[2950 2755 2925 2900 2915 2805 2965 2865] [3275 3420 3315 3125 3005 3235 3275 3270]
[2970 2910 2950 2995 2785 2830 2955 2850] [3060 3100 3285 3220 3185 2975 3165 3480]
[2895 2890 2840 2995 2900 2790 2570 2905] [3225 3515 3190 3295 3225 3235 3080 3280]
[3050 2900 3050 2930 2750 2935 2950 2905] [3435 3100 3280 3665 3160 3125 3115 3535]
COM8 1 64
4
[2905 2720 2740 2820 2760 2805 2805 2825] [3185 3235 3125 3100 2750 3140 3060 3045]
[2990 2910 2710 2885 2845 2900 2770 2700] [2945 3350 3040 2925 2945 3190 3145 2820]
[2780 2905 2845 2845 2695 2915 2790 2900] [3075 3070 3200 3120 3115 3090 3180 2995]
[2890 2870 2925 2755 2925 2995 2905 2875] [2975 3650 3420 3155 2970 3250 3095 3050]
[2950 2755 2925 2900 2915 2805 2965 2865] [2960 3120 3035 3040 3180 3075 3155 3165]
[2970 2910 2950 2995 2785 2830 2955 2850] [2975 3320 3125 3210 3215 3395 3130 3345]
[2895 2890 2840 2995 2900 2790 2570 2905] [3130 3390 3290 3360 2945 3190 3225 3325]
[3050 2900 3050 2930 2750 2935 2950 2905] [3340 3195 3300 3045 3105 3230 3180 3300]
COM3 0 65
4
[2840 2770 2845 2835 2885 2795 2755 2850] [3185 3235 3125 3100 2750 3140 3060 3045]
[2965 2850 2705 2835 2805 2875 2790 2835] [2945 3350 3040 2925 2945 3190 3145 2820]
[2760 2735 2950 2820 2740 2845 2645 2890] [3075 3070 3200 3120 3115 3090 3180 2995]
[2875 2825 2860 2855 2890 2835 2915 3055] [2975 3650 3420 3155 2970 3250 3095 3050]
[2915 2885 3050 2845 3040 2905 2975 2880] [2960 3120 3035 3040 3180 3075 3155 3165]
[2910 2945 3055 3055 2870 2900 2945 2775] [2975 3320 3125 3210 3215 3395 3130 3345]
[3000 2880 2795 3015 2870 2740 2760 2890] [3130 3390 3290 3360 2945 3190 3225 3325]
[2975 2870 2875 2995 2975 2965 2890 3065] [3340 3195 3300 3045 3105 3230 3180 3300]