COM3 1 6
3
[1480 1550 2015 2340 2000 1695 1740 2375] [2995 3175 2940 2910 3045 3115 2985 3195]
[1795 1780 2205 2405 1900 1840 1730 2085] [3225 3000 3050 2945 3210 3095 2970 3025]
[1575 1750 2200 2430 1825 1660 1650 2310] [3070 3175 2990 2960 3100 2935 3030 3010]
[1690 1900 2205 2270 1950 1670 1815 2240] [2935 2855 3110 3120 3095 3000 3025 3080]
[1705 1855 2135 2235 2055 1580 1800 2225] [3105 2915 3075 2885 3060 3080 3105 3180]
[1545 1650 2035 2340 1960 1595 1590 2185] [2955 3095 3145 3160 3165 3170 3145 3105]
[1585 1505 1745 2060 1760 1535 1635 2185] [3050 3375 3195 3050 3010 2840 3195 3250]
[1740 1495 1775 1830 1675 1485 1695 2340] [3170 2975 2910 3205 3225 3195 2990 3320]
COM7 0 7
3
[2255 1930 2410 2455 2400 2030 2480 2835] [2995 3175 2940 2910 3045 3115 2985 3195]
[2275 2050 2370 2415 2425 2365 2495 2855] [3225 3000 3050 2945 3210 3095 2970 3025]
[2025 2105 2670 2645 2380 2305 2505 3225] [3070 3175 2990 2960 3100 2935 3030 3010]
[1970 2185 2640 2635 2420 2170 2375 2980] [2935 2855 3110 3120 3095 3000 3025 3080]
[2060 2170 2605 2475 2600 2275 2685 2870] [3105 2915 3075 2885 3060 3080 3105 3180]
[2050 2010 2585 2535 2445 2335 2420 2875] [2955 3095 3145 3160 3165 3170 3145 3105]
[2160 1930 2325 2460 2380 2270 2285 2890] [3050 3375 3195 3050 3010 2840 3195 3250]
[1875 1900 2175 2600 2210 2225 2555 2830] [3170 2975 2910 3205 3225 3195 2990 3320]
COM3 1 8
3
[2255 1930 2410 2455 2400 2030 2480 2835] [2910 2825 2735 2850 2775 2970 3015 3120]
[2275 2050 2370 2415 2425 2365 2495 2855] [2680 2930 2720 2765 2900 2890 2940 3020]
[2025 2105 2670 2645 2380 2305 2505 3225] [2925 2885 2825 2890 3105 2955 3025 2850]
[1970 2185 2640 2635 2420 2170 2375 2980] [2950 3050 2995 2890 2830 2985 2955 2885]
[2060 2170 2605 2475 2600 2275 2685 2870] [2925 2785 2805 2870 2980 2940 3065 3005]
[2050 2010 2585 2535 2445 2335 2420 2875] [2985 3025 2890 3150 2945 3090 3170 2995]
[2160 1930 2325 2460 2380 2270 2285 2890] [2840 3090 2925 3030 2800 2940 2910 3130]
[1875 1900 2175 2600 2210 2225 2555 2830] [3205 3255 2880 3280 2935 3045 3040 2965]
COM7 0 9
3
[2055 1715 1885 2250 2045 2050 2230 2470] [2910 2825 2735 2850 2775 2970 3015 3120]
[1935 1925 2155 2475 2045 1950 2165 2490] [2680 2930 2720 2765 2900 2890 2940 3020]
[1835 1905 2355 2415 2335 1985 2110 2425] [2925 2885 2825 2890 3105 2955 3025 2850]
[1860 1995 2390 2300 2130 1905 1970 2415] [2950 3050 2995 2890 2830 2985 2955 2885]
[2035 1825 2400 2380 2115 1885 2215 2365] [2925 2785 2805 2870 2980 2940 3065 3005]
[1805 1980 2305 2360 2160 1925 1890 2455] [2985 3025 2890 3150 2945 3090 3170 2995]
[1815 1730 2195 2270 2075 1940 1985 2380] [2840 3090 2925 3030 2800 2940 2910 3130]
[1720 1585 1835 1930 2025 1805 2220 2425] [3205 3255 2880 3280 2935 3045 3040 2965]
COM3 1 10
3
[2055 1715 1885 2250 2045 2050 2230 2470] [3160 3115 3105 3135 3220 3130 3115 3190]
[1935 1925 2155 2475 2045 1950 2165 2490] [3240 3175 3180 3000 3035 3235 3145 2985]
[1835 1905 2355 2415 2335 1985 2110 2425] [3085 3150 3220 3090 3155 3040 3165 3205]
[1860 1995 2390 2300 2130 1905 1970 2415] [3265 3300 3240 3155 3090 3135 3160 3095]
[2035 1825 2400 2380 2115 1885 2215 2365] [3305 3300 3180 3145 3105 3070 3110 3305]
[1805 1980 2305 2360 2160 1925 1890 2455] [3105 3190 3010 3125 3155 3265 3275 3330]
[1815 1730 2195 2270 2075 1940 1985 2380] [3255 3160 3230 3205 3145 3095 3115 3215]
[1720 1585 1835 1930 2025 1805 2220 2425] [3255 3095 3295 3240 3085 3205 3110 3350]
COM7 0 11
3
[1560 1450 1735 1800 1630 1480 1600 1820] [3160 3115 3105 3135 3220 3130 3115 3190]
[1685 1590 1825 2115 1770 1435 1405 1925] [3240 3175 3180 3000 3035 3235 3145 2985]
[1435 1605 2030 2105 1815 1560 1465 1655] [3085 3150 3220 3090 3155 3040 3165 3205]
[1585 1555 2020 2000 1650 1415 1390 1750] [3265 3300 3240 3155 3090 3135 3160 3095]
[1625 1445 1975 1990 1820 1345 1595 1815] [3305 3300 3180 3145 3105 3070 3110 3305]
[1375 1490 1885 1770 1490 1380 1495 1780] [3105 3190 3010 3125 3155 3265 3275 3330]
[1390 1430 1590 1675 1580 1360 1390 1640] [3255 3160 3230 3205 3145 3095 3115 3215]
[1455 1425 1400 1390 1475 1395 1375 1745] [3255 3095 3295 3240 3085 3205 3110 3350]
COM3 1 12
3
[1560 1450 1735 1800 1630 1480 1600 1820] [3505 3395 3355 3380 3280 3310 3320 3410]
[1685 1590 1825 2115 1770 1435 1405 1925] [3160 3540 3440 3410 3255 3395 3285 3290]
[1435 1605 2030 2105 1815 1560 1465 1655] [3350 3390 3410 3320 3275 3135 3285 3210]
[1585 1555 2020 2000 1650 1415 1390 1750] [3355 3390 3650 3280 3285 3305 3170 3265]
[1625 1445 1975 1990 1820 1345 1595 1815] [3300 3450 3505 3285 3335 3340 3370 3370]
[1375 1490 1885 1770 1490 1380 1495 1780] [3420 3260 3410 3390 3245 3320 3395 3440]
[1390 1430 1590 1675 1580 1360 1390 1640] [3305 3470 3370 3410 3350 3330 3565 3340]
[1455 1425 1400 1390 1475 1395 1375 1745] [3360 3405 3365 3600 3335 3285 3475 3470]
COM7 0 13
3
[1725 1785 2170 2395 1955 1805 1735 2650] [3505 3395 3355 3380 3280 3310 3320 3410]
[1760 1685 2125 2525 2185 1985 2175 2520] [3160 3540 3440 3410 3255 3395 3285 3290]
[1880 2025 2445 2500 2210 2030 2110 2685] [3350 3390 3410 3320 3275 3135 3285 3210]
[1860 2025 2465 2440 2285 1965 2035 2565] [3355 3390 3650 3280 3285 3305 3170 3265]
[1985 1905 2355 2300 2360 1920 2265 2655] [3300 3450 3505 3285 3335 3340 3370 3370]
[1685 1875 2275 2655 2215 2045 2040 2390] [3420 3260 3410 3390 3245 3320 3395 3440]
[1850 1890 1965 2320 2060 1795 1895 2570] [3305 3470 3370 3410 3350 3330 3565 3340]
[1670 1625 1950 2045 1895 1840 2240 2455] [3360 3405 3365 3600 3335 3285 3475 3470]
COM3 1 14
3
[1725 1785 2170 2395 1955 1805 1735 2650] [2915 2930 3045 3005 3100 2905 2975 3130]
[1760 1685 2125 2525 2185 1985 2175 2520] [3115 3230 3080 3110 3000 3095 3135 3020]
[1880 2025 2445 2500 2210 2030 2110 2685] [2835 3010 3075 3040 3100 3015 3080 3150]
[1860 2025 2465 2440 2285 1965 2035 2565] [3110 3035 3105 3065 3100 2945 3060 3075]
[1985 1905 2355 2300 2360 1920 2265 2655] [3165 3045 3075 3150 3090 3210 3100 3175]
[1685 1875 2275 2655 2215 2045 2040 2390] [3100 3050 3155 3270 3005 3160 3170 3100]
[1850 1890 1965 2320 2060 1795 1895 2570] [3090 3380 3130 3115 3055 2900 3280 3130]
[1670 1625 1950 2045 1895 1840 2240 2455] [3030 3340 3035 3355 3075 3135 3160 2990]
COM7 0 15
3
[1885 1670 1945 2335 2015 1900 1985 2360] [2915 2930 3045 3005 3100 2905 2975 3130]
[1990 1735 2290 2370 2010 1905 1980 2400] [3115 3230 3080 3110 3000 3095 3135 3020]
[1695 1855 2315 2310 1940 2005 2060 2410] [2835 3010 3075 3040 3100 3015 3080 3150]
[1895 1985 2320 2365 2190 1830 2015 2410] [3110 3035 3105 3065 3100 2945 3060 3075]
[1650 1880 2425 2320 2175 1645 2015 2510] [3165 3045 3075 3150 3090 3210 3100 3175]
[1830 1780 2095 2295 2055 1865 1960 2405] [3100 3050 3155 3270 3005 3160 3170 3100]
[1670 1750 1875 2370 1865 1720 1880 2350] [3090 3380 3130 3115 3055 2900 3280 3130]
[1745 1635 1825 2165 2050 1690 1930 2180] [3030 3340 3035 3355 3075 3135 3160 2990]
COM3 1 16
3
[1885 1670 1945 2335 2015 1900 1985 2360] [2800 2835 2750 2875 2985 2935 2940 3130]
[1990 1735 2290 2370 2010 1905 1980 2400] [3065 2900 2940 2835 2845 3040 2960 2955]
[1695 1855 2315 2310 1940 2005 2060 2410] [3015 2785 2985 2975 2970 2920 3025 3035]
[1895 1985 2320 2365 2190 1830 2015 2410] [2980 3015 3025 2955 2930 2910 3000 2900]
[1650 1880 2425 2320 2175 1645 2015 2510] [2910 3010 2785 2810 2815 3015 3085 3060]
[1830 1780 2095 2295 2055 1865 1960 2405] [2920 3000 3045 3075 2915 3120 3230 3105]
[1670 1750 1875 2370 1865 1720 1880 2350] [2995 3115 3140 2975 2880 3045 3110 3260]
[1745 1635 1825 2165 2050 1690 1930 2180] [2860 3095 3035 3190 3050 2990 3030 2975]
COM7 0 17
3
[1600 1585 1925 2200 1645 1845 1935 2625] [2800 2835 2750 2875 2985 2935 2940 3130]
[1900 1675 2040 2355 1960 1645 1915 2030] [3065 2900 2940 2835 2845 3040 2960 2955]
[1795 1690 2220 2265 1960 1675 1770 2410] [3015 2785 2985 2975 2970 2920 3025 3035]
[1775 1775 2400 2430 2150 1690 1950 2385] [2980 3015 3025 2955 2930 2910 3000 2900]
[1665 1645 2195 2355 2050 1815 1935 2215] [2910 3010 2785 2810 2815 3015 3085 3060]
[1580 1695 2275 2315 1940 1775 1945 2310] [2920 3000 3045 3075 2915 3120 3230 3105]
[1625 1675 1955 2025 2050 1720 1625 2225] [2995 3115 3140 2975 2880 3045 3110 3260]
[1665 1420 1905 2060 1720 1605 1800 2120] [2860 3095 3035 3190 3050 2990 3030 2975]
COM3 1 18
3
[1600 1585 1925 2200 1645 1845 1935 2625] [3055 2935 2995 3005 2790 2920 3055 3015]
[1900 1675 2040 2355 1960 1645 1915 2030] [2865 3115 2905 2930 3005 3150 2975 3020]
[1795 1690 2220 2265 1960 1675 1770 2410] [3055 3025 2940 3000 2850 2995 2920 2935]
[1775 1775 2400 2430 2150 1690 1950 2385] [3225 2885 3010 3070 3025 3070 3205 2960]
[1665 1645 2195 2355 2050 1815 1935 2215] [3100 3220 2875 2955 3100 2995 3080 3085]
[1580 1695 2275 2315 1940 1775 1945 2310] [2825 3105 2945 3160 3050 3265 3160 3105]
[1625 1675 1955 2025 2050 1720 1625 2225] [3180 3140 3235 3120 3000 3015 3015 3235]
[1665 1420 1905 2060 1720 1605 1800 2120] [3180 3325 3080 3170 2745 2980 3130 3270]
COM7 0 19
3
[1670 1500 1805 2110 1695 1695 1785 2255] [3055 2935 2995 3005 2790 2920 3055 3015]
[1820 1785 2285 2330 1955 1820 1700 2340] [2865 3115 2905 2930 3005 3150 2975 3020]
[1640 1720 2330 2225 2115 1740 1685 2270] [3055 3025 2940 3000 2850 2995 2920 2935]
[1720 1600 2185 2315 2125 1580 1630 2475] [3225 2885 3010 3070 3025 3070 3205 2960]
[1685 1710 2250 2175 1980 1595 1835 2035] [3100 3220 2875 2955 3100 2995 3080 3085]
[1490 1625 2290 2220 1940 2000 1780 2150] [2825 3105 2945 3160 3050 3265 3160 3105]
[1640 1565 1945 1905 1760 1580 1720 2200] [3180 3140 3235 3120 3000 3015 3015 3235]
[1540 1500 1770 1895 1625 1435 1725 2120] [3180 3325 3080 3170 2745 2980 3130 3270]
COM3 1 20
3
[1670 1500 1805 2110 1695 1695 1785 2255] [3250 3310 3390 3200 3150 3135 3245 3430]
[1820 1785 2285 2330 1955 1820 1700 2340] [3280 3260 3295 3165 3185 3190 3260 3095]
[1640 1720 2330 2225 2115 1740 1685 2270] [3255 3360 3295 3225 3425 3110 3200 3215]
[1720 1600 2185 2315 2125 1580 1630 2475] [3240 3395 3420 3440 3250 3175 3305 3105]
[1685 1710 2250 2175 1980 1595 1835 2035] [3265 3380 3285 3305 3145 3280 3345 3115]
[1490 1625 2290 2220 1940 2000 1780 2150] [3225 3365 3220 3405 3235 3325 3345 3250]
[1640 1565 1945 1905 1760 1580 1720 2200] [3195 3385 3285 3305 3210 3245 3375 3480]
[1540 1500 1770 1895 1625 1435 1725 2120] [3500 3340 3430 3400 3355 3205 3445 3305]
COM7 0 21
3
[1855 1510 1935 2275 2075 1735 2025 2310] [3250 3310 3390 3200 3150 3135 3245 3430]
[2030 1855 2065 2250 2015 1960 1920 2400] [3280 3260 3295 3165 3185 3190 3260 3095]
[1625 1845 2200 2195 2000 1945 1960 2430] [3255 3360 3295 3225 3425 3110 3200 3215]
[1765 1770 2440 2380 2065 1850 2035 2155] [3240 3395 3420 3440 3250 3175 3305 3105]
[1830 1790 2245 2250 2190 1550 1885 2295] [3265 3380 3285 3305 3145 3280 3345 3115]
[1680 1865 2180 2265 2115 1815 1945 2355] [3225 3365 3220 3405 3235 3325 3345 3250]
[1605 1560 1925 2195 2010 1450 1935 1920] [3195 3385 3285 3305 3210 3245 3375 3480]
[1705 1645 1785 2000 1835 1520 1970 2315] [3500 3340 3430 3400 3355 3205 3445 3305]
COM3 1 22
3
[1855 1510 1935 2275 2075 1735 2025 2310] [2845 2770 2655 2855 3030 2955 2995 3025]
[2030 1855 2065 2250 2015 1960 1920 2400] [2890 2755 2880 2770 2905 3020 2870 2935]
[1625 1845 2200 2195 2000 1945 1960 2430] [3005 3040 2850 2935 2950 2950 2995 3010]
[1765 1770 2440 2380 2065 1850 2035 2155] [3075 3035 2955 2900 2995 2820 3125 2890]
[1830 1790 2245 2250 2190 1550 1885 2295] [3100 3010 3030 2745 2860 2850 2955 3015]
[1680 1865 2180 2265 2115 1815 1945 2355] [3005 2995 2950 3165 3020 3045 3115 3055]
[1605 1560 1925 2195 2010 1450 1935 1920] [3005 3255 3015 2925 2915 3085 3105 3110]
[1705 1645 1785 2000 1835 1520 1970 2315] [3100 3180 3080 3085 2835 2975 3005 3045]
COM7 0 23
3
[1725 1930 2005 2440 2005 1920 2165 2435] [2845 2770 2655 2855 3030 2955 2995 3025]
[1985 2070 2355 2275 2155 2060 2185 2495] [2890 2755 2880 2770 2905 3020 2870 2935]
[1820 2035 2265 2455 1965 1905 2025 2645] [3005 3040 2850 2935 2950 2950 2995 3010]
[1930 2240 2340 2450 2235 1855 1895 2445] [3075 3035 2955 2900 2995 2820 3125 2890]
[1960 1770 2270 2470 2095 1790 2120 2575] [3100 3010 3030 2745 2860 2850 2955 3015]
[1685 1685 2285 2355 2125 2025 2240 2460] [3005 2995 2950 3165 3020 3045 3115 3055]
[1740 1800 2060 2245 2130 1820 1700 2400] [3005 3255 3015 2925 2915 3085 3105 3110]
[1785 1520 1835 1980 1840 1665 2085 2615] [3100 3180 3080 3085 2835 2975 3005 3045]
COM3 1 24
3
[1725 1930 2005 2440 2005 1920 2165 2435] [3050 2930 2985 3050 2985 3040 3005 3255]
[1985 2070 2355 2275 2155 2060 2185 2495] [3065 3035 3055 2985 3110 3155 3035 3005]
[1820 2035 2265 2455 1965 1905 2025 2645] [3060 3075 3070 3125 3135 3000 3035 3050]
[1930 2240 2340 2450 2235 1855 1895 2445] [3075 3065 3150 3145 3140 3020 3080 3170]
[1960 1770 2270 2470 2095 1790 2120 2575] [3110 3155 3125 2985 2990 3070 3245 2945]
[1685 1685 2285 2355 2125 2025 2240 2460] [3025 3025 2965 3055 3155 3120 3105 3105]
[1740 1800 2060 2245 2130 1820 1700 2400] [3080 3220 3200 3195 3060 3050 3170 3215]
[1785 1520 1835 1980 1840 1665 2085 2615] [3040 3085 3080 3195 3205 2990 3220 3120]
COM7 0 25
3
[1895 1665 2040 2235 1845 1725 2005 2465] [3050 2930 2985 3050 2985 3040 3005 3255]
[1895 2060 2005 2350 1970 1825 1870 2370] [3065 3035 3055 2985 3110 3155 3035 3005]
[1720 1900 2230 2250 2035 1855 1980 2340] [3060 3075 3070 3125 3135 3000 3035 3050]
[1635 1830 2295 2215 2090 1820 1840 2300] [3075 3065 3150 3145 3140 3020 3080 3170]
[1830 1735 2235 2315 2165 1745 1880 2165] [3110 3155 3125 2985 2990 3070 3245 2945]
[1535 1730 2135 2265 1850 1715 1765 2180] [3025 3025 2965 3055 3155 3120 3105 3105]
[1590 1540 1885 2130 1920 1670 1635 2305] [3080 3220 3200 3195 3060 3050 3170 3215]
[1760 1645 1920 1985 1800 1680 1880 2410] [3040 3085 3080 3195 3205 2990 3220 3120]
COM3 1 26
3
[1895 1665 2040 2235 1845 1725 2005 2465] [3380 3400 3485 3425 3330 3220 3395 3330]
[1895 2060 2005 2350 1970 1825 1870 2370] [3435 3445 3595 3370 3420 3345 3195 3305]
[1720 1900 2230 2250 2035 1855 1980 2340] [3310 3500 3405 3310 3385 3305 3350 3380]
[1635 1830 2295 2215 2090 1820 1840 2300] [3385 3485 3525 3425 3435 3430 3430 3390]
[1830 1735 2235 2315 2165 1745 1880 2165] [3515 3420 3450 3250 3280 3385 3325 3425]
[1535 1730 2135 2265 1850 1715 1765 2180] [3290 3515 3265 3445 3315 3340 3450 3350]
[1590 1540 1885 2130 1920 1670 1635 2305] [3325 3690 3385 3355 3425 3595 3450 3345]
[1760 1645 1920 1985 1800 1680 1880 2410] [3400 3535 3345 3635 3430 3325 3320 3655]
COM7 0 27
3
[1680 1510 2105 2245 1955 1725 1815 2560] [3380 3400 3485 3425 3330 3220 3395 3330]
[1955 1600 2270 2240 2145 1760 1840 2275] [3435 3445 3595 3370 3420 3345 3195 3305]
[1880 1785 2205 2285 2055 1790 1695 2345] [3310 3500 3405 3310 3385 3305 3350 3380]
[1815 1780 2240 2340 2065 1640 1730 2225] [3385 3485 3525 3425 3435 3430 3430 3390]
[1790 1665 2225 2275 2180 1580 2025 2365] [3515 3420 3450 3250 3280 3385 3325 3425]
[1430 1605 2065 2265 1890 1625 2085 2335] [3290 3515 3265 3445 3315 3340 3450 3350]
[1640 1520 1835 2380 1805 1600 1740 2445] [3325 3690 3385 3355 3425 3595 3450 3345]
[1615 1495 1770 1820 1805 1685 1690 2175] [3400 3535 3345 3635 3430 3325 3320 3655]
COM3 1 28
3
[1680 1510 2105 2245 1955 1725 1815 2560] [3315 3075 3240 3050 3220 3115 3080 3205]
[1955 1600 2270 2240 2145 1760 1840 2275] [3110 3085 3110 3110 2980 3175 3085 3120]
[1880 1785 2205 2285 2055 1790 1695 2345] [3140 3165 3185 3075 3225 3120 3080 3070]
[1815 1780 2240 2340 2065 1640 1730 2225] [3260 3195 3295 3190 3090 3015 3235 3010]
[1790 1665 2225 2275 2180 1580 2025 2365] [3230 3250 3220 3050 3100 3205 3105 3250]
[1430 1605 2065 2265 1890 1625 2085 2335] [3135 3110 2940 3315 3100 3090 3175 3185]
[1640 1520 1835 2380 1805 1600 1740 2445] [3180 3340 3100 3120 3135 3235 3210 3435]
[1615 1495 1770 1820 1805 1685 1690 2175] [3310 3255 3340 3325 3065 3275 3220 3015]
COM7 0 29
3
[1700 1675 2240 2195 1875 1865 2120 2300] [3315 3075 3240 3050 3220 3115 3080 3205]
[1805 2080 2190 2330 2090 1865 1985 2310] [3110 3085 3110 3110 2980 3175 3085 3120]
[1690 2045 2325 2420 2020 1790 1975 2475] [3140 3165 3185 3075 3225 3120 3080 3070]
[1940 1880 2215 2390 2200 1880 1905 2410] [3260 3195 3295 3190 3090 3015 3235 3010]
[1915 1735 2235 2340 2110 1920 1980 2530] [3230 3250 3220 3050 3100 3205 3105 3250]
[1700 1735 2340 2155 1995 1885 2005 2410] [3135 3110 2940 3315 3100 3090 3175 3185]
[1590 1730 2000 2220 1955 1680 1880 2025] [3180 3340 3100 3120 3135 3235 3210 3435]
[1610 1595 1815 2025 1935 1735 2000 2465] [3310 3255 3340 3325 3065 3275 3220 3015]
COM3 1 30
3
[1700 1675 2240 2195 1875 1865 2120 2300] [2755 2865 2965 2890 2860 2965 2985 2975]
[1805 2080 2190 2330 2090 1865 1985 2310] [2895 2880 2905 2730 2930 2985 2870 2980]
[1690 2045 2325 2420 2020 1790 1975 2475] [2895 2810 2875 2895 3125 2965 3000 2880]
[1940 1880 2215 2390 2200 1880 1905 2410] [3015 3050 2795 2835 3050 2815 2990 2940]
[1915 1735 2235 2340 2110 1920 1980 2530] [2910 2870 3005 2770 2980 2865 3040 3075]
[1700 1735 2340 2155 1995 1885 2005 2410] [2985 2935 2940 3040 2820 3050 3125 3100]
[1590 1730 2000 2220 1955 1680 1880 2025] [3165 3050 3105 2815 3010 2990 3095 3080]
[1610 1595 1815 2025 1935 1735 2000 2465] [3100 3005 3060 3200 2875 2990 3025 2850]
COM7 0 31
3
[1860 1550 1955 2360 1865 1940 2005 2320] [2755 2865 2965 2890 2860 2965 2985 2975]
[2020 2025 2430 2470 2045 1905 1980 2415] [2895 2880 2905 2730 2930 2985 2870 2980]
[1555 1755 2135 2310 2030 1885 1855 2250] [2895 2810 2875 2895 3125 2965 3000 2880]
[1940 1935 2370 2325 2200 1900 2015 2455] [3015 3050 2795 2835 3050 2815 2990 2940]
[1785 1900 2350 2405 2180 1800 2040 2470] [2910 2870 3005 2770 2980 2865 3040 3075]
[1645 1795 2170 2390 1965 2005 2115 2415] [2985 2935 2940 3040 2820 3050 3125 3100]
[1615 1635 2000 2130 2050 1740 1920 2430] [3165 3050 3105 2815 3010 2990 3095 3080]
[1805 1645 2080 1850 1845 1735 2035 2475] [3100 3005 3060 3200 2875 2990 3025 2850]
COM3 1 32
3
[1860 1550 1955 2360 1865 1940 2005 2320] [3140 3335 3260 3280 3130 3130 3115 3355]
[2020 2025 2430 2470 2045 1905 1980 2415] [3080 3265 3205 3370 3105 3235 3145 3120]
[1555 1755 2135 2310 2030 1885 1855 2250] [3225 3270 3305 3090 3265 3245 3130 3200]
[1940 1935 2370 2325 2200 1900 2015 2455] [3180 3335 3255 3190 3215 3295 3210 3180]
[1785 1900 2350 2405 2180 1800 2040 2470] [3100 3200 3270 2970 3235 3185 3195 3230]
[1645 1795 2170 2390 1965 2005 2115 2415] [3190 3450 3175 3290 3250 3160 3350 3240]
[1615 1635 2000 2130 2050 1740 1920 2430] [3180 3400 3205 3385 3165 3380 3190 3480]
[1805 1645 2080 1850 1845 1735 2035 2475] [3320 3335 3515 3505 3230 3150 3305 3545]
COM7 0 33
3
[1850 1700 1915 2170 1875 1905 2000 2375] [3140 3335 3260 3280 3130 3130 3115 3355]
[1930 1800 2335 2205 2000 2040 2055 2445] [3080 3265 3205 3370 3105 3235 3145 3120]
[1775 1855 2320 2310 2005 1975 2140 2570] [3225 3270 3305 3090 3265 3245 3130 3200]
[1970 1925 2345 2250 2175 1980 1915 2305] [3180 3335 3255 3190 3215 3295 3210 3180]
[1605 1795 2360 2360 2085 1740 2075 2430] [3100 3200 3270 2970 3235 3185 3195 3230]
[1725 1800 2415 2275 2055 1800 1995 2370] [3190 3450 3175 3290 3250 3160 3350 3240]
[1715 1560 1965 2190 1965 1920 1685 2295] [3180 3400 3205 3385 3165 3380 3190 3480]
[1845 1580 1735 1820 2025 1745 2000 2450] [3320 3335 3515 3505 3230 3150 3305 3545]
COM3 1 34
3
[1850 1700 1915 2170 1875 1905 2000 2375] [2755 2930 2890 2940 2950 2810 2985 2995]
[1930 1800 2335 2205 2000 2040 2055 2445] [2905 2910 2860 2730 2930 3050 3120 2935]
[1775 1855 2320 2310 2005 1975 2140 2570] [2965 2930 2790 2910 2935 2900 2935 2960]
[1970 1925 2345 2250 2175 1980 1915 2305] [3050 2880 3025 2970 2925 3015 2990 2890]
[1605 1795 2360 2360 2085 1740 2075 2430] [3160 2950 3005 2745 3015 2880 3085 3105]
[1725 1800 2415 2275 2055 1800 1995 2370] [2965 2950 2950 2990 3080 3045 3125 2965]
[1715 1560 1965 2190 1965 1920 1685 2295] [3145 2975 2910 2890 3045 3275 3030 3100]
[1845 1580 1735 1820 2025 1745 2000 2450] [3170 2915 3165 3190 2975 2975 3015 3095]
COM7 0 35
3
[1775 1645 1760 2305 1705 1755 1975 2400] [2755 2930 2890 2940 2950 2810 2985 2995]
[1835 1800 2030 2360 1945 1865 1800 2430] [2905 2910 2860 2730 2930 3050 3120 2935]
[1645 1875 2365 2300 2005 1650 1720 2330] [2965 2930 2790 2910 2935 2900 2935 2960]
[1800 1800 2295 2325 2015 1690 1880 2365] [3050 2880 3025 2970 2925 3015 2990 2890]
[1840 1835 2280 2315 2025 1700 2055 2170] [3160 2950 3005 2745 3015 2880 3085 3105]
[1545 1625 2005 2290 1755 1670 1720 2245] [2965 2950 2950 2990 3080 3045 3125 2965]
[1555 1755 1820 1990 1595 1765 1770 2355] [3145 2975 2910 2890 3045 3275 3030 3100]
[1460 1520 1785 1930 1740 1415 1940 2240] [3170 2915 3165 3190 2975 2975 3015 3095]
COM3 1 36
3
[1775 1645 1760 2305 1705 1755 1975 2400] [3180 2815 2875 2900 2950 3065 2990 3000]
[1835 1800 2030 2360 1945 1865 1800 2430] [2895 2935 2965 2885 2945 3185 2965 2965]
[1645 1875 2365 2300 2005 1650 1720 2330] [2900 2950 2830 2920 3095 2965 2995 2940]
[1800 1800 2295 2325 2015 1690 1880 2365] [3095 3035 2950 3025 3005 2895 3005 3080]
[1840 1835 2280 2315 2025 1700 2055 2170] [3060 2865 2950 2895 2970 2930 3175 3075]
[1545 1625 2005 2290 1755 1670 1720 2245] [2935 2950 3010 3010 3020 3075 3025 3040]
[1555 1755 1820 1990 1595 1765 1770 2355] [3100 3105 2965 3025 2950 3090 3105 3145]
[1460 1520 1785 1930 1740 1415 1940 2240] [2995 3095 3290 3105 3005 3005 3195 3075]
COM7 0 37
3
[1860 1510 1820 2225 1790 1725 1810 2075] [3180 2815 2875 2900 2950 3065 2990 3000]
[1860 1675 2230 2330 1970 1755 1730 2215] [2895 2935 2965 2885 2945 3185 2965 2965]
[1815 1695 2080 2075 1885 1970 1875 2045] [2900 2950 2830 2920 3095 2965 2995 2940]
[1755 1910 2205 2290 2030 1870 1755 2235] [3095 3035 2950 3025 3005 2895 3005 3080]
[1760 1770 2240 2275 2085 1700 2040 2020] [3060 2865 2950 2895 2970 2930 3175 3075]
[1530 1685 2210 2200 1855 1765 1955 1965] [2935 2950 3010 3010 3020 3075 3025 3040]
[1755 1675 1895 2115 1905 1675 1765 2200] [3100 3105 2965 3025 2950 3090 3105 3145]
[1625 1595 1650 1655 1945 1665 1745 2040] [2995 3095 3290 3105 3005 3005 3195 3075]
COM3 1 38
3
[1860 1510 1820 2225 1790 1725 1810 2075] [3230 3365 3485 3230 3245 3145 3235 3290]
[1860 1675 2230 2330 1970 1755 1730 2215] [3295 3465 3300 3130 3100 3340 3295 3250]
[1815 1695 2080 2075 1885 1970 1875 2045] [3255 3395 3280 3240 3305 3165 3245 3125]
[1755 1910 2205 2290 2030 1870 1755 2235] [3470 3460 3330 3190 3250 3270 3220 3295]
[1760 1770 2240 2275 2085 1700 2040 2020] [3355 3465 3265 3205 3265 3175 3280 3380]
[1530 1685 2210 2200 1855 1765 1955 1965] [3130 3345 3335 3205 3245 3395 3405 3280]
[1755 1675 1895 2115 1905 1675 1765 2200] [3250 3490 3495 3215 3205 3090 3310 3345]
[1625 1595 1650 1655 1945 1665 1745 2040] [3505 3435 3300 3535 3360 3280 3170 3425]
COM7 0 39
3
[1640 1735 1815 1985 2020 1690 1970 2385] [3230 3365 3485 3230 3245 3145 3235 3290]
[2000 1725 2065 2425 2120 1765 1950 2535] [3295 3465 3300 3130 3100 3340 3295 3250]
[1645 1705 2185 2225 1980 1980 1900 2330] [3255 3395 3280 3240 3305 3165 3245 3125]
[1795 1980 2440 2315 2060 1885 1930 2480] [3470 3460 3330 3190 3250 3270 3220 3295]
[1820 1770 2265 2270 2100 1690 2015 2315] [3355 3465 3265 3205 3265 3175 3280 3380]
[1815 1905 2300 2280 1900 1775 1995 2400] [3130 3345 3335 3205 3245 3395 3405 3280]
[1605 1650 1900 2130 1630 1795 1765 2300] [3250 3490 3495 3215 3205 3090 3310 3345]
[1665 1425 1885 1870 1730 1525 1815 2465] [3505 3435 3300 3535 3360 3280 3170 3425]
COM3 1 40
3
[1640 1735 1815 1985 2020 1690 1970 2385] [3400 3330 3310 3410 3365 3150 3315 3290]
[2000 1725 2065 2425 2120 1765 1950 2535] [3390 3400 3390 3370 3185 3375 3300 3275]
[1645 1705 2185 2225 1980 1980 1900 2330] [3415 3475 3485 3320 3335 3200 3285 3325]
[1795 1980 2440 2315 2060 1885 1930 2480] [3345 3500 3420 3430 3380 3230 3375 3135]
[1820 1770 2265 2270 2100 1690 2015 2315] [3305 3185 3310 3180 3320 3250 3455 3315]
[1815 1905 2300 2280 1900 1775 1995 2400] [3180 3450 3485 3410 3385 3220 3380 3245]
[1605 1650 1900 2130 1630 1795 1765 2300] [3240 3460 3415 3340 3595 3265 3475 3470]
[1665 1425 1885 1870 1730 1525 1815 2465] [3365 3400 3335 3620 3415 3290 3310 3490]
COM7 0 41
3
[1725 1805 2095 2330 1955 1900 2020 2185] [3400 3330 3310 3410 3365 3150 3315 3290]
[2030 1980 2285 2420 2040 2000 2080 2310] [3390 3400 3390 3370 3185 3375 3300 3275]
[1745 1700 2245 2365 2070 1960 1985 2215] [3415 3475 3485 3320 3335 3200 3285 3325]
[1845 1815 2410 2365 2040 1895 1895 2235] [3345 3500 3420 3430 3380 3230 3375 3135]
[1805 1960 2300 2320 2080 1940 2065 2425] [3305 3185 3310 3180 3320 3250 3455 3315]
[1760 2205 2245 2290 1915 1760 2055 2500] [3180 3450 3485 3410 3385 3220 3380 3245]
[1805 1635 2105 2245 1760 1785 1870 2395] [3240 3460 3415 3340 3595 3265 3475 3470]
[1645 1650 2005 1980 1905 1750 2085 2160] [3365 3400 3335 3620 3415 3290 3310 3490]
COM3 1 42
3
[1725 1805 2095 2330 1955 1900 2020 2185] [3305 3160 3255 3375 3390 3070 3220 3340]
[2030 1980 2285 2420 2040 2000 2080 2310] [3155 3225 3230 3050 3165 3250 3055 3155]
[1745 1700 2245 2365 2070 1960 1985 2215] [3215 3220 3315 3230 3200 3215 3150 3070]
[1845 1815 2410 2365 2040 1895 1895 2235] [3305 3320 3260 3310 3150 3170 3320 3155]
[1805 1960 2300 2320 2080 1940 2065 2425] [3165 3235 3170 3125 3100 3095 3280 3320]
[1760 2205 2245 2290 1915 1760 2055 2500] [3020 3260 2940 3355 3220 3270 3390 3245]
[1805 1635 2105 2245 1760 1785 1870 2395] [3190 3320 3305 3045 3305 3325 3320 3430]
[1645 1650 2005 1980 1905 1750 2085 2160] [3350 3415 3360 3280 3180 3310 3290 3395]
COM7 0 43
3
[2035 1860 2255 2610 2310 2130 2405 3230] [3305 3160 3255 3375 3390 3070 3220 3340]
[2145 2175 2470 2535 2295 2305 2585 3075] [3155 3225 3230 3050 3165 3250 3055 3155]
[2155 2035 2485 2630 2265 2305 2345 3240] [3215 3220 3315 3230 3200 3215 3150 3070]
[2030 2305 2620 2650 2515 2155 2420 3200] [3305 3320 3260 3310 3150 3170 3320 3155]
[1985 2005 2545 2575 2480 2220 2615 3245] [3165 3235 3170 3125 3100 3095 3280 3320]
[1970 2305 2655 2595 2410 2370 2590 2945] [3020 3260 2940 3355 3220 3270 3390 3245]
[1800 2260 2365 2565 2340 2170 2385 3060] [3190 3320 3305 3045 3305 3325 3320 3430]
[1980 1990 2215 2355 2200 2325 2475 3070] [3350 3415 3360 3280 3180 3310 3290 3395]
COM3 1 44
3
[2035 1860 2255 2610 2310 2130 2405 3230] [2950 2710 2905 2770 2775 2885 2920 3000]
[2145 2175 2470 2535 2295 2305 2585 3075] [2710 2935 2660 2790 2845 3115 2940 2885]
[2155 2035 2485 2630 2265 2305 2345 3240] [3040 2700 2745 2785 2965 2765 2905 2880]
[2030 2305 2620 2650 2515 2155 2420 3200] [3075 2845 2985 2805 2840 2905 3055 3000]
[1985 2005 2545 2575 2480 2220 2615 3245] [2990 2820 2995 2865 2845 2855 3090 3010]
[1970 2305 2655 2595 2410 2370 2590 2945] [2920 2955 2945 3170 2870 2950 3035 3100]
[1800 2260 2365 2565 2340 2170 2385 3060] [3075 3125 3130 2920 2995 2900 3105 3290]
[1980 1990 2215 2355 2200 2325 2475 3070] [3160 3050 3005 3000 2940 3180 3135 2915]
COM7 0 45
3
[1730 1460 2010 2060 1835 1480 1540 2330] [2950 2710 2905 2770 2775 2885 2920 3000]
[1735 1725 2040 2300 1855 1590 1640 2350] [2710 2935 2660 2790 2845 3115 2940 2885]
[1575 1845 2340 2210 1805 1665 1770 2145] [3040 2700 2745 2785 2965 2765 2905 2880]
[1695 1735 2285 2195 1815 1515 1675 2295] [3075 2845 2985 2805 2840 2905 3055 3000]
[1805 1565 2245 2310 1825 1430 1740 2200] [2990 2820 2995 2865 2845 2855 3090 3010]
[1345 1560 2015 2215 1600 1550 1625 2205] [2920 2955 2945 3170 2870 2950 3035 3100]
[1455 1455 1770 2060 1655 1415 1560 1955] [3075 3125 3130 2920 2995 2900 3105 3290]
[1650 1520 1470 1585 1565 1295 1720 2060] [3160 3050 3005 3000 2940 3180 3135 2915]
COM3 1 46
3
[1730 1460 2010 2060 1835 1480 1540 2330] [3135 3010 3170 3205 2980 3215 3160 3135]
[1735 1725 2040 2300 1855 1590 1640 2350] [3045 3170 3110 3140 3025 3175 3070 3155]
[1575 1845 2340 2210 1805 1665 1770 2145] [3145 3185 3235 3150 3165 3140 3070 3125]
[1695 1735 2285 2195 1815 1515 1675 2295] [3275 3265 3315 3145 3140 3195 3140 3020]
[1805 1565 2245 2310 1825 1430 1740 2200] [3050 3120 3170 3130 3140 3140 3100 3130]
[1345 1560 2015 2215 1600 1550 1625 2205] [3020 3055 3270 3180 3235 3150 3250 3165]
[1455 1455 1770 2060 1655 1415 1560 1955] [3240 3260 3385 3365 3295 3040 3210 3315]
[1650 1520 1470 1585 1565 1295 1720 2060] [3220 3530 3415 3355 3140 3215 3045 3400]
COM7 0 47
3
[1525 1580 1655 2000 1695 1300 1340 1850] [3135 3010 3170 3205 2980 3215 3160 3135]
[1725 1515 2015 2025 1705 1545 1350 1810] [3045 3170 3110 3140 3025 3175 3070 3155]
[1480 1620 1955 2005 1585 1405 1355 1805] [3145 3185 3235 3150 3165 3140 3070 3125]
[1505 1530 1975 1995 1760 1455 1360 1520] [3275 3265 3315 3145 3140 3195 3140 3020]
[1575 1485 2020 2095 1775 1420 1640 1700] [3050 3120 3170 3130 3140 3140 3100 3130]
[1475 1370 2000 1900 1515 1385 1495 1785] [3020 3055 3270 3180 3235 3150 3250 3165]
[1375 1485 1585 1635 1385 1230 1205 1650] [3240 3260 3385 3365 3295 3040 3210 3315]
[1450 1520 1505 1555 1450 1370 1390 1785] [3220 3530 3415 3355 3140 3215 3045 3400]
COM3 1 48
3
[1525 1580 1655 2000 1695 1300 1340 1850] [3350 3470 3585 3335 3290 3235 3235 3405]
[1725 1515 2015 2025 1705 1545 1350 1810] [3310 3400 3515 3245 3185 3305 3285 3225]
[1480 1620 1955 2005 1585 1405 1355 1805] [3285 3415 3465 3275 3410 3290 3395 3440]
[1505 1530 1975 1995 1760 1455 1360 1520] [3425 3610 3535 3370 3300 3265 3360 3210]
[1575 1485 2020 2095 1775 1420 1640 1700] [3350 3480 3370 3275 3335 3500 3280 3440]
[1475 1370 2000 1900 1515 1385 1495 1785] [3200 3390 3315 3490 3265 3425 3400 3455]
[1375 1485 1585 1635 1385 1230 1205 1650] [3310 3340 3640 3350 3275 3360 3405 3570]
[1450 1520 1505 1555 1450 1370 1390 1785] [3520 3375 3435 3390 3185 3225 3490 3520]
COM7 0 49
3
[2005 1980 2215 2490 2080 2110 2335 2705] [3350 3470 3585 3335 3290 3235 3235 3405]
[2290 2045 2205 2590 2240 2025 2275 2625] [3310 3400 3515 3245 3185 3305 3285 3225]
[2055 2050 2340 2430 2245 2050 2275 2565] [3285 3415 3465 3275 3410 3290 3395 3440]
[2070 2155 2485 2450 2345 2185 2325 2525] [3425 3610 3535 3370 3300 3265 3360 3210]
[2105 2070 2435 2425 2350 2070 2210 2595] [3350 3480 3370 3275 3335 3500 3280 3440]
[1950 1960 2445 2470 2290 2300 2280 2630] [3200 3390 3315 3490 3265 3425 3400 3455]
[1920 2100 2320 2250 2125 2215 2045 2610] [3310 3340 3640 3350 3275 3360 3405 3570]
[1970 1835 2220 2265 2165 1985 2210 2480] [3520 3375 3435 3390 3185 3225 3490 3520]
COM3 1 50
3
[2005 1980 2215 2490 2080 2110 2335 2705] [3045 3070 3010 3010 3100 3020 3160 3220]
[2290 2045 2205 2590 2240 2025 2275 2625] [3025 3225 3215 3140 3120 3170 3095 3000]
[2055 2050 2340 2430 2245 2050 2275 2565] [3065 2995 3135 3100 3140 3135 3060 3270]
[2070 2155 2485 2450 2345 2185 2325 2525] [3110 3120 3240 3130 3090 3010 3055 2985]
[2105 2070 2435 2425 2350 2070 2210 2595] [3190 3115 3170 2970 2990 3010 3045 3165]
[1950 1960 2445 2470 2290 2300 2280 2630] [2925 3090 3100 3235 3090 3160 3150 3160]
[1920 2100 2320 2250 2125 2215 2045 2610] [3175 3240 3105 3185 3150 3035 3280 3045]
[1970 1835 2220 2265 2165 1985 2210 2480] [3345 3085 3170 3260 3185 3215 3030 3350]
COM7 0 51
3
[1855 1670 1925 2255 1960 1700 1910 2330] [3045 3070 3010 3010 3100 3020 3160 3220]
[1885 2050 2310 2445 2040 1975 1870 2290] [3025 3225 3215 3140 3120 3170 3095 3000]
[1845 1945 2265 2350 2115 1925 1945 2370] [3065 2995 3135 3100 3140 3135 3060 3270]
[1920 1730 2405 2450 1965 1825 1845 2470] [3110 3120 3240 3130 3090 3010 3055 2985]
[1925 1915 2315 2335 2215 1730 2035 2320] [3190 3115 3170 2970 2990 3010 3045 3165]
[1705 1755 2220 2325 1865 1925 2105 2470] [2925 3090 3100 3235 3090 3160 3150 3160]
[1660 1660 2060 2005 1760 1570 1855 2250] [3175 3240 3105 3185 3150 3035 3280 3045]
[1820 1595 1900 1845 1955 1665 1905 2530] [3345 3085 3170 3260 3185 3215 3030 3350]
COM3 1 52
3
[1855 1670 1925 2255 1960 1700 1910 2330] [2875 2785 2810 2840 2970 2865 2940 3105]
[1885 2050 2310 2445 2040 1975 1870 2290] [2940 3000 2620 2845 2925 2995 2875 2910]
[1845 1945 2265 2350 2115 1925 1945 2370] [3050 2990 2810 2930 2945 2985 2965 3015]
[1920 1730 2405 2450 1965 1825 1845 2470] [3015 2980 2935 3065 2905 2905 3055 2845]
[1925 1915 2315 2335 2215 1730 2035 2320] [3000 2970 2935 2745 2960 3000 3095 2970]
[1705 1755 2220 2325 1865 1925 2105 2470] [2855 2935 2895 3045 2820 3055 3005 3095]
[1660 1660 2060 2005 1760 1570 1855 2250] [2900 3085 3040 3015 3070 2950 2955 3000]
[1820 1595 1900 1845 1955 1665 1905 2530] [3130 3020 3025 3100 3155 3065 3035 3100]
COM7 0 53
3
[1680 1550 1875 1980 1875 1550 1910 1775] [2875 2785 2810 2840 2970 2865 2940 3105]
[1940 1915 2015 2255 2025 1855 1750 2365] [2940 3000 2620 2845 2925 2995 2875 2910]
[1645 1700 2235 2310 1835 1645 1740 2285] [3050 2990 2810 2930 2945 2985 2965 3015]
[1725 1960 2250 2300 2060 1565 1730 2075] [3015 2980 2935 3065 2905 2905 3055 2845]
[1595 1775 2365 2295 2045 1535 1940 2105] [3000 2970 2935 2745 2960 3000 3095 2970]
[1775 1685 2085 2080 1840 1715 1700 2290] [2855 2935 2895 3045 2820 3055 3005 3095]
[1600 1540 1985 1880 1785 1590 1680 2100] [2900 3085 3040 3015 3070 2950 2955 3000]
[1465 1485 1755 1770 1560 1350 1735 2100] [3130 3020 3025 3100 3155 3065 3035 3100]
COM3 1 54
3
[1680 1550 1875 1980 1875 1550 1910 1775] [3165 3420 3230 3335 3310 3025 3250 3310]
[1940 1915 2015 2255 2025 1855 1750 2365] [3260 3340 3490 3235 3170 3230 3275 3250]
[1645 1700 2235 2310 1835 1645 1740 2285] [3210 3370 3405 3290 3295 3000 3190 3180]
[1725 1960 2250 2300 2060 1565 1730 2075] [3310 3275 3365 3270 3235 3215 3330 3250]
[1595 1775 2365 2295 2045 1535 1940 2105] [3370 3470 3285 3080 3320 3365 3240 3260]
[1775 1685 2085 2080 1840 1715 1700 2290] [2970 3320 3375 3205 3230 3440 3375 3370]
[1600 1540 1985 1880 1785 1590 1680 2100] [3170 3225 3370 3365 3455 3425 3490 3580]
[1465 1485 1755 1770 1560 1350 1735 2100] [3465 3410 3465 3440 3355 3220 3275 3420]
COM7 0 55
3
[1845 1570 2005 2325 1955 1745 1655 2195] [3165 3420 3230 3335 3310 3025 3250 3310]
[1915 1700 2135 2375 1995 1735 1735 2170] [3260 3340 3490 3235 3170 3230 3275 3250]
[1670 1750 2110 2285 2015 1685 1755 2235] [3210 3370 3405 3290 3295 3000 3190 3180]
[1835 1640 2390 2385 2035 1805 1880 2350] [3310 3275 3365 3270 3235 3215 3330 3250]
[1630 1720 2380 2190 2075 1625 1940 2320] [3370 3470 3285 3080 3320 3365 3240 3260]
[1590 1560 2320 2095 1840 1740 1885 2215] [2970 3320 3375 3205 3230 3440 3375 3370]
[1460 1535 1995 2250 1715 1665 1655 2255] [3170 3225 3370 3365 3455 3425 3490 3580]
[1410 1485 1755 1560 1670 1575 1645 1995] [3465 3410 3465 3440 3355 3220 3275 3420]
COM3 1 56
3
[1845 1570 2005 2325 1955 1745 1655 2195] [3265 3430 3425 3345 3095 3330 3380 3340]
[1915 1700 2135 2375 1995 1735 1735 2170] [3385 3495 3460 3405 3345 3315 3280 3325]
[1670 1750 2110 2285 2015 1685 1755 2235] [3380 3500 3430 3250 3300 3305 3260 3285]
[1835 1640 2390 2385 2035 1805 1880 2350] [3425 3280 3310 3375 3180 3240 3285 3275]
[1630 1720 2380 2190 2075 1625 1940 2320] [3285 3370 3310 3200 3340 3165 3460 3305]
[1590 1560 2320 2095 1840 1740 1885 2215] [3300 3405 3400 3405 3365 3370 3320 3235]
[1460 1535 1995 2250 1715 1665 1655 2255] [3315 3430 3350 3205 3440 3225 3390 3420]
[1410 1485 1755 1560 1670 1575 1645 1995] [3350 3465 3440 3615 3330 3340 3340 3560]
COM7 0 57
3
[1675 1560 1840 2245 1740 1665 1875 1975] [3265 3430 3425 3345 3095 3330 3380 3340]
[1885 1955 2100 2350 2045 1860 1790 2365] [3385 3495 3460 3405 3345 3315 3280 3325]
[1565 1820 2230 2185 1920 1715 1785 2420] [3380 3500 3430 3250 3300 3305 3260 3285]
[1965 1835 2125 2355 2010 1690 1770 2380] [3425 3280 3310 3375 3180 3240 3285 3275]
[1595 1635 2075 2310 2005 1790 1925 2405] [3285 3370 3310 3200 3340 3165 3460 3305]
[1510 1660 2065 2315 1785 1675 1685 2265] [3300 3405 3400 3405 3365 3370 3320 3235]
[1440 1585 1875 1905 1620 1605 1430 2260] [3315 3430 3350 3205 3440 3225 3390 3420]
[1725 1460 1665 1640 1595 1525 1785 2420] [3350 3465 3440 3615 3330 3340 3340 3560]
COM3 1 58
3
[1675 1560 1840 2245 1740 1665 1875 1975] [2895 2915 3000 2945 2915 2965 3005 3130]
[1885 1955 2100 2350 2045 1860 1790 2365] [2750 3020 2985 2955 2995 2960 2940 2940]
[1565 1820 2230 2185 1920 1715 1785 2420] [3215 3005 3035 2865 3110 3075 2965 3120]
[1965 1835 2125 2355 2010 1690 1770 2380] [2925 2850 2900 2910 3100 3000 2985 2935]
[1595 1635 2075 2310 2005 1790 1925 2405] [2935 3020 2955 2830 3065 2930 3090 3060]
[1510 1660 2065 2315 1785 1675 1685 2265] [2905 3005 3195 3140 3000 3045 3150 3170]
[1440 1585 1875 1905 1620 1605 1430 2260] [3005 3080 3095 3035 3015 3175 3075 3145]
[1725 1460 1665 1640 1595 1525 1785 2420] [3090 3080 3235 3200 3060 2910 2945 3265]
COM7 0 59
3
[1780 1690 1905 1985 1670 1720 1655 2060] [2895 2915 3000 2945 2915 2965 3005 3130]
[1915 1780 1915 2105 1910 1645 1815 2105] [2750 3020 2985 2955 2995 2960 2940 2940]
[1690 1685 2270 2150 2005 1690 1780 1965] [3215 3005 3035 2865 3110 3075 2965 3120]
[1665 1890 2005 2230 1930 1775 1740 1935] [2925 2850 2900 2910 3100 3000 2985 2935]
[1650 1880 2210 2210 2075 1535 1915 1970] [2935 3020 2955 2830 3065 2930 3090 3060]
[1815 1675 2105 2155 1815 1700 1700 1905] [2905 3005 3195 3140 3000 3045 3150 3170]
[1645 1545 1885 2045 1840 1675 1905 1990] [3005 3080 3095 3035 3015 3175 3075 3145]
[1625 1520 1880 1695 1585 1520 1755 2065] [3090 3080 3235 3200 3060 2910 2945 3265]
COM3 1 60
3
[1780 1690 1905 1985 1670 1720 1655 2060] [3355 3340 3415 3320 3235 3280 3230 3375]
[1915 1780 1915 2105 1910 1645 1815 2105] [3380 3325 3375 3205 3190 3335 3205 3260]
[1690 1685 2270 2150 2005 1690 1780 1965] [3335 3310 3320 3105 3350 3165 3175 3395]
[1665 1890 2005 2230 1930 1775 1740 1935] [3225 3350 3440 3330 3250 3240 3350 3155]
[1650 1880 2210 2210 2075 1535 1915 1970] [3380 3420 3330 3125 3230 3160 3375 3325]
[1815 1675 2105 2155 1815 1700 1700 1905] [3190 3340 3170 3300 3285 3240 3445 3515]
[1645 1545 1885 2045 1840 1675 1905 1990] [3260 3380 3425 3195 3070 3310 3265 3435]
[1625 1520 1880 1695 1585 1520 1755 2065] [3405 3460 3465 3395 3345 3055 3215 3415]
COM7 0 61
3
[2095 2040 2150 2620 2260 2155 2350 2990] [3355 3340 3415 3320 3235 3280 3230 3375]
[2055 2180 2315 2525 2440 2110 2430 2865] [3380 3325 3375 3205 3190 3335 3205 3260]
[2015 2205 2435 2585 2255 2315 2445 2785] [3335 3310 3320 3105 3350 3165 3175 3395]
[2075 2285 2510 2610 2380 2270 2495 2860] [3225 3350 3440 3330 3250 3240 3350 3155]
[2170 2055 2500 2535 2370 2140 2425 3060] [3380 3420 3330 3125 3230 3160 3375 3325]
[1920 2090 2505 2640 2230 2250 2590 2915] [3190 3340 3170 3300 3285 3240 3445 3515]
[1915 1870 2440 2555 2170 2090 2270 2840] [3260 3380 3425 3195 3070 3310 3265 3435]
[1920 1880 2275 2420 2105 2105 2370 2920] [3405 3460 3465 3395 3345 3055 3215 3415]
COM3 1 62
3
[2095 2040 2150 2620 2260 2155 2350 2990] [2845 2925 2830 2895 2975 3040 2965 2885]
[2055 2180 2315 2525 2440 2110 2430 2865] [3000 2680 3015 2885 2860 3095 3025 3005]
[2015 2205 2435 2585 2255 2315 2445 2785] [2920 2800 2840 3000 3040 2925 2925 2875]
[2075 2285 2510 2610 2380 2270 2495 2860] [3105 3100 2900 3055 3035 2815 2995 2880]
[2170 2055 2500 2535 2370 2140 2425 3060] [3095 2975 2875 2800 2940 2895 2825 3025]
[1920 2090 2505 2640 2230 2250 2590 2915] [2990 2870 2945 2915 3030 3145 3220 3075]
[1915 1870 2440 2555 2170 2090 2270 2840] [3070 3300 2925 2995 3065 2850 3065 3135]
[1920 1880 2275 2420 2105 2105 2370 2920] [3135 3080 2960 3045 3155 3050 2910 3070]
COM7 0 63
3
[2050 1535 2030 2165 1755 1735 1970 2175] [2845 2925 2830 2895 2975 3040 2965 2885]
[1915 1820 1950 2335 2030 1805 1940 2110] [3000 2680 3015 2885 2860 3095 3025 3005]
[1855 2010 2205 2065 2030 1855 1835 2330] [2920 2800 2840 3000 3040 2925 2925 2875]
[1825 1920 2215 2355 2065 1980 1845 2280] [3105 3100 2900 3055 3035 2815 2995 2880]
[1760 1815 2255 2210 2180 1760 2020 2155] [3095 2975 2875 2800 2940 2895 2825 3025]
[1695 1995 2120 2230 1985 1820 1800 2315] [2990 2870 2945 2915 3030 3145 3220 3075]
[1570 1705 1900 2195 1865 1800 1870 2345] [3070 3300 2925 2995 3065 2850 3065 3135]
[1840 1745 1705 1820 1815 1845 1970 2315] [3135 3080 2960 3045 3155 3050 2910 3070]
COM3 1 64
3
[2050 1535 2030 2165 1755 1735 1970 2175] [3465 3245 3295 3275 3200 3215 3260 3195]
[1915 1820 1950 2335 2030 1805 1940 2110] [3290 3315 3220 3200 3180 3295 3210 3160]
[1855 2010 2205 2065 2030 1855 1835 2330] [3285 3370 3380 3240 3310 3230 3215 3195]
[1825 1920 2215 2355 2065 1980 1845 2280] [3430 3275 3215 3205 3190 3160 3250 3170]
[1760 1815 2255 2210 2180 1760 2020 2155] [3235 3230 3500 3230 3200 3125 3220 3300]
[1695 1995 2120 2230 1985 1820 1800 2315] [3290 3365 3340 3415 3185 3305 3305 3340]
[1570 1705 1900 2195 1865 1800 1870 2345] [3355 3350 3255 3215 3445 3190 3305 3350]
[1840 1745 1705 1820 1815 1845 1970 2315] [3370 3355 3405 3430 3215 3315 3125 3490]
COM7 0 65
3
[2000 1795 2235 2290 2220 2180 2415 3130] [3465 3245 3295 3275 3200 3215 3260 3195]
[2090 2280 2325 2750 2265 2400 2605 2995] [3290 3315 3220 3200 3180 3295 3210 3160]
[2055 2195 2515 2655 2470 2345 2450 3050] [3285 3370 3380 3240 3310 3230 3215 3195]
[1800 2255 2640 2555 2375 2350 2395 2855] [3430 3275 3215 3205 3190 3160 3250 3170]
[2150 2110 2580 2535 2400 2205 2420 3200] [3235 3230 3500 3230 3200 3125 3220 3300]
[1725 2145 2545 2605 2190 2250 2335 2880] [3290 3365 3340 3415 3185 3305 3305 3340]
[2055 2020 2495 2420 2240 2235 2120 2960] [3355 3350 3255 3215 3445 3190 3305 3350]
[2140 1905 2325 2310 2335 2090 2410 3275] [3370 3355 3405 3430 3215 3315 3125 3490]