COM7 0 6
0
[1835 1930 2320 2660 2800 2920 3015 2970] [3210 3170 3165 3105 3195 3055 2990 3310]
[1805 2035 2220 2710 2770 3040 3000 2900] [3140 3100 3170 3140 3115 3295 3205 3095]
[1515 1800 2225 2685 2855 2910 2945 3000] [3210 3195 3260 3125 3255 3095 3150 3180]
[1660 1730 2195 2460 3025 3045 3050 3035] [3125 3295 3245 3180 3155 3155 3200 3215]
[1830 1795 2225 2510 3145 2970 3095 3020] [3205 3250 3270 3125 3205 3165 3230 3280]
[1690 1835 2385 2700 2940 2955 3110 2985] [2985 3235 3150 3190 3145 3250 3235 3235]
[1655 1950 2395 2920 3020 3145 3105 3190] [3305 3365 3235 3175 3165 3150 3210 3290]
[1825 1885 2355 2835 2975 3160 3300 3290] [3255 3315 3270 3220 3200 3145 3190 3415]
COM3 1 7
0
[1835 1930 2320 2660 2800 2920 3015 2970] [3425 3415 3290 3335 3300 3090 3375 3445]
[1805 2035 2220 2710 2770 3040 3000 2900] [3395 3255 3500 3390 3165 3345 3260 3300]
[1515 1800 2225 2685 2855 2910 2945 3000] [3320 3475 3310 3345 3345 3165 3215 3255]
[1660 1730 2195 2460 3025 3045 3050 3035] [3380 3455 3180 3435 3350 3300 3365 3220]
[1830 1795 2225 2510 3145 2970 3095 3020] [3500 3415 3405 3250 3405 3325 3515 3395]
[1690 1835 2385 2700 2940 2955 3110 2985] [3435 3320 3620 3505 3330 3410 3370 3370]
[1655 1950 2395 2920 3020 3145 3105 3190] [3290 3485 3455 3390 3355 3345 3525 3295]
[1825 1885 2355 2835 2975 3160 3300 3290] [3360 3650 3565 3545 3500 3295 3610 3265]
COM7 0 8
0
[2510 2050 1725 1875 2120 2495 2940 2790] [3425 3415 3290 3335 3300 3090 3375 3445]
[2335 2095 1675 1825 2070 2445 2955 2910] [3395 3255 3500 3390 3165 3345 3260 3300]
[2025 1790 1665 1700 1855 2400 2935 3085] [3320 3475 3310 3345 3345 3165 3215 3255]
[1845 1620 1720 1570 1930 2365 2775 2815] [3380 3455 3180 3435 3350 3300 3365 3220]
[2045 1740 1670 1555 1930 2340 2925 3155] [3500 3415 3405 3250 3405 3325 3515 3395]
[1900 1685 1720 1785 1790 2385 2815 2785] [3435 3320 3620 3505 3330 3410 3370 3370]
[2000 1785 1635 1675 1815 2425 2675 3045] [3290 3485 3455 3390 3355 3345 3525 3295]
[2065 1760 1645 1645 1900 2495 2865 3125] [3360 3650 3565 3545 3500 3295 3610 3265]
COM3 1 9
0
[2510 2050 1725 1875 2120 2495 2940 2790] [3210 3200 3230 3185 3130 3115 3230 3220]
[2335 2095 1675 1825 2070 2445 2955 2910] [3065 3225 3210 3140 3065 3225 3230 3035]
[2025 1790 1665 1700 1855 2400 2935 3085] [3215 3150 3205 3220 3205 3150 3135 3090]
[1845 1620 1720 1570 1930 2365 2775 2815] [3300 3175 3185 3180 3060 3135 3165 3170]
[2045 1740 1670 1555 1930 2340 2925 3155] [3230 3245 3295 3130 3175 3120 3330 3225]
[1900 1685 1720 1785 1790 2385 2815 2785] [3040 3315 3200 3195 3185 3185 3295 3305]
[2000 1785 1635 1675 1815 2425 2675 3045] [3370 3345 3320 3315 3195 3205 3235 3295]
[2065 1760 1645 1645 1900 2495 2865 3125] [3225 3405 3360 3360 3205 3175 3295 3195]
COM7 0 10
0
[2900 2460 2280 2060 1950 2130 2470 2720] [3210 3200 3230 3185 3130 3115 3230 3220]
[2935 2650 2050 2000 1945 2025 2260 2700] [3065 3225 3210 3140 3065 3225 3230 3035]
[2500 2325 2025 1875 1695 1910 2365 2715] [3215 3150 3205 3220 3205 3150 3135 3090]
[2595 2365 2085 1785 1790 1975 2250 2610] [3300 3175 3185 3180 3060 3135 3165 3170]
[2650 2370 2045 1895 1735 1820 2170 2660] [3230 3245 3295 3130 3175 3120 3330 3225]
[2555 2270 2120 1910 1735 1920 2140 2645] [3040 3315 3200 3195 3185 3185 3295 3305]
[2570 2385 2005 1885 1750 1855 2070 2755] [3370 3345 3320 3315 3195 3205 3235 3295]
[2870 2390 2060 1830 1750 2040 2340 2690] [3225 3405 3360 3360 3205 3175 3295 3195]
COM3 1 11
0
[2900 2460 2280 2060 1950 2130 2470 2720] [3085 3225 3165 3120 3155 3090 3120 3310]
[2935 2650 2050 2000 1945 2025 2260 2700] [3230 3170 3230 3210 3100 3200 3125 2900]
[2500 2325 2025 1875 1695 1910 2365 2715] [3210 3270 3205 3160 3250 3155 3265 3150]
[2595 2365 2085 1785 1790 1975 2250 2610] [3345 3205 3180 3170 3185 3100 3210 3225]
[2650 2370 2045 1895 1735 1820 2170 2660] [3205 3350 3290 3130 3185 3235 3225 3280]
[2555 2270 2120 1910 1735 1920 2140 2645] [3130 3325 3205 3190 3215 3355 3240 3240]
[2570 2385 2005 1885 1750 1855 2070 2755] [3370 3250 3340 3120 3270 3175 3365 3265]
[2870 2390 2060 1830 1750 2040 2340 2690] [3315 3335 3210 3240 3210 3310 3315 3430]
COM7 0 12
0
[3125 2785 2530 2320 2125 2110 2440 2640] [3085 3225 3165 3120 3155 3090 3120 3310]
[3095 2820 2450 2205 2190 2075 2350 2795] [3230 3170 3230 3210 3100 3200 3125 2900]
[3005 2630 2480 2140 2035 1995 2180 2550] [3210 3270 3205 3160 3250 3155 3265 3150]
[3220 2655 2470 2215 2090 2040 2330 2500] [3345 3205 3180 3170 3185 3100 3210 3225]
[3090 2755 2440 2050 2045 1840 2145 2580] [3205 3350 3290 3130 3185 3235 3225 3280]
[2960 2765 2375 2080 1925 1975 2260 2330] [3130 3325 3205 3190 3215 3355 3240 3240]
[2840 2690 2320 2095 1995 1965 1980 2655] [3370 3250 3340 3120 3270 3175 3365 3265]
[3045 2565 2380 2110 1960 1940 2260 2680] [3315 3335 3210 3240 3210 3310 3315 3430]
COM3 1 13
0
[3125 2785 2530 2320 2125 2110 2440 2640] [3205 3325 3210 3185 3180 3105 3140 3255]
[3095 2820 2450 2205 2190 2075 2350 2795] [3240 3165 3130 3050 3110 3200 3120 3030]
[3005 2630 2480 2140 2035 1995 2180 2550] [3180 3190 3125 3170 3205 2935 3125 3085]
[3220 2655 2470 2215 2090 2040 2330 2500] [3140 3010 3235 3260 3150 3150 3205 3155]
[3090 2755 2440 2050 2045 1840 2145 2580] [3225 3350 3250 3045 3215 3115 3195 3215]
[2960 2765 2375 2080 1925 1975 2260 2330] [3140 3130 3225 3400 3175 3250 3290 3235]
[2840 2690 2320 2095 1995 1965 1980 2655] [3190 3635 3315 3245 3190 3180 3235 3490]
[3045 2565 2380 2110 1960 1940 2260 2680] [3235 3370 3205 3430 3200 3205 3270 3340]
COM7 0 14
0
[2925 2875 2510 2380 1970 1785 1890 2075] [3205 3325 3210 3185 3180 3105 3140 3255]
[3150 3085 2505 2215 1930 1700 1575 2100] [3240 3165 3130 3050 3110 3200 3120 3030]
[2855 2850 2450 2030 1690 1625 1855 1905] [3180 3190 3125 3170 3205 2935 3125 3085]
[3070 2685 2525 2005 1780 1695 1665 1900] [3140 3010 3235 3260 3150 3150 3205 3155]
[3050 2770 2510 2075 1915 1660 1775 1870] [3225 3350 3250 3045 3215 3115 3195 3215]
[2965 2790 2350 2080 1715 1630 1765 1825] [3140 3130 3225 3400 3175 3250 3290 3235]
[3100 2830 2330 2075 1600 1715 1525 1885] [3190 3635 3315 3245 3190 3180 3235 3490]
[3260 2805 2490 1920 1690 1655 1795 2010] [3235 3370 3205 3430 3200 3205 3270 3340]
COM3 1 15
0
[2925 2875 2510 2380 1970 1785 1890 2075] [3330 3305 3340 3240 3300 3210 3225 3345]
[3150 3085 2505 2215 1930 1700 1575 2100] [3370 3085 3300 3275 3155 3300 3345 3160]
[2855 2850 2450 2030 1690 1625 1855 1905] [3425 3340 3255 3290 3245 3215 3370 3250]
[3070 2685 2525 2005 1780 1695 1665 1900] [3390 3260 3295 3270 3365 3295 3325 3245]
[3050 2770 2510 2075 1915 1660 1775 1870] [3350 3180 3475 3265 3410 3305 3240 3350]
[2965 2790 2350 2080 1715 1630 1765 1825] [3230 3375 3310 3315 3350 3175 3365 3320]
[3100 2830 2330 2075 1600 1715 1525 1885] [3575 3365 3370 3165 3410 3305 3505 3460]
[3260 2805 2490 1920 1690 1655 1795 2010] [3505 3410 3295 3325 3270 3205 3385 3540]
COM7 0 16
0
[2695 2605 2740 2380 2065 1865 1770 1805] [3330 3305 3340 3240 3300 3210 3225 3345]
[2870 2885 2410 2395 1960 1705 1685 1670] [3370 3085 3300 3275 3155 3300 3345 3160]
[2585 2805 2540 2270 1805 1645 1660 1725] [3425 3340 3255 3290 3245 3215 3370 3250]
[2770 2995 2560 2145 1860 1690 1595 1585] [3390 3260 3295 3270 3365 3295 3325 3245]
[2975 2875 2460 2050 1800 1535 1675 1695] [3350 3180 3475 3265 3410 3305 3240 3350]
[2720 2900 2515 2095 1700 1670 1655 1535] [3230 3375 3310 3315 3350 3175 3365 3320]
[2845 2960 2480 2050 1655 1570 1490 1465] [3575 3365 3370 3165 3410 3305 3505 3460]
[2760 2745 2540 1940 1780 1550 1740 1540] [3505 3410 3295 3325 3270 3205 3385 3540]
COM3 1 17
0
[2695 2605 2740 2380 2065 1865 1770 1805] [3320 3190 3320 3135 3290 3190 3170 3330]
[2870 2885 2410 2395 1960 1705 1685 1670] [3160 3170 3175 3110 3090 3230 3170 3135]
[2585 2805 2540 2270 1805 1645 1660 1725] [3145 3185 3115 3080 3250 3065 3150 3195]
[2770 2995 2560 2145 1860 1690 1595 1585] [3305 3275 3250 3180 3210 3155 3125 3150]
[2975 2875 2460 2050 1800 1535 1675 1695] [3215 3380 3290 3210 3215 3405 3225 3175]
[2720 2900 2515 2095 1700 1670 1655 1535] [3145 3160 3210 3320 3165 3290 3265 3185]
[2845 2960 2480 2050 1655 1570 1490 1465] [3310 3225 3470 3180 3180 3225 3355 3130]
[2760 2745 2540 1940 1780 1550 1740 1540] [3325 3245 3315 3360 3370 3190 3395 3390]
COM7 0 18
0
[2980 2990 2890 2835 2580 2330 2085 2170] [3320 3190 3320 3135 3290 3190 3170 3330]
[3005 3085 2835 2735 2395 2040 1855 2020] [3160 3170 3175 3110 3090 3230 3170 3135]
[2885 3080 2965 2475 2185 1920 1880 1895] [3145 3185 3115 3080 3250 3065 3150 3195]
[3225 2855 2780 2380 2060 1765 1785 1760] [3305 3275 3250 3180 3210 3155 3125 3150]
[3255 3055 2900 2340 2105 1855 1780 1900] [3215 3380 3290 3210 3215 3405 3225 3175]
[3040 3050 3110 2365 2005 1835 1800 1695] [3145 3160 3210 3320 3165 3290 3265 3185]
[3150 3050 2740 2560 2055 1695 1765 1645] [3310 3225 3470 3180 3180 3225 3355 3130]
[3050 3245 2860 2455 1965 1865 1900 1635] [3325 3245 3315 3360 3370 3190 3395 3390]
COM3 1 19
0
[2980 2990 2890 2835 2580 2330 2085 2170] [3620 3500 3490 3575 3350 3375 3345 3345]
[3005 3085 2835 2735 2395 2040 1855 2020] [3565 3685 3630 3405 3375 3460 3390 3455]
[2885 3080 2965 2475 2185 1920 1880 1895] [3575 3615 3560 3470 3545 3415 3420 3330]
[3225 2855 2780 2380 2060 1765 1785 1760] [3670 3625 3500 3460 3410 3430 3530 3400]
[3255 3055 2900 2340 2105 1855 1780 1900] [3635 3595 3570 3365 3405 3445 3450 3500]
[3040 3050 3110 2365 2005 1835 1800 1695] [3545 3655 3720 3625 3525 3495 3535 3515]
[3150 3050 2740 2560 2055 1695 1765 1645] [3665 3690 3540 3500 3370 3465 3465 3480]
[3050 3245 2860 2455 1965 1865 1900 1635] [3695 3695 3690 3610 3325 3505 3475 3535]
COM7 0 20
0
[3100 2850 2895 2915 2775 2415 2210 2075] [3620 3500 3490 3575 3350 3375 3345 3345]
[3005 3135 2885 2695 2580 2170 2000 1975] [3565 3685 3630 3405 3375 3460 3390 3455]
[2905 3090 3265 2640 2310 2085 1865 1825] [3575 3615 3560 3470 3545 3415 3420 3330]
[3180 3120 3055 2560 2295 1985 1755 1785] [3670 3625 3500 3460 3410 3430 3530 3400]
[3115 3005 3105 2585 2355 1855 1890 1840] [3635 3595 3570 3365 3405 3445 3450 3500]
[3075 3095 3135 2635 2055 1900 1850 1735] [3545 3655 3720 3625 3525 3495 3535 3515]
[3265 3115 2855 2640 2075 1985 1575 1765] [3665 3690 3540 3500 3370 3465 3465 3480]
[3305 3110 2990 2600 2315 1905 1835 1870] [3695 3695 3690 3610 3325 3505 3475 3535]
COM3 1 21
0
[3100 2850 2895 2915 2775 2415 2210 2075] [3400 3250 3285 3280 3395 3230 3215 3155]
[3005 3135 2885 2695 2580 2170 2000 1975] [3425 3160 3385 3360 3355 3370 3365 3315]
[2905 3090 3265 2640 2310 2085 1865 1825] [3365 3305 3315 3175 3340 3290 3380 3215]
[3180 3120 3055 2560 2295 1985 1755 1785] [3535 3420 3420 3305 3135 3255 3325 3210]
[3115 3005 3105 2585 2355 1855 1890 1840] [3450 3475 3490 3295 3365 3250 3290 3355]
[3075 3095 3135 2635 2055 1900 1850 1735] [3340 3355 3325 3285 3225 3210 3295 3360]
[3265 3115 2855 2640 2075 1985 1575 1765] [3635 3350 3640 3395 3380 3300 3495 3350]
[3305 3110 2990 2600 2315 1905 1835 1870] [3700 3620 3400 3515 3455 3290 3325 3470]
COM7 0 22
0
[3365 3135 2940 3005 2950 2785 2550 2460] [3400 3250 3285 3280 3395 3230 3215 3155]
[3560 3230 3125 2835 2900 2575 2370 2380] [3425 3160 3385 3360 3355 3370 3365 3315]
[3165 3025 3025 2955 2695 2460 2245 2295] [3365 3305 3315 3175 3340 3290 3380 3215]
[3145 3160 3090 2945 2570 2280 2115 2235] [3535 3420 3420 3305 3135 3255 3325 3210]
[3120 3165 3155 2785 2580 2220 2275 2270] [3450 3475 3490 3295 3365 3250 3290 3355]
[3220 3135 3195 2910 2410 2390 2260 2185] [3340 3355 3325 3285 3225 3210 3295 3360]
[3085 3115 3100 2930 2485 2275 1930 2325] [3635 3350 3640 3395 3380 3300 3495 3350]
[3550 3130 3135 2900 2560 2375 2290 2050] [3700 3620 3400 3515 3455 3290 3325 3470]
COM3 1 23
0
[3365 3135 2940 3005 2950 2785 2550 2460] [3085 3155 3210 3195 3130 3110 3215 3180]
[3560 3230 3125 2835 2900 2575 2370 2380] [3085 3170 3180 3025 3165 3170 3205 3025]
[3165 3025 3025 2955 2695 2460 2245 2295] [3070 3155 3280 3170 3265 3050 3260 3105]
[3145 3160 3090 2945 2570 2280 2115 2235] [3220 3330 3130 3100 3225 3150 3205 3225]
[3120 3165 3155 2785 2580 2220 2275 2270] [3225 3280 3245 3095 3225 3295 3200 3355]
[3220 3135 3195 2910 2410 2390 2260 2185] [3045 3250 3155 3320 3140 3225 3200 3350]
[3085 3115 3100 2930 2485 2275 1930 2325] [3235 3410 3335 3245 3175 3295 3215 3380]
[3550 3130 3135 2900 2560 2375 2290 2050] [3210 3245 3310 3365 3305 3205 3270 3160]
COM7 0 24
0
[2930 2720 2895 2995 2930 2565 2285 2055] [3085 3155 3210 3195 3130 3110 3215 3180]
[2975 3105 2815 3220 2835 2440 2065 1930] [3085 3170 3180 3025 3165 3170 3205 3025]
[2625 2895 2870 2900 2555 2325 2090 1880] [3070 3155 3280 3170 3265 3050 3260 3105]
[2930 2800 3070 2975 2705 2285 2035 1720] [3220 3330 3130 3100 3225 3150 3205 3225]
[3075 2805 3025 2850 2645 2140 2055 1930] [3225 3280 3245 3095 3225 3295 3200 3355]
[3115 3105 3210 2905 2460 2120 1870 1675] [3045 3250 3155 3320 3140 3225 3200 3350]
[2730 3095 2905 3025 2510 2135 1780 1725] [3235 3410 3335 3245 3175 3295 3215 3380]
[3120 3085 3125 2810 2615 2105 1990 1850] [3210 3245 3310 3365 3305 3205 3270 3160]
COM3 1 25
0
[2930 2720 2895 2995 2930 2565 2285 2055] [3095 3235 3225 3200 3155 3195 3150 3230]
[2975 3105 2815 3220 2835 2440 2065 1930] [3285 3265 3170 3225 3205 3245 3085 3160]
[2625 2895 2870 2900 2555 2325 2090 1880] [3205 3085 3140 3170 3350 3140 3190 3120]
[2930 2800 3070 2975 2705 2285 2035 1720] [3175 3205 3330 3195 3180 3150 3310 3165]
[3075 2805 3025 2850 2645 2140 2055 1930] [3230 3330 3265 3115 3230 3230 3290 3225]
[3115 3105 3210 2905 2460 2120 1870 1675] [3145 3175 3190 3325 3225 3370 3410 3440]
[2730 3095 2905 3025 2510 2135 1780 1725] [3310 3420 3255 3145 3300 3365 3305 3170]
[3120 3085 3125 2810 2615 2105 1990 1850] [3320 3465 3210 3345 3285 3265 3310 3145]
COM7 0 26
0
[3020 2895 3135 3010 2910 2600 2405 1940] [3095 3235 3225 3200 3155 3195 3150 3230]
[3195 3130 3040 3050 2775 2600 2230 1920] [3285 3265 3170 3225 3205 3245 3085 3160]
[2835 3040 3035 2955 2760 2480 2050 1680] [3205 3085 3140 3170 3350 3140 3190 3120]
[3230 2685 3155 2955 3015 2470 2025 1800] [3175 3205 3330 3195 3180 3150 3310 3165]
[3185 3015 3050 3010 2890 2370 2150 1760] [3230 3330 3265 3115 3230 3230 3290 3225]
[3030 3025 3280 2990 2735 2435 2055 1685] [3145 3175 3190 3325 3225 3370 3410 3440]
[3145 3225 2990 3170 2775 2265 1695 1745] [3310 3420 3255 3145 3300 3365 3305 3170]
[3125 3010 3230 3170 2825 2385 2050 1790] [3320 3465 3210 3345 3285 3265 3310 3145]
COM3 1 27
0
[3020 2895 3135 3010 2910 2600 2405 1940] [3000 2970 2890 3010 3130 3175 3115 3120]
[3195 3130 3040 3050 2775 2600 2230 1920] [2785 2985 2995 2910 2950 3100 3030 3030]
[2835 3040 3035 2955 2760 2480 2050 1680] [2905 3105 3060 2975 3105 3070 3110 3030]
[3230 2685 3155 2955 3015 2470 2025 1800] [3005 3095 3000 2820 2980 3085 3090 3050]
[3185 3015 3050 3010 2890 2370 2150 1760] [2865 3070 2925 2935 2970 3050 3120 3055]
[3030 3025 3280 2990 2735 2435 2055 1685] [2915 2990 3160 3070 3055 3055 3215 3065]
[3145 3225 2990 3170 2775 2265 1695 1745] [2850 3070 2980 3045 3050 3130 3165 3385]
[3125 3010 3230 3170 2825 2385 2050 1790] [3160 3075 3175 3160 2970 2950 3170 3145]
COM7 0 28
0
[3225 3185 3090 3060 2990 2895 2610 2360] [3000 2970 2890 3010 3130 3175 3115 3120]
[3360 3255 2980 3140 3190 2850 2480 2265] [2785 2985 2995 2910 2950 3100 3030 3030]
[3235 3090 3125 2970 2935 2765 2355 2160] [2905 3105 3060 2975 3105 3070 3110 3030]
[3210 3155 3150 3110 3110 2585 2300 2010] [3005 3095 3000 2820 2980 3085 3090 3050]
[3305 3310 3175 3005 3115 2625 2425 2115] [2865 3070 2925 2935 2970 3050 3120 3055]
[3175 3270 3245 3195 2950 2640 2435 1985] [2915 2990 3160 3070 3055 3055 3215 3065]
[3105 3145 3070 3175 3085 2535 2310 1980] [2850 3070 2980 3045 3050 3130 3165 3385]
[3450 2995 3300 3280 3060 2455 2455 2080] [3160 3075 3175 3160 2970 2950 3170 3145]
COM3 1 29
0
[3225 3185 3090 3060 2990 2895 2610 2360] [3295 3115 3290 3105 3120 3020 3155 3205]
[3360 3255 2980 3140 3190 2850 2480 2265] [3245 3265 3275 3135 3015 3170 3110 3045]
[3235 3090 3125 2970 2935 2765 2355 2160] [3145 3260 3280 3175 3255 3150 3220 3130]
[3210 3155 3150 3110 3110 2585 2300 2010] [3335 3125 3255 3245 3205 3150 3205 3155]
[3305 3310 3175 3005 3115 2625 2425 2115] [3210 3310 3340 3125 3210 3175 3325 3235]
[3175 3270 3245 3195 2950 2640 2435 1985] [3050 3235 3205 3185 3175 3245 3290 3365]
[3105 3145 3070 3175 3085 2535 2310 1980] [3275 3290 3195 3155 3130 3360 3230 3415]
[3450 2995 3300 3280 3060 2455 2455 2080] [3245 3240 3305 3360 3255 3100 3145 3345]
COM7 0 30
0
[3345 3175 3310 3065 3245 2975 2965 2550] [3295 3115 3290 3105 3120 3020 3155 3205]
[3385 3345 3210 3100 3180 2935 2760 2520] [3245 3265 3275 3135 3015 3170 3110 3045]
[3200 3300 3335 3130 3040 2910 2605 2420] [3145 3260 3280 3175 3255 3150 3220 3130]
[3325 3170 3390 3120 3200 2930 2590 2350] [3335 3125 3255 3245 3205 3150 3205 3155]
[3415 3420 3220 3115 3095 2775 2590 2400] [3210 3310 3340 3125 3210 3175 3325 3235]
[3255 3315 3375 3115 3100 2940 2680 2390] [3050 3235 3205 3185 3175 3245 3290 3365]
[3590 3320 3280 3275 2995 2820 2620 2340] [3275 3290 3195 3155 3130 3360 3230 3415]
[3500 3410 3300 3215 3025 2835 2590 2390] [3245 3240 3305 3360 3255 3100 3145 3345]
COM3 1 31
0
[3345 3175 3310 3065 3245 2975 2965 2550] [3285 3360 3305 3325 3185 3165 3200 3390]
[3385 3345 3210 3100 3180 2935 2760 2520] [3255 3405 3160 3330 3155 3285 3370 3025]
[3200 3300 3335 3130 3040 2910 2605 2420] [3410 3380 3360 3145 3400 2995 3185 3265]
[3325 3170 3390 3120 3200 2930 2590 2350] [3355 3420 3520 3245 3220 3055 3190 3275]
[3415 3420 3220 3115 3095 2775 2590 2400] [3430 3355 3390 3255 3320 3280 3345 3350]
[3255 3315 3375 3115 3100 2940 2680 2390] [3260 3405 3325 3385 3285 3290 3420 3315]
[3590 3320 3280 3275 2995 2820 2620 2340] [3300 3580 3340 3325 3285 3285 3295 3190]
[3500 3410 3300 3215 3025 2835 2590 2390] [3390 3395 3395 3490 3200 3160 3480 3455]
COM7 0 32
0
[2875 2715 2860 2990 2890 2890 2805 2345] [3285 3360 3305 3325 3185 3165 3200 3390]
[2860 2855 2785 2990 2865 2995 2705 2175] [3255 3405 3160 3330 3155 3285 3370 3025]
[2750 2905 3030 2870 2845 2980 2875 2235] [3410 3380 3360 3145 3400 2995 3185 3265]
[2860 2855 2815 2775 2930 2955 2745 2185] [3355 3420 3520 3245 3220 3055 3190 3275]
[2765 3075 2955 2785 3095 3010 2940 2310] [3430 3355 3390 3255 3320 3280 3345 3350]
[3005 2925 2955 2985 2910 2945 2665 2000] [3260 3405 3325 3385 3285 3290 3420 3315]
[2765 2835 2790 2980 2970 2905 2385 2070] [3300 3580 3340 3325 3285 3285 3295 3190]
[3015 2955 2985 3155 3020 3070 2585 2110] [3390 3395 3395 3490 3200 3160 3480 3455]
COM3 1 33
0
[2875 2715 2860 2990 2890 2890 2805 2345] [3185 3145 3125 3130 3135 3180 3145 3255]
[2860 2855 2785 2990 2865 2995 2705 2175] [3115 3165 3215 3110 3095 3220 3270 3030]
[2750 2905 3030 2870 2845 2980 2875 2235] [3195 3235 3200 3155 3255 3165 3140 3120]
[2860 2855 2815 2775 2930 2955 2745 2185] [3150 3200 3220 3155 3150 3200 3165 3155]
[2765 3075 2955 2785 3095 3010 2940 2310] [3175 3140 3270 3105 3215 3165 3195 3270]
[3005 2925 2955 2985 2910 2945 2665 2000] [3010 3200 3205 3380 3085 3295 3230 3215]
[2765 2835 2790 2980 2970 2905 2385 2070] [3125 3200 3240 3175 3190 3140 3195 3370]
[3015 2955 2985 3155 3020 3070 2585 2110] [3320 3180 3415 3365 3195 3200 3300 3390]
COM7 0 34
0
[2745 2600 2585 2840 2855 2790 2970 2680] [3185 3145 3125 3130 3135 3180 3145 3255]
[2935 2825 2715 2900 2760 2860 2760 2600] [3115 3165 3215 3110 3095 3220 3270 3030]
[2775 2960 2845 2910 2925 2870 2925 2665] [3195 3235 3200 3155 3255 3165 3140 3120]
[2760 2825 3020 2810 2965 2865 2950 2420] [3150 3200 3220 3155 3150 3200 3165 3155]
[2925 2905 3010 2835 2975 3045 2955 2440] [3175 3140 3270 3105 3215 3165 3195 3270]
[2795 2690 2935 2875 2840 2905 3010 2530] [3010 3200 3205 3380 3085 3295 3230 3215]
[2945 2970 2840 2880 2870 3150 2670 2505] [3125 3200 3240 3175 3190 3140 3195 3370]
[2915 2965 3075 2910 3060 3110 3035 2525] [3320 3180 3415 3365 3195 3200 3300 3390]
COM3 1 35
0
[2745 2600 2585 2840 2855 2790 2970 2680] [3205 3170 3100 3180 3075 3090 3145 3140]
[2935 2825 2715 2900 2760 2860 2760 2600] [3125 3165 3225 3100 3000 3210 3030 3010]
[2775 2960 2845 2910 2925 2870 2925 2665] [3150 3155 3190 3150 3245 3215 3180 3085]
[2760 2825 3020 2810 2965 2865 2950 2420] [3245 3155 3180 3175 3185 3135 3160 3255]
[2925 2905 3010 2835 2975 3045 2955 2440] [3215 3245 3220 3095 3140 3090 3125 3200]
[2795 2690 2935 2875 2840 2905 3010 2530] [3215 3210 3070 3240 3115 3205 3200 3325]
[2945 2970 2840 2880 2870 3150 2670 2505] [3250 3285 3255 3175 3140 3200 3165 3355]
[2915 2965 3075 2910 3060 3110 3035 2525] [3355 3415 3295 3355 3195 3255 3240 3200]
COM7 0 36
0
[3375 3215 3115 3345 3300 3240 3170 2995] [3205 3170 3100 3180 3075 3090 3145 3140]
[3355 3165 3080 3340 3135 3125 2920 2895] [3125 3165 3225 3100 3000 3210 3030 3010]
[3125 3270 3435 3215 3175 3225 3115 2845] [3150 3155 3190 3150 3245 3215 3180 3085]
[3290 3305 3310 3330 3265 3120 3100 2880] [3245 3155 3180 3175 3185 3135 3160 3255]
[3445 3325 3345 3245 3250 3045 3310 2980] [3215 3245 3220 3095 3140 3090 3125 3200]
[3215 3380 3590 3305 3330 3250 3235 2785] [3215 3210 3070 3240 3115 3205 3200 3325]
[3275 3435 3090 3410 3270 3195 3020 2900] [3250 3285 3255 3175 3140 3200 3165 3355]
[3585 3380 3240 3450 2880 3300 3225 2855] [3355 3415 3295 3355 3195 3255 3240 3200]
COM3 1 37
0
[3375 3215 3115 3345 3300 3240 3170 2995] [2970 2910 2840 2905 2865 2810 2990 3105]
[3355 3165 3080 3340 3135 3125 2920 2895] [2960 2920 2975 2815 2865 3030 2900 2895]
[3125 3270 3435 3215 3175 3225 3115 2845] [2950 2990 3045 2785 3010 2865 3010 3060]
[3290 3305 3310 3330 3265 3120 3100 2880] [3065 3085 2945 2905 3010 2900 2875 2955]
[3445 3325 3345 3245 3250 3045 3310 2980] [3190 2905 3045 2885 2995 2845 3050 3035]
[3215 3380 3590 3305 3330 3250 3235 2785] [2975 3055 2945 3020 2840 3010 3025 3055]
[3275 3435 3090 3410 3270 3195 3020 2900] [3045 3205 3115 2905 3055 3100 3135 3130]
[3585 3380 3240 3450 2880 3300 3225 2855] [3090 3015 3090 3135 3015 2955 2960 3055]
COM7 0 38
0
[3270 3115 3090 3025 3130 3005 3055 3015] [2970 2910 2840 2905 2865 2810 2990 3105]
[3265 3200 3190 3235 3100 3175 2930 3145] [2960 2920 2975 2815 2865 3030 2900 2895]
[3145 3285 3285 3205 3095 3090 3090 2995] [2950 2990 3045 2785 3010 2865 3010 3060]
[3105 3240 3120 3235 3155 3075 3075 3075] [3065 3085 2945 2905 3010 2900 2875 2955]
[3155 3225 3245 3225 3270 3070 3150 3170] [3190 2905 3045 2885 2995 2845 3050 3035]
[3205 3275 3430 3170 3090 3210 3130 2985] [2975 3055 2945 3020 2840 3010 3025 3055]
[3225 3300 3165 3230 3215 3140 2845 3005] [3045 3205 3115 2905 3055 3100 3135 3130]
[3465 3080 3075 3155 3220 3145 3215 3070] [3090 3015 3090 3135 3015 2955 2960 3055]
COM3 1 39
0
[3270 3115 3090 3025 3130 3005 3055 3015] [3355 3395 3630 3470 3305 3420 3310 3430]
[3265 3200 3190 3235 3100 3175 2930 3145] [3255 3445 3570 3450 3360 3415 3450 3340]
[3145 3285 3285 3205 3095 3090 3090 2995] [3375 3510 3535 3510 3545 3385 3425 3420]
[3105 3240 3120 3235 3155 3075 3075 3075] [3240 3515 3390 3505 3525 3415 3450 3405]
[3155 3225 3245 3225 3270 3070 3150 3170] [3290 3575 3570 3420 3460 3510 3500 3635]
[3205 3275 3430 3170 3090 3210 3130 2985] [3140 3450 3440 3605 3515 3455 3535 3635]
[3225 3300 3165 3230 3215 3140 2845 3005] [3190 3460 3565 3495 3440 3725 3505 3675]
[3465 3080 3075 3155 3220 3145 3215 3070] [3365 3500 3530 3585 3505 3465 3545 3615]
COM7 0 40
0
[2965 2955 3135 3090 3200 3040 3270 3055] [3355 3395 3630 3470 3305 3420 3310 3430]
[3195 3205 3075 3270 3205 3125 2955 3025] [3255 3445 3570 3450 3360 3415 3450 3340]
[3040 3205 3000 3170 2990 3235 3195 3050] [3375 3510 3535 3510 3545 3385 3425 3420]
[3210 3150 3275 3075 3140 3170 3255 2825] [3240 3515 3390 3505 3525 3415 3450 3405]
[3255 3085 3170 3125 3270 3090 3040 3165] [3290 3575 3570 3420 3460 3510 3500 3635]
[2990 3180 3100 3155 3160 3275 3165 3190] [3140 3450 3440 3605 3515 3455 3535 3635]
[3265 3220 3165 3335 3140 3090 2925 3000] [3190 3460 3565 3495 3440 3725 3505 3675]
[3300 3180 3085 3285 3125 3055 3175 3015] [3365 3500 3530 3585 3505 3465 3545 3615]
COM3 1 41
0
[2965 2955 3135 3090 3200 3040 3270 3055] [3180 3065 3200 3170 3055 3105 3065 3255]
[3195 3205 3075 3270 3205 3125 2955 3025] [3170 3210 3105 3090 3050 3220 3170 3150]
[3040 3205 3000 3170 2990 3235 3195 3050] [3140 3195 3130 3075 3210 3075 3185 3160]
[3210 3150 3275 3075 3140 3170 3255 2825] [3210 3175 3160 3250 3145 3065 3175 3195]
[3255 3085 3170 3125 3270 3090 3040 3165] [3215 3435 3235 2920 3115 3165 3230 3245]
[2990 3180 3100 3155 3160 3275 3165 3190] [3085 3195 3090 3150 3135 3195 3270 3185]
[3265 3220 3165 3335 3140 3090 2925 3000] [3210 3270 3335 3180 3180 3130 3200 3245]
[3300 3180 3085 3285 3125 3055 3175 3015] [3120 3240 3165 3315 3165 3310 3165 3245]
COM7 0 42
0
[2705 2860 2790 2915 2875 2840 3045 2910] [3180 3065 3200 3170 3055 3105 3065 3255]
[2960 2850 2845 2940 2830 2920 2735 2940] [3170 3210 3105 3090 3050 3220 3170 3150]
[2745 2975 2915 2895 2760 2885 2890 2910] [3140 3195 3130 3075 3210 3075 3185 3160]
[3070 2865 3060 2870 3030 3085 3145 3185] [3210 3175 3160 3250 3145 3065 3175 3195]
[3190 3025 2865 2955 3035 2995 3095 2965] [3215 3435 3235 2920 3115 3165 3230 3245]
[2850 3085 3040 3125 2920 2975 3105 3065] [3085 3195 3090 3150 3135 3195 3270 3185]
[3095 3155 2990 3235 2900 3100 3055 2970] [3210 3270 3335 3180 3180 3130 3200 3245]
[3135 3000 3150 3070 3080 3000 3025 3025] [3120 3240 3165 3315 3165 3310 3165 3245]
COM3 1 43
0
[2705 2860 2790 2915 2875 2840 3045 2910] [2990 3030 2830 2750 2870 2885 2855 3045]
[2960 2850 2845 2940 2830 2920 2735 2940] [2800 2995 2935 2905 2895 3000 2945 2890]
[2745 2975 2915 2895 2760 2885 2890 2910] [2915 2945 3060 2890 2980 2950 2890 2905]
[3070 2865 3060 2870 3030 3085 3145 3185] [2790 2970 3065 2890 2965 2955 2945 2885]
[3190 3025 2865 2955 3035 2995 3095 2965] [2930 3155 3165 2855 2930 2820 3010 3065]
[2850 3085 3040 3125 2920 2975 3105 3065] [2880 3190 2975 3070 2985 2890 3000 3055]
[3095 3155 2990 3235 2900 3100 3055 2970] [3000 3195 3145 2980 2960 2865 3075 3105]
[3135 3000 3150 3070 3080 3000 3025 3025] [2760 3045 3265 3145 3035 2820 3065 3105]
COM7 0 44
0
[3145 2845 3045 3130 3050 2935 3080 2905] [2990 3030 2830 2750 2870 2885 2855 3045]
[3155 3045 2865 2990 3175 3110 3115 3100] [2800 2995 2935 2905 2895 3000 2945 2890]
[2985 3160 3155 3195 3205 3055 3020 3100] [2915 2945 3060 2890 2980 2950 2890 2905]
[3205 3105 3130 3090 3170 3260 3190 3255] [2790 2970 3065 2890 2965 2955 2945 2885]
[3040 3170 3230 3280 3260 3155 3345 3095] [2930 3155 3165 2855 2930 2820 3010 3065]
[2990 3315 3145 3025 3040 3235 3215 3225] [2880 3190 2975 3070 2985 2890 3000 3055]
[3270 3220 3055 3175 3125 3195 2960 3060] [3000 3195 3145 2980 2960 2865 3075 3105]
[3300 3265 3275 3125 3185 3300 3165 3205] [2760 3045 3265 3145 3035 2820 3065 3105]
COM3 1 45
0
[3145 2845 3045 3130 3050 2935 3080 2905] [2850 2970 3095 3010 2800 2965 2970 3075]
[3155 3045 2865 2990 3175 3110 3115 3100] [2630 2960 3170 2935 3005 3000 2915 2915]
[2985 3160 3155 3195 3205 3055 3020 3100] [2570 3075 3080 2865 3055 3015 2975 3040]
[3205 3105 3130 3090 3170 3260 3190 3255] [2585 2915 3235 2935 3030 2920 3000 3020]
[3040 3170 3230 3280 3260 3155 3345 3095] [2550 3150 3125 2985 3080 2940 3055 2990]
[2990 3315 3145 3025 3040 3235 3215 3225] [2515 3005 3010 3140 3020 2910 3140 3055]
[3270 3220 3055 3175 3125 3195 2960 3060] [2570 3135 3170 3090 3050 3105 3075 3190]
[3300 3265 3275 3125 3185 3300 3165 3205] [2545 3160 3065 3150 3085 3105 3190 3200]
COM7 0 46
0
[3055 2890 3015 2845 2920 2935 3085 3040] [2850 2970 3095 3010 2800 2965 2970 3075]
[3225 3205 2915 3205 2970 2925 2770 3020] [2630 2960 3170 2935 3005 3000 2915 2915]
[2925 3045 3065 3155 3055 3115 2870 3060] [2570 3075 3080 2865 3055 3015 2975 3040]
[3070 2815 3045 2880 3030 3050 2990 3135] [2585 2915 3235 2935 3030 2920 3000 3020]
[3220 3035 3165 3070 3210 3135 3010 3245] [2550 3150 3125 2985 3080 2940 3055 2990]
[2950 3130 3250 3240 3105 3030 3145 2905] [2515 3005 3010 3140 3020 2910 3140 3055]
[3160 3140 3265 3030 3110 3065 2830 3200] [2570 3135 3170 3090 3050 3105 3075 3190]
[3195 3430 2900 2970 3230 3160 3380 3265] [2545 3160 3065 3150 3085 3105 3190 3200]
COM3 1 47
0
[3055 2890 3015 2845 2920 2935 3085 3040] [2960 3055 3370 3385 3480 3435 3435 3545]
[3225 3205 2915 3205 2970 2925 2770 3020] [2845 3075 3340 3380 3415 3580 3450 3320]
[2925 3045 3065 3155 3055 3115 2870 3060] [2920 3045 3170 3310 3410 3490 3395 3385]
[3070 2815 3045 2880 3030 3050 2990 3135] [2850 3045 3265 3190 3400 3430 3580 3500]
[3220 3035 3165 3070 3210 3135 3010 3245] [2790 2920 3245 3230 3450 3435 3600 3650]
[2950 3130 3250 3240 3105 3030 3145 2905] [2650 2850 3240 3395 3490 3635 3620 3680]
[3160 3140 3265 3030 3110 3065 2830 3200] [2745 3265 3390 3425 3440 3530 3600 3555]
[3195 3430 2900 2970 3230 3160 3380 3265] [2690 3235 3265 3705 3495 3625 3625 3655]
COM7 0 48
0
[3435 3160 3305 3385 3525 3290 3455 3340] [2960 3055 3370 3385 3480 3435 3435 3545]
[3400 3725 3355 3305 3400 3590 3465 3225] [2845 3075 3340 3380 3415 3580 3450 3320]
[3065 3440 3345 3485 3195 3455 3590 3225] [2920 3045 3170 3310 3410 3490 3395 3385]
[3350 3285 3375 3295 3455 3475 3340 3245] [2850 3045 3265 3190 3400 3430 3580 3500]
[3365 3420 3460 3245 3375 3350 3510 3245] [2790 2920 3245 3230 3450 3435 3600 3650]
[3335 3490 3675 3460 3390 3305 3520 3090] [2650 2850 3240 3395 3490 3635 3620 3680]
[3625 3540 3285 3490 3425 3435 3340 3190] [2745 3265 3390 3425 3440 3530 3600 3555]
[3570 3385 3415 3480 3480 3435 3530 3105] [2690 3235 3265 3705 3495 3625 3625 3655]
COM3 1 49
0
[3435 3160 3305 3385 3525 3290 3455 3340] [2585 2805 3015 2995 3040 3085 3115 3160]
[3400 3725 3355 3305 3400 3590 3465 3225] [2625 2850 3055 3010 3030 3160 3025 2995]
[3065 3440 3345 3485 3195 3455 3590 3225] [2640 2805 2985 3065 3195 3095 3120 3025]
[3350 3285 3375 3295 3455 3475 3340 3245] [2600 2675 3035 3055 3010 3005 3165 3100]
[3365 3420 3460 3245 3375 3350 3510 3245] [2560 2835 3135 3005 3170 3125 3065 3180]
[3335 3490 3675 3460 3390 3305 3520 3090] [2290 2780 3085 3145 3120 3210 3170 3125]
[3625 3540 3285 3490 3425 3435 3340 3190] [2525 2965 3100 3125 3025 3120 3135 3235]
[3570 3385 3415 3480 3480 3435 3530 3105] [2410 2815 3050 3235 3175 3065 3130 3180]
COM7 0 50
0
[2840 2660 2880 2705 2805 2675 2720 2750] [2585 2805 3015 2995 3040 3085 3115 3160]
[3040 2745 2535 2845 2795 2620 2640 2720] [2625 2850 3055 3010 3030 3160 3025 2995]
[2770 2650 2675 2715 2665 2870 2780 2730] [2640 2805 2985 3065 3195 3095 3120 3025]
[2930 2930 2975 2855 3045 2880 2835 2915] [2600 2675 3035 3055 3010 3005 3165 3100]
[2905 2685 2730 2905 3120 2855 2935 3040] [2560 2835 3135 3005 3170 3125 3065 3180]
[2785 2980 3125 2680 2720 2845 2945 2970] [2290 2780 3085 3145 3120 3210 3170 3125]
[2910 2880 3010 2915 2875 2735 2570 3005] [2525 2965 3100 3125 3025 3120 3135 3235]
[3145 3025 2715 2895 2910 2900 3000 2950] [2410 2815 3050 3235 3175 3065 3130 3180]
COM3 1 51
0
[2840 2660 2880 2705 2805 2675 2720 2750] [2030 2275 2660 2995 2895 2850 2860 2950]
[3040 2745 2535 2845 2795 2620 2640 2720] [2105 2335 2800 2935 2800 3000 2965 2740]
[2770 2650 2675 2715 2665 2870 2780 2730] [1955 2400 2690 2900 3000 2820 2965 2800]
[2930 2930 2975 2855 3045 2880 2835 2915] [2015 2210 2800 3020 2980 2805 2945 2790]
[2905 2685 2730 2905 3120 2855 2935 3040] [2035 2505 2950 2940 2860 2805 3075 2865]
[2785 2980 3125 2680 2720 2845 2945 2970] [1900 2620 2870 3120 3065 2875 2920 2825]
[2910 2880 3010 2915 2875 2735 2570 3005] [2095 2560 3015 3115 2915 2740 2995 3000]
[3145 3025 2715 2895 2910 2900 3000 2950] [2075 2525 3205 3150 3015 2930 3005 2835]
COM7 0 52
0
[3095 2840 2600 2815 2745 2975 2910 2860] [2030 2275 2660 2995 2895 2850 2860 2950]
[3155 2970 2770 3025 2770 2805 2655 2980] [2105 2335 2800 2935 2800 3000 2965 2740]
[2900 2950 3045 2985 2790 2995 2785 2860] [1955 2400 2690 2900 3000 2820 2965 2800]
[2900 2925 3235 2925 3145 3095 3030 2875] [2015 2210 2800 3020 2980 2805 2945 2790]
[3055 2870 3065 2965 3185 2975 3090 3065] [2035 2505 2950 2940 2860 2805 3075 2865]
[3105 3015 2965 3065 2730 3055 3100 2970] [1900 2620 2870 3120 3065 2875 2920 2825]
[2950 3205 3040 3100 2955 3215 2840 2940] [2095 2560 3015 3115 2915 2740 2995 3000]
[3035 3130 2935 2895 3185 3065 3150 3090] [2075 2525 3205 3150 3015 2930 3005 2835]
COM3 1 53
0
[3095 2840 2600 2815 2745 2975 2910 2860] [2665 2585 2955 3005 3100 3045 3200 3155]
[3155 2970 2770 3025 2770 2805 2655 2980] [2570 2600 2785 3135 3110 3205 3115 3150]
[2900 2950 3045 2985 2790 2995 2785 2860] [2345 2520 2870 3135 3245 3220 3140 3095]
[2900 2925 3235 2925 3145 3095 3030 2875] [2195 2445 2805 3195 3080 3150 3205 3125]
[3055 2870 3065 2965 3185 2975 3090 3065] [2035 2555 3015 3125 3195 3165 3205 3190]
[3105 3015 2965 3065 2730 3055 3100 2970] [2105 2450 2770 3260 3150 3175 3160 3165]
[2950 3205 3040 3100 2955 3215 2840 2940] [2065 2705 2995 3105 3175 3110 3210 3290]
[3035 3130 2935 2895 3185 3065 3150 3090] [2180 2570 3035 3370 3200 3200 3350 3260]
COM7 0 54
0
[2865 2640 2955 2885 2750 2820 2825 2800] [2665 2585 2955 3005 3100 3045 3200 3155]
[2945 2865 2685 2940 2845 2790 2675 2920] [2570 2600 2785 3135 3110 3205 3115 3150]
[2810 2745 2705 2855 2800 2890 2745 2765] [2345 2520 2870 3135 3245 3220 3140 3095]
[2785 2730 3045 2925 3040 2935 2755 3005] [2195 2445 2805 3195 3080 3150 3205 3125]
[3040 2990 2830 2855 2990 2775 2860 2980] [2035 2555 3015 3125 3195 3165 3205 3190]
[2780 2965 3040 2955 2855 2780 3085 2955] [2105 2450 2770 3260 3150 3175 3160 3165]
[3020 3005 2915 3205 2870 2885 2945 3015] [2065 2705 2995 3105 3175 3110 3210 3290]
[3210 2925 2805 3155 3065 3080 3045 2980] [2180 2570 3035 3370 3200 3200 3350 3260]
COM3 1 55
0
[2865 2640 2955 2885 2750 2820 2825 2800] [2615 2505 2795 3065 3125 3105 3040 3175]
[2945 2865 2685 2940 2845 2790 2675 2920] [2365 2590 2905 2920 3080 3285 3180 3045]
[2810 2745 2705 2855 2800 2890 2745 2765] [2285 2370 2680 3000 3225 3125 3185 3010]
[2785 2730 3045 2925 3040 2935 2755 3005] [1990 2385 2755 3075 3125 3125 3205 3140]
[3040 2990 2830 2855 2990 2775 2860 2980] [1985 2305 2640 2865 3270 3355 3200 3260]
[2780 2965 3040 2955 2855 2780 3085 2955] [1780 2215 2605 3010 3115 3210 3180 3105]
[3020 3005 2915 3205 2870 2885 2945 3015] [1915 2300 2585 3155 3110 3100 3215 3385]
[3210 2925 2805 3155 3065 3080 3045 2980] [2045 2180 2790 3225 3110 3310 3180 3265]
COM7 0 56
0
[3010 2845 2970 3000 3060 3060 3120 3195] [2615 2505 2795 3065 3125 3105 3040 3175]
[3040 3160 2865 3065 2920 3120 3335 2990] [2365 2590 2905 2920 3080 3285 3180 3045]
[3060 3120 3095 2950 3085 3120 3145 3010] [2285 2370 2680 3000 3225 3125 3185 3010]
[3140 2975 3210 2960 3100 3205 3250 3265] [1990 2385 2755 3075 3125 3125 3205 3140]
[3295 3220 2995 2950 3120 3070 3125 3075] [1985 2305 2640 2865 3270 3355 3200 3260]
[3220 2715 3040 3035 3080 3065 3095 2930] [1780 2215 2605 3010 3115 3210 3180 3105]
[2995 3075 2820 3015 3105 3020 3290 3125] [1915 2300 2585 3155 3110 3100 3215 3385]
[3070 2990 2855 3330 2975 3115 3490 3280] [2045 2180 2790 3225 3110 3310 3180 3265]
COM3 1 57
0
[3010 2845 2970 3000 3060 3060 3120 3195] [2360 2485 2735 3000 3180 3025 3170 3230]
[3040 3160 2865 3065 2920 3120 3335 2990] [2185 2380 2745 3045 3100 3160 3180 2980]
[3060 3120 3095 2950 3085 3120 3145 3010] [2210 2355 2560 2905 3250 3060 3140 3180]
[3140 2975 3210 2960 3100 3205 3250 3265] [2045 2040 2545 2960 3170 3085 3180 3265]
[3295 3220 2995 2950 3120 3070 3125 3075] [2030 2115 2395 2830 3195 3225 3175 3205]
[3220 2715 3040 3035 3080 3065 3095 2930] [1775 2070 2360 2965 3105 3230 3330 3235]
[2995 3075 2820 3015 3105 3020 3290 3125] [1945 2100 2420 2745 3175 3345 3205 3375]
[3070 2990 2855 3330 2975 3115 3490 3280] [1895 2065 2470 2950 3200 3275 3180 3380]
COM7 0 58
0
[2505 2380 2385 2525 2455 2355 2300 2330] [2360 2485 2735 3000 3180 3025 3170 3230]
[2540 2490 2520 2385 2435 2395 2250 2385] [2185 2380 2745 3045 3100 3160 3180 2980]
[2370 2485 2520 2360 2405 2470 2380 2475] [2210 2355 2560 2905 3250 3060 3140 3180]
[2375 2430 2580 2450 2500 2440 2380 2540] [2045 2040 2545 2960 3170 3085 3180 3265]
[2560 2395 2485 2490 2555 2440 2505 2510] [2030 2115 2395 2830 3195 3225 3175 3205]
[2470 2610 2550 2670 2510 2510 2515 2425] [1775 2070 2360 2965 3105 3230 3330 3235]
[2370 2590 2445 2625 2505 2310 2365 2475] [1945 2100 2420 2745 3175 3345 3205 3375]
[2680 2795 2505 2575 2490 2450 2515 2585] [1895 2065 2470 2950 3200 3275 3180 3380]
COM3 1 59
0
[2505 2380 2385 2525 2455 2355 2300 2330] [2135 2465 2595 2940 3110 3175 3185 3140]
[2540 2490 2520 2385 2435 2395 2250 2385] [2310 2150 2705 2995 3050 3275 3110 3120]
[2370 2485 2520 2360 2405 2470 2380 2475] [2205 2085 2615 2840 3175 3040 3215 3045]
[2375 2430 2580 2450 2500 2440 2380 2540] [2125 1890 2385 2650 3005 3240 3095 3230]
[2560 2395 2485 2490 2555 2440 2505 2510] [1985 2055 2265 2550 3000 3275 3150 3175]
[2470 2610 2550 2670 2510 2510 2515 2425] [1970 1825 2170 2675 2970 3160 3275 3230]
[2370 2590 2445 2625 2505 2310 2365 2475] [1855 1985 2095 2520 2940 3175 3295 3380]
[2680 2795 2505 2575 2490 2450 2515 2585] [2000 1860 2105 2745 2950 3200 3170 3340]
COM7 0 60
0
[3085 3120 3205 3195 3065 3115 3230 3180] [2135 2465 2595 2940 3110 3175 3185 3140]
[3300 3270 3195 3275 3240 3125 3025 2975] [2310 2150 2705 2995 3050 3275 3110 3120]
[3190 3145 3200 3080 3170 3195 3175 3130] [2205 2085 2615 2840 3175 3040 3215 3045]
[3245 3260 3230 3110 3220 3215 3225 3055] [2125 1890 2385 2650 3005 3240 3095 3230]
[3260 3075 3190 3230 3240 3145 3330 3320] [1985 2055 2265 2550 3000 3275 3150 3175]
[3300 3260 3295 3220 3110 3135 3375 3205] [1970 1825 2170 2675 2970 3160 3275 3230]
[3160 3300 3215 3190 3170 3320 3105 3165] [1855 1985 2095 2520 2940 3175 3295 3380]
[3415 3335 3290 3385 3140 3420 3380 3240] [2000 1860 2105 2745 2950 3200 3170 3340]
COM3 1 61
0
[3085 3120 3205 3195 3065 3115 3230 3180] [2395 2360 2580 2940 3020 2995 3075 3235]
[3300 3270 3195 3275 3240 3125 3025 2975] [2585 2330 2610 2690 2920 3235 3120 3145]
[3190 3145 3200 3080 3170 3195 3175 3130] [2520 2485 2470 2720 3100 3055 3145 3055]
[3245 3260 3230 3110 3220 3215 3225 3055] [2535 2345 2315 2570 2905 3105 3320 3140]
[3260 3075 3190 3230 3240 3145 3330 3320] [2440 2130 2115 2400 2735 3120 3205 3280]
[3300 3260 3295 3220 3110 3135 3375 3205] [2240 2065 2095 2375 2715 3185 3280 3355]
[3160 3300 3215 3190 3170 3320 3105 3165] [2285 2205 2220 2370 2615 2990 3205 3290]
[3415 3335 3290 3385 3140 3420 3380 3240] [2245 2220 2135 2440 2880 3100 3255 3335]
COM7 0 62
0
[2825 2890 2755 2805 2935 2825 2870 2900] [2395 2360 2580 2940 3020 2995 3075 3235]
[3070 2900 2830 3005 3005 2865 2840 2935] [2585 2330 2610 2690 2920 3235 3120 3145]
[2835 2975 3000 2885 2795 2915 2940 3040] [2520 2485 2470 2720 3100 3055 3145 3055]
[2940 3020 3205 2950 2930 2960 2940 2955] [2535 2345 2315 2570 2905 3105 3320 3140]
[3000 2990 2935 2935 3075 2885 3175 3140] [2440 2130 2115 2400 2735 3120 3205 3280]
[2895 2900 2975 3000 2875 3035 3100 2860] [2240 2065 2095 2375 2715 3185 3280 3355]
[2835 3065 2890 2985 2970 3020 2715 3030] [2285 2205 2220 2370 2615 2990 3205 3290]
[3145 3105 2955 3070 2890 3040 2970 3120] [2245 2220 2135 2440 2880 3100 3255 3335]
COM3 1 63
0
[2825 2890 2755 2805 2935 2825 2870 2900] [2455 2400 2355 2595 2895 3165 3200 3160]
[3070 2900 2830 3005 3005 2865 2840 2935] [2680 2380 2350 2450 2645 3140 3120 3055]
[2835 2975 3000 2885 2795 2915 2940 3040] [2700 2380 2205 2230 2675 2935 3145 3155]
[2940 3020 3205 2950 2930 2960 2940 2955] [2595 2440 2065 2230 2525 2700 3150 3105]
[3000 2990 2935 2935 3075 2885 3175 3140] [2370 2150 2070 2050 2340 2880 3200 3200]
[2895 2900 2975 3000 2875 3035 3100 2860] [2270 2160 2065 2150 2405 2745 3230 3335]
[2835 3065 2890 2985 2970 3020 2715 3030] [2340 2145 2095 2015 2230 2905 3120 3290]
[3145 3105 2955 3070 2890 3040 2970 3120] [2125 1945 1920 2020 2265 2875 3135 3345]
COM7 0 64
0
[3065 2840 3025 2995 3020 2990 3095 2885] [2455 2400 2355 2595 2895 3165 3200 3160]
[3120 3130 3020 3005 3075 2855 2965 2950] [2680 2380 2350 2450 2645 3140 3120 3055]
[2840 3055 3110 3050 2970 3050 3075 2960] [2700 2380 2205 2230 2675 2935 3145 3155]
[3100 2940 3050 2880 3035 3000 3065 2975] [2595 2440 2065 2230 2525 2700 3150 3105]
[2970 3035 3110 3050 3165 3105 3085 3155] [2370 2150 2070 2050 2340 2880 3200 3200]
[3090 3180 3200 3100 2995 3055 3090 2985] [2270 2160 2065 2150 2405 2745 3230 3335]
[3085 3140 3060 3235 2950 3165 3065 2955] [2340 2145 2095 2015 2230 2905 3120 3290]
[3205 3095 3190 3115 3005 3215 3215 2995] [2125 1945 1920 2020 2265 2875 3135 3345]
COM3 1 65
0
[3065 2840 3025 2995 3020 2990 3095 2885] [2565 2105 2040 2185 2745 2940 3045 3175]
[3120 3130 3020 3005 3075 2855 2965 2950] [2405 2335 1865 2095 2340 2760 2970 2990]
[2840 3055 3110 3050 2970 3050 3075 2960] [2580 2320 1820 1850 2200 2450 2860 3095]
[3100 2940 3050 2880 3035 3000 3065 2975] [2205 2015 1780 1810 2050 2415 3080 3165]
[2970 3035 3110 3050 3165 3105 3085 3155] [2135 2035 1805 1670 2025 2470 2925 3190]
[3090 3180 3200 3100 2995 3055 3090 2985] [1920 1780 1695 1795 1980 2485 3070 3235]
[3085 3140 3060 3235 2950 3165 3065 2955] [1945 1640 1680 1670 1905 2475 2885 3270]
[3205 3095 3190 3115 3005 3215 3215 2995] [1900 1695 1615 1730 2010 2320 3025 3320]