COM3 1 6
0
[1835 1680 2015 2285 2595 2995 3185 2970] [3050 3265 3215 3335 3275 3165 3115 3340]
[1710 1915 2065 2485 2735 3075 3375 3105] [3105 3190 3270 3195 3170 3315 3115 2985]
[1635 1885 2255 2575 2855 3135 3090 3245] [3280 3210 3255 3195 3265 3245 3175 3210]
[1680 1865 2275 2620 3025 3200 3115 3195] [3235 3180 3440 3350 3125 3180 3165 3210]
[1785 1900 2315 2685 3050 2935 3200 3250] [3215 3650 3280 3215 3200 3115 3235 3280]
[1765 1865 2445 2935 2965 3290 3190 3010] [3035 3425 3310 3310 3125 3405 3375 3310]
[1965 2045 2310 2555 3370 3305 3110 3390] [3310 3405 3165 3440 3400 3030 3295 3345]
[2065 2085 2220 2690 3155 3165 3245 3445] [3610 3220 3300 3360 3395 3190 3450 3380]
COM7 0 7
0
[1925 1870 2090 2390 2820 3070 3250 3365] [3050 3265 3215 3335 3275 3165 3115 3340]
[1920 1960 2085 2590 2915 3140 3245 3280] [3105 3190 3270 3195 3170 3315 3115 2985]
[1705 1955 2265 2635 2980 3120 3320 3175] [3280 3210 3255 3195 3265 3245 3175 3210]
[1805 2020 2330 2675 3095 3205 3345 3265] [3235 3180 3440 3350 3125 3180 3165 3210]
[1970 2010 2385 2595 3195 3250 3290 3265] [3215 3650 3280 3215 3200 3115 3235 3280]
[1795 2140 2480 2925 3045 3315 3260 3310] [3035 3425 3310 3310 3125 3405 3375 3310]
[1785 2055 2505 2965 3140 3390 3210 3340] [3310 3405 3165 3440 3400 3030 3295 3345]
[1865 2080 2375 2835 3285 3240 3520 3310] [3610 3220 3300 3360 3395 3190 3450 3380]
COM3 1 8
0
[1925 1870 2090 2390 2820 3070 3250 3365] [3090 3410 3310 3310 3360 3310 3330 3150]
[1920 1960 2085 2590 2915 3140 3245 3280] [3260 3235 3250 3200 3205 3245 3395 3055]
[1705 1955 2265 2635 2980 3120 3320 3175] [3265 3265 3380 3270 3335 3055 3335 3210]
[1805 2020 2330 2675 3095 3205 3345 3265] [3380 3075 3425 3365 3295 3370 3190 3280]
[1970 2010 2385 2595 3195 3250 3290 3265] [3570 3410 3365 3255 3350 3355 3285 3415]
[1795 2140 2480 2925 3045 3315 3260 3310] [3330 3440 3510 3455 3320 3360 3330 3310]
[1785 2055 2505 2965 3140 3390 3210 3340] [3555 3670 3420 3435 3380 3315 3425 3350]
[1865 2080 2375 2835 3285 3240 3520 3310] [3395 3260 3495 3565 3450 3340 3390 3510]
COM7 0 9
0
[1280 1040 1300 1410 1895 2200 2270 2200] [3090 3410 3310 3310 3360 3310 3330 3150]
[1410 1350 1405 1600 1945 2170 2330 2480] [3260 3235 3250 3200 3205 3245 3395 3055]
[1185 1320 1495 1755 2375 2530 2360 2135] [3265 3265 3380 3270 3335 3055 3335 3210]
[1315 1260 1665 1965 2350 2190 2385 2505] [3380 3075 3425 3365 3295 3370 3190 3280]
[1345 1410 1675 1885 2395 2365 2400 2530] [3570 3410 3365 3255 3350 3355 3285 3415]
[1300 1330 1650 2020 2370 2595 2440 2260] [3330 3440 3510 3455 3320 3360 3330 3310]
[1285 1360 1560 2265 2225 2715 2325 2485] [3555 3670 3420 3435 3380 3315 3425 3350]
[1335 1490 1610 2155 2600 2565 2625 2390] [3395 3260 3495 3565 3450 3340 3390 3510]
COM3 1 10
0
[1280 1040 1300 1410 1895 2200 2270 2200] [3345 3435 3770 3790 3500 3370 3450 3540]
[1410 1350 1405 1600 1945 2170 2330 2480] [3405 3540 3750 3655 3480 3700 3465 3400]
[1185 1320 1495 1755 2375 2530 2360 2135] [3590 3595 3640 3610 3660 3600 3465 3485]
[1315 1260 1665 1965 2350 2190 2385 2505] [3660 3730 3620 3590 3720 3615 3370 3400]
[1345 1410 1675 1885 2395 2365 2400 2530] [3695 3720 3735 3405 3725 3475 3640 3690]
[1300 1330 1650 2020 2370 2595 2440 2260] [3560 3710 3840 3820 3630 3470 3770 3660]
[1285 1360 1560 2265 2225 2715 2325 2485] [3845 3995 4000 3685 3745 3785 3635 3715]
[1335 1490 1610 2155 2600 2565 2625 2390] [3885 3920 3770 4025 3525 3680 3530 3820]
COM7 0 11
0
[1855 1815 1825 2240 2480 2935 2905 3125] [3345 3435 3770 3790 3500 3370 3450 3540]
[2065 1775 2065 2475 2710 2975 3125 3110] [3405 3540 3750 3655 3480 3700 3465 3400]
[1670 1845 2035 2350 2515 2890 3385 3060] [3590 3595 3640 3610 3660 3600 3465 3485]
[1735 1760 2180 2465 3015 2985 3170 3270] [3660 3730 3620 3590 3720 3615 3370 3400]
[1900 1980 2240 2560 3025 2845 3215 3015] [3695 3720 3735 3405 3725 3475 3640 3690]
[1685 1935 2195 2805 2940 3270 3425 3045] [3560 3710 3840 3820 3630 3470 3770 3660]
[1700 2115 2105 2715 2810 3335 3185 3145] [3845 3995 4000 3685 3745 3785 3635 3715]
[1945 2115 2115 2490 3020 3050 3250 3345] [3885 3920 3770 4025 3525 3680 3530 3820]
COM3 1 12
0
[1855 1815 1825 2240 2480 2935 2905 3125] [3085 2890 2670 2685 2635 2680 2925 2965]
[2065 1775 2065 2475 2710 2975 3125 3110] [2990 2855 2775 2685 2785 2790 2670 2795]
[1670 1845 2035 2350 2515 2890 3385 3060] [2915 2935 2730 2730 2795 2875 2850 2730]
[1735 1760 2180 2465 3015 2985 3170 3270] [2965 2800 2955 2655 2720 2750 2695 2825]
[1900 1980 2240 2560 3025 2845 3215 3015] [2925 2870 2770 2655 2810 2885 2835 2875]
[1685 1935 2195 2805 2940 3270 3425 3045] [2740 3000 2795 2750 2950 2815 2920 2870]
[1700 2115 2105 2715 2810 3335 3185 3145] [2795 2840 2725 2810 2770 2620 2895 2940]
[1945 2115 2115 2490 3020 3050 3250 3345] [2810 2840 2750 2715 2720 2970 2810 2970]
COM7 0 13
0
[1610 1550 1765 2140 2385 2840 3175 3095] [3085 2890 2670 2685 2635 2680 2925 2965]
[1895 1755 1680 2095 2680 2920 2970 3190] [2990 2855 2775 2685 2785 2790 2670 2795]
[1475 1645 1840 2340 2685 3155 3235 3425] [2915 2935 2730 2730 2795 2875 2850 2730]
[1650 1640 1975 2325 2950 3080 3170 3095] [2965 2800 2955 2655 2720 2750 2695 2825]
[1775 1540 1965 2345 2975 2990 3345 3190] [2925 2870 2770 2655 2810 2885 2835 2875]
[1600 1595 2155 2315 2800 3245 3415 2995] [2740 3000 2795 2750 2950 2815 2920 2870]
[1610 1780 2055 2640 3130 3260 2975 3145] [2795 2840 2725 2810 2770 2620 2895 2940]
[1825 1755 2160 2680 3265 3375 3355 3120] [2810 2840 2750 2715 2720 2970 2810 2970]
COM3 1 14
0
[1610 1550 1765 2140 2385 2840 3175 3095] [3085 3190 3215 3075 2975 3000 3140 3135]
[1895 1755 1680 2095 2680 2920 2970 3190] [3190 3235 3065 3115 3190 3085 3000 2950]
[1475 1645 1840 2340 2685 3155 3235 3425] [3235 3225 2995 3040 3015 3045 3140 3095]
[1650 1640 1975 2325 2950 3080 3170 3095] [3090 3275 3195 3140 3190 3095 3210 3245]
[1775 1540 1965 2345 2975 2990 3345 3190] [3125 3010 3180 3265 3120 3185 3070 3130]
[1600 1595 2155 2315 2800 3245 3415 2995] [3175 3290 3175 3145 3110 3265 3255 3280]
[1610 1780 2055 2640 3130 3260 2975 3145] [3320 3245 3310 3230 3410 3100 3135 3240]
[1825 1755 2160 2680 3265 3375 3355 3120] [3260 3315 3100 3375 3260 3175 3140 3215]
COM7 0 15
0
[2055 1980 2045 2530 2975 3195 3655 3925] [3085 3190 3215 3075 2975 3000 3140 3135]
[1980 1885 2105 2380 3000 3585 3480 3735] [3190 3235 3065 3115 3190 3085 3000 2950]
[1705 1905 2180 2670 3270 3580 3720 3830] [3235 3225 2995 3040 3015 3045 3140 3095]
[1775 1780 2265 2670 3270 3600 3670 3695] [3090 3275 3195 3140 3190 3095 3210 3245]
[1985 2020 2240 2895 3375 3680 4015 4005] [3125 3010 3180 3265 3120 3185 3070 3130]
[1880 1995 2305 2855 3340 3455 3865 3870] [3175 3290 3175 3145 3110 3265 3255 3280]
[2055 2005 2260 3035 3515 3540 3525 3740] [3320 3245 3310 3230 3410 3100 3135 3240]
[2075 1940 2310 2735 3360 3975 3910 3770] [3260 3315 3100 3375 3260 3175 3140 3215]
COM3 1 16
0
[2055 1980 2045 2530 2975 3195 3655 3925] [3245 3370 3335 3210 3130 3445 3105 3265]
[1980 1885 2105 2380 3000 3585 3480 3735] [3385 3210 3190 3210 3110 3255 3145 3150]
[1705 1905 2180 2670 3270 3580 3720 3830] [3390 3415 3185 3040 3245 3115 3170 3055]
[1775 1780 2265 2670 3270 3600 3670 3695] [3260 3405 3475 3300 3175 3170 3255 3210]
[1985 2020 2240 2895 3375 3680 4015 4005] [3095 3180 3170 3215 3405 3400 3210 3355]
[1880 1995 2305 2855 3340 3455 3865 3870] [3310 3300 3350 3370 3120 3345 3380 3280]
[2055 2005 2260 3035 3515 3540 3525 3740] [3360 3565 3365 3420 3255 3335 3365 3330]
[2075 1940 2310 2735 3360 3975 3910 3770] [3700 3280 3250 3410 3395 3415 3455 3500]
COM7 0 17
0
[1985 1740 1880 2255 2450 2855 3015 2955] [3245 3370 3335 3210 3130 3445 3105 3265]
[2015 1860 1915 2200 2590 3025 2920 3190] [3385 3210 3190 3210 3110 3255 3145 3150]
[1640 1755 2030 2240 2575 2990 2855 3090] [3390 3415 3185 3040 3245 3115 3170 3055]
[1780 1880 1900 2435 2875 3050 2960 3070] [3260 3405 3475 3300 3175 3170 3255 3210]
[1760 1935 2020 2305 2805 2740 2970 3085] [3095 3180 3170 3215 3405 3400 3210 3355]
[1785 1780 2155 2360 2635 3085 3255 2980] [3310 3300 3350 3370 3120 3345 3380 3280]
[1835 1950 2160 2530 2680 3165 2815 3075] [3360 3565 3365 3420 3255 3335 3365 3330]
[1975 1850 1895 2395 2820 3250 3190 3105] [3700 3280 3250 3410 3395 3415 3455 3500]
COM3 1 18
0
[1985 1740 1880 2255 2450 2855 3015 2955] [3160 3270 3220 3195 3160 3060 3140 3245]
[2015 1860 1915 2200 2590 3025 2920 3190] [3055 3050 3130 3025 3035 3030 3175 3155]
[1640 1755 2030 2240 2575 2990 2855 3090] [3310 3145 3180 3040 3080 3110 3185 3095]
[1780 1880 1900 2435 2875 3050 2960 3070] [3145 3075 3150 3085 3115 3350 3230 3110]
[1760 1935 2020 2305 2805 2740 2970 3085] [3310 3410 3155 3060 3195 3095 3095 3130]
[1785 1780 2155 2360 2635 3085 3255 2980] [3395 3140 3175 3195 3305 3035 3310 3125]
[1835 1950 2160 2530 2680 3165 2815 3075] [3500 3550 3375 3050 3345 3445 3135 3415]
[1975 1850 1895 2395 2820 3250 3190 3105] [3385 3185 3315 3275 3360 3325 3275 3265]
COM7 0 19
0
[1485 1445 1535 1855 2250 2570 2820 2850] [3160 3270 3220 3195 3160 3060 3140 3245]
[1720 1485 1455 1850 2445 2605 2760 2885] [3055 3050 3130 3025 3035 3030 3175 3155]
[1545 1605 1610 1985 2290 2815 2790 2835] [3310 3145 3180 3040 3080 3110 3185 3095]
[1560 1505 1715 1960 2490 2960 2985 2580] [3145 3075 3150 3085 3115 3350 3230 3110]
[1515 1550 1835 2005 2425 2710 3145 3010] [3310 3410 3155 3060 3195 3095 3095 3130]
[1460 1610 1855 2045 2265 3070 2750 2620] [3395 3140 3175 3195 3305 3035 3310 3125]
[1665 1585 1700 1835 2460 2955 2950 3000] [3500 3550 3375 3050 3345 3445 3135 3415]
[1825 1660 1775 1905 2360 2955 3150 3015] [3385 3185 3315 3275 3360 3325 3275 3265]
COM3 1 20
0
[1485 1445 1535 1855 2250 2570 2820 2850] [3405 3250 3355 3125 3305 3330 3245 3400]
[1720 1485 1455 1850 2445 2605 2760 2885] [3400 3275 3355 3280 3115 3400 3245 3165]
[1545 1605 1610 1985 2290 2815 2790 2835] [3420 3370 3385 3250 3440 2965 3320 3255]
[1560 1505 1715 1960 2490 2960 2985 2580] [3300 3370 3340 3410 3400 3285 3255 3320]
[1515 1550 1835 2005 2425 2710 3145 3010] [3330 3305 3415 3210 3170 3430 3340 3370]
[1460 1610 1855 2045 2265 3070 2750 2620] [3405 3455 3345 3490 3255 3170 3420 3330]
[1665 1585 1700 1835 2460 2955 2950 3000] [3305 3560 3390 3415 3235 3475 3270 3370]
[1825 1660 1775 1905 2360 2955 3150 3015] [3400 3785 3400 3335 3430 3435 3475 3435]
COM7 0 21
0
[1650 1355 1380 1660 2100 2515 2910 2665] [3405 3250 3355 3125 3305 3330 3245 3400]
[1650 1430 1490 1595 2210 2570 2670 2625] [3400 3275 3355 3280 3115 3400 3245 3165]
[1460 1475 1460 1905 2250 2605 2955 2695] [3420 3370 3385 3250 3440 2965 3320 3255]
[1450 1390 1540 1820 2540 2650 2845 2935] [3300 3370 3340 3410 3400 3285 3255 3320]
[1685 1410 1530 1845 2360 2620 2840 2735] [3330 3305 3415 3210 3170 3430 3340 3370]
[1490 1410 1640 1745 2485 3100 3025 2620] [3405 3455 3345 3490 3255 3170 3420 3330]
[1585 1570 1580 1980 2150 2610 2675 2900] [3305 3560 3390 3415 3235 3475 3270 3370]
[1840 1555 1570 1800 2210 2750 2975 2935] [3400 3785 3400 3335 3430 3435 3475 3435]
COM3 1 22
0
[1650 1355 1380 1660 2100 2515 2910 2665] [2990 3375 3395 3070 3205 3075 3200 3340]
[1650 1430 1490 1595 2210 2570 2670 2625] [3190 3235 3315 3165 3110 3295 3145 3185]
[1460 1475 1460 1905 2250 2605 2955 2695] [3190 3050 3240 3110 3225 3055 3090 3085]
[1450 1390 1540 1820 2540 2650 2845 2935] [3315 3280 3225 3260 3260 3240 3260 3050]
[1685 1410 1530 1845 2360 2620 2840 2735] [3210 3055 3195 3095 3270 3215 3270 3280]
[1490 1410 1640 1745 2485 3100 3025 2620] [3260 3320 3155 3225 3125 3065 3250 3235]
[1585 1570 1580 1980 2150 2610 2675 2900] [3205 3465 3155 3155 3440 3220 3335 3245]
[1840 1555 1570 1800 2210 2750 2975 2935] [3335 3435 3450 3410 3355 3335 3260 3510]
COM7 0 23
0
[1435 1095 1010 1305 1570 2045 2525 2395] [2990 3375 3395 3070 3205 3075 3200 3340]
[1480 1280 1045 1150 1565 2085 2380 2350] [3190 3235 3315 3165 3110 3295 3145 3185]
[1305 1115 1150 1365 1540 2375 2500 2655] [3190 3050 3240 3110 3225 3055 3090 3085]
[1385 1170 1175 1240 1815 2505 2655 2415] [3315 3280 3225 3260 3260 3240 3260 3050]
[1335 1160 1260 1320 1715 2165 2985 2765] [3210 3055 3195 3095 3270 3215 3270 3280]
[1460 1110 1275 1320 1635 2260 2615 2365] [3260 3320 3155 3225 3125 3065 3250 3235]
[1585 1240 1090 1220 1650 2380 2395 2445] [3205 3465 3155 3155 3440 3220 3335 3245]
[1445 1275 1050 1110 1780 2515 2760 2495] [3335 3435 3450 3410 3355 3335 3260 3510]
COM3 1 24
0
[1435 1095 1010 1305 1570 2045 2525 2395] [3355 3285 3260 3200 3370 3290 3145 3220]
[1480 1280 1045 1150 1565 2085 2380 2350] [3310 3295 3405 3215 3110 3305 3175 3245]
[1305 1115 1150 1365 1540 2375 2500 2655] [3240 3370 3200 3320 3420 3270 3215 3325]
[1385 1170 1175 1240 1815 2505 2655 2415] [3270 3280 3235 3385 3270 3330 3330 3295]
[1335 1160 1260 1320 1715 2165 2985 2765] [3430 3310 3295 3180 3380 3450 3330 3250]
[1460 1110 1275 1320 1635 2260 2615 2365] [3170 3240 3485 3455 3280 3300 3395 3215]
[1585 1240 1090 1220 1650 2380 2395 2445] [3205 3465 3605 3375 3375 3480 3300 3335]
[1445 1275 1050 1110 1780 2515 2760 2495] [3235 3345 3355 3355 3280 3220 3225 3475]
COM7 0 25
0
[1885 1560 1560 1685 1995 2495 2930 2790] [3355 3285 3260 3200 3370 3290 3145 3220]
[2005 1725 1580 1795 2185 2610 2965 2950] [3310 3295 3405 3215 3110 3305 3175 3245]
[1670 1660 1755 1705 2020 2695 3040 2995] [3240 3370 3200 3320 3420 3270 3215 3325]
[1720 1565 1725 1695 2305 2440 2905 3085] [3270 3280 3235 3385 3270 3330 3330 3295]
[1940 1650 1635 1715 2215 2575 3075 3055] [3430 3310 3295 3180 3380 3450 3330 3250]
[1755 1720 1840 1970 2050 2780 3160 3055] [3170 3240 3485 3455 3280 3300 3395 3215]
[2250 1690 1800 1765 1995 2315 3010 3000] [3205 3465 3605 3375 3375 3480 3300 3335]
[2320 1655 1670 1850 1945 2700 3055 3120] [3235 3345 3355 3355 3280 3220 3225 3475]
COM3 1 26
0
[1885 1560 1560 1685 1995 2495 2930 2790] [2915 2955 2940 2845 2945 2855 2915 2870]
[2005 1725 1580 1795 2185 2610 2965 2950] [3075 2850 2945 2845 2865 2935 2865 2895]
[1670 1660 1755 1705 2020 2695 3040 2995] [3270 3035 2815 2930 3020 2950 2945 2830]
[1720 1565 1725 1695 2305 2440 2905 3085] [3115 3065 3060 3095 2795 2820 3050 2880]
[1940 1650 1635 1715 2215 2575 3075 3055] [3195 3055 2985 2920 2980 3045 3120 3030]
[1755 1720 1840 1970 2050 2780 3160 3055] [2885 2985 2920 3140 3005 3085 3005 3025]
[2250 1690 1800 1765 1995 2315 3010 3000] [3195 3155 3075 2990 2950 3115 3215 3315]
[2320 1655 1670 1850 1945 2700 3055 3120] [3150 3120 3070 3130 3175 2860 3195 3145]
COM7 0 27
0
[2460 2045 2110 2390 2780 3255 3640 3640] [2915 2955 2940 2845 2945 2855 2915 2870]
[2325 2385 2200 2410 2590 3300 3615 3730] [3075 2850 2945 2845 2865 2935 2865 2895]
[2225 2030 2185 2415 2595 3155 3475 3675] [3270 3035 2815 2930 3020 2950 2945 2830]
[2315 2175 2220 2295 2720 3205 3555 3600] [3115 3065 3060 3095 2795 2820 3050 2880]
[2330 2315 2175 2370 2685 2915 3785 3470] [3195 3055 2985 2920 2980 3045 3120 3030]
[2265 2385 2095 2365 2445 3195 3650 3925] [2885 2985 2920 3140 3005 3085 3005 3025]
[2355 2410 2160 2400 2670 3255 3325 3715] [3195 3155 3075 2990 2950 3115 3215 3315]
[2560 2450 2500 2305 2560 3100 3345 3655] [3150 3120 3070 3130 3175 2860 3195 3145]
COM3 1 28
0
[2460 2045 2110 2390 2780 3255 3640 3640] [2900 2870 2705 2650 2625 2670 2830 2940]
[2325 2385 2200 2410 2590 3300 3615 3730] [3125 2825 2865 2545 2645 2865 2665 2730]
[2225 2030 2185 2415 2595 3155 3475 3675] [2950 2935 2805 2630 2905 2775 2845 2875]
[2315 2175 2220 2295 2720 3205 3555 3600] [2870 3255 2740 2580 2580 2750 2985 2735]
[2330 2315 2175 2370 2685 2915 3785 3470] [3125 3135 2875 2575 2730 2915 2950 3005]
[2265 2385 2095 2365 2445 3195 3650 3925] [2885 2905 2795 2765 2790 2740 2855 2830]
[2355 2410 2160 2400 2670 3255 3325 3715] [3105 3105 2945 2790 2965 2840 3005 3005]
[2560 2450 2500 2305 2560 3100 3345 3655] [3125 3015 3100 2870 2990 2740 2970 2910]
COM7 0 29
0
[2580 1925 1680 2060 2320 2680 3085 3200] [2900 2870 2705 2650 2625 2670 2830 2940]
[2530 2095 1790 1985 2285 2650 2790 3095] [3125 2825 2865 2545 2645 2865 2665 2730]
[2000 1885 1900 2070 2235 2615 3110 2945] [2950 2935 2805 2630 2905 2775 2845 2875]
[2305 2110 1935 2045 2225 2530 3060 3195] [2870 3255 2740 2580 2580 2750 2985 2735]
[2505 1925 2010 1860 2360 2460 2995 3200] [3125 3135 2875 2575 2730 2915 2950 3005]
[2315 2065 2080 1950 2100 2570 3000 3300] [2885 2905 2795 2765 2790 2740 2855 2830]
[2175 2175 2120 2060 2295 2805 2845 3145] [3105 3105 2945 2790 2965 2840 3005 3005]
[2695 2090 1940 2020 2225 2745 3080 3465] [3125 3015 3100 2870 2990 2740 2970 2910]
COM3 1 30
0
[2580 1925 1680 2060 2320 2680 3085 3200] [3155 3110 3265 3145 3015 3190 3135 3145]
[2530 2095 1790 1985 2285 2650 2790 3095] [3235 3210 3110 3205 3040 3125 3095 3110]
[2000 1885 1900 2070 2235 2615 3110 2945] [3455 3210 3260 3055 3285 2945 2940 3055]
[2305 2110 1935 2045 2225 2530 3060 3195] [3285 3205 3345 3300 3115 3220 3325 3245]
[2505 1925 2010 1860 2360 2460 2995 3200] [3225 3060 3040 2920 3215 3215 3125 3190]
[2315 2065 2080 1950 2100 2570 3000 3300] [3125 3275 3360 3065 3200 3390 3310 3280]
[2175 2175 2120 2060 2295 2805 2845 3145] [3205 3165 3285 3050 2845 3255 3060 3390]
[2695 2090 1940 2020 2225 2745 3080 3465] [3505 3375 3385 3280 2985 3305 3435 3305]
COM7 0 31
0
[2210 1745 1540 1530 1670 2200 2670 2785] [3155 3110 3265 3145 3015 3190 3135 3145]
[2320 1895 1490 1575 1735 2100 2535 2735] [3235 3210 3110 3205 3040 3125 3095 3110]
[2455 1750 1425 1510 1560 1950 2705 3250] [3455 3210 3260 3055 3285 2945 2940 3055]
[2085 1585 1530 1445 1820 2015 2570 2740] [3285 3205 3345 3300 3115 3220 3325 3245]
[2380 1570 1580 1455 1845 2075 2865 2650] [3225 3060 3040 2920 3215 3215 3125 3190]
[2265 2035 1720 1450 1570 2085 2665 3090] [3125 3275 3360 3065 3200 3390 3310 3280]
[2510 2220 1825 1660 1400 2115 2715 2985] [3205 3165 3285 3050 2845 3255 3060 3390]
[2600 2170 1750 1540 1570 2135 3085 2800] [3505 3375 3385 3280 2985 3305 3435 3305]
COM3 1 32
0
[2210 1745 1540 1530 1670 2200 2670 2785] [3270 3245 3125 3260 3415 3225 3085 3335]
[2320 1895 1490 1575 1735 2100 2535 2735] [3320 3150 3245 3200 3045 3260 3310 3190]
[2455 1750 1425 1510 1560 1950 2705 3250] [2965 3205 3195 3155 3280 3160 3220 3200]
[2085 1585 1530 1445 1820 2015 2570 2740] [3100 3310 3310 3355 3190 3215 3315 3170]
[2380 1570 1580 1455 1845 2075 2865 2650] [3340 3130 3385 3145 3300 3195 3290 3330]
[2265 2035 1720 1450 1570 2085 2665 3090] [3255 3135 3230 3350 3230 3325 3350 3365]
[2510 2220 1825 1660 1400 2115 2715 2985] [2970 3440 3150 3185 3250 3180 3345 3275]
[2600 2170 1750 1540 1570 2135 3085 2800] [3350 3410 3255 3325 3360 3150 3290 3475]
COM7 0 33
0
[2720 2505 2135 2365 2490 2850 3355 3575] [3270 3245 3125 3260 3415 3225 3085 3335]
[2515 2560 2235 2265 2365 2810 3345 3780] [3320 3150 3245 3200 3045 3260 3310 3190]
[2525 2295 2270 2190 2420 2970 3370 3680] [2965 3205 3195 3155 3280 3160 3220 3200]
[2480 2390 2370 2165 2405 2830 3190 3680] [3100 3310 3310 3355 3190 3215 3315 3170]
[2850 2195 2350 2150 2400 2685 3215 3815] [3340 3130 3385 3145 3300 3195 3290 3330]
[2565 2360 2265 2240 2245 2690 3380 3385] [3255 3135 3230 3350 3230 3325 3350 3365]
[2895 2410 2270 2355 2385 2740 3350 3390] [2970 3440 3150 3185 3250 3180 3345 3275]
[3090 2645 2330 2370 2375 2850 3660 3515] [3350 3410 3255 3325 3360 3150 3290 3475]
COM3 1 34
0
[2720 2505 2135 2365 2490 2850 3355 3575] [3065 2865 2835 2590 2725 2735 2750 2900]
[2515 2560 2235 2265 2365 2810 3345 3780] [3150 3015 2870 2720 2680 2860 2825 2900]
[2525 2295 2270 2190 2420 2970 3370 3680] [3055 2930 2890 2875 2895 2570 2815 2745]
[2480 2390 2370 2165 2405 2830 3190 3680] [3000 3075 2875 2750 2770 2730 2790 2725]
[2850 2195 2350 2150 2400 2685 3215 3815] [3045 3070 2915 2685 2855 2775 2925 2940]
[2565 2360 2265 2240 2245 2690 3380 3385] [3205 3055 2935 2860 2935 2915 2925 2930]
[2895 2410 2270 2355 2385 2740 3350 3390] [3100 3100 3150 2900 2810 2705 3015 2965]
[3090 2645 2330 2370 2375 2850 3660 3515] [3020 3205 3050 3120 3025 2890 2750 3005]
COM7 0 35
0
[2890 2225 2105 1925 2315 2590 3115 3380] [3065 2865 2835 2590 2725 2735 2750 2900]
[2745 2505 2065 1990 2200 2450 3020 3190] [3150 3015 2870 2720 2680 2860 2825 2900]
[2600 2310 2030 2095 2020 2390 2955 3265] [3055 2930 2890 2875 2895 2570 2815 2745]
[2685 2115 2215 2020 2145 2515 3075 3515] [3000 3075 2875 2750 2770 2730 2790 2725]
[2650 2285 2280 1880 2300 2460 2970 3335] [3045 3070 2915 2685 2855 2775 2925 2940]
[2630 2285 2280 2085 1915 2400 2975 3170] [3205 3055 2935 2860 2935 2915 2925 2930]
[2900 2505 2290 2070 2185 2345 2810 3440] [3100 3100 3150 2900 2810 2705 3015 2965]
[3105 2460 2310 2115 2340 2450 3095 3290] [3020 3205 3050 3120 3025 2890 2750 3005]
COM3 1 36
0
[2890 2225 2105 1925 2315 2590 3115 3380] [2970 3030 3085 3010 3130 2990 3215 3245]
[2745 2505 2065 1990 2200 2450 3020 3190] [3025 3050 3220 2945 2975 3115 3095 2945]
[2600 2310 2030 2095 2020 2390 2955 3265] [2995 3210 3265 3050 3070 3190 3105 3035]
[2685 2115 2215 2020 2145 2515 3075 3515] [3310 3060 3055 3045 3110 3120 3090 3035]
[2650 2285 2280 1880 2300 2460 2970 3335] [3125 3220 3190 3145 3165 2980 3125 3090]
[2630 2285 2280 2085 1915 2400 2975 3170] [3255 3405 3345 3180 3235 3130 3160 3265]
[2900 2505 2290 2070 2185 2345 2810 3440] [3030 3340 3245 3065 3485 3105 3205 2995]
[3105 2460 2310 2115 2340 2450 3095 3290] [3170 3455 3270 3715 3255 3085 3260 3450]
COM7 0 37
0
[2715 2115 1925 1780 1705 1875 2295 2680] [2970 3030 3085 3010 3130 2990 3215 3245]
[2850 2345 1800 1560 1795 1935 2405 2785] [3025 3050 3220 2945 2975 3115 3095 2945]
[2580 2035 2070 1715 1725 1985 2360 2745] [2995 3210 3265 3050 3070 3190 3105 3035]
[2605 1910 1835 1675 1705 1995 2425 2685] [3310 3060 3055 3045 3110 3120 3090 3035]
[2800 2105 1965 1570 1875 1940 2360 2570] [3125 3220 3190 3145 3165 2980 3125 3090]
[2415 2340 2105 1910 1705 1765 2270 2560] [3255 3405 3345 3180 3235 3130 3160 3265]
[2830 2530 2000 2005 1790 2070 2235 2545] [3030 3340 3245 3065 3485 3105 3205 2995]
[3135 2455 2235 1680 1630 2160 2410 2460] [3170 3455 3270 3715 3255 3085 3260 3450]
COM3 1 38
0
[2715 2115 1925 1780 1705 1875 2295 2680] [3070 3420 3675 3620 3725 3735 3420 3500]
[2850 2345 1800 1560 1795 1935 2405 2785] [3115 3390 3470 3560 3565 3660 3510 3545]
[2580 2035 2070 1715 1725 1985 2360 2745] [3220 3275 3690 3650 3635 3705 3690 3520]
[2605 1910 1835 1675 1705 1995 2425 2685] [3140 3345 3600 3575 3630 3525 3715 3435]
[2800 2105 1965 1570 1875 1940 2360 2570] [3125 3420 3630 3635 3540 3675 3715 3660]
[2415 2340 2105 1910 1705 1765 2270 2560] [3035 3360 3345 3610 3625 3545 3670 3875]
[2830 2530 2000 2005 1790 2070 2235 2545] [3130 3570 3500 3675 3740 3715 3735 3860]
[3135 2455 2235 1680 1630 2160 2410 2460] [3055 3355 3675 3760 3750 3810 3720 3725]
COM7 0 39
0
[2865 2590 2235 1950 1740 1545 1815 2105] [3070 3420 3675 3620 3725 3735 3420 3500]
[3000 2800 2135 1955 1700 1655 1920 2395] [3115 3390 3470 3560 3565 3660 3510 3545]
[2765 2520 2070 1750 1575 1610 1895 2370] [3220 3275 3690 3650 3635 3705 3690 3520]
[2595 2425 1980 1635 1745 1670 1950 2295] [3140 3345 3600 3575 3630 3525 3715 3435]
[2780 2360 1915 1605 1625 1615 2060 2520] [3125 3420 3630 3635 3540 3675 3715 3660]
[2765 2510 2190 1780 1695 1775 2120 2435] [3035 3360 3345 3610 3625 3545 3670 3875]
[2895 2550 2115 1840 1650 1690 1855 2310] [3130 3570 3500 3675 3740 3715 3735 3860]
[3050 2725 2160 2000 1755 1775 2125 2415] [3055 3355 3675 3760 3750 3810 3720 3725]
COM3 1 40
0
[2865 2590 2235 1950 1740 1545 1815 2105] [3010 3045 3100 2830 2775 2750 2720 2990]
[3000 2800 2135 1955 1700 1655 1920 2395] [2865 3045 3005 2920 2930 2955 2900 2945]
[2765 2520 2070 1750 1575 1610 1895 2370] [3075 3075 2960 2870 2940 2935 3045 2990]
[2595 2425 1980 1635 1745 1670 1950 2295] [3045 3075 3135 2905 2925 2995 2880 3005]
[2780 2360 1915 1605 1625 1615 2060 2520] [2925 3010 3070 2895 2890 2825 3105 2975]
[2765 2510 2190 1780 1695 1775 2120 2435] [3025 3085 2940 3220 3115 2860 3175 3190]
[2895 2550 2115 1840 1650 1690 1855 2310] [2925 3330 3125 3070 3005 2965 3125 3135]
[3050 2725 2160 2000 1755 1775 2125 2415] [2860 3070 3100 2940 3225 3000 3175 3015]
COM7 0 41
0
[2995 2860 2495 2220 1875 1705 1720 1785] [3010 3045 3100 2830 2775 2750 2720 2990]
[2875 2790 2310 2155 1770 1520 1670 1905] [2865 3045 3005 2920 2930 2955 2900 2945]
[2785 2475 2360 1875 1645 1625 1820 2205] [3075 3075 2960 2870 2940 2935 3045 2990]
[2545 2430 2195 1825 1745 1660 1885 2220] [3045 3075 3135 2905 2925 2995 2880 3005]
[2925 2420 1945 1720 1745 1690 2215 2525] [2925 3010 3070 2895 2890 2825 3105 2975]
[2785 2470 2140 1760 1695 1795 2120 2395] [3025 3085 2940 3220 3115 2860 3175 3190]
[3030 2670 1960 2035 1815 1695 1920 2605] [2925 3330 3125 3070 3005 2965 3125 3135]
[2930 2670 2380 2105 1610 1780 2220 2500] [2860 3070 3100 2940 3225 3000 3175 3015]
COM3 1 42
0
[2995 2860 2495 2220 1875 1705 1720 1785] [2970 3230 3410 3050 3065 3145 3140 3200]
[2875 2790 2310 2155 1770 1520 1670 1905] [2770 3275 3290 3180 3155 3135 3155 3105]
[2785 2475 2360 1875 1645 1625 1820 2205] [3095 3250 3185 3170 3135 3055 3135 3220]
[2545 2430 2195 1825 1745 1660 1885 2220] [2915 3185 3220 3085 3250 3145 3225 3210]
[2925 2420 1945 1720 1745 1690 2215 2525] [2915 3225 3330 2995 3240 3200 3210 3170]
[2785 2470 2140 1760 1695 1795 2120 2395] [2610 3245 3125 3250 3250 3195 3315 3115]
[3030 2670 1960 2035 1815 1695 1920 2605] [2960 3170 3230 3295 3160 3315 3200 3415]
[2930 2670 2380 2105 1610 1780 2220 2500] [2810 3120 3530 3360 3215 3280 3290 3420]
COM7 0 43
0
[2895 2570 2415 2290 1845 1580 1730 1775] [2970 3230 3410 3050 3065 3145 3140 3200]
[2770 2825 2385 2255 1725 1580 1700 1825] [2770 3275 3290 3180 3155 3135 3155 3105]
[2850 2415 2220 1855 1570 1665 1690 2020] [3095 3250 3185 3170 3135 3055 3135 3220]
[2530 2560 2090 1730 1670 1670 1720 2020] [2915 3185 3220 3085 3250 3145 3225 3210]
[2765 2410 2125 1800 1680 1630 1965 2195] [2915 3225 3330 2995 3240 3200 3210 3170]
[2775 2485 2160 1985 1615 1675 1870 2250] [2610 3245 3125 3250 3250 3195 3315 3115]
[2970 2845 2345 1950 1825 1715 1860 2450] [2960 3170 3230 3295 3160 3315 3200 3415]
[3110 2835 2215 2015 1815 1705 2135 2350] [2810 3120 3530 3360 3215 3280 3290 3420]
COM3 1 44
0
[2895 2570 2415 2290 1845 1580 1730 1775] [2780 2945 3205 3075 3170 3060 3065 3020]
[2770 2825 2385 2255 1725 1580 1700 1825] [2850 3045 3180 2970 3045 3175 3135 3110]
[2850 2415 2220 1855 1570 1665 1690 2020] [2790 3085 3060 3195 3210 2985 3085 3060]
[2530 2560 2090 1730 1670 1670 1720 2020] [2785 2870 3285 3010 3200 3090 3335 3130]
[2765 2410 2125 1800 1680 1630 1965 2195] [2775 3235 3195 3060 3120 3015 3070 3130]
[2775 2485 2160 1985 1615 1675 1870 2250] [2670 3025 3280 3260 3115 3180 3200 3330]
[2970 2845 2345 1950 1825 1715 1860 2450] [2900 3270 3155 3205 3160 3100 3035 3175]
[3110 2835 2215 2015 1815 1705 2135 2350] [2875 3260 3225 3265 3160 3085 3250 3225]
COM7 0 45
0
[2935 2900 2785 2410 1985 1630 1790 1810] [2780 2945 3205 3075 3170 3060 3065 3020]
[2965 3090 2425 2340 1815 1615 1660 2045] [2850 3045 3180 2970 3045 3175 3135 3110]
[2995 2895 2380 2070 1680 1670 1720 2060] [2790 3085 3060 3195 3210 2985 3085 3060]
[2965 2640 2415 1905 1825 1650 1825 2040] [2785 2870 3285 3010 3200 3090 3335 3130]
[2930 2720 2290 1885 1920 1565 2005 2260] [2775 3235 3195 3060 3120 3015 3070 3130]
[3055 2980 2545 2095 1780 1815 2015 2095] [2670 3025 3280 3260 3115 3180 3200 3330]
[3030 2830 2505 2185 1820 1650 1675 2300] [2900 3270 3155 3205 3160 3100 3035 3175]
[3210 3090 2640 2295 1835 1780 1960 2190] [2875 3260 3225 3265 3160 3085 3250 3225]
COM3 1 46
0
[2935 2900 2785 2410 1985 1630 1790 1810] [2645 3155 3125 3185 3275 3290 3335 3250]
[2965 3090 2425 2340 1815 1615 1660 2045] [2570 3050 3375 3130 3185 3190 3280 3140]
[2995 2895 2380 2070 1680 1670 1720 2060] [2670 3370 3405 3215 3295 3050 3220 3095]
[2965 2640 2415 1905 1825 1650 1825 2040] [3020 3060 3185 3215 3245 3205 3150 3130]
[2930 2720 2290 1885 1920 1565 2005 2260] [2930 3285 3250 3160 3295 3235 3250 3190]
[3055 2980 2545 2095 1780 1815 2015 2095] [2775 3135 3320 3235 3120 3300 3250 3430]
[3030 2830 2505 2185 1820 1650 1675 2300] [3035 3325 3355 3360 3430 3465 3375 3390]
[3210 3090 2640 2295 1835 1780 1960 2190] [2850 3305 3360 3415 3535 3070 3370 3425]
COM7 0 47
0
[2835 2880 2825 2705 2325 1740 1620 1580] [2645 3155 3125 3185 3275 3290 3335 3250]
[2880 2935 2805 2570 2215 1755 1685 1575] [2570 3050 3375 3130 3185 3190 3280 3140]
[2815 2965 2770 2440 1790 1625 1640 1525] [2670 3370 3405 3215 3295 3050 3220 3095]
[3065 2830 2845 2395 2110 1685 1615 1570] [3020 3060 3185 3215 3245 3205 3150 3130]
[2915 2715 2815 2510 1970 1650 1690 1575] [2930 3285 3250 3160 3295 3235 3250 3190]
[2790 2980 2835 2690 1980 1780 1645 1535] [2775 3135 3320 3235 3120 3300 3250 3430]
[2960 3195 3015 2590 2105 1905 1630 1595] [3035 3325 3355 3360 3430 3465 3375 3390]
[3115 2985 2975 2545 2200 1875 1745 1640] [2850 3305 3360 3415 3535 3070 3370 3425]
COM3 1 48
0
[2835 2880 2825 2705 2325 1740 1620 1580] [2480 2810 3240 3160 3080 3335 3225 3155]
[2880 2935 2805 2570 2215 1755 1685 1575] [2350 2960 3425 3105 3175 3280 3310 3120]
[2815 2965 2770 2440 1790 1625 1640 1525] [2380 3010 3320 3045 3235 3050 3205 3160]
[3065 2830 2845 2395 2110 1685 1615 1570] [2700 3020 3175 3090 3210 3120 3095 3125]
[2915 2715 2815 2510 1970 1650 1690 1575] [2825 3185 3475 3090 3215 3275 3280 3085]
[2790 2980 2835 2690 1980 1780 1645 1535] [2605 3395 3305 3335 3120 3475 3295 3320]
[2960 3195 3015 2590 2105 1905 1630 1595] [2775 3240 3230 3180 3170 3110 3215 3340]
[3115 2985 2975 2545 2200 1875 1745 1640] [2990 3400 3160 3320 3095 3175 3225 3215]
COM7 0 49
0
[2925 2810 2860 2965 2760 2395 1980 1575] [2480 2810 3240 3160 3080 3335 3225 3155]
[2965 3085 2880 3070 2750 2310 1765 1660] [2350 2960 3425 3105 3175 3280 3310 3120]
[2925 3085 3000 2855 2515 2155 1885 1645] [2380 3010 3320 3045 3235 3050 3205 3160]
[2930 2990 2895 2895 2580 2125 1765 1590] [2700 3020 3175 3090 3210 3120 3095 3125]
[3020 2995 2915 2820 2665 2165 1975 1735] [2825 3185 3475 3090 3215 3275 3280 3085]
[2975 2810 3210 3065 2545 2320 1975 1625] [2605 3395 3305 3335 3120 3475 3295 3320]
[3085 3065 2990 2935 2880 2300 1930 1690] [2775 3240 3230 3180 3170 3110 3215 3340]
[3110 3310 2990 3150 2735 2555 2125 1690] [2990 3400 3160 3320 3095 3175 3225 3215]
COM3 1 50
0
[2925 2810 2860 2965 2760 2395 1980 1575] [2295 2555 3070 3150 3375 3165 3025 3115]
[2965 3085 2880 3070 2750 2310 1765 1660] [2220 2580 3120 3175 3105 3340 3235 2960]
[2925 3085 3000 2855 2515 2155 1885 1645] [2260 2625 3190 3210 3410 3050 3095 3230]
[2930 2990 2895 2895 2580 2125 1765 1590] [2530 2810 3245 3215 3245 3085 3170 3035]
[3020 2995 2915 2820 2665 2165 1975 1735] [2595 2940 3435 3245 3210 3160 3225 3185]
[2975 2810 3210 3065 2545 2320 1975 1625] [2380 3065 3300 3085 2960 3100 3195 3115]
[3085 3065 2990 2935 2880 2300 1930 1690] [2775 3155 3440 3360 3400 3090 3295 3275]
[3110 3310 2990 3150 2735 2555 2125 1690] [2875 3500 3355 3345 3525 3190 3315 3135]
COM7 0 51
0
[2825 2800 2920 2940 2920 2715 2325 1760] [2295 2555 3070 3150 3375 3165 3025 3115]
[2920 2925 2875 2940 2870 2590 2085 1860] [2220 2580 3120 3175 3105 3340 3235 2960]
[2700 2960 3015 2850 2865 2510 2085 1705] [2260 2625 3190 3210 3410 3050 3095 3230]
[3045 2835 3070 2955 2935 2470 2080 1795] [2530 2810 3245 3215 3245 3085 3170 3035]
[2965 3105 3080 3010 2865 2450 2205 1735] [2595 2940 3435 3245 3210 3160 3225 3185]
[2940 3060 3115 3065 2770 2600 2475 1780] [2380 3065 3300 3085 2960 3100 3195 3115]
[2905 3000 2995 3165 2900 2615 2215 1965] [2775 3155 3440 3360 3400 3090 3295 3275]
[3080 3090 2945 3170 3135 2945 2500 1835] [2875 3500 3355 3345 3525 3190 3315 3135]
COM3 1 52
0
[2825 2800 2920 2940 2920 2715 2325 1760] [2345 2665 3065 3070 3325 2935 3025 3135]
[2920 2925 2875 2940 2870 2590 2085 1860] [2155 2485 2955 3000 2925 3055 3000 3020]
[2700 2960 3015 2850 2865 2510 2085 1705] [2155 2640 3090 3055 3085 3055 3040 3085]
[3045 2835 3070 2955 2935 2470 2080 1795] [2285 2795 3030 2980 3105 3010 3000 2895]
[2965 3105 3080 3010 2865 2450 2205 1735] [2420 2995 3385 2940 3030 3015 3010 3190]
[2940 3060 3115 3065 2770 2600 2475 1780] [2430 3135 3110 3170 3065 3175 3170 3195]
[2905 3000 2995 3165 2900 2615 2215 1965] [2820 3125 3365 3245 3225 3110 3215 3170]
[3080 3090 2945 3170 3135 2945 2500 1835] [2710 3045 3155 3220 3085 2990 3170 3105]
COM7 0 53
0
[2795 2770 2725 2935 2900 2905 2745 2155] [2345 2665 3065 3070 3325 2935 3025 3135]
[2840 3070 2850 2880 2930 3005 2460 2005] [2155 2485 2955 3000 2925 3055 3000 3020]
[2740 2710 2835 2925 2925 2905 2370 1895] [2155 2640 3090 3055 3085 3055 3040 3085]
[2760 2945 3030 2985 2740 2715 2325 1795] [2285 2795 3030 2980 3105 3010 3000 2895]
[2975 2915 3060 2805 2845 2625 2360 1850] [2420 2995 3385 2940 3030 3015 3010 3190]
[2945 2940 3205 3095 2935 2795 2475 1840] [2430 3135 3110 3170 3065 3175 3170 3195]
[2825 3040 2945 2960 2970 2990 2600 2200] [2820 3125 3365 3245 3225 3110 3215 3170]
[3025 2955 2975 3135 3100 3125 2710 2275] [2710 3045 3155 3220 3085 2990 3170 3105]
COM3 1 54
0
[2795 2770 2725 2935 2900 2905 2745 2155] [2225 2765 2905 2900 3160 3145 3245 3320]
[2840 3070 2850 2880 2930 3005 2460 2005] [2110 2540 2855 3160 2995 3180 3095 3110]
[2740 2710 2835 2925 2925 2905 2370 1895] [2115 2485 3090 3055 3315 3050 3215 3055]
[2760 2945 3030 2985 2740 2715 2325 1795] [2375 2715 3260 3235 3105 3240 3090 3200]
[2975 2915 3060 2805 2845 2625 2360 1850] [2385 2920 3310 3125 3235 3135 3280 3250]
[2945 2940 3205 3095 2935 2795 2475 1840] [2360 3095 3210 3290 3295 3185 3270 3265]
[2825 3040 2945 2960 2970 2990 2600 2200] [2830 3155 3440 3130 3180 3295 3290 3455]
[3025 2955 2975 3135 3100 3125 2710 2275] [2870 3110 3420 3350 3200 3280 3200 3320]
COM7 0 55
0
[3005 2860 3045 2975 2950 2910 2860 2470] [2225 2765 2905 2900 3160 3145 3245 3320]
[3005 3085 2975 2895 2900 3010 2595 2345] [2110 2540 2855 3160 2995 3180 3095 3110]
[2900 2980 2960 3040 3005 2855 2620 2225] [2115 2485 3090 3055 3315 3050 3215 3055]
[3105 3045 3345 3005 2980 2795 2480 2020] [2375 2715 3260 3235 3105 3240 3090 3200]
[3075 2885 3120 3050 3120 2685 2605 2070] [2385 2920 3310 3125 3235 3135 3280 3250]
[3190 3240 3035 3115 2990 3070 2570 2155] [2360 3095 3210 3290 3295 3185 3270 3265]
[3270 3120 3155 3075 2975 2935 2835 2350] [2830 3155 3440 3130 3180 3295 3290 3455]
[3140 3010 3080 3110 3030 3000 3050 2575] [2870 3110 3420 3350 3200 3280 3200 3320]
COM3 1 56
0
[3005 2860 3045 2975 2950 2910 2860 2470] [2135 2655 2750 3070 3285 3075 3325 3275]
[3005 3085 2975 2895 2900 3010 2595 2345] [2165 2535 3020 3140 3135 3260 3180 3315]
[2900 2980 2960 3040 3005 2855 2620 2225] [2310 2520 3040 3055 3320 3290 3305 3175]
[3105 3045 3345 3005 2980 2795 2480 2020] [2575 2970 3150 3165 3120 3485 3415 3255]
[3075 2885 3120 3050 3120 2685 2605 2070] [2635 3050 3300 3170 3330 3230 3425 3335]
[3190 3240 3035 3115 2990 3070 2570 2155] [2465 3010 3255 3450 3185 3485 3350 3385]
[3270 3120 3155 3075 2975 2935 2835 2350] [2905 3170 3445 3460 3325 3190 3310 3730]
[3140 3010 3080 3110 3030 3000 3050 2575] [2850 3485 3340 3355 3440 3335 3470 3345]
COM7 0 57
0
[3025 2930 3000 3035 2950 2895 3110 2700] [2135 2655 2750 3070 3285 3075 3325 3275]
[2985 3015 2800 2945 3030 2905 2845 2560] [2165 2535 3020 3140 3135 3260 3180 3315]
[2985 3205 3025 3040 2970 2825 2785 2440] [2310 2520 3040 3055 3320 3290 3305 3175]
[2830 2970 3175 3040 3025 2850 2605 2185] [2575 2970 3150 3165 3120 3485 3415 3255]
[3035 3035 3130 3005 3045 2680 2700 2120] [2635 3050 3300 3170 3330 3230 3425 3335]
[2995 3240 3140 2995 3040 2910 2615 2160] [2465 3010 3255 3450 3185 3485 3350 3385]
[3110 3185 3010 3065 3060 2895 2540 2390] [2905 3170 3445 3460 3325 3190 3310 3730]
[3365 3245 3340 2980 2995 3070 3050 2465] [2850 3485 3340 3355 3440 3335 3470 3345]
COM3 1 58
0
[3025 2930 3000 3035 2950 2895 3110 2700] [2470 2675 3020 3160 3155 3195 3235 3215]
[2985 3015 2800 2945 3030 2905 2845 2560] [2420 2580 2885 3100 3295 3270 3150 3050]
[2985 3205 3025 3040 2970 2825 2785 2440] [2445 2775 3185 3200 3175 3105 3205 3170]
[2830 2970 3175 3040 3025 2850 2605 2185] [2495 2780 3040 3235 3120 3170 3435 3185]
[3035 3035 3130 3005 3045 2680 2700 2120] [2515 3015 3250 3145 3265 3155 3345 3330]
[2995 3240 3140 2995 3040 2910 2615 2160] [2630 3315 3250 3305 3215 3250 3280 3445]
[3110 3185 3010 3065 3060 2895 2540 2390] [2775 3170 3275 3360 3280 3255 3535 3335]
[3365 3245 3340 2980 2995 3070 3050 2465] [2960 3245 3385 3475 3325 3455 3065 3385]
COM7 0 59
0
[2930 2600 2860 2855 2845 2800 2910 2535] [2470 2675 3020 3160 3155 3195 3235 3215]
[3090 2930 2690 3070 2980 2950 2845 2525] [2420 2580 2885 3100 3295 3270 3150 3050]
[2850 2865 2905 2950 2805 3050 2750 2480] [2445 2775 3185 3200 3175 3105 3205 3170]
[2930 3045 2980 2970 2975 2795 2725 2220] [2495 2780 3040 3235 3120 3170 3435 3185]
[3045 2890 3050 2920 3150 2670 2675 2105] [2515 3015 3250 3145 3265 3155 3345 3330]
[2870 2955 3120 3020 2915 2975 2800 2255] [2630 3315 3250 3305 3215 3250 3280 3445]
[2960 3075 2990 3015 2950 2985 2620 2355] [2775 3170 3275 3360 3280 3255 3535 3335]
[3120 2935 3115 2975 3035 3065 3090 2550] [2960 3245 3385 3475 3325 3455 3065 3385]
COM3 1 60
0
[2930 2600 2860 2855 2845 2800 2910 2535] [2240 2600 2970 3245 3215 3180 3095 3205]
[3090 2930 2690 3070 2980 2950 2845 2525] [2325 2615 2975 3170 3135 3135 3225 3165]
[2850 2865 2905 2950 2805 3050 2750 2480] [2370 2580 3100 3195 3315 3265 3150 3205]
[2930 3045 2980 2970 2975 2795 2725 2220] [2540 2820 3245 3200 3250 3010 3300 3105]
[3045 2890 3050 2920 3150 2670 2675 2105] [2385 2890 3265 2995 3015 3305 3200 3325]
[2870 2955 3120 3020 2915 2975 2800 2255] [2685 3135 3305 3285 3225 3240 3320 3275]
[2960 3075 2990 3015 2950 2985 2620 2355] [2600 3170 3365 3400 3100 3335 3245 3395]
[3120 2935 3115 2975 3035 3065 3090 2550] [2800 3390 3305 3430 3100 3465 3290 3140]
COM7 0 61
0
[2795 2880 2840 2870 2715 2855 2895 2850] [2240 2600 2970 3245 3215 3180 3095 3205]
[3000 2875 2805 2930 2850 2885 2825 2695] [2325 2615 2975 3170 3135 3135 3225 3165]
[2810 3040 3065 2935 2765 2865 2835 2585] [2370 2580 3100 3195 3315 3265 3150 3205]
[2880 3010 2895 2955 3065 2865 2655 2480] [2540 2820 3245 3200 3250 3010 3300 3105]
[3020 2895 3120 2815 3015 2805 2870 2510] [2385 2890 3265 2995 3015 3305 3200 3325]
[3020 2915 3015 2920 2890 2900 2800 2355] [2685 3135 3305 3285 3225 3240 3320 3275]
[2970 3235 2900 3040 2850 2750 2790 2560] [2600 3170 3365 3400 3100 3335 3245 3395]
[3140 3010 2935 2860 3030 2975 2970 2480] [2800 3390 3305 3430 3100 3465 3290 3140]
COM3 1 62
0
[2795 2880 2840 2870 2715 2855 2895 2850] [1960 2540 3110 3215 3200 3060 3135 3290]
[3000 2875 2805 2930 2850 2885 2825 2695] [2245 2590 3030 3195 2995 3285 3075 3030]
[2810 3040 3065 2935 2765 2865 2835 2585] [2145 2535 3100 3055 3170 3050 3135 3075]
[2880 3010 2895 2955 3065 2865 2655 2480] [2410 2850 3185 3165 3250 2980 3090 3245]
[3020 2895 3120 2815 3015 2805 2870 2510] [2370 3065 3245 3065 3095 3310 3105 3185]
[3020 2915 3015 2920 2890 2900 2800 2355] [2365 3025 3100 3350 3315 3155 3355 3340]
[2970 3235 2900 3040 2850 2750 2790 2560] [2505 3030 3280 3140 3100 3050 3275 3525]
[3140 3010 2935 2860 3030 2975 2970 2480] [2465 2680 3220 3410 3475 3175 3200 3115]
COM7 0 63
0
[3020 2900 3075 3085 3045 2970 2985 2980] [1960 2540 3110 3215 3200 3060 3135 3290]
[2925 3100 3055 2975 2905 3010 2995 2875] [2245 2590 3030 3195 2995 3285 3075 3030]
[2860 3080 3035 2930 2960 2930 2935 2900] [2145 2535 3100 3055 3170 3050 3135 3075]
[3105 2975 3120 3000 3000 2945 2735 2695] [2410 2850 3185 3165 3250 2980 3090 3245]
[3045 3200 3030 3030 3190 3015 2950 2605] [2370 3065 3245 3065 3095 3310 3105 3185]
[3025 3165 3230 3205 3005 2970 2870 2795] [2365 3025 3100 3350 3315 3155 3355 3340]
[3175 3275 2905 3215 3015 3165 2955 2845] [2505 3030 3280 3140 3100 3050 3275 3525]
[3265 3015 3125 3165 3075 3350 3235 2975] [2465 2680 3220 3410 3475 3175 3200 3115]
COM3 1 64
0
[3020 2900 3075 3085 3045 2970 2985 2980] [2050 2565 3070 3180 3150 3160 2925 3270]
[2925 3100 3055 2975 2905 3010 2995 2875] [2265 2350 3030 3340 3005 3230 3170 2895]
[2860 3080 3035 2930 2960 2930 2935 2900] [2270 2620 3075 3045 3145 3110 3040 3085]
[3105 2975 3120 3000 3000 2945 2735 2695] [2215 2745 3145 3085 3245 3105 3175 3125]
[3045 3200 3030 3030 3190 3015 2950 2605] [2255 2845 3140 3060 3230 3035 3015 3155]
[3025 3165 3230 3205 3005 2970 2870 2795] [2370 2870 3215 3220 3110 3265 3270 3190]
[3175 3275 2905 3215 3015 3165 2955 2845] [2350 2915 3345 3125 3290 3185 3125 3235]
[3265 3015 3125 3165 3075 3350 3235 2975] [2390 2850 3215 3380 3100 3260 3355 3345]
COM7 0 65
0
[2930 2840 2975 3100 3030 3040 3025 2955] [2050 2565 3070 3180 3150 3160 2925 3270]
[3025 3035 2995 3135 3045 3025 3050 2925] [2265 2350 3030 3340 3005 3230 3170 2895]
[2915 3040 3095 2920 2935 3060 2900 2800] [2270 2620 3075 3045 3145 3110 3040 3085]
[3055 3105 3145 2920 3145 2960 2970 2955] [2215 2745 3145 3085 3245 3105 3175 3125]
[3085 2945 3095 3130 3150 2960 3150 3040] [2255 2845 3140 3060 3230 3035 3015 3155]
[3040 3180 3005 3115 3100 3035 3295 2995] [2370 2870 3215 3220 3110 3265 3270 3190]
[3130 3065 3135 3205 3175 3165 3060 3035] [2350 2915 3345 3125 3290 3185 3125 3235]
[3095 3085 3095 3170 3200 3065 3190 3345] [2390 2850 3215 3380 3100 3260 3355 3345]