COM7 1 6
2
[3335 3255 3295 3355 3160 3060 3275 3310] [2820 2810 2765 2665 2800 2660 2880 2935]
[3135 3375 3400 3180 3250 3195 3150 3355] [2610 2805 2625 2765 2800 2865 2935 2735]
[3005 3140 3325 3335 3185 3375 3255 3395] [2725 2875 2905 2760 2825 2760 2965 2805]
[2670 3260 3470 3320 3420 3415 3335 3565] [2765 2970 2865 2785 2915 2960 2975 2825]
[2540 2915 3220 3500 3330 3245 3410 3470] [2935 2865 2835 2750 2970 2840 2960 2970]
[2140 2590 3195 3450 3250 3410 3380 3360] [2665 2900 2935 3070 2835 2895 2965 2905]
[1935 2665 2945 3385 3445 3470 2995 3330] [2865 2950 3075 2940 2875 3080 3095 3050]
[2060 2520 3125 3255 3215 3490 3655 3400] [3125 2920 3065 3020 3010 2895 2935 3020]
COM3 0 7
2
[2510 2620 2815 2965 2940 2820 2810 2610] [2820 2810 2765 2665 2800 2660 2880 2935]
[2355 2670 2865 2915 2730 2860 2835 2895] [2610 2805 2625 2765 2800 2865 2935 2735]
[2140 2535 2715 2745 2740 2905 2825 2750] [2725 2875 2905 2760 2825 2760 2965 2805]
[2455 2500 2790 2695 2990 2865 2850 2865] [2765 2970 2865 2785 2915 2960 2975 2825]
[1905 2135 2560 2820 3065 2860 3155 3040] [2935 2865 2835 2750 2970 2840 2960 2970]
[1815 2130 2660 2830 2910 3005 2720 2810] [2665 2900 2935 3070 2835 2895 2965 2905]
[1770 2105 2245 2905 2770 3070 2885 3005] [2865 2950 3075 2940 2875 3080 3095 3050]
[1735 1900 2175 2640 2905 3020 3130 2860] [3125 2920 3065 3020 3010 2895 2935 3020]
COM7 1 8
2
[2510 2620 2815 2965 2940 2820 2810 2610] [2945 3050 3015 2995 2795 2940 2950 2850]
[2355 2670 2865 2915 2730 2860 2835 2895] [3025 3010 3010 3090 2970 3100 2975 2980]
[2140 2535 2715 2745 2740 2905 2825 2750] [3045 2965 3005 2950 3090 2925 3055 2995]
[2455 2500 2790 2695 2990 2865 2850 2865] [3170 3125 3030 2970 2950 2975 3005 2975]
[1905 2135 2560 2820 3065 2860 3155 3040] [3075 3035 3045 2915 3070 3005 3005 3120]
[1815 2130 2660 2830 2910 3005 2720 2810] [3070 3040 3050 3110 3000 3120 3150 3095]
[1770 2105 2245 2905 2770 3070 2885 3005] [3070 3145 3195 3035 3050 3085 3175 3075]
[1735 1900 2175 2640 2905 3020 3130 2860] [3110 3085 3240 3080 3125 2945 3015 3030]
COM3 0 9
2
[1985 1925 2430 2695 2715 2545 2810 2670] [2945 3050 3015 2995 2795 2940 2950 2850]
[1710 2080 2380 2675 2615 2775 2675 2590] [3025 3010 3010 3090 2970 3100 2975 2980]
[1855 2045 2405 2580 2605 2670 2555 2675] [3045 2965 3005 2950 3090 2925 3055 2995]
[1880 1785 2390 2725 2830 2600 2555 2520] [3170 3125 3030 2970 2950 2975 3005 2975]
[1590 1765 2410 2500 2705 2680 2565 2685] [3075 3035 3045 2915 3070 3005 3005 3120]
[1665 1865 2185 2525 2695 2795 2755 2585] [3070 3040 3050 3110 3000 3120 3150 3095]
[1540 1630 2055 2625 2675 2640 2725 2575] [3070 3145 3195 3035 3050 3085 3175 3075]
[1705 1760 2045 2460 2550 2620 3025 2495] [3110 3085 3240 3080 3125 2945 3015 3030]
COM7 1 10
2
[1985 1925 2430 2695 2715 2545 2810 2670] [3055 3265 3220 3195 3000 3135 3020 3220]
[1710 2080 2380 2675 2615 2775 2675 2590] [3285 3220 3320 3135 3165 3245 3060 3095]
[1855 2045 2405 2580 2605 2670 2555 2675] [3135 3300 3200 3120 3210 3090 3185 3145]
[1880 1785 2390 2725 2830 2600 2555 2520] [3340 3330 3200 3190 3075 3050 3140 3110]
[1590 1765 2410 2500 2705 2680 2565 2685] [3355 3270 3270 3115 3200 3115 3195 3175]
[1665 1865 2185 2525 2695 2795 2755 2585] [3215 3090 3310 3250 3265 3295 3125 3105]
[1540 1630 2055 2625 2675 2640 2725 2575] [3250 3380 3335 3260 3160 3190 3250 3340]
[1705 1760 2045 2460 2550 2620 3025 2495] [3310 3260 3195 3320 3070 3215 3245 3475]
COM3 0 11
2
[1795 1840 2270 2655 2910 2870 3015 2995] [3055 3265 3220 3195 3000 3135 3020 3220]
[2055 2215 2165 2715 2880 2920 2875 3010] [3285 3220 3320 3135 3165 3245 3060 3095]
[1840 1920 2440 2775 2950 2970 2985 2835] [3135 3300 3200 3120 3210 3090 3185 3145]
[2005 2290 2410 2720 2865 2870 3000 2940] [3340 3330 3200 3190 3075 3050 3140 3110]
[1840 1900 2330 2635 2855 2905 2915 3040] [3355 3270 3270 3115 3200 3115 3195 3175]
[1645 1940 2460 2720 2710 3065 3285 2860] [3215 3090 3310 3250 3265 3295 3125 3105]
[1660 1660 2190 2715 2670 3170 2985 2740] [3250 3380 3335 3260 3160 3190 3250 3340]
[1740 1740 2285 2835 2960 3275 3125 3085] [3310 3260 3195 3320 3070 3215 3245 3475]
COM7 1 12
2
[1795 1840 2270 2655 2910 2870 3015 2995] [3240 3475 3300 3380 3400 3200 3195 3235]
[2055 2215 2165 2715 2880 2920 2875 3010] [3315 3330 3495 3295 3220 3185 3285 3110]
[1840 1920 2440 2775 2950 2970 2985 2835] [3470 3425 3410 3365 3370 3275 3150 3120]
[2005 2290 2410 2720 2865 2870 3000 2940] [3640 3405 3400 3325 3300 3160 3175 3210]
[1840 1900 2330 2635 2855 2905 2915 3040] [3465 3370 3495 3245 3235 3255 3295 3260]
[1645 1940 2460 2720 2710 3065 3285 2860] [3230 3395 3390 3385 3255 3290 3235 3225]
[1660 1660 2190 2715 2670 3170 2985 2740] [3390 3385 3365 3170 3265 3300 3340 3490]
[1740 1740 2285 2835 2960 3275 3125 3085] [3245 3490 3420 3375 3415 3065 3350 3510]
COM3 0 13
2
[1870 1910 2295 2520 2635 2840 2710 2825] [3240 3475 3300 3380 3400 3200 3195 3235]
[2055 2000 2150 2780 2790 2950 2775 2995] [3315 3330 3495 3295 3220 3185 3285 3110]
[1720 1860 2185 2750 2785 2915 2855 2710] [3470 3425 3410 3365 3370 3275 3150 3120]
[1705 1890 2390 2590 2795 2930 2735 2685] [3640 3405 3400 3325 3300 3160 3175 3210]
[1615 1565 2135 2505 2730 3120 2955 2835] [3465 3370 3495 3245 3235 3255 3295 3260]
[1545 1695 2210 2615 2540 2785 2625 2935] [3230 3395 3390 3385 3255 3290 3235 3225]
[1460 1650 1900 2410 2705 2810 3005 2920] [3390 3385 3365 3170 3265 3300 3340 3490]
[1625 1725 1895 2285 2660 2790 2985 2900] [3245 3490 3420 3375 3415 3065 3350 3510]
COM7 1 14
2
[1870 1910 2295 2520 2635 2840 2710 2825] [3175 2990 2905 3010 2965 2920 2925 3020]
[2055 2000 2150 2780 2790 2950 2775 2995] [3040 2885 2935 2865 2870 2960 2860 2965]
[1720 1860 2185 2750 2785 2915 2855 2710] [3060 2935 2915 2825 3095 2900 2885 3065]
[1705 1890 2390 2590 2795 2930 2735 2685] [3105 3120 3095 3005 2900 2925 3020 3000]
[1615 1565 2135 2505 2730 3120 2955 2835] [2965 3035 3150 2885 2905 2960 3065 3080]
[1545 1695 2210 2615 2540 2785 2625 2935] [2790 2810 3050 3110 2915 3030 3160 3055]
[1460 1650 1900 2410 2705 2810 3005 2920] [3070 2925 3055 3015 3065 3065 3010 3240]
[1625 1725 1895 2285 2660 2790 2985 2900] [3315 3160 3190 3095 2995 3045 3140 3090]
COM3 0 15
2
[2265 1900 2235 2570 2770 2805 2900 2805] [3175 2990 2905 3010 2965 2920 2925 3020]
[1900 2120 2115 2765 2845 2760 2710 2985] [3040 2885 2935 2865 2870 2960 2860 2965]
[1865 2010 2315 2540 2800 2840 2905 2685] [3060 2935 2915 2825 3095 2900 2885 3065]
[1775 1995 2230 2755 2845 2790 2890 2765] [3105 3120 3095 3005 2900 2925 3020 3000]
[1885 1835 2130 2320 2765 2880 2990 3125] [2965 3035 3150 2885 2905 2960 3065 3080]
[1880 1755 1915 2260 2575 2970 3050 3005] [2790 2810 3050 3110 2915 3030 3160 3055]
[1700 1675 1905 2215 2370 2900 2670 2785] [3070 2925 3055 3015 3065 3065 3010 3240]
[1660 1575 1735 1760 2455 2850 2965 2995] [3315 3160 3190 3095 2995 3045 3140 3090]
COM7 1 16
2
[2265 1900 2235 2570 2770 2805 2900 2805] [3370 3295 3240 3155 3095 2920 3095 3025]
[1900 2120 2115 2765 2845 2760 2710 2985] [3310 3140 3300 3165 3150 3155 3125 3005]
[1865 2010 2315 2540 2800 2840 2905 2685] [3255 3310 3235 3105 3235 3110 3170 3000]
[1775 1995 2230 2755 2845 2790 2890 2765] [3350 3270 3310 3190 3140 3075 3180 3150]
[1885 1835 2130 2320 2765 2880 2990 3125] [3245 3250 3310 3140 3230 3095 3180 3170]
[1880 1755 1915 2260 2575 2970 3050 3005] [3115 3215 3175 3225 3190 3375 3170 3150]
[1700 1675 1905 2215 2370 2900 2670 2785] [3295 3245 3510 3105 3235 3140 3160 3330]
[1660 1575 1735 1760 2455 2850 2965 2995] [3365 3355 3325 3390 3220 3235 3285 3400]
COM3 0 17
2
[2205 2145 2475 2935 3085 3085 3345 3355] [3370 3295 3240 3155 3095 2920 3095 3025]
[2170 2060 2400 2575 3215 3230 3310 3325] [3310 3140 3300 3165 3150 3155 3125 3005]
[1980 2060 2265 2720 2995 3215 3305 3425] [3255 3310 3235 3105 3235 3110 3170 3000]
[1935 2410 2430 2770 3150 3215 3410 3395] [3350 3270 3310 3190 3140 3075 3180 3150]
[2375 1915 2465 2550 3305 3175 3275 3400] [3245 3250 3310 3140 3230 3095 3180 3170]
[1935 2090 2085 2385 2610 2975 3390 3170] [3115 3215 3175 3225 3190 3375 3170 3150]
[2045 1815 1885 2290 2420 2975 3300 3275] [3295 3245 3510 3105 3235 3140 3160 3330]
[1900 1780 1935 2070 2405 2975 3325 3415] [3365 3355 3325 3390 3220 3235 3285 3400]
COM7 1 18
2
[2205 2145 2475 2935 3085 3085 3345 3355] [2680 2520 2905 2705 2895 2830 2925 3020]
[2170 2060 2400 2575 3215 3230 3310 3325] [2540 2750 2830 2765 2655 2845 2940 2940]
[1980 2060 2265 2720 2995 3215 3305 3425] [2835 2840 2700 2765 2965 2910 2995 2845]
[1935 2410 2430 2770 3150 3215 3410 3395] [2900 2925 2760 2765 2805 2765 3040 2685]
[2375 1915 2465 2550 3305 3175 3275 3400] [2635 2955 2935 2615 2840 2865 2935 3055]
[1935 2090 2085 2385 2610 2975 3390 3170] [2625 2895 2880 2900 2905 3125 3010 3090]
[2045 1815 1885 2290 2420 2975 3300 3275] [3000 3095 3050 2855 2785 2955 2985 2975]
[1900 1780 1935 2070 2405 2975 3325 3415] [2935 2885 3015 3160 2845 3020 2690 3075]
COM3 0 19
2
[1975 1665 1920 2395 2605 2670 2905 2810] [2680 2520 2905 2705 2895 2830 2925 3020]
[2135 2025 1905 2520 2705 2850 2765 2875] [2540 2750 2830 2765 2655 2845 2940 2940]
[1955 1975 2240 2285 2665 2805 2865 2785] [2835 2840 2700 2765 2965 2910 2995 2845]
[2330 2040 1875 2105 2445 2650 2780 2850] [2900 2925 2760 2765 2805 2765 3040 2685]
[2400 1940 2080 1880 2345 2455 2815 3030] [2635 2955 2935 2615 2840 2865 2935 3055]
[2270 2115 1900 1705 1785 2240 2755 2880] [2625 2895 2880 2900 2905 3125 3010 3090]
[2345 2070 1835 1845 1920 2125 2610 2615] [3000 3095 3050 2855 2785 2955 2985 2975]
[2440 1805 1760 1535 1820 2185 2590 2875] [2935 2885 3015 3160 2845 3020 2690 3075]
COM7 1 20
2
[1975 1665 1920 2395 2605 2670 2905 2810] [3040 3040 2900 2915 2980 2885 2950 3065]
[2135 2025 1905 2520 2705 2850 2765 2875] [2890 2920 2920 2875 2890 2980 2890 2935]
[1955 1975 2240 2285 2665 2805 2865 2785] [3035 3030 2915 2850 3035 3000 2955 2930]
[2330 2040 1875 2105 2445 2650 2780 2850] [2760 2970 2910 2880 3020 2970 2965 3005]
[2400 1940 2080 1880 2345 2455 2815 3030] [3025 3120 3115 2940 2960 2975 3030 3120]
[2270 2115 1900 1705 1785 2240 2755 2880] [3015 2920 2925 3135 2910 3050 3215 3085]
[2345 2070 1835 1845 1920 2125 2610 2615] [3010 3150 3100 2865 2970 2910 3055 3095]
[2440 1805 1760 1535 1820 2185 2590 2875] [3210 3085 3070 3305 3020 2915 2890 3105]
COM3 0 21
2
[2330 1765 1835 2110 2495 2580 2770 2560] [3040 3040 2900 2915 2980 2885 2950 3065]
[2255 1945 1680 1900 2385 2645 2745 2615] [2890 2920 2920 2875 2890 2980 2890 2935]
[2220 1830 1590 1685 2195 2330 2555 2685] [3035 3030 2915 2850 3035 3000 2955 2930]
[2405 1985 1960 1755 2065 2145 2495 2675] [2760 2970 2910 2880 3020 2970 2965 3005]
[2460 1985 1740 1575 1820 1825 2340 2590] [3025 3120 3115 2940 2960 2975 3030 3120]
[2350 2250 1765 1590 1600 1665 2180 2490] [3015 2920 2925 3135 2910 3050 3215 3085]
[2355 2110 1605 1600 1515 1580 1885 2435] [3010 3150 3100 2865 2970 2910 3055 3095]
[2515 2015 1665 1465 1585 1665 2255 2470] [3210 3085 3070 3305 3020 2915 2890 3105]
COM7 1 22
2
[2330 1765 1835 2110 2495 2580 2770 2560] [3045 3035 3095 3105 3085 3025 3110 3130]
[2255 1945 1680 1900 2385 2645 2745 2615] [3240 3075 3190 3135 3070 3100 3030 2930]
[2220 1830 1590 1685 2195 2330 2555 2685] [3200 3245 3255 3125 3155 3095 3140 3040]
[2405 1985 1960 1755 2065 2145 2495 2675] [3260 3180 3220 3175 3095 3050 3105 3055]
[2460 1985 1740 1575 1820 1825 2340 2590] [3005 3155 3100 3125 3125 3205 3100 3165]
[2350 2250 1765 1590 1600 1665 2180 2490] [3160 3280 3090 3210 3075 3235 3170 3175]
[2355 2110 1605 1600 1515 1580 1885 2435] [3280 3255 3265 3235 3180 3085 3105 3325]
[2515 2015 1665 1465 1585 1665 2255 2470] [3225 3220 3175 3335 3140 3200 3290 3315]
COM3 0 23
2
[2515 1925 1985 1810 2115 2325 2690 3085] [3045 3035 3095 3105 3085 3025 3110 3130]
[2465 2255 1825 1705 1930 2365 2680 2745] [3240 3075 3190 3135 3070 3100 3030 2930]
[2500 2195 1805 1965 1935 2415 2410 2715] [3200 3245 3255 3125 3155 3095 3140 3040]
[2525 2295 1925 1905 1980 2005 2285 2575] [3260 3180 3220 3175 3095 3050 3105 3055]
[2840 2425 2110 1845 1915 2030 2205 2535] [3005 3155 3100 3125 3125 3205 3100 3165]
[2710 2145 2015 1590 1570 1800 2000 2215] [3160 3280 3090 3210 3075 3235 3170 3175]
[2945 2465 1815 1580 1600 1780 1770 2070] [3280 3255 3265 3235 3180 3085 3105 3325]
[2835 2390 1980 1635 1510 1725 1715 2275] [3225 3220 3175 3335 3140 3200 3290 3315]
COM7 1 24
2
[2515 1925 1985 1810 2115 2325 2690 3085] [3370 3145 3280 3150 3080 3110 3200 3120]
[2465 2255 1825 1705 1930 2365 2680 2745] [3235 3415 3325 3215 3070 3305 3185 3080]
[2500 2195 1805 1965 1935 2415 2410 2715] [3280 3345 3360 3300 3335 3265 3205 3135]
[2525 2295 1925 1905 1980 2005 2285 2575] [3345 3545 3290 3325 3225 3205 3115 3270]
[2840 2425 2110 1845 1915 2030 2205 2535] [3265 3375 3505 3275 3245 3160 3265 3240]
[2710 2145 2015 1590 1570 1800 2000 2215] [3260 3365 3220 3330 3230 3280 3170 3240]
[2945 2465 1815 1580 1600 1780 1770 2070] [3170 3525 3340 3365 3235 3235 3390 3410]
[2835 2390 1980 1635 1510 1725 1715 2275] [3195 3315 3350 3390 3370 3275 3355 3250]
COM3 0 25
2
[2515 2125 1915 2200 2045 2220 2425 2570] [3370 3145 3280 3150 3080 3110 3200 3120]
[2495 2470 2000 1900 2270 2015 2360 2505] [3235 3415 3325 3215 3070 3305 3185 3080]
[2495 2320 2125 1950 2035 2270 2185 2455] [3280 3345 3360 3300 3335 3265 3205 3135]
[2830 2520 2220 2080 1840 2320 2295 2440] [3345 3545 3290 3325 3225 3205 3115 3270]
[3005 2440 2335 1765 1900 1615 1830 2345] [3265 3375 3505 3275 3245 3160 3265 3240]
[2735 2845 2370 1825 1475 1785 1750 1725] [3260 3365 3220 3330 3230 3280 3170 3240]
[3010 2655 2120 1930 1475 1645 1510 1855] [3170 3525 3340 3365 3235 3235 3390 3410]
[2760 2585 2120 1845 1605 1515 1610 1775] [3195 3315 3350 3390 3370 3275 3355 3250]
COM7 1 26
2
[2515 2125 1915 2200 2045 2220 2425 2570] [3045 3175 3310 3130 3080 3070 3045 3095]
[2495 2470 2000 1900 2270 2015 2360 2505] [3240 3165 3225 3205 3015 3175 3100 3060]
[2495 2320 2125 1950 2035 2270 2185 2455] [3240 3245 3225 3230 3130 3135 3110 3065]
[2830 2520 2220 2080 1840 2320 2295 2440] [3105 3285 3240 3270 3085 3040 3115 3120]
[3005 2440 2335 1765 1900 1615 1830 2345] [3220 3145 3275 3180 3205 3160 3150 3205]
[2735 2845 2370 1825 1475 1785 1750 1725] [3015 3090 3070 3205 3050 3250 3240 3090]
[3010 2655 2120 1930 1475 1645 1510 1855] [2925 3380 3125 3215 3210 3185 3205 3270]
[2760 2585 2120 1845 1605 1515 1610 1775] [3135 3090 3230 3380 3325 3200 3040 3265]
COM3 0 27
2
[2695 2145 1800 1655 1815 1565 1920 1920] [3045 3175 3310 3130 3080 3070 3045 3095]
[2880 2560 2165 1450 1725 1555 1780 1845] [3240 3165 3225 3205 3015 3175 3100 3060]
[2420 2685 2340 1805 1820 1490 1730 1745] [3240 3245 3225 3230 3130 3135 3110 3065]
[2705 2935 2660 1870 1700 1480 1615 1590] [3105 3285 3240 3270 3085 3040 3115 3120]
[2800 2785 2565 2220 1660 1560 1420 1360] [3220 3145 3275 3180 3205 3160 3150 3205]
[2885 2965 2585 2160 1675 1405 1320 1335] [3015 3090 3070 3205 3050 3250 3240 3090]
[2880 2845 2725 2055 1565 1200 1160 1260] [2925 3380 3125 3215 3210 3185 3205 3270]
[2915 2795 2590 2085 1580 1390 1345 1210] [3135 3090 3230 3380 3325 3200 3040 3265]
COM7 1 28
2
[2695 2145 1800 1655 1815 1565 1920 1920] [3050 3095 3355 3040 2940 3070 2975 3130]
[2880 2560 2165 1450 1725 1555 1780 1845] [3105 3175 3225 3095 3075 3165 3045 3085]
[2420 2685 2340 1805 1820 1490 1730 1745] [3040 3260 3215 3010 3195 3000 2960 3020]
[2705 2935 2660 1870 1700 1480 1615 1590] [3250 3040 3080 3170 3135 3055 3110 3115]
[2800 2785 2565 2220 1660 1560 1420 1360] [3095 3185 3245 3110 3045 3065 3075 3170]
[2885 2965 2585 2160 1675 1405 1320 1335] [2825 3060 3185 3160 3215 3090 3210 3200]
[2880 2845 2725 2055 1565 1200 1160 1260] [2920 3210 3125 2990 2940 3135 3155 3110]
[2915 2795 2590 2085 1580 1390 1345 1210] [2715 2940 3190 3255 3130 3045 2975 3375]
COM3 0 29
2
[2835 2905 2835 2170 1815 1905 2015 2390] [3050 3095 3355 3040 2940 3070 2975 3130]
[3035 2920 2835 2575 2005 1835 1520 1975] [3105 3175 3225 3095 3075 3165 3045 3085]
[2835 2915 2880 2565 2185 2060 1675 1740] [3040 3260 3215 3010 3195 3000 2960 3020]
[2990 3050 2730 2885 2630 2115 1845 1620] [3250 3040 3080 3170 3135 3055 3110 3115]
[2970 2915 2725 2885 2555 1975 1900 1645] [3095 3185 3245 3110 3045 3065 3075 3170]
[3055 3040 3005 2795 2350 2080 1625 1440] [2825 3060 3185 3160 3215 3090 3210 3200]
[2850 3080 3180 2800 2205 1960 1610 1500] [2920 3210 3125 2990 2940 3135 3155 3110]
[3065 3065 2955 2655 2365 2140 1775 1490] [2715 2940 3190 3255 3130 3045 2975 3375]
COM7 1 30
2
[2835 2905 2835 2170 1815 1905 2015 2390] [2825 2850 2860 2800 2795 2785 2855 2860]
[3035 2920 2835 2575 2005 1835 1520 1975] [2810 2845 2825 2795 2745 2920 2870 2900]
[2835 2915 2880 2565 2185 2060 1675 1740] [2845 2945 2880 2925 2910 2870 2860 2925]
[2990 3050 2730 2885 2630 2115 1845 1620] [2840 2960 2975 2945 2780 2715 2965 2905]
[2970 2915 2725 2885 2555 1975 1900 1645] [2610 2920 3010 2795 2970 2925 2995 3020]
[3055 3040 3005 2795 2350 2080 1625 1440] [2310 2885 3070 3070 2870 2915 3015 2975]
[2850 3080 3180 2800 2205 1960 1610 1500] [2455 2880 3095 3000 3010 3085 2975 3035]
[3065 3065 2955 2655 2365 2140 1775 1490] [2370 2975 3075 2875 3020 2920 3025 2975]
COM3 0 31
2
[3065 2870 3045 2980 2845 2420 2225 1885] [2825 2850 2860 2800 2795 2785 2855 2860]
[3255 3105 3065 3025 2940 2745 2490 2405] [2810 2845 2825 2795 2745 2920 2870 2900]
[2920 3050 3030 2995 2960 2900 2750 2310] [2845 2945 2880 2925 2910 2870 2860 2925]
[3140 2890 3090 2790 3005 2840 2475 2235] [2840 2960 2975 2945 2780 2715 2965 2905]
[3250 2975 3285 2915 3070 2915 2375 2080] [2610 2920 3010 2795 2970 2925 2995 3020]
[3230 3320 2940 2900 3065 2605 2270 1845] [2310 2885 3070 3070 2870 2915 3015 2975]
[3440 3270 2915 2955 2815 2465 2015 1915] [2455 2880 3095 3000 3010 3085 2975 3035]
[3405 3135 3135 2895 2945 2420 2035 1810] [2370 2975 3075 2875 3020 2920 3025 2975]
COM7 1 32
2
[3065 2870 3045 2980 2845 2420 2225 1885] [2935 3045 2985 2755 2945 2940 3065 2970]
[3255 3105 3065 3025 2940 2745 2490 2405] [2760 2825 2955 2815 2850 3030 2845 2940]
[2920 3050 3030 2995 2960 2900 2750 2310] [2455 2875 2940 2910 3025 2865 2960 2940]
[3140 2890 3090 2790 3005 2840 2475 2235] [1990 2495 3035 3030 2905 2955 2965 2885]
[3250 2975 3285 2915 3070 2915 2375 2080] [1990 2450 2635 2960 2840 2885 3020 3060]
[3230 3320 2940 2900 3065 2605 2270 1845] [1670 2040 2640 2920 2965 3110 3035 3005]
[3440 3270 2915 2955 2815 2465 2015 1915] [1595 2075 2555 2875 3070 3025 3040 3105]
[3405 3135 3135 2895 2945 2420 2035 1810] [1720 1960 2465 3020 3075 2990 2945 2990]
COM3 0 33
2
[2890 2700 2850 2710 2710 2695 2740 2390] [2935 3045 2985 2755 2945 2940 3065 2970]
[2935 2885 2835 2800 2990 2890 2885 2710] [2760 2825 2955 2815 2850 3030 2845 2940]
[3070 2930 2925 2775 2850 2840 2745 2535] [2455 2875 2940 2910 3025 2865 2960 2940]
[2930 2805 3015 2805 2965 2900 2725 2330] [1990 2495 3035 3030 2905 2955 2965 2885]
[3040 2880 3035 2885 3030 2860 2820 2285] [1990 2450 2635 2960 2840 2885 3020 3060]
[3040 3010 2980 3070 3075 2950 2550 1985] [1670 2040 2640 2920 2965 3110 3035 3005]
[2840 3140 2890 3015 2815 2815 2300 1915] [1595 2075 2555 2875 3070 3025 3040 3105]
[3125 3065 3125 2800 2895 2420 2230 1705] [1720 1960 2465 3020 3075 2990 2945 2990]
COM7 1 34
2
[2890 2700 2850 2710 2710 2695 2740 2390] [2055 2385 2700 2715 3070 3025 3060 3130]
[2935 2885 2835 2800 2990 2890 2885 2710] [2275 2350 2645 2795 3000 3065 3025 2970]
[3070 2930 2925 2775 2850 2840 2745 2535] [2155 2260 2390 2780 3030 2995 3090 2970]
[2930 2805 3015 2805 2965 2900 2725 2330] [1985 1945 2335 2565 2785 3010 3055 3055]
[3040 2880 3035 2885 3030 2860 2820 2285] [2095 2020 2085 2350 2680 2935 3090 3070]
[3040 3010 2980 3070 3075 2950 2550 1985] [1880 1850 1980 2320 2730 3000 3040 3190]
[2840 3140 2890 3015 2815 2815 2300 1915] [1920 2030 1940 2225 2490 2990 3065 3145]
[3125 3065 3125 2800 2895 2420 2230 1705] [2015 1875 2010 2065 2580 2810 3005 3020]
COM3 0 35
2
[3440 3120 3170 3270 3085 3050 2970 2955] [2055 2385 2700 2715 3070 3025 3060 3130]
[3295 3200 3055 2990 3025 3040 2840 2890] [2275 2350 2645 2795 3000 3065 3025 2970]
[3145 3060 3245 3290 3070 3120 2980 2805] [2155 2260 2390 2780 3030 2995 3090 2970]
[3135 3060 3340 3200 3105 3035 2810 2665] [1985 1945 2335 2565 2785 3010 3055 3055]
[3385 3160 3115 3145 3320 2670 2640 2540] [2095 2020 2085 2350 2680 2935 3090 3070]
[3310 3100 3095 3210 2805 2585 2490 2130] [1880 1850 1980 2320 2730 3000 3040 3190]
[3405 3165 2875 3185 2635 2515 2120 1915] [1920 2030 1940 2225 2490 2990 3065 3145]
[3535 3415 3125 2960 2720 2350 2230 1975] [2015 1875 2010 2065 2580 2810 3005 3020]
COM7 1 36
2
[3440 3120 3170 3270 3085 3050 2970 2955] [1535 1830 1760 2265 2370 2810 2985 2930]
[3295 3200 3055 2990 3025 3040 2840 2890] [1760 1745 1450 1930 2350 2845 2955 2900]
[3145 3060 3245 3290 3070 3120 2980 2805] [1705 1645 1505 1800 2450 2660 2905 2880]
[3135 3060 3340 3200 3105 3035 2810 2665] [1640 1540 1495 1670 2045 2445 2835 2840]
[3385 3160 3115 3145 3320 2670 2640 2540] [1610 1675 1600 1435 1855 2225 2580 2945]
[3310 3100 3095 3210 2805 2585 2490 2130] [1355 1330 1485 1615 1750 2085 2550 2805]
[3405 3165 2875 3185 2635 2515 2120 1915] [1460 1405 1480 1460 1600 2085 2525 3045]
[3535 3415 3125 2960 2720 2350 2230 1975] [1490 1445 1485 1685 1770 2350 2580 3005]
COM3 0 37
2
[2555 2535 2600 2830 2540 2680 2775 2670] [1535 1830 1760 2265 2370 2810 2985 2930]
[2600 2675 2580 2620 2670 2710 2595 2575] [1760 1745 1450 1930 2350 2845 2955 2900]
[2430 2515 2485 2620 2770 2735 2535 2355] [1705 1645 1505 1800 2450 2660 2905 2880]
[2710 2730 2945 2825 2870 2615 2410 1855] [1640 1540 1495 1670 2045 2445 2835 2840]
[2820 2570 2840 2805 2815 2390 2180 1635] [1610 1675 1600 1435 1855 2225 2580 2945]
[2750 2795 2700 2965 2665 2425 1960 1295] [1355 1330 1485 1615 1750 2085 2550 2805]
[2690 2710 2995 3190 2725 2105 1740 1385] [1460 1405 1480 1460 1600 2085 2525 3045]
[2815 2730 2705 2565 2765 2535 1955 1440] [1490 1445 1485 1685 1770 2350 2580 3005]
COM7 1 38
2
[2555 2535 2600 2830 2540 2680 2775 2670] [2370 2350 2190 2260 2335 2670 2645 3020]
[2600 2675 2580 2620 2670 2710 2595 2575] [2215 2080 2140 2105 2135 2760 2675 2890]
[2430 2515 2485 2620 2770 2735 2535 2355] [2165 2115 2125 1975 2180 2365 2720 2790]
[2710 2730 2945 2825 2870 2615 2410 1855] [2280 2065 1935 1965 1920 2220 2460 2585]
[2820 2570 2840 2805 2815 2390 2180 1635] [2100 1960 1925 1720 1755 2060 2135 2575]
[2750 2795 2700 2965 2665 2425 1960 1295] [1870 1825 1800 1895 1840 1940 2145 2435]
[2690 2710 2995 3190 2725 2105 1740 1385] [2010 1790 1720 1845 1840 1795 2045 2455]
[2815 2730 2705 2565 2765 2535 1955 1440] [2005 2055 1805 2035 1900 1965 2310 2470]
COM3 0 39
2
[2705 2825 2935 2830 2835 2720 2710 2850] [2370 2350 2190 2260 2335 2670 2645 3020]
[2890 2670 2770 2895 2770 2950 2520 2465] [2215 2080 2140 2105 2135 2760 2675 2890]
[2610 2840 2795 2795 2940 2795 2515 2170] [2165 2115 2125 1975 2180 2365 2720 2790]
[2995 2990 2785 2750 2915 2580 2375 1870] [2280 2065 1935 1965 1920 2220 2460 2585]
[2890 2905 2865 2895 2755 2605 2480 1950] [2100 1960 1925 1720 1755 2060 2135 2575]
[2775 2810 2710 2970 2610 2670 2400 1865] [1870 1825 1800 1895 1840 1940 2145 2435]
[2610 2780 2890 2870 2790 2960 2460 2145] [2010 1790 1720 1845 1840 1795 2045 2455]
[3150 2975 2925 2990 2820 2845 2735 2540] [2005 2055 1805 2035 1900 1965 2310 2470]
COM7 1 40
2
[2705 2825 2935 2830 2835 2720 2710 2850] [2120 2145 2065 1880 1935 2070 2485 2630]
[2890 2670 2770 2895 2770 2950 2520 2465] [2115 1915 1905 1850 1820 2155 2465 2615]
[2610 2840 2795 2795 2940 2795 2515 2170] [1945 1755 1835 1835 1915 1975 2400 2700]
[2995 2990 2785 2750 2915 2580 2375 1870] [1815 1590 1755 1745 1795 1985 2240 2350]
[2890 2905 2865 2895 2755 2605 2480 1950] [1760 1695 1765 1680 1775 1835 2100 2215]
[2775 2810 2710 2970 2610 2670 2400 1865] [1635 1660 1745 1825 1855 1775 2000 2125]
[2610 2780 2890 2870 2790 2960 2460 2145] [1690 1695 1865 1805 1790 1735 2015 1990]
[3150 2975 2925 2990 2820 2845 2735 2540] [1820 1900 1875 2040 1705 1760 2030 2065]
COM3 0 41
2
[2640 2770 2580 2705 2915 2855 2785 2475] [2120 2145 2065 1880 1935 2070 2485 2630]
[2655 3010 2865 3045 2830 2785 2745 2480] [2115 1915 1905 1850 1820 2155 2465 2615]
[2815 3060 2825 2805 2975 2800 2750 2335] [1945 1755 1835 1835 1915 1975 2400 2700]
[2640 2880 3065 2845 3020 2635 2675 2050] [1815 1590 1755 1745 1795 1985 2240 2350]
[2935 3010 2825 2960 3025 2835 2805 2370] [1760 1695 1765 1680 1775 1835 2100 2215]
[2935 3130 3220 2895 2900 3005 2690 2520] [1635 1660 1745 1825 1855 1775 2000 2125]
[3020 2790 2835 2935 2940 2935 2905 2445] [1690 1695 1865 1805 1790 1735 2015 1990]
[2970 2905 2965 2860 2935 2850 3075 2705] [1820 1900 1875 2040 1705 1760 2030 2065]
COM7 1 42
2
[2640 2770 2580 2705 2915 2855 2785 2475] [2390 2060 1860 1760 1910 1925 2205 2550]
[2655 3010 2865 3045 2830 2785 2745 2480] [2155 1915 1855 1620 1750 2025 2380 2505]
[2815 3060 2825 2805 2975 2800 2750 2335] [1920 1665 1645 1520 1695 1790 2505 2515]
[2640 2880 3065 2845 3020 2635 2675 2050] [1745 1550 1310 1425 1480 1860 2310 2395]
[2935 3010 2825 2960 3025 2835 2805 2370] [1645 1625 1485 1270 1610 1775 2015 2250]
[2935 3130 3220 2895 2900 3005 2690 2520] [1435 1545 1415 1670 1720 1840 2005 1885]
[3020 2790 2835 2935 2940 2935 2905 2445] [1665 1590 1645 1685 1715 1835 1875 1980]
[2970 2905 2965 2860 2935 2850 3075 2705] [1805 1810 1690 1885 1695 1730 1685 1820]
COM3 0 43
2
[3385 3135 3240 3270 3210 2960 3315 2995] [2390 2060 1860 1760 1910 1925 2205 2550]
[3375 3405 3140 3175 3195 3030 2975 2710] [2155 1915 1855 1620 1750 2025 2380 2505]
[3115 3280 3275 3245 2970 3050 2795 2715] [1920 1665 1645 1520 1695 1790 2505 2515]
[3140 3385 3285 3085 3145 3125 2900 2635] [1745 1550 1310 1425 1480 1860 2310 2395]
[3120 3275 3355 3295 3260 3255 3160 2835] [1645 1625 1485 1270 1610 1775 2015 2250]
[3315 3135 3415 3330 3110 2995 3145 3005] [1435 1545 1415 1670 1720 1840 2005 1885]
[3255 3215 3315 3305 3295 3385 3090 3125] [1665 1590 1645 1685 1715 1835 1875 1980]
[3225 3485 3155 3575 3485 3485 3490 3175] [1805 1810 1690 1885 1695 1730 1685 1820]
COM7 1 44
2
[3385 3135 3240 3270 3210 2960 3315 2995] [2370 2190 2030 1855 1910 1945 2045 2400]
[3375 3405 3140 3175 3195 3030 2975 2710] [2460 2175 2015 1680 1825 1935 2125 2305]
[3115 3280 3275 3245 2970 3050 2795 2715] [2245 1935 1715 1655 1895 1865 1835 2140]
[3140 3385 3285 3085 3145 3125 2900 2635] [1970 1680 1610 1680 1790 1765 1915 1870]
[3120 3275 3355 3295 3260 3255 3160 2835] [2035 1940 1735 1610 1725 1705 1855 1870]
[3315 3135 3415 3330 3110 2995 3145 3005] [2170 2000 1660 1760 1755 1715 1615 1815]
[3255 3215 3315 3305 3295 3385 3090 3125] [2245 2045 1960 1675 1685 1625 1845 1900]
[3225 3485 3155 3575 3485 3485 3490 3175] [2685 2330 2140 2020 1720 1855 1915 1925]
COM3 0 45
2
[2850 2785 2685 2845 2850 2660 2910 2800] [2370 2190 2030 1855 1910 1945 2045 2400]
[2915 2720 2920 2780 2930 2775 2930 2680] [2460 2175 2015 1680 1825 1935 2125 2305]
[3005 3045 2900 2950 2755 2735 2780 3020] [2245 1935 1715 1655 1895 1865 1835 2140]
[2700 2810 2845 2795 2975 2950 2955 2810] [1970 1680 1610 1680 1790 1765 1915 1870]
[2715 2875 2940 2830 3070 2805 3065 2895] [2035 1940 1735 1610 1725 1705 1855 1870]
[3085 2925 3115 3030 3005 2830 3035 2915] [2170 2000 1660 1760 1755 1715 1615 1815]
[2810 2925 2845 3015 3020 3045 2855 2905] [2245 2045 1960 1675 1685 1625 1845 1900]
[3300 2975 2870 2895 2855 2950 3025 2925] [2685 2330 2140 2020 1720 1855 1915 1925]
COM7 1 46
2
[2850 2785 2685 2845 2850 2660 2910 2800] [2425 2035 1935 1845 2115 1975 2060 2525]
[2915 2720 2920 2780 2930 2775 2930 2680] [2400 2105 1800 1860 1980 1900 1940 2230]
[3005 3045 2900 2950 2755 2735 2780 3020] [2370 1720 1680 1885 1960 1900 2195 2280]
[2700 2810 2845 2795 2975 2950 2955 2810] [2240 1755 1650 1775 1815 1860 2010 2085]
[2715 2875 2940 2830 3070 2805 3065 2895] [2115 1690 1685 1625 1825 1845 1960 1965]
[3085 2925 3115 3030 3005 2830 3035 2915] [2575 1915 1720 1845 1820 1800 1940 1730]
[2810 2925 2845 3015 3020 3045 2855 2905] [2705 2430 2175 1815 1980 1805 1810 1705]
[3300 2975 2870 2895 2855 2950 3025 2925] [2940 2620 2360 2475 2135 1805 1800 1785]
COM3 0 47
2
[2910 2735 2895 2930 2985 2730 2850 2970] [2425 2035 1935 1845 2115 1975 2060 2525]
[3035 3075 2850 2675 2910 2845 2750 2910] [2400 2105 1800 1860 1980 1900 1940 2230]
[2865 3020 2805 2875 2805 2940 2890 2870] [2370 1720 1680 1885 1960 1900 2195 2280]
[3115 2745 3055 2870 3100 2930 2795 2980] [2240 1755 1650 1775 1815 1860 2010 2085]
[2970 2985 3040 2975 2990 2965 2985 3110] [2115 1690 1685 1625 1825 1845 1960 1965]
[2850 2990 2965 3000 3025 2975 3075 2950] [2575 1915 1720 1845 1820 1800 1940 1730]
[3110 2905 2825 3110 2910 2900 2740 2710] [2705 2430 2175 1815 1980 1805 1810 1705]
[2980 3085 3030 2745 2945 2990 2940 2760] [2940 2620 2360 2475 2135 1805 1800 1785]
COM7 1 48
2
[2910 2735 2895 2930 2985 2730 2850 2970] [2460 2410 2240 2330 2315 2045 2080 2255]
[3035 3075 2850 2675 2910 2845 2750 2910] [2740 2430 2085 2205 2040 2205 2130 2185]
[2865 3020 2805 2875 2805 2940 2890 2870] [2680 2215 2170 2010 2240 1975 2025 2045]
[3115 2745 3055 2870 3100 2930 2795 2980] [2575 2160 2005 2125 2220 2060 2080 2025]
[2970 2985 3040 2975 2990 2965 2985 3110] [2480 2150 2085 2130 2275 2215 2065 2120]
[2850 2990 2965 3000 3025 2975 3075 2950] [2635 2195 2340 2430 2315 2270 2255 2095]
[3110 2905 2825 3110 2910 2900 2740 2710] [2885 2720 2710 2720 2510 2375 2100 2050]
[2980 3085 3030 2745 2945 2990 2940 2760] [2965 2855 2975 3100 2825 2545 2265 1920]
COM3 0 49
2
[2570 2470 2490 2500 2465 2540 2700 2580] [2460 2410 2240 2330 2315 2045 2080 2255]
[2390 2495 2510 2490 2735 2590 2555 2715] [2740 2430 2085 2205 2040 2205 2130 2185]
[2450 2590 2605 2445 2440 2735 2535 2665] [2680 2215 2170 2010 2240 1975 2025 2045]
[2410 2630 2590 2530 2585 2460 2650 2755] [2575 2160 2005 2125 2220 2060 2080 2025]
[2570 2645 2575 2645 2730 2540 2585 2815] [2480 2150 2085 2130 2275 2215 2065 2120]
[2600 2520 2685 2540 2540 2645 2680 2520] [2635 2195 2340 2430 2315 2270 2255 2095]
[2485 2735 2765 2580 2420 2535 2600 2525] [2885 2720 2710 2720 2510 2375 2100 2050]
[2475 2635 2555 2475 2625 2440 2370 2400] [2965 2855 2975 3100 2825 2545 2265 1920]
COM7 1 50
2
[2570 2470 2490 2500 2465 2540 2700 2580] [2885 2310 2390 2400 2340 2330 2110 2435]
[2390 2495 2510 2490 2735 2590 2555 2715] [2830 2500 2340 2215 2270 2335 2195 2055]
[2450 2590 2605 2445 2440 2735 2535 2665] [2825 2525 2240 2170 2525 2235 2210 2145]
[2410 2630 2590 2530 2585 2460 2650 2755] [2695 2300 2440 2295 2335 2315 2315 2155]
[2570 2645 2575 2645 2730 2540 2585 2815] [2725 2305 2535 2420 2390 2365 2370 2205]
[2600 2520 2685 2540 2540 2645 2680 2520] [2710 2575 2450 2780 2625 2580 2550 2315]
[2485 2735 2765 2580 2420 2535 2600 2525] [3050 3035 3020 2855 3065 2815 2415 2260]
[2475 2635 2555 2475 2625 2440 2370 2400] [3285 3225 3185 3360 3200 2910 2640 2360]
COM3 0 51
2
[2855 2910 2675 2970 2865 2745 2785 2970] [2885 2310 2390 2400 2340 2330 2110 2435]
[3155 2970 2865 3020 3075 2855 2815 2850] [2830 2500 2340 2215 2270 2335 2195 2055]
[2780 3060 3000 2825 2680 2840 2915 2935] [2825 2525 2240 2170 2525 2235 2210 2145]
[2925 2930 3035 2875 2860 2945 2840 2820] [2695 2300 2440 2295 2335 2315 2315 2155]
[2915 2735 3005 2870 2925 2840 2890 2950] [2725 2305 2535 2420 2390 2365 2370 2205]
[2790 3085 2925 3120 2675 3065 3015 2585] [2710 2575 2450 2780 2625 2580 2550 2315]
[2945 3050 3000 2980 2815 3070 2740 2795] [3050 3035 3020 2855 3065 2815 2415 2260]
[2760 2700 2920 3155 2840 2710 2875 2710] [3285 3225 3185 3360 3200 2910 2640 2360]
COM7 1 52
2
[2855 2910 2675 2970 2865 2745 2785 2970] [2495 2165 1945 2005 2180 2070 2045 2200]
[3155 2970 2865 3020 3075 2855 2815 2850] [2500 2255 1985 1985 2045 2085 1950 1825]
[2780 3060 3000 2825 2680 2840 2915 2935] [2365 2150 2050 1975 2235 2205 2075 1945]
[2925 2930 3035 2875 2860 2945 2840 2820] [2650 2265 2115 2310 2380 2295 2225 2015]
[2915 2735 3005 2870 2925 2840 2890 2950] [2540 2440 2485 2390 2525 2435 2320 2035]
[2790 3085 2925 3120 2675 3065 3015 2585] [2565 2605 2505 2730 2785 2560 2305 2285]
[2945 3050 3000 2980 2815 3070 2740 2795] [3000 2875 3025 2910 3120 2850 2240 2120]
[2760 2700 2920 3155 2840 2710 2875 2710] [2980 2950 2940 3150 2965 2500 2385 2030]
COM3 0 53
2
[2990 2435 2710 2620 2770 2840 2860 2905] [2495 2165 1945 2005 2180 2070 2045 2200]
[2860 2780 2725 2750 2860 2815 2815 2945] [2500 2255 1985 1985 2045 2085 1950 1825]
[2770 3015 2860 2735 2870 2980 2820 3000] [2365 2150 2050 1975 2235 2205 2075 1945]
[2945 3030 2860 2730 2835 3075 2925 2555] [2650 2265 2115 2310 2380 2295 2225 2015]
[2915 2775 2895 2795 2770 2855 3040 2660] [2540 2440 2485 2390 2525 2435 2320 2035]
[3000 2985 2915 2940 2905 2720 3065 2700] [2565 2605 2505 2730 2785 2560 2305 2285]
[2815 2730 2745 3195 2875 3135 2665 2715] [3000 2875 3025 2910 3120 2850 2240 2120]
[3065 2895 2910 2750 3040 2975 3125 3120] [2980 2950 2940 3150 2965 2500 2385 2030]
COM7 1 54
2
[2990 2435 2710 2620 2770 2840 2860 2905] [2530 2505 2510 2350 2545 2420 2475 2400]
[2860 2780 2725 2750 2860 2815 2815 2945] [2590 2615 2690 2620 2690 2695 2660 2335]
[2770 3015 2860 2735 2870 2980 2820 3000] [2870 2945 2905 2775 2905 2840 2665 2540]
[2945 3030 2860 2730 2835 3075 2925 2555] [3070 2945 3020 2930 2960 2845 2795 2580]
[2915 2775 2895 2795 2770 2855 3040 2660] [3050 3085 3075 2925 2965 2910 2835 2655]
[3000 2985 2915 2940 2905 2720 3065 2700] [2875 3095 3070 3115 3030 2940 2850 2660]
[2815 2730 2745 3195 2875 3135 2665 2715] [3090 3215 3120 3100 2925 2955 2865 2795]
[3065 2895 2910 2750 3040 2975 3125 3120] [3160 3135 3210 3080 3005 2820 2760 2680]
COM3 0 55
2
[2975 2895 2740 2830 2815 2825 3040 2985] [2530 2505 2510 2350 2545 2420 2475 2400]
[3000 2955 2870 2910 2920 3055 2840 2960] [2590 2615 2690 2620 2690 2695 2660 2335]
[2760 2845 2870 2735 2905 3040 2870 2950] [2870 2945 2905 2775 2905 2840 2665 2540]
[2735 2755 3060 2815 3015 2825 2970 2810] [3070 2945 3020 2930 2960 2845 2795 2580]
[3015 3160 3000 2975 2940 2900 3010 2990] [3050 3085 3075 2925 2965 2910 2835 2655]
[3075 2985 3000 2885 2945 2945 2905 2685] [2875 3095 3070 3115 3030 2940 2850 2660]
[3045 3115 2910 3175 3035 3075 2880 2615] [3090 3215 3120 3100 2925 2955 2865 2795]
[3220 2690 3010 2970 2940 3115 3115 3010] [3160 3135 3210 3080 3005 2820 2760 2680]
COM7 1 56
2
[2975 2895 2740 2830 2815 2825 3040 2985] [2875 2745 2630 2540 2625 2370 2225 2200]
[3000 2955 2870 2910 2920 3055 2840 2960] [3000 2955 3155 2845 2780 2895 2610 2425]
[2760 2845 2870 2735 2905 3040 2870 2950] [3245 3040 3150 3025 3170 2845 2895 2555]
[2735 2755 3060 2815 3015 2825 2970 2810] [3105 3150 3100 3055 3010 2950 2890 2615]
[3015 3160 3000 2975 2940 2900 3010 2990] [3260 3125 3145 2855 3090 2965 3055 2680]
[3075 2985 3000 2885 2945 2945 2905 2685] [3010 3000 3110 3040 3050 3080 2955 2825]
[3045 3115 2910 3175 3035 3075 2880 2615] [3240 3245 3235 3190 3055 3010 3060 2900]
[3220 2690 3010 2970 2940 3115 3115 3010] [3025 3240 3125 3080 3030 3055 3100 2885]
COM3 0 57
2
[3155 2805 2835 2910 2850 2875 2790 2880] [2875 2745 2630 2540 2625 2370 2225 2200]
[3140 2975 3030 2905 2835 2850 2980 2775] [3000 2955 3155 2845 2780 2895 2610 2425]
[2825 2815 3060 2890 2970 2805 2915 3020] [3245 3040 3150 3025 3170 2845 2895 2555]
[2970 2905 2875 3015 2990 2985 2940 2840] [3105 3150 3100 3055 3010 2950 2890 2615]
[3035 3115 3100 2850 3200 2745 2995 3040] [3260 3125 3145 2855 3090 2965 3055 2680]
[3085 2885 2970 3065 2815 3065 2985 2895] [3010 3000 3110 3040 3050 3080 2955 2825]
[2725 2965 2925 2855 2960 2895 2880 2815] [3240 3245 3235 3190 3055 3010 3060 2900]
[2940 2690 2695 2890 3025 2965 3105 2860] [3025 3240 3125 3080 3030 3055 3100 2885]
COM7 1 58
2
[3155 2805 2835 2910 2850 2875 2790 2880] [2785 2655 2810 2660 2700 2450 2300 2080]
[3140 2975 3030 2905 2835 2850 2980 2775] [3070 3010 3095 2990 2845 2895 2485 2295]
[2825 2815 3060 2890 2970 2805 2915 3020] [3050 3135 3035 2925 2990 2855 2860 2530]
[2970 2905 2875 3015 2990 2985 2940 2840] [3225 3205 3160 3055 3050 2945 3025 2660]
[3035 3115 3100 2850 3200 2745 2995 3040] [3165 3185 3150 3030 3050 2925 3100 2795]
[3085 2885 2970 3065 2815 3065 2985 2895] [2855 3175 3135 3145 3015 3025 3145 2805]
[2725 2965 2925 2855 2960 2895 2880 2815] [3160 3145 3180 3140 3140 3150 3060 2740]
[2940 2690 2695 2890 3025 2965 3105 2860] [3220 3195 3240 3035 3055 2925 2940 2720]
COM3 0 59
2
[3040 3010 2860 2870 2775 2875 2970 2870] [2785 2655 2810 2660 2700 2450 2300 2080]
[2970 2930 2955 3000 2865 2885 2985 2750] [3070 3010 3095 2990 2845 2895 2485 2295]
[2910 2960 3025 2780 2875 2935 2840 3060] [3050 3135 3035 2925 2990 2855 2860 2530]
[2775 2810 3045 2895 2980 2890 2880 2845] [3225 3205 3160 3055 3050 2945 3025 2660]
[3045 3075 3105 3030 3040 3105 2955 3050] [3165 3185 3150 3030 3050 2925 3100 2795]
[3075 3045 2880 3035 2795 3025 3150 3150] [2855 3175 3135 3145 3015 3025 3145 2805]
[3085 2970 3020 3135 3095 3050 2780 2710] [3160 3145 3180 3140 3140 3150 3060 2740]
[3065 2920 3160 3020 3050 2965 2815 2970] [3220 3195 3240 3035 3055 2925 2940 2720]
COM7 1 60
2
[3040 3010 2860 2870 2775 2875 2970 2870] [3005 2905 2965 2665 2715 2475 2470 2410]
[2970 2930 2955 3000 2865 2885 2985 2750] [3260 3110 2985 2985 2840 2765 2560 2405]
[2910 2960 3025 2780 2875 2935 2840 3060] [3040 3115 3060 3035 3120 3015 2775 2585]
[2775 2810 3045 2895 2980 2890 2880 2845] [3315 3040 3185 3055 3050 3065 2985 2645]
[3045 3075 3105 3030 3040 3105 2955 3050] [3165 3400 3025 3030 3155 3070 2855 2975]
[3075 3045 2880 3035 2795 3025 3150 3150] [3080 3090 3310 3045 3055 3070 3040 2890]
[3085 2970 3020 3135 3095 3050 2780 2710] [3255 3285 3225 2955 3140 3075 2910 2915]
[3065 2920 3160 3020 3050 2965 2815 2970] [3025 3085 3140 3235 3060 2970 2905 2975]
COM3 0 61
2
[2735 2660 2940 2980 2945 2790 2955 2885] [3005 2905 2965 2665 2715 2475 2470 2410]
[2915 2975 2980 2865 2920 2890 3010 2855] [3260 3110 2985 2985 2840 2765 2560 2405]
[2790 2900 2915 2935 2965 2810 2820 2745] [3040 3115 3060 3035 3120 3015 2775 2585]
[2970 3200 3095 2810 2915 2930 2920 3060] [3315 3040 3185 3055 3050 3065 2985 2645]
[2940 2880 3100 2985 3035 2840 3010 3125] [3165 3400 3025 3030 3155 3070 2855 2975]
[3070 3230 2890 3050 2925 3025 3070 3005] [3080 3090 3310 3045 3055 3070 3040 2890]
[2585 3105 2935 2920 3005 3010 2930 2960] [3255 3285 3225 2955 3140 3075 2910 2915]
[3200 2940 2965 2975 3025 2805 3045 2800] [3025 3085 3140 3235 3060 2970 2905 2975]
COM7 1 62
2
[2735 2660 2940 2980 2945 2790 2955 2885] [2905 2800 2955 2770 2675 2500 2380 2190]
[2915 2975 2980 2865 2920 2890 3010 2855] [3300 2985 3085 2970 2940 2785 2700 2325]
[2790 2900 2915 2935 2965 2810 2820 2745] [3060 3135 2990 3070 3065 2915 2810 2605]
[2970 3200 3095 2810 2915 2930 2920 3060] [3405 3125 3180 3100 3090 2960 2905 2625]
[2940 2880 3100 2985 3035 2840 3010 3125] [3050 3155 3145 2965 3070 2995 2940 2775]
[3070 3230 2890 3050 2925 3025 3070 3005] [2970 3230 3105 3180 3080 3160 2870 2825]
[2585 3105 2935 2920 3005 3010 2930 2960] [3170 3145 3225 3035 3050 3170 3020 2950]
[3200 2940 2965 2975 3025 2805 3045 2800] [3025 3005 3195 3350 3145 3005 2960 2860]
COM3 0 63
2
[2990 2860 2785 2855 2985 2920 2950 2790] [2905 2800 2955 2770 2675 2500 2380 2190]
[3000 2910 2850 2840 3025 3010 2990 3010] [3300 2985 3085 2970 2940 2785 2700 2325]
[2860 2945 3100 2895 2925 3025 2905 2930] [3060 3135 2990 3070 3065 2915 2810 2605]
[3140 2965 3030 2910 2975 2810 2745 2960] [3405 3125 3180 3100 3090 2960 2905 2625]
[2970 2920 2745 2990 3115 2795 2870 3080] [3050 3155 3145 2965 3070 2995 2940 2775]
[2870 2875 3025 3070 2675 3125 2935 2990] [2970 3230 3105 3180 3080 3160 2870 2825]
[2945 3100 2925 3090 3230 2970 3075 2950] [3170 3145 3225 3035 3050 3170 3020 2950]
[2905 3110 2870 3030 2900 3110 3235 2905] [3025 3005 3195 3350 3145 3005 2960 2860]
COM7 1 64
2
[2990 2860 2785 2855 2985 2920 2950 2790] [2720 2765 3045 2740 2600 2680 2400 2190]
[3000 2910 2850 2840 3025 3010 2990 3010] [3075 2980 3030 2975 2940 2920 2730 2450]
[2860 2945 3100 2895 2925 3025 2905 2930] [3275 3190 3205 3015 3100 2885 2895 2580]
[3140 2965 3030 2910 2975 2810 2745 2960] [3010 3245 3030 3040 3005 2890 3045 2715]
[2970 2920 2745 2990 3115 2795 2870 3080] [3240 3150 3145 2965 3150 3005 2965 2650]
[2870 2875 3025 3070 2675 3125 2935 2990] [2985 3205 3205 3160 3000 3065 3040 2985]
[2945 3100 2925 3090 3230 2970 3075 2950] [3170 3365 3190 3180 3355 2990 2895 3055]
[2905 3110 2870 3030 2900 3110 3235 2905] [3310 2965 3155 3175 3045 3065 2870 2885]
COM3 0 65
2
[2780 2775 2740 2965 2825 2915 2795 2930] [2720 2765 3045 2740 2600 2680 2400 2190]
[2910 2995 2915 2750 2780 2920 2945 2935] [3075 2980 3030 2975 2940 2920 2730 2450]
[2970 3045 2915 2890 2845 2925 2865 2960] [3275 3190 3205 3015 3100 2885 2895 2580]
[2990 2685 2995 2805 2945 2885 2950 3050] [3010 3245 3030 3040 3005 2890 3045 2715]
[3145 2905 2865 2850 3035 2900 3075 2945] [3240 3150 3145 2965 3150 3005 2965 2650]
[3000 3010 3040 3030 2920 3130 3035 3050] [2985 3205 3205 3160 3000 3065 3040 2985]
[2810 3030 3025 3090 3035 2985 2850 3040] [3170 3365 3190 3180 3355 2990 2895 3055]
[2930 3215 3045 2835 3045 2945 2640 2835] [3310 2965 3155 3175 3045 3065 2870 2885]