COM3 1 6
2
[2550 2900 2950 2950 2965 2925 2935 3045] [3165 3175 3160 3105 3090 3085 3150 3200]
[2725 3090 2985 2860 3030 3020 3100 3025] [3025 3215 3190 3085 3120 3125 3180 3205]
[2485 2960 2985 2985 3040 3095 3005 3075] [3220 3230 3240 3145 3245 3175 3150 3195]
[2805 2895 3070 3045 3090 3105 2885 3165] [3225 3195 3200 3230 3145 3135 3180 3120]
[2675 3015 3115 3100 3225 3015 3035 3215] [3345 3245 3255 3130 3185 3210 3210 3305]
[2655 3165 3095 3205 3100 3080 3240 3065] [3180 3205 3150 3235 3170 3160 3255 3290]
[2820 3010 3070 3190 3045 3120 3150 3045] [3175 3340 3315 3130 3185 3295 3210 3345]
[2635 2855 3000 3035 3060 3080 3115 3025] [3355 3300 3270 3435 3240 3175 3245 3230]
COM7 0 7
2
[2485 2800 2750 2880 2735 2975 2965 3055] [3165 3175 3160 3105 3090 3085 3150 3200]
[2475 2850 2945 2860 2930 2905 2910 3060] [3025 3215 3190 3085 3120 3125 3180 3205]
[2340 3000 3025 2870 2895 2990 2905 2970] [3220 3230 3240 3145 3245 3175 3150 3195]
[2460 2805 3010 2750 3045 2945 3000 3030] [3225 3195 3200 3230 3145 3135 3180 3120]
[2335 2740 2965 3045 3070 3045 3095 3095] [3345 3245 3255 3130 3185 3210 3210 3305]
[2175 2825 3045 3090 2835 2915 3075 2975] [3180 3205 3150 3235 3170 3160 3255 3290]
[2350 2900 2950 3025 3150 3005 2925 3030] [3175 3340 3315 3130 3185 3295 3210 3345]
[2410 3020 3075 3055 3005 3005 3135 3010] [3355 3300 3270 3435 3240 3175 3245 3230]
COM3 1 8
2
[2485 2800 2750 2880 2735 2975 2965 3055] [3205 3345 3280 3245 3220 3115 3200 3275]
[2475 2850 2945 2860 2930 2905 2910 3060] [3330 3295 3285 3250 3125 3225 3280 3155]
[2340 3000 3025 2870 2895 2990 2905 2970] [3335 3310 3365 3345 3320 3270 3200 3225]
[2460 2805 3010 2750 3045 2945 3000 3030] [3295 3245 3395 3240 3205 3210 3260 3285]
[2335 2740 2965 3045 3070 3045 3095 3095] [3210 3400 3310 3175 3345 3210 3405 3320]
[2175 2825 3045 3090 2835 2915 3075 2975] [3170 3250 3295 3240 3240 3355 3350 3295]
[2350 2900 2950 3025 3150 3005 2925 3030] [3465 3435 3275 3235 3245 3235 3300 3340]
[2410 3020 3075 3055 3005 3005 3135 3010] [3370 3305 3385 3380 3225 3310 3320 3395]
COM7 0 9
2
[2350 2715 2720 2890 2915 2825 3055 2960] [3205 3345 3280 3245 3220 3115 3200 3275]
[2365 2790 2965 2965 2935 3085 2980 2940] [3330 3295 3285 3250 3125 3225 3280 3155]
[2095 2745 2965 2985 2870 2850 3040 3085] [3335 3310 3365 3345 3320 3270 3200 3225]
[2115 2625 2905 2720 3080 3065 2990 2855] [3295 3245 3395 3240 3205 3210 3260 3285]
[2320 2675 2945 2835 3040 2990 3125 2850] [3210 3400 3310 3175 3345 3210 3405 3320]
[2035 2635 2875 2940 2940 2995 3190 3005] [3170 3250 3295 3240 3240 3355 3350 3295]
[2155 2720 2845 3105 3005 3015 2805 3125] [3465 3435 3275 3235 3245 3235 3300 3340]
[2100 2585 3195 2970 3130 3125 3215 3080] [3370 3305 3385 3380 3225 3310 3320 3395]
COM3 1 10
2
[2350 2715 2720 2890 2915 2825 3055 2960] [3050 3120 3260 3105 3120 3140 3195 3230]
[2365 2790 2965 2965 2935 3085 2980 2940] [3150 3130 3190 3145 3080 3220 3175 3085]
[2095 2745 2965 2985 2870 2850 3040 3085] [3250 3185 3275 3060 3245 3170 3200 3155]
[2115 2625 2905 2720 3080 3065 2990 2855] [3115 3060 3215 3120 3185 3335 3235 3105]
[2320 2675 2945 2835 3040 2990 3125 2850] [3280 3235 3180 3065 3090 3225 3280 3215]
[2035 2635 2875 2940 2940 2995 3190 3005] [3135 3240 3200 3245 3285 3255 3305 3200]
[2155 2720 2845 3105 3005 3015 2805 3125] [3310 3210 3285 3195 3150 3235 3205 3340]
[2100 2585 3195 2970 3130 3125 3215 3080] [3210 3285 3245 3380 3210 3135 3345 3320]
COM7 0 11
2
[2335 2605 2845 2790 2895 2870 2995 3105] [3050 3120 3260 3105 3120 3140 3195 3230]
[2325 2900 2810 3025 3015 2975 2985 2890] [3150 3130 3190 3145 3080 3220 3175 3085]
[2240 2605 2940 2890 2865 2940 2975 2980] [3250 3185 3275 3060 3245 3170 3200 3155]
[2015 2530 2820 3105 2950 2855 2970 2975] [3115 3060 3215 3120 3185 3335 3235 3105]
[2055 2465 2945 2940 2850 2925 3280 3150] [3280 3235 3180 3065 3090 3225 3280 3215]
[1740 2505 2815 3095 2950 3145 3200 3035] [3135 3240 3200 3245 3285 3255 3305 3200]
[1745 2430 2805 2900 2910 3135 2985 3115] [3310 3210 3285 3195 3150 3235 3205 3340]
[1895 2460 2800 3030 3045 3090 3160 2915] [3210 3285 3245 3380 3210 3135 3345 3320]
COM3 1 12
2
[2335 2605 2845 2790 2895 2870 2995 3105] [3145 3120 3255 3135 3055 3075 3230 3200]
[2325 2900 2810 3025 3015 2975 2985 2890] [3200 3135 3140 3180 2965 3225 3180 3095]
[2240 2605 2940 2890 2865 2940 2975 2980] [3260 3115 3200 3215 3175 3090 3200 3160]
[2015 2530 2820 3105 2950 2855 2970 2975] [3175 3250 3290 3040 3170 3135 3180 3115]
[2055 2465 2945 2940 2850 2925 3280 3150] [3235 3235 3165 3255 3225 3210 3295 3345]
[1740 2505 2815 3095 2950 3145 3200 3035] [3170 3175 3205 3235 3270 3285 3340 3265]
[1745 2430 2805 2900 2910 3135 2985 3115] [3300 3325 3175 3235 3245 3195 3280 3115]
[1895 2460 2800 3030 3045 3090 3160 2915] [3290 3295 3265 3360 3115 3255 3245 3225]
COM7 0 13
2
[2330 2580 2865 2950 2870 2855 3155 3100] [3145 3120 3255 3135 3055 3075 3230 3200]
[2270 2715 2855 3015 2945 3000 2920 3005] [3200 3135 3140 3180 2965 3225 3180 3095]
[1820 2275 2815 2905 2960 3025 2960 3130] [3260 3115 3200 3215 3175 3090 3200 3160]
[1630 2095 2565 2735 3090 2970 3040 3075] [3175 3250 3290 3040 3170 3135 3180 3115]
[1635 1745 2390 2645 3145 2865 3175 3180] [3235 3235 3165 3255 3225 3210 3295 3345]
[1565 1730 2330 2740 2965 2925 3220 3015] [3170 3175 3205 3235 3270 3285 3340 3265]
[1430 1705 1955 2660 2905 3005 3070 3080] [3300 3325 3175 3235 3245 3195 3280 3115]
[1555 1520 2040 2580 2970 3075 3095 3125] [3290 3295 3265 3360 3115 3255 3245 3225]
COM3 1 14
2
[2330 2580 2865 2950 2870 2855 3155 3100] [3075 3105 3110 3135 3150 3010 3135 3215]
[2270 2715 2855 3015 2945 3000 2920 3005] [3025 3160 3190 3085 3065 3160 3150 3125]
[1820 2275 2815 2905 2960 3025 2960 3130] [3125 3150 3160 3060 3150 3120 3150 3015]
[1630 2095 2565 2735 3090 2970 3040 3075] [3250 3120 3290 3240 3105 3185 3090 3125]
[1635 1745 2390 2645 3145 2865 3175 3180] [3165 3170 3250 3050 3230 3135 3170 3080]
[1565 1730 2330 2740 2965 2925 3220 3015] [3160 3125 3145 3235 3210 3175 3255 3250]
[1430 1705 1955 2660 2905 3005 3070 3080] [3190 3260 3210 3215 3160 3105 3345 3340]
[1555 1520 2040 2580 2970 3075 3095 3125] [3210 3195 3365 3300 3165 3255 3150 3305]
COM7 0 15
2
[1870 2205 2515 2845 2845 2940 3035 2920] [3075 3105 3110 3135 3150 3010 3135 3215]
[1800 1975 2350 2780 2815 2745 2945 2765] [3025 3160 3190 3085 3065 3160 3150 3125]
[1495 1640 2050 2485 2795 2895 2985 2980] [3125 3150 3160 3060 3150 3120 3150 3015]
[1525 1530 1920 2215 2590 3030 2870 3000] [3250 3120 3290 3240 3105 3185 3090 3125]
[1610 1530 1625 1920 2370 2620 3025 3055] [3165 3170 3250 3050 3230 3135 3170 3080]
[1615 1485 1690 1855 2225 2595 3210 3105] [3160 3125 3145 3235 3210 3175 3255 3250]
[1520 1610 1550 1825 2055 2570 2935 2935] [3190 3260 3210 3215 3160 3105 3345 3340]
[1510 1605 1560 1775 2120 2800 2975 2885] [3210 3195 3365 3300 3165 3255 3150 3305]
COM3 1 16
2
[1870 2205 2515 2845 2845 2940 3035 2920] [3250 3410 3280 3300 3215 3215 3340 3390]
[1800 1975 2350 2780 2815 2745 2945 2765] [3330 3310 3340 3200 3255 3300 3285 3185]
[1495 1640 2050 2485 2795 2895 2985 2980] [3335 3350 3345 3335 3295 3090 3200 3150]
[1525 1530 1920 2215 2590 3030 2870 3000] [3295 3160 3305 3230 3205 3110 3170 3195]
[1610 1530 1625 1920 2370 2620 3025 3055] [3435 3355 3350 3090 3235 3350 3370 3320]
[1615 1485 1690 1855 2225 2595 3210 3105] [3205 3360 3295 3355 3265 3355 3400 3240]
[1520 1610 1550 1825 2055 2570 2935 2935] [3225 3415 3375 3310 3250 3235 3250 3405]
[1510 1605 1560 1775 2120 2800 2975 2885] [3305 3435 3445 3305 3465 3165 3245 3320]
COM7 0 17
2
[1610 1525 1590 1955 2420 2780 3020 2825] [3250 3410 3280 3300 3215 3215 3340 3390]
[1730 1685 1660 1845 2240 2660 2840 2810] [3330 3310 3340 3200 3255 3300 3285 3185]
[1645 1550 1615 1715 2065 2515 2965 2990] [3335 3350 3345 3335 3295 3090 3200 3150]
[1795 1560 1745 1660 1875 2170 2640 2620] [3295 3160 3305 3230 3205 3110 3170 3195]
[1885 1680 1720 1575 1775 1885 2475 2705] [3435 3355 3350 3090 3235 3350 3370 3320]
[1920 1745 1725 1555 1580 1945 2380 2745] [3205 3360 3295 3355 3265 3355 3400 3240]
[1790 1605 1600 1595 1395 1765 2245 2960] [3225 3415 3375 3310 3250 3235 3250 3405]
[1880 1555 1555 1560 1505 1875 2400 2965] [3305 3435 3445 3305 3465 3165 3245 3320]
COM3 1 18
2
[1610 1525 1590 1955 2420 2780 3020 2825] [3350 3285 3415 3310 3135 3245 3150 3250]
[1730 1685 1660 1845 2240 2660 2840 2810] [3300 3345 3385 3250 3150 3300 3275 3155]
[1645 1550 1615 1715 2065 2515 2965 2990] [3260 3345 3400 3310 3280 3220 3260 3235]
[1795 1560 1745 1660 1875 2170 2640 2620] [3275 3125 3315 3365 3285 3215 3275 3295]
[1885 1680 1720 1575 1775 1885 2475 2705] [3335 3415 3300 3140 3325 3225 3260 3230]
[1920 1745 1725 1555 1580 1945 2380 2745] [3190 3355 3280 3235 3285 3315 3385 3300]
[1790 1605 1600 1595 1395 1765 2245 2960] [3360 3340 3405 3320 3245 3285 3300 3445]
[1880 1555 1555 1560 1505 1875 2400 2965] [3315 3305 3315 3495 3250 3255 3245 3320]
COM7 0 19
2
[2085 2105 2035 2195 1945 1785 2120 2785] [3350 3285 3415 3310 3135 3245 3150 3250]
[2085 2130 2185 2205 1920 1805 1990 2525] [3300 3345 3385 3250 3150 3300 3275 3155]
[1975 2045 2095 2080 1785 1760 1930 2480] [3260 3345 3400 3310 3280 3220 3260 3235]
[2070 1960 2100 2010 1875 1700 1875 2325] [3275 3125 3315 3365 3285 3215 3275 3295]
[2060 1900 1890 1985 1800 1695 1805 2110] [3335 3415 3300 3140 3325 3225 3260 3230]
[2100 1940 1955 1800 1750 1530 1700 2070] [3190 3355 3280 3235 3285 3315 3385 3300]
[2240 1885 1770 1755 1630 1720 1590 2010] [3360 3340 3405 3320 3245 3285 3300 3445]
[2280 1810 1815 1560 1575 1595 1800 2460] [3315 3305 3315 3495 3250 3255 3245 3320]
COM3 1 20
2
[2085 2105 2035 2195 1945 1785 2120 2785] [3135 3120 3215 3145 3135 3095 3205 3240]
[2085 2130 2185 2205 1920 1805 1990 2525] [3165 3180 3205 3130 3075 3190 3140 3125]
[1975 2045 2095 2080 1785 1760 1930 2480] [3180 3345 3150 3045 3230 3010 3100 3150]
[2070 1960 2100 2010 1875 1700 1875 2325] [3360 3000 3230 3180 3055 3175 3015 3145]
[2060 1900 1890 1985 1800 1695 1805 2110] [3340 3400 3135 3045 3080 2990 3235 3135]
[2100 1940 1955 1800 1750 1530 1700 2070] [3075 3175 3140 3225 3135 3265 3280 3260]
[2240 1885 1770 1755 1630 1720 1590 2010] [3350 3305 3310 3200 3250 3185 3370 3345]
[2280 1810 1815 1560 1575 1595 1800 2460] [3210 3440 3265 3420 3220 3195 3245 3320]
COM7 0 21
2
[2030 1755 2005 2405 2515 2435 2120 1860] [3135 3120 3215 3145 3135 3095 3205 3240]
[2255 1975 1950 2335 2495 2350 2130 1830] [3165 3180 3205 3130 3075 3190 3140 3125]
[2295 2070 1965 2030 2185 2175 1945 1695] [3180 3345 3150 3045 3230 3010 3100 3150]
[2680 2310 1955 2005 2035 2005 1950 1550] [3360 3000 3230 3180 3055 3175 3015 3145]
[2720 2380 2080 1790 1920 1775 1800 1625] [3340 3400 3135 3045 3080 2990 3235 3135]
[2740 2365 2100 1970 1610 1650 1680 1645] [3075 3175 3140 3225 3135 3265 3280 3260]
[2695 2515 2080 1720 1700 1635 1490 1560] [3350 3305 3310 3200 3250 3185 3370 3345]
[2925 2295 1920 1595 1490 1585 1540 1650] [3210 3440 3265 3420 3220 3195 3245 3320]
COM3 1 22
2
[2030 1755 2005 2405 2515 2435 2120 1860] [3140 3025 3190 3155 3130 2995 3165 3280]
[2255 1975 1950 2335 2495 2350 2130 1830] [3210 3215 3240 3180 3065 3220 3130 3145]
[2295 2070 1965 2030 2185 2175 1945 1695] [3085 3155 3165 3125 3175 3075 3100 3105]
[2680 2310 1955 2005 2035 2005 1950 1550] [3260 3250 3235 3115 3105 3130 3080 3145]
[2720 2380 2080 1790 1920 1775 1800 1625] [3375 3235 3220 3250 3100 3320 3150 3235]
[2740 2365 2100 1970 1610 1650 1680 1645] [3270 3180 3150 3240 3210 3125 3280 3375]
[2695 2515 2080 1720 1700 1635 1490 1560] [3340 3340 3300 3210 3395 3255 3280 3310]
[2925 2295 1920 1595 1490 1585 1540 1650] [3180 3310 3265 3305 3205 3310 3235 3290]
COM7 0 23
2
[2310 2100 1825 2035 2100 2185 2400 2050] [3140 3025 3190 3155 3130 2995 3165 3280]
[2580 2410 2070 1985 1970 2040 2040 1800] [3210 3215 3240 3180 3065 3220 3130 3145]
[2730 2685 2445 2170 1965 1920 1855 1760] [3085 3155 3165 3125 3175 3075 3100 3105]
[3005 2675 2630 2450 2035 1830 1610 1525] [3260 3250 3235 3115 3105 3130 3080 3145]
[2885 2795 2950 2555 2130 1675 1720 1550] [3375 3235 3220 3250 3100 3320 3150 3235]
[2860 2935 2635 2365 1870 1745 1615 1415] [3270 3180 3150 3240 3210 3125 3280 3375]
[2960 2845 2725 2175 1845 1595 1310 1370] [3340 3340 3300 3210 3395 3255 3280 3310]
[3300 2830 2540 2005 1690 1525 1525 1425] [3180 3310 3265 3305 3205 3310 3235 3290]
COM3 1 24
2
[2310 2100 1825 2035 2100 2185 2400 2050] [2935 3100 3160 3155 3095 3065 3125 3215]
[2580 2410 2070 1985 1970 2040 2040 1800] [2720 3215 3245 3095 3115 3255 3175 3175]
[2730 2685 2445 2170 1965 1920 1855 1760] [2745 3135 3195 3270 3255 3075 3195 3155]
[3005 2675 2630 2450 2035 1830 1610 1525] [2725 3185 3185 3190 3190 3175 3275 3135]
[2885 2795 2950 2555 2130 1675 1720 1550] [2845 3300 3200 3035 3215 3300 3205 3250]
[2860 2935 2635 2365 1870 1745 1615 1415] [2960 3230 3240 3190 3195 3265 3260 3380]
[2960 2845 2725 2175 1845 1595 1310 1370] [3090 3340 3290 3225 3185 3075 3215 3260]
[3300 2830 2540 2005 1690 1525 1525 1425] [3210 3265 3235 3380 3095 3240 3375 3300]
COM7 0 25
2
[2520 2315 1915 2090 1845 1765 2000 1775] [2935 3100 3160 3155 3095 3065 3125 3215]
[2775 2680 2425 2315 2200 1970 1865 1700] [2720 3215 3245 3095 3115 3255 3175 3175]
[2770 2995 2790 2700 2465 2135 1960 1770] [2745 3135 3195 3270 3255 3075 3195 3155]
[3005 2945 2975 2685 2565 2360 1880 1570] [2725 3185 3185 3190 3190 3175 3275 3135]
[2960 2855 2805 2875 2665 1935 1815 1605] [2845 3300 3200 3035 3215 3300 3205 3250]
[2685 2800 3055 2450 2150 1840 1645 1460] [2960 3230 3240 3190 3195 3265 3260 3380]
[2850 2895 2515 2205 1760 1625 1470 1455] [3090 3340 3290 3225 3185 3075 3215 3260]
[3000 2435 2080 1700 1595 1425 1555 1470] [3210 3265 3235 3380 3095 3240 3375 3300]
COM3 1 26
2
[2520 2315 1915 2090 1845 1765 2000 1775] [2125 2775 3130 3205 3005 3060 3025 3265]
[2775 2680 2425 2315 2200 1970 1865 1700] [2080 2620 3170 3085 3105 3180 3175 2930]
[2770 2995 2790 2700 2465 2135 1960 1770] [2040 2470 2995 3150 3140 3120 3200 3160]
[3005 2945 2975 2685 2565 2360 1880 1570] [2090 2435 2945 3125 3130 3075 3275 3270]
[2960 2855 2805 2875 2665 1935 1815 1605] [2110 2585 2975 3170 3190 3195 3195 3150]
[2685 2800 3055 2450 2150 1840 1645 1460] [2410 2700 3150 3235 3255 3120 3210 3345]
[2850 2895 2515 2205 1760 1625 1470 1455] [2690 2870 3100 3165 3160 3180 3235 3340]
[3000 2435 2080 1700 1595 1425 1555 1470] [2770 2925 2725 2895 3115 3190 3215 3195]
COM7 0 27
2
[2630 2475 2300 2265 2155 2065 1840 1580] [2125 2775 3130 3205 3005 3060 3025 3265]
[2825 2790 2720 2635 2500 2310 1865 1705] [2080 2620 3170 3085 3105 3180 3175 2930]
[2900 2860 2870 2840 2655 2320 2040 1800] [2040 2470 2995 3150 3140 3120 3200 3160]
[2990 2945 2825 2640 2470 2060 1840 1610] [2090 2435 2945 3125 3130 3075 3275 3270]
[3135 2975 2875 2480 2145 1690 1745 1480] [2110 2585 2975 3170 3190 3195 3195 3150]
[2560 2775 2435 2125 1705 1545 1645 1375] [2410 2700 3150 3235 3255 3120 3210 3345]
[2995 2540 2115 1825 1465 1470 1305 1360] [2690 2870 3100 3165 3160 3180 3235 3340]
[2640 2330 2045 1420 1430 1505 1515 1490] [2770 2925 2725 2895 3115 3190 3215 3195]
COM3 1 28
2
[2630 2475 2300 2265 2155 2065 1840 1580] [1915 2455 2910 3135 3105 3135 3165 3255]
[2825 2790 2720 2635 2500 2310 1865 1705] [1850 2270 2715 3000 3180 3185 3225 3070]
[2900 2860 2870 2840 2655 2320 2040 1800] [1745 2095 2540 3040 3270 3150 3150 3145]
[2990 2945 2825 2640 2470 2060 1840 1610] [1845 2100 2500 2945 3135 3040 3355 3175]
[3135 2975 2875 2480 2145 1690 1745 1480] [2025 2330 2720 3000 3205 3205 3205 3310]
[2560 2775 2435 2125 1705 1545 1645 1375] [2140 2560 3005 3315 3265 3265 3295 3125]
[2995 2540 2115 1825 1465 1470 1305 1360] [2510 3040 3305 3130 3195 3020 2995 3170]
[2640 2330 2045 1420 1430 1505 1515 1490] [2970 3090 3255 3415 3230 2940 2685 2755]
COM7 0 29
2
[2600 2460 2305 2550 2380 2145 1985 1720] [1915 2455 2910 3135 3105 3135 3165 3255]
[2815 2865 2755 2780 2580 2285 2165 1560] [1850 2270 2715 3000 3180 3185 3225 3070]
[2995 2865 2935 2650 2355 2200 1865 1770] [1745 2095 2540 3040 3270 3150 3150 3145]
[2980 2805 2705 2340 2040 1850 1680 1550] [1845 2100 2500 2945 3135 3040 3355 3175]
[2820 2625 2250 1880 1775 1510 1635 1635] [2025 2330 2720 3000 3205 3205 3205 3310]
[2655 2620 2055 1570 1375 1485 1495 1355] [2140 2560 3005 3315 3265 3265 3295 3125]
[2770 2495 1965 1500 1435 1340 1370 1440] [2510 3040 3305 3130 3195 3020 2995 3170]
[2685 2395 1860 1435 1480 1520 1480 1595] [2970 3090 3255 3415 3230 2940 2685 2755]
COM3 1 30
2
[2600 2460 2305 2550 2380 2145 1985 1720] [1835 2060 2425 2740 3075 2965 3205 3255]
[2815 2865 2755 2780 2580 2285 2165 1560] [1690 1925 2195 2525 2945 3035 3030 3170]
[2995 2865 2935 2650 2355 2200 1865 1770] [1720 1765 2080 2420 2945 3200 3150 3045]
[2980 2805 2705 2340 2040 1850 1680 1550] [1820 1795 2160 2425 3025 3210 3205 3140]
[2820 2625 2250 1880 1775 1510 1635 1635] [2020 2095 2275 2625 3060 3180 3175 3195]
[2655 2620 2055 1570 1375 1485 1495 1355] [2200 2140 2370 2885 3065 3180 3300 3290]
[2770 2495 1965 1500 1435 1340 1370 1440] [2505 2640 2645 2970 3245 3100 3390 3335]
[2685 2395 1860 1435 1480 1520 1480 1595] [2445 2485 2610 2750 3035 3085 3130 2905]
COM7 0 31
2
[2755 2525 2460 2470 2345 2210 2165 1785] [1835 2060 2425 2740 3075 2965 3205 3255]
[2965 2855 2755 2600 2415 2225 2000 1805] [1690 1925 2195 2525 2945 3035 3030 3170]
[2795 2705 2620 2420 2135 1985 1790 1645] [1720 1765 2080 2420 2945 3200 3150 3045]
[2910 2795 2505 2165 1940 1660 1625 1575] [1820 1795 2160 2425 3025 3210 3205 3140]
[2960 2810 2290 1880 1800 1520 1580 1635] [2020 2095 2275 2625 3060 3180 3175 3195]
[3110 2670 2330 1820 1615 1520 1565 1490] [2200 2140 2370 2885 3065 3180 3300 3290]
[2885 2690 2210 1800 1635 1585 1545 1445] [2505 2640 2645 2970 3245 3100 3390 3335]
[3070 2780 2385 1895 1690 1725 1490 1465] [2445 2485 2610 2750 3035 3085 3130 2905]
COM3 1 32
2
[2755 2525 2460 2470 2345 2210 2165 1785] [1585 1740 2115 2420 2825 2800 2795 2960]
[2965 2855 2755 2600 2415 2225 2000 1805] [1555 1740 2015 2310 2480 2790 2850 2965]
[2795 2705 2620 2420 2135 1985 1790 1645] [1625 1685 1885 2215 2430 2640 2760 3020]
[2910 2795 2505 2165 1940 1660 1625 1575] [1725 1665 1915 2175 2325 2635 2755 3020]
[2960 2810 2290 1880 1800 1520 1580 1635] [1870 2020 2130 2160 2330 2600 3010 3265]
[3110 2670 2330 1820 1615 1520 1565 1490] [1800 2100 2100 2120 2250 2555 2970 2950]
[2885 2690 2210 1800 1635 1585 1545 1445] [1800 1970 1915 2020 1995 2400 2530 2645]
[3070 2780 2385 1895 1690 1725 1490 1465] [1720 1665 1845 1825 1845 2070 2290 2175]
COM7 0 33
2
[2710 2810 2550 2575 2415 2370 2150 1905] [1585 1740 2115 2420 2825 2800 2795 2960]
[3030 2875 2815 2670 2395 2340 2040 1720] [1555 1740 2015 2310 2480 2790 2850 2965]
[2670 2810 2745 2405 2155 1960 1740 1645] [1625 1685 1885 2215 2430 2640 2760 3020]
[2735 2940 2750 2370 1950 1635 1635 1455] [1725 1665 1915 2175 2325 2635 2755 3020]
[2895 2760 2685 2195 1920 1600 1625 1565] [1870 2020 2130 2160 2330 2600 3010 3265]
[2905 2990 2705 2280 1820 1595 1670 1405] [1800 2100 2100 2120 2250 2555 2970 2950]
[2825 3085 2805 2440 2025 1670 1650 1545] [1800 1970 1915 2020 1995 2400 2530 2645]
[3020 3010 2825 2445 2300 1900 1860 1590] [1720 1665 1845 1825 1845 2070 2290 2175]
COM3 1 34
2
[2710 2810 2550 2575 2415 2370 2150 1905] [1515 1660 1705 2155 2475 2865 2740 2805]
[3030 2875 2815 2670 2395 2340 2040 1720] [1530 1600 1655 2005 2190 2575 2570 2580]
[2670 2810 2745 2405 2155 1960 1740 1645] [1705 1690 1685 1880 2230 2220 2435 2565]
[2735 2940 2750 2370 1950 1635 1635 1455] [1735 1710 1780 1855 2005 2075 2145 2405]
[2895 2760 2685 2195 1920 1600 1625 1565] [1700 1815 1795 1735 1845 1845 1940 2255]
[2905 2990 2705 2280 1820 1595 1670 1405] [1520 1730 1715 1810 1665 1715 1905 2175]
[2825 3085 2805 2440 2025 1670 1650 1545] [1590 1680 1710 1690 1620 1580 1855 2145]
[3020 3010 2825 2445 2300 1900 1860 1590] [1700 1635 1690 1740 1520 1570 1740 2230]
COM7 0 35
2
[2970 2750 2810 2705 2620 2535 2455 2055] [1515 1660 1705 2155 2475 2865 2740 2805]
[2940 3060 2775 2815 2770 2465 2190 1880] [1530 1600 1655 2005 2190 2575 2570 2580]
[2825 2815 2910 2750 2550 2295 1930 1665] [1705 1690 1685 1880 2230 2220 2435 2565]
[2900 2835 3080 2635 2535 2110 1685 1560] [1735 1710 1780 1855 2005 2075 2145 2405]
[2850 2985 2910 2785 2540 2085 1905 1635] [1700 1815 1795 1735 1845 1845 1940 2255]
[2830 2940 3035 2710 2545 2130 1900 1785] [1520 1730 1715 1810 1665 1715 1905 2175]
[2935 3040 2950 3200 2925 2445 1915 1725] [1590 1680 1710 1690 1620 1580 1855 2145]
[2825 3050 2850 2980 2885 2860 2555 2290] [1700 1635 1690 1740 1520 1570 1740 2230]
COM3 1 36
2
[2970 2750 2810 2705 2620 2535 2455 2055] [1705 1615 1760 1850 2315 2460 2525 2515]
[2940 3060 2775 2815 2770 2465 2190 1880] [1750 1615 1645 1810 2000 2250 2135 2020]
[2825 2815 2910 2750 2550 2295 1930 1665] [1745 1685 1705 1665 1905 1700 1835 1895]
[2900 2835 3080 2635 2535 2110 1685 1560] [1815 1595 1780 1630 1690 1635 1785 1935]
[2850 2985 2910 2785 2540 2085 1905 1635] [1700 1755 1705 1445 1615 1600 1715 2005]
[2830 2940 3035 2710 2545 2130 1900 1785] [1715 1660 1680 1710 1645 1580 1905 1860]
[2935 3040 2950 3200 2925 2445 1915 1725] [1900 1840 1765 1675 1490 1665 1845 2010]
[2825 3050 2850 2980 2885 2860 2555 2290] [2350 2165 1965 1800 1700 1765 1990 2035]
COM7 0 37
2
[3115 2945 2860 2900 2855 2790 2620 2410] [1705 1615 1760 1850 2315 2460 2525 2515]
[3075 2980 2840 3045 2995 2800 2600 2200] [1750 1615 1645 1810 2000 2250 2135 2020]
[2840 2840 2805 2885 2900 2770 2450 2225] [1745 1685 1705 1665 1905 1700 1835 1895]
[2965 2935 3185 2850 3100 2755 2380 2040] [1815 1595 1780 1630 1690 1635 1785 1935]
[2970 3005 3130 2925 3050 2660 2630 2390] [1700 1755 1705 1445 1615 1600 1715 2005]
[3035 2975 3235 3050 2870 2790 2800 2325] [1715 1660 1680 1710 1645 1580 1905 1860]
[3110 3055 2890 2955 3085 2860 2630 2570] [1900 1840 1765 1675 1490 1665 1845 2010]
[3080 3035 2910 3145 3075 2915 3100 2725] [2350 2165 1965 1800 1700 1765 1990 2035]
COM3 1 38
2
[3115 2945 2860 2900 2855 2790 2620 2410] [1820 1675 1705 1745 1985 2205 2260 2170]
[3075 2980 2840 3045 2995 2800 2600 2200] [1850 1715 1620 1725 1775 1910 1965 1925]
[2840 2840 2805 2885 2900 2770 2450 2225] [1925 1880 1755 1640 1685 1700 1755 1875]
[2965 2935 3185 2850 3100 2755 2380 2040] [1940 1770 1760 1710 1645 1505 1690 1795]
[2970 3005 3130 2925 3050 2660 2630 2390] [2220 1920 1795 1660 1635 1595 1780 1845]
[3035 2975 3235 3050 2870 2790 2800 2325] [2220 2090 1920 1855 1705 1650 1805 1660]
[3110 3055 2890 2955 3085 2860 2630 2570] [2640 2500 2325 1905 1775 1780 1990 1900]
[3080 3035 2910 3145 3075 2915 3100 2725] [3170 2815 2655 2555 2210 2065 2075 2215]
COM7 0 39
2
[2995 2670 3000 2900 2815 2780 2975 2605] [1820 1675 1705 1745 1985 2205 2260 2170]
[3120 2970 2925 2965 3025 2895 2855 2640] [1850 1715 1620 1725 1775 1910 1965 1925]
[2775 3030 2925 3015 2870 3040 2860 2670] [1925 1880 1755 1640 1685 1700 1755 1875]
[3215 3055 3015 3010 3005 2905 3005 2715] [1940 1770 1760 1710 1645 1505 1690 1795]
[3240 3045 3165 2985 3115 2870 3080 3000] [2220 1920 1795 1660 1635 1595 1780 1845]
[2905 2990 3215 2940 3035 2835 3010 3085] [2220 2090 1920 1855 1705 1650 1805 1660]
[3080 2975 3115 3130 3160 3125 2855 3145] [2640 2500 2325 1905 1775 1780 1990 1900]
[3225 3110 3020 3055 3130 3070 3035 2935] [3170 2815 2655 2555 2210 2065 2075 2215]
COM3 1 40
2
[2995 2670 3000 2900 2815 2780 2975 2605] [1855 1755 1795 1715 1905 2135 2255 2335]
[3120 2970 2925 2965 3025 2895 2855 2640] [1870 1780 1590 1675 1700 1875 1955 1975]
[2775 3030 2925 3015 2870 3040 2860 2670] [2285 1885 1800 1750 1660 1605 1650 1775]
[3215 3055 3015 3010 3005 2905 3005 2715] [2545 2095 1980 1805 1760 1620 1655 1730]
[3240 3045 3165 2985 3115 2870 3080 3000] [2865 2485 2265 1800 1775 1730 1695 1825]
[2905 2990 3215 2940 3035 2835 3010 3085] [2965 2855 2465 2190 1855 1725 1840 1855]
[3080 2975 3115 3130 3160 3125 2855 3145] [3320 3330 2995 2555 2105 2020 1950 1890]
[3225 3110 3020 3055 3130 3070 3035 2935] [3070 3300 3235 3220 2560 2575 2380 2200]
COM7 0 41
2
[2925 3005 2725 3070 2850 2780 2930 2880] [1855 1755 1795 1715 1905 2135 2255 2335]
[3005 3055 2865 2970 2900 3025 2765 2875] [1870 1780 1590 1675 1700 1875 1955 1975]
[2760 2915 3045 2925 2895 2930 2955 2970] [2285 1885 1800 1750 1660 1605 1650 1775]
[2990 2870 3045 2880 2895 2995 3010 2830] [2545 2095 1980 1805 1760 1620 1655 1730]
[3040 3035 3030 2950 3120 3015 3205 3190] [2865 2485 2265 1800 1775 1730 1695 1825]
[3015 2980 3000 3055 2875 2870 3290 3085] [2965 2855 2465 2190 1855 1725 1840 1855]
[2805 3075 3005 2970 3095 3000 2800 2970] [3320 3330 2995 2555 2105 2020 1950 1890]
[2990 2805 2915 2850 2990 2950 3085 2710] [3070 3300 3235 3220 2560 2575 2380 2200]
COM3 1 42
2
[2925 3005 2725 3070 2850 2780 2930 2880] [2290 2025 1700 1810 1745 1745 1865 2140]
[3005 3055 2865 2970 2900 3025 2765 2875] [2490 2265 1990 1685 1675 1780 1770 1715]
[2760 2915 3045 2925 2895 2930 2955 2970] [2785 2485 2185 1805 1765 1670 1790 1715]
[2990 2870 3045 2880 2895 2995 3010 2830] [3205 2775 2510 2050 1895 1725 1770 1770]
[3040 3035 3030 2950 3120 3015 3205 3190] [3235 3230 2840 2370 1990 1760 1785 1850]
[3015 2980 3000 3055 2875 2870 3290 3085] [3200 3105 2880 2705 2175 1940 1890 1785]
[2805 3075 3005 2970 3095 3000 2800 2970] [3260 3330 3040 2845 2410 2100 2140 2180]
[2990 2805 2915 2850 2990 2950 3085 2710] [3160 3185 3125 3115 2925 2665 2450 2430]
COM7 0 43
2
[2960 2935 2795 2940 2910 2880 2940 2855] [2290 2025 1700 1810 1745 1745 1865 2140]
[3120 2985 3015 2895 2935 2895 2955 2875] [2490 2265 1990 1685 1675 1780 1770 1715]
[2790 3005 3005 2865 2885 2975 3030 2980] [2785 2485 2185 1805 1765 1670 1790 1715]
[2900 2910 3015 2960 3030 2900 3000 2940] [3205 2775 2510 2050 1895 1725 1770 1770]
[3000 2850 3125 3035 3030 3125 3100 2970] [3235 3230 2840 2370 1990 1760 1785 1850]
[3015 3055 3035 3145 2800 3110 2995 2915] [3200 3105 2880 2705 2175 1940 1890 1785]
[3150 3055 3165 3180 3155 2925 2740 2985] [3260 3330 3040 2845 2410 2100 2140 2180]
[3160 3090 3220 3000 2795 2905 3070 2700] [3160 3185 3125 3115 2925 2665 2450 2430]
COM3 1 44
2
[2960 2935 2795 2940 2910 2880 2940 2855] [2795 2440 2050 1870 1985 1795 1920 2025]
[3120 2985 3015 2895 2935 2895 2955 2875] [3295 2950 2405 2010 1855 1860 1855 1920]
[2790 3005 3005 2865 2885 2975 3030 2980] [3255 3215 2950 2395 2170 2020 1945 1825]
[2900 2910 3015 2960 3030 2900 3000 2940] [3290 3245 3210 2645 2245 2050 1880 1855]
[3000 2850 3125 3035 3030 3125 3100 2970] [3340 3295 3205 2765 2370 2030 1900 1950]
[3015 3055 3035 3145 2800 3110 2995 2915] [3305 3305 3355 3110 2405 2215 2060 2080]
[3150 3055 3165 3180 3155 2925 2740 2985] [3260 3275 3305 3050 2610 2340 2265 2175]
[3160 3090 3220 3000 2795 2905 3070 2700] [3305 3295 3250 3285 2925 2815 2500 2370]
COM7 0 45
2
[3015 2900 2840 2925 3000 2895 2920 3080] [2795 2440 2050 1870 1985 1795 1920 2025]
[2905 3000 2975 2990 2925 2980 2900 2865] [3295 2950 2405 2010 1855 1860 1855 1920]
[2935 3100 3040 2850 2855 2950 2860 2930] [3255 3215 2950 2395 2170 2020 1945 1825]
[3070 2975 3015 2985 3145 3045 3035 2800] [3290 3245 3210 2645 2245 2050 1880 1855]
[3060 3045 3125 3030 3125 2935 2855 3020] [3340 3295 3205 2765 2370 2030 1900 1950]
[2830 2980 2950 2970 3045 2990 2945 2835] [3305 3305 3355 3110 2405 2215 2060 2080]
[3005 3050 2980 3025 3075 2925 3170 3050] [3260 3275 3305 3050 2610 2340 2265 2175]
[3195 3075 3140 2795 2840 3160 3070 3310] [3305 3295 3250 3285 2925 2815 2500 2370]
COM3 1 46
2
[3015 2900 2840 2925 3000 2895 2920 3080] [2895 2720 2370 1985 1925 1935 1970 2165]
[2905 3000 2975 2990 2925 2980 2900 2865] [3055 3075 2690 2270 1995 2060 1870 1995]
[2935 3100 3040 2850 2855 2950 2860 2930] [3125 3110 3015 2580 2465 2245 1865 1805]
[3070 2975 3015 2985 3145 3045 3035 2800] [3135 3170 3120 2895 2590 2095 1970 1895]
[3060 3045 3125 3030 3125 2935 2855 3020] [3160 3205 3340 2870 2565 2115 2045 1850]
[2830 2980 2950 2970 3045 2990 2945 2835] [2955 3060 2995 3005 2515 2445 2170 1915]
[3005 3050 2980 3025 3075 2925 3170 3050] [3165 3150 3210 3070 2935 2720 2550 2310]
[3195 3075 3140 2795 2840 3160 3070 3310] [3205 3430 3145 3195 3105 2865 2580 2480]
COM7 0 47
2
[2895 2830 2860 2950 2885 2995 3005 2835] [2895 2720 2370 1985 1925 1935 1970 2165]
[2960 2905 2900 2925 2965 3020 2900 2805] [3055 3075 2690 2270 1995 2060 1870 1995]
[2790 2900 3035 2910 2950 2935 3030 2995] [3125 3110 3015 2580 2465 2245 1865 1805]
[2845 2895 3050 3005 3080 2845 2885 3005] [3135 3170 3120 2895 2590 2095 1970 1895]
[3140 3025 3075 3025 2885 2915 3110 3005] [3160 3205 3340 2870 2565 2115 2045 1850]
[2805 2910 3105 3100 2870 3055 3060 2835] [2955 3060 2995 3005 2515 2445 2170 1915]
[3100 3150 3200 3095 2960 2950 2760 2745] [3165 3150 3210 3070 2935 2720 2550 2310]
[2825 2960 3085 3055 2925 2990 3090 2830] [3205 3430 3145 3195 3105 2865 2580 2480]
COM3 1 48
2
[2895 2830 2860 2950 2885 2995 3005 2835] [3030 3005 2635 2415 2095 1785 1825 2010]
[2960 2905 2900 2925 2965 3020 2900 2805] [3315 3215 3155 2660 2355 2195 1985 1960]
[2790 2900 3035 2910 2950 2935 3030 2995] [3255 3370 3245 3150 2735 2225 2025 2035]
[2845 2895 3050 3005 3080 2845 2885 3005] [3290 3085 3285 3130 2655 2340 2015 1920]
[3140 3025 3075 3025 2885 2915 3110 3005] [3345 3405 3240 2990 2810 2450 2130 2095]
[2805 2910 3105 3100 2870 3055 3060 2835] [3180 3190 3200 3145 2950 2645 2265 2000]
[3100 3150 3200 3095 2960 2950 2760 2745] [3355 3335 3460 3400 2875 2945 2510 2175]
[2825 2960 3085 3055 2925 2990 3090 2830] [3340 3375 3235 3500 3245 3115 2945 2395]
COM7 0 49
2
[3030 2985 2740 2935 2955 2900 2975 2995] [3030 3005 2635 2415 2095 1785 1825 2010]
[3070 3060 2935 2945 2880 3075 2940 2965] [3315 3215 3155 2660 2355 2195 1985 1960]
[2850 3095 3050 2900 3005 2995 3075 3130] [3255 3370 3245 3150 2735 2225 2025 2035]
[2825 3120 3075 2910 3020 2960 2975 2875] [3290 3085 3285 3130 2655 2340 2015 1920]
[3200 3090 3090 3050 3110 3075 3185 3315] [3345 3405 3240 2990 2810 2450 2130 2095]
[3105 2900 3140 3115 3070 3065 3375 3125] [3180 3190 3200 3145 2950 2645 2265 2000]
[3145 2955 2980 3150 3120 3315 3120 3090] [3355 3335 3460 3400 2875 2945 2510 2175]
[3155 3065 3215 3165 3065 2990 3235 3120] [3340 3375 3235 3500 3245 3115 2945 2395]
COM3 1 50
2
[3030 2985 2740 2935 2955 2900 2975 2995] [3310 3100 3125 2615 2370 2165 2005 2220]
[3070 3060 2935 2945 2880 3075 2940 2965] [3390 3140 3265 3095 2600 2385 2140 1995]
[2850 3095 3050 2900 3005 2995 3075 3130] [3255 3225 3195 3145 3020 2510 2375 2150]
[2825 3120 3075 2910 3020 2960 2975 2875] [3290 3340 3220 3245 3025 2590 2270 2090]
[3200 3090 3090 3050 3110 3075 3185 3315] [3505 3230 3285 2995 2870 2505 2130 2175]
[3105 2900 3140 3115 3070 3065 3375 3125] [3090 3290 3295 3025 2885 2535 2200 2095]
[3145 2955 2980 3150 3120 3315 3120 3090] [3325 3315 3390 3140 2970 2625 2350 2085]
[3155 3065 3215 3165 3065 2990 3235 3120] [3500 3225 3360 3390 2890 3000 2585 2315]
COM7 0 51
2
[3005 2895 2840 2905 2910 2840 3140 2895] [3310 3100 3125 2615 2370 2165 2005 2220]
[2975 2890 2980 2905 3025 2985 2915 2955] [3390 3140 3265 3095 2600 2385 2140 1995]
[2925 3020 2950 3000 2890 3100 2980 3010] [3255 3225 3195 3145 3020 2510 2375 2150]
[3040 3075 3055 2970 3045 2895 2970 3180] [3290 3340 3220 3245 3025 2590 2270 2090]
[3060 3170 3030 3110 3195 2945 3160 3185] [3505 3230 3285 2995 2870 2505 2130 2175]
[3080 3000 2980 3135 2870 3160 3125 3250] [3090 3290 3295 3025 2885 2535 2200 2095]
[3040 3135 2965 3185 3155 3025 3085 3050] [3325 3315 3390 3140 2970 2625 2350 2085]
[3190 3180 3190 3050 3220 3110 3165 3075] [3500 3225 3360 3390 2890 3000 2585 2315]
COM3 1 52
2
[3005 2895 2840 2905 2910 2840 3140 2895] [2960 2965 2950 2530 2375 2195 2065 2175]
[2975 2890 2980 2905 3025 2985 2915 2955] [3045 2975 3040 3025 2715 2460 2380 2180]
[2925 3020 2950 3000 2890 3100 2980 3010] [2990 3150 3030 2960 3075 2545 2365 2190]
[3040 3075 3055 2970 3045 2895 2970 3180] [3125 3075 3180 2895 2950 2635 2360 2065]
[3060 3170 3030 3110 3195 2945 3160 3185] [3190 3160 3155 2895 2815 2500 2385 2295]
[3080 3000 2980 3135 2870 3160 3125 3250] [2950 3025 3065 3135 2620 2445 2425 2425]
[3040 3135 2965 3185 3155 3025 3085 3050] [3215 3220 3270 3105 2810 2510 2320 2550]
[3190 3180 3190 3050 3220 3110 3165 3075] [3175 3100 3060 3300 2805 2630 2530 2400]
COM7 0 53
2
[2890 2915 2790 2885 3030 2945 2970 2970] [2960 2965 2950 2530 2375 2195 2065 2175]
[3025 2930 3000 2885 3050 2900 2940 2970] [3045 2975 3040 3025 2715 2460 2380 2180]
[2795 3020 3105 2970 2965 3020 3005 3200] [2990 3150 3030 2960 3075 2545 2365 2190]
[3070 3090 3125 2910 3010 3020 3150 2840] [3125 3075 3180 2895 2950 2635 2360 2065]
[3015 3105 2835 3090 3135 2880 3240 3125] [3190 3160 3155 2895 2815 2500 2385 2295]
[2910 2980 2975 3235 2990 2995 3195 3165] [2950 3025 3065 3135 2620 2445 2425 2425]
[2840 2910 3000 3200 3200 3130 2950 3025] [3215 3220 3270 3105 2810 2510 2320 2550]
[3035 3100 3090 2950 2805 3090 3255 3120] [3175 3100 3060 3300 2805 2630 2530 2400]
COM3 1 54
2
[2890 2915 2790 2885 3030 2945 2970 2970] [3070 3205 3050 2940 2705 2370 2225 2390]
[3025 2930 3000 2885 3050 2900 2940 2970] [3095 3105 3170 3000 3070 2685 2585 2345]
[2795 3020 3105 2970 2965 3020 3005 3200] [3135 3145 3080 3060 3210 2910 2670 2390]
[3070 3090 3125 2910 3010 3020 3150 2840] [3255 3240 3205 3145 3170 2725 2480 2295]
[3015 3105 2835 3090 3135 2880 3240 3125] [3250 3370 3190 3080 3025 2575 2530 2370]
[2910 2980 2975 3235 2990 2995 3195 3165] [3200 3115 3100 3190 2815 2830 2590 2600]
[2840 2910 3000 3200 3200 3130 2950 3025] [3295 3330 3305 3125 2895 2580 2550 2725]
[3035 3100 3090 2950 2805 3090 3255 3120] [3190 3300 3340 3285 2920 2740 2810 2755]
COM7 0 55
2
[2780 3000 2745 3015 2905 3000 3000 2755] [3070 3205 3050 2940 2705 2370 2225 2390]
[3100 3110 3105 2990 3095 3045 3010 2940] [3095 3105 3170 3000 3070 2685 2585 2345]
[2935 3020 2875 2885 2860 2980 3010 2910] [3135 3145 3080 3060 3210 2910 2670 2390]
[3145 3050 3100 3005 3075 2810 2875 3135] [3255 3240 3205 3145 3170 2725 2480 2295]
[2925 2955 2935 2875 3035 2915 3205 3165] [3250 3370 3190 3080 3025 2575 2530 2370]
[2825 3065 3160 3160 2935 3025 3105 2955] [3200 3115 3100 3190 2815 2830 2590 2600]
[3055 3005 2850 3075 3110 3145 2795 2800] [3295 3330 3305 3125 2895 2580 2550 2725]
[3175 3265 3225 3100 2940 3030 3110 3100] [3190 3300 3340 3285 2920 2740 2810 2755]
COM3 1 56
2
[2780 3000 2745 3015 2905 3000 3000 2755] [3310 3225 3270 3160 2975 2670 2445 2510]
[3100 3110 3105 2990 3095 3045 3010 2940] [3220 3215 3255 3190 3090 3110 2660 2360]
[2935 3020 2875 2885 2860 2980 3010 2910] [3315 3165 3260 3280 3215 3000 2975 2450]
[3145 3050 3100 3005 3075 2810 2875 3135] [3290 3240 3380 3245 3165 2960 2880 2555]
[2925 2955 2935 2875 3035 2915 3205 3165] [3340 3330 3175 3295 3205 2865 2680 2470]
[2825 3065 3160 3160 2935 3025 3105 2955] [3330 3215 3225 3295 3010 3080 2625 2585]
[3055 3005 2850 3075 3110 3145 2795 2800] [3205 3260 3420 3225 3165 2990 2685 2630]
[3175 3265 3225 3100 2940 3030 3110 3100] [3440 3375 3395 3360 3065 3125 2900 2885]
COM7 0 57
2
[2755 2675 2755 2975 2875 3000 2950 2950] [3310 3225 3270 3160 2975 2670 2445 2510]
[3025 3190 3000 2965 3015 2985 2970 2865] [3220 3215 3255 3190 3090 3110 2660 2360]
[2840 2910 3030 2870 2930 2950 2975 2940] [3315 3165 3260 3280 3215 3000 2975 2450]
[3145 3085 3055 2985 3115 3105 3100 2995] [3290 3240 3380 3245 3165 2960 2880 2555]
[3070 3105 3045 2965 3120 3050 3205 3145] [3340 3330 3175 3295 3205 2865 2680 2470]
[3000 3200 2995 3030 2840 3100 3105 2990] [3330 3215 3225 3295 3010 3080 2625 2585]
[2960 3150 3010 3135 2965 3045 2880 3070] [3205 3260 3420 3225 3165 2990 2685 2630]
[3305 2915 3025 3245 3130 3145 3285 3440] [3440 3375 3395 3360 3065 3125 2900 2885]
COM3 1 58
2
[2755 2675 2755 2975 2875 3000 2950 2950] [2980 3070 3130 3150 3105 2720 2635 2450]
[3025 3190 3000 2965 3015 2985 2970 2865] [3035 3195 3180 3180 3000 3075 2810 2580]
[2840 2910 3030 2870 2930 2950 2975 2940] [3000 3145 3160 3100 3175 3035 2925 2545]
[3145 3085 3055 2985 3115 3105 3100 2995] [3360 3170 3150 3035 3115 3040 2870 2570]
[3070 3105 3045 2965 3120 3050 3205 3145] [3275 3230 3165 3065 3145 2930 2815 2435]
[3000 3200 2995 3030 2840 3100 3105 2990] [3010 3115 3265 3195 3255 3080 2850 2325]
[2960 3150 3010 3135 2965 3045 2880 3070] [3260 3210 3205 3230 3200 3025 2970 2805]
[3305 2915 3025 3245 3130 3145 3285 3440] [3190 3300 3110 3220 3180 3200 2985 3005]
COM7 0 59
2
[2980 2760 2785 2950 2955 2840 3045 2855] [2980 3070 3130 3150 3105 2720 2635 2450]
[3155 3090 2815 2965 2980 2985 3070 2910] [3035 3195 3180 3180 3000 3075 2810 2580]
[2930 2820 3090 2970 2850 2915 2940 3150] [3000 3145 3160 3100 3175 3035 2925 2545]
[2900 3050 3130 3000 2980 3040 3020 2895] [3360 3170 3150 3035 3115 3040 2870 2570]
[3120 2975 3045 3005 3140 3140 3105 3065] [3275 3230 3165 3065 3145 2930 2815 2435]
[3020 3170 3125 3120 3045 3010 3215 3025] [3010 3115 3265 3195 3255 3080 2850 2325]
[3005 3105 3025 3105 3130 3135 2890 2840] [3260 3210 3205 3230 3200 3025 2970 2805]
[3135 3315 3080 3095 3210 3000 3140 3205] [3190 3300 3110 3220 3180 3200 2985 3005]
COM3 1 60
2
[2980 2760 2785 2950 2955 2840 3045 2855] [3250 3100 3230 3155 2990 2850 2680 2625]
[3155 3090 2815 2965 2980 2985 3070 2910] [3085 3200 3195 3160 2980 3125 2845 2485]
[2930 2820 3090 2970 2850 2915 2940 3150] [3205 3185 3190 3145 3130 3020 3075 2600]
[2900 3050 3130 3000 2980 3040 3020 2895] [3245 3320 3220 3150 3265 2980 3085 2695]
[3120 2975 3045 3005 3140 3140 3105 3065] [3335 3385 3210 3230 3130 3175 2985 2875]
[3020 3170 3125 3120 3045 3010 3215 3025] [3200 3210 3210 3340 3285 3275 3145 3135]
[3005 3105 3025 3105 3130 3135 2890 2840] [3350 3275 3355 3120 3245 3125 3275 3205]
[3135 3315 3080 3095 3210 3000 3140 3205] [3285 3400 3250 3360 3240 3215 3240 3215]
COM7 0 61
2
[2940 2815 2765 2855 2905 2950 2975 2975] [3250 3100 3230 3155 2990 2850 2680 2625]
[3160 3115 2845 2995 2980 2825 2910 3030] [3085 3200 3195 3160 2980 3125 2845 2485]
[2995 2810 2970 2860 2915 3095 3090 3135] [3205 3185 3190 3145 3130 3020 3075 2600]
[3010 2940 3025 3000 3005 2995 3080 2870] [3245 3320 3220 3150 3265 2980 3085 2695]
[3135 3165 3075 2990 3025 3135 3100 3070] [3335 3385 3210 3230 3130 3175 2985 2875]
[2920 3110 3230 3040 2955 3200 3095 2915] [3200 3210 3210 3340 3285 3275 3145 3135]
[3170 2965 3140 3315 3300 2940 2805 2880] [3350 3275 3355 3120 3245 3125 3275 3205]
[3155 2905 3125 3180 2875 3070 3205 3075] [3285 3400 3250 3360 3240 3215 3240 3215]
COM3 1 62
2
[2940 2815 2765 2855 2905 2950 2975 2975] [3245 3280 3260 3170 3045 2970 2605 2600]
[3160 3115 2845 2995 2980 2825 2910 3030] [3320 3210 3395 3285 3200 3170 2970 2470]
[2995 2810 2970 2860 2915 3095 3090 3135] [3250 3310 3385 3105 3225 3055 3005 2630]
[3010 2940 3025 3000 3005 2995 3080 2870] [3285 3315 3285 3205 3350 3245 3200 2840]
[3135 3165 3075 2990 3025 3135 3100 3070] [3455 3320 3275 3095 3265 3210 3105 3060]
[2920 3110 3230 3040 2955 3200 3095 2915] [3040 3345 3285 3365 3185 3155 3320 2995]
[3170 2965 3140 3315 3300 2940 2805 2880] [3350 3390 3290 3380 3360 3340 3280 3420]
[3155 2905 3125 3180 2875 3070 3205 3075] [3260 3295 3100 3445 3210 3240 3235 3270]
COM7 0 63
2
[2925 2830 2880 3020 2865 2990 2980 2830] [3245 3280 3260 3170 3045 2970 2605 2600]
[3050 3035 3075 2970 2940 2960 2985 3045] [3320 3210 3395 3285 3200 3170 2970 2470]
[2870 3085 2895 2995 3010 3095 2940 3150] [3250 3310 3385 3105 3225 3055 3005 2630]
[3135 3005 3180 3050 3175 3075 3105 2875] [3285 3315 3285 3205 3350 3245 3200 2840]
[2965 2955 3120 3045 3260 2965 3225 3025] [3455 3320 3275 3095 3265 3210 3105 3060]
[2955 3130 3220 3135 2925 2960 3100 2860] [3040 3345 3285 3365 3185 3155 3320 2995]
[2875 3105 2950 3140 2720 3000 2950 2940] [3350 3390 3290 3380 3360 3340 3280 3420]
[3100 3075 3065 3195 3035 2975 3215 2770] [3260 3295 3100 3445 3210 3240 3235 3270]
COM3 1 64
2
[2925 2830 2880 3020 2865 2990 2980 2830] [3010 3100 3320 3005 3120 2905 2505 2510]
[3050 3035 3075 2970 2940 2960 2985 3045] [2905 3200 3165 3195 3110 3030 2885 2495]
[2870 3085 2895 2995 3010 3095 2940 3150] [3255 3090 3220 3265 3295 3145 2985 2615]
[3135 3005 3180 3050 3175 3075 3105 2875] [3225 3245 3360 3235 3170 3315 3065 2840]
[2965 2955 3120 3045 3260 2965 3225 3025] [3110 3350 3290 3070 3175 3215 3105 3060]
[2955 3130 3220 3135 2925 2960 3100 2860] [3060 3200 3290 3210 3205 3250 3280 3025]
[2875 3105 2950 3140 2720 3000 2950 2940] [3355 3320 3135 3335 3210 3280 3340 3320]
[3100 3075 3065 3195 3035 2975 3215 2770] [3110 3300 3360 3400 3245 3305 3235 3315]
COM7 0 65
2
[2865 2965 2935 2930 3035 2880 3190 2895] [3010 3100 3320 3005 3120 2905 2505 2510]
[3075 2920 2810 3100 2935 3035 2955 2865] [2905 3200 3165 3195 3110 3030 2885 2495]
[2895 3095 3025 2910 2960 3075 3060 3050] [3255 3090 3220 3265 3295 3145 2985 2615]
[3105 3040 3170 3170 3115 3045 3110 2890] [3225 3245 3360 3235 3170 3315 3065 2840]
[3240 2975 3150 3050 3030 3075 3070 3000] [3110 3350 3290 3070 3175 3215 3105 3060]
[3145 3020 3140 3135 3110 2970 3210 3055] [3060 3200 3290 3210 3205 3250 3280 3025]
[3165 3150 3025 3180 3355 3165 3070 3065] [3355 3320 3135 3335 3210 3280 3340 3320]
[3235 3135 2995 2860 3215 3095 3320 2975] [3110 3300 3360 3400 3245 3305 3235 3315]