COM7 1 6
3
[2585 2325 2270 2370 2515 2755 2695 2540] [2805 3215 2995 2855 3350 2795 3000 3110]
[2775 2540 2340 2360 2570 2760 2535 2470] [3045 2975 3130 2920 2945 3105 3105 3170]
[2540 2380 2375 2295 2575 2645 2715 2410] [2870 3110 3060 3035 3075 2910 2980 2895]
[2735 2470 2430 2280 2565 2725 2575 2250] [2930 3060 3145 2950 3020 3035 3150 3020]
[2695 2475 2475 2010 2450 2390 2415 2175] [3060 3075 3150 3110 3005 3045 3255 3100]
[2645 2435 2345 2095 2100 2255 2265 1800] [2830 3065 3020 3250 3065 3085 3210 2920]
[2595 2330 2185 1935 1995 1830 1700 1655] [3110 2975 3095 3095 3050 3035 2925 3225]
[2605 2330 1965 1470 1705 1880 1900 1715] [2910 2995 3115 3330 3160 3140 3125 3125]
COM3 0 7
3
[2670 2355 2375 2420 2540 2720 2525 2235] [2805 3215 2995 2855 3350 2795 3000 3110]
[2715 2480 2175 2485 2570 2670 2570 2430] [3045 2975 3130 2920 2945 3105 3105 3170]
[2560 2400 2235 2210 2525 2690 2435 2395] [2870 3110 3060 3035 3075 2910 2980 2895]
[2685 2675 2290 2220 2540 2765 2485 2270] [2930 3060 3145 2950 3020 3035 3150 3020]
[2615 2485 2135 2190 2325 2415 2470 2025] [3060 3075 3150 3110 3005 3045 3255 3100]
[2630 2395 2130 1905 1900 2235 2225 1845] [2830 3065 3020 3250 3065 3085 3210 2920]
[2610 2360 1925 1970 1815 1765 1835 1605] [3110 2975 3095 3095 3050 3035 2925 3225]
[2625 2410 1915 1585 1595 1750 1690 1670] [2910 2995 3115 3330 3160 3140 3125 3125]
COM7 1 8
3
[2670 2355 2375 2420 2540 2720 2525 2235] [2865 3095 2805 2950 2890 3055 2925 2945]
[2715 2480 2175 2485 2570 2670 2570 2430] [3045 2970 3135 3015 2985 3025 2860 2965]
[2560 2400 2235 2210 2525 2690 2435 2395] [2995 3125 3080 3030 3030 3085 2955 3030]
[2685 2675 2290 2220 2540 2765 2485 2270] [2925 3075 3060 2930 2980 3100 3105 2865]
[2615 2485 2135 2190 2325 2415 2470 2025] [2905 3155 3090 2940 2885 3010 3095 3245]
[2630 2395 2130 1905 1900 2235 2225 1845] [2990 3085 3025 3145 3100 3105 3085 3125]
[2610 2360 1925 1970 1815 1765 1835 1605] [2780 3190 3090 3015 3125 2965 3175 3165]
[2625 2410 1915 1585 1595 1750 1690 1670] [3055 3145 3105 3175 3115 3055 3255 3095]
COM3 0 9
3
[2535 2260 2265 2355 2555 2600 2575 2330] [2865 3095 2805 2950 2890 3055 2925 2945]
[2715 2395 2235 2430 2485 2700 2570 2420] [3045 2970 3135 3015 2985 3025 2860 2965]
[2495 2715 2025 2260 2560 2655 2480 2400] [2995 3125 3080 3030 3030 3085 2955 3030]
[2550 2380 2340 2215 2575 2585 2580 2135] [2925 3075 3060 2930 2980 3100 3105 2865]
[2730 2500 2345 1990 2385 2395 2365 1970] [2905 3155 3090 2940 2885 3010 3095 3245]
[2585 2455 2120 1955 1925 2135 2085 1815] [2990 3085 3025 3145 3100 3105 3085 3125]
[2465 2450 1805 1800 1805 1830 1695 1550] [2780 3190 3090 3015 3125 2965 3175 3165]
[2640 2200 1660 1490 1605 1665 1835 1560] [3055 3145 3105 3175 3115 3055 3255 3095]
COM7 1 10
3
[2535 2260 2265 2355 2555 2600 2575 2330] [2685 3085 3045 2770 2995 3035 2850 3005]
[2715 2395 2235 2430 2485 2700 2570 2420] [2865 2835 3095 2915 2830 2925 2915 2960]
[2495 2715 2025 2260 2560 2655 2480 2400] [2895 3010 3015 3005 3005 2945 3130 3055]
[2550 2380 2340 2215 2575 2585 2580 2135] [2880 3105 3110 2970 2930 2900 3010 3020]
[2730 2500 2345 1990 2385 2395 2365 1970] [2860 3230 3185 2805 3040 3135 3035 3170]
[2585 2455 2120 1955 1925 2135 2085 1815] [2795 3130 3185 3100 3005 3145 3265 3090]
[2465 2450 1805 1800 1805 1830 1695 1550] [2825 3205 3135 2985 3050 3105 3015 3055]
[2640 2200 1660 1490 1605 1665 1835 1560] [2910 3110 3005 3275 3155 3190 3225 3350]
COM3 0 11
3
[2540 2310 2030 2300 2535 2665 2525 2300] [2685 3085 3045 2770 2995 3035 2850 3005]
[2600 2460 2055 2385 2610 2650 2440 2275] [2865 2835 3095 2915 2830 2925 2915 2960]
[2580 2440 2310 2320 2485 2565 2535 2215] [2895 3010 3015 3005 3005 2945 3130 3055]
[2635 2435 2280 2125 2430 2530 2375 2175] [2880 3105 3110 2970 2930 2900 3010 3020]
[2750 2345 2200 1940 2470 2415 2405 2025] [2860 3230 3185 2805 3040 3135 3035 3170]
[2695 2220 2100 1995 2070 2245 2105 1610] [2795 3130 3185 3100 3005 3145 3265 3090]
[2590 2300 1645 1815 1600 1995 1645 1580] [2825 3205 3135 2985 3050 3105 3015 3055]
[2880 2175 1615 1570 1645 1705 1875 1540] [2910 3110 3005 3275 3155 3190 3225 3350]
COM7 1 12
3
[2540 2310 2030 2300 2535 2665 2525 2300] [2770 2895 3130 2710 3210 2925 2780 3135]
[2600 2460 2055 2385 2610 2650 2440 2275] [2740 2910 3000 2875 3015 2860 2950 2920]
[2580 2440 2310 2320 2485 2565 2535 2215] [3110 3025 3100 2900 3105 2945 3040 2895]
[2635 2435 2280 2125 2430 2530 2375 2175] [3190 3055 3045 3130 2975 3000 3055 2980]
[2750 2345 2200 1940 2470 2415 2405 2025] [2860 3420 3100 2955 2865 2965 3040 3010]
[2695 2220 2100 1995 2070 2245 2105 1610] [2950 3135 3245 3190 2890 3100 3125 3035]
[2590 2300 1645 1815 1600 1995 1645 1580] [2875 3270 3150 3180 3175 2910 3195 3165]
[2880 2175 1615 1570 1645 1705 1875 1540] [2840 3025 3335 3120 3040 3045 3165 2935]
COM3 0 13
3
[2525 2300 2070 2315 2465 2550 2540 2250] [2770 2895 3130 2710 3210 2925 2780 3135]
[2500 2330 2200 2335 2495 2585 2585 1960] [2740 2910 3000 2875 3015 2860 2950 2920]
[2490 2440 2060 2210 2505 2625 2370 2220] [3110 3025 3100 2900 3105 2945 3040 2895]
[2490 2415 2140 2125 2325 2510 2285 2100] [3190 3055 3045 3130 2975 3000 3055 2980]
[2745 2315 1870 2000 2300 2270 2295 2005] [2860 3420 3100 2955 2865 2965 3040 3010]
[2550 2365 2185 1835 2095 2135 1870 1585] [2950 3135 3245 3190 2890 3100 3125 3035]
[2465 2390 1700 1780 1535 1605 1630 1610] [2875 3270 3150 3180 3175 2910 3195 3165]
[2685 2200 1805 1510 1545 1570 1585 1505] [2840 3025 3335 3120 3040 3045 3165 2935]
COM7 1 14
3
[2525 2300 2070 2315 2465 2550 2540 2250] [2860 2745 2795 2785 2875 2915 2765 2860]
[2500 2330 2200 2335 2495 2585 2585 1960] [2700 2935 2915 2955 2755 3065 3010 2730]
[2490 2440 2060 2210 2505 2625 2370 2220] [2890 2770 3015 2945 2945 2845 2945 2895]
[2490 2415 2140 2125 2325 2510 2285 2100] [2805 3105 3010 2925 2905 2960 2895 2785]
[2745 2315 1870 2000 2300 2270 2295 2005] [2860 3015 3075 2745 2960 2770 2925 3010]
[2550 2365 2185 1835 2095 2135 1870 1585] [2765 3020 2950 3065 2830 2985 2875 3125]
[2465 2390 1700 1780 1535 1605 1630 1610] [3060 3065 3140 2870 2890 2910 3005 3140]
[2685 2200 1805 1510 1545 1570 1585 1505] [2825 2880 2905 3355 3165 3055 3100 3040]
COM3 0 15
3
[2585 2305 2150 2330 2535 2535 2555 2345] [2860 2745 2795 2785 2875 2915 2765 2860]
[2720 2410 2170 2360 2505 2595 2560 2375] [2700 2935 2915 2955 2755 3065 3010 2730]
[2510 2385 2230 2300 2410 2580 2540 2375] [2890 2770 3015 2945 2945 2845 2945 2895]
[2555 2585 2360 2220 2505 2565 2480 2175] [2805 3105 3010 2925 2905 2960 2895 2785]
[2740 2445 2225 2115 2380 2410 2490 2250] [2860 3015 3075 2745 2960 2770 2925 3010]
[2910 2340 2100 2075 2125 2115 1940 1925] [2765 3020 2950 3065 2830 2985 2875 3125]
[2555 2535 1915 1840 1895 1955 1880 1720] [3060 3065 3140 2870 2890 2910 3005 3140]
[2720 2485 1820 1605 1805 1860 1780 1665] [2825 2880 2905 3355 3165 3055 3100 3040]
COM7 1 16
3
[2585 2305 2150 2330 2535 2535 2555 2345] [2785 3050 3065 2710 3125 2800 2905 2945]
[2720 2410 2170 2360 2505 2595 2560 2375] [2770 2985 3125 2930 3100 3085 2805 2935]
[2510 2385 2230 2300 2410 2580 2540 2375] [2815 3030 3045 2920 3035 2995 3040 2965]
[2555 2585 2360 2220 2505 2565 2480 2175] [3025 2970 3180 3005 3010 3000 3105 3120]
[2740 2445 2225 2115 2380 2410 2490 2250] [3215 3025 3175 2945 2980 3025 3255 3240]
[2910 2340 2100 2075 2125 2115 1940 1925] [3060 3235 3075 3090 3085 3055 3225 2995]
[2555 2535 1915 1840 1895 1955 1880 1720] [2625 3325 3250 3200 3035 3140 3015 3055]
[2720 2485 1820 1605 1805 1860 1780 1665] [3165 3215 3120 3225 3115 3135 3080 3305]
COM3 0 17
3
[2565 2140 1900 2195 2555 2560 2635 2200] [2785 3050 3065 2710 3125 2800 2905 2945]
[2660 2385 2000 2310 2470 2680 2430 2110] [2770 2985 3125 2930 3100 3085 2805 2935]
[2495 2195 1945 2155 2425 2690 2435 1995] [2815 3030 3045 2920 3035 2995 3040 2965]
[2770 2550 2165 1965 2360 2505 2590 2095] [3025 2970 3180 3005 3010 3000 3105 3120]
[2720 2240 2000 1930 2395 2380 2365 2030] [3215 3025 3175 2945 2980 3025 3255 3240]
[2510 2220 2205 1705 1780 1975 1850 1455] [3060 3235 3075 3090 3085 3055 3225 2995]
[2570 2325 1645 1600 1685 1760 1565 1515] [2625 3325 3250 3200 3035 3140 3015 3055]
[2670 2240 1880 1390 1600 1460 1525 1440] [3165 3215 3120 3225 3115 3135 3080 3305]
COM7 1 18
3
[2565 2140 1900 2195 2555 2560 2635 2200] [2565 2935 2890 3015 2860 2655 3085 2905]
[2660 2385 2000 2310 2470 2680 2430 2110] [2940 3125 2795 2905 2840 3010 2950 3080]
[2495 2195 1945 2155 2425 2690 2435 1995] [3055 2795 3070 3025 3155 3065 2955 2860]
[2770 2550 2165 1965 2360 2505 2590 2095] [2930 2790 3075 3025 2995 2975 3005 2960]
[2720 2240 2000 1930 2395 2380 2365 2030] [2820 3005 3080 2955 3010 2995 3200 3070]
[2510 2220 2205 1705 1780 1975 1850 1455] [2830 2985 2995 3050 3005 2985 3090 3305]
[2570 2325 1645 1600 1685 1760 1565 1515] [2765 3170 3060 3015 3130 3055 3150 3115]
[2670 2240 1880 1390 1600 1460 1525 1440] [3010 3295 3230 3135 2965 2975 3045 3080]
COM3 0 19
3
[2585 2275 2365 2275 2660 2620 2585 2335] [2565 2935 2890 3015 2860 2655 3085 2905]
[2615 2460 2105 2420 2485 2675 2510 2205] [2940 3125 2795 2905 2840 3010 2950 3080]
[2470 2380 2280 2320 2455 2550 2405 2225] [3055 2795 3070 3025 3155 3065 2955 2860]
[2670 2485 2230 2235 2525 2600 2435 2175] [2930 2790 3075 3025 2995 2975 3005 2960]
[2695 2450 2240 2060 2440 2350 2420 2180] [2820 3005 3080 2955 3010 2995 3200 3070]
[2515 2500 2105 1975 2140 2215 2225 1680] [2830 2985 2995 3050 3005 2985 3090 3305]
[2810 2360 1835 1635 1790 2015 1700 1535] [2765 3170 3060 3015 3130 3055 3150 3115]
[2580 2190 1610 1505 1565 1700 1610 1535] [3010 3295 3230 3135 2965 2975 3045 3080]
COM7 1 20
3
[2585 2275 2365 2275 2660 2620 2585 2335] [2860 2925 2835 2820 3110 2885 2985 3110]
[2615 2460 2105 2420 2485 2675 2510 2205] [2805 2835 3145 3025 2845 3010 2860 3075]
[2470 2380 2280 2320 2455 2550 2405 2225] [2890 2970 3065 3000 3050 3055 3075 2775]
[2670 2485 2230 2235 2525 2600 2435 2175] [3055 3000 3010 3100 3120 3025 3055 2835]
[2695 2450 2240 2060 2440 2350 2420 2180] [2785 3170 3105 2895 3025 3015 3095 3070]
[2515 2500 2105 1975 2140 2215 2225 1680] [3035 3045 2950 3130 3025 3160 3055 3025]
[2810 2360 1835 1635 1790 2015 1700 1535] [3200 3365 2945 2940 3150 2910 3225 3035]
[2580 2190 1610 1505 1565 1700 1610 1535] [3055 3130 3085 3360 2910 2895 3075 3140]
COM3 0 21
3
[2630 2165 2305 2450 2590 2500 2685 2505] [2860 2925 2835 2820 3110 2885 2985 3110]
[2770 2560 2170 2405 2570 2665 2620 2290] [2805 2835 3145 3025 2845 3010 2860 3075]
[2565 2315 2430 2405 2440 2695 2560 2300] [2890 2970 3065 3000 3050 3055 3075 2775]
[2625 2340 2320 2360 2525 2540 2470 2200] [3055 3000 3010 3100 3120 3025 3055 2835]
[2620 2655 2370 2255 2425 2490 2400 2085] [2785 3170 3105 2895 3025 3015 3095 3070]
[2720 2490 2115 2110 2000 2240 2240 1775] [3035 3045 2950 3130 3025 3160 3055 3025]
[2560 2325 1945 1885 1785 1870 1855 1755] [3200 3365 2945 2940 3150 2910 3225 3035]
[2650 2350 1825 1530 1520 1705 1875 1650] [3055 3130 3085 3360 2910 2895 3075 3140]
COM7 1 22
3
[2630 2165 2305 2450 2590 2500 2685 2505] [3000 2850 3070 2865 3340 2905 2730 2945]
[2770 2560 2170 2405 2570 2665 2620 2290] [3230 2995 3135 3015 2945 3030 2965 2850]
[2565 2315 2430 2405 2440 2695 2560 2300] [2970 3030 3015 2955 3230 2955 3100 2895]
[2625 2340 2320 2360 2525 2540 2470 2200] [3040 2975 3080 3080 3095 3010 3060 2995]
[2620 2655 2370 2255 2425 2490 2400 2085] [3055 3000 3195 2965 3060 3155 3230 2940]
[2720 2490 2115 2110 2000 2240 2240 1775] [2945 3110 3190 3035 3200 3185 3210 3215]
[2560 2325 1945 1885 1785 1870 1855 1755] [3080 3140 3165 2870 3135 3075 3075 3085]
[2650 2350 1825 1530 1520 1705 1875 1650] [3095 3080 3110 3225 3105 3335 3125 3160]
COM3 0 23
3
[2630 2420 2270 2450 2535 2705 2570 2435] [3000 2850 3070 2865 3340 2905 2730 2945]
[2705 2625 2330 2410 2690 2605 2560 2460] [3230 2995 3135 3015 2945 3030 2965 2850]
[2550 2500 2390 2335 2545 2620 2560 2305] [2970 3030 3015 2955 3230 2955 3100 2895]
[2555 2535 2435 2265 2530 2600 2470 2320] [3040 2975 3080 3080 3095 3010 3060 2995]
[2800 2370 2280 2115 2475 2520 2510 2360] [3055 3000 3195 2965 3060 3155 3230 2940]
[2510 2350 2215 2160 2115 2285 2210 1815] [2945 3110 3190 3035 3200 3185 3210 3215]
[2650 2380 2025 1800 1935 1995 1810 1700] [3080 3140 3165 2870 3135 3075 3075 3085]
[2625 2265 2095 1530 1625 1765 1805 1640] [3095 3080 3110 3225 3105 3335 3125 3160]
COM7 1 24
3
[2630 2420 2270 2450 2535 2705 2570 2435] [2670 3065 2860 3020 2965 2970 2880 2880]
[2705 2625 2330 2410 2690 2605 2560 2460] [3125 2895 3035 2965 2840 3050 3035 2920]
[2550 2500 2390 2335 2545 2620 2560 2305] [3025 2765 3100 2935 3035 3020 3045 2785]
[2555 2535 2435 2265 2530 2600 2470 2320] [2810 2965 3195 3100 3075 2975 3105 2935]
[2800 2370 2280 2115 2475 2520 2510 2360] [2810 3190 3135 3015 2900 3045 2995 3125]
[2510 2350 2215 2160 2115 2285 2210 1815] [2740 2990 3065 3125 2920 3035 3035 3085]
[2650 2380 2025 1800 1935 1995 1810 1700] [2830 3150 3170 3115 2970 3150 3055 3190]
[2625 2265 2095 1530 1625 1765 1805 1640] [2840 2920 3100 2910 3015 3230 3090 3180]
COM3 0 25
3
[2725 2225 2180 2470 2645 2550 2680 2405] [2670 3065 2860 3020 2965 2970 2880 2880]
[2765 2485 2145 2540 2575 2665 2545 2385] [3125 2895 3035 2965 2840 3050 3035 2920]
[2545 2255 2250 2265 2475 2665 2540 2370] [3025 2765 3100 2935 3035 3020 3045 2785]
[2770 2420 2310 2135 2460 2625 2595 2100] [2810 2965 3195 3100 3075 2975 3105 2935]
[2645 2350 2005 1860 2465 2420 2510 2280] [2810 3190 3135 3015 2900 3045 2995 3125]
[2570 2395 2060 1910 1985 2220 2090 1720] [2740 2990 3065 3125 2920 3035 3035 3085]
[2705 2470 1775 1565 2025 1745 1735 1610] [2830 3150 3170 3115 2970 3150 3055 3190]
[2640 2270 1970 1860 1665 1570 1755 1560] [2840 2920 3100 2910 3015 3230 3090 3180]
COM7 1 26
3
[2725 2225 2180 2470 2645 2550 2680 2405] [3030 3055 3060 3180 3090 2875 2850 3055]
[2765 2485 2145 2540 2575 2665 2545 2385] [2975 2715 3085 2790 3075 3105 3210 2845]
[2545 2255 2250 2265 2475 2665 2540 2370] [2950 2875 3100 3025 3085 2950 2965 2995]
[2770 2420 2310 2135 2460 2625 2595 2100] [2895 3235 3110 3230 3075 3135 3085 3025]
[2645 2350 2005 1860 2465 2420 2510 2280] [3010 2970 3130 2970 3010 3145 3130 3195]
[2570 2395 2060 1910 1985 2220 2090 1720] [2770 3055 3020 3120 3140 3295 3105 3090]
[2705 2470 1775 1565 2025 1745 1735 1610] [2885 3210 3105 3005 3145 3170 3275 3105]
[2640 2270 1970 1860 1665 1570 1755 1560] [2995 3070 3025 3370 3185 3070 3395 3590]
COM3 0 27
3
[2555 2350 2160 2400 2615 2650 2650 2550] [3030 3055 3060 3180 3090 2875 2850 3055]
[2830 2620 2310 2520 2620 2750 2590 2385] [2975 2715 3085 2790 3075 3105 3210 2845]
[2440 2490 2400 2285 2535 2660 2690 2570] [2950 2875 3100 3025 3085 2950 2965 2995]
[2655 2425 2545 2305 2525 2600 2530 2195] [2895 3235 3110 3230 3075 3135 3085 3025]
[2775 2455 2155 2080 2345 2550 2580 2085] [3010 2970 3130 2970 3010 3145 3130 3195]
[2595 2430 2255 2055 2045 2185 2330 2130] [2770 3055 3020 3120 3140 3295 3105 3090]
[2620 2405 1960 1765 1855 2035 1870 1665] [2885 3210 3105 3005 3145 3170 3275 3105]
[2585 2345 2035 1595 1875 1685 2045 1595] [2995 3070 3025 3370 3185 3070 3395 3590]
COM7 1 28
3
[2555 2350 2160 2400 2615 2650 2650 2550] [2780 2925 2915 2805 3030 3005 2980 3005]
[2830 2620 2310 2520 2620 2750 2590 2385] [2630 2835 3075 2880 2845 3110 3030 2975]
[2440 2490 2400 2285 2535 2660 2690 2570] [2815 3190 3235 3005 3015 2915 3130 3020]
[2655 2425 2545 2305 2525 2600 2530 2195] [3030 3000 3030 3150 2980 2930 3105 2880]
[2775 2455 2155 2080 2345 2550 2580 2085] [2910 3040 3185 2915 3065 3080 3285 3135]
[2595 2430 2255 2055 2045 2185 2330 2130] [2785 2930 2895 3070 3035 3200 3125 3085]
[2620 2405 1960 1765 1855 2035 1870 1665] [3250 3275 3205 2965 3130 3310 3030 3265]
[2585 2345 2035 1595 1875 1685 2045 1595] [3120 3205 3020 3310 3090 3095 3090 3265]
COM3 0 29
3
[2570 2380 2300 2385 2555 2630 2595 2400] [2780 2925 2915 2805 3030 3005 2980 3005]
[2600 2450 2350 2510 2495 2755 2680 2440] [2630 2835 3075 2880 2845 3110 3030 2975]
[2715 2525 2285 2260 2545 2650 2665 2460] [2815 3190 3235 3005 3015 2915 3130 3020]
[2595 2385 2515 2340 2560 2575 2535 2270] [3030 3000 3030 3150 2980 2930 3105 2880]
[2775 2455 2370 2145 2535 2445 2505 2380] [2910 3040 3185 2915 3065 3080 3285 3135]
[2530 2400 2275 2160 2070 2200 2170 2110] [2785 2930 2895 3070 3035 3200 3125 3085]
[2810 2435 1965 1895 1945 1985 1885 1695] [3250 3275 3205 2965 3130 3310 3030 3265]
[2710 2345 1980 1785 1840 1900 1900 1690] [3120 3205 3020 3310 3090 3095 3090 3265]
COM7 1 30
3
[2570 2380 2300 2385 2555 2630 2595 2400] [2835 3000 3070 3055 2970 2800 3040 2885]
[2600 2450 2350 2510 2495 2755 2680 2440] [3275 2895 3050 3035 2845 3090 2980 3025]
[2715 2525 2285 2260 2545 2650 2665 2460] [2870 3150 3145 2945 3030 3075 3000 2940]
[2595 2385 2515 2340 2560 2575 2535 2270] [3095 3135 3085 3140 3065 2985 3140 2980]
[2775 2455 2370 2145 2535 2445 2505 2380] [2850 3125 3165 2990 3100 3095 3160 3170]
[2530 2400 2275 2160 2070 2200 2170 2110] [2830 3055 3125 3180 2925 3210 3175 3100]
[2810 2435 1965 1895 1945 1985 1885 1695] [3005 2975 3070 3045 3110 3195 3060 3200]
[2710 2345 1980 1785 1840 1900 1900 1690] [2695 3305 3150 3305 3230 3020 3180 3210]
COM3 0 31
3
[2535 2420 2435 2610 2750 2670 2740 2585] [2835 3000 3070 3055 2970 2800 3040 2885]
[2705 2610 2440 2570 2625 2810 2725 2405] [3275 2895 3050 3035 2845 3090 2980 3025]
[2410 2590 2365 2290 2415 2645 2670 2465] [2870 3150 3145 2945 3030 3075 3000 2940]
[2745 2510 2565 2295 2585 2690 2640 2365] [3095 3135 3085 3140 3065 2985 3140 2980]
[2720 2590 2320 2410 2550 2565 2545 2155] [2850 3125 3165 2990 3100 3095 3160 3170]
[2605 2480 2395 2105 2140 2255 2125 1770] [2830 3055 3125 3180 2925 3210 3175 3100]
[2645 2330 1920 1930 2035 2020 1905 1830] [3005 2975 3070 3045 3110 3195 3060 3200]
[2635 2335 2000 1715 1875 1765 1840 1690] [2695 3305 3150 3305 3230 3020 3180 3210]
COM7 1 32
3
[2535 2420 2435 2610 2750 2670 2740 2585] [2860 3300 3240 2855 2855 3150 3005 3120]
[2705 2610 2440 2570 2625 2810 2725 2405] [2905 3015 2985 3020 3015 3100 3030 2960]
[2410 2590 2365 2290 2415 2645 2670 2465] [3045 2875 3190 3010 3135 3070 3080 3000]
[2745 2510 2565 2295 2585 2690 2640 2365] [3000 3225 3285 3005 3025 2945 3090 2945]
[2720 2590 2320 2410 2550 2565 2545 2155] [3065 3070 3170 2970 2900 3050 3205 3170]
[2605 2480 2395 2105 2140 2255 2125 1770] [2900 3085 3225 3285 3070 3055 3180 3160]
[2645 2330 1920 1930 2035 2020 1905 1830] [2900 3170 2940 3320 3160 3175 3230 3115]
[2635 2335 2000 1715 1875 1765 1840 1690] [2835 3130 3210 3105 3130 3035 3300 3085]
COM3 0 33
3
[2595 2320 2245 2320 2570 2570 2625 2260] [2860 3300 3240 2855 2855 3150 3005 3120]
[2700 2375 2100 2390 2550 2790 2535 2295] [2905 3015 2985 3020 3015 3100 3030 2960]
[2605 2415 2240 2270 2410 2655 2530 2280] [3045 2875 3190 3010 3135 3070 3080 3000]
[2695 2545 2420 2215 2420 2710 2370 1880] [3000 3225 3285 3005 3025 2945 3090 2945]
[2740 2450 2320 2080 2350 2480 2480 2195] [3065 3070 3170 2970 2900 3050 3205 3170]
[2665 2320 2025 1845 2030 2155 2135 1745] [2900 3085 3225 3285 3070 3055 3180 3160]
[2630 2355 1920 1725 1625 1870 1675 1635] [2900 3170 2940 3320 3160 3175 3230 3115]
[2525 2435 1840 1605 1630 1620 1650 1360] [2835 3130 3210 3105 3130 3035 3300 3085]
COM7 1 34
3
[2595 2320 2245 2320 2570 2570 2625 2260] [2865 2880 3010 3010 2965 3130 3200 2940]
[2700 2375 2100 2390 2550 2790 2535 2295] [2845 3000 3000 3045 3035 2930 3035 2930]
[2605 2415 2240 2270 2410 2655 2530 2280] [2860 2950 2970 3075 3110 3095 3050 2960]
[2695 2545 2420 2215 2420 2710 2370 1880] [3090 3225 3185 3080 3090 3125 3220 3135]
[2740 2450 2320 2080 2350 2480 2480 2195] [3175 3055 3105 2900 2980 2980 3205 3085]
[2665 2320 2025 1845 2030 2155 2135 1745] [3075 3095 3120 3205 3035 3055 3270 3200]
[2630 2355 1920 1725 1625 1870 1675 1635] [3130 3115 3135 3310 3095 3265 3205 3170]
[2525 2435 1840 1605 1630 1620 1650 1360] [3090 3005 3065 3360 2970 3140 2945 2940]
COM3 0 35
3
[2495 2250 2060 2275 2590 2575 2495 2270] [2865 2880 3010 3010 2965 3130 3200 2940]
[2625 2345 2265 2275 2490 2715 2635 2390] [2845 3000 3000 3045 3035 2930 3035 2930]
[2630 2325 2190 2235 2345 2560 2455 1955] [2860 2950 2970 3075 3110 3095 3050 2960]
[2745 2350 2340 2165 2425 2510 2415 2015] [3090 3225 3185 3080 3090 3125 3220 3135]
[2655 2380 2070 1845 2300 2380 2330 1805] [3175 3055 3105 2900 2980 2980 3205 3085]
[2550 2460 2065 1910 1840 2045 1940 1575] [3075 3095 3120 3205 3035 3055 3270 3200]
[2480 2310 1660 1590 1760 1765 1545 1640] [3130 3115 3135 3310 3095 3265 3205 3170]
[2895 2235 1795 1565 1570 1495 1560 1510] [3090 3005 3065 3360 2970 3140 2945 2940]
COM7 1 36
3
[2495 2250 2060 2275 2590 2575 2495 2270] [3020 2830 3065 2795 3060 2965 2980 2845]
[2625 2345 2265 2275 2490 2715 2635 2390] [2845 3015 3035 2885 2925 3030 3045 2780]
[2630 2325 2190 2235 2345 2560 2455 1955] [2890 3090 3080 2920 3075 3015 2995 2965]
[2745 2350 2340 2165 2425 2510 2415 2015] [2780 3095 3255 3055 2925 2945 3000 3085]
[2655 2380 2070 1845 2300 2380 2330 1805] [3110 2855 3240 2965 3125 2965 3010 3185]
[2550 2460 2065 1910 1840 2045 1940 1575] [2810 3095 3055 3175 3115 2990 3040 3025]
[2480 2310 1660 1590 1760 1765 1545 1640] [2900 3215 3180 3025 3180 3065 3075 3230]
[2895 2235 1795 1565 1570 1495 1560 1510] [3090 3070 3120 3310 3095 2955 3245 2940]
COM3 0 37
3
[2540 2350 2440 2420 2650 2615 2665 2415] [3020 2830 3065 2795 3060 2965 2980 2845]
[2645 2410 2345 2315 2625 2700 2600 2335] [2845 3015 3035 2885 2925 3030 3045 2780]
[2705 2370 2315 2330 2495 2750 2530 2315] [2890 3090 3080 2920 3075 3015 2995 2965]
[2595 2475 2415 2255 2460 2575 2455 2225] [2780 3095 3255 3055 2925 2945 3000 3085]
[2855 2520 2210 2075 2350 2435 2370 2080] [3110 2855 3240 2965 3125 2965 3010 3185]
[2565 2380 2230 2060 2025 2170 2125 1955] [2810 3095 3055 3175 3115 2990 3040 3025]
[2535 2225 2020 1655 1600 1925 1845 1780] [2900 3215 3180 3025 3180 3065 3075 3230]
[2770 2310 2010 1605 1865 1670 1775 1790] [3090 3070 3120 3310 3095 2955 3245 2940]
COM7 1 38
3
[2540 2350 2440 2420 2650 2615 2665 2415] [2695 2940 3290 3170 3060 3270 3005 3035]
[2645 2410 2345 2315 2625 2700 2600 2335] [3040 3065 3190 3015 3145 3170 3130 2975]
[2705 2370 2315 2330 2495 2750 2530 2315] [3175 3210 3185 3215 3280 3165 3100 3085]
[2595 2475 2415 2255 2460 2575 2455 2225] [2925 3050 3315 3330 3195 3085 3275 3085]
[2855 2520 2210 2075 2350 2435 2370 2080] [3070 3295 3225 3115 3050 3160 3275 3180]
[2565 2380 2230 2060 2025 2170 2125 1955] [2830 3125 3150 3275 3215 3275 3205 3215]
[2535 2225 2020 1655 1600 1925 1845 1780] [3190 3210 3355 3145 3185 3200 3360 3345]
[2770 2310 2010 1605 1865 1670 1775 1790] [3025 3150 3315 3220 3270 3115 3170 3225]
COM3 0 39
3
[2525 2065 2415 2315 2550 2555 2605 2260] [2695 2940 3290 3170 3060 3270 3005 3035]
[2610 2425 2160 2275 2580 2710 2450 2385] [3040 3065 3190 3015 3145 3170 3130 2975]
[2555 2455 2070 2255 2430 2655 2495 2225] [3175 3210 3185 3215 3280 3165 3100 3085]
[2565 2535 2110 2235 2420 2590 2360 2045] [2925 3050 3315 3330 3195 3085 3275 3085]
[2645 2490 2275 2205 2335 2335 2515 2155] [3070 3295 3225 3115 3050 3160 3275 3180]
[2570 2550 2155 1955 1980 2140 2075 1685] [2830 3125 3150 3275 3215 3275 3205 3215]
[2605 2375 1715 1605 1835 1905 1505 1645] [3190 3210 3355 3145 3185 3200 3360 3345]
[2760 2280 1675 1490 1550 1620 1620 1585] [3025 3150 3315 3220 3270 3115 3170 3225]
COM7 1 40
3
[2525 2065 2415 2315 2550 2555 2605 2260] [2860 2970 3145 2930 3090 2970 3085 3035]
[2610 2425 2160 2275 2580 2710 2450 2385] [3160 3050 2915 3075 3000 2920 3105 2935]
[2555 2455 2070 2255 2430 2655 2495 2225] [3000 3105 3075 3090 3075 3120 3025 3070]
[2565 2535 2110 2235 2420 2590 2360 2045] [3050 3065 3070 3165 3070 3110 3055 3125]
[2645 2490 2275 2205 2335 2335 2515 2155] [3110 3065 3305 2900 3040 3070 3150 3155]
[2570 2550 2155 1955 1980 2140 2075 1685] [2830 3195 3140 3105 3195 3220 3175 3085]
[2605 2375 1715 1605 1835 1905 1505 1645] [3140 3245 3245 3045 3195 3105 3190 3090]
[2760 2280 1675 1490 1550 1620 1620 1585] [3035 3295 3270 3215 3070 3255 3030 3160]
COM3 0 41
3
[2635 2370 2230 2290 2600 2570 2625 2350] [2860 2970 3145 2930 3090 2970 3085 3035]
[2585 2400 2370 2335 2570 2670 2570 2445] [3160 3050 2915 3075 3000 2920 3105 2935]
[2515 2370 2150 2285 2440 2615 2400 2440] [3000 3105 3075 3090 3075 3120 3025 3070]
[2780 2525 2380 2170 2535 2610 2535 2375] [3050 3065 3070 3165 3070 3110 3055 3125]
[2615 2510 2295 2305 2355 2555 2510 2260] [3110 3065 3305 2900 3040 3070 3150 3155]
[2810 2425 2180 1925 1985 2125 2170 1685] [2830 3195 3140 3105 3195 3220 3175 3085]
[2575 2515 1980 1600 1760 1800 1785 1640] [3140 3245 3245 3045 3195 3105 3190 3090]
[2725 2350 1825 1450 1630 1800 1700 1555] [3035 3295 3270 3215 3070 3255 3030 3160]
COM7 1 42
3
[2635 2370 2230 2290 2600 2570 2625 2350] [2960 2915 2875 3090 3160 2905 3040 3120]
[2585 2400 2370 2335 2570 2670 2570 2445] [2745 2900 3070 2975 2935 3150 2915 2850]
[2515 2370 2150 2285 2440 2615 2400 2440] [2890 3005 3045 2980 3095 3005 2980 2950]
[2780 2525 2380 2170 2535 2610 2535 2375] [2910 3000 3235 3100 3040 3035 3090 3000]
[2615 2510 2295 2305 2355 2555 2510 2260] [2975 3020 3120 2990 3165 3045 3145 3100]
[2810 2425 2180 1925 1985 2125 2170 1685] [3040 3070 3120 3190 3115 3055 3135 3035]
[2575 2515 1980 1600 1760 1800 1785 1640] [2970 3310 3130 3105 3255 2910 2995 3215]
[2725 2350 1825 1450 1630 1800 1700 1555] [3210 3295 3185 3185 3170 3045 3090 3305]
COM3 0 43
3
[2590 2210 2230 2330 2580 2615 2590 2330] [2960 2915 2875 3090 3160 2905 3040 3120]
[2630 2525 2120 2420 2545 2655 2510 2230] [2745 2900 3070 2975 2935 3150 2915 2850]
[2635 2425 2195 2235 2455 2615 2525 2345] [2890 3005 3045 2980 3095 3005 2980 2950]
[2675 2405 2070 2290 2570 2590 2325 2095] [2910 3000 3235 3100 3040 3035 3090 3000]
[2805 2425 2140 2160 2430 2315 2245 2105] [2975 3020 3120 2990 3165 3045 3145 3100]
[2610 2330 1995 1910 1945 2230 2045 1800] [3040 3070 3120 3190 3115 3055 3135 3035]
[2650 2410 1885 1710 1655 1785 1545 1660] [2970 3310 3130 3105 3255 2910 2995 3215]
[2695 2350 2005 1515 1735 1655 1775 1575] [3210 3295 3185 3185 3170 3045 3090 3305]
COM7 1 44
3
[2590 2210 2230 2330 2580 2615 2590 2330] [2570 3110 3315 2950 2875 2780 2990 2945]
[2630 2525 2120 2420 2545 2655 2510 2230] [2670 2800 3215 2975 3000 2930 3150 2985]
[2635 2425 2195 2235 2455 2615 2525 2345] [2870 3025 3095 3005 2975 3025 3025 2990]
[2675 2405 2070 2290 2570 2590 2325 2095] [2930 3275 3135 2970 3100 3185 3015 3045]
[2805 2425 2140 2160 2430 2315 2245 2105] [3145 3085 3050 2865 3130 3045 3130 3045]
[2610 2330 1995 1910 1945 2230 2045 1800] [3125 2855 2925 3170 3015 3245 3035 3200]
[2650 2410 1885 1710 1655 1785 1545 1660] [3095 3115 3285 3030 3200 3195 2920 3075]
[2695 2350 2005 1515 1735 1655 1775 1575] [2990 3105 3250 3195 3045 2970 2995 3125]
COM3 0 45
3
[2475 2320 2190 2405 2530 2580 2575 2350] [2570 3110 3315 2950 2875 2780 2990 2945]
[2570 2560 2035 2365 2520 2665 2480 2135] [2670 2800 3215 2975 3000 2930 3150 2985]
[2460 2265 2275 2130 2455 2595 2445 2325] [2870 3025 3095 3005 2975 3025 3025 2990]
[2605 2450 2330 2265 2460 2600 2400 2105] [2930 3275 3135 2970 3100 3185 3015 3045]
[2675 2365 2225 2075 2400 2405 2390 2085] [3145 3085 3050 2865 3130 3045 3130 3045]
[2530 2305 2330 1895 1995 2055 2195 1720] [3125 2855 2925 3170 3015 3245 3035 3200]
[2390 2330 1880 1460 1900 1795 1700 1565] [3095 3115 3285 3030 3200 3195 2920 3075]
[2515 2430 1700 1585 1615 1665 1715 1585] [2990 3105 3250 3195 3045 2970 2995 3125]
COM7 1 46
3
[2475 2320 2190 2405 2530 2580 2575 2350] [3035 3065 3165 3300 3150 2940 3055 3085]
[2570 2560 2035 2365 2520 2665 2480 2135] [3370 3160 3275 3245 3110 3125 3150 3050]
[2460 2265 2275 2130 2455 2595 2445 2325] [3035 3120 3165 3065 3240 3135 3140 3105]
[2605 2450 2330 2265 2460 2600 2400 2105] [3210 3025 3180 3155 3135 3135 3225 3145]
[2675 2365 2225 2075 2400 2405 2390 2085] [3120 3225 3190 3075 3170 3230 3300 3205]
[2530 2305 2330 1895 1995 2055 2195 1720] [2965 3160 3005 3220 3090 3175 3210 3200]
[2390 2330 1880 1460 1900 1795 1700 1565] [3075 3375 3375 3240 3180 3380 3260 3275]
[2515 2430 1700 1585 1615 1665 1715 1585] [2910 3065 3275 3360 3200 3105 3070 3350]
COM3 0 47
3
[2620 2370 2340 2475 2620 2690 2575 2530] [3035 3065 3165 3300 3150 2940 3055 3085]
[2775 2460 2220 2465 2570 2620 2620 2435] [3370 3160 3275 3245 3110 3125 3150 3050]
[2625 2560 2395 2285 2485 2795 2565 2310] [3035 3120 3165 3065 3240 3135 3140 3105]
[2750 2535 2320 2325 2600 2535 2530 2305] [3210 3025 3180 3155 3135 3135 3225 3145]
[2700 2440 2300 2005 2430 2445 2480 2195] [3120 3225 3190 3075 3170 3230 3300 3205]
[2645 2380 2265 2085 2280 2335 2055 2035] [2965 3160 3005 3220 3090 3175 3210 3200]
[2505 2355 1875 1800 1835 1865 1850 1850] [3075 3375 3375 3240 3180 3380 3260 3275]
[2600 2280 2060 1625 1785 1670 1895 1740] [2910 3065 3275 3360 3200 3105 3070 3350]
COM7 1 48
3
[2620 2370 2340 2475 2620 2690 2575 2530] [2855 2915 3290 2850 3245 2940 2915 3025]
[2775 2460 2220 2465 2570 2620 2620 2435] [3110 3095 3010 2910 2920 3055 3105 2965]
[2625 2560 2395 2285 2485 2795 2565 2310] [3015 3115 3135 2980 3105 3040 3020 3045]
[2750 2535 2320 2325 2600 2535 2530 2305] [2925 2950 3130 3005 2860 3005 3015 2995]
[2700 2440 2300 2005 2430 2445 2480 2195] [2905 3010 2985 3005 3045 3050 3240 3105]
[2645 2380 2265 2085 2280 2335 2055 2035] [2955 3070 3065 3080 2975 3130 3220 3185]
[2505 2355 1875 1800 1835 1865 1850 1850] [2740 3150 3140 3165 3050 3050 3085 3130]
[2600 2280 2060 1625 1785 1670 1895 1740] [2995 3200 3185 3355 3170 2890 3000 3075]
COM3 0 49
3
[2695 2200 2175 2350 2560 2595 2545 2180] [2855 2915 3290 2850 3245 2940 2915 3025]
[2670 2390 2015 2295 2495 2620 2530 2385] [3110 3095 3010 2910 2920 3055 3105 2965]
[2535 2470 2070 2200 2370 2650 2500 2390] [3015 3115 3135 2980 3105 3040 3020 3045]
[2750 2395 2235 2315 2400 2575 2410 2135] [2925 2950 3130 3005 2860 3005 3015 2995]
[2595 2380 2070 2135 2235 2490 2340 2050] [2905 3010 2985 3005 3045 3050 3240 3105]
[2505 2510 2015 1795 1870 2020 1985 1735] [2955 3070 3065 3080 2975 3130 3220 3185]
[2475 2405 1955 1610 1620 1605 1780 1640] [2740 3150 3140 3165 3050 3050 3085 3130]
[2645 2140 1735 1600 1630 1590 1695 1490] [2995 3200 3185 3355 3170 2890 3000 3075]
COM7 1 50
3
[2695 2200 2175 2350 2560 2595 2545 2180] [2860 3025 2910 3130 3260 2960 3115 3165]
[2670 2390 2015 2295 2495 2620 2530 2385] [3210 3140 3075 3075 3025 3085 2965 3050]
[2535 2470 2070 2200 2370 2650 2500 2390] [3045 3090 3145 2950 2995 2910 3090 3080]
[2750 2395 2235 2315 2400 2575 2410 2135] [2910 3085 3290 3125 3060 3005 3175 3115]
[2595 2380 2070 2135 2235 2490 2340 2050] [3060 3055 3190 3025 3040 3250 3275 3145]
[2505 2510 2015 1795 1870 2020 1985 1735] [2970 3170 3170 3175 3150 3180 3245 3035]
[2475 2405 1955 1610 1620 1605 1780 1640] [3060 3325 3390 3075 3095 3155 3225 3085]
[2645 2140 1735 1600 1630 1590 1695 1490] [3170 3145 3195 3070 3070 3255 3305 3275]
COM3 0 51
3
[2715 2405 2195 2395 2605 2645 2600 2350] [2860 3025 2910 3130 3260 2960 3115 3165]
[2735 2555 2275 2335 2575 2630 2635 2425] [3210 3140 3075 3075 3025 3085 2965 3050]
[2625 2505 2345 2200 2520 2700 2520 2535] [3045 3090 3145 2950 2995 2910 3090 3080]
[2675 2595 2490 2230 2570 2630 2285 2215] [2910 3085 3290 3125 3060 3005 3175 3115]
[2670 2460 2205 2210 2590 2355 2310 2420] [3060 3055 3190 3025 3040 3250 3275 3145]
[2650 2605 2375 2040 2020 2235 2205 1785] [2970 3170 3170 3175 3150 3180 3245 3035]
[2480 2460 2035 1875 1865 1960 1700 1590] [3060 3325 3390 3075 3095 3155 3225 3085]
[2655 2355 1930 1740 1720 1730 1930 1920] [3170 3145 3195 3070 3070 3255 3305 3275]
COM7 1 52
3
[2715 2405 2195 2395 2605 2645 2600 2350] [2740 2740 2895 2970 3065 2900 3080 3130]
[2735 2555 2275 2335 2575 2630 2635 2425] [2910 2825 3035 2970 2920 2925 2965 2915]
[2625 2505 2345 2200 2520 2700 2520 2535] [2945 3025 3040 2910 3095 2930 2965 2830]
[2675 2595 2490 2230 2570 2630 2285 2215] [3065 3070 3205 3090 3010 2975 3025 3105]
[2670 2460 2205 2210 2590 2355 2310 2420] [3040 3270 3170 3135 3005 2950 3135 3145]
[2650 2605 2375 2040 2020 2235 2205 1785] [2910 3025 2985 3225 3005 3125 3110 3050]
[2480 2460 2035 1875 1865 1960 1700 1590] [2895 3240 3245 3025 3100 3135 3145 3240]
[2655 2355 1930 1740 1720 1730 1930 1920] [2930 3120 3195 3350 3005 3195 2860 3050]
COM3 0 53
3
[2530 2275 2070 2210 2550 2560 2545 2235] [2740 2740 2895 2970 3065 2900 3080 3130]
[2710 2545 2050 2335 2550 2665 2585 2360] [2910 2825 3035 2970 2920 2925 2965 2915]
[2560 2495 2050 2320 2425 2530 2530 2315] [2945 3025 3040 2910 3095 2930 2965 2830]
[2715 2455 2220 2210 2540 2595 2420 2230] [3065 3070 3205 3090 3010 2975 3025 3105]
[2635 2520 2100 2005 2355 2505 2515 2130] [3040 3270 3170 3135 3005 2950 3135 3145]
[2490 2350 2045 1775 1945 2100 1755 1650] [2910 3025 2985 3225 3005 3125 3110 3050]
[2690 2385 1835 1595 1715 1900 1555 1720] [2895 3240 3245 3025 3100 3135 3145 3240]
[2600 1885 1915 1510 1630 1460 1690 1550] [2930 3120 3195 3350 3005 3195 2860 3050]
COM7 1 54
3
[2530 2275 2070 2210 2550 2560 2545 2235] [2800 2990 2700 3010 2990 2990 3005 3210]
[2710 2545 2050 2335 2550 2665 2585 2360] [2955 2910 2995 3005 2840 3105 2860 3150]
[2560 2495 2050 2320 2425 2530 2530 2315] [3020 3155 3015 3040 3110 3060 3030 3055]
[2715 2455 2220 2210 2540 2595 2420 2230] [3040 2905 3040 3000 2995 3055 3045 3045]
[2635 2520 2100 2005 2355 2505 2515 2130] [3185 3135 3100 2940 3035 3080 3125 3080]
[2490 2350 2045 1775 1945 2100 1755 1650] [3020 2980 3045 3130 3040 3120 3165 3095]
[2690 2385 1835 1595 1715 1900 1555 1720] [3060 3095 3305 3165 3155 3120 3230 3080]
[2600 1885 1915 1510 1630 1460 1690 1550] [3170 3005 2975 3510 3165 3100 3350 3085]
COM3 0 55
3
[2585 2250 2110 2470 2495 2585 2590 2515] [2800 2990 2700 3010 2990 2990 3005 3210]
[2775 2575 2310 2365 2490 2670 2625 2385] [2955 2910 2995 3005 2840 3105 2860 3150]
[2580 2340 2190 2260 2530 2715 2575 2320] [3020 3155 3015 3040 3110 3060 3030 3055]
[2750 2635 2370 2275 2555 2510 2470 2330] [3040 2905 3040 3000 2995 3055 3045 3045]
[2885 2355 2425 2215 2420 2510 2465 2080] [3185 3135 3100 2940 3035 3080 3125 3080]
[2600 2370 2260 2055 2215 2180 2180 1885] [3020 2980 3045 3130 3040 3120 3165 3095]
[2840 2525 1835 1820 1790 1945 1765 1615] [3060 3095 3305 3165 3155 3120 3230 3080]
[2725 2400 1885 1695 1690 1805 1845 1685] [3170 3005 2975 3510 3165 3100 3350 3085]
COM7 1 56
3
[2585 2250 2110 2470 2495 2585 2590 2515] [2710 2640 3320 3050 2845 2850 2915 3250]
[2775 2575 2310 2365 2490 2670 2625 2385] [2845 2970 2900 2865 2900 3115 2945 2920]
[2580 2340 2190 2260 2530 2715 2575 2320] [2890 3040 2880 2825 3010 2900 3005 2975]
[2750 2635 2370 2275 2555 2510 2470 2330] [2905 3025 3260 3075 2915 3105 3195 3035]
[2885 2355 2425 2215 2420 2510 2465 2080] [2900 3140 3100 2800 2975 3075 3070 3165]
[2600 2370 2260 2055 2215 2180 2180 1885] [3130 2985 2900 3075 3055 2925 3130 3060]
[2840 2525 1835 1820 1790 1945 1765 1615] [2935 3370 3130 2935 3115 3055 3140 3115]
[2725 2400 1885 1695 1690 1805 1845 1685] [2835 2915 3205 3245 2900 3145 3050 3015]
COM3 0 57
3
[2660 1985 2140 2240 2525 2510 2615 2390] [2710 2640 3320 3050 2845 2850 2915 3250]
[2555 2415 2185 2275 2500 2625 2465 2210] [2845 2970 2900 2865 2900 3115 2945 2920]
[2495 2375 2215 2235 2470 2660 2465 2255] [2890 3040 2880 2825 3010 2900 3005 2975]
[2425 2530 2100 2240 2560 2510 2525 2155] [2905 3025 3260 3075 2915 3105 3195 3035]
[2680 2380 2020 1845 2225 2325 2220 1860] [2900 3140 3100 2800 2975 3075 3070 3165]
[2485 2380 2220 1730 2010 2025 1940 1650] [3130 2985 2900 3075 3055 2925 3130 3060]
[2765 2365 1815 1490 1625 1640 1620 1685] [2935 3370 3130 2935 3115 3055 3140 3115]
[2825 2290 1745 1510 1595 1705 1635 1550] [2835 2915 3205 3245 2900 3145 3050 3015]
COM7 1 58
3
[2660 1985 2140 2240 2525 2510 2615 2390] [2825 2825 3050 3090 3070 2790 2830 2920]
[2555 2415 2185 2275 2500 2625 2465 2210] [2725 2950 2900 2925 2890 2925 2955 2750]
[2495 2375 2215 2235 2470 2660 2465 2255] [2795 3020 2965 2725 3005 2910 2820 2755]
[2425 2530 2100 2240 2560 2510 2525 2155] [2900 3130 3020 3090 2810 2745 2890 2825]
[2680 2380 2020 1845 2225 2325 2220 1860] [2885 3075 3040 2770 2935 2925 3025 3070]
[2485 2380 2220 1730 2010 2025 1940 1650] [2740 3010 3000 2935 2915 3040 2985 2980]
[2765 2365 1815 1490 1625 1640 1620 1685] [2770 3145 3005 2950 2890 3020 3000 3105]
[2825 2290 1745 1510 1595 1705 1635 1550] [3145 3130 3030 2900 3000 2980 3110 3010]
COM3 0 59
3
[2485 2240 2355 2545 2560 2590 2555 2455] [2825 2825 3050 3090 3070 2790 2830 2920]
[2640 2375 2375 2465 2560 2670 2515 2250] [2725 2950 2900 2925 2890 2925 2955 2750]
[2450 2440 2340 2335 2475 2620 2510 2370] [2795 3020 2965 2725 3005 2910 2820 2755]
[2745 2540 2445 2305 2525 2700 2600 2145] [2900 3130 3020 3090 2810 2745 2890 2825]
[2650 2495 2335 2075 2265 2455 2520 2205] [2885 3075 3040 2770 2935 2925 3025 3070]
[2665 2405 2290 2115 2000 2200 2185 1780] [2740 3010 3000 2935 2915 3040 2985 2980]
[2550 2335 1805 1845 1960 2025 1850 1715] [2770 3145 3005 2950 2890 3020 3000 3105]
[2655 2325 2210 1835 1755 1680 1880 1745] [3145 3130 3030 2900 3000 2980 3110 3010]
COM7 1 60
3
[2485 2240 2355 2545 2560 2590 2555 2455] [2950 2930 3130 2840 2970 2890 3060 3075]
[2640 2375 2375 2465 2560 2670 2515 2250] [2925 2805 3000 2950 2900 3090 2935 3055]
[2450 2440 2340 2335 2475 2620 2510 2370] [3035 3160 3080 3015 2970 2995 2955 3070]
[2745 2540 2445 2305 2525 2700 2600 2145] [3025 3240 3155 2985 3015 2980 3040 3055]
[2650 2495 2335 2075 2265 2455 2520 2205] [2865 3055 3110 2925 3000 2900 3175 3140]
[2665 2405 2290 2115 2000 2200 2185 1780] [2985 3060 3070 3100 3070 3105 3095 3140]
[2550 2335 1805 1845 1960 2025 1850 1715] [3145 3035 3215 3000 3160 3130 3145 3160]
[2655 2325 2210 1835 1755 1680 1880 1745] [3025 2910 3065 3200 3215 3100 3315 2935]
COM3 0 61
3
[2460 2040 2280 2405 2555 2560 2540 2330] [2950 2930 3130 2840 2970 2890 3060 3075]
[2670 2380 2155 2350 2550 2645 2530 2340] [2925 2805 3000 2950 2900 3090 2935 3055]
[2460 2515 2085 2255 2485 2620 2525 2190] [3035 3160 3080 3015 2970 2995 2955 3070]
[2495 2560 2175 2165 2470 2590 2430 2100] [3025 3240 3155 2985 3015 2980 3040 3055]
[2565 2380 2140 2110 2430 2310 2245 2110] [2865 3055 3110 2925 3000 2900 3175 3140]
[2440 2475 2055 1870 1920 1905 2015 1575] [2985 3060 3070 3100 3070 3105 3095 3140]
[2575 2255 1825 1665 1765 1570 1550 1645] [3145 3035 3215 3000 3160 3130 3145 3160]
[2640 2230 1860 1595 1580 1555 1580 1480] [3025 2910 3065 3200 3215 3100 3315 2935]
COM7 1 62
3
[2460 2040 2280 2405 2555 2560 2540 2330] [2545 3050 2905 2570 2715 2790 2800 2940]
[2670 2380 2155 2350 2550 2645 2530 2340] [2715 2780 2760 2780 2800 2875 2730 2840]
[2460 2515 2085 2255 2485 2620 2525 2190] [2805 2995 2995 2780 2915 2815 2810 2930]
[2495 2560 2175 2165 2470 2590 2430 2100] [2840 3035 2985 2945 2860 2955 2945 2880]
[2565 2380 2140 2110 2430 2310 2245 2110] [2885 2995 3070 2770 2845 2975 3040 2930]
[2440 2475 2055 1870 1920 1905 2015 1575] [2650 2785 2920 2875 2735 2945 2975 2905]
[2575 2255 1825 1665 1765 1570 1550 1645] [2775 3075 2895 2975 3090 3050 2995 2950]
[2640 2230 1860 1595 1580 1555 1580 1480] [2905 2910 3140 2995 3025 2945 3015 3070]
COM3 0 63
3
[2545 2270 2270 2410 2635 2580 2680 2385] [2545 3050 2905 2570 2715 2790 2800 2940]
[2585 2405 2300 2500 2590 2810 2630 2400] [2715 2780 2760 2780 2800 2875 2730 2840]
[2535 2370 2260 2255 2505 2630 2525 2325] [2805 2995 2995 2780 2915 2815 2810 2930]
[2590 2525 2285 2275 2560 2380 2495 2325] [2840 3035 2985 2945 2860 2955 2945 2880]
[2740 2440 2290 2175 2465 2495 2455 2325] [2885 2995 3070 2770 2845 2975 3040 2930]
[2655 2455 2155 1985 2020 2195 2075 1935] [2650 2785 2920 2875 2735 2945 2975 2905]
[2590 2385 2000 1620 1920 2005 1780 1855] [2775 3075 2895 2975 3090 3050 2995 2950]
[2860 2335 1920 1570 1735 1690 1860 1655] [2905 2910 3140 2995 3025 2945 3015 3070]
COM7 1 64
3
[2545 2270 2270 2410 2635 2580 2680 2385] [3195 3055 3125 2960 3150 2855 3300 3175]
[2585 2405 2300 2500 2590 2810 2630 2400] [2965 3090 3145 3135 2895 3065 3025 3045]
[2535 2370 2260 2255 2505 2630 2525 2325] [3025 3095 3125 2925 2950 3110 2975 3105]
[2590 2525 2285 2275 2560 2380 2495 2325] [3260 3040 3180 3155 2975 3100 3000 3070]
[2740 2440 2290 2175 2465 2495 2455 2325] [3040 2850 3200 2965 3045 3065 3055 3100]
[2655 2455 2155 1985 2020 2195 2075 1935] [2780 3015 3065 3105 3010 3335 3095 3190]
[2590 2385 2000 1620 1920 2005 1780 1855] [2900 3220 3180 3205 3035 3245 2985 3235]
[2860 2335 1920 1570 1735 1690 1860 1655] [3080 3310 3085 3135 3150 3010 3045 3070]
COM3 0 65
3
[2390 2310 2220 2375 2395 2635 2620 2350] [3195 3055 3125 2960 3150 2855 3300 3175]
[2695 2555 2040 2455 2505 2625 2460 2245] [2965 3090 3145 3135 2895 3065 3025 3045]
[2595 2290 2220 2195 2470 2570 2450 2275] [3025 3095 3125 2925 2950 3110 2975 3105]
[2530 2465 2200 2135 2445 2610 2360 2195] [3260 3040 3180 3155 2975 3100 3000 3070]
[2690 2370 2150 1900 2325 2420 2360 2170] [3040 2850 3200 2965 3045 3065 3055 3100]
[2540 2450 1985 1905 2060 2105 2060 1695] [2780 3015 3065 3105 3010 3335 3095 3190]
[2575 2385 1995 1635 1580 1630 1740 1695] [2900 3220 3180 3205 3035 3245 2985 3235]
[2695 2375 1625 1510 1520 1545 1640 1480] [3080 3310 3085 3135 3150 3010 3045 3070]