COM3 0 6
3
[3010 2920 3035 3185 3035 2915 3080 2905] [2550 2190 2385 2350 3055 2825 2950 3085]
[3045 3165 3010 3040 3065 3005 3000 2970] [2595 2225 2430 2325 2800 3075 2960 2935]
[3170 3015 3040 3120 3055 3165 2975 3085] [2805 2320 2235 2415 2840 2890 2925 2900]
[3165 3210 3290 3010 3020 3025 3145 2955] [2695 2155 2270 2600 2935 2895 2925 2955]
[3385 3160 3075 3100 3175 3050 3020 3175] [2735 2280 2035 2470 2825 2980 3110 3095]
[2895 3230 3315 3195 2995 2875 3000 2685] [2485 2245 2170 2580 2855 3120 3145 3175]
[3195 3250 3250 3195 2935 3185 2935 3105] [2180 2275 2305 2625 3105 3175 3320 3130]
[2995 3215 3345 2965 2810 3265 3035 2740] [2020 2050 2230 2590 2785 3160 3300 3230]
COM7 1 7
3
[3010 2920 3035 3185 3035 2915 3080 2905] [2645 2135 2095 2200 2650 2950 2845 2845]
[3045 3165 3010 3040 3065 3005 3000 2970] [2425 2335 2390 2490 2755 2970 3005 2875]
[3170 3015 3040 3120 3055 3165 2975 3085] [2455 2305 2275 2510 2775 2935 2940 2930]
[3165 3210 3290 3010 3020 3025 3145 2955] [2580 2475 2245 2465 2865 2900 3105 2965]
[3385 3160 3075 3100 3175 3050 3020 3175] [2420 2265 2080 2430 2765 2865 3135 3040]
[2895 3230 3315 3195 2995 2875 3000 2685] [2435 2080 2280 2625 2960 3015 3165 2950]
[3195 3250 3250 3195 2935 3185 2935 3105] [2155 2145 2250 2605 2870 3030 3095 3010]
[2995 3215 3345 2965 2810 3265 3035 2740] [2145 1720 2015 2545 2900 2870 3210 3100]
COM3 0 8
3
[3215 2990 2950 2910 2975 2925 3000 2945] [2645 2135 2095 2200 2650 2950 2845 2845]
[3020 3055 3010 2975 2925 3075 2955 2890] [2425 2335 2390 2490 2755 2970 3005 2875]
[2965 2965 3065 2820 2965 2990 2890 2925] [2455 2305 2275 2510 2775 2935 2940 2930]
[2890 3065 3030 3030 3095 2890 2850 3085] [2580 2475 2245 2465 2865 2900 3105 2965]
[2960 2920 3080 3115 3075 2935 3045 2850] [2420 2265 2080 2430 2765 2865 3135 3040]
[3025 3015 3065 3090 2880 3015 2970 2770] [2435 2080 2280 2625 2960 3015 3165 2950]
[2970 3055 3170 3075 2865 2940 2900 2800] [2155 2145 2250 2605 2870 3030 3095 3010]
[3170 3010 2860 2990 2880 3005 2600 2790] [2145 1720 2015 2545 2900 2870 3210 3100]
COM7 1 9
3
[3215 2990 2950 2910 2975 2925 3000 2945] [2675 2160 2225 2420 2650 3085 2950 2905]
[3020 3055 3010 2975 2925 3075 2955 2890] [2620 2485 2545 2360 2780 3055 2985 2875]
[2965 2965 3065 2820 2965 2990 2890 2925] [2640 2465 2215 2485 3000 2945 3110 2925]
[2890 3065 3030 3030 3095 2890 2850 3085] [2670 2430 2345 2530 2950 3100 2935 2980]
[2960 2920 3080 3115 3075 2935 3045 2850] [2795 2410 2210 2405 2855 3015 3185 3140]
[3025 3015 3065 3090 2880 3015 2970 2770] [2450 2130 2185 2540 2870 3095 3205 3380]
[2970 3055 3170 3075 2865 2940 2900 2800] [2440 2525 2280 2530 3035 2945 3110 3165]
[3170 3010 2860 2990 2880 3005 2600 2790] [2310 2140 2310 2640 2940 2860 3035 3165]
COM3 0 10
3
[2615 2520 2570 2735 2730 2635 2755 2720] [2675 2160 2225 2420 2650 3085 2950 2905]
[2695 2745 2460 2635 2785 2755 2850 2610] [2620 2485 2545 2360 2780 3055 2985 2875]
[2630 2835 2630 2710 2790 2665 2645 2620] [2640 2465 2215 2485 3000 2945 3110 2925]
[2710 2635 2825 2545 2710 2810 2780 2795] [2670 2430 2345 2530 2950 3100 2935 2980]
[2820 2900 3035 2735 2690 2655 2865 2950] [2795 2410 2210 2405 2855 3015 3185 3140]
[2920 2675 2785 2850 2870 2940 2675 2670] [2450 2130 2185 2540 2870 3095 3205 3380]
[2960 2910 2695 2895 2665 2820 2620 2725] [2440 2525 2280 2530 3035 2945 3110 3165]
[2915 2665 2760 2710 2855 3005 3075 2640] [2310 2140 2310 2640 2940 2860 3035 3165]
COM7 1 11
3
[2615 2520 2570 2735 2730 2635 2755 2720] [2515 2060 2125 2400 2975 2970 2935 2975]
[2695 2745 2460 2635 2785 2755 2850 2610] [2405 2225 2265 2470 2825 2955 2885 2770]
[2630 2835 2630 2710 2790 2665 2645 2620] [2305 2245 2145 2410 2810 2895 2855 2930]
[2710 2635 2825 2545 2710 2810 2780 2795] [2270 2255 2160 2460 2730 3005 2925 2805]
[2820 2900 3035 2735 2690 2655 2865 2950] [2380 2160 2165 2270 2800 2865 3100 3110]
[2920 2675 2785 2850 2870 2940 2675 2670] [2240 2170 2080 2445 2775 2915 3090 2935]
[2960 2910 2695 2895 2665 2820 2620 2725] [2100 2170 2135 2490 2995 3015 3080 3065]
[2915 2665 2760 2710 2855 3005 3075 2640] [2195 1990 2180 2720 2805 2925 2955 3105]
COM3 0 12
3
[3255 3070 2945 2980 3015 3145 3000 3165] [2515 2060 2125 2400 2975 2970 2935 2975]
[3120 3170 2935 3175 2910 3045 3000 2815] [2405 2225 2265 2470 2825 2955 2885 2770]
[2925 2910 2985 3095 3040 3190 2975 2995] [2305 2245 2145 2410 2810 2895 2855 2930]
[3090 3070 3070 3030 3060 3050 3220 3025] [2270 2255 2160 2460 2730 3005 2925 2805]
[3370 3210 3245 3160 3225 3070 3105 2990] [2380 2160 2165 2270 2800 2865 3100 3110]
[3040 3075 3045 3010 3065 3075 3230 2915] [2240 2170 2080 2445 2775 2915 3090 2935]
[3060 3285 3045 2965 3250 3320 2975 2910] [2100 2170 2135 2490 2995 3015 3080 3065]
[3130 3410 3075 2970 2820 3005 3245 2880] [2195 1990 2180 2720 2805 2925 2955 3105]
COM7 1 13
3
[3255 3070 2945 2980 3015 3145 3000 3165] [1735 1645 1920 2120 2940 2735 2930 2935]
[3120 3170 2935 3175 2910 3045 3000 2815] [1880 1535 1930 2355 2565 2875 2840 2650]
[2925 2910 2985 3095 3040 3190 2975 2995] [2195 1925 1905 2320 2785 2875 2900 2775]
[3090 3070 3070 3030 3060 3050 3220 3025] [2110 1605 1825 2275 2790 2830 2935 2770]
[3370 3210 3245 3160 3225 3070 3105 2990] [2245 1670 1975 2285 2695 2805 3065 2895]
[3040 3075 3045 3010 3065 3075 3230 2915] [1785 1685 1855 2485 2765 2870 3020 3070]
[3060 3285 3045 2965 3250 3320 2975 2910] [1840 1705 1770 2505 2810 3110 2945 2975]
[3130 3410 3075 2970 2820 3005 3245 2880] [1665 1705 2050 2685 2690 3020 2975 2895]
COM3 0 14
3
[3575 3255 3295 3380 3480 3315 3305 3345] [1735 1645 1920 2120 2940 2735 2930 2935]
[3430 3545 3520 3470 3305 3420 3320 3190] [1880 1535 1930 2355 2565 2875 2840 2650]
[3320 3515 3495 3225 3275 3485 3300 3385] [2195 1925 1905 2320 2785 2875 2900 2775]
[3310 3530 3480 3320 3360 3495 3415 3185] [2110 1605 1825 2275 2790 2830 2935 2770]
[3655 3305 3365 3465 3395 3355 3545 3240] [2245 1670 1975 2285 2695 2805 3065 2895]
[3600 3630 3845 3525 3380 3340 3300 3005] [1785 1685 1855 2485 2765 2870 3020 3070]
[3505 3455 3550 3615 3455 3280 2945 2975] [1840 1705 1770 2505 2810 3110 2945 2975]
[3490 3385 3510 3560 3460 3310 3200 2955] [1665 1705 2050 2685 2690 3020 2975 2895]
COM7 1 15
3
[3575 3255 3295 3380 3480 3315 3305 3345] [2515 2235 2030 2320 2645 2825 2945 2970]
[3430 3545 3520 3470 3305 3420 3320 3190] [2590 2270 2240 2365 2750 2905 3055 2755]
[3320 3515 3495 3225 3275 3485 3300 3385] [2505 2325 2290 2395 2750 2955 2965 2825]
[3310 3530 3480 3320 3360 3495 3415 3185] [2590 2390 2325 2485 2835 2855 2995 2855]
[3655 3305 3365 3465 3395 3355 3545 3240] [2480 1905 2165 2530 2715 2960 2935 3090]
[3600 3630 3845 3525 3380 3340 3300 3005] [2400 2205 2495 2650 2880 3100 3130 3235]
[3505 3455 3550 3615 3455 3280 2945 2975] [2120 2305 2315 2750 3050 3035 3185 3065]
[3490 3385 3510 3560 3460 3310 3200 2955] [1935 1685 2145 2600 2825 3140 2900 3075]
COM3 0 16
3
[3250 3115 3140 3040 3010 3035 3145 3140] [2515 2235 2030 2320 2645 2825 2945 2970]
[3265 3175 2985 2895 3185 3005 3100 2950] [2590 2270 2240 2365 2750 2905 3055 2755]
[2955 3120 3280 3105 3050 3175 3175 3085] [2505 2325 2290 2395 2750 2955 2965 2825]
[3265 3330 3185 3045 3270 3160 2995 3010] [2590 2390 2325 2485 2835 2855 2995 2855]
[3315 3105 3145 2995 3330 2890 3495 3090] [2480 1905 2165 2530 2715 2960 2935 3090]
[3180 3415 3260 3305 2990 3075 3375 2990] [2400 2205 2495 2650 2880 3100 3130 3235]
[3415 3440 3120 3185 3235 3140 2950 2825] [2120 2305 2315 2750 3050 3035 3185 3065]
[3330 3045 3215 3095 3135 2965 2935 3050] [1935 1685 2145 2600 2825 3140 2900 3075]
COM7 1 17
3
[3250 3115 3140 3040 3010 3035 3145 3140] [1870 1705 1825 2255 2835 2735 2950 3100]
[3265 3175 2985 2895 3185 3005 3100 2950] [2055 1825 2165 2120 2555 2835 2810 2810]
[2955 3120 3280 3105 3050 3175 3175 3085] [2055 1740 1885 2180 2725 2945 2865 2805]
[3265 3330 3185 3045 3270 3160 2995 3010] [2085 2065 1860 2345 2695 3000 2925 2760]
[3315 3105 3145 2995 3330 2890 3495 3090] [2045 1765 1985 2340 2765 2950 3050 2925]
[3180 3415 3260 3305 2990 3075 3375 2990] [1990 1625 1985 2460 2800 2900 3105 2925]
[3415 3440 3120 3185 3235 3140 2950 2825] [1655 1660 1855 2320 2860 2900 2875 2985]
[3330 3045 3215 3095 3135 2965 2935 3050] [1580 1570 1865 2540 3050 2990 2975 2880]
COM3 0 18
3
[3125 3010 2975 3160 3080 3015 3120 2930] [1870 1705 1825 2255 2835 2735 2950 3100]
[3120 3250 3220 3025 2970 3155 3045 3145] [2055 1825 2165 2120 2555 2835 2810 2810]
[3040 3120 3025 3135 3050 3120 3125 3105] [2055 1740 1885 2180 2725 2945 2865 2805]
[3225 3210 3265 2975 3295 3040 3030 3085] [2085 2065 1860 2345 2695 3000 2925 2760]
[3245 3105 3370 3105 3300 3095 3265 3205] [2045 1765 1985 2340 2765 2950 3050 2925]
[3325 3320 3235 3295 3170 3170 3090 2880] [1990 1625 1985 2460 2800 2900 3105 2925]
[3175 3205 3055 3030 3335 2920 3050 2960] [1655 1660 1855 2320 2860 2900 2875 2985]
[3575 3390 3210 3140 3065 3220 3145 2935] [1580 1570 1865 2540 3050 2990 2975 2880]
COM7 1 19
3
[3125 3010 2975 3160 3080 3015 3120 2930] [2550 2035 2005 2245 2645 2720 3045 2975]
[3120 3250 3220 3025 2970 3155 3045 3145] [2805 2160 1940 2545 2750 3115 3070 2875]
[3040 3120 3025 3135 3050 3120 3125 3105] [2665 2060 2155 2530 2960 2890 2855 3030]
[3225 3210 3265 2975 3295 3040 3030 3085] [2650 2195 2495 2570 2905 2905 2935 2855]
[3245 3105 3370 3105 3300 3095 3265 3205] [2505 2265 2070 2365 2785 3035 3015 3155]
[3325 3320 3235 3295 3170 3170 3090 2880] [2330 1915 2355 2600 2880 3010 3065 3025]
[3175 3205 3055 3030 3335 2920 3050 2960] [2005 2050 2115 2580 3100 3135 3205 3145]
[3575 3390 3210 3140 3065 3220 3145 2935] [1920 1880 2170 2715 2940 3095 3040 2970]
COM3 0 20
3
[2505 2595 2450 2500 2465 2650 2620 2625] [2550 2035 2005 2245 2645 2720 3045 2975]
[2525 2765 2495 2775 2750 2640 2685 2625] [2805 2160 1940 2545 2750 3115 3070 2875]
[2500 2585 2560 2505 2555 2720 2540 2745] [2665 2060 2155 2530 2960 2890 2855 3030]
[2730 2840 2735 2685 2785 2645 2405 2550] [2650 2195 2495 2570 2905 2905 2935 2855]
[2755 2570 2835 2695 2800 2905 2590 2935] [2505 2265 2070 2365 2785 3035 3015 3155]
[2665 2675 2775 2755 2525 2570 2695 2600] [2330 1915 2355 2600 2880 3010 3065 3025]
[2545 2590 2315 2440 2675 3085 2800 2755] [2005 2050 2115 2580 3100 3135 3205 3145]
[2545 2510 2560 2800 2555 2905 2895 2780] [1920 1880 2170 2715 2940 3095 3040 2970]
COM7 1 21
3
[2505 2595 2450 2500 2465 2650 2620 2625] [2290 1995 2135 2375 2735 3000 3065 3040]
[2525 2765 2495 2775 2750 2640 2685 2625] [2435 1985 2050 2295 2715 2970 2980 2965]
[2500 2585 2560 2505 2555 2720 2540 2745] [2595 1980 1925 2365 2890 3020 3025 2930]
[2730 2840 2735 2685 2785 2645 2405 2550] [2460 2260 2140 2445 2780 3035 2990 3010]
[2755 2570 2835 2695 2800 2905 2590 2935] [2525 2100 1940 2320 2795 3015 3085 3150]
[2665 2675 2775 2755 2525 2570 2695 2600] [2250 1735 2200 2520 2925 2985 3125 3010]
[2545 2590 2315 2440 2675 3085 2800 2755] [2005 1980 2030 2560 3065 3165 3150 3230]
[2545 2510 2560 2800 2555 2905 2895 2780] [1910 1675 2005 2570 2840 3115 3050 3280]
COM3 0 22
3
[2820 2950 2840 2815 2840 2795 2930 2990] [2290 1995 2135 2375 2735 3000 3065 3040]
[3120 2950 2830 3040 2945 2905 3020 2940] [2435 1985 2050 2295 2715 2970 2980 2965]
[2945 2925 2895 2850 2915 2920 2900 2815] [2595 1980 1925 2365 2890 3020 3025 2930]
[2910 3075 3040 2960 3025 2905 2935 3030] [2460 2260 2140 2445 2780 3035 2990 3010]
[2910 2885 3010 2950 3060 3140 3040 3095] [2525 2100 1940 2320 2795 3015 3085 3150]
[2955 2965 3140 2915 3040 3125 3035 2845] [2250 1735 2200 2520 2925 2985 3125 3010]
[2950 3085 3055 3030 3110 2985 2740 2765] [2005 1980 2030 2560 3065 3165 3150 3230]
[3520 2910 3005 3010 3080 3005 3080 2555] [1910 1675 2005 2570 2840 3115 3050 3280]
COM7 1 23
3
[2820 2950 2840 2815 2840 2795 2930 2990] [2600 2095 2035 2405 2535 2825 2820 2965]
[3120 2950 2830 3040 2945 2905 3020 2940] [2675 2085 2035 2400 2735 3080 2980 3055]
[2945 2925 2895 2850 2915 2920 2900 2815] [2385 2005 2190 2495 2890 3070 3020 2930]
[2910 3075 3040 2960 3025 2905 2935 3030] [2440 1920 2065 2490 2715 3000 3040 3000]
[2910 2885 3010 2950 3060 3140 3040 3095] [2525 1895 2100 2415 2765 2925 3205 3040]
[2955 2965 3140 2915 3040 3125 3035 2845] [2450 2235 2020 2620 2830 2995 3145 3125]
[2950 3085 3055 3030 3110 2985 2740 2765] [1880 2025 2230 2600 3010 3175 3175 3180]
[3520 2910 3005 3010 3080 3005 3080 2555] [1875 1900 2095 2645 2720 2870 2960 3175]
COM3 0 24
3
[3020 2895 3145 2710 3110 3090 2935 2960] [2600 2095 2035 2405 2535 2825 2820 2965]
[3310 3115 3010 3130 3050 3075 3000 3125] [2675 2085 2035 2400 2735 3080 2980 3055]
[3020 3120 3015 2935 3035 2975 3075 3080] [2385 2005 2190 2495 2890 3070 3020 2930]
[3205 3145 3075 3095 3130 3130 3070 2915] [2440 1920 2065 2490 2715 3000 3040 3000]
[3145 3055 3130 3150 3000 3075 3195 3180] [2525 1895 2100 2415 2765 2925 3205 3040]
[2870 3145 3035 2965 2890 3085 3090 2925] [2450 2235 2020 2620 2830 2995 3145 3125]
[3305 2990 3230 3080 2955 3015 2780 2785] [1880 2025 2230 2600 3010 3175 3175 3180]
[3080 3100 3000 3010 2960 2950 3075 2635] [1875 1900 2095 2645 2720 2870 2960 3175]
COM7 1 25
3
[3020 2895 3145 2710 3110 3090 2935 2960] [2470 2275 2215 2515 2630 2830 2785 3075]
[3310 3115 3010 3130 3050 3075 3000 3125] [2695 2245 2505 2610 2630 3025 2840 2885]
[3020 3120 3015 2935 3035 2975 3075 3080] [2525 2310 2180 2500 2905 2875 2960 3010]
[3205 3145 3075 3095 3130 3130 3070 2915] [2520 2350 2160 2495 2805 2845 2925 2900]
[3145 3055 3130 3150 3000 3075 3195 3180] [2650 2380 2385 2370 2905 2960 3020 3040]
[2870 3145 3035 2965 2890 3085 3090 2925] [2285 2450 2000 2585 2865 2950 3010 2890]
[3305 2990 3230 3080 2955 3015 2780 2785] [2280 2365 2325 2535 2860 2905 3035 3060]
[3080 3100 3000 3010 2960 2950 3075 2635] [2185 2080 2310 2510 2945 2825 3115 3120]
COM3 0 26
3
[2500 2510 2645 2700 2525 2485 2810 2800] [2470 2275 2215 2515 2630 2830 2785 3075]
[2540 2720 2480 2725 2745 2725 2800 2695] [2695 2245 2505 2610 2630 3025 2840 2885]
[2565 2705 2555 2595 2785 2685 2755 2740] [2525 2310 2180 2500 2905 2875 2960 3010]
[2605 2835 2780 2765 2795 2605 2790 2845] [2520 2350 2160 2495 2805 2845 2925 2900]
[2900 2700 2705 2655 2635 2705 2825 2710] [2650 2380 2385 2370 2905 2960 3020 3040]
[2780 2735 3140 2795 2690 2805 2665 2725] [2285 2450 2000 2585 2865 2950 3010 2890]
[2820 2715 2575 2955 2640 2950 2795 2565] [2280 2365 2325 2535 2860 2905 3035 3060]
[3005 2925 2700 2595 2990 2745 3075 2575] [2185 2080 2310 2510 2945 2825 3115 3120]
COM7 1 27
3
[2500 2510 2645 2700 2525 2485 2810 2800] [1500 1175 1460 1795 2490 2715 2800 2920]
[2540 2720 2480 2725 2745 2725 2800 2695] [1165  870 1420 2075 2640 2970 2905 2540]
[2565 2705 2555 2595 2785 2685 2755 2740] [1135 1050 1485 1940 2735 2690 2845 2685]
[2605 2835 2780 2765 2795 2605 2790 2845] [1360 1080 1470 2145 2495 2745 2935 2755]
[2900 2700 2705 2655 2635 2705 2825 2710] [1150 1315 1745 2230 2640 2865 2960 3000]
[2780 2735 3140 2795 2690 2805 2665 2725] [1080 1190 1345 2410 2765 3000 2970 2795]
[2820 2715 2575 2955 2640 2950 2795 2565] [ 950 1340 1895 2230 2775 2945 3170 2925]
[3005 2925 2700 2595 2990 2745 3075 2575] [1035 1275 1545 2425 2905 2825 2850 2760]
COM3 0 28
3
[3425 3420 3410 3385 3235 3275 3255 3185] [1500 1175 1460 1795 2490 2715 2800 2920]
[3410 3685 3440 3525 3325 3395 3520 3140] [1165  870 1420 2075 2640 2970 2905 2540]
[3235 3500 3505 3475 3255 3265 3320 3445] [1135 1050 1485 1940 2735 2690 2845 2685]
[3465 3660 3550 3195 3440 3365 3275 3265] [1360 1080 1470 2145 2495 2745 2935 2755]
[3650 3200 3740 3450 3535 3645 3555 3225] [1150 1315 1745 2230 2640 2865 2960 3000]
[3580 3370 3535 3460 3160 3395 3495 3300] [1080 1190 1345 2410 2765 3000 2970 2795]
[3455 3340 3500 3290 3335 3625 2935 2920] [ 950 1340 1895 2230 2775 2945 3170 2925]
[3925 3375 3625 3425 3385 3265 2990 3030] [1035 1275 1545 2425 2905 2825 2850 2760]
COM7 1 29
3
[3425 3420 3410 3385 3235 3275 3255 3185] [3095 2535 2425 2235 3175 2965 2835 2975]
[3410 3685 3440 3525 3325 3395 3520 3140] [3415 2855 2670 2670 2930 3035 3125 3190]
[3235 3500 3505 3475 3255 3265 3320 3445] [3340 2775 2510 2595 2980 3035 3070 3075]
[3465 3660 3550 3195 3440 3365 3275 3265] [3170 2770 2510 2665 3065 3005 3100 3180]
[3650 3200 3740 3450 3535 3645 3555 3225] [3335 2335 2490 2600 2925 3010 3130 3385]
[3580 3370 3535 3460 3160 3395 3495 3300] [2855 2560 2450 2835 3020 3255 3205 3305]
[3455 3340 3500 3290 3335 3625 2935 2920] [2460 2440 2315 2865 3005 3140 3140 3310]
[3925 3375 3625 3425 3385 3265 2990 3030] [2435 2225 2415 2615 3005 3055 2895 3515]
COM3 0 30
3
[2520 2610 2470 2550 2655 2705 2755 2625] [3095 2535 2425 2235 3175 2965 2835 2975]
[2710 2815 2755 2730 2700 2775 2570 2615] [3415 2855 2670 2670 2930 3035 3125 3190]
[2545 2615 2675 2670 2720 2740 2765 2760] [3340 2775 2510 2595 2980 3035 3070 3075]
[2475 2840 2810 2735 2685 2805 2765 2695] [3170 2770 2510 2665 3065 3005 3100 3180]
[2610 2830 2815 2905 2965 2745 2850 2835] [3335 2335 2490 2600 2925 3010 3130 3385]
[2755 2730 2955 2600 2755 2915 2990 2705] [2855 2560 2450 2835 3020 3255 3205 3305]
[2895 2975 2560 2605 3115 2590 2790 2565] [2460 2440 2315 2865 3005 3140 3140 3310]
[2745 2530 2910 3085 2720 3070 2945 2425] [2435 2225 2415 2615 3005 3055 2895 3515]
COM7 1 31
3
[2520 2610 2470 2550 2655 2705 2755 2625] [2600 2175 2165 2470 2975 2820 2930 2925]
[2710 2815 2755 2730 2700 2775 2570 2615] [2530 2275 2205 2490 2815 3030 2990 2875]
[2545 2615 2675 2670 2720 2740 2765 2760] [2810 2355 2280 2310 2990 2875 2855 2990]
[2475 2840 2810 2735 2685 2805 2765 2695] [2700 2475 2155 2615 2850 2830 3040 3010]
[2610 2830 2815 2905 2965 2745 2850 2835] [2325 2260 2240 2445 2840 2945 3125 3035]
[2755 2730 2955 2600 2755 2915 2990 2705] [2385 2090 2395 2750 3040 3015 3020 2950]
[2895 2975 2560 2605 3115 2590 2790 2565] [2095 2350 2280 2690 2925 3010 3140 3135]
[2745 2530 2910 3085 2720 3070 2945 2425] [2205 1810 2225 2850 2945 3255 3095 3355]
COM3 0 32
3
[2695 2540 2605 2550 2775 2605 2790 2630] [2600 2175 2165 2470 2975 2820 2930 2925]
[2615 2735 2545 2720 2635 2715 2700 2715] [2530 2275 2205 2490 2815 3030 2990 2875]
[2560 2825 2700 2470 2600 2665 2670 2740] [2810 2355 2280 2310 2990 2875 2855 2990]
[2870 2770 2490 2740 2525 2515 2345 2450] [2700 2475 2155 2615 2850 2830 3040 3010]
[2775 2500 2785 2560 2625 2560 2590 2840] [2325 2260 2240 2445 2840 2945 3125 3035]
[2695 2920 2760 2570 2640 2740 2540 2675] [2385 2090 2395 2750 3040 3015 3020 2950]
[2635 2840 2585 2800 2720 2525 2590 2430] [2095 2350 2280 2690 2925 3010 3140 3135]
[2675 2675 2740 2620 2705 2730 2955 2555] [2205 1810 2225 2850 2945 3255 3095 3355]
COM7 1 33
3
[2695 2540 2605 2550 2775 2605 2790 2630] [3485 2905 2950 2980 2750 2970 3235 3100]
[2615 2735 2545 2720 2635 2715 2700 2715] [3555 2955 2905 2845 3050 3220 3045 3140]
[2560 2825 2700 2470 2600 2665 2670 2740] [3365 3210 3080 2845 2980 2990 3125 3095]
[2870 2770 2490 2740 2525 2515 2345 2450] [3505 3020 2825 2880 3070 2920 3100 3095]
[2775 2500 2785 2560 2625 2560 2590 2840] [3435 3065 2835 2745 3050 2945 3120 3175]
[2695 2920 2760 2570 2640 2740 2540 2675] [3395 2895 2865 2995 3020 3155 3165 3275]
[2635 2840 2585 2800 2720 2525 2590 2430] [3035 3120 2870 2990 2925 3155 3135 3335]
[2675 2675 2740 2620 2705 2730 2955 2555] [2735 2690 2845 2925 3060 3005 3125 3515]
COM3 0 34
3
[2690 2875 2750 2825 2595 2845 2735 2900] [3485 2905 2950 2980 2750 2970 3235 3100]
[2965 2865 2695 2885 2845 2905 2810 2935] [3555 2955 2905 2845 3050 3220 3045 3140]
[2770 2875 2960 2815 2665 2885 2765 2875] [3365 3210 3080 2845 2980 2990 3125 3095]
[2900 2990 2805 3040 2950 2870 2735 3085] [3505 3020 2825 2880 3070 2920 3100 3095]
[2965 2885 3070 2845 2865 2695 3020 2945] [3435 3065 2835 2745 3050 2945 3120 3175]
[2775 3010 2990 2925 2960 2960 2985 2760] [3395 2895 2865 2995 3020 3155 3165 3275]
[3045 2910 3040 3130 2905 2700 2775 2575] [3035 3120 2870 2990 2925 3155 3135 3335]
[2880 3180 3100 2675 2995 2885 2960 2720] [2735 2690 2845 2925 3060 3005 3125 3515]
COM7 1 35
3
[2690 2875 2750 2825 2595 2845 2735 2900] [2445 2015 1955 2535 2815 2940 2945 2845]
[2965 2865 2695 2885 2845 2905 2810 2935] [2310 2385 2255 2495 2700 2970 2820 2940]
[2770 2875 2960 2815 2665 2885 2765 2875] [2535 2405 2190 2485 2960 2865 3015 2990]
[2900 2990 2805 3040 2950 2870 2735 3085] [2545 2470 2165 2410 2905 2935 3070 2955]
[2965 2885 3070 2845 2865 2695 3020 2945] [2705 1980 2350 2515 2925 2830 3055 3040]
[2775 3010 2990 2925 2960 2960 2985 2760] [2105 2175 2095 2670 2940 3015 3085 3015]
[3045 2910 3040 3130 2905 2700 2775 2575] [2220 2075 2240 2535 2925 3150 3115 3180]
[2880 3180 3100 2675 2995 2885 2960 2720] [2040 1755 2350 2660 2825 3150 3125 3120]
COM3 0 36
3
[2635 2590 2815 2825 2725 2630 2835 2830] [2445 2015 1955 2535 2815 2940 2945 2845]
[2795 2675 2785 2945 2705 2725 2865 2745] [2310 2385 2255 2495 2700 2970 2820 2940]
[2630 2900 2810 2700 2750 2740 2655 2800] [2535 2405 2190 2485 2960 2865 3015 2990]
[2900 2930 2975 2910 2740 2815 2890 2615] [2545 2470 2165 2410 2905 2935 3070 2955]
[3060 2935 2810 2645 3040 2660 3170 3040] [2705 1980 2350 2515 2925 2830 3055 3040]
[2885 2975 3070 2805 2665 2895 2995 3010] [2105 2175 2095 2670 2940 3015 3085 3015]
[2625 2815 2665 2940 3035 2760 2730 2615] [2220 2075 2240 2535 2925 3150 3115 3180]
[2835 2940 2740 2605 2995 2945 2960 2710] [2040 1755 2350 2660 2825 3150 3125 3120]
COM7 1 37
3
[2635 2590 2815 2825 2725 2630 2835 2830] [2195 1860 1965 2125 2640 3140 2730 3075]
[2795 2675 2785 2945 2705 2725 2865 2745] [2655 2070 1915 2390 2825 3135 3165 3045]
[2630 2900 2810 2700 2750 2740 2655 2800] [2635 1880 2010 2240 2915 2850 3030 3055]
[2900 2930 2975 2910 2740 2815 2890 2615] [2450 1510 2100 2485 2910 3070 3055 3165]
[3060 2935 2810 2645 3040 2660 3170 3040] [2095 1775 1880 2390 3005 3060 3200 3185]
[2885 2975 3070 2805 2665 2895 2995 3010] [2335 1685 1855 2715 2850 3055 3150 3175]
[2625 2815 2665 2940 3035 2760 2730 2615] [1850 1970 2335 2495 3045 3100 3230 3305]
[2835 2940 2740 2605 2995 2945 2960 2710] [1580 1570 2030 2775 2895 3055 3370 3275]
COM3 0 38
3
[2890 2880 2640 2810 2730 2780 2735 2740] [2195 1860 1965 2125 2640 3140 2730 3075]
[2700 2960 2765 2965 2860 2720 2845 2885] [2655 2070 1915 2390 2825 3135 3165 3045]
[2840 2960 2815 2670 2810 2890 2760 2875] [2635 1880 2010 2240 2915 2850 3030 3055]
[2710 2800 2795 2810 2825 2885 2810 2645] [2450 1510 2100 2485 2910 3070 3055 3165]
[2960 2895 2910 2835 2795 2690 2890 3085] [2095 1775 1880 2390 3005 3060 3200 3185]
[2780 2725 2695 2990 2740 2910 2915 2705] [2335 1685 1855 2715 2850 3055 3150 3175]
[2765 2705 2820 2900 2790 2775 2805 2790] [1850 1970 2335 2495 3045 3100 3230 3305]
[3000 2940 2700 2820 2685 2935 2950 2760] [1580 1570 2030 2775 2895 3055 3370 3275]
COM7 1 39
3
[2890 2880 2640 2810 2730 2780 2735 2740] [2590 2365 2460 2450 2865 2890 3260 2960]
[2700 2960 2765 2965 2860 2720 2845 2885] [2580 2360 2335 2385 2765 3035 2915 2875]
[2840 2960 2815 2670 2810 2890 2760 2875] [2695 2440 2330 2500 2890 2890 3005 2895]
[2710 2800 2795 2810 2825 2885 2810 2645] [2700 2350 2450 2590 2890 2925 2910 2905]
[2960 2895 2910 2835 2795 2690 2890 3085] [2705 2490 2585 2445 2775 3000 3110 3030]
[2780 2725 2695 2990 2740 2910 2915 2705] [2545 2425 2480 2590 3040 3015 3110 3120]
[2765 2705 2820 2900 2790 2775 2805 2790] [2465 2275 2400 2675 2890 2945 2950 3085]
[3000 2940 2700 2820 2685 2935 2950 2760] [2245 2330 2335 2815 2940 2910 2955 3085]
COM3 0 40
3
[3230 3075 2935 2950 2980 2840 3075 3060] [2590 2365 2460 2450 2865 2890 3260 2960]
[3120 3150 2985 3170 2950 2980 3085 3000] [2580 2360 2335 2385 2765 3035 2915 2875]
[3075 2895 3170 2980 2970 2930 3045 3015] [2695 2440 2330 2500 2890 2890 3005 2895]
[3190 3170 3300 3050 3120 3025 3145 2965] [2700 2350 2450 2590 2890 2925 2910 2905]
[3075 3210 3060 3115 3215 2940 3020 3075] [2705 2490 2585 2445 2775 3000 3110 3030]
[3100 3240 3305 3135 3105 2990 2985 3120] [2545 2425 2480 2590 3040 3015 3110 3120]
[3130 3270 2915 2965 2955 3015 2825 2935] [2465 2275 2400 2675 2890 2945 2950 3085]
[3005 3180 3140 3120 2995 3005 2985 2580] [2245 2330 2335 2815 2940 2910 2955 3085]
COM7 1 41
3
[3230 3075 2935 2950 2980 2840 3075 3060] [2550 2080 2135 2420 2945 2750 2740 2955]
[3120 3150 2985 3170 2950 2980 3085 3000] [2455 2310 2195 2420 2750 3025 2760 2835]
[3075 2895 3170 2980 2970 2930 3045 3015] [2500 2165 2255 2515 2805 2860 3005 2835]
[3190 3170 3300 3050 3120 3025 3145 2965] [2410 2335 2265 2565 2905 2905 2925 2850]
[3075 3210 3060 3115 3215 2940 3020 3075] [2385 2220 2320 2415 2735 2935 3025 2895]
[3100 3240 3305 3135 3105 2990 2985 3120] [2095 2075 2205 2580 2865 2970 3075 2905]
[3130 3270 2915 2965 2955 3015 2825 2935] [2195 2150 2315 2630 2990 2800 3020 3245]
[3005 3180 3140 3120 2995 3005 2985 2580] [2055 2130 2225 2770 2875 2910 2895 2970]
COM3 0 42
3
[2850 2895 2875 2970 2825 2920 2900 2880] [2550 2080 2135 2420 2945 2750 2740 2955]
[3260 3025 3005 2895 2940 3045 3045 2955] [2455 2310 2195 2420 2750 3025 2760 2835]
[3065 2965 3295 2895 2900 2945 2945 3010] [2500 2165 2255 2515 2805 2860 3005 2835]
[3240 3265 2955 2995 3020 3070 2960 2660] [2410 2335 2265 2565 2905 2905 2925 2850]
[3195 2985 3075 3035 3035 3050 2940 2945] [2385 2220 2320 2415 2735 2935 3025 2895]
[3040 3085 3160 3200 3065 3170 3090 2890] [2095 2075 2205 2580 2865 2970 3075 2905]
[2900 3035 3205 3260 3065 2740 2805 2510] [2195 2150 2315 2630 2990 2800 3020 3245]
[3005 2945 3000 2825 2810 3005 2970 2670] [2055 2130 2225 2770 2875 2910 2895 2970]
COM7 1 43
3
[2850 2895 2875 2970 2825 2920 2900 2880] [3690 3085 3005 2700 3305 3245 3140 3190]
[3260 3025 3005 2895 2940 3045 3045 2955] [3785 3145 3110 2920 3005 3245 3110 3345]
[3065 2965 3295 2895 2900 2945 2945 3010] [3605 3175 2895 2775 3135 3035 3110 3250]
[3240 3265 2955 2995 3020 3070 2960 2660] [3680 3180 2800 2970 3135 3065 3230 3270]
[3195 2985 3075 3035 3035 3050 2940 2945] [3595 3110 3010 2805 3090 3090 3175 3405]
[3040 3085 3160 3200 3065 3170 3090 2890] [3500 2955 2955 3125 3095 3090 3310 3485]
[2900 3035 3205 3260 3065 2740 2805 2510] [3320 3005 2885 3100 3350 3110 3260 3470]
[3005 2945 3000 2825 2810 3005 2970 2670] [2940 2770 2675 2755 2940 3125 3355 3690]
COM3 0 44
3
[2245 2115 2525 2395 2530 2420 2525 2525] [3690 3085 3005 2700 3305 3245 3140 3190]
[2605 2565 2365 2410 2555 2540 2485 2565] [3785 3145 3110 2920 3005 3245 3110 3345]
[2510 2460 2465 2535 2505 2520 2380 2450] [3605 3175 2895 2775 3135 3035 3110 3250]
[2535 2505 2525 2480 2620 2410 2485 2440] [3680 3180 2800 2970 3135 3065 3230 3270]
[2600 2440 2515 2565 2530 2505 2655 2650] [3595 3110 3010 2805 3090 3090 3175 3405]
[2530 2605 2535 2495 2505 2745 2640 2550] [3500 2955 2955 3125 3095 3090 3310 3485]
[2555 2445 2440 2565 2440 2740 2475 2740] [3320 3005 2885 3100 3350 3110 3260 3470]
[2340 2385 2610 2670 2530 2670 2820 2680] [2940 2770 2675 2755 2940 3125 3355 3690]
COM7 1 45
3
[2245 2115 2525 2395 2530 2420 2525 2525] [1660 1315 1485 1945 2345 2750 2735 2785]
[2605 2565 2365 2410 2555 2540 2485 2565] [1345 1445 1655 2025 2510 2840 2810 2655]
[2510 2460 2465 2535 2505 2520 2380 2450] [1475 1220 1480 2120 2530 2885 2835 2740]
[2535 2505 2525 2480 2620 2410 2485 2440] [1445 1205 1550 2045 2575 2840 2925 2820]
[2600 2440 2515 2565 2530 2505 2655 2650] [1260 1325 1645 1900 2575 3010 3100 2945]
[2530 2605 2535 2495 2505 2745 2640 2550] [1280 1425 1470 2160 2610 2900 2915 2945]
[2555 2445 2440 2565 2440 2740 2475 2740] [1340 1595 1760 2255 2845 2875 2955 2990]
[2340 2385 2610 2670 2530 2670 2820 2680] [1325 1290 1735 2330 3000 2870 2890 2825]
COM3 0 46
3
[3020 2990 2835 2910 3110 2920 3155 2940] [1660 1315 1485 1945 2345 2750 2735 2785]
[3115 3160 3000 3035 3080 2870 3130 3025] [1345 1445 1655 2025 2510 2840 2810 2655]
[2905 3005 2970 2945 3010 2940 3035 2980] [1475 1220 1480 2120 2530 2885 2835 2740]
[3000 3120 3055 3025 3090 3015 3070 3095] [1445 1205 1550 2045 2575 2840 2925 2820]
[3120 3005 3070 3025 3145 2890 3210 3235] [1260 1325 1645 1900 2575 3010 3100 2945]
[2940 2940 3055 3010 2955 3010 2995 3120] [1280 1425 1470 2160 2610 2900 2915 2945]
[3135 2830 2785 3045 3140 3010 2615 2825] [1340 1595 1760 2255 2845 2875 2955 2990]
[3070 3020 2940 3080 3185 3065 3075 2795] [1325 1290 1735 2330 3000 2870 2890 2825]
COM7 1 47
3
[3020 2990 2835 2910 3110 2920 3155 2940] [2305 1705 2005 2300 2800 2730 2830 2880]
[3115 3160 3000 3035 3080 2870 3130 3025] [2330 1935 2120 2320 2655 2970 2905 2815]
[2905 3005 2970 2945 3010 2940 3035 2980] [2260 2055 1920 2290 2915 2890 3055 2925]
[3000 3120 3055 3025 3090 3015 3070 3095] [2445 1920 1955 2435 2865 2955 3085 2765]
[3120 3005 3070 3025 3145 2890 3210 3235] [2560 1940 2000 2315 2750 2905 3010 3080]
[2940 2940 3055 3010 2955 3010 2995 3120] [2100 2080 2210 2620 2940 3065 3020 3150]
[3135 2830 2785 3045 3140 3010 2615 2825] [2050 1880 2060 2545 2780 3030 3060 3100]
[3070 3020 2940 3080 3185 3065 3075 2795] [1805 1765 2035 2685 2940 2985 3095 3105]
COM3 0 48
3
[2780 2705 2615 2630 2655 2670 2635 2630] [2305 1705 2005 2300 2800 2730 2830 2880]
[2710 2540 2820 2705 2760 2640 2670 2575] [2330 1935 2120 2320 2655 2970 2905 2815]
[2590 2745 2675 2610 2655 2650 2695 2675] [2260 2055 1920 2290 2915 2890 3055 2925]
[2710 2745 2585 2740 2740 2715 2745 2665] [2445 1920 1955 2435 2865 2955 3085 2765]
[2885 2605 2890 2675 2730 2590 2790 2660] [2560 1940 2000 2315 2750 2905 3010 3080]
[2620 2730 2760 2655 2590 2840 2775 2510] [2100 2080 2210 2620 2940 3065 3020 3150]
[2655 2810 2750 2785 2595 2910 2865 2845] [2050 1880 2060 2545 2780 3030 3060 3100]
[2875 2570 2535 2895 2695 3000 2940 2775] [1805 1765 2035 2685 2940 2985 3095 3105]
COM7 1 49
3
[2780 2705 2615 2630 2655 2670 2635 2630] [2140 1900 2075 2200 2595 2820 2950 2975]
[2710 2540 2820 2705 2760 2640 2670 2575] [1920 1785 1875 2450 2755 2895 2990 2815]
[2590 2745 2675 2610 2655 2650 2695 2675] [2210 1820 1805 2215 2805 2875 2935 2810]
[2710 2745 2585 2740 2740 2715 2745 2665] [2220 1685 1960 2410 2735 2855 2970 2900]
[2885 2605 2890 2675 2730 2590 2790 2660] [2370 2025 1890 2315 2765 3015 3035 3100]
[2620 2730 2760 2655 2590 2840 2775 2510] [2105 1770 1890 2570 2865 3000 3115 3090]
[2655 2810 2750 2785 2595 2910 2865 2845] [1570 1635 2120 2455 3070 3015 3035 3170]
[2875 2570 2535 2895 2695 3000 2940 2775] [1560 1725 2075 2510 3035 3260 3025 2935]
COM3 0 50
3
[3135 3165 2965 2895 3095 2925 3225 3005] [2140 1900 2075 2200 2595 2820 2950 2975]
[3020 3190 3000 3150 3025 3085 2955 2915] [1920 1785 1875 2450 2755 2895 2990 2815]
[2935 3110 3330 2875 3145 2990 3175 3055] [2210 1820 1805 2215 2805 2875 2935 2810]
[2935 3110 3175 2935 3185 3200 3105 3170] [2220 1685 1960 2410 2735 2855 2970 2900]
[3190 3175 3265 3165 3065 3120 3380 3215] [2370 2025 1890 2315 2765 3015 3035 3100]
[3035 3165 3230 3165 2885 3230 3225 2755] [2105 1770 1890 2570 2865 3000 3115 3090]
[3520 3105 3315 3335 3255 3440 3010 2805] [1570 1635 2120 2455 3070 3015 3035 3170]
[3500 3110 3075 3255 2940 3180 3030 2685] [1560 1725 2075 2510 3035 3260 3025 2935]
COM7 1 51
3
[3135 3165 2965 2895 3095 2925 3225 3005] [2965 2695 2480 2790 2980 2900 3135 3055]
[3020 3190 3000 3150 3025 3085 2955 2915] [3005 2740 2710 2635 2845 3015 2910 3230]
[2935 3110 3330 2875 3145 2990 3175 3055] [3085 2735 2530 2675 2975 3015 3045 2990]
[2935 3110 3175 2935 3185 3200 3105 3170] [3075 2775 2555 2730 2945 3090 3085 2980]
[3190 3175 3265 3165 3065 3120 3380 3215] [3040 2705 2545 2765 2990 3030 3035 3170]
[3035 3165 3230 3165 2885 3230 3225 2755] [2860 2540 2620 2855 3050 3010 3165 3095]
[3520 3105 3315 3335 3255 3440 3010 2805] [2610 2655 2620 2805 3065 3015 3200 3085]
[3500 3110 3075 3255 2940 3180 3030 2685] [2490 2350 2485 2840 3070 3075 3085 3140]
COM3 0 52
3
[2735 2545 2680 2695 2630 2705 2700 2820] [2965 2695 2480 2790 2980 2900 3135 3055]
[2825 2905 2835 2800 2750 2695 2745 2910] [3005 2740 2710 2635 2845 3015 2910 3230]
[2560 2745 2650 2510 2785 2725 2835 2810] [3085 2735 2530 2675 2975 3015 3045 2990]
[2785 2820 2945 2775 2795 2720 2905 2605] [3075 2775 2555 2730 2945 3090 3085 2980]
[2855 2845 2670 2810 2875 2840 2780 2790] [3040 2705 2545 2765 2990 3030 3035 3170]
[2905 2850 2965 2745 2855 2955 3025 2740] [2860 2540 2620 2855 3050 3010 3165 3095]
[2640 3000 3000 2905 2965 2760 2470 2575] [2610 2655 2620 2805 3065 3015 3200 3085]
[2950 2870 2610 2970 2790 3370 2995 2830] [2490 2350 2485 2840 3070 3075 3085 3140]
COM7 1 53
3
[2735 2545 2680 2695 2630 2705 2700 2820] [2510 2105 2160 2510 2645 2750 3095 3180]
[2825 2905 2835 2800 2750 2695 2745 2910] [2230 2410 2245 2425 2930 3035 2910 3000]
[2560 2745 2650 2510 2785 2725 2835 2810] [2560 2280 2145 2450 2910 2825 3010 2860]
[2785 2820 2945 2775 2795 2720 2905 2605] [2540 2105 2230 2385 2910 2825 2970 2915]
[2855 2845 2670 2810 2875 2840 2780 2790] [2540 2285 2145 2520 2765 3075 3095 3015]
[2905 2850 2965 2745 2855 2955 3025 2740] [2300 2025 2160 2605 2740 3120 3110 3050]
[2640 3000 3000 2905 2965 2760 2470 2575] [2020 2195 2290 2525 2905 3015 2955 3005]
[2950 2870 2610 2970 2790 3370 2995 2830] [1970 2030 2250 2615 2840 2905 3100 3120]
COM3 0 54
3
[3090 3145 3035 3020 2990 3025 2985 2955] [2510 2105 2160 2510 2645 2750 3095 3180]
[3095 2975 3135 3075 2925 2960 2915 3005] [2230 2410 2245 2425 2930 3035 2910 3000]
[3035 3105 2970 3030 3085 2975 2955 2780] [2560 2280 2145 2450 2910 2825 3010 2860]
[3035 3080 3235 3000 3040 3110 3025 2845] [2540 2105 2230 2385 2910 2825 2970 2915]
[3070 3180 3195 3095 3045 2855 3215 2950] [2540 2285 2145 2520 2765 3075 3095 3015]
[2995 3020 3150 3010 2810 2940 2965 2715] [2300 2025 2160 2605 2740 3120 3110 3050]
[3025 3040 3050 3060 2860 2970 3120 2935] [2020 2195 2290 2525 2905 3015 2955 3005]
[3200 3175 3105 3010 3205 2985 3075 2785] [1970 2030 2250 2615 2840 2905 3100 3120]
COM7 1 55
3
[3090 3145 3035 3020 2990 3025 2985 2955] [2460 2095 2255 2370 2965 2890 3095 2860]
[3095 2975 3135 3075 2925 2960 2915 3005] [2450 2365 2405 2570 2835 3100 2945 2860]
[3035 3105 2970 3030 3085 2975 2955 2780] [2530 2300 2205 2600 2820 2935 2960 2925]
[3035 3080 3235 3000 3040 3110 3025 2845] [2580 2440 2300 2515 2825 2905 3050 2825]
[3070 3180 3195 3095 3045 2855 3215 2950] [2420 2165 2200 2470 2845 2905 3035 3025]
[2995 3020 3150 3010 2810 2940 2965 2715] [2445 2310 2110 2535 2850 2935 2960 3060]
[3025 3040 3050 3060 2860 2970 3120 2935] [2375 2210 2385 2635 2925 3015 2950 3085]
[3200 3175 3105 3010 3205 2985 3075 2785] [2215 2285 2320 2550 2925 2915 3170 3230]
COM3 0 56
3
[2965 2915 2790 2790 2950 2945 2920 2810] [2460 2095 2255 2370 2965 2890 3095 2860]
[2920 2905 2755 2910 2965 2775 3020 2860] [2450 2365 2405 2570 2835 3100 2945 2860]
[2820 2865 3035 2865 2855 2975 2965 3000] [2530 2300 2205 2600 2820 2935 2960 2925]
[2935 2970 2950 2920 2940 2945 2950 2960] [2580 2440 2300 2515 2825 2905 3050 2825]
[3100 2870 3190 3010 2875 3015 3035 3005] [2420 2165 2200 2470 2845 2905 3035 3025]
[2710 3240 3170 3010 2755 2910 2905 2655] [2445 2310 2110 2535 2850 2935 2960 3060]
[2780 2905 2930 3165 3065 2995 2745 2775] [2375 2210 2385 2635 2925 3015 2950 3085]
[3000 2940 2995 3080 2820 2965 3075 2695] [2215 2285 2320 2550 2925 2915 3170 3230]
COM7 1 57
3
[2965 2915 2790 2790 2950 2945 2920 2810] [2030 1520 2040 2025 2635 2725 3095 2930]
[2920 2905 2755 2910 2965 2775 3020 2860] [2015 1645 1950 2305 2600 2920 2825 2630]
[2820 2865 3035 2865 2855 2975 2965 3000] [2165 1845 1840 2175 2730 2870 2850 2800]
[2935 2970 2950 2920 2940 2945 2950 2960] [2345 1690 1935 2365 2790 2820 2915 2915]
[3100 2870 3190 3010 2875 3015 3035 3005] [1890 1685 1920 2260 2730 2860 2955 2990]
[2710 3240 3170 3010 2755 2910 2905 2655] [1670 1840 1815 2445 3045 2995 3075 2905]
[2780 2905 2930 3165 3065 2995 2745 2775] [1870 1670 2140 2310 2810 2835 2955 2970]
[3000 2940 2995 3080 2820 2965 3075 2695] [1560 1610 2015 2465 2940 2890 2760 2925]
COM3 0 58
3
[3135 3325 3420 3405 3325 3170 3410 3275] [2030 1520 2040 2025 2635 2725 3095 2930]
[3255 3410 3320 3540 3240 3335 3365 3320] [2015 1645 1950 2305 2600 2920 2825 2630]
[3475 3450 3355 3430 3295 3440 3345 3410] [2165 1845 1840 2175 2730 2870 2850 2800]
[3605 3325 3615 3260 3490 3425 3420 3515] [2345 1690 1935 2365 2790 2820 2915 2915]
[3625 3420 3685 3325 3665 3455 3460 3195] [1890 1685 1920 2260 2730 2860 2955 2990]
[3825 3635 3610 3525 3055 3490 3425 3000] [1670 1840 1815 2445 3045 2995 3075 2905]
[3800 3550 3335 3405 3270 3010 3015 3090] [1870 1670 2140 2310 2810 2835 2955 2970]
[3640 3505 3700 3545 3345 2995 3410 2845] [1560 1610 2015 2465 2940 2890 2760 2925]
COM7 1 59
3
[3135 3325 3420 3405 3325 3170 3410 3275] [2885 2765 2320 2480 2810 3110 3120 3175]
[3255 3410 3320 3540 3240 3335 3365 3320] [3240 2725 2500 2600 2790 3010 2950 3125]
[3475 3450 3355 3430 3295 3440 3345 3410] [3225 2785 2490 2635 3025 3110 3040 3135]
[3605 3325 3615 3260 3490 3425 3420 3515] [3290 2870 2740 2680 2925 3020 3160 3170]
[3625 3420 3685 3325 3665 3455 3460 3195] [3150 2635 2595 2805 2930 2995 3095 3205]
[3825 3635 3610 3525 3055 3490 3425 3000] [3025 2735 2400 2855 3010 3200 3065 3365]
[3800 3550 3335 3405 3270 3010 3015 3090] [2810 2525 2790 2815 3075 3220 3175 3425]
[3640 3505 3700 3545 3345 2995 3410 2845] [2290 2330 2360 2850 2935 3020 3215 3140]
COM3 0 60
3
[2705 2755 2745 3010 2670 2570 2875 2785] [2885 2765 2320 2480 2810 3110 3120 3175]
[2840 2975 2740 2950 2925 2895 2770 2635] [3240 2725 2500 2600 2790 3010 2950 3125]
[2595 2745 2805 2845 2805 2905 2775 2995] [3225 2785 2490 2635 3025 3110 3040 3135]
[2780 2760 2805 2635 2905 2980 2655 2645] [3290 2870 2740 2680 2925 3020 3160 3170]
[2900 2975 3035 2890 2785 2855 2920 2890] [3150 2635 2595 2805 2930 2995 3095 3205]
[2605 2870 2895 2875 2680 2830 2700 2760] [3025 2735 2400 2855 3010 3200 3065 3365]
[2505 3105 2805 2880 2845 2990 2865 2850] [2810 2525 2790 2815 3075 3220 3175 3425]
[3170 2735 2735 2820 2855 2895 2590 2735] [2290 2330 2360 2850 2935 3020 3215 3140]
COM7 1 61
3
[2705 2755 2745 3010 2670 2570 2875 2785] [1830 1910 2010 2100 2645 2690 2940 2970]
[2840 2975 2740 2950 2925 2895 2770 2635] [2310 1885 1865 2385 2750 2935 2960 2870]
[2595 2745 2805 2845 2805 2905 2775 2995] [2370 1885 1905 2400 2790 2850 2855 2980]
[2780 2760 2805 2635 2905 2980 2655 2645] [2345 1950 2110 2400 2800 2900 3065 2815]
[2900 2975 3035 2890 2785 2855 2920 2890] [2150 1915 2020 2310 2750 2950 3050 3020]
[2605 2870 2895 2875 2680 2830 2700 2760] [2030 1850 1865 2505 2765 3000 3220 2870]
[2505 3105 2805 2880 2845 2990 2865 2850] [1865 2095 1940 2335 2725 3165 3080 3085]
[3170 2735 2735 2820 2855 2895 2590 2735] [1735 1645 1970 2715 3020 2920 3085 2830]
COM3 0 62
3
[3420 3280 3200 3185 3110 3165 3190 3040] [1830 1910 2010 2100 2645 2690 2940 2970]
[3255 3390 3135 3220 3070 3330 3300 3200] [2310 1885 1865 2385 2750 2935 2960 2870]
[3220 3395 3180 3175 3250 3195 3235 3275] [2370 1885 1905 2400 2790 2850 2855 2980]
[3505 3290 3535 3375 3405 3240 3425 3315] [2345 1950 2110 2400 2800 2900 3065 2815]
[3245 3285 3380 3180 3470 3270 3290 3280] [2150 1915 2020 2310 2750 2950 3050 3020]
[3350 3535 3440 3290 3395 3420 3245 3005] [2030 1850 1865 2505 2765 3000 3220 2870]
[3250 3245 3300 3540 3290 3015 3040 2835] [1865 2095 1940 2335 2725 3165 3080 3085]
[3515 3500 3405 3375 3155 3425 3485 2900] [1735 1645 1970 2715 3020 2920 3085 2830]
COM7 1 63
3
[3420 3280 3200 3185 3110 3165 3190 3040] [2580 2175 2325 2350 2980 2805 2830 2965]
[3255 3390 3135 3220 3070 3330 3300 3200] [2510 2330 2210 2475 2765 3100 2930 3010]
[3220 3395 3180 3175 3250 3195 3235 3275] [2560 2200 2205 2540 2900 2885 3035 2865]
[3505 3290 3535 3375 3405 3240 3425 3315] [2650 2270 2320 2505 2875 2850 3035 3000]
[3245 3285 3380 3180 3470 3270 3290 3280] [2505 2135 2245 2345 2845 3025 3085 3035]
[3350 3535 3440 3290 3395 3420 3245 3005] [2430 2295 2270 2650 2865 3095 3240 3025]
[3250 3245 3300 3540 3290 3015 3040 2835] [2200 2125 2155 2650 2925 2940 3115 3170]
[3515 3500 3405 3375 3155 3425 3485 2900] [2200 1870 2255 2550 2680 2885 3035 2870]
COM3 0 64
3
[2800 2675 2705 2875 2915 2890 2845 2855] [2580 2175 2325 2350 2980 2805 2830 2965]
[3260 2945 2805 2795 2860 2860 2835 2940] [2510 2330 2210 2475 2765 3100 2930 3010]
[2870 2925 2875 2740 2845 2940 2735 3090] [2560 2200 2205 2540 2900 2885 3035 2865]
[2845 2775 2890 2800 3055 2885 2925 2870] [2650 2270 2320 2505 2875 2850 3035 3000]
[2820 2785 2940 2800 2925 2795 2825 3185] [2505 2135 2245 2345 2845 3025 3085 3035]
[2950 2770 3150 2790 2815 2895 2825 3010] [2430 2295 2270 2650 2865 3095 3240 3025]
[2710 3055 2700 2910 3090 2995 3040 2690] [2200 2125 2155 2650 2925 2940 3115 3170]
[2925 3055 3085 2760 2990 2945 3005 2945] [2200 1870 2255 2550 2680 2885 3035 2870]
COM7 1 65
3
[2800 2675 2705 2875 2915 2890 2845 2855] [2580 1920 1825 2260 2645 3020 2825 2945]
[3260 2945 2805 2795 2860 2860 2835 2940] [2435 1855 1895 2470 2715 2960 3005 3140]
[2870 2925 2875 2740 2845 2940 2735 3090] [2555 2125 2080 2470 2885 3090 2985 2980]
[2845 2775 2890 2800 3055 2885 2925 2870] [2325 2095 2180 2430 2830 2970 3010 2980]
[2820 2785 2940 2800 2925 2795 2825 3185] [2610 1860 2005 2215 2840 2950 3035 3125]
[2950 2770 3150 2790 2815 2895 2825 3010] [2170 1900 2170 2440 3020 3175 3090 3250]
[2710 3055 2700 2910 3090 2995 3040 2690] [1745 1700 2215 2675 3090 3175 3355 3265]
[2925 3055 3085 2760 2990 2945 3005 2945] [1845 1685 2105 2600 2925 2920 3240 3075]