COM3 0 6
3
[2990 2785 2510 2205 1815 1960 2275 2870] [3335 2890 3245 2830 3160 2940 3135 3200]
[3225 3015 2495 1830 1765 1935 2380 2720] [3170 3015 3160 3015 2995 3070 3115 2890]
[2890 2775 2470 2050 1640 1895 2285 2750] [3070 2935 3115 3065 3175 3050 3015 3015]
[2815 2970 2535 2125 1980 1780 2385 2570] [3190 3210 3100 3075 3025 2995 3105 2880]
[2945 2550 2525 1940 1635 2140 2450 2905] [2895 3185 3240 2965 3120 2975 3090 3030]
[2545 2465 2315 1785 1595 2115 2785 2755] [3195 2965 3005 3225 2985 3095 3130 2980]
[2320 2245 1500 1650 1660 1850 2465 2765] [3165 3115 3370 3050 3095 3150 3175 3175]
[2290 1565 1505 1440 1470 1710 2410 2710] [3100 3215 3110 3320 3155 3010 3220 3135]
COM7 1 7
3
[2990 2785 2510 2205 1815 1960 2275 2870] [3225 3145 3200 3200 3350 2970 2910 3180]
[3225 3015 2495 1830 1765 1935 2380 2720] [3410 3280 3340 3175 3185 3110 3200 3010]
[2890 2775 2470 2050 1640 1895 2285 2750] [3320 3255 3340 3095 3240 3170 3115 3240]
[2815 2970 2535 2125 1980 1780 2385 2570] [3305 3425 3275 3225 3225 3205 3270 3145]
[2945 2550 2525 1940 1635 2140 2450 2905] [3330 3595 3410 3190 3195 3175 3125 3185]
[2545 2465 2315 1785 1595 2115 2785 2755] [3175 3165 3320 3450 3285 3250 3240 3065]
[2320 2245 1500 1650 1660 1850 2465 2765] [3265 3400 3320 3180 3210 3315 3135 3305]
[2290 1565 1505 1440 1470 1710 2410 2710] [3450 3150 3245 3285 3200 3295 3225 3175]
COM3 0 8
3
[2905 2590 2470 2290 1700 2025 2410 2700] [3225 3145 3200 3200 3350 2970 2910 3180]
[2735 3000 2510 2240 1590 1860 2390 2490] [3410 3280 3340 3175 3185 3110 3200 3010]
[2685 2790 2635 2005 1540 1925 2370 2950] [3320 3255 3340 3095 3240 3170 3115 3240]
[3055 2855 2740 1830 1875 1800 2285 2615] [3305 3425 3275 3225 3225 3205 3270 3145]
[3035 2540 2555 2095 1950 1675 2570 2675] [3330 3595 3410 3190 3195 3175 3125 3185]
[2330 2330 2315 1480 1595 1925 2530 2980] [3175 3165 3320 3450 3285 3250 3240 3065]
[2330 1905 1770 1670 1485 2000 2475 2880] [3265 3400 3320 3180 3210 3315 3135 3305]
[2175 1540 1575 1480 1455 1820 2315 2920] [3450 3150 3245 3285 3200 3295 3225 3175]
COM7 1 9
3
[2905 2590 2470 2290 1700 2025 2410 2700] [3200 3420 3525 3235 3080 3010 3270 3170]
[2735 3000 2510 2240 1590 1860 2390 2490] [3265 3285 3445 3100 3105 3130 3105 3020]
[2685 2790 2635 2005 1540 1925 2370 2950] [3525 3420 3330 3370 3240 3210 3170 3060]
[3055 2855 2740 1830 1875 1800 2285 2615] [3300 3420 3415 3225 3190 3225 3245 3205]
[3035 2540 2555 2095 1950 1675 2570 2675] [3270 3320 3415 3145 3210 3210 3265 3295]
[2330 2330 2315 1480 1595 1925 2530 2980] [3300 3440 3250 3170 3160 3340 3225 3290]
[2330 1905 1770 1670 1485 2000 2475 2880] [3345 3465 3400 3390 3185 3260 3290 3335]
[2175 1540 1575 1480 1455 1820 2315 2920] [3430 3410 3490 3395 3215 3165 3385 3095]
COM3 0 10
3
[2865 2575 2690 1920 1885 2070 2430 2720] [3200 3420 3525 3235 3080 3010 3270 3170]
[3075 2705 2590 2275 1875 1905 2380 2875] [3265 3285 3445 3100 3105 3130 3105 3020]
[2885 2710 2685 2005 1670 1925 2335 2560] [3525 3420 3330 3370 3240 3210 3170 3060]
[2950 2745 2665 2200 1770 1885 2435 2805] [3300 3420 3415 3225 3190 3225 3245 3205]
[2690 2590 2430 1840 1705 1730 2615 2785] [3270 3320 3415 3145 3210 3210 3265 3295]
[2615 2400 1985 1660 1665 1890 2275 2720] [3300 3440 3250 3170 3160 3340 3225 3290]
[2380 2005 1865 1535 1600 1975 2145 2560] [3345 3465 3400 3390 3185 3260 3290 3335]
[2555 1655 1555 1370 1570 2095 2415 2635] [3430 3410 3490 3395 3215 3165 3385 3095]
COM7 1 11
3
[2865 2575 2690 1920 1885 2070 2430 2720] [3265 3160 2960 3025 3285 3210 2970 3100]
[3075 2705 2590 2275 1875 1905 2380 2875] [3270 3200 3360 3175 3195 3080 3180 3135]
[2885 2710 2685 2005 1670 1925 2335 2560] [3355 3305 3190 3045 3145 3055 3045 3020]
[2950 2745 2665 2200 1770 1885 2435 2805] [3170 3145 3180 3230 3065 3160 3095 3035]
[2690 2590 2430 1840 1705 1730 2615 2785] [3225 3250 3100 3040 3130 3045 3145 3175]
[2615 2400 1985 1660 1665 1890 2275 2720] [3105 3350 3265 3255 3120 3240 3165 3310]
[2380 2005 1865 1535 1600 1975 2145 2560] [3225 3365 3235 3120 3265 3050 3235 3315]
[2555 1655 1555 1370 1570 2095 2415 2635] [3105 3435 3220 3425 3165 2945 3240 3345]
COM3 0 12
3
[2850 2560 2635 2260 1835 2090 2530 2910] [3265 3160 2960 3025 3285 3210 2970 3100]
[2700 2935 2405 2175 1980 2070 2480 2695] [3270 3200 3360 3175 3195 3080 3180 3135]
[2805 2960 2465 2090 2005 1975 2350 2970] [3355 3305 3190 3045 3145 3055 3045 3020]
[2740 3100 2620 2145 1835 2210 2515 2775] [3170 3145 3180 3230 3065 3160 3095 3035]
[2610 2335 2435 2095 1955 2110 2490 2800] [3225 3250 3100 3040 3130 3045 3145 3175]
[2640 2460 2300 1830 1780 2255 2695 2720] [3105 3350 3265 3255 3120 3240 3165 3310]
[2530 1905 1760 1595 1605 2190 2260 2600] [3225 3365 3235 3120 3265 3050 3235 3315]
[2275 1625 1390 1555 1585 2040 2695 2685] [3105 3435 3220 3425 3165 2945 3240 3345]
COM7 1 13
3
[2850 2560 2635 2260 1835 2090 2530 2910] [2915 2795 2960 2910 3015 2905 2950 2935]
[2700 2935 2405 2175 1980 2070 2480 2695] [2875 2885 3075 2875 2940 2960 2995 2980]
[2805 2960 2465 2090 2005 1975 2350 2970] [3035 2935 2940 2890 3090 2970 3005 3035]
[2740 3100 2620 2145 1835 2210 2515 2775] [3040 3095 3070 3075 2980 2950 3025 3100]
[2610 2335 2435 2095 1955 2110 2490 2800] [2970 2870 3140 2810 2960 2945 3025 3050]
[2640 2460 2300 1830 1780 2255 2695 2720] [2985 2860 2980 3150 3020 2970 3105 3195]
[2530 1905 1760 1595 1605 2190 2260 2600] [2825 3025 3145 3015 3165 3070 2960 3330]
[2275 1625 1390 1555 1585 2040 2695 2685] [2900 3215 3135 3225 3115 3105 3200 3320]
COM3 0 14
3
[2745 2800 2700 2390 2075 2070 2450 2785] [2915 2795 2960 2910 3015 2905 2950 2935]
[3185 2800 2435 2180 1895 2210 2415 2765] [2875 2885 3075 2875 2940 2960 2995 2980]
[2840 2835 2580 2120 1715 1980 2460 2770] [3035 2935 2940 2890 3090 2970 3005 3035]
[3020 2900 2630 2115 1955 2210 2505 2625] [3040 3095 3070 3075 2980 2950 3025 3100]
[2810 2625 2525 2230 2130 1960 2610 3000] [2970 2870 3140 2810 2960 2945 3025 3050]
[2575 2390 2170 1720 2045 2325 2535 2890] [2985 2860 2980 3150 3020 2970 3105 3195]
[2335 2110 1795 1660 1750 2020 2335 2675] [2825 3025 3145 3015 3165 3070 2960 3330]
[2405 1725 1600 1510 1530 2035 2505 2855] [2900 3215 3135 3225 3115 3105 3200 3320]
COM7 1 15
3
[2745 2800 2700 2390 2075 2070 2450 2785] [2730 2800 2570 2880 2765 2600 3040 2895]
[3185 2800 2435 2180 1895 2210 2415 2765] [2795 2655 2795 2665 2795 2920 2975 2890]
[2840 2835 2580 2120 1715 1980 2460 2770] [2765 2670 2810 2855 2860 2770 2860 2835]
[3020 2900 2630 2115 1955 2210 2505 2625] [2735 2915 2905 2840 2930 2970 2960 2870]
[2810 2625 2525 2230 2130 1960 2610 3000] [2840 2770 2725 2700 2790 2995 2955 3055]
[2575 2390 2170 1720 2045 2325 2535 2890] [2750 2705 2805 2945 2745 2975 3015 2890]
[2335 2110 1795 1660 1750 2020 2335 2675] [2700 2955 2835 3060 3015 2965 2985 3035]
[2405 1725 1600 1510 1530 2035 2505 2855] [2715 2900 3050 3050 2910 2840 2855 3055]
COM3 0 16
3
[2715 2770 2510 1640 1945 2005 2375 2580] [2730 2800 2570 2880 2765 2600 3040 2895]
[3090 2755 2360 2105 2060 2000 2425 2745] [2795 2655 2795 2665 2795 2920 2975 2890]
[2805 2715 2670 2120 1680 2000 2340 2810] [2765 2670 2810 2855 2860 2770 2860 2835]
[2725 2815 2615 2075 1650 2010 2435 2775] [2735 2915 2905 2840 2930 2970 2960 2870]
[2750 2510 2510 2245 2050 1980 2755 2725] [2840 2770 2725 2700 2790 2995 2955 3055]
[2400 2375 2110 1880 1960 2125 2440 2800] [2750 2705 2805 2945 2745 2975 3015 2890]
[2480 2070 1820 1695 1645 2135 2275 2895] [2700 2955 2835 3060 3015 2965 2985 3035]
[2410 1600 1610 1590 1665 1945 2490 2795] [2715 2900 3050 3050 2910 2840 2855 3055]
COM7 1 17
3
[2715 2770 2510 1640 1945 2005 2375 2580] [2605 2590 2500 2705 2775 2785 2765 2775]
[3090 2755 2360 2105 2060 2000 2425 2745] [2880 2670 2865 2860 2690 2825 2990 2795]
[2805 2715 2670 2120 1680 2000 2340 2810] [2730 2665 2740 2775 2860 2815 2925 2745]
[2725 2815 2615 2075 1650 2010 2435 2775] [2705 2720 2860 2745 2865 2835 3025 2825]
[2750 2510 2510 2245 2050 1980 2755 2725] [2845 2910 2780 2745 2840 2945 2870 3015]
[2400 2375 2110 1880 1960 2125 2440 2800] [2680 2880 2875 3000 2745 3035 2875 3035]
[2480 2070 1820 1695 1645 2135 2275 2895] [2865 3110 3155 2920 2770 2900 2945 3085]
[2410 1600 1610 1590 1665 1945 2490 2795] [2990 3030 2955 3135 2855 2910 2730 3105]
COM3 0 18
3
[2745 2755 2535 2290 1600 1755 2400 2700] [2605 2590 2500 2705 2775 2785 2765 2775]
[2900 2740 2550 2275 2025 1800 2360 2815] [2880 2670 2865 2860 2690 2825 2990 2795]
[2535 2975 2375 2115 2120 2035 2555 2550] [2730 2665 2740 2775 2860 2815 2925 2745]
[2905 2900 2705 2175 2095 1965 2450 2640] [2705 2720 2860 2745 2865 2835 3025 2825]
[2755 2550 2230 2110 1780 2060 2680 2660] [2845 2910 2780 2745 2840 2945 2870 3015]
[2630 2540 2115 1695 1735 2150 2425 2835] [2680 2880 2875 3000 2745 3035 2875 3035]
[2260 1800 1585 1735 1880 1955 2265 2625] [2865 3110 3155 2920 2770 2900 2945 3085]
[2230 1575 1450 1485 1555 2045 2715 2760] [2990 3030 2955 3135 2855 2910 2730 3105]
COM7 1 19
3
[2745 2755 2535 2290 1600 1755 2400 2700] [3250 3075 3235 3160 3015 2995 3155 2955]
[2900 2740 2550 2275 2025 1800 2360 2815] [3030 2885 3320 3040 3095 3055 2980 3080]
[2535 2975 2375 2115 2120 2035 2555 2550] [3165 3100 3315 3120 3135 3000 3000 2940]
[2905 2900 2705 2175 2095 1965 2450 2640] [3260 3120 3410 3140 3130 2935 3070 3175]
[2755 2550 2230 2110 1780 2060 2680 2660] [3070 3260 3275 3125 3070 3030 3090 3170]
[2630 2540 2115 1695 1735 2150 2425 2835] [2885 3275 3125 3260 3220 3315 3195 3305]
[2260 1800 1585 1735 1880 1955 2265 2625] [3175 3320 3270 3260 3190 3090 3160 3375]
[2230 1575 1450 1485 1555 2045 2715 2760] [3420 3310 3345 3205 3235 3225 3135 3175]
COM3 0 20
3
[2610 2510 2800 2395 1900 2170 2505 2825] [3250 3075 3235 3160 3015 2995 3155 2955]
[2900 2780 2620 2220 1785 2090 2430 2905] [3030 2885 3320 3040 3095 3055 2980 3080]
[2680 2835 2590 2250 1820 1840 2360 2865] [3165 3100 3315 3120 3135 3000 3000 2940]
[2805 2585 2755 2215 1955 2005 2285 2895] [3260 3120 3410 3140 3130 2935 3070 3175]
[2795 2585 2405 1905 2085 2240 2545 2915] [3070 3260 3275 3125 3070 3030 3090 3170]
[2515 2435 2040 1695 1610 2000 2680 2755] [2885 3275 3125 3260 3220 3315 3195 3305]
[2310 1935 1880 1690 1625 2025 2345 2895] [3175 3320 3270 3260 3190 3090 3160 3375]
[2220 2030 1720 1565 1690 1975 2550 2850] [3420 3310 3345 3205 3235 3225 3135 3175]
COM7 1 21
3
[2610 2510 2800 2395 1900 2170 2505 2825] [2770 3025 3140 2910 3040 2905 2895 2975]
[2900 2780 2620 2220 1785 2090 2430 2905] [3090 3225 3150 3075 2995 3125 3115 3070]
[2680 2835 2590 2250 1820 1840 2360 2865] [3310 3160 3215 3110 3080 2965 3130 3010]
[2805 2585 2755 2215 1955 2005 2285 2895] [3240 3240 3235 3225 3110 3010 3135 3115]
[2795 2585 2405 1905 2085 2240 2545 2915] [3195 3355 3230 3000 3100 3135 3265 3235]
[2515 2435 2040 1695 1610 2000 2680 2755] [3115 3205 3025 3225 2975 3135 3105 3060]
[2310 1935 1880 1690 1625 2025 2345 2895] [3215 3185 3295 3210 3130 3240 2970 3295]
[2220 2030 1720 1565 1690 1975 2550 2850] [3130 3095 3315 3395 3240 3160 3255 3070]
COM3 0 22
3
[2715 2615 2655 2110 1600 2105 2275 2695] [2770 3025 3140 2910 3040 2905 2895 2975]
[3015 2930 2465 2105 1895 1800 2160 2910] [3090 3225 3150 3075 2995 3125 3115 3070]
[2870 3040 2540 2155 1610 2070 2335 2740] [3310 3160 3215 3110 3080 2965 3130 3010]
[2780 2960 2660 2045 1750 1880 2470 2685] [3240 3240 3235 3225 3110 3010 3135 3115]
[2755 2525 2645 2050 1990 1645 2550 2710] [3195 3355 3230 3000 3100 3135 3265 3235]
[2695 2305 2305 1935 1715 2025 2380 2865] [3115 3205 3025 3225 2975 3135 3105 3060]
[2450 1865 1580 1655 1550 2035 2385 2645] [3215 3185 3295 3210 3130 3240 2970 3295]
[2140 1635 1665 1510 1680 1855 2875 2920] [3130 3095 3315 3395 3240 3160 3255 3070]
COM7 1 23
3
[2715 2615 2655 2110 1600 2105 2275 2695] [3165 3420 3135 3120 3310 3220 3220 3085]
[3015 2930 2465 2105 1895 1800 2160 2910] [3355 3235 3285 3195 3275 2995 3180 2890]
[2870 3040 2540 2155 1610 2070 2335 2740] [3470 3365 3300 3260 3320 2985 3180 3015]
[2780 2960 2660 2045 1750 1880 2470 2685] [3550 3355 3425 3210 3170 3255 3250 3100]
[2755 2525 2645 2050 1990 1645 2550 2710] [3265 3540 3405 3190 3275 3210 3185 3265]
[2695 2305 2305 1935 1715 2025 2380 2865] [3195 3275 3195 3265 3175 3205 3235 3270]
[2450 1865 1580 1655 1550 2035 2385 2645] [3160 3435 3390 3365 3375 3240 3340 3180]
[2140 1635 1665 1510 1680 1855 2875 2920] [3525 3315 3440 3600 3135 3260 3445 3270]
COM3 0 24
3
[2915 2535 2390 2400 2155 1875 2540 2930] [3165 3420 3135 3120 3310 3220 3220 3085]
[2740 2660 2325 2075 1895 1800 2560 2810] [3355 3235 3285 3195 3275 2995 3180 2890]
[2860 2550 2575 2030 1680 2260 2300 2850] [3470 3365 3300 3260 3320 2985 3180 3015]
[3020 2875 2720 2285 1715 1945 2440 2775] [3550 3355 3425 3210 3170 3255 3250 3100]
[2620 2595 2485 1950 1755 1965 2555 2905] [3265 3540 3405 3190 3275 3210 3185 3265]
[2640 2160 2230 2015 2010 2190 2620 2870] [3195 3275 3195 3265 3175 3205 3235 3270]
[2350 2140 1600 1560 1505 1675 2145 2850] [3160 3435 3390 3365 3375 3240 3340 3180]
[2180 1605 1525 1385 2000 1920 2555 2920] [3525 3315 3440 3600 3135 3260 3445 3270]
COM7 1 25
3
[2915 2535 2390 2400 2155 1875 2540 2930] [3120 3170 3515 3125 3135 2925 3350 3245]
[2740 2660 2325 2075 1895 1800 2560 2810] [3125 3275 3315 3140 3040 3125 3095 2865]
[2860 2550 2575 2030 1680 2260 2300 2850] [3365 3410 3410 3275 3220 3065 3125 3160]
[3020 2875 2720 2285 1715 1945 2440 2775] [3380 3385 3535 3230 3265 3245 3150 3135]
[2620 2595 2485 1950 1755 1965 2555 2905] [3340 3320 3255 3180 3185 3200 3290 3270]
[2640 2160 2230 2015 2010 2190 2620 2870] [3175 3275 3365 3350 3250 3255 3280 3280]
[2350 2140 1600 1560 1505 1675 2145 2850] [3295 3505 3265 3275 3270 3260 3340 3400]
[2180 1605 1525 1385 2000 1920 2555 2920] [3335 3370 3425 3590 3210 3095 3360 3540]
COM3 0 26
3
[2595 2860 2740 2185 1980 2025 2570 2915] [3120 3170 3515 3125 3135 2925 3350 3245]
[2810 2755 2690 2250 2100 2215 2595 2885] [3125 3275 3315 3140 3040 3125 3095 2865]
[2725 2875 2800 2250 1940 2055 2435 2785] [3365 3410 3410 3275 3220 3065 3125 3160]
[3055 2915 2465 2215 2015 2135 2490 2875] [3380 3385 3535 3230 3265 3245 3150 3135]
[2885 2515 2370 2220 1860 2025 2640 2835] [3340 3320 3255 3180 3185 3200 3290 3270]
[2460 2365 2115 1685 1515 2150 2565 2785] [3175 3275 3365 3350 3250 3255 3280 3280]
[2055 2095 1645 1755 1855 2150 2470 2935] [3295 3505 3265 3275 3270 3260 3340 3400]
[2460 1915 1540 1655 1615 2015 2605 2645] [3335 3370 3425 3590 3210 3095 3360 3540]
COM7 1 27
3
[2595 2860 2740 2185 1980 2025 2570 2915] [3010 2965 3055 2910 3130 3065 3305 2990]
[2810 2755 2690 2250 2100 2215 2595 2885] [3125 3025 3165 3175 2975 3105 3155 3075]
[2725 2875 2800 2250 1940 2055 2435 2785] [3050 3145 3110 2995 3220 3035 3015 3035]
[3055 2915 2465 2215 2015 2135 2490 2875] [3180 3155 3215 3180 3170 3055 3100 2965]
[2885 2515 2370 2220 1860 2025 2640 2835] [3225 3160 3045 3130 3080 3240 3205 3170]
[2460 2365 2115 1685 1515 2150 2565 2785] [3095 3165 3165 3110 3095 3185 3165 3265]
[2055 2095 1645 1755 1855 2150 2470 2935] [3050 3165 3330 3025 3060 3110 3195 3305]
[2460 1915 1540 1655 1615 2015 2605 2645] [3285 3285 3240 3455 3070 2945 3260 3175]
COM3 0 28
3
[2765 2450 2710 2275 2015 2045 2550 2560] [3010 2965 3055 2910 3130 3065 3305 2990]
[2765 2820 2550 2225 2205 2180 2455 2890] [3125 3025 3165 3175 2975 3105 3155 3075]
[2870 2960 2485 2060 1835 1950 2255 2690] [3050 3145 3110 2995 3220 3035 3015 3035]
[2800 2690 2680 2260 1805 2165 2510 2590] [3180 3155 3215 3180 3170 3055 3100 2965]
[2800 2740 2400 2190 1880 2105 2485 2995] [3225 3160 3045 3130 3080 3240 3205 3170]
[2495 2320 2330 1920 1665 2230 2590 2720] [3095 3165 3165 3110 3095 3185 3165 3265]
[2360 1930 1860 1695 1600 2065 2440 2605] [3050 3165 3330 3025 3060 3110 3195 3305]
[2105 1490 1585 1550 1825 2230 2640 2695] [3285 3285 3240 3455 3070 2945 3260 3175]
COM7 1 29
3
[2765 2450 2710 2275 2015 2045 2550 2560] [2810 2720 3095 2815 2930 2965 2780 2990]
[2765 2820 2550 2225 2205 2180 2455 2890] [2915 2840 2925 2785 2835 2875 2855 2970]
[2870 2960 2485 2060 1835 1950 2255 2690] [2855 2815 2940 2850 2960 2895 2885 2870]
[2800 2690 2680 2260 1805 2165 2510 2590] [2980 3000 3095 2885 2935 2910 3010 2860]
[2800 2740 2400 2190 1880 2105 2485 2995] [2960 3130 3045 2740 2950 2970 3135 2990]
[2495 2320 2330 1920 1665 2230 2590 2720] [2740 2875 2890 2995 2915 3080 2935 3050]
[2360 1930 1860 1695 1600 2065 2440 2605] [2935 3090 2930 2970 2880 3115 3105 3160]
[2105 1490 1585 1550 1825 2230 2640 2695] [2895 3075 2915 3155 2885 2945 3015 3045]
COM3 0 30
3
[2965 2625 2335 2245 1835 2135 2575 2715] [2810 2720 3095 2815 2930 2965 2780 2990]
[2935 2800 2460 2020 1905 2160 2305 2625] [2915 2840 2925 2785 2835 2875 2855 2970]
[2790 2675 2550 2300 1960 2030 2460 2700] [2855 2815 2940 2850 2960 2895 2885 2870]
[2770 2750 2725 2260 1880 2190 2475 2675] [2980 3000 3095 2885 2935 2910 3010 2860]
[2645 2575 2520 1915 2005 2115 2655 2875] [2960 3130 3045 2740 2950 2970 3135 2990]
[2465 2090 2200 1995 1900 2080 2510 2725] [2740 2875 2890 2995 2915 3080 2935 3050]
[2345 2155 1880 1755 1895 2200 2535 2915] [2935 3090 2930 2970 2880 3115 3105 3160]
[2215 1740 1580 1695 1700 2040 2600 2735] [2895 3075 2915 3155 2885 2945 3015 3045]
COM7 1 31
3
[2965 2625 2335 2245 1835 2135 2575 2715] [3155 3310 3325 3065 3225 3150 3145 3160]
[2935 2800 2460 2020 1905 2160 2305 2625] [3535 3280 3410 3335 3325 3155 3100 2965]
[2790 2675 2550 2300 1960 2030 2460 2700] [3340 3365 3325 3210 3195 3170 3115 3255]
[2770 2750 2725 2260 1880 2190 2475 2675] [3375 3430 3525 3250 3270 3175 3100 3200]
[2645 2575 2520 1915 2005 2115 2655 2875] [3335 3425 3335 3225 3180 3115 3255 3270]
[2465 2090 2200 1995 1900 2080 2510 2725] [3225 3415 3305 3385 3145 3305 3270 3340]
[2345 2155 1880 1755 1895 2200 2535 2915] [3290 3525 3410 3430 3165 3080 3195 3295]
[2215 1740 1580 1695 1700 2040 2600 2735] [3440 3335 3270 3405 3230 3135 3235 3585]
COM3 0 32
3
[2765 2800 2410 2470 1785 1805 2360 2820] [3155 3310 3325 3065 3225 3150 3145 3160]
[2835 3000 2565 2080 1885 2005 2535 2910] [3535 3280 3410 3335 3325 3155 3100 2965]
[2735 2735 2525 2230 1690 1665 2455 2615] [3340 3365 3325 3210 3195 3170 3115 3255]
[2740 2880 2900 2310 1695 1895 2385 2725] [3375 3430 3525 3250 3270 3175 3100 3200]
[2840 2620 2465 1965 2045 2120 2525 3060] [3335 3425 3335 3225 3180 3115 3255 3270]
[2365 2310 2025 1960 1665 1700 2600 2685] [3225 3415 3305 3385 3145 3305 3270 3340]
[2400 1870 1790 1545 1750 1940 2490 2825] [3290 3525 3410 3430 3165 3080 3195 3295]
[2245 1625 1650 1370 1515 1895 2635 2630] [3440 3335 3270 3405 3230 3135 3235 3585]
COM7 1 33
3
[2765 2800 2410 2470 1785 1805 2360 2820] [2885 2795 2915 2910 2790 2740 2835 3110]
[2835 3000 2565 2080 1885 2005 2535 2910] [3010 2700 2920 2920 2900 2955 2935 2825]
[2735 2735 2525 2230 1690 1665 2455 2615] [2835 2905 2870 2705 2915 2885 2940 2910]
[2740 2880 2900 2310 1695 1895 2385 2725] [2980 2900 2900 2820 2890 2850 2950 2810]
[2840 2620 2465 1965 2045 2120 2525 3060] [2960 2625 2835 2910 2875 2880 2935 3025]
[2365 2310 2025 1960 1665 1700 2600 2685] [2585 2905 2680 2800 2950 2970 3010 2975]
[2400 1870 1790 1545 1750 1940 2490 2825] [2910 2895 3145 3045 2870 3015 3040 3025]
[2245 1625 1650 1370 1515 1895 2635 2630] [2790 3225 2940 3145 3160 2845 2975 3045]
COM3 0 34
3
[2895 2630 2695 2065 1700 1960 2550 2915] [2885 2795 2915 2910 2790 2740 2835 3110]
[2835 3100 2515 2195 1920 2015 2385 2715] [3010 2700 2920 2920 2900 2955 2935 2825]
[2845 2530 2590 1965 1565 1975 2515 2895] [2835 2905 2870 2705 2915 2885 2940 2910]
[2850 2840 2490 1895 1835 1725 2545 2810] [2980 2900 2900 2820 2890 2850 2950 2810]
[2900 2625 2475 2105 1985 1960 2625 2665] [2960 2625 2835 2910 2875 2880 2935 3025]
[2540 2320 2075 2085 1680 2035 2435 2575] [2585 2905 2680 2800 2950 2970 3010 2975]
[2540 1950 1855 1620 1775 1815 2310 2710] [2910 2895 3145 3045 2870 3015 3040 3025]
[2275 1745 1705 1360 1590 1650 2490 2915] [2790 3225 2940 3145 3160 2845 2975 3045]
COM7 1 35
3
[2895 2630 2695 2065 1700 1960 2550 2915] [3040 2980 2960 2845 2975 3070 2880 2975]
[2835 3100 2515 2195 1920 2015 2385 2715] [2840 3100 2975 2980 3035 2975 2935 2900]
[2845 2530 2590 1965 1565 1975 2515 2895] [2935 2860 3060 2980 3100 3075 2935 3005]
[2850 2840 2490 1895 1835 1725 2545 2810] [3130 3150 3060 3165 2980 3010 3110 3070]
[2900 2625 2475 2105 1985 1960 2625 2665] [3095 3135 3000 2900 3015 3045 3065 3215]
[2540 2320 2075 2085 1680 2035 2435 2575] [3005 3165 3155 3080 2975 3170 3150 3240]
[2540 1950 1855 1620 1775 1815 2310 2710] [3125 3155 3145 3010 3040 3125 3160 3300]
[2275 1745 1705 1360 1590 1650 2490 2915] [3245 3110 3100 3335 3035 3195 3195 3200]
COM3 0 36
3
[2815 2805 2400 2195 1860 2025 2550 2790] [3040 2980 2960 2845 2975 3070 2880 2975]
[2925 2920 2560 2370 2070 2070 2380 2895] [2840 3100 2975 2980 3035 2975 2935 2900]
[2770 2890 2700 2120 1820 2070 2320 2835] [2935 2860 3060 2980 3100 3075 2935 3005]
[2970 2885 2570 2110 2135 2010 2485 2775] [3130 3150 3060 3165 2980 3010 3110 3070]
[2850 2805 2555 2150 2070 1885 2665 2915] [3095 3135 3000 2900 3015 3045 3065 3215]
[2520 2385 2150 2065 1885 2150 2600 2690] [3005 3165 3155 3080 2975 3170 3150 3240]
[2255 1740 1575 1550 1675 2190 2515 2925] [3125 3155 3145 3010 3040 3125 3160 3300]
[2315 1725 1835 1655 1835 2045 2740 2635] [3245 3110 3100 3335 3035 3195 3195 3200]
COM7 1 37
3
[2815 2805 2400 2195 1860 2025 2550 2790] [2815 2750 2845 2685 2665 2620 2925 2830]
[2925 2920 2560 2370 2070 2070 2380 2895] [2810 2715 2795 2695 2830 2975 2820 2900]
[2770 2890 2700 2120 1820 2070 2320 2835] [2885 2755 2895 2860 2930 2860 2875 2805]
[2970 2885 2570 2110 2135 2010 2485 2775] [2800 2830 2955 2765 2935 2960 2925 2875]
[2850 2805 2555 2150 2070 1885 2665 2915] [2935 2820 3010 2775 2875 2880 3040 2925]
[2520 2385 2150 2065 1885 2150 2600 2690] [2775 2790 2795 3020 2890 3085 2915 2910]
[2255 1740 1575 1550 1675 2190 2515 2925] [2655 3030 2890 3035 3075 2850 2960 3085]
[2315 1725 1835 1655 1835 2045 2740 2635] [2890 2825 2955 3165 2650 2930 3190 3165]
COM3 0 38
3
[2875 2560 2460 2295 2065 2035 2535 2810] [2815 2750 2845 2685 2665 2620 2925 2830]
[2880 3015 2460 2300 2050 2140 2515 2765] [2810 2715 2795 2695 2830 2975 2820 2900]
[2985 2795 2655 2235 1965 2200 2520 2970] [2885 2755 2895 2860 2930 2860 2875 2805]
[3055 2850 2570 2180 1920 2035 2360 2785] [2800 2830 2955 2765 2935 2960 2925 2875]
[2925 2650 2540 1990 2130 2355 2670 2995] [2935 2820 3010 2775 2875 2880 3040 2925]
[2575 2360 2145 1860 1965 2330 2580 2660] [2775 2790 2795 3020 2890 3085 2915 2910]
[2335 2110 1795 1665 1630 2230 2330 2955] [2655 3030 2890 3035 3075 2850 2960 3085]
[2325 1955 1585 1660 1555 2070 2640 2920] [2890 2825 2955 3165 2650 2930 3190 3165]
COM7 1 39
3
[2875 2560 2460 2295 2065 2035 2535 2810] [2815 2570 2875 2630 2665 2825 2825 2805]
[2880 3015 2460 2300 2050 2140 2515 2765] [2870 2665 2810 2770 2740 2955 2855 2855]
[2985 2795 2655 2235 1965 2200 2520 2970] [2680 2715 2830 2855 2945 2795 3005 2890]
[3055 2850 2570 2180 1920 2035 2360 2785] [2790 2880 2760 2795 2865 2755 2855 2875]
[2925 2650 2540 1990 2130 2355 2670 2995] [2965 2795 2730 2745 2805 2760 2940 2945]
[2575 2360 2145 1860 1965 2330 2580 2660] [2720 2980 2610 2860 2845 2940 2955 2970]
[2335 2110 1795 1665 1630 2230 2330 2955] [2800 3025 2745 2785 2685 2685 2805 3105]
[2325 1955 1585 1660 1555 2070 2640 2920] [2875 2895 2955 2965 2960 2685 2845 2845]
COM3 0 40
3
[2705 2525 2785 2315 1895 1855 2440 2490] [2815 2570 2875 2630 2665 2825 2825 2805]
[2735 2745 2610 2405 1920 2045 2365 2685] [2870 2665 2810 2770 2740 2955 2855 2855]
[2740 2900 2670 2250 1600 2165 2420 2570] [2680 2715 2830 2855 2945 2795 3005 2890]
[3015 2855 2615 2000 1880 2070 2470 2835] [2790 2880 2760 2795 2865 2755 2855 2875]
[2870 2850 2525 1820 1815 1865 2765 2940] [2965 2795 2730 2745 2805 2760 2940 2945]
[2600 2510 2235 1860 1925 2120 2510 2895] [2720 2980 2610 2860 2845 2940 2955 2970]
[2485 2020 1720 1770 1600 2250 2470 2790] [2800 3025 2745 2785 2685 2685 2805 3105]
[2215 1600 1595 1500 1670 2280 2525 3030] [2875 2895 2955 2965 2960 2685 2845 2845]
COM7 1 41
3
[2705 2525 2785 2315 1895 1855 2440 2490] [3015 3315 3290 3025 3220 2925 3075 2880]
[2735 2745 2610 2405 1920 2045 2365 2685] [3025 3400 3295 3220 3050 3170 3100 2900]
[2740 2900 2670 2250 1600 2165 2420 2570] [3225 3200 3215 3025 3155 3020 3055 3055]
[3015 2855 2615 2000 1880 2070 2470 2835] [3180 3275 3240 3145 3125 3185 3065 3025]
[2870 2850 2525 1820 1815 1865 2765 2940] [3215 3250 3300 3150 3215 3270 3195 3145]
[2600 2510 2235 1860 1925 2120 2510 2895] [3080 3340 3300 3325 3105 3270 3180 3315]
[2485 2020 1720 1770 1600 2250 2470 2790] [3205 3170 3280 3125 3075 3245 3185 3240]
[2215 1600 1595 1500 1670 2280 2525 3030] [3170 3300 3425 3360 3215 3235 3095 3045]
COM3 0 42
3
[2715 2735 2565 2195 2055 1965 2535 3020] [3015 3315 3290 3025 3220 2925 3075 2880]
[3040 3000 2580 2215 1845 1905 2535 2815] [3025 3400 3295 3220 3050 3170 3100 2900]
[2835 2630 2595 2030 1690 2135 2320 2760] [3225 3200 3215 3025 3155 3020 3055 3055]
[2865 2670 2700 2130 1915 2250 2505 2900] [3180 3275 3240 3145 3125 3185 3065 3025]
[2885 2640 2370 2220 1720 2030 2680 3060] [3215 3250 3300 3150 3215 3270 3195 3145]
[2355 2510 2140 1880 1790 2460 2240 2845] [3080 3340 3300 3325 3105 3270 3180 3315]
[2360 2025 2010 1700 1625 2070 2550 2960] [3205 3170 3280 3125 3075 3245 3185 3240]
[2275 1735 1625 1535 1705 2070 2470 3020] [3170 3300 3425 3360 3215 3235 3095 3045]
COM7 1 43
3
[2715 2735 2565 2195 2055 1965 2535 3020] [2750 2715 2725 2790 2840 2825 3100 2915]
[3040 3000 2580 2215 1845 1905 2535 2815] [2835 2815 3080 2935 2895 2960 2795 2735]
[2835 2630 2595 2030 1690 2135 2320 2760] [2935 3040 2895 2905 2975 2905 2940 2840]
[2865 2670 2700 2130 1915 2250 2505 2900] [2980 2735 3040 3050 2915 2820 3005 3095]
[2885 2640 2370 2220 1720 2030 2680 3060] [2815 2995 3000 2805 2950 2975 3055 3120]
[2355 2510 2140 1880 1790 2460 2240 2845] [2870 2920 3015 3065 2975 3020 3100 3115]
[2360 2025 2010 1700 1625 2070 2550 2960] [2700 3175 3060 3040 2935 3140 2970 3175]
[2275 1735 1625 1535 1705 2070 2470 3020] [3065 2970 3200 3300 2920 2915 3030 3095]
COM3 0 44
3
[2665 2800 2420 2240 1975 2125 2545 2720] [2750 2715 2725 2790 2840 2825 3100 2915]
[3050 3020 2435 2440 2090 2150 2320 2770] [2835 2815 3080 2935 2895 2960 2795 2735]
[2895 2600 2650 2355 1785 2075 2430 2790] [2935 3040 2895 2905 2975 2905 2940 2840]
[2810 2870 2615 2030 2025 2270 2520 2710] [2980 2735 3040 3050 2915 2820 3005 3095]
[2910 2835 2360 2160 1855 2075 2560 3040] [2815 2995 3000 2805 2950 2975 3055 3120]
[2630 2335 2175 1870 1980 2120 2555 2705] [2870 2920 3015 3065 2975 3020 3100 3115]
[2245 1920 1785 1620 1840 2060 2470 2860] [2700 3175 3060 3040 2935 3140 2970 3175]
[2260 1765 1670 1620 1660 2145 2445 2765] [3065 2970 3200 3300 2920 2915 3030 3095]
COM7 1 45
3
[2665 2800 2420 2240 1975 2125 2545 2720] [2515 2635 2520 2550 2890 2710 2830 2990]
[3050 3020 2435 2440 2090 2150 2320 2770] [2760 2510 2865 2860 2665 2995 2845 2835]
[2895 2600 2650 2355 1785 2075 2430 2790] [2940 2745 2740 2720 2910 2715 2885 2860]
[2810 2870 2615 2030 2025 2270 2520 2710] [2690 2855 2800 2840 2830 2910 3015 2835]
[2910 2835 2360 2160 1855 2075 2560 3040] [2815 2830 2800 2645 2835 2940 2810 2965]
[2630 2335 2175 1870 1980 2120 2555 2705] [2690 2745 2945 2920 2935 2990 2965 2955]
[2245 1920 1785 1620 1840 2060 2470 2860] [2865 2850 2885 2880 2915 2955 2830 3085]
[2260 1765 1670 1620 1660 2145 2445 2765] [2795 2925 2900 2965 2925 2940 2915 2935]
COM3 0 46
3
[2810 2595 2670 1975 2105 2115 2545 2565] [2515 2635 2520 2550 2890 2710 2830 2990]
[2785 2970 2525 2335 1755 1905 2440 2605] [2760 2510 2865 2860 2665 2995 2845 2835]
[2850 2770 2670 2215 1735 2060 2345 2675] [2940 2745 2740 2720 2910 2715 2885 2860]
[2735 2980 2610 2340 1875 2025 2290 2765] [2690 2855 2800 2840 2830 2910 3015 2835]
[3055 2655 2475 2265 2050 2170 2350 3020] [2815 2830 2800 2645 2835 2940 2810 2965]
[2360 2380 2130 1705 1585 2230 2475 2880] [2690 2745 2945 2920 2935 2990 2965 2955]
[2300 1970 1790 1835 1815 2050 2330 2845] [2865 2850 2885 2880 2915 2955 2830 3085]
[2290 1575 1575 1475 1845 1945 2650 2700] [2795 2925 2900 2965 2925 2940 2915 2935]
COM7 1 47
3
[2810 2595 2670 1975 2105 2115 2545 2565] [3405 3235 3260 3105 3445 3225 3240 3105]
[2785 2970 2525 2335 1755 1905 2440 2605] [3020 3145 3340 3100 3125 3145 3105 3210]
[2850 2770 2670 2215 1735 2060 2345 2675] [3340 3295 3235 3070 3135 3220 3135 3220]
[2735 2980 2610 2340 1875 2025 2290 2765] [3405 3355 3375 3245 3130 3275 3170 3060]
[3055 2655 2475 2265 2050 2170 2350 3020] [3425 3375 3520 3215 3250 3210 3205 3290]
[2360 2380 2130 1705 1585 2230 2475 2880] [3420 3430 3405 3265 3145 3430 3325 3245]
[2300 1970 1790 1835 1815 2050 2330 2845] [3485 3455 3585 3205 3140 3095 3245 3320]
[2290 1575 1575 1475 1845 1945 2650 2700] [3595 3400 3415 3655 3100 3270 3170 3500]
COM3 0 48
3
[2990 2785 2615 2160 1690 1905 2570 2955] [3405 3235 3260 3105 3445 3225 3240 3105]
[2970 2845 2670 2255 2205 2160 2265 2745] [3020 3145 3340 3100 3125 3145 3105 3210]
[2755 2785 2450 2250 2020 1895 2360 2690] [3340 3295 3235 3070 3135 3220 3135 3220]
[2775 2695 2705 2300 1840 1925 2330 2720] [3405 3355 3375 3245 3130 3275 3170 3060]
[2770 2725 2535 2020 1660 1995 2585 2670] [3425 3375 3520 3215 3250 3210 3205 3290]
[2510 2445 2200 1745 1570 2250 2410 2685] [3420 3430 3405 3265 3145 3430 3325 3245]
[2035 2025 1895 1725 1535 1920 2365 2670] [3485 3455 3585 3205 3140 3095 3245 3320]
[2300 1580 1460 1330 1755 2025 2335 2730] [3595 3400 3415 3655 3100 3270 3170 3500]
COM7 1 49
3
[2990 2785 2615 2160 1690 1905 2570 2955] [2835 3005 3075 3020 3100 2995 2875 2945]
[2970 2845 2670 2255 2205 2160 2265 2745] [3090 3000 2965 2825 3000 3075 2955 2945]
[2755 2785 2450 2250 2020 1895 2360 2690] [2895 2890 3065 2900 2965 2890 3020 2845]
[2775 2695 2705 2300 1840 1925 2330 2720] [3090 3080 3200 3035 2950 2870 3045 2855]
[2770 2725 2535 2020 1660 1995 2585 2670] [3155 3120 3180 2910 2990 3030 3065 2990]
[2510 2445 2200 1745 1570 2250 2410 2685] [2965 3025 2980 3120 3040 3125 3210 3055]
[2035 2025 1895 1725 1535 1920 2365 2670] [3190 3250 3110 3060 3040 3040 2985 3130]
[2300 1580 1460 1330 1755 2025 2335 2730] [3005 3090 2820 3215 3085 2940 2910 2830]
COM3 0 50
3
[2725 2725 2420 2360 1820 2050 2400 2615] [2835 3005 3075 3020 3100 2995 2875 2945]
[3055 2795 2410 2490 1960 1895 2405 2640] [3090 3000 2965 2825 3000 3075 2955 2945]
[2755 2940 2560 2040 1715 1970 2360 2665] [2895 2890 3065 2900 2965 2890 3020 2845]
[2790 2755 2660 1885 1490 1980 2460 2770] [3090 3080 3200 3035 2950 2870 3045 2855]
[2730 2665 2545 1990 1840 1945 2335 2890] [3155 3120 3180 2910 2990 3030 3065 2990]
[2610 2455 2340 1820 1730 1850 2385 2685] [2965 3025 2980 3120 3040 3125 3210 3055]
[2100 1965 1700 1540 1620 1745 2310 2715] [3190 3250 3110 3060 3040 3040 2985 3130]
[2185 1580 1545 1410 1595 1640 2345 2810] [3005 3090 2820 3215 3085 2940 2910 2830]
COM7 1 51
3
[2725 2725 2420 2360 1820 2050 2400 2615] [3210 3255 3255 3235 3025 3025 3140 3275]
[3055 2795 2410 2490 1960 1895 2405 2640] [3290 3350 3385 3105 3145 3105 3135 2995]
[2755 2940 2560 2040 1715 1970 2360 2665] [3230 3435 3395 3205 3170 3120 3115 3005]
[2790 2755 2660 1885 1490 1980 2460 2770] [3250 3270 3330 3230 3205 3095 3150 3010]
[2730 2665 2545 1990 1840 1945 2335 2890] [3140 3310 3420 3000 3235 3145 3175 3125]
[2610 2455 2340 1820 1730 1850 2385 2685] [3045 3335 3040 3335 3205 3110 3205 3250]
[2100 1965 1700 1540 1620 1745 2310 2715] [3395 3305 3355 3335 3360 3295 3205 3245]
[2185 1580 1545 1410 1595 1640 2345 2810] [3255 3245 3325 3155 3235 3055 3225 3195]
COM3 0 52
3
[2940 2600 2470 2185 1935 1975 2525 2650] [3210 3255 3255 3235 3025 3025 3140 3275]
[3085 2980 2585 2140 1880 2175 2430 2705] [3290 3350 3385 3105 3145 3105 3135 2995]
[2985 2715 2470 2235 1775 1955 2485 2610] [3230 3435 3395 3205 3170 3120 3115 3005]
[2960 2940 2945 2105 1815 1720 2360 2820] [3250 3270 3330 3230 3205 3095 3150 3010]
[2860 2605 2475 1895 1875 2045 2500 2765] [3140 3310 3420 3000 3235 3145 3175 3125]
[2640 2345 2105 1980 1605 2005 2475 2935] [3045 3335 3040 3335 3205 3110 3205 3250]
[2235 2035 1535 1620 1605 1905 2395 2680] [3395 3305 3355 3335 3360 3295 3205 3245]
[2085 1990 1690 1420 1495 1935 2510 2835] [3255 3245 3325 3155 3235 3055 3225 3195]
COM7 1 53
3
[2940 2600 2470 2185 1935 1975 2525 2650] [3165 3305 3470 3315 2835 3020 3210 3215]
[3085 2980 2585 2140 1880 2175 2430 2705] [3210 3480 3420 3190 3185 3225 3125 3050]
[2985 2715 2470 2235 1775 1955 2485 2610] [3255 3435 3480 3185 3270 3115 3180 3085]
[2960 2940 2945 2105 1815 1720 2360 2820] [3395 3390 3410 3310 3255 3215 3180 3095]
[2860 2605 2475 1895 1875 2045 2500 2765] [3335 3400 3440 3160 3265 3115 3340 3280]
[2640 2345 2105 1980 1605 2005 2475 2935] [3210 3290 3475 3225 3170 3170 3310 3235]
[2235 2035 1535 1620 1605 1905 2395 2680] [3370 3385 3420 3325 3245 3375 3370 3165]
[2085 1990 1690 1420 1495 1935 2510 2835] [3700 3280 3540 3360 3120 3150 3305 3475]
COM3 0 54
3
[2585 2685 2420 1955 1785 2035 2400 2610] [3165 3305 3470 3315 2835 3020 3210 3215]
[3090 2885 2505 2200 2005 1805 2380 2810] [3210 3480 3420 3190 3185 3225 3125 3050]
[2820 2925 2860 1955 1710 2225 2300 2740] [3255 3435 3480 3185 3270 3115 3180 3085]
[2925 2960 2570 2200 1745 2215 2540 2985] [3395 3390 3410 3310 3255 3215 3180 3095]
[2890 2565 2475 1985 1615 2270 2565 2790] [3335 3400 3440 3160 3265 3115 3340 3280]
[2590 2265 2025 2085 1550 2155 2265 2895] [3210 3290 3475 3225 3170 3170 3310 3235]
[2045 1955 1595 1575 1595 1940 2425 2950] [3370 3385 3420 3325 3245 3375 3370 3165]
[2195 1695 1570 1580 1660 1860 2610 2765] [3700 3280 3540 3360 3120 3150 3305 3475]
COM7 1 55
3
[2585 2685 2420 1955 1785 2035 2400 2610] [3035 3370 3220 3155 3330 3045 3060 2985]
[3090 2885 2505 2200 2005 1805 2380 2810] [3165 3145 3195 3190 3005 3125 2980 3185]
[2820 2925 2860 1955 1710 2225 2300 2740] [3240 3120 3335 3050 3205 3040 3125 3105]
[2925 2960 2570 2200 1745 2215 2540 2985] [3245 3285 3120 3170 3135 3175 3260 2985]
[2890 2565 2475 1985 1615 2270 2565 2790] [3105 3385 3235 3010 3060 3205 3125 3275]
[2590 2265 2025 2085 1550 2155 2265 2895] [3145 3280 3290 3375 3210 3245 3140 3205]
[2045 1955 1595 1575 1595 1940 2425 2950] [3235 3255 3255 3250 3410 3075 3240 3250]
[2195 1695 1570 1580 1660 1860 2610 2765] [3265 3380 3300 3280 3400 2855 3390 3280]
COM3 0 56
3
[2940 2830 2810 2345 1970 1980 2505 2715] [3035 3370 3220 3155 3330 3045 3060 2985]
[2860 2985 2565 2080 2030 2195 2640 2825] [3165 3145 3195 3190 3005 3125 2980 3185]
[2895 2755 2635 2210 1765 2010 2555 2810] [3240 3120 3335 3050 3205 3040 3125 3105]
[2705 2775 2560 2280 2005 2095 2255 2900] [3245 3285 3120 3170 3135 3175 3260 2985]
[2790 2605 2505 2070 1970 1965 2615 2950] [3105 3385 3235 3010 3060 3205 3125 3275]
[2540 2415 2400 1830 2145 2240 2560 2980] [3145 3280 3290 3375 3210 3245 3140 3205]
[2410 2030 1760 1700 1675 2270 2570 2900] [3235 3255 3255 3250 3410 3075 3240 3250]
[2255 1855 1615 1515 1805 2050 2680 2805] [3265 3380 3300 3280 3400 2855 3390 3280]
COM7 1 57
3
[2940 2830 2810 2345 1970 1980 2505 2715] [3465 3235 2955 3020 3020 3035 3200 2985]
[2860 2985 2565 2080 2030 2195 2640 2825] [3140 3245 3230 3070 3110 3100 3035 3075]
[2895 2755 2635 2210 1765 2010 2555 2810] [3075 3370 3080 3110 3135 2980 3075 3095]
[2705 2775 2560 2280 2005 2095 2255 2900] [3125 3210 3275 3125 3050 3135 3095 2975]
[2790 2605 2505 2070 1970 1965 2615 2950] [3075 3230 3210 2955 3090 3015 3250 3250]
[2540 2415 2400 1830 2145 2240 2560 2980] [3000 3175 3140 3320 3105 3210 3205 3340]
[2410 2030 1760 1700 1675 2270 2570 2900] [3200 3125 3105 3210 3160 3110 3155 3125]
[2255 1855 1615 1515 1805 2050 2680 2805] [3205 3195 3275 3420 2950 3300 3250 2985]
COM3 0 58
3
[2765 2765 2520 2115 1835 2040 2480 2625] [3465 3235 2955 3020 3020 3035 3200 2985]
[3090 2825 2630 2085 1655 1995 2225 2705] [3140 3245 3230 3070 3110 3100 3035 3075]
[2745 2960 2910 1940 1880 2060 2505 2465] [3075 3370 3080 3110 3135 2980 3075 3095]
[3115 2755 2545 2250 1650 2185 2245 2610] [3125 3210 3275 3125 3050 3135 3095 2975]
[2965 2690 2290 2135 2010 2045 2440 3055] [3075 3230 3210 2955 3090 3015 3250 3250]
[2435 2340 2115 1615 1805 1935 2620 2650] [3000 3175 3140 3320 3105 3210 3205 3340]
[2055 1905 1540 1475 1585 1955 2225 2695] [3200 3125 3105 3210 3160 3110 3155 3125]
[2225 1550 1380 1480 1530 1795 2525 2725] [3205 3195 3275 3420 2950 3300 3250 2985]
COM7 1 59
3
[2765 2765 2520 2115 1835 2040 2480 2625] [3295 3465 3175 3225 3035 2900 3255 3080]
[3090 2825 2630 2085 1655 1995 2225 2705] [3460 3380 3475 3225 3190 3270 3210 2990]
[2745 2960 2910 1940 1880 2060 2505 2465] [3440 3370 3310 3305 3310 3195 3170 3075]
[3115 2755 2545 2250 1650 2185 2245 2610] [3320 3500 3470 3215 3195 3300 3195 3120]
[2965 2690 2290 2135 2010 2045 2440 3055] [3435 3330 3305 3005 3215 3205 3210 3305]
[2435 2340 2115 1615 1805 1935 2620 2650] [3305 3445 3475 3320 3190 3320 3180 3250]
[2055 1905 1540 1475 1585 1955 2225 2695] [3335 3515 3245 3340 3220 3375 3350 3335]
[2225 1550 1380 1480 1530 1795 2525 2725] [3470 3365 3360 3225 3140 3235 3235 3485]
COM3 0 60
3
[2995 2830 2405 2290 2015 1745 2385 2635] [3295 3465 3175 3225 3035 2900 3255 3080]
[2740 2685 2560 2275 1825 2225 2380 2640] [3460 3380 3475 3225 3190 3270 3210 2990]
[2535 2745 2525 2095 2040 2250 2360 2685] [3440 3370 3310 3305 3310 3195 3170 3075]
[2775 2815 2785 2085 1935 1745 2565 2555] [3320 3500 3470 3215 3195 3300 3195 3120]
[2845 2560 2350 1585 1755 1915 2715 2640] [3435 3330 3305 3005 3215 3205 3210 3305]
[2390 2350 2000 1670 1985 2005 2600 2630] [3305 3445 3475 3320 3190 3320 3180 3250]
[2450 1890 1700 1710 1340 1725 2390 2615] [3335 3515 3245 3340 3220 3375 3350 3335]
[1950 1490 1520 1370 1470 2160 2215 2870] [3470 3365 3360 3225 3140 3235 3235 3485]
COM7 1 61
3
[2995 2830 2405 2290 2015 1745 2385 2635] [3225 3455 3145 3055 3365 2965 3205 3205]
[2740 2685 2560 2275 1825 2225 2380 2640] [3330 3205 3245 3105 3165 3245 3205 2965]
[2535 2745 2525 2095 2040 2250 2360 2685] [3465 3260 3325 3335 3090 3095 3200 3075]
[2775 2815 2785 2085 1935 1745 2565 2555] [3370 3485 3365 3230 3205 3125 3110 3125]
[2845 2560 2350 1585 1755 1915 2715 2640] [3375 3535 3435 3110 3090 3165 3235 3110]
[2390 2350 2000 1670 1985 2005 2600 2630] [3365 3295 3375 3385 3075 3230 3230 3355]
[2450 1890 1700 1710 1340 1725 2390 2615] [3340 3455 3325 3275 3165 3225 3150 3425]
[1950 1490 1520 1370 1470 2160 2215 2870] [3345 3435 3275 3690 3400 3290 3295 3315]
COM3 0 62
3
[2865 2570 2470 2005 2045 1980 2500 2730] [3225 3455 3145 3055 3365 2965 3205 3205]
[2890 2835 2600 2255 2040 2265 2505 2690] [3330 3205 3245 3105 3165 3245 3205 2965]
[2785 2715 2635 2150 1995 1995 2395 2625] [3465 3260 3325 3335 3090 3095 3200 3075]
[2765 2840 2705 2300 1780 2130 2295 2870] [3370 3485 3365 3230 3205 3125 3110 3125]
[2705 2725 2420 2310 1950 2110 2755 2870] [3375 3535 3435 3110 3090 3165 3235 3110]
[2540 2170 2195 1970 1945 2300 2590 2845] [3365 3295 3375 3385 3075 3230 3230 3355]
[2385 2145 1790 1665 1740 2045 2590 2840] [3340 3455 3325 3275 3165 3225 3150 3425]
[2335 1575 1640 1590 1535 2195 2505 2800] [3345 3435 3275 3690 3400 3290 3295 3315]
COM7 1 63
3
[2865 2570 2470 2005 2045 1980 2500 2730] [3115 2970 3280 2805 2920 2820 2965 3150]
[2890 2835 2600 2255 2040 2265 2505 2690] [3025 3005 3035 3015 2840 3055 2955 2975]
[2785 2715 2635 2150 1995 1995 2395 2625] [3045 3005 2935 2950 3130 2900 3030 3030]
[2765 2840 2705 2300 1780 2130 2295 2870] [3105 2840 3005 2980 3030 2975 2990 2915]
[2705 2725 2420 2310 1950 2110 2755 2870] [3110 2865 3010 2960 3010 3030 3125 3100]
[2540 2170 2195 1970 1945 2300 2590 2845] [2785 2930 2945 2910 2960 3110 3140 3060]
[2385 2145 1790 1665 1740 2045 2590 2840] [3130 3315 3240 3070 3135 2955 3135 3105]
[2335 1575 1640 1590 1535 2195 2505 2800] [3075 2945 3205 3260 3065 2935 3065 3140]
COM3 0 64
3
[2690 2515 2470 2045 2185 2075 2520 2830] [3115 2970 3280 2805 2920 2820 2965 3150]
[2900 2910 2445 1855 1960 2015 2395 2625] [3025 3005 3035 3015 2840 3055 2955 2975]
[2780 2895 2505 2325 1815 2180 2350 2670] [3045 3005 2935 2950 3130 2900 3030 3030]
[2875 2645 2490 2215 1710 1860 2380 2595] [3105 2840 3005 2980 3030 2975 2990 2915]
[2725 2455 2370 2125 1675 1925 2540 3025] [3110 2865 3010 2960 3010 3030 3125 3100]
[2375 2395 2230 1800 1650 2325 2260 2660] [2785 2930 2945 2910 2960 3110 3140 3060]
[2270 1730 1615 1710 1495 1905 2585 2800] [3130 3315 3240 3070 3135 2955 3135 3105]
[2350 1685 1265 1500 1750 1800 2405 2895] [3075 2945 3205 3260 3065 2935 3065 3140]
COM7 1 65
3
[2690 2515 2470 2045 2185 2075 2520 2830] [3310 3085 3275 3230 3205 3045 2960 3185]
[2900 2910 2445 1855 1960 2015 2395 2625] [3245 3130 3305 3005 2895 3115 3110 2890]
[2780 2895 2505 2325 1815 2180 2350 2670] [3315 3290 3310 3130 3270 3050 3050 3205]
[2875 2645 2490 2215 1710 1860 2380 2595] [3275 3110 3350 3195 3155 3160 3055 3030]
[2725 2455 2370 2125 1675 1925 2540 3025] [3290 3275 3310 3170 3225 3215 3135 3125]
[2375 2395 2230 1800 1650 2325 2260 2660] [3275 3315 3185 3270 3185 3255 3115 3270]
[2270 1730 1615 1710 1495 1905 2585 2800] [3320 3220 3330 3155 3120 3170 3150 3230]
[2350 1685 1265 1500 1750 1800 2405 2895] [3355 3480 3320 3320 3105 3035 3200 3145]