COM3 1 6
2
[2485 2550 2550 2755 2640 2565 2460 2475] [3555 3565 3595 3440 3370 3275 3255 3395]
[2625 2725 2505 2545 2680 2680 2555 2440] [3545 3620 3640 3475 3415 3510 3320 3185]
[2495 2755 2625 2705 2635 2810 2650 2510] [3645 3400 3410 3395 3430 3385 3370 3295]
[2795 2710 2685 2590 2715 2625 2550 2520] [3550 3585 3525 3390 3400 3290 3310 3170]
[3160 2615 2555 2590 2785 2560 2760 2590] [3510 3655 3555 3370 3495 3265 3395 3360]
[2645 2500 2965 2565 2570 2580 2605 2355] [3520 3380 3580 3450 3450 3440 3370 3485]
[2955 2640 3015 2505 2690 2680 2615 2410] [3585 3600 3640 3465 3435 3430 3390 3505]
[2730 2665 2530 2370 2740 2845 2595 2590] [3340 3645 3390 3500 3295 3285 3510 3540]
COM7 0 7
2
[2775 2760 2760 2760 2915 2895 2820 2830] [3555 3565 3595 3440 3370 3275 3255 3395]
[2955 2890 3110 2775 2810 2975 2810 2915] [3545 3620 3640 3475 3415 3510 3320 3185]
[2760 2905 2905 2935 2775 2975 2795 2880] [3645 3400 3410 3395 3430 3385 3370 3295]
[2655 2915 2955 2840 3000 2995 2965 2825] [3550 3585 3525 3390 3400 3290 3310 3170]
[2975 2950 2845 3015 2925 2915 2995 3070] [3510 3655 3555 3370 3495 3265 3395 3360]
[3080 2895 3005 2950 2675 3050 2785 2735] [3520 3380 3580 3450 3450 3440 3370 3485]
[2735 3080 2940 3000 2835 3000 2855 2970] [3585 3600 3640 3465 3435 3430 3390 3505]
[2915 2800 2975 2890 2955 2885 3020 2845] [3340 3645 3390 3500 3295 3285 3510 3540]
COM3 1 8
2
[2775 2760 2760 2760 2915 2895 2820 2830] [2940 2955 2960 2875 3020 2870 2925 3035]
[2955 2890 3110 2775 2810 2975 2810 2915] [2970 2950 3145 3015 2925 3145 2995 2970]
[2760 2905 2905 2935 2775 2975 2795 2880] [2860 3075 2975 3065 3175 3005 3035 2975]
[2655 2915 2955 2840 3000 2995 2965 2825] [2900 3110 3155 2995 3045 3045 3105 3030]
[2975 2950 2845 3015 2925 2915 2995 3070] [3050 3095 3175 2895 3080 3065 3000 3105]
[3080 2895 3005 2950 2675 3050 2785 2735] [3145 3060 3010 3100 3090 3195 3175 3260]
[2735 3080 2940 3000 2835 3000 2855 2970] [3165 3275 3135 3105 3135 3055 3105 3115]
[2915 2800 2975 2890 2955 2885 3020 2845] [3175 3015 3135 3125 3025 3015 3020 2945]
COM7 0 9
2
[3225 3095 2945 2875 2905 2945 2875 3110] [2940 2955 2960 2875 3020 2870 2925 3035]
[3085 2825 3050 3035 2915 2970 3045 3025] [2970 2950 3145 3015 2925 3145 2995 2970]
[2890 3065 3050 3025 2990 3145 3010 3045] [2860 3075 2975 3065 3175 3005 3035 2975]
[3045 3055 3030 2935 3005 3180 3145 2895] [2900 3110 3155 2995 3045 3045 3105 3030]
[3205 2765 3130 3100 3230 2930 3130 3165] [3050 3095 3175 2895 3080 3065 3000 3105]
[3040 3070 3280 2995 2880 3000 3050 3090] [3145 3060 3010 3100 3090 3195 3175 3260]
[2910 3090 3020 2960 3125 3100 3035 3125] [3165 3275 3135 3105 3135 3055 3105 3115]
[3135 2890 3110 3140 3055 3115 3065 3080] [3175 3015 3135 3125 3025 3015 3020 2945]
COM3 1 10
2
[3225 3095 2945 2875 2905 2945 2875 3110] [3120 3115 3165 3175 3110 3075 3060 3185]
[3085 2825 3050 3035 2915 2970 3045 3025] [3220 3090 3200 3060 3150 3160 3025 3085]
[2890 3065 3050 3025 2990 3145 3010 3045] [3115 3050 3190 3135 3215 3095 3080 3110]
[3045 3055 3030 2935 3005 3180 3145 2895] [3150 3090 3195 3185 3145 3195 3135 3010]
[3205 2765 3130 3100 3230 2930 3130 3165] [3160 3245 3120 3030 3110 3015 3175 3125]
[3040 3070 3280 2995 2880 3000 3050 3090] [3050 3235 3190 3180 3225 3120 3195 3260]
[2910 3090 3020 2960 3125 3100 3035 3125] [3240 3310 3400 3245 3195 3200 3170 3310]
[3135 2890 3110 3140 3055 3115 3065 3080] [3300 3225 3220 3325 3190 3130 3220 3280]
COM7 0 11
2
[2925 2715 2920 2980 2940 2915 2990 3035] [3120 3115 3165 3175 3110 3075 3060 3185]
[3095 2955 2935 3105 2955 2995 2955 2855] [3220 3090 3200 3060 3150 3160 3025 3085]
[2920 3215 3050 2985 2910 3045 3025 2960] [3115 3050 3190 3135 3215 3095 3080 3110]
[3040 3220 3070 2850 2950 2910 3110 3010] [3150 3090 3195 3185 3145 3195 3135 3010]
[3055 3100 2995 3080 3120 3070 3010 3225] [3160 3245 3120 3030 3110 3015 3175 3125]
[3020 2995 3215 2985 3095 3205 3235 2925] [3050 3235 3190 3180 3225 3120 3195 3260]
[3045 2850 2845 3280 3110 3105 3320 2985] [3240 3310 3400 3245 3195 3200 3170 3310]
[3180 3185 2990 2965 2920 2995 3030 3070] [3300 3225 3220 3325 3190 3130 3220 3280]
COM3 1 12
2
[2925 2715 2920 2980 2940 2915 2990 3035] [3195 3120 3150 3110 3150 3040 3115 3165]
[3095 2955 2935 3105 2955 2995 2955 2855] [3165 3150 3225 3130 3140 3230 3105 3075]
[2920 3215 3050 2985 2910 3045 3025 2960] [3200 3285 3120 3090 3180 3070 3055 3130]
[3040 3220 3070 2850 2950 2910 3110 3010] [3180 3200 3145 3100 3145 3035 3130 3190]
[3055 3100 2995 3080 3120 3070 3010 3225] [3290 3345 3190 2985 3210 3185 3175 3200]
[3020 2995 3215 2985 3095 3205 3235 2925] [3175 3180 3285 3200 3140 3230 3235 3250]
[3045 2850 2845 3280 3110 3105 3320 2985] [3205 3275 3435 3240 3290 3220 3135 3280]
[3180 3185 2990 2965 2920 2995 3030 3070] [3300 3275 3410 3310 3230 3125 3180 3070]
COM7 0 13
2
[2925 2540 2670 2905 2750 2800 2955 2720] [3195 3120 3150 3110 3150 3040 3115 3165]
[2790 2910 2615 2815 2765 2875 2800 2795] [3165 3150 3225 3130 3140 3230 3105 3075]
[2770 2930 2910 2755 2780 2980 2785 2865] [3200 3285 3120 3090 3180 3070 3055 3130]
[2835 2780 3045 2900 2960 2850 2805 2775] [3180 3200 3145 3100 3145 3035 3130 3190]
[2875 2900 2950 2905 2960 2690 2865 2775] [3290 3345 3190 2985 3210 3185 3175 3200]
[2745 2735 2790 3095 3050 2740 2805 2895] [3175 3180 3285 3200 3140 3230 3235 3250]
[2885 2825 2755 2735 2770 2910 2810 2950] [3205 3275 3435 3240 3290 3220 3135 3280]
[3075 3015 2985 2735 2750 2945 2920 2625] [3300 3275 3410 3310 3230 3125 3180 3070]
COM3 1 14
2
[2925 2540 2670 2905 2750 2800 2955 2720] [3120 3145 3220 3110 3085 2995 3105 3240]
[2790 2910 2615 2815 2765 2875 2800 2795] [3135 3090 3215 3140 3050 3275 3105 2980]
[2770 2930 2910 2755 2780 2980 2785 2865] [3195 3115 3200 3025 3185 3005 3185 3130]
[2835 2780 3045 2900 2960 2850 2805 2775] [3180 3240 3315 3125 3120 3120 3125 3045]
[2875 2900 2950 2905 2960 2690 2865 2775] [3330 3190 3210 3135 3135 3310 3180 3215]
[2745 2735 2790 3095 3050 2740 2805 2895] [3195 3165 3230 3255 3145 3195 3235 3145]
[2885 2825 2755 2735 2770 2910 2810 2950] [3145 3215 3115 3205 3015 3310 3085 3340]
[3075 3015 2985 2735 2750 2945 2920 2625] [3415 3400 3275 3160 3190 3195 3220 3405]
COM7 0 15
2
[2750 2880 2715 2690 3025 2715 2900 2620] [3120 3145 3220 3110 3085 2995 3105 3240]
[2915 2995 2765 2885 2850 2950 2805 2850] [3135 3090 3215 3140 3050 3275 3105 2980]
[2810 2655 2870 2960 2855 2990 2860 2930] [3195 3115 3200 3025 3185 3005 3185 3130]
[2925 2970 2945 2785 2735 2805 2895 2670] [3180 3240 3315 3125 3120 3120 3125 3045]
[2970 2855 2790 2790 2950 2885 2905 2880] [3330 3190 3210 3135 3135 3310 3180 3215]
[2880 2955 3165 2910 2880 2875 2950 2965] [3195 3165 3230 3255 3145 3195 3235 3145]
[2995 2770 2660 2960 2945 2745 2730 2685] [3145 3215 3115 3205 3015 3310 3085 3340]
[3265 2815 2985 3000 2990 2915 3305 2745] [3415 3400 3275 3160 3190 3195 3220 3405]
COM3 1 16
2
[2750 2880 2715 2690 3025 2715 2900 2620] [3035 3045 3020 3055 3020 3100 3055 3105]
[2915 2995 2765 2885 2850 2950 2805 2850] [3105 3065 3115 3100 3035 3130 3125 3060]
[2810 2655 2870 2960 2855 2990 2860 2930] [3135 3120 3135 3075 3055 3230 3080 3080]
[2925 2970 2945 2785 2735 2805 2895 2670] [3175 3040 3035 3110 3060 3015 3095 3085]
[2970 2855 2790 2790 2950 2885 2905 2880] [3040 3105 3230 2995 3035 2960 3125 3165]
[2880 2955 3165 2910 2880 2875 2950 2965] [3015 3095 3070 3075 3010 3135 3235 3145]
[2995 2770 2660 2960 2945 2745 2730 2685] [3085 3040 3390 3080 3095 2990 3165 3325]
[3265 2815 2985 3000 2990 2915 3305 2745] [3250 3255 3060 3225 3230 3130 3090 3185]
COM7 0 17
2
[2915 2785 2845 2885 2955 2880 2970 2880] [3035 3045 3020 3055 3020 3100 3055 3105]
[3100 2885 2715 3110 2940 2855 3025 3105] [3105 3065 3115 3100 3035 3130 3125 3060]
[3040 2995 2955 2970 2895 2885 2855 2980] [3135 3120 3135 3075 3055 3230 3080 3080]
[2970 2800 2945 2905 3035 3045 2965 2945] [3175 3040 3035 3110 3060 3015 3095 3085]
[3195 3015 3185 3000 3140 2915 2910 3070] [3040 3105 3230 2995 3035 2960 3125 3165]
[2970 2990 3120 3065 2840 3065 3065 2990] [3015 3095 3070 3075 3010 3135 3235 3145]
[2890 2990 3035 3065 3075 3130 2715 2970] [3085 3040 3390 3080 3095 2990 3165 3325]
[2980 3075 2785 3120 2970 2985 3055 3090] [3250 3255 3060 3225 3230 3130 3090 3185]
COM3 1 18
2
[2915 2785 2845 2885 2955 2880 2970 2880] [3430 3495 3460 3300 3420 3335 3175 3270]
[3100 2885 2715 3110 2940 2855 3025 3105] [3295 3445 3300 3215 3270 3245 3320 3100]
[3040 2995 2955 2970 2895 2885 2855 2980] [3500 3470 3300 3315 3320 3230 3180 3200]
[2970 2800 2945 2905 3035 3045 2965 2945] [3485 3650 3470 3350 3325 3340 3135 3035]
[3195 3015 3185 3000 3140 2915 2910 3070] [3375 3450 3375 3150 3265 3185 3260 3135]
[2970 2990 3120 3065 2840 3065 3065 2990] [3370 3435 3385 3435 3280 3440 3380 2900]
[2890 2990 3035 3065 3075 3130 2715 2970] [3400 3470 3520 3395 3240 3620 3290 3100]
[2980 3075 2785 3120 2970 2985 3055 3090] [3535 3285 3425 3280 3380 3405 3340 3065]
COM7 0 19
2
[3105 2760 2955 2990 2790 2675 2955 2830] [3430 3495 3460 3300 3420 3335 3175 3270]
[3075 3040 2830 2925 2850 2960 3020 2980] [3295 3445 3300 3215 3270 3245 3320 3100]
[2840 3005 3045 2885 2900 2985 2890 2995] [3500 3470 3300 3315 3320 3230 3180 3200]
[3040 2775 2980 2865 2965 2765 2935 2865] [3485 3650 3470 3350 3325 3340 3135 3035]
[2995 3010 3255 2960 2940 2935 3295 3215] [3375 3450 3375 3150 3265 3185 3260 3135]
[2900 3215 3235 2820 2800 3005 3060 2940] [3370 3435 3385 3435 3280 3440 3380 2900]
[3160 2900 2640 2960 2800 2925 2705 2770] [3400 3470 3520 3395 3240 3620 3290 3100]
[2835 3040 2740 2850 2900 2805 3215 3045] [3535 3285 3425 3280 3380 3405 3340 3065]
COM3 1 20
2
[3105 2760 2955 2990 2790 2675 2955 2830] [2805 2850 2860 2855 2765 2960 3005 2935]
[3075 3040 2830 2925 2850 2960 3020 2980] [2935 2755 3020 2920 2925 3010 2970 2970]
[2840 3005 3045 2885 2900 2985 2890 2995] [2925 2975 2825 2905 3005 2835 3010 2710]
[3040 2775 2980 2865 2965 2765 2935 2865] [2995 2940 3005 3010 2935 2910 2850 2580]
[2995 3010 3255 2960 2940 2935 3295 3215] [3045 2945 3105 2770 2865 2975 2970 2470]
[2900 3215 3235 2820 2800 3005 3060 2940] [2870 3060 2920 3050 3075 2965 3040 2465]
[3160 2900 2640 2960 2800 2925 2705 2770] [3090 3170 3250 3005 3120 2965 3055 2605]
[2835 3040 2740 2850 2900 2805 3215 3045] [2990 3155 2960 3070 3115 3075 2855 2625]
COM7 0 21
2
[3285 3150 3090 3090 3130 2995 3205 3235] [2805 2850 2860 2855 2765 2960 3005 2935]
[3235 3295 3205 3100 3070 3210 3125 3310] [2935 2755 3020 2920 2925 3010 2970 2970]
[2945 3090 3215 3090 3120 3120 3215 3530] [2925 2975 2825 2905 3005 2835 3010 2710]
[3140 3090 3255 3150 3485 3290 3370 3240] [2995 2940 3005 3010 2935 2910 2850 2580]
[3125 3320 3125 3285 3365 3350 3365 3375] [3045 2945 3105 2770 2865 2975 2970 2470]
[3235 3055 3395 3245 3155 3430 3225 3290] [2870 3060 2920 3050 3075 2965 3040 2465]
[3230 3350 3200 3345 3185 3245 3535 3400] [3090 3170 3250 3005 3120 2965 3055 2605]
[3205 3225 3475 3450 2960 3310 3400 3540] [2990 3155 2960 3070 3115 3075 2855 2625]
COM3 1 22
2
[3285 3150 3090 3090 3130 2995 3205 3235] [2850 2745 2740 2820 2840 2735 2805 2935]
[3235 3295 3205 3100 3070 3210 3125 3310] [2935 2725 2790 2710 2830 2785 2810 2555]
[2945 3090 3215 3090 3120 3120 3215 3530] [2865 2895 2790 2885 2945 2855 2555 2230]
[3140 3090 3255 3150 3485 3290 3370 3240] [2905 2855 2980 2850 2895 2545 2425 2065]
[3125 3320 3125 3285 3365 3350 3365 3375] [2840 2995 2905 2915 2930 2670 2305 1845]
[3235 3055 3395 3245 3155 3430 3225 3290] [2985 2965 2905 3010 2810 2700 2255 1900]
[3230 3350 3200 3345 3185 3245 3535 3400] [3045 3120 3075 2935 2975 2810 2475 2000]
[3205 3225 3475 3450 2960 3310 3400 3540] [3050 2955 3105 2960 2925 2810 2485 2090]
COM7 0 23
2
[3125 3195 3265 3025 3150 3190 3480 3505] [2850 2745 2740 2820 2840 2735 2805 2935]
[3545 3460 3070 3230 3180 3120 3275 3575] [2935 2725 2790 2710 2830 2785 2810 2555]
[3100 3145 3450 3130 3180 3190 3300 3510] [2865 2895 2790 2885 2945 2855 2555 2230]
[3480 3210 3500 3180 3220 3225 3500 3480] [2905 2855 2980 2850 2895 2545 2425 2065]
[3225 3385 3265 3210 3655 3465 3725 3500] [2840 2995 2905 2915 2930 2670 2305 1845]
[3275 3660 3295 3305 3250 3460 3670 3430] [2985 2965 2905 3010 2810 2700 2255 1900]
[3295 3445 3410 3470 3220 3295 3405 3475] [3045 3120 3075 2935 2975 2810 2475 2000]
[3510 3245 3070 3620 3305 3420 3635 3520] [3050 2955 3105 2960 2925 2810 2485 2090]
COM3 1 24
2
[3125 3195 3265 3025 3150 3190 3480 3505] [3125 3110 3045 3110 3180 2910 2910 2690]
[3545 3460 3070 3230 3180 3120 3275 3575] [3210 3205 3140 3145 2965 2885 2535 2280]
[3100 3145 3450 3130 3180 3190 3300 3510] [3065 3190 3130 2945 2705 2340 2115 2040]
[3480 3210 3500 3180 3220 3225 3500 3480] [3235 3260 3300 2910 2555 2110 1955 1745]
[3225 3385 3265 3210 3655 3465 3725 3500] [3165 3110 3185 2975 2360 2100 1765 1720]
[3275 3660 3295 3305 3250 3460 3670 3430] [3215 3175 3110 3120 2445 2060 1805 1760]
[3295 3445 3410 3470 3220 3295 3405 3475] [3160 3210 3305 3260 2700 1960 1825 1685]
[3510 3245 3070 3620 3305 3420 3635 3520] [3375 3465 3195 3405 2925 2245 1860 1595]
COM7 0 25
2
[2840 2985 2990 3110 2995 2920 3060 3025] [3125 3110 3045 3110 3180 2910 2910 2690]
[2950 2950 3175 3020 2955 2995 3085 3150] [3210 3205 3140 3145 2965 2885 2535 2280]
[2850 3005 3105 2985 3045 2990 3085 3200] [3065 3190 3130 2945 2705 2340 2115 2040]
[3025 3060 2985 2895 2945 3030 2985 3165] [3235 3260 3300 2910 2555 2110 1955 1745]
[2990 3085 2900 3015 3190 2935 3270 2935] [3165 3110 3185 2975 2360 2100 1765 1720]
[3130 3070 3200 3150 2940 2840 3320 2900] [3215 3175 3110 3120 2445 2060 1805 1760]
[3040 3275 2840 3120 3050 3000 2970 2790] [3160 3210 3305 3260 2700 1960 1825 1685]
[2990 3175 2735 3080 3095 2865 3450 3215] [3375 3465 3195 3405 2925 2245 1860 1595]
COM3 1 26
2
[2840 2985 2990 3110 2995 2920 3060 3025] [2670 2600 2625 2365 2355 2070 2065 1925]
[2950 2950 3175 3020 2955 2995 3085 3150] [2575 2520 2505 2235 2015 2030 1720 1675]
[2850 3005 3105 2985 3045 2990 3085 3200] [2575 2535 2275 1975 1965 1865 1700 1545]
[3025 3060 2985 2895 2945 3030 2985 3165] [2575 2380 2195 1985 1710 1725 1665 1575]
[2990 3085 2900 3015 3190 2935 3270 2935] [2765 2375 2130 1670 1760 1595 1685 1640]
[3130 3070 3200 3150 2940 2840 3320 2900] [2770 2670 2355 1955 1675 1655 1675 1570]
[3040 3275 2840 3120 3050 3000 2970 2790] [2745 2850 2560 2050 1735 1595 1570 1570]
[2990 3175 2735 3080 3095 2865 3450 3215] [2910 3055 2895 2230 1855 1640 1570 1560]
COM7 0 27
2
[3200 3120 3160 2820 2980 2960 3035 3035] [2670 2600 2625 2365 2355 2070 2065 1925]
[3090 3175 2965 3230 2945 2980 2990 3115] [2575 2520 2505 2235 2015 2030 1720 1675]
[3170 3075 3115 2930 2910 2870 3050 2990] [2575 2535 2275 1975 1965 1865 1700 1545]
[3285 3050 3055 2920 3210 3110 3110 3210] [2575 2380 2195 1985 1710 1725 1665 1575]
[3125 3070 3200 3240 3110 2925 3110 3030] [2765 2375 2130 1670 1760 1595 1685 1640]
[3150 3055 3140 3050 3080 3080 3040 2990] [2770 2670 2355 1955 1675 1655 1675 1570]
[3220 3075 3395 3195 2955 3285 3155 2925] [2745 2850 2560 2050 1735 1595 1570 1570]
[3140 2920 3175 3190 3250 3310 3220 3240] [2910 3055 2895 2230 1855 1640 1570 1560]
COM3 1 28
2
[3200 3120 3160 2820 2980 2960 3035 3035] [3105 2990 2410 2150 2140 2070 2095 2195]
[3090 3175 2965 3230 2945 2980 2990 3115] [2815 2635 2335 2100 1985 2015 1855 1910]
[3170 3075 3115 2930 2910 2870 3050 2990] [2935 2430 2305 2050 1980 1790 1920 1980]
[3285 3050 3055 2920 3210 3110 3110 3210] [2905 2540 2175 2055 1985 1800 1865 1990]
[3125 3070 3200 3240 3110 2925 3110 3030] [2690 2565 2230 1865 1905 1835 1805 2020]
[3150 3055 3140 3050 3080 3080 3040 2990] [2950 2600 2315 2210 1880 1865 1885 1935]
[3220 3075 3395 3195 2955 3285 3155 2925] [3140 2775 2630 2305 2020 1890 1880 1840]
[3140 2920 3175 3190 3250 3310 3220 3240] [3000 2780 2640 2735 2385 1985 1880 1875]
COM7 0 29
2
[2750 2865 2970 2875 2950 2865 3075 2900] [3105 2990 2410 2150 2140 2070 2095 2195]
[2995 3035 2865 3100 2890 2980 3060 3025] [2815 2635 2335 2100 1985 2015 1855 1910]
[2730 3110 3145 2980 2825 3170 2965 2915] [2935 2430 2305 2050 1980 1790 1920 1980]
[3080 3075 3125 2950 3145 2945 3005 2815] [2905 2540 2175 2055 1985 1800 1865 1990]
[3135 2995 3015 2945 3180 3070 3035 3065] [2690 2565 2230 1865 1905 1835 1805 2020]
[3040 3055 3135 3005 3015 3080 2905 2640] [2950 2600 2315 2210 1880 1865 1885 1935]
[2725 3050 3110 2940 3200 3005 2910 2850] [3140 2775 2630 2305 2020 1890 1880 1840]
[3235 3325 3265 2965 2800 3255 2970 2705] [3000 2780 2640 2735 2385 1985 1880 1875]
COM3 1 30
2
[2750 2865 2970 2875 2950 2865 3075 2900] [2785 2315 1980 1760 1910 1725 1890 2060]
[2995 3035 2865 3100 2890 2980 3060 3025] [2425 2130 1855 1780 1745 1875 2065 2210]
[2730 3110 3145 2980 2825 3170 2965 2915] [2285 2045 1870 1820 1760 1745 1955 2270]
[3080 3075 3125 2950 3145 2945 3005 2815] [2295 1980 1960 1870 1695 1660 1900 2135]
[3135 2995 3015 2945 3180 3070 3035 3065] [2475 2145 2025 1780 1815 1690 1735 2055]
[3040 3055 3135 3005 3015 3080 2905 2640] [2705 2385 2250 2095 1805 1815 1740 1895]
[2725 3050 3110 2940 3200 3005 2910 2850] [3060 2890 2525 2330 1865 1780 1810 1835]
[3235 3325 3265 2965 2800 3255 2970 2705] [2900 2990 3085 2530 2310 1725 1865 1705]
COM7 0 31
2
[2685 2515 2470 2500 2480 2510 2685 2685] [2785 2315 1980 1760 1910 1725 1890 2060]
[2870 2925 2525 2360 2280 2440 2505 2640] [2425 2130 1855 1780 1745 1875 2065 2210]
[2585 2720 2595 2265 2195 2130 2365 2495] [2285 2045 1870 1820 1760 1745 1955 2270]
[2845 2935 2655 2580 2255 1945 2210 1860] [2295 1980 1960 1870 1695 1660 1900 2135]
[2965 2770 2940 2740 2455 1860 1995 1935] [2475 2145 2025 1780 1815 1690 1735 2055]
[2780 2700 2985 2910 2470 2145 2180 1605] [2705 2385 2250 2095 1805 1815 1740 1895]
[2825 2790 2680 3090 2710 2540 2045 2045] [3060 2890 2525 2330 1865 1780 1810 1835]
[2805 2670 2595 2570 2875 2455 2290 1960] [2900 2990 3085 2530 2310 1725 1865 1705]
COM3 1 32
2
[2685 2515 2470 2500 2480 2510 2685 2685] [2255 2005 1860 1760 1800 1900 2190 2505]
[2870 2925 2525 2360 2280 2440 2505 2640] [1860 1915 1825 1875 1740 1880 2175 2490]
[2585 2720 2595 2265 2195 2130 2365 2495] [1975 1920 1885 1825 1805 1745 2115 2320]
[2845 2935 2655 2580 2255 1945 2210 1860] [2075 1885 1895 1845 1795 1775 1855 1955]
[2965 2770 2940 2740 2455 1860 1995 1935] [2360 2285 2020 1770 1800 1740 1800 1900]
[2780 2700 2985 2910 2470 2145 2180 1605] [2535 2505 2365 2085 1855 1830 1805 1725]
[2825 2790 2680 3090 2710 2540 2045 2045] [3080 3035 2505 2135 1885 1755 1765 1805]
[2805 2670 2595 2570 2875 2455 2290 1960] [2665 2755 2355 2145 1860 1650 1880 1820]
COM7 0 33
2
[2580 2190 1795 2015 2195 2395 2650 2470] [2255 2005 1860 1760 1800 1900 2190 2505]
[2430 2360 2165 2255 2185 2105 2445 2335] [1860 1915 1825 1875 1740 1880 2175 2490]
[2585 2470 2350 2240 2235 2175 1960 2055] [1975 1920 1885 1825 1805 1745 2115 2320]
[2650 2435 2580 2455 2205 1870 1685 1795] [2075 1885 1895 1845 1795 1775 1855 1955]
[2655 2510 2590 2265 2050 1730 1585 1745] [2360 2285 2020 1770 1800 1740 1800 1900]
[2460 2560 2645 2365 2100 1865 1730 1505] [2535 2505 2365 2085 1855 1830 1805 1725]
[2640 2650 2565 2575 1865 1680 1585 1560] [3080 3035 2505 2135 1885 1755 1765 1805]
[2535 2625 2690 2370 2130 1790 1845 1560] [2665 2755 2355 2145 1860 1650 1880 1820]
COM3 1 34
2
[2580 2190 1795 2015 2195 2395 2650 2470] [1895 1775 1880 1770 1845 2025 2345 2685]
[2430 2360 2165 2255 2185 2105 2445 2335] [1900 1940 1895 1875 1720 1905 2140 2340]
[2585 2470 2350 2240 2235 2175 1960 2055] [2000 1950 1865 1845 1895 1635 1750 2040]
[2650 2435 2580 2455 2205 1870 1685 1795] [2070 1890 1885 1745 1750 1690 1735 1870]
[2655 2510 2590 2265 2050 1730 1585 1745] [2010 1935 1975 1750 1765 1715 1835 1935]
[2460 2560 2645 2365 2100 1865 1730 1505] [1990 1875 1815 1880 1780 1795 1880 2000]
[2640 2650 2565 2575 1865 1680 1585 1560] [1885 1985 1960 1720 1855 1815 1915 2300]
[2535 2625 2690 2370 2130 1790 1845 1560] [1675 1675 1770 1900 1855 1845 2100 2425]
COM7 0 35
2
[2440 2305 2270 2135 1920 2035 2325 1920] [1895 1775 1880 1770 1845 2025 2345 2685]
[2595 2570 2065 2005 1935 1720 1595 1580] [1900 1940 1895 1875 1720 1905 2140 2340]
[2560 2380 2505 1995 1635 1535 1450 1340] [2000 1950 1865 1845 1895 1635 1750 2040]
[2745 2585 2555 1995 1440 1535 1135 1220] [2070 1890 1885 1745 1750 1690 1735 1870]
[2625 2580 2630 2355 1820 1335 1425 1400] [2010 1935 1975 1750 1765 1715 1835 1935]
[2870 2725 2645 2120 1605 1540 1185 1105] [1990 1875 1815 1880 1780 1795 1880 2000]
[3000 2895 2300 2085 1450 1290 1205  945] [1885 1985 1960 1720 1855 1815 1915 2300]
[2990 2700 2125 1740 1375 1380 1160 1285] [1675 1675 1770 1900 1855 1845 2100 2425]
COM3 1 36
2
[2440 2305 2270 2135 1920 2035 2325 1920] [2270 2200 2115 2010 1985 2115 2350 2740]
[2595 2570 2065 2005 1935 1720 1595 1580] [2355 2250 2150 2005 1955 2005 2215 2505]
[2560 2380 2505 1995 1635 1535 1450 1340] [2290 2250 2145 2060 2135 1920 2105 2440]
[2745 2585 2555 1995 1440 1535 1135 1220] [2230 2140 2185 2125 2065 1955 2190 2365]
[2625 2580 2630 2355 1820 1335 1425 1400] [2245 2205 2210 2000 2030 2045 2410 2660]
[2870 2725 2645 2120 1605 1540 1185 1105] [2110 2110 2120 2125 2095 2315 2545 2790]
[3000 2895 2300 2085 1450 1290 1205  945] [2070 2155 2200 2220 2240 2475 2665 3115]
[2990 2700 2125 1740 1375 1380 1160 1285] [2220 2275 2275 2325 2460 2555 2760 3095]
COM7 0 37
2
[2730 2380 2145 2330 1875 1600 1575 1625] [2270 2200 2115 2010 1985 2115 2350 2740]
[2550 2340 2450 2330 1900 1695 1395 1500] [2355 2250 2150 2005 1955 2005 2215 2505]
[2610 2405 2465 2115 1655 1420 1455 1380] [2290 2250 2145 2060 2135 1920 2105 2440]
[2620 2445 2405 1895 1655 1460 1580 1410] [2230 2140 2185 2125 2065 1955 2190 2365]
[2895 2360 2085 1825 1590 1365 1490 1395] [2245 2205 2210 2000 2030 2045 2410 2660]
[2680 2255 1815 1675 1335 1515 1350 1290] [2110 2110 2120 2125 2095 2315 2545 2790]
[2745 2380 1895 1610 1320 1330 1320 1285] [2070 2155 2200 2220 2240 2475 2665 3115]
[2755 1745 1940 1640 1375 1510 1440 1405] [2220 2275 2275 2325 2460 2555 2760 3095]
COM3 1 38
2
[2730 2380 2145 2330 1875 1600 1575 1625] [1945 1745 1825 1740 1760 2110 2455 2990]
[2550 2340 2450 2330 1900 1695 1395 1500] [1825 1880 1755 1845 1775 2130 2410 2680]
[2610 2405 2465 2115 1655 1420 1455 1380] [1935 1900 1830 1755 1965 2125 2550 2860]
[2620 2445 2405 1895 1655 1460 1580 1410] [1920 1710 1840 1985 2000 2235 2650 3050]
[2895 2360 2085 1825 1590 1365 1490 1395] [1770 1905 1935 1885 2220 2540 2905 3135]
[2680 2255 1815 1675 1335 1515 1350 1290] [1900 1915 2060 2310 2370 2875 3135 3085]
[2745 2380 1895 1610 1320 1330 1320 1285] [1955 2120 2340 2375 2790 2990 3095 3300]
[2755 1745 1940 1640 1375 1510 1440 1405] [2455 2520 2610 2825 3050 3020 3110 3140]
COM7 0 39
2
[2445 2045 2230 2070 1615 1520 1580 1580] [1945 1745 1825 1740 1760 2110 2455 2990]
[2490 2220 1950 1950 1900 1560 1440 1575] [1825 1880 1755 1845 1775 2130 2410 2680]
[2195 2140 2025 1870 1670 1580 1390 1550] [1935 1900 1830 1755 1965 2125 2550 2860]
[1880 1795 1815 1755 1600 1560 1470 1520] [1920 1710 1840 1985 2000 2235 2650 3050]
[1985 1645 1635 1515 1450 1360 1545 1475] [1770 1905 1935 1885 2220 2540 2905 3135]
[1645 1635 1575 1395 1390 1360 1480 1420] [1900 1915 2060 2310 2370 2875 3135 3085]
[1410 1565 1370 1610 1320 1310 1490 1420] [1955 2120 2340 2375 2790 2990 3095 3300]
[2265 1590 1640 1705 1695 1535 1550 1600] [2455 2520 2610 2825 3050 3020 3110 3140]
COM3 1 40
2
[2445 2045 2230 2070 1615 1520 1580 1580] [1515 1515 1595 1710 2080 2450 2895 3100]
[2490 2220 1950 1950 1900 1560 1440 1575] [1480 1510 1460 1675 2050 2585 2940 3000]
[2195 2140 2025 1870 1670 1580 1390 1550] [1485 1495 1640 1765 2340 2630 2885 3110]
[1880 1795 1815 1755 1600 1560 1470 1520] [1530 1485 1700 2010 2380 2610 3060 3000]
[1985 1645 1635 1515 1450 1360 1545 1475] [1540 1720 2050 2100 2760 2995 3025 3140]
[1645 1635 1575 1395 1390 1360 1480 1420] [1705 2040 2290 2795 2805 3035 3215 3155]
[1410 1565 1370 1610 1320 1310 1490 1420] [2180 2525 2680 2995 3060 3205 3070 3160]
[2265 1590 1640 1705 1695 1535 1550 1600] [2470 2875 2975 3280 3035 3260 3085 2955]
COM7 0 41
2
[2195 2195 2220 1795 1650 1260 1430 1340] [1515 1515 1595 1710 2080 2450 2895 3100]
[2220 2085 1905 1985 1415 1535 1380 1450] [1480 1510 1460 1675 2050 2585 2940 3000]
[1690 1780 1645 1425 1290 1295 1320 1435] [1485 1495 1640 1765 2340 2630 2885 3110]
[1520 1580 1695 1410 1220 1290 1515 1455] [1530 1485 1700 2010 2380 2610 3060 3000]
[1280 1420 1435 1320 1195 1135 1325 1415] [1540 1720 2050 2100 2760 2995 3025 3140]
[1335 1435 1505 1330 1210 1235 1430 1295] [1705 2040 2290 2795 2805 3035 3215 3155]
[1250 1425 1390 1385 1330 1325  985 1410] [2180 2525 2680 2995 3060 3205 3070 3160]
[1895 1565 1155 1190 1360 1510 1400 1600] [2470 2875 2975 3280 3035 3260 3085 2955]
COM3 1 42
2
[2195 2195 2220 1795 1650 1260 1430 1340] [2120 2040 2160 2520 2860 3075 3170 3165]
[2220 2085 1905 1985 1415 1535 1380 1450] [1940 2110 2300 2550 2840 3135 3100 3095]
[1690 1780 1645 1425 1290 1295 1320 1435] [2125 2205 2255 2505 3000 2915 3175 3060]
[1520 1580 1695 1410 1220 1290 1515 1455] [2145 2340 2475 2835 3015 3070 3105 3170]
[1280 1420 1435 1320 1195 1135 1325 1415] [2310 2355 2770 2945 3110 3265 3255 3225]
[1335 1435 1505 1330 1210 1235 1430 1295] [2435 2670 2985 3170 3220 3200 3395 3235]
[1250 1425 1390 1385 1330 1325  985 1410] [2830 3210 3185 3175 3240 3080 3415 3430]
[1895 1565 1155 1190 1360 1510 1400 1600] [3385 3150 3400 3365 3215 3310 3250 3475]
COM7 0 43
2
[2560 2350 1985 2025 1650 1565 1685 1780] [2120 2040 2160 2520 2860 3075 3170 3165]
[2655 2100 1790 1735 1765 1565 1620 1780] [1940 2110 2300 2550 2840 3135 3100 3095]
[1860 1770 1685 1605 1605 1655 1695 1635] [2125 2205 2255 2505 3000 2915 3175 3060]
[1955 1565 1615 1490 1655 1725 1715 1655] [2145 2340 2475 2835 3015 3070 3105 3170]
[1770 1415 1545 1510 1675 1580 1890 1875] [2310 2355 2770 2945 3110 3265 3255 3225]
[1375 1595 1695 1640 1645 1830 1830 1755] [2435 2670 2985 3170 3220 3200 3395 3235]
[1585 1450 1500 1670 1625 1700 1735 1755] [2830 3210 3185 3175 3240 3080 3415 3430]
[1705 1450 1610 1635 1755 1780 2175 2155] [3385 3150 3400 3365 3215 3310 3250 3475]
COM3 1 44
2
[2560 2350 1985 2025 1650 1565 1685 1780] [1635 2095 2500 2910 3040 3035 3145 3000]
[2655 2100 1790 1735 1765 1565 1620 1780] [1695 2000 2540 2950 3090 3210 2975 2950]
[1860 1770 1685 1605 1605 1655 1695 1635] [1735 2010 2620 2805 3110 2950 3010 2940]
[1955 1565 1615 1490 1655 1725 1715 1655] [1885 2325 2770 3100 3105 3120 3015 2925]
[1770 1415 1545 1510 1675 1580 1890 1875] [2165 2700 3025 2935 3140 3140 3085 3030]
[1375 1595 1695 1640 1645 1830 1830 1755] [2500 2885 3095 3045 3045 3185 3130 3215]
[1585 1450 1500 1670 1625 1700 1735 1755] [2980 3085 2960 3180 2890 2995 3020 3130]
[1705 1450 1610 1635 1755 1780 2175 2155] [3190 3065 3195 3155 2890 3075 3050 3115]
COM7 0 45
2
[2360 1755 1525 1320 1255 1295 1485 1355] [1635 2095 2500 2910 3040 3035 3145 3000]
[2155 1625 1420 1320 1470 1465 1340 1355] [1695 2000 2540 2950 3090 3210 2975 2950]
[1605 1425 1355 1365 1385 1320 1455 1485] [1735 2010 2620 2805 3110 2950 3010 2940]
[1330 1185 1310 1270 1450 1475 1555 1415] [1885 2325 2770 3100 3105 3120 3015 2925]
[1330 1215 1390 1345 1475 1335 1460 1545] [2165 2700 3025 2935 3140 3140 3085 3030]
[1360 1260 1340 1400 1400 1410 1540 1310] [2500 2885 3095 3045 3045 3185 3130 3215]
[1185 1205 1230 1445 1345 1475 1475 1635] [2980 3085 2960 3180 2890 2995 3020 3130]
[1330 1280 1330 1355 1540 1825 1880 2000] [3190 3065 3195 3155 2890 3075 3050 3115]
COM3 1 46
2
[2360 1755 1525 1320 1255 1295 1485 1355] [2475 2705 3070 3170 3125 3100 3265 3185]
[2155 1625 1420 1320 1470 1465 1340 1355] [2430 2825 3160 2995 3135 3145 3130 3085]
[1605 1425 1355 1365 1385 1320 1455 1485] [2485 2735 3195 3065 3245 3045 3120 3045]
[1330 1185 1310 1270 1450 1475 1555 1415] [2685 3020 3090 3120 3050 3070 3065 3080]
[1330 1215 1390 1345 1475 1335 1460 1545] [3095 3075 3220 3035 3215 3160 3160 3300]
[1360 1260 1340 1400 1400 1410 1540 1310] [2795 3065 3155 3285 3295 3210 3275 3120]
[1185 1205 1230 1445 1345 1475 1475 1635] [3075 3205 3165 3100 3130 3080 3005 3440]
[1330 1280 1330 1355 1540 1825 1880 2000] [3325 3315 3265 3150 3075 2975 3085 3245]
COM7 0 47
2
[2235 1795 1555 1530 1580 1445 1730 2005] [2475 2705 3070 3170 3125 3100 3265 3185]
[1820 1885 1620 1560 1620 1615 1675 2050] [2430 2825 3160 2995 3135 3145 3130 3085]
[1665 1490 1580 1570 1595 1580 1750 1715] [2485 2735 3195 3065 3245 3045 3120 3045]
[1400 1475 1660 1620 1765 1560 1650 1950] [2685 3020 3090 3120 3050 3070 3065 3080]
[1480 1505 1625 1605 1745 1625 1755 1915] [3095 3075 3220 3035 3215 3160 3160 3300]
[1330 1565 1635 1625 1680 1840 1925 2425] [2795 3065 3155 3285 3295 3210 3275 3120]
[1445 1460 1645 1710 1605 2165 2060 2550] [3075 3205 3165 3100 3130 3080 3005 3440]
[1420 1605 1885 1880 2240 2325 2790 3005] [3325 3315 3265 3150 3075 2975 3085 3245]
COM3 1 48
2
[2235 1795 1555 1530 1580 1445 1730 2005] [2825 3045 3020 3075 3040 2915 3045 3170]
[1820 1885 1620 1560 1620 1615 1675 2050] [2795 2975 3130 2990 2910 3045 3045 3005]
[1665 1490 1580 1570 1595 1580 1750 1715] [2800 3075 3135 2985 3105 2895 3030 3070]
[1400 1475 1660 1620 1765 1560 1650 1950] [2960 3200 3210 3035 3065 2970 3045 2925]
[1480 1505 1625 1605 1745 1625 1755 1915] [3155 3155 3010 2970 2970 3075 3155 2980]
[1330 1565 1635 1625 1680 1840 1925 2425] [3070 3085 3075 3215 3025 3205 3125 3125]
[1445 1460 1645 1710 1605 2165 2060 2550] [3165 3155 3175 3045 2985 3070 3250 3150]
[1420 1605 1885 1880 2240 2325 2790 3005] [3055 3285 3245 2950 3025 3015 3255 3260]
COM7 0 49
2
[1885 1510 1295 1275 1390 1420 1650 1755] [2825 3045 3020 3075 3040 2915 3045 3170]
[1730 1465 1305 1330 1420 1350 1400 1630] [2795 2975 3130 2990 2910 3045 3045 3005]
[1420 1370 1350 1315 1405 1335 1375 1615] [2800 3075 3135 2985 3105 2895 3030 3070]
[1400 1335 1430 1435 1380 1410 1370 1605] [2960 3200 3210 3035 3065 2970 3045 2925]
[1255 1355 1430 1410 1475 1375 1600 2070] [3155 3155 3010 2970 2970 3075 3155 2980]
[1280 1195 1405 1425 1375 1525 1900 2110] [3070 3085 3075 3215 3025 3205 3125 3125]
[1255 1280 1375 1510 1425 1550 2215 2385] [3165 3155 3175 3045 2985 3070 3250 3150]
[1235 1315 1325 1560 1675 2475 2560 2565] [3055 3285 3245 2950 3025 3015 3255 3260]
COM3 1 50
2
[1885 1510 1295 1275 1390 1420 1650 1755] [3040 3240 3105 3170 3120 3040 3175 3170]
[1730 1465 1305 1330 1420 1350 1400 1630] [3090 3020 3145 3190 2995 3170 3170 2960]
[1420 1370 1350 1315 1405 1335 1375 1615] [3125 3305 3135 3090 3280 3070 3220 3200]
[1400 1335 1430 1435 1380 1410 1370 1605] [3280 3300 3285 3180 3200 3030 3220 3170]
[1255 1355 1430 1410 1475 1375 1600 2070] [3235 3095 3230 3170 3300 3275 3315 3190]
[1280 1195 1405 1425 1375 1525 1900 2110] [3075 3175 3345 3245 3120 3305 3385 3160]
[1255 1280 1375 1510 1425 1550 2215 2385] [3240 3200 3270 3035 3335 3100 3165 3275]
[1235 1315 1325 1560 1675 2475 2560 2565] [3355 3350 3390 3435 3325 3285 3250 3250]
COM7 0 51
2
[1650 1315 1340 1330 1385 1305 1730 1725] [3040 3240 3105 3170 3120 3040 3175 3170]
[1565 1410 1180 1420 1495 1470 1405 1920] [3090 3020 3145 3190 2995 3170 3170 2960]
[1390 1340 1470 1400 1390 1380 1435 1665] [3125 3305 3135 3090 3280 3070 3220 3200]
[1460 1340 1445 1395 1490 1315 1485 1830] [3280 3300 3285 3180 3200 3030 3220 3170]
[1380 1360 1400 1390 1485 1425 1675 2055] [3235 3095 3230 3170 3300 3275 3315 3190]
[1135 1360 1510 1410 1400 1655 1770 2265] [3075 3175 3345 3245 3120 3305 3385 3160]
[1255 1375 1295 1455 1480 1740 2240 2450] [3240 3200 3270 3035 3335 3100 3165 3275]
[1280 1255 1510 1755 1740 2260 2635 2550] [3355 3350 3390 3435 3325 3285 3250 3250]
COM3 1 52
2
[1650 1315 1340 1330 1385 1305 1730 1725] [3095 3125 3295 3310 3200 3225 3220 3175]
[1565 1410 1180 1420 1495 1470 1405 1920] [3100 3085 3220 3245 3210 3210 3305 3150]
[1390 1340 1470 1400 1390 1380 1435 1665] [3130 3275 3300 3245 3235 3205 3165 3195]
[1460 1340 1445 1395 1490 1315 1485 1830] [3105 3240 3220 3330 3240 3260 3195 3170]
[1380 1360 1400 1390 1485 1425 1675 2055] [3420 3320 3340 3240 3200 3205 3360 3120]
[1135 1360 1510 1410 1400 1655 1770 2265] [3230 3375 3205 3240 3155 3420 3330 3370]
[1255 1375 1295 1455 1480 1740 2240 2450] [3235 3365 3395 3260 3280 3255 3320 3390]
[1280 1255 1510 1755 1740 2260 2635 2550] [3340 3260 3125 3490 3215 3190 3320 3305]
COM7 0 53
2
[2020 1635 1590 1555 1825 1915 1970 2380] [3095 3125 3295 3310 3200 3225 3220 3175]
[1830 1665 1655 1825 1750 1875 1990 2365] [3100 3085 3220 3245 3210 3210 3305 3150]
[1580 1650 1655 1675 1670 1760 1895 2205] [3130 3275 3300 3245 3235 3205 3165 3195]
[1580 1540 1680 1770 1640 1725 1950 2245] [3105 3240 3220 3330 3240 3260 3195 3170]
[1580 1595 1865 1765 1815 1790 2195 2500] [3420 3320 3340 3240 3200 3205 3360 3120]
[1630 1660 1840 1795 1830 2180 2255 2675] [3230 3375 3205 3240 3155 3420 3330 3370]
[1505 1670 1735 1845 2095 2295 2425 2790] [3235 3365 3395 3260 3280 3255 3320 3390]
[1665 1645 1795 2185 2390 2585 2885 3090] [3340 3260 3125 3490 3215 3190 3320 3305]
COM3 1 54
2
[2020 1635 1590 1555 1825 1915 1970 2380] [3095 3075 3110 3185 2950 3090 3150 3165]
[1830 1665 1655 1825 1750 1875 1990 2365] [3000 3170 3210 3060 3065 3135 3180 3030]
[1580 1650 1655 1675 1670 1760 1895 2205] [3130 3115 3240 3250 3220 3155 3180 3075]
[1580 1540 1680 1770 1640 1725 1950 2245] [3135 2990 3170 3165 3035 3170 3130 3205]
[1580 1595 1865 1765 1815 1790 2195 2500] [3255 3205 3210 3025 3135 3135 3090 3205]
[1630 1660 1840 1795 1830 2180 2255 2675] [3005 3145 3205 3305 3050 3220 3300 3245]
[1505 1670 1735 1845 2095 2295 2425 2790] [3235 3345 3175 3105 3130 3140 3160 3375]
[1665 1645 1795 2185 2390 2585 2885 3090] [3395 3315 3225 3275 3205 3125 3305 3340]
COM7 0 55
2
[1755 1345 1145 1255 1250 1340 1375 1745] [3095 3075 3110 3185 2950 3090 3150 3165]
[1685 1535 1305 1320 1285 1300 1400 1975] [3000 3170 3210 3060 3065 3135 3180 3030]
[1235 1405 1360 1305 1365 1235 1190 1605] [3130 3115 3240 3250 3220 3155 3180 3075]
[1360 1370 1315 1285 1340 1295 1390 1555] [3135 2990 3170 3165 3035 3170 3130 3205]
[1350 1265 1360 1345 1335 1240 1510 1665] [3255 3205 3210 3025 3135 3135 3090 3205]
[1285 1220 1485 1395 1335 1505 1720 2305] [3005 3145 3205 3305 3050 3220 3300 3245]
[1275 1305 1170 1340 1260 1610 2140 2285] [3235 3345 3175 3105 3130 3140 3160 3375]
[1200 1130 1305 1360 1370 1765 2515 2590] [3395 3315 3225 3275 3205 3125 3305 3340]
COM3 1 56
2
[1755 1345 1145 1255 1250 1340 1375 1745] [3025 3105 3310 3075 3160 3100 3170 3185]
[1685 1535 1305 1320 1285 1300 1400 1975] [3055 3170 3150 3165 3090 3160 3125 3145]
[1235 1405 1360 1305 1365 1235 1190 1605] [3130 3045 3320 3135 3250 3190 3070 3125]
[1360 1370 1315 1285 1340 1295 1390 1555] [3175 3260 3330 3215 3135 3200 3065 3080]
[1350 1265 1360 1345 1335 1240 1510 1665] [3155 3300 3220 3145 3230 3065 3255 3215]
[1285 1220 1485 1395 1335 1505 1720 2305] [3035 3235 3270 3260 3305 3210 3190 3395]
[1275 1305 1170 1340 1260 1610 2140 2285] [3305 3200 3355 3105 3270 3205 3095 3415]
[1200 1130 1305 1360 1370 1765 2515 2590] [3220 3410 3305 3315 3330 3100 3320 3250]
COM7 0 57
2
[1610 1490 1580 1570 1505 1720 2065 2330] [3025 3105 3310 3075 3160 3100 3170 3185]
[1870 1575 1525 1575 1625 1725 1855 2270] [3055 3170 3150 3165 3090 3160 3125 3145]
[1585 1660 1680 1585 1565 1560 1755 2150] [3130 3045 3320 3135 3250 3190 3070 3125]
[1625 1580 1700 1645 1610 1635 1820 1985] [3175 3260 3330 3215 3135 3200 3065 3080]
[1640 1575 1830 1715 1660 1575 2060 2260] [3155 3300 3220 3145 3230 3065 3255 3215]
[1455 1560 1760 1655 1525 1780 2045 2290] [3035 3235 3270 3260 3305 3210 3190 3395]
[1505 1640 1525 1780 1655 1915 2435 2625] [3305 3200 3355 3105 3270 3205 3095 3415]
[1690 1510 1760 1790 1975 2400 2600 2770] [3220 3410 3305 3315 3330 3100 3320 3250]
COM3 1 58
2
[1610 1490 1580 1570 1505 1720 2065 2330] [3055 3115 3085 3175 3150 2990 3095 3185]
[1870 1575 1525 1575 1625 1725 1855 2270] [2955 3145 3270 3140 2955 3100 2965 2925]
[1585 1660 1680 1585 1565 1560 1755 2150] [3085 3305 3135 3030 3270 3065 3135 3040]
[1625 1580 1700 1645 1610 1635 1820 1985] [3275 3090 3155 3100 3225 3050 3125 3080]
[1640 1575 1830 1715 1660 1575 2060 2260] [3135 3165 3205 2995 3060 3035 3225 3090]
[1455 1560 1760 1655 1525 1780 2045 2290] [3065 3050 3300 3185 3155 3180 3230 3085]
[1505 1640 1525 1780 1655 1915 2435 2625] [3215 3210 3185 3295 3130 3000 3145 3325]
[1690 1510 1760 1790 1975 2400 2600 2770] [3265 3415 3365 3415 3195 3035 3065 3345]
COM7 0 59
2
[1480 1140 1160 1155 1080 1195 1485 1630] [3055 3115 3085 3175 3150 2990 3095 3185]
[1415 1335 1390 1395 1205 1090 1285 1615] [2955 3145 3270 3140 2955 3100 2965 2925]
[1305 1295 1385 1220 1150 1150 1175 1465] [3085 3305 3135 3030 3270 3065 3135 3040]
[1430 1095 1370 1280 1265 1025 1135 1490] [3275 3090 3155 3100 3225 3050 3125 3080]
[1240 1225 1340 1140 1165 1145 1450 1865] [3135 3165 3205 2995 3060 3035 3225 3090]
[1270 1185 1260 1165 1175 1305 1445 1645] [3065 3050 3300 3185 3155 3180 3230 3085]
[1210 1250 1210 1285 1280 1400 1880 2605] [3215 3210 3185 3295 3130 3000 3145 3325]
[1375  955 1290 1290 1420 1915 2515 2455] [3265 3415 3365 3415 3195 3035 3065 3345]
COM3 1 60
2
[1480 1140 1160 1155 1080 1195 1485 1630] [3055 3110 3160 3105 3070 3170 3075 3250]
[1415 1335 1390 1395 1205 1090 1285 1615] [3170 3075 3160 3170 3145 3225 3130 3060]
[1305 1295 1385 1220 1150 1150 1175 1465] [3210 3105 3125 3175 3175 3090 3170 3095]
[1430 1095 1370 1280 1265 1025 1135 1490] [3175 3260 3150 3030 3135 3070 3180 3125]
[1240 1225 1340 1140 1165 1145 1450 1865] [3155 3105 3190 3100 3145 3250 3110 3170]
[1270 1185 1260 1165 1175 1305 1445 1645] [3160 3315 3295 3250 3095 3355 3275 3155]
[1210 1250 1210 1285 1280 1400 1880 2605] [3195 3355 3340 3250 3275 3200 3290 3420]
[1375  955 1290 1290 1420 1915 2515 2455] [3340 3315 3270 3260 3280 3110 3200 3265]
COM7 0 61
2
[1660 1330 1290 1230 1270 1440 1585 1870] [3055 3110 3160 3105 3070 3170 3075 3250]
[1540 1455 1390 1375 1325 1360 1520 1845] [3170 3075 3160 3170 3145 3225 3130 3060]
[1320 1375 1460 1295 1235 1250 1365 1660] [3210 3105 3125 3175 3175 3090 3170 3095]
[1420 1460 1385 1325 1400 1400 1370 1735] [3175 3260 3150 3030 3135 3070 3180 3125]
[1390 1320 1450 1415 1270 1380 1595 2050] [3155 3105 3190 3100 3145 3250 3110 3170]
[1280 1335 1545 1335 1285 1475 1740 1760] [3160 3315 3295 3250 3095 3355 3275 3155]
[1350 1370 1195 1435 1435 1435 1845 2235] [3195 3355 3340 3250 3275 3200 3290 3420]
[1435 1290 1300 1300 1570 1630 2300 2585] [3340 3315 3270 3260 3280 3110 3200 3265]
COM3 1 62
2
[1660 1330 1290 1230 1270 1440 1585 1870] [3015 3070 3315 3210 3130 3145 3215 3230]
[1540 1455 1390 1375 1325 1360 1520 1845] [3315 3065 3245 3040 3040 3205 3145 3055]
[1320 1375 1460 1295 1235 1250 1365 1660] [3225 3185 3205 3090 3200 3020 3175 3075]
[1420 1460 1385 1325 1400 1400 1370 1735] [3240 3320 3220 3195 3195 3195 3100 3155]
[1390 1320 1450 1415 1270 1380 1595 2050] [3150 3205 3220 3165 3150 3155 3245 3225]
[1280 1335 1545 1335 1285 1475 1740 1760] [3065 3245 3195 3260 3140 3225 3225 3250]
[1350 1370 1195 1435 1435 1435 1845 2235] [3225 3210 3405 3240 3210 3310 3160 3415]
[1435 1290 1300 1300 1570 1630 2300 2585] [3250 3265 3310 3375 3380 3220 3215 3180]
COM7 0 63
2
[1555 1400 1375 1360 1385 1480 1910 2000] [3015 3070 3315 3210 3130 3145 3215 3230]
[1830 1510 1480 1475 1400 1440 1610 1850] [3315 3065 3245 3040 3040 3205 3145 3055]
[1760 1425 1495 1475 1430 1355 1570 2045] [3225 3185 3205 3090 3200 3020 3175 3075]
[1510 1550 1595 1515 1470 1475 1545 1745] [3240 3320 3220 3195 3195 3195 3100 3155]
[1480 1410 1520 1440 1560 1450 1775 2035] [3150 3205 3220 3165 3150 3155 3245 3225]
[1595 1485 1545 1465 1490 1585 1655 2245] [3065 3245 3195 3260 3140 3225 3225 3250]
[1535 1390 1555 1540 1530 1600 2045 2525] [3225 3210 3405 3240 3210 3310 3160 3415]
[1430 1430 1375 1430 1800 1900 2535 2640] [3250 3265 3310 3375 3380 3220 3215 3180]
COM3 1 64
2
[1555 1400 1375 1360 1385 1480 1910 2000] [3260 2990 3250 3200 3155 3115 3100 3180]
[1830 1510 1480 1475 1400 1440 1610 1850] [3135 3145 3160 3170 3060 3205 3190 3085]
[1760 1425 1495 1475 1430 1355 1570 2045] [3130 3240 3295 3130 3210 3145 3075 3110]
[1510 1550 1595 1515 1470 1475 1545 1745] [3315 3110 3275 3250 3135 3160 3080 3080]
[1480 1410 1520 1440 1560 1450 1775 2035] [3160 3175 3225 3110 3235 3240 3230 3230]
[1595 1485 1545 1465 1490 1585 1655 2245] [2955 3170 3230 3250 3145 3225 3270 3235]
[1535 1390 1555 1540 1530 1600 2045 2525] [3235 3315 3365 3065 3130 3335 3110 3365]
[1430 1430 1375 1430 1800 1900 2535 2640] [3180 3370 3135 3265 3130 3260 3285 3180]
COM7 0 65
2
[2035 1555 1520 1600 1600 1765 2055 2395] [3260 2990 3250 3200 3155 3115 3100 3180]
[1875 1715 1455 1590 1720 1615 1785 2435] [3135 3145 3160 3170 3060 3205 3190 3085]
[1945 1570 1565 1580 1620 1570 1730 2085] [3130 3240 3295 3130 3210 3145 3075 3110]
[1760 1615 1650 1645 1645 1635 1625 2100] [3315 3110 3275 3250 3135 3160 3080 3080]
[1725 1565 1635 1625 1605 1725 1925 2095] [3160 3175 3225 3110 3235 3240 3230 3230]
[1735 1690 1785 1850 1605 1745 2070 2210] [2955 3170 3230 3250 3145 3225 3270 3235]
[1470 1510 1660 1745 1675 2060 2220 2705] [3235 3315 3365 3065 3130 3335 3110 3365]
[1610 1650 1700 1875 1855 2320 2965 2590] [3180 3370 3135 3265 3130 3260 3285 3180]