COM3 1 6
2
[1955 2445 2675 2720 2780 2770 2670 2880] [3420 3220 3415 3335 3435 3210 3220 3210]
[2020 2335 2665 2915 2725 2855 2770 2820] [3215 3400 3425 3255 3185 3235 3280 3155]
[1665 2050 2665 2790 2760 2820 2820 2915] [3275 3325 3355 3155 3275 3090 3190 3235]
[1620 1995 2480 2820 2875 2865 2740 2585] [3295 3325 3280 3355 3310 3285 3260 3120]
[1645 1995 2615 2835 3030 2840 3005 2970] [3370 3480 3380 3380 3290 3215 3260 3320]
[1490 1890 2450 2935 2820 2975 2870 2685] [3075 3230 3275 3320 3370 3230 3285 3355]
[1530 1905 2230 2770 2815 2890 2640 2915] [3345 3470 3390 3170 3360 3185 3335 3445]
[1505 1600 2210 2820 2855 2715 3220 2910] [3535 3395 3405 3575 3235 3230 3385 3295]
COM7 0 7
2
[2105 2375 2455 2890 2850 2935 2735 2850] [3420 3220 3415 3335 3435 3210 3220 3210]
[1980 2335 2660 2955 2860 2860 2895 2945] [3215 3400 3425 3255 3185 3235 3280 3155]
[1440 1885 2490 2655 2835 3025 2985 2830] [3275 3325 3355 3155 3275 3090 3190 3235]
[1520 1665 2180 2650 3075 2870 2810 2900] [3295 3325 3280 3355 3310 3285 3260 3120]
[1575 1605 2115 2660 2860 2765 3010 3270] [3370 3480 3380 3380 3290 3215 3260 3320]
[1615 1540 2115 2345 2850 3045 2950 2870] [3075 3230 3275 3320 3370 3230 3285 3355]
[1520 1585 1845 2570 2765 2740 2930 2955] [3345 3470 3390 3170 3360 3185 3335 3445]
[1490 1575 1745 2425 2690 3105 3150 3140] [3535 3395 3405 3575 3235 3230 3385 3295]
COM3 1 8
2
[2105 2375 2455 2890 2850 2935 2735 2850] [3290 3170 3085 3235 3220 3105 3145 3280]
[1980 2335 2660 2955 2860 2860 2895 2945] [3105 3140 3230 3265 3115 3130 3175 3080]
[1440 1885 2490 2655 2835 3025 2985 2830] [3230 3045 3200 3225 3215 3125 3140 3120]
[1520 1665 2180 2650 3075 2870 2810 2900] [3190 3035 3280 3245 3125 3125 3310 3125]
[1575 1605 2115 2660 2860 2765 3010 3270] [3230 3180 3435 3100 3290 3215 3150 3225]
[1615 1540 2115 2345 2850 3045 2950 2870] [3005 3260 3270 3300 3175 3145 3375 3210]
[1520 1585 1845 2570 2765 2740 2930 2955] [3365 3195 3295 2940 3220 3345 3155 3390]
[1490 1575 1745 2425 2690 3105 3150 3140] [3240 3490 3200 3220 3195 3050 3030 3335]
COM7 0 9
2
[1805 1935 2195 2735 2885 2840 2955 2940] [3290 3170 3085 3235 3220 3105 3145 3280]
[1725 1945 2120 2530 2845 2820 2895 2990] [3105 3140 3230 3265 3115 3130 3175 3080]
[1605 1580 1905 2080 2440 2720 2870 2925] [3230 3045 3200 3225 3215 3125 3140 3120]
[1860 1735 1675 1800 2180 2330 2705 2905] [3190 3035 3280 3245 3125 3125 3310 3125]
[2140 1645 1725 1635 2005 2350 2885 3060] [3230 3180 3435 3100 3290 3215 3150 3225]
[2235 1865 1695 1575 1675 2275 3015 2970] [3005 3260 3270 3300 3175 3145 3375 3210]
[2090 1770 1665 1485 1825 2065 2610 3100] [3365 3195 3295 2940 3220 3345 3155 3390]
[1910 1955 1595 1445 2025 2440 3005 3075] [3240 3490 3200 3220 3195 3050 3030 3335]
COM3 1 10
2
[1805 1935 2195 2735 2885 2840 2955 2940] [3135 3050 3140 3145 3095 3020 3095 3120]
[1725 1945 2120 2530 2845 2820 2895 2990] [3215 3005 3145 3055 3060 3200 3095 3070]
[1605 1580 1905 2080 2440 2720 2870 2925] [3195 3265 3255 3100 3180 3070 3060 3050]
[1860 1735 1675 1800 2180 2330 2705 2905] [3315 3005 3070 3100 3135 3210 3160 3105]
[2140 1645 1725 1635 2005 2350 2885 3060] [3155 3220 3080 3080 3045 2995 3230 3240]
[2235 1865 1695 1575 1675 2275 3015 2970] [2910 3000 3185 3105 3250 3145 3265 3250]
[2090 1770 1665 1485 1825 2065 2610 3100] [3390 3135 3270 3105 3135 3130 3090 3275]
[1910 1955 1595 1445 2025 2440 3005 3075] [3360 3135 3060 3240 3190 3135 3255 3305]
COM7 0 11
2
[2000 1595 1765 1905 2300 2375 2790 3145] [3135 3050 3140 3145 3095 3020 3095 3120]
[2270 2075 1730 1860 2090 2260 2520 2845] [3215 3005 3145 3055 3060 3200 3095 3070]
[2635 2400 2025 1785 1620 2035 2085 2380] [3195 3265 3255 3100 3180 3070 3060 3050]
[2925 2610 2255 1735 1665 1585 1765 1990] [3315 3005 3070 3100 3135 3210 3160 3105]
[2805 2660 2510 1920 1625 1475 1695 1865] [3155 3220 3080 3080 3045 2995 3230 3240]
[2710 2380 2295 1855 1600 1630 1515 1625] [2910 3000 3185 3105 3250 3145 3265 3250]
[2840 2330 1855 1735 1625 1585 1435 1700] [3390 3135 3270 3105 3135 3130 3090 3275]
[2455 2285 1755 1620 1595 1605 1660 2115] [3360 3135 3060 3240 3190 3135 3255 3305]
COM3 1 12
2
[2000 1595 1765 1905 2300 2375 2790 3145] [3245 2980 2900 2835 3105 3015 2935 3115]
[2270 2075 1730 1860 2090 2260 2520 2845] [3080 3065 3090 2925 2915 3025 3050 2860]
[2635 2400 2025 1785 1620 2035 2085 2380] [3310 3120 3050 2985 3125 2970 3035 2880]
[2925 2610 2255 1735 1665 1585 1765 1990] [3265 3250 3290 2970 3025 3175 3105 2900]
[2805 2660 2510 1920 1625 1475 1695 1865] [3165 3170 3145 3030 3065 3105 3040 3005]
[2710 2380 2295 1855 1600 1630 1515 1625] [2960 3165 2925 3100 2990 3135 3225 3185]
[2840 2330 1855 1735 1625 1585 1435 1700] [3150 3265 3310 3105 3185 3065 3005 3035]
[2455 2285 1755 1620 1595 1605 1660 2115] [3120 3330 3280 3335 3135 3045 3025 3165]
COM7 0 13
2
[2270 2135 1960 2070 1640 1460 1460 1355] [3245 2980 2900 2835 3105 3015 2935 3115]
[2765 2720 2265 2365 1910 1755 1410 1345] [3080 3065 3090 2925 2915 3025 3050 2860]
[2920 2685 2640 2445 2015 1705 1505 1250] [3310 3120 3050 2985 3125 2970 3035 2880]
[2750 2690 2695 2430 1980 1620 1460 1325] [3265 3250 3290 2970 3025 3175 3105 2900]
[2660 2805 2815 2145 1755 1450 1545 1635] [3165 3170 3145 3030 3065 3105 3040 3005]
[2915 2410 2350 1835 1445 1365 1290 1290] [2960 3165 2925 3100 2990 3135 3225 3185]
[2590 2455 1855 1725 1430 1430 1125 1255] [3150 3265 3310 3105 3185 3065 3005 3035]
[1960 1780 1485 1270 1380 1395 1445 1550] [3120 3330 3280 3335 3135 3045 3025 3165]
COM3 1 14
2
[2270 2135 1960 2070 1640 1460 1460 1355] [3015 2970 3000 3135 3015 3145 3205 3205]
[2765 2720 2265 2365 1910 1755 1410 1345] [2680 3090 3165 3130 2995 3230 3035 3185]
[2920 2685 2640 2445 2015 1705 1505 1250] [2700 3125 3175 2985 3155 3070 3125 3155]
[2750 2690 2695 2430 1980 1620 1460 1325] [2525 3280 3235 3035 3175 3035 3195 3205]
[2660 2805 2815 2145 1755 1450 1545 1635] [2845 3175 3095 2950 3070 2990 3080 3130]
[2915 2410 2350 1835 1445 1365 1290 1290] [2885 3235 3135 3235 3085 3075 3260 3215]
[2590 2455 1855 1725 1430 1430 1125 1255] [3060 3220 3235 3155 3055 3295 3085 3350]
[1960 1780 1485 1270 1380 1395 1445 1550] [3005 3050 3200 3185 3130 3175 3020 3340]
COM7 0 15
2
[2370 2240 2095 2360 2170 1765 1645 1360] [3015 2970 3000 3135 3015 3145 3205 3205]
[2915 2765 2610 2540 2290 2045 1695 1575] [2680 3090 3165 3130 2995 3230 3035 3185]
[2680 2715 2760 2590 2315 1995 1660 1490] [2700 3125 3175 2985 3155 3070 3125 3155]
[2760 2455 2400 2010 1900 1585 1420 1235] [2525 3280 3235 3035 3175 3035 3195 3205]
[2565 2230 1890 1565 1555 1275 1420 1380] [2845 3175 3095 2950 3070 2990 3080 3130]
[2235 2010 1690 1360 1305 1270 1380 1190] [2885 3235 3135 3235 3085 3075 3260 3215]
[2210 1520 1265 1305 1325 1260 1245 1380] [3060 3220 3235 3155 3055 3295 3085 3350]
[2035 1495 1250 1250 1220 1415 1535 1580] [3005 3050 3200 3185 3130 3175 3020 3340]
COM3 1 16
2
[2370 2240 2095 2360 2170 1765 1645 1360] [2245 2880 3075 3085 3260 3210 3095 3315]
[2915 2765 2610 2540 2290 2045 1695 1575] [2000 2585 3155 3140 3080 3210 3080 3085]
[2680 2715 2760 2590 2315 1995 1660 1490] [2040 2410 2935 3070 3240 3145 3190 3040]
[2760 2455 2400 2010 1900 1585 1420 1235] [2000 2595 3175 3120 3075 2985 3200 3190]
[2565 2230 1890 1565 1555 1275 1420 1380] [2345 2620 3135 2955 3045 2940 3085 3205]
[2235 2010 1690 1360 1305 1270 1380 1190] [2580 2885 3015 3100 3065 3135 3300 3145]
[2210 1520 1265 1305 1325 1260 1245 1380] [3160 2905 3110 3015 3055 2920 3225 3310]
[2035 1495 1250 1250 1220 1415 1535 1580] [3170 3065 2920 3075 2820 3100 3255 3290]
COM7 0 17
2
[2565 2765 2350 2320 2040 1925 1695 1625] [2245 2880 3075 3085 3260 3210 3095 3315]
[2805 2675 2500 2415 2060 1950 1605 1510] [2000 2585 3155 3140 3080 3210 3080 3085]
[2450 2320 2190 1955 1675 1525 1455 1430] [2040 2410 2935 3070 3240 3145 3190 3040]
[2630 1910 1825 1585 1485 1450 1410 1385] [2000 2595 3175 3120 3075 2985 3200 3190]
[2395 1820 1570 1375 1420 1250 1575 1515] [2345 2620 3135 2955 3045 2940 3085 3205]
[2300 1815 1575 1475 1320 1435 1515 1455] [2580 2885 3015 3100 3065 3135 3300 3145]
[2215 1580 1435 1505 1370 1515 1430 1535] [3160 2905 3110 3015 3055 2920 3225 3310]
[2270 1560 1725 1360 1560 1550 1815 2160] [3170 3065 2920 3075 2820 3100 3255 3290]
COM3 1 18
2
[2565 2765 2350 2320 2040 1925 1695 1625] [1795 2195 2735 3025 3160 3200 3075 3150]
[2805 2675 2500 2415 2060 1950 1605 1510] [1565 1995 2385 2895 2985 3090 3070 2865]
[2450 2320 2190 1955 1675 1525 1455 1430] [1625 1830 2330 2905 3050 2910 2815 2690]
[2630 1910 1825 1585 1485 1450 1410 1385] [1940 2095 2585 2690 2870 2710 2820 2880]
[2395 1820 1570 1375 1420 1250 1575 1515] [2490 2520 2860 2840 2820 2725 2755 3005]
[2300 1815 1575 1475 1320 1435 1515 1455] [2965 2875 2825 2975 2590 2725 2885 3225]
[2215 1580 1435 1505 1370 1515 1430 1535] [2900 2960 2635 2555 2525 2770 3085 3250]
[2270 1560 1725 1360 1560 1550 1815 2160] [2590 2520 2630 2960 2810 3030 3125 3195]
COM7 0 19
2
[2625 2260 2330 1960 1725 1520 1495 1395] [1795 2195 2735 3025 3160 3200 3075 3150]
[2660 2385 1790 1870 1625 1515 1400 1355] [1565 1995 2385 2895 2985 3090 3070 2865]
[2560 2240 1620 1495 1365 1375 1285 1360] [1625 1830 2330 2905 3050 2910 2815 2690]
[2435 2065 1605 1300 1340 1335 1260 1315] [1940 2095 2585 2690 2870 2710 2820 2880]
[2700 1790 1605 1295 1360 1320 1475 1360] [2490 2520 2860 2840 2820 2725 2755 3005]
[2605 1900 1580 1390 1255 1330 1360 1380] [2965 2875 2825 2975 2590 2725 2885 3225]
[2545 2100 1795 1540 1290 1305 1445 1415] [2900 2960 2635 2555 2525 2770 3085 3250]
[2625 2105 1800 1455 1340 1230 1450 1500] [2590 2520 2630 2960 2810 3030 3125 3195]
COM3 1 20
2
[2625 2260 2330 1960 1725 1520 1495 1395] [1505 1740 2075 2550 3015 3065 2895 2915]
[2660 2385 1790 1870 1625 1515 1400 1355] [1500 1705 2080 2390 2840 2865 2675 2725]
[2560 2240 1620 1495 1365 1375 1285 1360] [1585 1850 2050 2425 2735 2590 2705 2720]
[2435 2065 1605 1300 1340 1335 1260 1315] [1915 2055 2360 2585 2525 2510 2605 2645]
[2700 1790 1605 1295 1360 1320 1475 1360] [2200 2335 2465 2390 2490 2555 2705 2930]
[2605 1900 1580 1390 1255 1330 1360 1380] [2120 2250 2330 2325 2415 2715 3000 3175]
[2545 2100 1795 1540 1290 1305 1445 1415] [1925 2095 2105 2120 2235 2960 3085 3350]
[2625 2105 1800 1455 1340 1230 1450 1500] [1760 1820 1905 2420 2585 2875 3020 3185]
COM7 0 21
2
[2660 2625 2295 1935 1640 1490 1580 1480] [1505 1740 2075 2550 3015 3065 2895 2915]
[2870 2675 2125 1880 1610 1480 1440 1445] [1500 1705 2080 2390 2840 2865 2675 2725]
[2790 2420 2070 1565 1490 1410 1415 1440] [1585 1850 2050 2425 2735 2590 2705 2720]
[3045 2425 2030 1555 1485 1425 1425 1345] [1915 2055 2360 2585 2525 2510 2605 2645]
[2825 2480 2205 1555 1495 1385 1545 1615] [2200 2335 2465 2390 2490 2555 2705 2930]
[2845 2485 2120 1675 1540 1455 1475 1260] [2120 2250 2330 2325 2415 2715 3000 3175]
[2905 2605 2080 1970 1410 1405 1370 1370] [1925 2095 2105 2120 2235 2960 3085 3350]
[3130 2845 2550 2135 1805 1490 1440 1285] [1760 1820 1905 2420 2585 2875 3020 3185]
COM3 1 22
2
[2660 2625 2295 1935 1640 1490 1580 1480] [1255 1355 1435 1910 2440 2500 2550 2715]
[2870 2675 2125 1880 1610 1480 1440 1445] [1295 1400 1455 1835 2215 2385 2440 2570]
[2790 2420 2070 1565 1490 1410 1415 1440] [1305 1425 1675 1765 2065 2315 2545 2620]
[3045 2425 2030 1555 1485 1425 1425 1345] [1435 1540 1815 1885 2065 2240 2510 2770]
[2825 2480 2205 1555 1495 1385 1545 1615] [1460 1625 1815 1755 1940 2320 2790 3025]
[2845 2485 2120 1675 1540 1455 1475 1260] [1585 1540 1655 1935 2030 2485 2960 3075]
[2905 2605 2080 1970 1410 1405 1370 1370] [1475 1555 1735 1800 2085 2530 3025 3090]
[3130 2845 2550 2135 1805 1490 1440 1285] [1635 1665 1670 1760 1980 2455 2920 3245]
COM7 0 23
2
[2940 2735 2475 2370 1825 1530 1430 1400] [1255 1355 1435 1910 2440 2500 2550 2715]
[2830 2995 2515 2325 1770 1410 1335 1310] [1295 1400 1455 1835 2215 2385 2440 2570]
[2745 2795 2510 1875 1580 1475 1395 1370] [1305 1425 1675 1765 2065 2315 2545 2620]
[2880 3105 2700 2110 1605 1440 1330 1270] [1435 1540 1815 1885 2065 2240 2510 2770]
[2810 2910 2575 2245 1780 1475 1540 1405] [1460 1625 1815 1755 1940 2320 2790 3025]
[2905 2875 2925 2395 1840 1625 1435 1240] [1585 1540 1655 1935 2030 2485 2960 3075]
[2565 2880 2875 2600 2105 1600 1525 1245] [1475 1555 1735 1800 2085 2530 3025 3090]
[2925 3025 2750 2635 2400 1860 1760 1520] [1635 1665 1670 1760 1980 2455 2920 3245]
COM3 1 24
2
[2940 2735 2475 2370 1825 1530 1430 1400] [1490 1510 1385 1365 1565 1705 1765 2330]
[2830 2995 2515 2325 1770 1410 1335 1310] [1460 1450 1510 1510 1680 1775 2005 2355]
[2745 2795 2510 1875 1580 1475 1395 1370] [1465 1450 1585 1625 1860 1900 2360 2665]
[2880 3105 2700 2110 1605 1440 1330 1270] [1430 1410 1645 1825 1900 2050 2395 2800]
[2810 2910 2575 2245 1780 1475 1540 1405] [1285 1635 1725 1755 1940 2060 2505 2940]
[2905 2875 2925 2395 1840 1625 1435 1240] [1285 1470 1625 1845 1840 2015 2405 2865]
[2565 2880 2875 2600 2105 1600 1525 1245] [1390 1615 1660 1550 1935 1840 2250 2695]
[2925 3025 2750 2635 2400 1860 1760 1520] [1585 1545 1595 1805 1735 1745 2035 2235]
COM7 0 25
2
[2720 2740 2740 2650 2605 1955 1930 1405] [1490 1510 1385 1365 1565 1705 1765 2330]
[3145 3100 2685 2710 2430 2005 1520 1405] [1460 1450 1510 1510 1680 1775 2005 2355]
[2575 2930 2995 2615 2260 1790 1405 1365] [1465 1450 1585 1625 1860 1900 2360 2665]
[2965 2875 3110 2710 2485 1905 1625 1410] [1430 1410 1645 1825 1900 2050 2395 2800]
[2840 2835 2850 2770 2650 1995 1740 1505] [1285 1635 1725 1755 1940 2060 2505 2940]
[3090 3040 3020 2880 2555 2345 1750 1395] [1285 1470 1625 1845 1840 2015 2405 2865]
[2840 2940 2765 2865 2800 2225 1835 1490] [1390 1615 1660 1550 1935 1840 2250 2695]
[3385 3025 2940 2975 2865 2615 2360 1925] [1585 1545 1595 1805 1735 1745 2035 2235]
COM3 1 26
2
[2720 2740 2740 2650 2605 1955 1930 1405] [1545 1515 1620 1690 1640 1475 1580 1915]
[3145 3100 2685 2710 2430 2005 1520 1405] [1695 1640 1785 1830 1700 1660 1750 1810]
[2575 2930 2995 2615 2260 1790 1405 1365] [1610 1735 1740 1785 1885 1615 1665 1920]
[2965 2875 3110 2710 2485 1905 1625 1410] [1615 1635 1795 1725 1605 1575 1735 2215]
[2840 2835 2850 2770 2650 1995 1740 1505] [1640 1695 1545 1385 1420 1600 1900 2380]
[3090 3040 3020 2880 2555 2345 1750 1395] [1545 1505 1570 1565 1490 1475 1965 2260]
[2840 2940 2765 2865 2800 2225 1835 1490] [1640 1640 1710 1480 1425 1485 1800 2230]
[3385 3025 2940 2975 2865 2615 2360 1925] [1580 1515 1700 1570 1400 1500 1795 1850]
COM7 0 27
2
[3030 2570 2835 2925 2790 2590 2485 2055] [1545 1515 1620 1690 1640 1475 1580 1915]
[2975 2770 2845 2845 2730 2775 2470 1835] [1695 1640 1785 1830 1700 1660 1750 1810]
[2705 2970 2890 2840 2800 2705 2355 1665] [1610 1735 1740 1785 1885 1615 1665 1920]
[2900 3130 3040 2870 2900 2845 2285 1745] [1615 1635 1795 1725 1605 1575 1735 2215]
[2950 2955 3105 2870 2895 2805 2430 1935] [1640 1695 1545 1385 1420 1600 1900 2380]
[2755 3315 3125 2905 2765 2715 2590 2060] [1545 1505 1570 1565 1490 1475 1965 2260]
[2985 3055 3255 2830 3005 2825 2575 2425] [1640 1640 1710 1480 1425 1485 1800 2230]
[3125 3050 2870 2935 2665 2930 2960 2615] [1580 1515 1700 1570 1400 1500 1795 1850]
COM3 1 28
2
[3030 2570 2835 2925 2790 2590 2485 2055] [1530 1555 1665 1780 2080 2095 2155 2325]
[2975 2770 2845 2845 2730 2775 2470 1835] [1525 1585 1730 1885 2100 2530 2560 2275]
[2705 2970 2890 2840 2800 2705 2355 1665] [1580 1605 1815 1945 2345 2455 2315 2045]
[2900 3130 3040 2870 2900 2845 2285 1745] [1480 1580 1775 1805 1900 2075 1905 1700]
[2950 2955 3105 2870 2895 2805 2430 1935] [1640 1640 1585 1430 1600 1665 1620 1780]
[2755 3315 3125 2905 2765 2715 2590 2060] [1540 1565 1640 1685 1615 1510 1510 1450]
[2985 3055 3255 2830 3005 2825 2575 2425] [1695 1830 1685 1605 1550 1495 1550 1620]
[3125 3050 2870 2935 2665 2930 2960 2615] [1855 1720 1725 1680 1630 1480 1445 1485]
COM7 0 29
2
[2825 2650 2760 2945 2680 2830 2950 2855] [1530 1555 1665 1780 2080 2095 2155 2325]
[3020 2930 2800 2845 2685 2960 2815 2770] [1525 1585 1730 1885 2100 2530 2560 2275]
[2920 2905 3075 2780 2840 2935 2915 2595] [1580 1605 1815 1945 2345 2455 2315 2045]
[2975 2900 2975 3000 2880 2890 2805 2630] [1480 1580 1775 1805 1900 2075 1905 1700]
[3050 2720 2915 2915 2885 2870 2975 2550] [1640 1640 1585 1430 1600 1665 1620 1780]
[3010 3025 2930 2915 2775 2755 3055 2915] [1540 1565 1640 1685 1615 1510 1510 1450]
[2850 3050 2820 3145 2915 3135 2505 2670] [1695 1830 1685 1605 1550 1495 1550 1620]
[2965 2900 3040 2875 2770 2970 3040 3050] [1855 1720 1725 1680 1630 1480 1445 1485]
COM3 1 30
2
[2825 2650 2760 2945 2680 2830 2950 2855] [1625 1635 1540 1700 1840 2050 2305 2485]
[3020 2930 2800 2845 2685 2960 2815 2770] [1680 1635 1680 1780 1865 2350 2560 2440]
[2920 2905 3075 2780 2840 2935 2915 2595] [1735 1730 1625 1750 1820 2165 2260 2165]
[2975 2900 2975 3000 2880 2890 2805 2630] [1760 1540 1740 1720 1685 1875 1895 1820]
[3050 2720 2915 2915 2885 2870 2975 2550] [1790 1695 1735 1575 1700 1545 1695 1735]
[3010 3025 2930 2915 2775 2755 3055 2915] [1795 1725 1735 1830 1630 1655 1705 1650]
[2850 3050 2820 3145 2915 3135 2505 2670] [2235 1985 1820 1660 1645 1650 1715 1690]
[2965 2900 3040 2875 2770 2970 3040 3050] [2625 2335 1930 1935 1635 1605 1650 1590]
COM7 0 31
2
[2700 2735 2630 2770 2585 2660 2795 2640] [1625 1635 1540 1700 1840 2050 2305 2485]
[2790 2660 2810 2765 2710 2665 2715 2900] [1680 1635 1680 1780 1865 2350 2560 2440]
[2720 2565 2645 2845 2895 2785 2760 2815] [1735 1730 1625 1750 1820 2165 2260 2165]
[2685 2830 2720 2655 2850 3005 2880 2805] [1760 1540 1740 1720 1685 1875 1895 1820]
[2575 2655 2770 2625 2860 2750 2925 2875] [1790 1695 1735 1575 1700 1545 1695 1735]
[2675 2795 2805 2710 2575 2735 2790 2975] [1795 1725 1735 1830 1630 1655 1705 1650]
[2690 2765 2825 2935 2835 2840 2550 2705] [2235 1985 1820 1660 1645 1650 1715 1690]
[2965 2715 2500 2490 2505 2885 2710 2765] [2625 2335 1930 1935 1635 1605 1650 1590]
COM3 1 32
2
[2700 2735 2630 2770 2585 2660 2795 2640] [2505 2305 2145 2000 2175 2010 2270 2475]
[2790 2660 2810 2765 2710 2665 2715 2900] [2430 2240 2155 2045 2060 2180 2470 2270]
[2720 2565 2645 2845 2895 2785 2760 2815] [2410 2200 2130 1970 2055 2155 2165 2135]
[2685 2830 2720 2655 2850 3005 2880 2805] [2515 2235 2145 2095 1900 1945 2040 2005]
[2575 2655 2770 2625 2860 2750 2925 2875] [2600 2385 2145 2030 1980 1895 2055 2055]
[2675 2795 2805 2710 2575 2735 2790 2975] [2910 2470 2195 2125 2110 2005 2135 1895]
[2690 2765 2825 2935 2835 2840 2550 2705] [3295 2640 2475 2285 2160 2040 2065 2020]
[2965 2715 2500 2490 2505 2885 2710 2765] [3115 3025 2735 2540 2300 1985 2060 2095]
COM7 0 33
2
[3045 2685 2875 2870 2875 2735 3015 2860] [2505 2305 2145 2000 2175 2010 2270 2475]
[3040 3075 2840 3075 2915 2875 2910 2955] [2430 2240 2155 2045 2060 2180 2470 2270]
[3050 2905 2860 2865 2930 2930 2925 2965] [2410 2200 2130 1970 2055 2155 2165 2135]
[2940 2865 2865 3015 2830 2835 2835 2900] [2515 2235 2145 2095 1900 1945 2040 2005]
[3250 2885 2835 2985 3015 2880 2885 3135] [2600 2385 2145 2030 1980 1895 2055 2055]
[3150 2880 3160 3090 2925 2970 3050 2890] [2910 2470 2195 2125 2110 2005 2135 1895]
[3190 2850 2910 2925 3190 3280 2865 2950] [3295 2640 2475 2285 2160 2040 2065 2020]
[2935 3240 3235 3150 2955 2850 3035 2855] [3115 3025 2735 2540 2300 1985 2060 2095]
COM3 1 34
2
[3045 2685 2875 2870 2875 2735 3015 2860] [2050 1615 1515 1240 1545 1520 1550 1795]
[3040 3075 2840 3075 2915 2875 2910 2955] [1980 1515 1360 1465 1435 1620 1650 1690]
[3050 2905 2860 2865 2930 2930 2925 2965] [2040 1625 1450 1335 1475 1415 1675 1740]
[2940 2865 2865 3015 2830 2835 2835 2900] [2085 1730 1495 1355 1455 1425 1520 1485]
[3250 2885 2835 2985 3015 2880 2885 3135] [2320 1845 1735 1355 1490 1430 1535 1550]
[3150 2880 3160 3090 2925 2970 3050 2890] [2640 2140 1915 1640 1475 1420 1480 1535]
[3190 2850 2910 2925 3190 3280 2865 2950] [3230 2575 2205 1820 1605 1450 1670 1480]
[2935 3240 3235 3150 2955 2850 3035 2855] [3435 3125 2650 2205 2045 1820 1535 1480]
COM7 0 35
2
[2670 2805 2635 2770 2915 2710 2950 2805] [2050 1615 1515 1240 1545 1520 1550 1795]
[3080 2770 2810 2960 2760 2800 2730 2870] [1980 1515 1360 1465 1435 1620 1650 1690]
[2760 2875 2905 2860 3000 2905 2690 2875] [2040 1625 1450 1335 1475 1415 1675 1740]
[2715 2790 2975 2890 2860 3110 2825 2825] [2085 1730 1495 1355 1455 1425 1520 1485]
[2965 2895 3165 2895 2795 3115 2840 2825] [2320 1845 1735 1355 1490 1430 1535 1550]
[3010 2650 3295 2975 2845 3035 2905 2975] [2640 2140 1915 1640 1475 1420 1480 1535]
[2655 2940 2970 2915 3005 2975 2750 2750] [3230 2575 2205 1820 1605 1450 1670 1480]
[2870 2880 3125 2800 2865 3070 2865 2860] [3435 3125 2650 2205 2045 1820 1535 1480]
COM3 1 36
2
[2670 2805 2635 2770 2915 2710 2950 2805] [2425 2090 2110 1700 1635 1580 1560 1745]
[3080 2770 2810 2960 2760 2800 2730 2870] [2325 1925 1755 1725 1625 1580 1560 1660]
[2760 2875 2905 2860 3000 2905 2690 2875] [2420 2050 1740 1655 1580 1580 1615 1670]
[2715 2790 2975 2890 2860 3110 2825 2825] [2510 2185 1785 1735 1675 1535 1685 1670]
[2965 2895 3165 2895 2795 3115 2840 2825] [2645 2355 2100 1645 1690 1540 1670 1720]
[3010 2650 3295 2975 2845 3035 2905 2975] [2550 2615 2085 1910 1755 1650 1695 1720]
[2655 2940 2970 2915 3005 2975 2750 2750] [2815 2720 2500 2155 1900 1650 1805 1705]
[2870 2880 3125 2800 2865 3070 2865 2860] [2950 2695 2810 2415 2210 1805 1800 1835]
COM7 0 37
2
[2975 2810 2880 2680 2820 2830 2910 2780] [2425 2090 2110 1700 1635 1580 1560 1745]
[3000 2955 2960 2885 2860 2960 2765 2885] [2325 1925 1755 1725 1625 1580 1560 1660]
[2885 2800 3080 2825 2820 3090 2900 2880] [2420 2050 1740 1655 1580 1580 1615 1670]
[2780 2965 3170 3005 3070 2735 2615 2960] [2510 2185 1785 1735 1675 1535 1685 1670]
[3240 3005 3115 2835 2835 2970 2910 3135] [2645 2355 2100 1645 1690 1540 1670 1720]
[2940 3040 3210 2975 3035 3270 3050 2910] [2550 2615 2085 1910 1755 1650 1695 1720]
[3265 2960 2840 2920 2860 3125 2975 2795] [2815 2720 2500 2155 1900 1650 1805 1705]
[2830 2895 3075 2965 2950 2955 2715 2910] [2950 2695 2810 2415 2210 1805 1800 1835]
COM3 1 38
2
[2975 2810 2880 2680 2820 2830 2910 2780] [2945 2645 2395 1995 1790 1630 1450 1525]
[3000 2955 2960 2885 2860 2960 2765 2885] [3035 2690 2200 1850 1610 1575 1425 1410]
[2885 2800 3080 2825 2820 3090 2900 2880] [3180 2710 2215 1785 1585 1440 1390 1390]
[2780 2965 3170 3005 3070 2735 2615 2960] [3235 2470 2195 1810 1530 1475 1495 1370]
[3240 3005 3115 2835 2835 2970 2910 3135] [3200 2850 2520 1800 1625 1485 1535 1555]
[2940 3040 3210 2975 3035 3270 3050 2910] [2895 2995 2645 2190 1905 1665 1585 1485]
[3265 2960 2840 2920 2860 3125 2975 2795] [3150 3065 3105 2595 2185 1865 1765 1580]
[2830 2895 3075 2965 2950 2955 2715 2910] [3075 3385 3040 3055 2560 2055 1975 1770]
COM7 0 39
2
[2490 2350 2290 2505 2535 2505 2525 2320] [2945 2645 2395 1995 1790 1630 1450 1525]
[2390 2560 2400 2570 2520 2545 2270 1860] [3035 2690 2200 1850 1610 1575 1425 1410]
[2390 2620 2545 2615 2605 2535 2385 2305] [3180 2710 2215 1785 1585 1440 1390 1390]
[2415 2775 2625 2455 2415 2615 2280 2320] [3235 2470 2195 1810 1530 1475 1495 1370]
[2605 2500 2505 2425 2650 2535 2370 2105] [3200 2850 2520 1800 1625 1485 1535 1555]
[2440 2635 2460 2495 2385 2245 2570 2345] [2895 2995 2645 2190 1905 1665 1585 1485]
[2800 2270 2450 2450 2480 2060 2300 2370] [3150 3065 3105 2595 2185 1865 1765 1580]
[2565 2490 2550 2290 2535 2525 2465 2505] [3075 3385 3040 3055 2560 2055 1975 1770]
COM3 1 40
2
[2490 2350 2290 2505 2535 2505 2525 2320] [4340 4350 4300 3640 2775 2350 2045 1935]
[2390 2560 2400 2570 2520 2545 2270 1860] [4505 4440 4125 3255 2480 2160 1840 1845]
[2390 2620 2545 2615 2605 2535 2385 2305] [4240 4415 3870 2980 2455 2030 1835 1745]
[2415 2775 2625 2455 2415 2615 2280 2320] [4235 4110 3810 2955 2420 1965 1900 1755]
[2605 2500 2505 2425 2650 2535 2370 2105] [4180 4120 3770 3005 2500 2140 1965 1870]
[2440 2635 2460 2495 2385 2245 2570 2345] [3805 4190 3960 3640 2945 2415 2125 1860]
[2800 2270 2450 2450 2480 2060 2300 2370] [4160 4210 4035 3675 3265 2540 2350 2075]
[2565 2490 2550 2290 2535 2525 2465 2505] [4070 4010 4005 4000 3675 3105 2885 2375]
COM7 0 41
2
[2700 2750 2875 2875 2955 2810 2895 2855] [4340 4350 4300 3640 2775 2350 2045 1935]
[2925 2930 2870 2910 2770 2795 2920 2890] [4505 4440 4125 3255 2480 2160 1840 1845]
[2795 2865 2920 2815 2995 2895 2840 2845] [4240 4415 3870 2980 2455 2030 1835 1745]
[3030 2785 3035 2770 2875 3010 2730 2735] [4235 4110 3810 2955 2420 1965 1900 1755]
[2935 3070 3035 2945 2935 2995 2790 2715] [4180 4120 3770 3005 2500 2140 1965 1870]
[2855 3015 2965 3125 2810 3135 3225 2890] [3805 4190 3960 3640 2945 2415 2125 1860]
[3015 2850 2980 3175 2935 3190 2795 2920] [4160 4210 4035 3675 3265 2540 2350 2075]
[3110 2680 3125 3305 2710 2900 3115 2915] [4070 4010 4005 4000 3675 3105 2885 2375]
COM3 1 42
2
[2700 2750 2875 2875 2955 2810 2895 2855] [2840 3165 2870 2525 2220 1575 1290 1225]
[2925 2930 2870 2910 2770 2795 2920 2890] [3240 2955 2605 2405 1660 1460 1240 1185]
[2795 2865 2920 2815 2995 2895 2840 2845] [3175 3345 2955 2295 1800 1265 1105 1110]
[3030 2785 3035 2770 2875 3010 2730 2735] [2995 3015 3110 2405 1605 1310 1145 1065]
[2935 3070 3035 2945 2935 2995 2790 2715] [2995 3125 2865 2470 1795 1485 1235 1255]
[2855 3015 2965 3125 2810 3135 3225 2890] [2985 3345 2995 2995 2335 1740 1415 1330]
[3015 2850 2980 3175 2935 3190 2795 2920] [3145 3270 3100 3090 2905 2280 1730 1605]
[3110 2680 3125 3305 2710 2900 3115 2915] [3170 3280 3175 3045 3010 2565 2070 1685]
COM7 0 43
2
[2845 2765 2805 3000 2825 2905 2860 2975] [2840 3165 2870 2525 2220 1575 1290 1225]
[2920 2970 2850 2945 2890 2925 2925 2885] [3240 2955 2605 2405 1660 1460 1240 1185]
[2885 2685 3015 3030 3020 2955 2890 2925] [3175 3345 2955 2295 1800 1265 1105 1110]
[2830 3055 3040 3015 2865 2920 2820 2975] [2995 3015 3110 2405 1605 1310 1145 1065]
[2960 2890 3100 2915 2930 2840 3005 3035] [2995 3125 2865 2470 1795 1485 1235 1255]
[2800 2825 3100 3120 2850 3080 2955 2850] [2985 3345 2995 2995 2335 1740 1415 1330]
[2995 2935 3155 3015 2695 2975 2890 2840] [3145 3270 3100 3090 2905 2280 1730 1605]
[3145 2900 3060 2975 2670 3115 3160 2915] [3170 3280 3175 3045 3010 2565 2070 1685]
COM3 1 44
2
[2845 2765 2805 3000 2825 2905 2860 2975] [4360 4550 4350 3975 3375 2700 1815 1820]
[2920 2970 2850 2945 2890 2925 2925 2885] [4545 4375 4280 3770 2750 2240 1665 1510]
[2885 2685 3015 3030 3020 2955 2890 2925] [4140 4335 4150 3640 2865 1920 1575 1405]
[2830 3055 3040 3015 2865 2920 2820 2975] [4190 4115 4115 3570 2545 1855 1560 1460]
[2960 2890 3100 2915 2930 2840 3005 3035] [4150 3975 4010 3605 2750 2125 1775 1520]
[2800 2825 3100 3120 2850 3080 2955 2850] [3930 4010 4035 3885 3195 2530 2100 1655]
[2995 2935 3155 3015 2695 2975 2890 2840] [3960 4110 4045 3980 3740 2865 2405 1990]
[3145 2900 3060 2975 2670 3115 3160 2915] [4245 3985 4175 3960 3720 3645 3100 2380]
COM7 0 45
2
[2795 2865 2750 2875 2865 2895 3020 2590] [4360 4550 4350 3975 3375 2700 1815 1820]
[3080 2900 2865 2920 2800 2775 2835 2825] [4545 4375 4280 3770 2750 2240 1665 1510]
[2885 3125 3075 2800 2925 2835 2865 2780] [4140 4335 4150 3640 2865 1920 1575 1405]
[3040 3090 3210 3005 2960 2765 2840 2715] [4190 4115 4115 3570 2545 1855 1560 1460]
[2935 2650 3275 2925 3170 2700 3005 2800] [4150 3975 4010 3605 2750 2125 1775 1520]
[2905 3200 3190 3165 2960 2970 2850 2970] [3930 4010 4035 3885 3195 2530 2100 1655]
[2995 3070 3120 2925 2915 2885 2900 2945] [3960 4110 4045 3980 3740 2865 2405 1990]
[2960 3125 3245 3050 2950 3125 2950 3025] [4245 3985 4175 3960 3720 3645 3100 2380]
COM3 1 46
2
[2795 2865 2750 2875 2865 2895 3020 2590] [3745 3560 3505 3485 2865 2690 2285 2105]
[3080 2900 2865 2920 2800 2775 2835 2825] [3405 3690 3625 3270 2845 2390 2050 1850]
[2885 3125 3075 2800 2925 2835 2865 2780] [3510 3635 3520 3160 2715 2205 1930 1770]
[3040 3090 3210 3005 2960 2765 2840 2715] [3580 3645 3570 3190 2590 2225 1950 1735]
[2935 2650 3275 2925 3170 2700 3005 2800] [3585 3465 3490 3190 2670 2345 2120 1940]
[2905 3200 3190 3165 2960 2970 2850 2970] [3380 3490 3440 3335 2950 2675 2290 2060]
[2995 3070 3120 2925 2915 2885 2900 2945] [3610 3605 3455 3480 3230 2850 2525 2185]
[2960 3125 3245 3050 2950 3125 2950 3025] [3630 3520 3520 3420 3240 3265 2600 2420]
COM7 0 47
2
[2505 2555 2680 2770 2660 2530 2595 2490] [3745 3560 3505 3485 2865 2690 2285 2105]
[2665 2735 2785 2715 2670 2670 2740 2450] [3405 3690 3625 3270 2845 2390 2050 1850]
[2775 2535 2775 2765 2645 2765 2475 2505] [3510 3635 3520 3160 2715 2205 1930 1770]
[2530 2575 2745 2500 2645 2570 2565 2425] [3580 3645 3570 3190 2590 2225 1950 1735]
[2680 2605 2850 2755 2780 2530 2765 2635] [3585 3465 3490 3190 2670 2345 2120 1940]
[2505 2780 2910 2795 2540 2735 2585 2425] [3380 3490 3440 3335 2950 2675 2290 2060]
[2895 2685 2585 2745 2605 2760 2620 2535] [3610 3605 3455 3480 3230 2850 2525 2185]
[3165 2855 2640 2595 2810 2745 2555 2435] [3630 3520 3520 3420 3240 3265 2600 2420]
COM3 1 48
2
[2505 2555 2680 2770 2660 2530 2595 2490] [3165 3155 3260 3110 2705 2255 1935 1755]
[2665 2735 2785 2715 2670 2670 2740 2450] [3200 3245 3225 2920 2370 2085 1685 1545]
[2775 2535 2775 2765 2645 2765 2475 2505] [3295 3175 3325 2925 2420 1770 1615 1555]
[2530 2575 2745 2500 2645 2570 2565 2425] [3375 3240 3150 2910 2335 1945 1675 1560]
[2680 2605 2850 2755 2780 2530 2765 2635] [3340 3300 3205 2950 2455 1960 1780 1680]
[2505 2780 2910 2795 2540 2735 2585 2425] [3170 3250 3230 3185 2735 2265 1995 1645]
[2895 2685 2585 2745 2605 2760 2620 2535] [3285 3485 3280 3350 3055 2385 2180 1935]
[3165 2855 2640 2595 2810 2745 2555 2435] [3315 3325 3405 3360 3255 2930 2460 2050]
COM7 0 49
2
[3260 3345 3305 3055 3155 3045 3345 3490] [3165 3155 3260 3110 2705 2255 1935 1755]
[3330 3295 3175 3195 3210 3315 3275 3585] [3200 3245 3225 2920 2370 2085 1685 1545]
[3150 3535 3330 3220 3195 3165 3320 3455] [3295 3175 3325 2925 2420 1770 1615 1555]
[3430 3285 3525 3175 3400 3460 3360 3635] [3375 3240 3150 2910 2335 1945 1675 1560]
[3550 3475 3310 3345 3475 3255 3390 3595] [3340 3300 3205 2950 2455 1960 1780 1680]
[3210 3605 3660 3335 3295 3535 3495 3480] [3170 3250 3230 3185 2735 2265 1995 1645]
[3435 3275 3140 3625 3345 3165 3375 3585] [3285 3485 3280 3350 3055 2385 2180 1935]
[3380 3530 3550 3315 3965 3690 3550 3735] [3315 3325 3405 3360 3255 2930 2460 2050]
COM3 1 50
2
[3260 3345 3305 3055 3155 3045 3345 3490] [1885 2000 1935 1820 1880 1510 1310 1190]
[3330 3295 3175 3195 3210 3315 3275 3585] [1875 1945 2020 1930 1630 1365 1135 1035]
[3150 3535 3330 3220 3195 3165 3320 3455] [2095 2125 2145 1875 1520 1200 1065 1070]
[3430 3285 3525 3175 3400 3460 3360 3635] [2090 2260 2295 2180 1565 1185 1135 1060]
[3550 3475 3310 3345 3475 3255 3390 3595] [2330 2210 2290 2145 1700 1330 1115 1115]
[3210 3605 3660 3335 3295 3535 3495 3480] [2270 2400 2310 2440 1940 1570 1390 1250]
[3435 3275 3140 3625 3345 3165 3375 3585] [2340 2495 2355 2345 2185 1855 1460 1345]
[3380 3530 3550 3315 3965 3690 3550 3735] [2425 2390 2470 2540 2265 2140 1865 1540]
COM7 0 51
2
[2805 2790 2910 2820 2825 2725 2900 2720] [1885 2000 1935 1820 1880 1510 1310 1190]
[2950 2950 2860 2925 2810 2945 2840 3045] [1875 1945 2020 1930 1630 1365 1135 1035]
[2720 2970 3035 2820 2845 2805 2860 2990] [2095 2125 2145 1875 1520 1200 1065 1070]
[3000 3025 3130 3040 2950 2840 2910 3070] [2090 2260 2295 2180 1565 1185 1135 1060]
[3105 2955 2835 2880 2965 3065 3120 3080] [2330 2210 2290 2145 1700 1330 1115 1115]
[2875 2880 3100 3020 2840 3045 2995 2905] [2270 2400 2310 2440 1940 1570 1390 1250]
[2960 2965 2890 3245 2775 3025 2945 3005] [2340 2495 2355 2345 2185 1855 1460 1345]
[2900 2950 3160 3145 2875 2910 2935 2820] [2425 2390 2470 2540 2265 2140 1865 1540]
COM3 1 52
2
[2805 2790 2910 2820 2825 2725 2900 2720] [2540 2825 2965 2745 2455 2195 1765 1610]
[2950 2950 2860 2925 2810 2945 2840 3045] [2895 2920 2965 2770 2095 1905 1585 1470]
[2720 2970 3035 2820 2845 2805 2860 2990] [3010 2870 2895 2480 2285 1650 1490 1440]
[3000 3025 3130 3040 2950 2840 2910 3070] [2840 3120 3005 2645 2065 1615 1560 1370]
[3105 2955 2835 2880 2965 3065 3120 3080] [3245 2950 2840 2675 2395 1880 1595 1645]
[2875 2880 3100 3020 2840 3045 2995 2905] [2960 3055 2915 2905 2630 2080 1885 1575]
[2960 2965 2890 3245 2775 3025 2945 3005] [3125 3065 3100 3105 2690 2370 2015 1675]
[2900 2950 3160 3145 2875 2910 2935 2820] [2995 3195 2965 3000 2775 2540 2190 1870]
COM7 0 53
2
[2745 2720 2640 2790 2695 2755 2790 2620] [2540 2825 2965 2745 2455 2195 1765 1610]
[2865 2785 2690 2740 2680 2805 2745 2650] [2895 2920 2965 2770 2095 1905 1585 1470]
[2650 2700 2765 2800 2760 2860 2720 2730] [3010 2870 2895 2480 2285 1650 1490 1440]
[2870 2900 2945 2830 2830 2945 2825 2840] [2840 3120 3005 2645 2065 1615 1560 1370]
[2860 2845 2905 2760 2960 2850 2900 2750] [3245 2950 2840 2675 2395 1880 1595 1645]
[3035 2940 2985 2870 2690 2785 2840 2570] [2960 3055 2915 2905 2630 2080 1885 1575]
[2695 2700 2695 2925 2860 2855 2575 2775] [3125 3065 3100 3105 2690 2370 2015 1675]
[2875 2950 3000 3060 2805 2870 2975 2750] [2995 3195 2965 3000 2775 2540 2190 1870]
COM3 1 54
2
[2745 2720 2640 2790 2695 2755 2790 2620] [3115 3025 3070 2850 2590 2155 1770 1680]
[2865 2785 2690 2740 2680 2805 2745 2650] [3125 3145 3135 2815 2220 1910 1585 1380]
[2650 2700 2765 2800 2760 2860 2720 2730] [3125 3105 2995 2585 2295 1670 1435 1395]
[2870 2900 2945 2830 2830 2945 2825 2840] [3205 3170 3150 2630 2220 1705 1450 1365]
[2860 2845 2905 2760 2960 2850 2900 2750] [3225 3110 3265 2720 2305 1790 1570 1540]
[3035 2940 2985 2870 2690 2785 2840 2570] [2910 3170 3000 3125 2525 2015 1835 1560]
[2695 2700 2695 2925 2860 2855 2575 2775] [3150 3370 3305 3080 2895 2385 1940 1695]
[2875 2950 3000 3060 2805 2870 2975 2750] [3300 3260 3195 3205 3295 2775 2305 1935]
COM7 0 55
2
[2685 2790 2670 2835 2695 2755 2740 2885] [3115 3025 3070 2850 2590 2155 1770 1680]
[2915 2810 2810 2750 2785 2770 2700 2750] [3125 3145 3135 2815 2220 1910 1585 1380]
[2850 2840 2840 2735 2825 2790 2935 2770] [3125 3105 2995 2585 2295 1670 1435 1395]
[2870 2910 2870 2825 2965 2795 2855 2760] [3205 3170 3150 2630 2220 1705 1450 1365]
[2840 2910 2815 2790 2935 2795 2905 2815] [3225 3110 3265 2720 2305 1790 1570 1540]
[2710 2670 3050 2880 2770 2905 2985 2815] [2910 3170 3000 3125 2525 2015 1835 1560]
[3020 2960 2805 2990 2860 2815 2675 2695] [3150 3370 3305 3080 2895 2385 1940 1695]
[2880 2720 2870 2855 2715 2825 2920 2685] [3300 3260 3195 3205 3295 2775 2305 1935]
COM3 1 56
2
[2685 2790 2670 2835 2695 2755 2740 2885] [3000 2970 3035 2945 2375 2000 1600 1430]
[2915 2810 2810 2750 2785 2770 2700 2750] [2595 3105 2830 2570 1975 1680 1395 1255]
[2850 2840 2840 2735 2825 2790 2935 2770] [2750 2770 2775 2415 2020 1540 1310 1255]
[2870 2910 2870 2825 2965 2795 2855 2760] [2990 2925 2930 2525 1865 1570 1380 1230]
[2840 2910 2815 2790 2935 2795 2905 2815] [3005 3085 2795 2420 2115 1570 1405 1375]
[2710 2670 3050 2880 2770 2905 2985 2815] [2990 3145 2910 3040 2265 1925 1705 1310]
[3020 2960 2805 2990 2860 2815 2675 2695] [2760 3275 3170 2895 2780 2085 1845 1550]
[2880 2720 2870 2855 2715 2825 2920 2685] [3005 3000 3055 2990 2905 2580 2130 1655]
COM7 0 57
2
[2780 2785 2875 2930 2775 2720 2695 2655] [3000 2970 3035 2945 2375 2000 1600 1430]
[2960 2815 2740 2750 2750 2760 2800 2850] [2595 3105 2830 2570 1975 1680 1395 1255]
[2750 2845 2770 2855 2715 2810 2665 2700] [2750 2770 2775 2415 2020 1540 1310 1255]
[2875 2915 2985 2880 2845 2850 2830 2795] [2990 2925 2930 2525 1865 1570 1380 1230]
[2960 2945 2970 2895 2875 2765 2900 2925] [3005 3085 2795 2420 2115 1570 1405 1375]
[2965 2830 2950 2910 2845 2740 2835 2655] [2990 3145 2910 3040 2265 1925 1705 1310]
[2950 2825 2730 3035 2730 2790 2645 2575] [2760 3275 3170 2895 2780 2085 1845 1550]
[2975 2755 2645 2925 2810 2925 2960 2850] [3005 3000 3055 2990 2905 2580 2130 1655]
COM3 1 58
2
[2780 2785 2875 2930 2775 2720 2695 2655] [2410 2425 2455 2355 2020 1760 1415 1415]
[2960 2815 2740 2750 2750 2760 2800 2850] [2445 2535 2495 2290 1855 1575 1270 1260]
[2750 2845 2770 2855 2715 2810 2665 2700] [2540 2620 2590 2100 1815 1335 1255 1220]
[2875 2915 2985 2880 2845 2850 2830 2795] [2500 2845 2645 2195 1715 1370 1260 1240]
[2960 2945 2970 2895 2875 2765 2900 2925] [2835 2600 2680 2320 2000 1535 1380 1325]
[2965 2830 2950 2910 2845 2740 2835 2655] [2550 2605 2770 2625 2060 1765 1595 1385]
[2950 2825 2730 3035 2730 2790 2645 2575] [2970 2905 2905 2745 2430 2035 1790 1465]
[2975 2755 2645 2925 2810 2925 2960 2850] [2800 2870 2710 3075 2640 2545 2045 1590]
COM7 0 59
2
[2575 2700 2625 2685 2845 2795 2790 2695] [2410 2425 2455 2355 2020 1760 1415 1415]
[2825 2875 2525 2930 2755 2835 2735 2715] [2445 2535 2495 2290 1855 1575 1270 1260]
[2600 2820 2775 2690 2765 2865 2750 2635] [2540 2620 2590 2100 1815 1335 1255 1220]
[2745 2750 2795 2775 2870 2865 2810 2695] [2500 2845 2645 2195 1715 1370 1260 1240]
[2810 2865 2900 2845 2870 2745 2905 2865] [2835 2600 2680 2320 2000 1535 1380 1325]
[2775 2750 2745 2920 2650 2840 2740 2750] [2550 2605 2770 2625 2060 1765 1595 1385]
[2725 3015 2845 2865 2875 2770 2765 2785] [2970 2905 2905 2745 2430 2035 1790 1465]
[2735 2855 2655 2695 2760 2805 2685 2745] [2800 2870 2710 3075 2640 2545 2045 1590]
COM3 1 60
2
[2575 2700 2625 2685 2845 2795 2790 2695] [3030 3175 3070 2790 2415 1945 1660 1605]
[2825 2875 2525 2930 2755 2835 2735 2715] [3095 2995 2975 2650 2060 1865 1520 1415]
[2600 2820 2775 2690 2765 2865 2750 2635] [3220 3020 3050 2610 2165 1585 1445 1400]
[2745 2750 2795 2775 2870 2865 2810 2695] [3085 3175 3010 2750 2090 1635 1520 1390]
[2810 2865 2900 2845 2870 2745 2905 2865] [3145 3185 3145 2565 2315 1700 1530 1500]
[2775 2750 2745 2920 2650 2840 2740 2750] [3125 3085 3065 3040 2575 2000 1750 1590]
[2725 3015 2845 2865 2875 2770 2765 2785] [3265 3135 3110 3120 2715 2335 1935 1660]
[2735 2855 2655 2695 2760 2805 2685 2745] [3290 3260 3125 3405 3240 2735 2240 1810]
COM7 0 61
2
[2795 2710 2670 2705 2590 2705 2795 2765] [3030 3175 3070 2790 2415 1945 1660 1605]
[2925 2780 2650 2740 2725 2700 2710 2770] [3095 2995 2975 2650 2060 1865 1520 1415]
[2810 2705 2860 2720 2785 2885 2735 2850] [3220 3020 3050 2610 2165 1585 1445 1400]
[2795 2795 2900 2875 2850 2810 2795 2815] [3085 3175 3010 2750 2090 1635 1520 1390]
[2685 2820 2780 2845 2750 2840 2870 2915] [3145 3185 3145 2565 2315 1700 1530 1500]
[2775 2920 2735 2825 2780 2975 2975 2880] [3125 3085 3065 3040 2575 2000 1750 1590]
[2950 2825 2805 2790 2945 2630 2715 2640] [3265 3135 3110 3120 2715 2335 1935 1660]
[2910 2795 2855 2775 3025 2845 2795 2640] [3290 3260 3125 3405 3240 2735 2240 1810]
COM3 1 62
2
[2795 2710 2670 2705 2590 2705 2795 2765] [3025 2890 2625 2815 2185 1975 1595 1600]
[2925 2780 2650 2740 2725 2700 2710 2770] [2575 2880 2855 2485 2095 1720 1520 1420]
[2810 2705 2860 2720 2785 2885 2735 2850] [2950 2915 2925 2485 1980 1555 1515 1395]
[2795 2795 2900 2875 2850 2810 2795 2815] [3210 2700 3005 2530 2050 1705 1525 1375]
[2685 2820 2780 2845 2750 2840 2870 2915] [2825 2945 2935 2475 2190 1775 1625 1510]
[2775 2920 2735 2825 2780 2975 2975 2880] [2910 2925 2925 2995 2465 1920 1735 1530]
[2950 2825 2805 2790 2945 2630 2715 2640] [3005 2935 2975 2935 2625 2185 1895 1665]
[2910 2795 2855 2775 3025 2845 2795 2640] [3195 2920 3185 3075 2835 2585 2095 1805]
COM7 0 63
2
[2995 2815 2905 2830 2875 2865 2960 2900] [3025 2890 2625 2815 2185 1975 1595 1600]
[2960 2955 2820 2920 2845 2905 2950 3080] [2575 2880 2855 2485 2095 1720 1520 1420]
[2780 2900 2890 2855 2825 2910 2825 3020] [2950 2915 2925 2485 1980 1555 1515 1395]
[2875 2915 2815 2835 2945 2980 2915 3025] [3210 2700 3005 2530 2050 1705 1525 1375]
[3105 2915 3060 2720 3015 2775 3040 3050] [2825 2945 2935 2475 2190 1775 1625 1510]
[3015 2900 2985 2880 2940 3005 3000 3010] [2910 2925 2925 2995 2465 1920 1735 1530]
[3035 3040 2710 3080 2950 2925 2855 2960] [3005 2935 2975 2935 2625 2185 1895 1665]
[3135 3010 2910 3000 2880 3050 3205 2845] [3195 2920 3185 3075 2835 2585 2095 1805]
COM3 1 64
2
[2995 2815 2905 2830 2875 2865 2960 2900] [3025 2905 3025 2845 2475 1905 1600 1575]
[2960 2955 2820 2920 2845 2905 2950 3080] [3135 2885 3070 2700 2005 1735 1440 1390]
[2780 2900 2890 2855 2825 2910 2825 3020] [3280 3195 2965 2645 2050 1545 1395 1335]
[2875 2915 2815 2835 2945 2980 2915 3025] [3085 3195 3135 2575 1985 1530 1515 1380]
[3105 2915 3060 2720 3015 2775 3040 3050] [3020 3295 3195 2715 2100 1715 1495 1485]
[3015 2900 2985 2880 2940 3005 3000 3010] [3090 3290 3015 2915 2440 1995 1665 1555]
[3035 3040 2710 3080 2950 2925 2855 2960] [3160 3245 3070 3190 2780 2250 1825 1660]
[3135 3010 2910 3000 2880 3050 3205 2845] [3360 3260 3245 3275 3045 2615 2055 1650]
COM7 0 65
2
[2930 2710 2645 2725 2775 2670 2805 2695] [3025 2905 3025 2845 2475 1905 1600 1575]
[2915 2900 2895 2900 2835 2805 2775 2930] [3135 2885 3070 2700 2005 1735 1440 1390]
[2655 2835 2850 2720 2780 2825 2735 2715] [3280 3195 2965 2645 2050 1545 1395 1335]
[2815 2930 2950 2820 3015 2855 2865 2775] [3085 3195 3135 2575 1985 1530 1515 1380]
[3020 2895 2945 2895 2930 2865 3040 2990] [3020 3295 3195 2715 2100 1715 1495 1485]
[2740 2945 2985 3010 2755 2780 2940 2750] [3090 3290 3015 2915 2440 1995 1665 1555]
[2960 2990 2850 2825 2770 2685 2750 2880] [3160 3245 3070 3190 2780 2250 1825 1660]
[2870 2820 3015 2850 2810 2710 3170 2875] [3360 3260 3245 3275 3045 2615 2055 1650]