COM8 1 6
4
[2710 2895 2880 2850 2945 2960 2915 3080] [3100 3075 3110 3090 3030 3125 3085 3310]
[2710 3060 2810 2805 2995 2985 2900 3030] [3245 3180 3180 3245 3060 3230 3085 2910]
[2540 2930 2830 2860 3045 3010 3055 2995] [2970 3125 3095 3090 3135 3025 3125 3050]
[2350 2700 3030 2875 3030 3130 2955 2885] [3055 3065 3220 3070 3080 3160 3105 3140]
[2325 2690 2975 2975 3165 2870 3065 3080] [3305 3105 3185 3040 3105 3140 3260 3260]
[2185 2745 3050 2905 3020 3275 3040 3125] [3160 3110 3100 3245 3195 3170 3270 3330]
[2125 2825 3015 2775 2970 3105 2900 2870] [3190 3200 3145 3140 3195 3110 3280 3280]
[2205 2895 3170 3085 3055 3045 3215 2905] [3225 3240 3310 3310 3125 3220 3295 3200]
COM3 0 7
4
[2575 2695 2850 2875 2850 2950 2990 2995] [3100 3075 3110 3090 3030 3125 3085 3310]
[2515 2805 2840 2925 2895 2900 2950 2900] [3245 3180 3180 3245 3060 3230 3085 2910]
[2085 2380 2710 2855 2865 3000 2980 2865] [2970 3125 3095 3090 3135 3025 3125 3050]
[1845 2095 2570 2775 3075 3030 2920 3050] [3055 3065 3220 3070 3080 3160 3105 3140]
[1725 1985 2325 2625 2975 2935 3020 2970] [3305 3105 3185 3040 3105 3140 3260 3260]
[1475 1850 2280 2605 2750 3045 3175 2915] [3160 3110 3100 3245 3195 3170 3270 3330]
[1415 1835 2145 2680 2955 2840 2880 2910] [3190 3200 3145 3140 3195 3110 3280 3280]
[1670 1850 2335 2590 2885 2965 3095 3025] [3225 3240 3310 3310 3125 3220 3295 3200]
COM8 1 8
4
[2575 2695 2850 2875 2850 2950 2990 2995] [3270 3290 3170 3300 3185 3200 3175 3295]
[2515 2805 2840 2925 2895 2900 2950 2900] [3220 3270 3310 3220 3130 3280 3185 3200]
[2085 2380 2710 2855 2865 3000 2980 2865] [3290 3265 3175 3240 3255 3165 3235 3180]
[1845 2095 2570 2775 3075 3030 2920 3050] [3350 3065 3315 3190 3275 3220 3250 3195]
[1725 1985 2325 2625 2975 2935 3020 2970] [3240 3280 3180 3305 3245 3250 3345 3370]
[1475 1850 2280 2605 2750 3045 3175 2915] [3085 3355 3325 3345 3225 3355 3395 3325]
[1415 1835 2145 2680 2955 2840 2880 2910] [3465 3160 3240 3265 3235 3225 3345 3390]
[1670 1850 2335 2590 2885 2965 3095 3025] [3440 3355 3190 3395 3295 3285 3285 3370]
COM3 0 9
4
[2970 2765 2835 2875 3035 2970 2960 3055] [3270 3290 3170 3300 3185 3200 3175 3295]
[2955 3075 2985 2985 2825 2930 2945 2970] [3220 3270 3310 3220 3130 3280 3185 3200]
[2535 2885 2935 3055 2970 3010 3015 3105] [3290 3265 3175 3240 3255 3165 3235 3180]
[2215 2545 2870 2930 3020 2995 2920 3075] [3350 3065 3315 3190 3275 3220 3250 3195]
[2010 2190 2400 2610 3025 2950 3150 3190] [3240 3280 3180 3305 3245 3250 3345 3370]
[1745 1885 2075 2370 2470 2835 3095 2920] [3085 3355 3325 3345 3225 3355 3395 3325]
[1560 1800 1865 2100 2270 2645 2945 3065] [3465 3160 3240 3265 3235 3225 3345 3390]
[1700 1735 1750 1900 2075 2470 2965 3205] [3440 3355 3190 3395 3295 3285 3285 3370]
COM8 1 10
4
[2970 2765 2835 2875 3035 2970 2960 3055] [3265 3295 3255 3310 3030 3220 3230 3285]
[2955 3075 2985 2985 2825 2930 2945 2970] [3195 3205 3225 3180 3130 3185 3230 3170]
[2535 2885 2935 3055 2970 3010 3015 3105] [3260 3350 3315 3275 3275 3140 3235 3215]
[2215 2545 2870 2930 3020 2995 2920 3075] [3170 3275 3255 3100 3260 3240 3150 3210]
[2010 2190 2400 2610 3025 2950 3150 3190] [3290 3225 3315 3130 3265 3325 3305 3260]
[1745 1885 2075 2370 2470 2835 3095 2920] [3160 3330 3295 3355 3235 3305 3355 3275]
[1560 1800 1865 2100 2270 2645 2945 3065] [3310 3390 3275 3280 3400 3300 3340 3395]
[1700 1735 1750 1900 2075 2470 2965 3205] [3350 3425 3310 3455 3220 3300 3295 3315]
COM3 0 11
4
[2690 2615 2845 2755 2950 2835 2945 2780] [3265 3295 3255 3310 3030 3220 3230 3285]
[2540 2845 2830 2915 2860 2930 2810 2735] [3195 3205 3225 3180 3130 3185 3230 3170]
[2360 2805 2815 2825 2960 2755 2980 2840] [3260 3350 3315 3275 3275 3140 3235 3215]
[2415 2740 3125 3005 2935 2840 3035 2870] [3170 3275 3255 3100 3260 3240 3150 3210]
[2160 2670 3025 2845 2860 2935 3045 3060] [3290 3225 3315 3130 3265 3325 3305 3260]
[1905 2380 2775 2705 2880 3030 3000 2900] [3160 3330 3295 3355 3235 3305 3355 3275]
[1725 2170 2330 2665 2655 2925 2795 2895] [3310 3390 3275 3280 3400 3300 3340 3395]
[1695 1735 1940 2130 2410 2670 2805 2810] [3350 3425 3310 3455 3220 3300 3295 3315]
COM8 1 12
4
[2690 2615 2845 2755 2950 2835 2945 2780] [3285 3030 3195 2980 3095 3070 3025 3245]
[2540 2845 2830 2915 2860 2930 2810 2735] [3110 3070 3100 3160 3000 3145 3045 3110]
[2360 2805 2815 2825 2960 2755 2980 2840] [3165 3170 3200 3060 3210 3060 3205 3050]
[2415 2740 3125 3005 2935 2840 3035 2870] [3055 3095 3220 3165 3155 3110 3100 3140]
[2160 2670 3025 2845 2860 2935 3045 3060] [3150 3135 3075 3165 3265 3125 3095 3275]
[1905 2380 2775 2705 2880 3030 3000 2900] [3065 3140 3125 3115 3070 3100 3375 3250]
[1725 2170 2330 2665 2655 2925 2795 2895] [2960 3390 3345 3260 3075 3190 3265 3380]
[1695 1735 1940 2130 2410 2670 2805 2810] [3335 3320 3300 3125 3210 3105 3255 3245]
COM3 0 13
4
[2490 2655 2825 2855 3030 2745 2935 2965] [3285 3030 3195 2980 3095 3070 3025 3245]
[2395 2920 3035 2845 2925 2900 2860 2980] [3110 3070 3100 3160 3000 3145 3045 3110]
[2140 2560 2900 2910 2885 2835 2985 3035] [3165 3170 3200 3060 3210 3060 3205 3050]
[2070 2535 2855 2925 2960 3005 2915 2895] [3055 3095 3220 3165 3155 3110 3100 3140]
[1865 2585 2780 2870 3060 2880 3110 2890] [3150 3135 3075 3165 3265 3125 3095 3275]
[1685 2310 2840 2950 2885 2925 2925 2835] [3065 3140 3125 3115 3070 3100 3375 3250]
[1985 2260 2775 2995 2925 3045 2935 3020] [2960 3390 3345 3260 3075 3190 3265 3380]
[1880 2090 2390 2560 2800 3095 3265 2835] [3335 3320 3300 3125 3210 3105 3255 3245]
COM8 1 14
4
[2490 2655 2825 2855 3030 2745 2935 2965] [2705 3020 2945 2915 2980 2990 3095 3205]
[2395 2920 3035 2845 2925 2900 2860 2980] [3100 2970 3025 2960 2995 3095 2985 2980]
[2140 2560 2900 2910 2885 2835 2985 3035] [2910 3045 2945 3020 3220 3015 3100 3045]
[2070 2535 2855 2925 2960 3005 2915 2895] [3080 2970 3095 2960 3050 3045 3050 2985]
[1865 2585 2780 2870 3060 2880 3110 2890] [3200 3045 3180 2935 3120 3185 3160 3110]
[1685 2310 2840 2950 2885 2925 2925 2835] [3050 2930 3085 3235 3020 3210 3235 3340]
[1985 2260 2775 2995 2925 3045 2935 3020] [3105 3210 3170 3025 3205 3055 3210 3265]
[1880 2090 2390 2560 2800 3095 3265 2835] [3115 3050 3200 3280 3080 3160 3250 3165]
COM3 0 15
4
[2180 2685 2845 2930 2900 2845 3165 2970] [2705 3020 2945 2915 2980 2990 3095 3205]
[2125 2755 2915 2940 2910 2865 3030 2965] [3100 2970 3025 2960 2995 3095 2985 2980]
[1875 2470 2935 3015 2895 2910 3040 2990] [2910 3045 2945 3020 3220 3015 3100 3045]
[1735 2135 2770 2780 2995 2955 3060 3005] [3080 2970 3095 2960 3050 3045 3050 2985]
[1655 2125 2560 2820 3075 3025 3245 3025] [3200 3045 3180 2935 3120 3185 3160 3110]
[1490 1980 2585 2780 2855 2975 3085 2870] [3050 2930 3085 3235 3020 3210 3235 3340]
[1515 1890 2280 2840 2830 2910 2660 2880] [3105 3210 3170 3025 3205 3055 3210 3265]
[1555 1705 2060 2425 2700 2945 3210 3015] [3115 3050 3200 3280 3080 3160 3250 3165]
COM8 1 16
4
[2180 2685 2845 2930 2900 2845 3165 2970] [3180 3305 3250 3185 3100 3145 3250 3270]
[2125 2755 2915 2940 2910 2865 3030 2965] [3215 3215 3195 3140 3150 3225 3205 3125]
[1875 2470 2935 3015 2895 2910 3040 2990] [3100 3255 3205 3015 3265 3065 3185 3090]
[1735 2135 2770 2780 2995 2955 3060 3005] [3175 3145 3265 3210 3170 3245 3225 3215]
[1655 2125 2560 2820 3075 3025 3245 3025] [3320 3285 3205 3095 3240 3235 3205 3230]
[1490 1980 2585 2780 2855 2975 3085 2870] [3375 3230 3125 3200 3230 3145 3345 3240]
[1515 1890 2280 2840 2830 2910 2660 2880] [3320 3330 3340 3250 3285 3225 3205 3295]
[1555 1705 2060 2425 2700 2945 3210 3015] [3320 3330 3295 3380 3250 3240 3210 3365]
COM3 0 17
4
[1940 2355 2580 2830 2870 2790 2830 3000] [3180 3305 3250 3185 3100 3145 3250 3270]
[1810 2310 2505 2740 2835 2925 2885 2855] [3215 3215 3195 3140 3150 3225 3205 3125]
[1575 2010 2440 2705 2770 2800 3040 2690] [3100 3255 3205 3015 3265 3065 3185 3090]
[1520 1725 2225 2465 2830 2770 2875 2965] [3175 3145 3265 3210 3170 3245 3225 3215]
[1530 1570 1900 2365 2925 2940 2745 2930] [3320 3285 3205 3095 3240 3235 3205 3230]
[1405 1495 1870 2275 2505 2865 2925 2800] [3375 3230 3125 3200 3230 3145 3345 3240]
[1445 1470 1675 1900 2100 2340 2540 2875] [3320 3330 3340 3250 3285 3225 3205 3295]
[1480 1440 1490 1590 1855 2090 2230 2460] [3320 3330 3295 3380 3250 3240 3210 3365]
COM8 1 18
4
[1940 2355 2580 2830 2870 2790 2830 3000] [3350 3275 3210 3305 3215 3210 3235 3305]
[1810 2310 2505 2740 2835 2925 2885 2855] [3320 3415 3305 3235 3245 3220 3275 3215]
[1575 2010 2440 2705 2770 2800 3040 2690] [3240 3350 3300 3310 3270 3195 3245 3155]
[1520 1725 2225 2465 2830 2770 2875 2965] [3335 3240 3325 3260 3260 3245 3375 3255]
[1530 1570 1900 2365 2925 2940 2745 2930] [3320 3350 3345 3285 3260 3245 3255 3345]
[1405 1495 1870 2275 2505 2865 2925 2800] [3310 3345 3185 3295 3310 3200 3435 3480]
[1445 1470 1675 1900 2100 2340 2540 2875] [3180 3495 3435 3370 3210 3215 3340 3385]
[1480 1440 1490 1590 1855 2090 2230 2460] [3315 3345 3360 3390 3235 3180 3400 3315]
COM3 0 19
4
[1785 1855 2220 2360 2665 2810 2930 2775] [3350 3275 3210 3305 3215 3210 3235 3305]
[1730 1820 1990 2480 2680 2885 2725 2835] [3320 3415 3305 3235 3245 3220 3275 3215]
[1500 1615 1890 2280 2740 2850 2995 2870] [3240 3350 3300 3310 3270 3195 3245 3155]
[1380 1480 1905 2150 2590 2790 2925 2935] [3335 3240 3325 3260 3260 3245 3375 3255]
[1505 1555 1680 1990 2170 2345 2820 3100] [3320 3350 3345 3285 3260 3245 3255 3345]
[1450 1505 1715 1830 1885 2145 2450 2615] [3310 3345 3185 3295 3310 3200 3435 3480]
[1345 1570 1715 1840 1820 1785 1950 2415] [3180 3495 3435 3370 3210 3215 3340 3385]
[1585 1640 1775 1860 1855 1865 2010 2125] [3315 3345 3360 3390 3235 3180 3400 3315]
COM8 1 20
4
[1785 1855 2220 2360 2665 2810 2930 2775] [3135 3240 3285 3275 3195 3220 3200 3265]
[1730 1820 1990 2480 2680 2885 2725 2835] [3275 3310 3215 3210 3140 3230 3225 3105]
[1500 1615 1890 2280 2740 2850 2995 2870] [3265 3255 3285 3230 3275 3110 3205 3285]
[1380 1480 1905 2150 2590 2790 2925 2935] [3260 3380 3275 3215 3190 3045 3220 3185]
[1505 1555 1680 1990 2170 2345 2820 3100] [3250 3355 3250 3275 3315 3215 3260 3355]
[1450 1505 1715 1830 1885 2145 2450 2615] [3015 3225 3155 3210 3270 3295 3365 3450]
[1345 1570 1715 1840 1820 1785 1950 2415] [3315 3395 3320 3205 3295 3315 3330 3250]
[1585 1640 1775 1860 1855 1865 2010 2125] [3385 3260 3300 3450 3220 3205 3370 3335]
COM3 0 21
4
[1475 1580 1820 2305 2595 2815 2965 2950] [3135 3240 3285 3275 3195 3220 3200 3265]
[1670 1935 1940 2285 2660 2820 2890 3100] [3275 3310 3215 3210 3140 3230 3225 3105]
[1595 1765 2010 2060 2340 2670 2920 2970] [3265 3255 3285 3230 3275 3110 3205 3285]
[1630 1725 1900 1995 2125 2440 2870 2960] [3260 3380 3275 3215 3190 3045 3220 3185]
[1580 1755 1800 2000 1980 2020 2430 2940] [3250 3355 3250 3275 3315 3215 3260 3355]
[1475 1680 1960 1905 1815 1885 2160 2530] [3015 3225 3155 3210 3270 3295 3365 3450]
[1445 1770 1825 1905 1800 1700 1895 2295] [3315 3395 3320 3205 3295 3315 3330 3250]
[1520 1650 1745 1715 1645 1675 1940 2170] [3385 3260 3300 3450 3220 3205 3370 3335]
COM8 1 22
4
[1475 1580 1820 2305 2595 2815 2965 2950] [3140 3330 3250 3170 3150 3110 3135 3280]
[1670 1935 1940 2285 2660 2820 2890 3100] [3365 3255 3215 3140 3145 3185 3185 3080]
[1595 1765 2010 2060 2340 2670 2920 2970] [3205 3135 3265 3240 3290 3160 3200 3090]
[1630 1725 1900 1995 2125 2440 2870 2960] [3225 3240 3205 3215 3175 3250 3220 3200]
[1580 1755 1800 2000 1980 2020 2430 2940] [3275 3190 3215 3090 3280 3315 3240 3315]
[1475 1680 1960 1905 1815 1885 2160 2530] [3220 3210 3170 3145 3235 3300 3265 3210]
[1445 1770 1825 1905 1800 1700 1895 2295] [3350 3345 3315 3205 3290 3130 3325 3370]
[1520 1650 1745 1715 1645 1675 1940 2170] [3420 3350 3215 3335 3080 3175 3190 3175]
COM3 0 23
4
[1690 1660 1855 1985 2380 2615 2805 2770] [3140 3330 3250 3170 3150 3110 3135 3280]
[1615 1785 1730 1965 2325 2555 2770 2800] [3365 3255 3215 3140 3145 3185 3185 3080]
[1505 1505 1700 1910 2005 2430 2755 2850] [3205 3135 3265 3240 3290 3160 3200 3090]
[1495 1555 1755 1695 1940 2145 2555 2800] [3225 3240 3205 3215 3175 3250 3220 3200]
[1505 1575 1635 1625 1725 1880 2485 2705] [3275 3190 3215 3090 3280 3315 3240 3315]
[1420 1495 1735 1575 1575 1835 2175 2690] [3220 3210 3170 3145 3235 3300 3265 3210]
[1580 1445 1505 1460 1485 1785 2125 2480] [3350 3345 3315 3205 3290 3130 3325 3370]
[1530 1405 1425 1425 1520 1860 2380 2820] [3420 3350 3215 3335 3080 3175 3190 3175]
COM8 1 24
4
[1690 1660 1855 1985 2380 2615 2805 2770] [3175 3115 3100 3020 3095 3075 3145 3255]
[1615 1785 1730 1965 2325 2555 2770 2800] [3095 3190 3085 3005 3015 3160 3050 3135]
[1505 1505 1700 1910 2005 2430 2755 2850] [3190 2950 2995 3070 3220 3125 3120 3090]
[1495 1555 1755 1695 1940 2145 2555 2800] [3080 3130 3195 3080 3100 2970 3080 3100]
[1505 1575 1635 1625 1725 1880 2485 2705] [3050 3115 3185 3065 3105 3125 3170 3145]
[1420 1495 1735 1575 1575 1835 2175 2690] [3140 3215 3075 3290 3155 3055 3295 3275]
[1580 1445 1505 1460 1485 1785 2125 2480] [2960 3260 3245 3190 3235 3145 3230 3320]
[1530 1405 1425 1425 1520 1860 2380 2820] [3055 3245 3135 3285 3100 3140 3290 3205]
COM3 0 25
4
[1605 1545 1740 2100 2460 2745 2855 2920] [3175 3115 3100 3020 3095 3075 3145 3255]
[1545 1600 1705 2000 2365 2695 2950 2955] [3095 3190 3085 3005 3015 3160 3050 3135]
[1455 1420 1580 1880 2155 2385 2805 3125] [3190 2950 2995 3070 3220 3125 3120 3090]
[1520 1480 1545 1630 1970 2305 2720 2875] [3080 3130 3195 3080 3100 2970 3080 3100]
[1585 1525 1490 1560 1800 2115 2605 3015] [3050 3115 3185 3065 3105 3125 3170 3145]
[1645 1565 1615 1560 1800 2135 2505 2825] [3140 3215 3075 3290 3155 3055 3295 3275]
[1600 1525 1505 1675 1790 2075 2460 2975] [2960 3260 3245 3190 3235 3145 3230 3320]
[1745 1615 1510 1535 1875 2225 2740 2965] [3055 3245 3135 3285 3100 3140 3290 3205]
COM8 1 26
4
[1605 1545 1740 2100 2460 2745 2855 2920] [3145 3010 2935 2940 3030 2960 3005 3140]
[1545 1600 1705 2000 2365 2695 2950 2955] [3120 3095 3075 2925 3000 3180 3115 3005]
[1455 1420 1580 1880 2155 2385 2805 3125] [3100 3215 3040 3075 3080 3005 3115 3050]
[1520 1480 1545 1630 1970 2305 2720 2875] [3175 3155 3125 3000 3170 3105 3115 3205]
[1585 1525 1490 1560 1800 2115 2605 3015] [3155 3060 3010 2965 3075 3105 3120 3080]
[1645 1565 1615 1560 1800 2135 2505 2825] [3040 3105 3035 3240 3085 3215 3190 2965]
[1600 1525 1505 1675 1790 2075 2460 2975] [3165 3120 3225 2960 3195 3260 3090 3205]
[1745 1615 1510 1535 1875 2225 2740 2965] [3190 3080 3195 3215 2995 3040 3235 3240]
COM3 0 27
4
[1690 1390 1450 1925 2285 2505 2850 2970] [3145 3010 2935 2940 3030 2960 3005 3140]
[1830 1605 1420 1780 2135 2450 2745 2915] [3120 3095 3075 2925 3000 3180 3115 3005]
[2000 1690 1520 1600 1805 2175 2640 2900] [3100 3215 3040 3075 3080 3005 3115 3050]
[2240 1850 1775 1545 1705 1900 2360 2895] [3175 3155 3125 3000 3170 3105 3115 3205]
[2640 2075 1760 1435 1625 1680 2310 2625] [3155 3060 3010 2965 3075 3105 3120 3080]
[2515 2205 1820 1595 1375 1510 2285 2605] [3040 3105 3035 3240 3085 3215 3190 2965]
[2710 2075 1860 1540 1465 1600 1935 2715] [3165 3120 3225 2960 3195 3260 3090 3205]
[2375 1930 1735 1295 1395 1745 2275 2665] [3190 3080 3195 3215 2995 3040 3235 3240]
COM8 1 28
4
[1690 1390 1450 1925 2285 2505 2850 2970] [2860 3105 3100 3055 3100 3075 3175 3210]
[1830 1605 1420 1780 2135 2450 2745 2915] [3255 3190 3100 3220 3125 3120 3125 3195]
[2000 1690 1520 1600 1805 2175 2640 2900] [3160 3200 3220 3085 3335 3120 3145 3125]
[2240 1850 1775 1545 1705 1900 2360 2895] [3250 3175 3120 3050 3195 3090 3180 3110]
[2640 2075 1760 1435 1625 1680 2310 2625] [3200 3200 3275 3160 3145 3075 3210 3165]
[2515 2205 1820 1595 1375 1510 2285 2605] [3205 3235 3145 3130 3155 3245 3280 3405]
[2710 2075 1860 1540 1465 1600 1935 2715] [3240 3270 3145 3235 3235 3315 3250 3205]
[2375 1930 1735 1295 1395 1745 2275 2665] [3320 3335 3305 3410 3200 3220 3340 3105]
COM3 0 29
4
[1665 1445 1505 1850 2125 2490 2775 2910] [2860 3105 3100 3055 3100 3075 3175 3210]
[1785 1585 1420 1870 2080 2350 2620 2940] [3255 3190 3100 3220 3125 3120 3125 3195]
[1820 1625 1500 1585 1785 2190 2505 3005] [3160 3200 3220 3085 3335 3120 3145 3125]
[2100 1710 1720 1460 1655 1835 2100 2470] [3250 3175 3120 3050 3195 3090 3180 3110]
[2565 2130 1905 1525 1600 1535 1830 2125] [3200 3200 3275 3160 3145 3075 3210 3165]
[2770 2380 1815 1670 1410 1510 1550 1700] [3205 3235 3145 3130 3155 3245 3280 3405]
[2905 2540 1960 1635 1400 1305 1300 1520] [3240 3270 3145 3235 3235 3315 3250 3205]
[2795 2335 1915 1570 1310 1380 1335 1455] [3320 3335 3305 3410 3200 3220 3340 3105]
COM8 1 30
4
[1665 1445 1505 1850 2125 2490 2775 2910] [3245 3315 3195 3305 3045 3115 3200 3335]
[1785 1585 1420 1870 2080 2350 2620 2940] [3115 3335 3280 3180 3235 3315 3130 3235]
[1820 1625 1500 1585 1785 2190 2505 3005] [3300 3220 3255 3310 3315 3140 3180 3225]
[2100 1710 1720 1460 1655 1835 2100 2470] [3225 3175 3265 3200 3225 3245 3250 3210]
[2565 2130 1905 1525 1600 1535 1830 2125] [3235 3405 3195 3170 3290 3175 3195 3375]
[2770 2380 1815 1670 1410 1510 1550 1700] [3150 3265 3175 3295 3315 3385 3290 3250]
[2905 2540 1960 1635 1400 1305 1300 1520] [3365 3390 3350 3265 3190 3195 3385 3295]
[2795 2335 1915 1570 1310 1380 1335 1455] [3255 3215 3375 3335 3185 3225 3380 3365]
COM3 0 31
4
[2220 1680 1760 2135 2610 2830 2930 2665] [3245 3315 3195 3305 3045 3115 3200 3335]
[2335 1925 1645 2165 2580 2770 2810 2855] [3115 3335 3280 3180 3235 3315 3130 3235]
[2075 1880 1905 2140 2380 2635 3030 2975] [3300 3220 3255 3310 3315 3140 3180 3225]
[2040 1815 1835 1900 2240 2570 2880 3060] [3225 3175 3265 3200 3225 3245 3250 3210]
[2050 1630 1740 1750 2080 2310 3025 3015] [3235 3405 3195 3170 3290 3175 3195 3375]
[2010 1675 1595 1560 1785 2205 2715 2640] [3150 3265 3175 3295 3315 3385 3290 3250]
[2235 1780 1520 1540 1620 1755 2110 2375] [3365 3390 3350 3265 3190 3195 3385 3295]
[2550 2015 1725 1450 1470 1630 1780 2005] [3255 3215 3375 3335 3185 3225 3380 3365]
COM8 1 32
4
[2220 1680 1760 2135 2610 2830 2930 2665] [2930 2975 3070 3020 2995 2995 3120 3155]
[2335 1925 1645 2165 2580 2770 2810 2855] [3125 3085 3095 2945 3030 3100 3070 3045]
[2075 1880 1905 2140 2380 2635 3030 2975] [3265 3105 3105 3035 3220 3065 3075 3010]
[2040 1815 1835 1900 2240 2570 2880 3060] [3160 3200 3135 3225 3140 3185 3235 3105]
[2050 1630 1740 1750 2080 2310 3025 3015] [3150 3120 3140 3100 3120 3095 3195 3230]
[2010 1675 1595 1560 1785 2205 2715 2640] [3015 3000 2970 3125 3045 3225 3210 3205]
[2235 1780 1520 1540 1620 1755 2110 2375] [3200 3370 3190 3185 3135 3190 3190 3330]
[2550 2015 1725 1450 1470 1630 1780 2005] [3240 3145 3175 3265 3145 3150 3190 3310]
COM3 0 33
4
[2475 2040 1955 2260 2545 2840 2940 2995] [2930 2975 3070 3020 2995 2995 3120 3155]
[2415 2220 1865 2230 2505 2885 2855 2865] [3125 3085 3095 2945 3030 3100 3070 3045]
[2415 2155 1880 2040 2370 2820 2945 3060] [3265 3105 3105 3035 3220 3065 3075 3010]
[2480 2000 1875 1960 2365 2785 2850 3055] [3160 3200 3135 3225 3140 3185 3235 3105]
[2610 2150 1865 1715 2310 2595 2960 3035] [3150 3120 3140 3100 3120 3095 3195 3230]
[2495 2160 1885 1810 2155 2585 2815 2930] [3015 3000 2970 3125 3045 3225 3210 3205]
[2440 2035 1805 1805 2005 2330 2690 2750] [3200 3370 3190 3185 3135 3190 3190 3330]
[2485 1975 1760 1575 1820 2250 2665 2965] [3240 3145 3175 3265 3145 3150 3190 3310]
COM8 1 34
4
[2475 2040 1955 2260 2545 2840 2940 2995] [3205 3100 3140 3125 3130 2995 3210 3195]
[2415 2220 1865 2230 2505 2885 2855 2865] [3170 3090 3280 3100 3060 3200 3275 3110]
[2415 2155 1880 2040 2370 2820 2945 3060] [3290 3160 3105 3055 3265 3090 3155 3080]
[2480 2000 1875 1960 2365 2785 2850 3055] [3275 3205 3265 3195 3110 3125 3210 3150]
[2610 2150 1865 1715 2310 2595 2960 3035] [3285 3285 3285 3165 3100 3120 3170 3390]
[2495 2160 1885 1810 2155 2585 2815 2930] [2970 3210 3095 3340 3200 3275 3340 3280]
[2440 2035 1805 1805 2005 2330 2690 2750] [3280 3300 3330 3205 3205 3055 3295 3305]
[2485 1975 1760 1575 1820 2250 2665 2965] [3255 3330 3295 3275 3295 3035 3180 3165]
COM3 0 35
4
[2425 2005 1920 2125 2560 2730 2975 3040] [3205 3100 3140 3125 3130 2995 3210 3195]
[2595 2160 1915 2095 2505 2820 2910 2875] [3170 3090 3280 3100 3060 3200 3275 3110]
[2520 2120 1740 2030 2310 2615 2935 2845] [3290 3160 3105 3055 3265 3090 3155 3080]
[2550 2040 1875 1820 2245 2530 2895 2745] [3275 3205 3265 3195 3110 3125 3210 3150]
[2685 2175 1925 1680 2010 2345 2715 2975] [3285 3285 3285 3165 3100 3120 3170 3390]
[2535 2240 1905 1535 1645 2220 2665 2770] [2970 3210 3095 3340 3200 3275 3340 3280]
[2795 2320 1755 1540 1670 2070 2570 2995] [3280 3300 3330 3205 3205 3055 3295 3305]
[2835 2370 1900 1535 1680 2070 2560 2785] [3255 3330 3295 3275 3295 3035 3180 3165]
COM8 1 36
4
[2425 2005 1920 2125 2560 2730 2975 3040] [3120 3090 2985 3195 3045 2945 3080 3235]
[2595 2160 1915 2095 2505 2820 2910 2875] [3065 3175 3055 2975 3135 3130 3190 2995]
[2520 2120 1740 2030 2310 2615 2935 2845] [3190 3210 3185 3125 3110 3020 3115 3045]
[2550 2040 1875 1820 2245 2530 2895 2745] [3190 3095 3200 3030 3045 3135 3195 3055]
[2685 2175 1925 1680 2010 2345 2715 2975] [3235 3185 3095 2950 3145 3120 3205 3145]
[2535 2240 1905 1535 1645 2220 2665 2770] [3095 3085 3265 3125 3140 3080 3260 3280]
[2795 2320 1755 1540 1670 2070 2570 2995] [3125 3265 3245 3070 2985 3025 3305 3290]
[2835 2370 1900 1535 1680 2070 2560 2785] [3220 3215 3230 3275 3135 3135 3260 3265]
COM3 0 37
4
[2290 2030 1915 2045 2400 2710 2915 2920] [3120 3090 2985 3195 3045 2945 3080 3235]
[2645 2200 1880 2000 2390 2645 2845 2905] [3065 3175 3055 2975 3135 3130 3190 2995]
[2585 2135 1855 1920 2230 2385 2620 2960] [3190 3210 3185 3125 3110 3020 3115 3045]
[2625 2305 2065 1940 1915 2115 2525 2545] [3190 3095 3200 3030 3045 3135 3195 3055]
[2895 2500 2185 1630 1675 1560 2390 2610] [3235 3185 3095 2950 3145 3120 3205 3145]
[3000 2395 2185 1700 1475 1705 2075 2465] [3095 3085 3265 3125 3140 3080 3260 3280]
[2960 2540 2165 1675 1455 1695 1660 2445] [3125 3265 3245 3070 2985 3025 3305 3290]
[3025 2485 2090 1660 1470 1500 1745 1980] [3220 3215 3230 3275 3135 3135 3260 3265]
COM8 1 38
4
[2290 2030 1915 2045 2400 2710 2915 2920] [3100 3055 3225 3050 3045 3085 3085 3265]
[2645 2200 1880 2000 2390 2645 2845 2905] [3080 3190 3165 3090 3015 3190 3120 3185]
[2585 2135 1855 1920 2230 2385 2620 2960] [3245 3170 3200 3200 3190 3165 3240 3105]
[2625 2305 2065 1940 1915 2115 2525 2545] [3200 3120 3130 3170 3105 3070 3190 2985]
[2895 2500 2185 1630 1675 1560 2390 2610] [3190 3155 3250 3200 3145 3135 3295 3210]
[3000 2395 2185 1700 1475 1705 2075 2465] [3045 3230 3175 3295 3150 3225 3340 3175]
[2960 2540 2165 1675 1455 1695 1660 2445] [2945 3385 3355 3205 3195 3240 3230 3345]
[3025 2485 2090 1660 1470 1500 1745 1980] [2490 3010 3170 3445 3275 3145 3355 3175]
COM3 0 39
4
[2320 1925 1740 1920 2245 2375 2540 2580] [3100 3055 3225 3050 3045 3085 3085 3265]
[2580 2290 1825 2045 1975 2030 2070 2240] [3080 3190 3165 3090 3015 3190 3120 3185]
[2620 2370 1835 1705 1650 1675 1790 2115] [3245 3170 3200 3200 3190 3165 3240 3105]
[2685 2435 2030 1745 1565 1490 1540 1780] [3200 3120 3130 3170 3105 3070 3190 2985]
[3115 2530 2165 1705 1470 1350 1670 1900] [3190 3155 3250 3200 3145 3135 3295 3210]
[2885 2635 2280 1760 1585 1440 1550 1610] [3045 3230 3175 3295 3150 3225 3340 3175]
[3025 2590 2105 1905 1600 1515 1355 1520] [2945 3385 3355 3205 3195 3240 3230 3345]
[2925 2635 2220 1620 1580 1650 1675 1475] [2490 3010 3170 3445 3275 3145 3355 3175]
COM8 1 40
4
[2320 1925 1740 1920 2245 2375 2540 2580] [3205 3235 3145 3200 3130 3135 3235 3300]
[2580 2290 1825 2045 1975 2030 2070 2240] [3265 3265 3215 3240 3150 3225 3170 3105]
[2620 2370 1835 1705 1650 1675 1790 2115] [3145 3230 3205 3130 3220 3115 3255 3195]
[2685 2435 2030 1745 1565 1490 1540 1780] [3050 3220 3325 3305 3255 3180 3235 3230]
[3115 2530 2165 1705 1470 1350 1670 1900] [3045 3250 3270 3200 3165 3145 3160 3195]
[2885 2635 2280 1760 1585 1440 1550 1610] [2425 3060 3195 3220 3195 3305 3340 3215]
[3025 2590 2105 1905 1600 1515 1355 1520] [2245 3010 3210 3280 3090 3215 3310 3340]
[2925 2635 2220 1620 1580 1650 1675 1475] [2100 2720 3125 3395 3295 3205 3290 3140]
COM3 0 41
4
[2330 2025 1620 1630 1675 1500 1540 1515] [3205 3235 3145 3200 3130 3135 3235 3300]
[2525 2155 1625 1580 1625 1445 1445 1640] [3265 3265 3215 3240 3150 3225 3170 3105]
[2635 2135 1855 1695 1595 1505 1720 1700] [3145 3230 3205 3130 3220 3115 3255 3195]
[2840 2270 2085 1760 1640 1595 1605 1605] [3050 3220 3325 3305 3255 3180 3235 3230]
[2860 2485 2005 1750 1720 1645 1685 1520] [3045 3250 3270 3200 3165 3145 3160 3195]
[2755 2770 2200 1825 1535 1695 1655 1460] [2425 3060 3195 3220 3195 3305 3340 3215]
[2875 2765 2350 1860 1600 1595 1635 1480] [2245 3010 3210 3280 3090 3215 3310 3340]
[2890 2715 2230 1790 1665 1800 1975 1845] [2100 2720 3125 3395 3295 3205 3290 3140]
COM8 1 42
4
[2330 2025 1620 1630 1675 1500 1540 1515] [3230 3215 3270 3250 3215 3115 3255 3275]
[2525 2155 1625 1580 1625 1445 1445 1640] [3125 3240 3255 3235 3205 3220 3275 3175]
[2635 2135 1855 1695 1595 1505 1720 1700] [3125 3285 3285 3220 3265 3245 3245 3105]
[2840 2270 2085 1760 1640 1595 1605 1605] [3020 3100 3250 3155 3205 3235 3295 3245]
[2860 2485 2005 1750 1720 1645 1685 1520] [2775 3280 3310 3130 3120 3185 3220 3360]
[2755 2770 2200 1825 1535 1695 1655 1460] [2405 3020 3260 3285 3200 3250 3385 3330]
[2875 2765 2350 1860 1600 1595 1635 1480] [2295 2895 3105 3340 3125 3295 3335 3435]
[2890 2715 2230 1790 1665 1800 1975 1845] [2345 2885 3215 3080 3260 3195 3180 3340]
COM3 0 43
4
[2350 1840 1905 2090 2250 2140 1875 1715] [3230 3215 3270 3250 3215 3115 3255 3275]
[2605 2200 1815 2035 2260 2170 1840 1705] [3125 3240 3255 3235 3205 3220 3275 3175]
[2520 2215 1960 1920 2150 2165 1980 1650] [3125 3285 3285 3220 3265 3245 3245 3105]
[2620 2425 2070 1900 1930 2010 2090 1650] [3020 3100 3250 3155 3205 3235 3295 3245]
[3000 2460 2050 1785 1895 1855 2105 1770] [2775 3280 3310 3130 3120 3185 3220 3360]
[2700 2565 2355 1685 1700 1915 1985 1660] [2405 3020 3260 3285 3200 3250 3385 3330]
[2975 2720 2270 2025 1645 1775 1735 1855] [2295 2895 3105 3340 3125 3295 3335 3435]
[3025 2890 2425 1905 1690 1835 2010 1845] [2345 2885 3215 3080 3260 3195 3180 3340]
COM8 1 44
4
[2350 1840 1905 2090 2250 2140 1875 1715] [3205 3170 3240 3185 3185 3170 3235 3305]
[2605 2200 1815 2035 2260 2170 1840 1705] [3305 3240 3170 3140 3125 3280 3170 3030]
[2520 2215 1960 1920 2150 2165 1980 1650] [3110 3270 3235 3145 3290 3255 3245 3155]
[2620 2425 2070 1900 1930 2010 2090 1650] [2755 3145 3125 3140 3225 3210 3300 3230]
[3000 2460 2050 1785 1895 1855 2105 1770] [2670 3140 3340 3130 3195 3320 3245 3250]
[2700 2565 2355 1685 1700 1915 1985 1660] [2420 2915 3305 3210 3200 3280 3455 3310]
[2975 2720 2270 2025 1645 1775 1735 1855] [2350 3120 3345 3350 3155 3285 3415 3320]
[3025 2890 2425 1905 1690 1835 2010 1845] [2605 3145 3305 3335 3245 3295 3385 3240]
COM3 0 45
4
[2455 2075 1775 2125 2350 2335 2170 1695] [3205 3170 3240 3185 3185 3170 3235 3305]
[2660 2230 1855 2010 2170 2305 2180 1680] [3305 3240 3170 3140 3125 3280 3170 3030]
[2645 2325 2005 1935 2000 2140 2165 1755] [3110 3270 3235 3145 3290 3255 3245 3155]
[2805 2260 2205 1875 1895 1965 1935 1695] [2755 3145 3125 3140 3225 3210 3300 3230]
[2815 2710 2400 1920 1755 1690 1885 1720] [2670 3140 3340 3130 3195 3320 3245 3250]
[2995 2800 2560 2055 1550 1740 1790 1695] [2420 2915 3305 3210 3200 3280 3455 3310]
[3005 2845 2505 2200 1815 1690 1675 1655] [2350 3120 3345 3350 3155 3285 3415 3320]
[3115 2845 2670 2195 1740 1615 1735 1440] [2605 3145 3305 3335 3245 3295 3385 3240]
COM8 1 46
4
[2455 2075 1775 2125 2350 2335 2170 1695] [3055 3220 3220 3215 2990 3000 3165 3225]
[2660 2230 1855 2010 2170 2305 2180 1680] [3125 3195 3230 3090 3125 3230 3120 3075]
[2645 2325 2005 1935 2000 2140 2165 1755] [2890 3200 3235 3200 3295 3155 3240 3125]
[2805 2260 2205 1875 1895 1965 1935 1695] [2685 3125 3265 3165 3190 3120 3270 3170]
[2815 2710 2400 1920 1755 1690 1885 1720] [2590 3180 3285 3195 3110 3225 3230 3140]
[2995 2800 2560 2055 1550 1740 1790 1695] [2515 3135 3165 3140 3195 3325 3330 3210]
[3005 2845 2505 2200 1815 1690 1675 1655] [2655 3065 3310 3250 3115 3150 3160 3350]
[3115 2845 2670 2195 1740 1615 1735 1440] [2960 3280 3290 3315 3075 3180 3350 3195]
COM3 0 47
4
[2660 2325 1935 1860 1880 1705 1655 1530] [3055 3220 3220 3215 2990 3000 3165 3225]
[2935 2770 2165 1905 1895 1620 1575 1525] [3125 3195 3230 3090 3125 3230 3120 3075]
[2655 2720 2285 2110 1750 1615 1550 1505] [2890 3200 3235 3200 3295 3155 3240 3125]
[2840 2690 2820 2375 2030 1665 1525 1375] [2685 3125 3265 3165 3190 3120 3270 3170]
[3040 2800 2755 2545 2310 1860 1635 1495] [2590 3180 3285 3195 3110 3225 3230 3140]
[2705 2765 3110 2720 2240 1885 1690 1385] [2515 3135 3165 3140 3195 3325 3330 3210]
[2830 3045 2930 2755 2270 1915 1505 1340] [2655 3065 3310 3250 3115 3150 3160 3350]
[2910 2945 2725 2860 2205 1765 1495 1360] [2960 3280 3290 3315 3075 3180 3350 3195]
COM8 1 48
4
[2660 2325 1935 1860 1880 1705 1655 1530] [2895 3075 3220 3175 3125 3140 3100 3290]
[2935 2770 2165 1905 1895 1620 1575 1525] [2525 3210 3225 3125 3150 3155 3220 2960]
[2655 2720 2285 2110 1750 1615 1550 1505] [2370 3030 3220 3135 3220 3120 3130 3195]
[2840 2690 2820 2375 2030 1665 1525 1375] [2295 2855 3125 3115 3225 3240 3315 3180]
[3040 2800 2755 2545 2310 1860 1635 1495] [2305 2945 3340 3210 3165 3240 3170 3320]
[2705 2765 3110 2720 2240 1885 1690 1385] [2365 2935 3260 3210 3175 3200 3275 3385]
[2830 3045 2930 2755 2270 1915 1505 1340] [2530 3270 3225 3275 3150 3175 3270 3315]
[2910 2945 2725 2860 2205 1765 1495 1360] [2710 3305 3290 3410 3290 3180 3255 3355]
COM3 0 49
4
[2810 2440 2225 2050 1900 1670 1730 1410] [2895 3075 3220 3175 3125 3140 3100 3290]
[3050 3025 2480 2455 2110 1845 1685 1495] [2525 3210 3225 3125 3150 3155 3220 2960]
[2795 2935 2825 2685 2445 2050 1960 1560] [2370 3030 3220 3135 3220 3120 3130 3195]
[2810 2795 2995 2935 2815 2435 2130 1775] [2295 2855 3125 3115 3225 3240 3315 3180]
[2730 2870 2920 2955 2790 2660 2390 2070] [2305 2945 3340 3210 3165 3240 3170 3320]
[3015 2985 3000 2770 2960 2845 2480 1905] [2365 2935 3260 3210 3175 3200 3275 3385]
[3070 2975 2935 2900 2815 2670 2150 1690] [2530 3270 3225 3275 3150 3175 3270 3315]
[2845 2935 2905 2890 2800 2620 2055 1705] [2710 3305 3290 3410 3290 3180 3255 3355]
COM8 1 50
4
[2810 2440 2225 2050 1900 1670 1730 1410] [2685 2995 3145 3060 3170 3095 3075 3250]
[3050 3025 2480 2455 2110 1845 1685 1495] [2370 2710 3115 3045 3080 3160 3095 3160]
[2795 2935 2825 2685 2445 2050 1960 1560] [2055 2445 2780 2995 3210 3120 3185 3075]
[2810 2795 2995 2935 2815 2435 2130 1775] [1755 2045 2545 2945 3100 3105 3235 3185]
[2730 2870 2920 2955 2790 2660 2390 2070] [1695 2010 2485 2815 3190 3180 3250 3180]
[3015 2985 3000 2770 2960 2845 2480 1905] [1695 2060 2465 3065 3090 3275 3270 3270]
[3070 2975 2935 2900 2815 2670 2150 1690] [1880 2390 2755 3035 3360 3295 3230 3365]
[2845 2935 2905 2890 2800 2620 2055 1705] [2055 2455 3070 3335 3195 3195 3115 3185]
COM3 0 51
4
[2875 2650 2540 2275 2060 1825 1625 1440] [2685 2995 3145 3060 3170 3095 3075 3250]
[2865 2715 2580 2345 2090 1775 1420 1480] [2370 2710 3115 3045 3080 3160 3095 3160]
[2890 2895 2730 2415 2180 1920 1700 1565] [2055 2445 2780 2995 3210 3120 3185 3075]
[3005 3010 2920 2585 2425 2125 1985 1575] [1755 2045 2545 2945 3100 3105 3235 3185]
[2965 2970 2925 2945 2770 2480 2370 1785] [1695 2010 2485 2815 3190 3180 3250 3180]
[3050 2990 2990 2965 2885 2800 2510 1660] [1695 2060 2465 3065 3090 3275 3270 3270]
[2895 3215 2925 3050 2810 2990 2300 1765] [1880 2390 2755 3035 3360 3295 3230 3365]
[2940 2965 2825 2815 2680 2915 2390 1805] [2055 2455 3070 3335 3195 3195 3115 3185]
COM8 1 52
4
[2875 2650 2540 2275 2060 1825 1625 1440] [3165 3150 3205 3045 3025 3170 2985 3230]
[2865 2715 2580 2345 2090 1775 1420 1480] [2675 3145 3180 3100 3075 3160 3080 3055]
[2890 2895 2730 2415 2180 1920 1700 1565] [2875 3110 3200 3160 3210 3010 3050 3075]
[3005 3010 2920 2585 2425 2125 1985 1575] [2495 2745 3010 2945 3070 3100 3125 3225]
[2965 2970 2925 2945 2770 2480 2370 1785] [2085 2285 2555 2800 3090 3070 3125 3270]
[3050 2990 2990 2965 2885 2800 2510 1660] [1905 2030 2145 2475 2855 3090 3265 3335]
[2895 3215 2925 3050 2810 2990 2300 1765] [1855 1865 2050 2205 2530 2925 3260 3315]
[2940 2965 2825 2815 2680 2915 2390 1805] [1785 1720 1895 2190 2530 3040 3255 3230]
COM3 0 53
4
[2970 2785 2790 2820 2695 2380 2020 1695] [3165 3150 3205 3045 3025 3170 2985 3230]
[3005 2880 2880 2960 2685 2420 1900 1590] [2675 3145 3180 3100 3075 3160 3080 3055]
[2810 2875 2895 2950 2725 2230 1865 1570] [2875 3110 3200 3160 3210 3010 3050 3075]
[2825 2915 2910 2945 2705 2120 1685 1475] [2495 2745 3010 2945 3070 3100 3125 3225]
[3025 2985 2975 2865 2625 1975 1685 1595] [2085 2285 2555 2800 3090 3070 3125 3270]
[2975 2860 3005 2835 2480 2340 1865 1415] [1905 2030 2145 2475 2855 3090 3265 3335]
[3130 2935 2950 2990 2670 2295 1670 1560] [1855 1865 2050 2205 2530 2925 3260 3315]
[3190 2975 2850 2825 2590 2630 1905 1635] [1785 1720 1895 2190 2530 3040 3255 3230]
COM8 1 54
4
[2970 2785 2790 2820 2695 2380 2020 1695] [2980 3095 3145 3170 3025 3010 3110 3145]
[3005 2880 2880 2960 2685 2420 1900 1590] [3010 3230 3155 3005 3105 3150 3130 3055]
[2810 2875 2895 2950 2725 2230 1865 1570] [2955 3120 3190 3100 3195 3000 3190 3015]
[2825 2915 2910 2945 2705 2120 1685 1475] [3035 3040 3180 3065 3130 3185 3140 3095]
[3025 2985 2975 2865 2625 1975 1685 1595] [3105 3285 3300 3060 3235 3205 3035 3300]
[2975 2860 3005 2835 2480 2340 1865 1415] [2545 2845 3125 3175 3150 3300 3170 3210]
[3130 2935 2950 2990 2670 2295 1670 1560] [2295 2515 2795 3090 3050 3085 3145 3370]
[3190 2975 2850 2825 2590 2630 1905 1635] [1995 2235 2365 2600 2830 3235 3255 3240]
COM3 0 55
4
[2950 2740 2875 2835 2815 2405 2085 1900] [2980 3095 3145 3170 3025 3010 3110 3145]
[2995 2935 2920 2820 2845 2395 2020 1720] [3010 3230 3155 3005 3105 3150 3130 3055]
[2850 3050 2990 2975 2740 2395 1960 1570] [2955 3120 3190 3100 3195 3000 3190 3015]
[2945 2800 2945 2905 2795 2285 1785 1595] [3035 3040 3180 3065 3130 3185 3140 3095]
[3045 2960 2955 2925 2740 2155 1780 1590] [3105 3285 3300 3060 3235 3205 3035 3300]
[2965 3025 2945 2720 2525 2095 1835 1480] [2545 2845 3125 3175 3150 3300 3170 3210]
[2960 3005 2930 3015 2575 2190 1870 1480] [2295 2515 2795 3090 3050 3085 3145 3370]
[2960 2840 3025 3005 2795 2390 1955 1640] [1995 2235 2365 2600 2830 3235 3255 3240]
COM8 1 56
4
[2950 2740 2875 2835 2815 2405 2085 1900] [3260 3150 3235 3175 3100 3200 3170 3255]
[2995 2935 2920 2820 2845 2395 2020 1720] [3065 3165 3265 3130 3080 3220 3130 3135]
[2850 3050 2990 2975 2740 2395 1960 1570] [3070 3080 3280 3170 3270 3150 3110 3150]
[2945 2800 2945 2905 2795 2285 1785 1595] [2940 3080 3150 3155 3205 3110 3160 3145]
[3045 2960 2955 2925 2740 2155 1780 1590] [2745 3155 3190 3150 3225 3230 3235 3310]
[2965 3025 2945 2720 2525 2095 1835 1480] [2705 3090 3105 3270 3160 3230 3340 3290]
[2960 3005 2930 3015 2575 2190 1870 1480] [2450 3035 3155 3190 3200 3225 3340 3385]
[2960 2840 3025 3005 2795 2390 1955 1640] [2165 2405 2775 3245 3030 3050 3090 3365]
COM3 0 57
4
[2890 2760 2905 2745 2585 2215 1985 1855] [3260 3150 3235 3175 3100 3200 3170 3255]
[3035 2955 2915 2865 2735 2300 1900 1695] [3065 3165 3265 3130 3080 3220 3130 3135]
[2935 2940 2815 2935 2675 2215 1865 1680] [3070 3080 3280 3170 3270 3150 3110 3150]
[2770 2905 2975 2820 2775 2265 1855 1505] [2940 3080 3150 3155 3205 3110 3160 3145]
[3075 2770 3000 2825 2755 2155 1915 1680] [2745 3155 3190 3150 3225 3230 3235 3310]
[3030 2915 2990 2885 2725 2310 1865 1530] [2705 3090 3105 3270 3160 3230 3340 3290]
[3060 2965 2995 3150 2715 2405 1850 1585] [2450 3035 3155 3190 3200 3225 3340 3385]
[3075 3105 2950 2825 3090 2345 2035 1700] [2165 2405 2775 3245 3030 3050 3090 3365]
COM8 1 58
4
[2890 2760 2905 2745 2585 2215 1985 1855] [3225 3235 3145 3205 3145 3180 3165 3305]
[3035 2955 2915 2865 2735 2300 1900 1695] [2995 3085 3125 3220 3185 3185 3175 3110]
[2935 2940 2815 2935 2675 2215 1865 1680] [2755 2965 3130 3090 3180 3040 3220 3065]
[2770 2905 2975 2820 2775 2265 1855 1505] [2600 2755 3245 3165 3180 3175 3255 3240]
[3075 2770 3000 2825 2755 2155 1915 1680] [2440 2720 3130 3175 3215 3180 3185 3215]
[3030 2915 2990 2885 2725 2310 1865 1530] [2010 2595 3140 3105 3220 3220 3305 3230]
[3060 2965 2995 3150 2715 2405 1850 1585] [2040 2330 2935 2985 3065 3215 3195 3260]
[3075 3105 2950 2825 3090 2345 2035 1700] [1995 2120 2340 2695 2845 3110 3285 3340]
COM3 0 59
4
[2775 2775 2865 2770 2740 2270 1875 1670] [3225 3235 3145 3205 3145 3180 3165 3305]
[2935 3035 2810 2980 2770 2340 1755 1605] [2995 3085 3125 3220 3185 3185 3175 3110]
[2920 2840 2945 2870 2775 2455 1960 1540] [2755 2965 3130 3090 3180 3040 3220 3065]
[2740 2885 3085 2970 2965 2510 2005 1545] [2600 2755 3245 3165 3180 3175 3255 3240]
[2930 2895 2830 2865 2825 2585 2120 1825] [2440 2720 3130 3175 3215 3180 3185 3215]
[3005 2855 3040 3120 2835 2805 2230 1605] [2010 2595 3140 3105 3220 3220 3305 3230]
[2835 2975 2895 2955 2870 2695 2060 1700] [2040 2330 2935 2985 3065 3215 3195 3260]
[3130 2920 2860 2965 2820 2680 2145 1670] [1995 2120 2340 2695 2845 3110 3285 3340]
COM8 1 60
4
[2775 2775 2865 2770 2740 2270 1875 1670] [3015 2835 2925 3000 3040 3000 3115 3210]
[2935 3035 2810 2980 2770 2340 1755 1605] [2340 2600 2745 3020 3120 3165 3100 3080]
[2920 2840 2945 2870 2775 2455 1960 1540] [2035 2220 2665 2920 3120 3155 3100 3205]
[2740 2885 3085 2970 2965 2510 2005 1545] [1930 2095 2670 3035 3070 3195 3205 3155]
[2930 2895 2830 2865 2825 2585 2120 1825] [1870 2100 2355 2695 3095 3175 3220 3225]
[3005 2855 3040 3120 2835 2805 2230 1605] [1835 2090 2185 2485 2615 3075 3270 3140]
[2835 2975 2895 2955 2870 2695 2060 1700] [1925 2170 2115 2170 2325 2735 3095 3345]
[3130 2920 2860 2965 2820 2680 2145 1670] [2120 2070 1990 1965 2115 2270 2800 3180]
COM3 0 61
4
[2915 2905 2660 2795 2670 2240 1860 1735] [3015 2835 2925 3000 3040 3000 3115 3210]
[2920 2995 2795 2950 2845 2465 1965 1495] [2340 2600 2745 3020 3120 3165 3100 3080]
[2915 2905 2915 2850 2780 2530 2060 1670] [2035 2220 2665 2920 3120 3155 3100 3205]
[2870 2935 2955 2995 2940 2710 2155 1760] [1930 2095 2670 3035 3070 3195 3205 3155]
[3155 2820 3100 3065 2940 2760 2350 1920] [1870 2100 2355 2695 3095 3175 3220 3225]
[2920 3045 3120 3040 2955 2905 2390 1860] [1835 2090 2185 2485 2615 3075 3270 3140]
[3005 2835 2810 2865 2730 2770 2435 1990] [1925 2170 2115 2170 2325 2735 3095 3345]
[3225 2975 2975 2700 2770 2655 2415 1870] [2120 2070 1990 1965 2115 2270 2800 3180]
COM8 1 62
4
[2915 2905 2660 2795 2670 2240 1860 1735] [2585 2520 2640 2750 2920 3110 3055 3315]
[2920 2995 2795 2950 2845 2465 1965 1495] [2325 2260 2435 2720 2970 3125 3075 3095]
[2915 2905 2915 2850 2780 2530 2060 1670] [2095 2110 2355 2755 3205 3085 3150 3060]
[2870 2935 2955 2995 2940 2710 2155 1760] [2145 2005 2200 2590 3075 3160 3105 3185]
[3155 2820 3100 3065 2940 2760 2350 1920] [2130 2165 2175 2295 2695 2975 3175 3280]
[2920 3045 3120 3040 2955 2905 2390 1860] [2080 2370 2120 2130 2400 2635 3295 3340]
[3005 2835 2810 2865 2730 2770 2435 1990] [2300 2385 2170 1985 2095 2395 2900 3170]
[3225 2975 2975 2700 2770 2655 2415 1870] [2245 2485 2355 2190 1945 2045 2470 2990]
COM3 0 63
4
[2835 2700 2865 2870 2735 2260 1920 1640] [2585 2520 2640 2750 2920 3110 3055 3315]
[2800 3125 3040 2775 2755 2320 1900 1635] [2325 2260 2435 2720 2970 3125 3075 3095]
[2770 2755 3100 2890 2815 2395 1950 1585] [2095 2110 2355 2755 3205 3085 3150 3060]
[2930 2940 2995 2865 2840 2520 2000 1585] [2145 2005 2200 2590 3075 3160 3105 3185]
[3005 2885 3035 2995 2855 2520 2095 1705] [2130 2165 2175 2295 2695 2975 3175 3280]
[2845 2710 3195 3100 2805 2695 2300 1670] [2080 2370 2120 2130 2400 2635 3295 3340]
[2980 3240 3025 3135 2765 2685 2415 1850] [2300 2385 2170 1985 2095 2395 2900 3170]
[3135 2975 3085 2845 2875 2825 2385 1855] [2245 2485 2355 2190 1945 2045 2470 2990]
COM8 1 64
4
[2835 2700 2865 2870 2735 2260 1920 1640] [2440 2410 2335 2520 2825 3150 3155 3270]
[2800 3125 3040 2775 2755 2320 1900 1635] [2315 2275 2320 2570 3040 3140 3120 3075]
[2770 2755 3100 2890 2815 2395 1950 1585] [2335 2245 2300 2655 3005 3155 3125 3075]
[2930 2940 2995 2865 2840 2520 2000 1585] [2530 2325 2230 2405 2650 3005 3135 3120]
[3005 2885 3035 2995 2855 2520 2095 1705] [2640 2495 2195 2105 2370 2770 3015 3240]
[2845 2710 3195 3100 2805 2695 2300 1670] [2535 2560 2215 2170 2200 2440 3005 2970]
[2980 3240 3025 3135 2765 2685 2415 1850] [2550 2805 2380 2090 2045 2240 2565 2920]
[3135 2975 3085 2845 2875 2825 2385 1855] [2285 2755 2525 2170 2010 2010 2340 2860]
COM3 0 65
4
[2765 2865 2800 2880 2695 2280 1945 1690] [2440 2410 2335 2520 2825 3150 3155 3270]
[2975 3170 2830 2925 2770 2410 1955 1690] [2315 2275 2320 2570 3040 3140 3120 3075]
[2725 2950 2920 2895 2760 2500 1985 1640] [2335 2245 2300 2655 3005 3155 3125 3075]
[2880 2945 2945 2870 2875 2570 1915 1700] [2530 2325 2230 2405 2650 3005 3135 3120]
[3090 2950 3130 2955 3035 2630 2270 1775] [2640 2495 2195 2105 2370 2770 3015 3240]
[2795 2910 3060 3085 2890 2720 2165 1730] [2535 2560 2215 2170 2200 2440 3005 2970]
[3025 3045 2780 3030 2795 3005 2390 1915] [2550 2805 2380 2090 2045 2240 2565 2920]
[3025 3010 2915 2735 2995 2835 2550 2035] [2285 2755 2525 2170 2010 2010 2340 2860]