COM3 0 6
4
[2195 1985 2470 2415 2870 2600 2910 2875] [3260 3300 3300 3355 3445 3025 3205 3135]
[2110 1985 2515 2780 2920 2815 2700 2910] [3275 3325 3405 3165 3190 3245 3180 3210]
[1940 2095 2385 2905 2750 2970 2810 2850] [3290 3110 3280 3230 3355 3215 3170 3235]
[2055 1890 2220 2535 2905 2935 2750 2925] [3420 3380 3225 3235 3165 3160 3255 3220]
[2190 2035 2170 2370 2525 2970 3205 3065] [3255 3230 3265 3160 3125 3255 3275 3395]
[2025 1785 2240 1980 2275 2535 3145 2790] [3310 3210 3340 3460 3445 3250 3290 3395]
[2100 2050 1940 1825 1945 2375 2595 2960] [3280 3480 3350 3210 3210 3390 3355 3365]
[2275 2310 1895 1915 1780 2190 2420 2835] [3545 3465 3320 3360 3185 3565 3355 3340]
COM8 1 7
4
[2195 1985 2470 2415 2870 2600 2910 2875] [3180 3135 3265 3125 3045 3140 3145 3220]
[2110 1985 2515 2780 2920 2815 2700 2910] [3165 3200 3275 3065 3115 3280 3110 3205]
[1940 2095 2385 2905 2750 2970 2810 2850] [3340 3100 3145 3110 3170 3065 3105 3085]
[2055 1890 2220 2535 2905 2935 2750 2925] [3215 2995 3180 3140 3205 3105 3325 3210]
[2190 2035 2170 2370 2525 2970 3205 3065] [3205 3160 3220 3100 3210 3155 3285 3115]
[2025 1785 2240 1980 2275 2535 3145 2790] [3125 3055 3360 3180 3115 3235 3265 3135]
[2100 2050 1940 1825 1945 2375 2595 2960] [3195 3345 3145 3200 3160 3215 3265 3325]
[2275 2310 1895 1915 1780 2190 2420 2835] [3405 3370 3355 3540 3445 3330 3335 3500]
COM3 0 8
4
[2095 2030 2485 2870 2730 2870 2875 2920] [3180 3135 3265 3125 3045 3140 3145 3220]
[2255 2100 2300 2775 2850 2970 2920 2990] [3165 3200 3275 3065 3115 3280 3110 3205]
[1925 2000 2050 2345 2775 2915 2860 2900] [3340 3100 3145 3110 3170 3065 3105 3085]
[2200 2145 1945 2265 2645 2875 2690 2855] [3215 2995 3180 3140 3205 3105 3325 3210]
[2195 1790 1740 2070 2410 2680 2915 2875] [3205 3160 3220 3100 3210 3155 3285 3115]
[2085 1985 2020 1995 2140 2385 2950 2940] [3125 3055 3360 3180 3115 3235 3265 3135]
[2255 2155 1995 1865 2105 2440 2590 2935] [3195 3345 3145 3200 3160 3215 3265 3325]
[1805 1990 1820 1645 2035 2295 3035 2860] [3405 3370 3355 3540 3445 3330 3335 3500]
COM8 1 9
4
[2095 2030 2485 2870 2730 2870 2875 2920] [3320 3315 3370 3295 3255 3225 3225 3175]
[2255 2100 2300 2775 2850 2970 2920 2990] [3390 3270 3335 3220 3200 3285 3275 2950]
[1925 2000 2050 2345 2775 2915 2860 2900] [3255 3245 3355 3085 3255 3175 3135 3155]
[2200 2145 1945 2265 2645 2875 2690 2855] [3280 3315 3535 3185 3240 3205 3170 3190]
[2195 1790 1740 2070 2410 2680 2915 2875] [3275 3420 3335 3215 3175 3300 3150 3235]
[2085 1985 2020 1995 2140 2385 2950 2940] [3100 3190 3205 3270 3140 3255 3110 3310]
[2255 2155 1995 1865 2105 2440 2590 2935] [3355 3455 3225 3265 3240 3260 3345 3095]
[1805 1990 1820 1645 2035 2295 3035 2860] [3290 3470 3345 3370 3385 3440 3395 3390]
COM3 0 10
4
[1945 2240 2545 2645 2735 2715 2925 2905] [3320 3315 3370 3295 3255 3225 3225 3175]
[1825 2055 2515 2755 2835 2860 2890 2615] [3390 3270 3335 3220 3200 3285 3275 2950]
[1515 1985 2195 2630 2740 2920 2780 2675] [3255 3245 3355 3085 3255 3175 3135 3155]
[1505 1805 2205 2640 2705 2925 2855 2665] [3280 3315 3535 3185 3240 3205 3170 3190]
[1460 1590 2005 2500 2755 2855 3010 2870] [3275 3420 3335 3215 3175 3300 3150 3235]
[1445 1460 1805 2285 2475 2770 2740 2900] [3100 3190 3205 3270 3140 3255 3110 3310]
[1405 1455 1865 2245 2575 3050 2855 2625] [3355 3455 3225 3265 3240 3260 3345 3095]
[1340 1405 1880 2155 2725 2970 3225 2810] [3290 3470 3345 3370 3385 3440 3395 3390]
COM8 1 11
4
[1945 2240 2545 2645 2735 2715 2925 2905] [3185 3165 3135 3205 3085 3095 3230 3290]
[1825 2055 2515 2755 2835 2860 2890 2615] [2975 3345 3190 3110 3235 3210 3180 3080]
[1515 1985 2195 2630 2740 2920 2780 2675] [3240 3325 3200 3090 3305 3095 3200 3215]
[1505 1805 2205 2640 2705 2925 2855 2665] [3335 3285 3270 3265 3165 3080 3225 3115]
[1460 1590 2005 2500 2755 2855 3010 2870] [3190 3380 3265 3225 3260 3230 3180 3335]
[1445 1460 1805 2285 2475 2770 2740 2900] [3075 3235 3405 3425 3115 3305 3305 3340]
[1405 1455 1865 2245 2575 3050 2855 2625] [3205 3385 3195 3340 3160 3025 3380 3400]
[1340 1405 1880 2155 2725 2970 3225 2810] [3190 3325 3425 3430 3455 3010 3270 3300]
COM3 0 12
4
[1810 2075 2595 2855 2740 2750 2910 2605] [3185 3165 3135 3205 3085 3095 3230 3290]
[1795 1995 2445 2805 2915 2905 2985 2905] [2975 3345 3190 3110 3235 3210 3180 3080]
[1405 1810 2285 2705 2735 2755 2795 2945] [3240 3325 3200 3090 3305 3095 3200 3215]
[1500 1580 2105 2200 2625 3015 2970 2995] [3335 3285 3270 3265 3165 3080 3225 3115]
[1705 1440 1660 2035 2385 2590 3155 2975] [3190 3380 3265 3225 3260 3230 3180 3335]
[1665 1480 1640 1545 2080 2255 2610 2805] [3075 3235 3405 3425 3115 3305 3305 3340]
[1700 1385 1350 1330 1620 2405 2345 2935] [3205 3385 3195 3340 3160 3025 3380 3400]
[1690 1350 1410 1455 1600 2250 2610 3085] [3190 3325 3425 3430 3455 3010 3270 3300]
COM8 1 13
4
[1810 2075 2595 2855 2740 2750 2910 2605] [3250 3350 3240 3205 2925 3125 3315 3155]
[1795 1995 2445 2805 2915 2905 2985 2905] [3265 3125 3135 3040 3110 3205 3170 2960]
[1405 1810 2285 2705 2735 2755 2795 2945] [3160 3300 3165 3060 3145 3190 3155 3010]
[1500 1580 2105 2200 2625 3015 2970 2995] [3215 3060 3240 3175 3110 3150 3195 3185]
[1705 1440 1660 2035 2385 2590 3155 2975] [3210 3380 3255 2970 3030 3385 3185 3420]
[1665 1480 1640 1545 2080 2255 2610 2805] [3130 3335 3200 3300 3110 3200 3200 3265]
[1700 1385 1350 1330 1620 2405 2345 2935] [3100 3240 3255 3045 3100 3240 3230 3350]
[1690 1350 1410 1455 1600 2250 2610 3085] [3180 3345 3335 3335 3090 3210 3355 3245]
COM3 0 14
4
[1870 2150 2760 2760 2860 2910 3035 2665] [3250 3350 3240 3205 2925 3125 3315 3155]
[1905 2285 2580 2875 2930 2945 2865 2975] [3265 3125 3135 3040 3110 3205 3170 2960]
[1760 2045 2480 2700 2775 2920 2935 2930] [3160 3300 3165 3060 3145 3190 3155 3010]
[1620 1865 2240 2550 2830 3095 2955 2905] [3215 3060 3240 3175 3110 3150 3195 3185]
[1460 1675 2140 2270 2665 2570 3090 3050] [3210 3380 3255 2970 3030 3385 3185 3420]
[1460 1775 1800 2060 2230 2560 2700 2945] [3130 3335 3200 3300 3110 3200 3200 3265]
[1705 1470 1695 1725 1985 2115 2150 2705] [3100 3240 3255 3045 3100 3240 3230 3350]
[1745 1535 1565 1445 1585 1690 2005 2170] [3180 3345 3335 3335 3090 3210 3355 3245]
COM8 1 15
4
[1870 2150 2760 2760 2860 2910 3035 2665] [3000 2990 3165 3095 3055 3225 3020 3265]
[1905 2285 2580 2875 2930 2945 2865 2975] [3100 3220 3325 3170 3075 3115 3075 2965]
[1760 2045 2480 2700 2775 2920 2935 2930] [3145 3095 3235 3080 3180 3025 3045 3085]
[1620 1865 2240 2550 2830 3095 2955 2905] [3020 3235 3110 3055 3100 3095 2950 3100]
[1460 1675 2140 2270 2665 2570 3090 3050] [3270 3130 3330 3105 3230 3195 3260 3100]
[1460 1775 1800 2060 2230 2560 2700 2945] [3025 3135 3205 3330 3155 3195 3225 3000]
[1705 1470 1695 1725 1985 2115 2150 2705] [3115 3405 3295 3140 3155 3165 3125 3090]
[1745 1535 1565 1445 1585 1690 2005 2170] [3310 3390 3255 3545 3220 3175 3135 2925]
COM3 0 16
4
[2160 2440 2910 2990 2895 2855 3025 3100] [3000 2990 3165 3095 3055 3225 3020 3265]
[2035 2335 2570 2900 2815 2920 2935 2905] [3100 3220 3325 3170 3075 3115 3075 2965]
[1825 2045 2625 2695 2990 2915 2815 3075] [3145 3095 3235 3080 3180 3025 3045 3085]
[1905 1960 2550 2825 3005 3035 2950 3055] [3020 3235 3110 3055 3100 3095 2950 3100]
[2105 2095 2395 2580 3025 2765 3015 3135] [3270 3130 3330 3105 3230 3195 3260 3100]
[1785 1865 2145 2595 2865 2905 3060 3295] [3025 3135 3205 3330 3155 3195 3225 3000]
[1715 1815 2215 2410 2510 2990 2890 2860] [3115 3405 3295 3140 3155 3165 3125 3090]
[1745 1695 1775 2245 2750 2980 3045 3025] [3310 3390 3255 3545 3220 3175 3135 2925]
COM8 1 17
4
[2160 2440 2910 2990 2895 2855 3025 3100] [3270 3155 3310 3195 3110 3060 3140 3265]
[2035 2335 2570 2900 2815 2920 2935 2905] [3260 3265 3465 3265 3225 3195 3035 3170]
[1825 2045 2625 2695 2990 2915 2815 3075] [3345 3400 3170 3270 3345 3200 3170 3110]
[1905 1960 2550 2825 3005 3035 2950 3055] [3300 3145 3420 3295 3220 3120 3075 3075]
[2105 2095 2395 2580 3025 2765 3015 3135] [3330 3460 3185 3075 3215 3275 3375 3380]
[1785 1865 2145 2595 2865 2905 3060 3295] [3110 3335 3155 3345 3200 3235 3270 3360]
[1715 1815 2215 2410 2510 2990 2890 2860] [3325 3375 3310 3185 3265 3225 3245 3375]
[1745 1695 1775 2245 2750 2980 3045 3025] [3570 3490 3285 3420 3270 3280 3145 3245]
COM3 0 18
4
[2005 1795 2585 2800 2670 2825 2935 2685] [3270 3155 3310 3195 3110 3060 3140 3265]
[2090 2220 2270 2845 2875 2920 2885 2805] [3260 3265 3465 3265 3225 3195 3035 3170]
[1880 1895 2300 2865 2760 2945 2920 2975] [3345 3400 3170 3270 3345 3200 3170 3110]
[1900 1985 2085 2595 2860 2780 2920 2765] [3300 3145 3420 3295 3220 3120 3075 3075]
[1960 1885 2300 2370 2870 2880 2850 2930] [3330 3460 3185 3075 3215 3275 3375 3380]
[1885 2025 2080 2480 2505 2695 2875 2945] [3110 3335 3155 3345 3200 3235 3270 3360]
[1835 1905 1945 2405 2775 2740 2730 2730] [3325 3375 3310 3185 3265 3225 3245 3375]
[2245 1450 1845 2335 2710 2900 2970 2765] [3570 3490 3285 3420 3270 3280 3145 3245]
COM8 1 19
4
[2005 1795 2585 2800 2670 2825 2935 2685] [3180 3290 3340 3260 3235 3215 3140 3310]
[2090 2220 2270 2845 2875 2920 2885 2805] [3255 3375 3230 3075 3215 3105 3180 3250]
[1880 1895 2300 2865 2760 2945 2920 2975] [3280 3105 3110 3145 3105 3195 3105 3095]
[1900 1985 2085 2595 2860 2780 2920 2765] [3165 3325 3130 3095 3085 3170 3335 3110]
[1960 1885 2300 2370 2870 2880 2850 2930] [3155 3350 3225 3150 3150 3205 3400 3315]
[1885 2025 2080 2480 2505 2695 2875 2945] [3040 3170 3350 3295 3230 3100 3275 3150]
[1835 1905 1945 2405 2775 2740 2730 2730] [3320 3450 3210 3290 3245 3300 3215 3315]
[2245 1450 1845 2335 2710 2900 2970 2765] [3055 3405 3095 3450 3295 3160 3260 3445]
COM3 0 20
4
[2125 1985 2470 2650 2875 2670 2810 2730] [3180 3290 3340 3260 3235 3215 3140 3310]
[2070 2045 2385 2720 3050 2800 2925 2890] [3255 3375 3230 3075 3215 3105 3180 3250]
[1875 1920 2170 2445 2740 2835 2770 2760] [3280 3105 3110 3145 3105 3195 3105 3095]
[2000 1910 2040 2350 2555 2785 2970 2995] [3165 3325 3130 3095 3085 3170 3335 3110]
[2255 2055 1940 2020 2470 2880 2905 2995] [3155 3350 3225 3150 3150 3205 3400 3315]
[2310 1995 1795 1920 2255 2410 2810 2985] [3040 3170 3350 3295 3230 3100 3275 3150]
[2185 1800 1440 1965 1935 2420 2745 2810] [3320 3450 3210 3290 3245 3300 3215 3315]
[2250 1795 1630 1560 1790 2345 2955 2820] [3055 3405 3095 3450 3295 3160 3260 3445]
COM8 1 21
4
[2125 1985 2470 2650 2875 2670 2810 2730] [3370 3160 3310 3180 3245 3085 3230 3295]
[2070 2045 2385 2720 3050 2800 2925 2890] [3105 3270 3160 3175 3190 3185 3190 3195]
[1875 1920 2170 2445 2740 2835 2770 2760] [3135 3380 3275 3060 3325 3115 3245 3075]
[2000 1910 2040 2350 2555 2785 2970 2995] [3275 3355 3225 3105 3180 3180 3220 3175]
[2255 2055 1940 2020 2470 2880 2905 2995] [3320 3345 3400 3190 3190 3300 3045 3200]
[2310 1995 1795 1920 2255 2410 2810 2985] [3430 3115 3190 3250 3240 3235 3370 3360]
[2185 1800 1440 1965 1935 2420 2745 2810] [3090 3415 3295 3290 3415 3260 3125 3425]
[2250 1795 1630 1560 1790 2345 2955 2820] [3310 3470 3320 3675 3175 3335 3245 3365]
COM3 0 22
4
[1990 1840 2190 2470 2525 2525 2710 2550] [3370 3160 3310 3180 3245 3085 3230 3295]
[2135 1805 1920 2170 2320 2400 2495 2620] [3105 3270 3160 3175 3190 3185 3190 3195]
[1885 1935 1655 1735 1940 1975 2225 2675] [3135 3380 3275 3060 3325 3115 3245 3075]
[2415 1780 1705 1555 1540 1830 2100 2500] [3275 3355 3225 3105 3180 3180 3220 3175]
[2130 1875 1645 1320 1510 1690 1985 2480] [3320 3345 3400 3190 3190 3300 3045 3200]
[2315 1720 1915 1470 1530 1660 1920 2145] [3430 3115 3190 3250 3240 3235 3370 3360]
[2225 1865 1700 1505 1525 1505 1580 1690] [3090 3415 3295 3290 3415 3260 3125 3425]
[2460 1765 1650 1530 1915 1670 1740 1565] [3310 3470 3320 3675 3175 3335 3245 3365]
COM8 1 23
4
[1990 1840 2190 2470 2525 2525 2710 2550] [3315 3150 3130 3225 3125 3075 3045 3075]
[2135 1805 1920 2170 2320 2400 2495 2620] [2990 3220 3170 3055 3110 3230 3150 3115]
[1885 1935 1655 1735 1940 1975 2225 2675] [3005 3115 3295 3105 3175 3050 3045 3015]
[2415 1780 1705 1555 1540 1830 2100 2500] [3170 3135 3415 3260 3045 3110 3175 3010]
[2130 1875 1645 1320 1510 1690 1985 2480] [3385 3160 3370 3135 3170 3070 3000 3340]
[2315 1720 1915 1470 1530 1660 1920 2145] [3020 3025 2895 3250 3040 3255 3300 3210]
[2225 1865 1700 1505 1525 1505 1580 1690] [3200 3445 3070 3265 3125 3205 3205 3305]
[2460 1765 1650 1530 1915 1670 1740 1565] [3090 3430 3275 3490 3150 3090 3350 3035]
COM3 0 24
4
[1930 1800 2010 1935 1675 1705 2035 2510] [3315 3150 3130 3225 3125 3075 3045 3075]
[2015 2095 1955 1850 1920 1780 1920 2370] [2990 3220 3170 3055 3110 3230 3150 3115]
[1885 1835 1835 1985 1985 1635 1740 2220] [3005 3115 3295 3105 3175 3050 3045 3015]
[2180 2035 2020 2030 1920 1565 1580 1710] [3170 3135 3415 3260 3045 3110 3175 3010]
[2505 1875 1905 1820 1780 1565 1675 1780] [3385 3160 3370 3135 3170 3070 3000 3340]
[2550 2010 1920 1885 1635 1700 1530 1430] [3020 3025 2895 3250 3040 3255 3300 3210]
[2810 2125 1700 1675 1855 1900 1605 1520] [3200 3445 3070 3265 3125 3205 3205 3305]
[2610 2030 1845 1830 1905 1955 1755 1475] [3090 3430 3275 3490 3150 3090 3350 3035]
COM8 1 25
4
[1930 1800 2010 1935 1675 1705 2035 2510] [3120 2955 3115 3105 3210 3065 3045 3315]
[2015 2095 1955 1850 1920 1780 1920 2370] [3235 2960 3165 3075 2910 3245 3125 3085]
[1885 1835 1835 1985 1985 1635 1740 2220] [3005 3245 3225 2950 3125 3065 3120 2975]
[2180 2035 2020 2030 1920 1565 1580 1710] [3150 2990 3290 3000 3115 3105 3180 3180]
[2505 1875 1905 1820 1780 1565 1675 1780] [3015 3195 3180 3105 3030 3215 3250 3110]
[2550 2010 1920 1885 1635 1700 1530 1430] [3095 3175 3170 3295 3225 3255 3210 3125]
[2810 2125 1700 1675 1855 1900 1605 1520] [3315 3245 3190 3260 3570 3095 3125 3405]
[2610 2030 1845 1830 1905 1955 1755 1475] [3415 3125 3215 3335 3295 3240 3300 3205]
COM3 0 26
4
[2200 1805 1550 1480 1690 1835 2405 2595] [3120 2955 3115 3105 3210 3065 3045 3315]
[2310 2020 1505 1535 1590 1775 2340 2650] [3235 2960 3165 3075 2910 3245 3125 3085]
[2385 1950 1755 1430 1380 1610 2155 2680] [3005 3245 3225 2950 3125 3065 3120 2975]
[2540 2325 1980 1415 1485 1595 1940 2515] [3150 2990 3290 3000 3115 3105 3180 3180]
[2720 2465 1870 1470 1505 1470 1870 2330] [3015 3195 3180 3105 3030 3215 3250 3110]
[2935 2440 2280 1720 1375 1490 1630 2030] [3095 3175 3170 3295 3225 3255 3210 3125]
[2920 2785 2155 1725 1440 1480 1650 1855] [3315 3245 3190 3260 3570 3095 3125 3405]
[2975 2890 2065 1590 1445 1385 1745 1935] [3415 3125 3215 3335 3295 3240 3300 3205]
COM8 1 27
4
[2200 1805 1550 1480 1690 1835 2405 2595] [3000 3240 3250 3195 3170 3110 3215 3280]
[2310 2020 1505 1535 1590 1775 2340 2650] [3095 3240 3325 3035 3130 3200 3245 3095]
[2385 1950 1755 1430 1380 1610 2155 2680] [2965 3120 3125 3100 3290 3110 3110 3215]
[2540 2325 1980 1415 1485 1595 1940 2515] [3230 3150 3330 3170 3205 3270 3170 3140]
[2720 2465 1870 1470 1505 1470 1870 2330] [3240 3380 3370 3040 3290 3140 3270 3305]
[2935 2440 2280 1720 1375 1490 1630 2030] [3210 3195 3205 3270 3240 3200 3300 3105]
[2920 2785 2155 1725 1440 1480 1650 1855] [3305 3225 3170 3175 3135 3260 3135 3515]
[2975 2890 2065 1590 1445 1385 1745 1935] [3245 3380 3270 3335 3280 3210 3420 3230]
COM3 0 28
4
[2515 2115 1570 1685 1715 2060 2555 2930] [3000 3240 3250 3195 3170 3110 3215 3280]
[2710 2375 1640 1770 1760 2015 2490 2850] [3095 3240 3325 3035 3130 3200 3245 3095]
[2795 2375 1980 1555 1555 1665 2105 2560] [2965 3120 3125 3100 3290 3110 3110 3215]
[2925 2585 2130 1685 1455 1490 1790 2000] [3230 3150 3330 3170 3205 3270 3170 3140]
[2640 2790 2390 1650 1475 1360 1640 1710] [3240 3380 3370 3040 3290 3140 3270 3305]
[2745 2620 2395 1655 1455 1405 1500 1390] [3210 3195 3205 3270 3240 3200 3300 3105]
[2730 2750 1940 1635 1445 1295 1260 1495] [3305 3225 3170 3175 3135 3260 3135 3515]
[2870 2570 2290 1525 1340 1330 1465 1580] [3245 3380 3270 3335 3280 3210 3420 3230]
COM8 1 29
4
[2515 2115 1570 1685 1715 2060 2555 2930] [3160 3165 3210 3180 3315 3055 3260 3275]
[2710 2375 1640 1770 1760 2015 2490 2850] [3025 3190 3305 3165 3135 3185 3070 3205]
[2795 2375 1980 1555 1555 1665 2105 2560] [2710 3095 3195 3170 3235 3140 3190 3080]
[2925 2585 2130 1685 1455 1490 1790 2000] [2415 2945 3380 3155 3245 3195 3365 3255]
[2640 2790 2390 1650 1475 1360 1640 1710] [2295 2705 3170 3050 3290 3230 3415 3325]
[2745 2620 2395 1655 1455 1405 1500 1390] [2145 2435 2890 3235 3040 3255 3260 3205]
[2730 2750 1940 1635 1445 1295 1260 1495] [2330 2775 3285 3065 3135 3400 3335 3280]
[2870 2570 2290 1525 1340 1330 1465 1580] [2755 2945 3155 3465 3395 3365 3445 3605]
COM3 0 30
4
[2520 2525 2070 1775 1435 1540 2040 2755] [3160 3165 3210 3180 3315 3055 3260 3275]
[2950 2620 2165 1820 1515 1600 1730 2215] [3025 3190 3305 3165 3135 3185 3070 3205]
[2780 2835 2335 1910 1490 1360 1530 1925] [2710 3095 3195 3170 3235 3140 3190 3080]
[3040 2880 2640 2030 1635 1345 1470 1590] [2415 2945 3380 3155 3245 3195 3365 3255]
[2970 2880 2720 2075 1670 1355 1415 1520] [2295 2705 3170 3050 3290 3230 3415 3325]
[2750 2640 2625 2235 1625 1435 1385 1270] [2145 2435 2890 3235 3040 3255 3260 3205]
[3005 2865 2785 2240 1760 1335 1245 1430] [2330 2775 3285 3065 3135 3400 3335 3280]
[2825 2640 2460 1760 1570 1325 1285 1405] [2755 2945 3155 3465 3395 3365 3445 3605]
COM8 1 31
4
[2520 2525 2070 1775 1435 1540 2040 2755] [3200 3250 3180 3125 3180 3255 3145 3075]
[2950 2620 2165 1820 1515 1600 1730 2215] [3020 3090 3165 3085 3155 3185 3030 2965]
[2780 2835 2335 1910 1490 1360 1530 1925] [3005 3210 3175 3110 3145 3065 3090 3085]
[3040 2880 2640 2030 1635 1345 1470 1590] [2935 3075 3350 3205 3030 3055 3075 3110]
[2970 2880 2720 2075 1670 1355 1415 1520] [2360 2985 3335 2910 3270 3225 3205 3200]
[2750 2640 2625 2235 1625 1435 1385 1270] [2050 2330 2895 3170 3005 3170 3345 3245]
[3005 2865 2785 2240 1760 1335 1245 1430] [1890 2340 2415 2870 3140 3335 3305 3385]
[2825 2640 2460 1760 1570 1325 1285 1405] [1955 1960 2425 2585 3020 3315 3220 3245]
COM3 0 32
4
[2790 2330 1960 1605 1575 1570 2165 2450] [3200 3250 3180 3125 3180 3255 3145 3075]
[2900 2610 2005 1705 1530 1595 1780 2185] [3020 3090 3165 3085 3155 3185 3030 2965]
[2665 2620 2150 1585 1455 1400 1735 2100] [3005 3210 3175 3110 3145 3065 3090 3085]
[2875 2965 2245 1810 1510 1370 1630 1810] [2935 3075 3350 3205 3030 3055 3075 3110]
[2805 2760 2600 1835 1595 1350 1550 1710] [2360 2985 3335 2910 3270 3225 3205 3200]
[2905 3045 2785 1810 1330 1490 1375 1470] [2050 2330 2895 3170 3005 3170 3345 3245]
[2790 2965 2575 2090 1490 1420 1380 1530] [1890 2340 2415 2870 3140 3335 3305 3385]
[3245 3150 2625 2150 1595 1305 1515 1535] [1955 1960 2425 2585 3020 3315 3220 3245]
COM8 1 33
4
[2790 2330 1960 1605 1575 1570 2165 2450] [3055 3155 3180 3180 3325 3065 3045 3195]
[2900 2610 2005 1705 1530 1595 1780 2185] [3100 3415 3230 3050 3190 3255 3310 3135]
[2665 2620 2150 1585 1455 1400 1735 2100] [3105 3005 3265 2970 3220 3100 3185 3015]
[2875 2965 2245 1810 1510 1370 1630 1810] [3310 3210 3275 3245 3265 3040 3235 3125]
[2805 2760 2600 1835 1595 1350 1550 1710] [3035 3330 3390 3200 3180 3140 3210 3385]
[2905 3045 2785 1810 1330 1490 1375 1470] [2555 2965 2955 3340 3170 3195 3250 3310]
[2790 2965 2575 2090 1490 1420 1380 1530] [2500 2915 3185 3215 3465 3195 3340 3420]
[3245 3150 2625 2150 1595 1305 1515 1535] [2155 2485 2765 3375 3295 2945 3250 3430]
COM3 0 34
4
[2825 2540 2010 1735 1635 1815 2570 2715] [3055 3155 3180 3180 3325 3065 3045 3195]
[3010 2590 1835 1705 1700 2030 2555 2750] [3100 3415 3230 3050 3190 3255 3310 3135]
[2640 2725 2300 1585 1670 1895 2235 2735] [3105 3005 3265 2970 3220 3100 3185 3015]
[2620 2805 2190 1620 1585 1650 1840 2185] [3310 3210 3275 3245 3265 3040 3235 3125]
[2850 2635 2255 1535 1530 1355 1800 2150] [3035 3330 3390 3200 3180 3140 3210 3385]
[2785 2670 2465 1620 1425 1420 1470 1580] [2555 2965 2955 3340 3170 3195 3250 3310]
[2730 2945 2405 1880 1430 1350 1305 1520] [2500 2915 3185 3215 3465 3195 3340 3420]
[2930 3025 2270 1895 1485 1275 1445 1380] [2155 2485 2765 3375 3295 2945 3250 3430]
COM8 1 35
4
[2825 2540 2010 1735 1635 1815 2570 2715] [3195 3035 3105 3260 3155 3170 3125 3035]
[3010 2590 1835 1705 1700 2030 2555 2750] [3080 3115 3140 3075 3115 3275 2975 3135]
[2640 2725 2300 1585 1670 1895 2235 2735] [2825 3195 3015 3130 3275 3025 3180 3155]
[2620 2805 2190 1620 1585 1650 1840 2185] [2555 2990 3235 3275 3175 3030 3105 3215]
[2850 2635 2255 1535 1530 1355 1800 2150] [2735 3135 3285 2910 3135 3220 3275 3325]
[2785 2670 2465 1620 1425 1420 1470 1580] [2640 3135 3110 3300 3100 3015 3105 3105]
[2730 2945 2405 1880 1430 1350 1305 1520] [2340 2900 3155 3345 3015 3200 3225 3440]
[2930 3025 2270 1895 1485 1275 1445 1380] [2195 2515 2915 3400 2950 3010 3355 3475]
COM3 0 36
4
[2915 2490 2285 1670 1760 1980 2320 3025] [3195 3035 3105 3260 3155 3170 3125 3035]
[2945 2730 2135 1725 1590 1905 2360 2625] [3080 3115 3140 3075 3115 3275 2975 3135]
[2825 2655 2045 1590 1575 1885 2345 2685] [2825 3195 3015 3130 3275 3025 3180 3155]
[2775 2585 2280 1670 1570 1795 2090 2810] [2555 2990 3235 3275 3175 3030 3105 3215]
[2865 2585 2395 1780 1570 1545 1905 2560] [2735 3135 3285 2910 3135 3220 3275 3325]
[2910 2990 2490 1985 1525 1680 1880 1880] [2640 3135 3110 3300 3100 3015 3105 3105]
[2985 2880 2495 2060 1535 1520 1500 1660] [2340 2900 3155 3345 3015 3200 3225 3440]
[2895 2855 2685 2185 1590 1520 1445 1635] [2195 2515 2915 3400 2950 3010 3355 3475]
COM8 1 37
4
[2915 2490 2285 1670 1760 1980 2320 3025] [3000 2985 3105 3110 3315 2990 3125 3195]
[2945 2730 2135 1725 1590 1905 2360 2625] [2750 2715 3005 3210 3180 3165 3140 3095]
[2825 2655 2045 1590 1575 1885 2345 2685] [2500 2685 3070 3065 3195 3150 3195 3065]
[2775 2585 2280 1670 1570 1795 2090 2810] [2135 2555 3100 3075 3045 2950 3245 3215]
[2865 2585 2395 1780 1570 1545 1905 2560] [2190 2660 3170 3010 2975 3240 3040 3260]
[2910 2990 2490 1985 1525 1680 1880 1880] [2025 2370 2770 3080 3150 3195 3250 3230]
[2985 2880 2495 2060 1535 1520 1500 1660] [2175 2245 2790 2965 3160 3265 3265 3345]
[2895 2855 2685 2185 1590 1520 1445 1635] [2300 2220 2270 2725 2920 3255 3275 3455]
COM3 0 38
4
[2700 2645 2075 1590 1705 1700 2510 2790] [3000 2985 3105 3110 3315 2990 3125 3195]
[2785 2855 2195 1985 1680 1765 2325 2680] [2750 2715 3005 3210 3180 3165 3140 3095]
[2895 2680 2410 1885 1425 1685 2015 2695] [2500 2685 3070 3065 3195 3150 3195 3065]
[3055 2805 2470 1945 1485 1570 1860 2240] [2135 2555 3100 3075 3045 2950 3245 3215]
[3115 2900 2545 1985 1630 1375 1715 2155] [2190 2660 3170 3010 2975 3240 3040 3260]
[3015 2870 2705 2170 1670 1545 1565 1645] [2025 2370 2770 3080 3150 3195 3250 3230]
[2870 2765 2740 2295 1635 1445 1410 1585] [2175 2245 2790 2965 3160 3265 3265 3345]
[2895 3065 3125 2320 1835 1405 1685 1620] [2300 2220 2270 2725 2920 3255 3275 3455]
COM8 1 39
4
[2700 2645 2075 1590 1705 1700 2510 2790] [2045 2490 2840 2970 3210 3175 3110 3170]
[2785 2855 2195 1985 1680 1765 2325 2680] [1950 2335 2995 3070 3140 3155 3185 3140]
[2895 2680 2410 1885 1425 1685 2015 2695] [1975 2080 2690 3040 3220 3055 3135 2995]
[3055 2805 2470 1945 1485 1570 1860 2240] [2190 2255 2330 2960 2970 3465 3255 3080]
[3115 2900 2545 1985 1630 1375 1715 2155] [2345 2205 2230 2455 3090 3015 3220 3175]
[3015 2870 2705 2170 1670 1545 1565 1645] [2330 2160 2035 2330 2570 3050 3060 3260]
[2870 2765 2740 2295 1635 1445 1410 1585] [2550 2225 2025 2025 2345 2740 3050 3245]
[2895 3065 3125 2320 1835 1405 1685 1620] [2200 1960 2010 2035 2225 2515 2990 3300]
COM3 0 40
4
[2660 2815 2325 1850 1555 1600 2385 2360] [2045 2490 2840 2970 3210 3175 3110 3170]
[2810 2680 2335 2030 1655 1605 1690 2205] [1950 2335 2995 3070 3140 3155 3185 3140]
[2925 2810 2395 2050 1580 1530 1635 2035] [1975 2080 2690 3040 3220 3055 3135 2995]
[2875 2780 2715 2340 1770 1435 1455 1695] [2190 2255 2330 2960 2970 3465 3255 3080]
[3055 2975 2865 2315 1800 1540 1475 1530] [2345 2205 2230 2455 3090 3015 3220 3175]
[2855 2765 2860 2670 2045 1475 1435 1500] [2330 2160 2035 2330 2570 3050 3060 3260]
[3030 2705 2800 2735 2100 1600 1365 1240] [2550 2225 2025 2025 2345 2740 3050 3245]
[3210 3160 2800 2570 1995 1535 1390 1350] [2200 1960 2010 2035 2225 2515 2990 3300]
COM8 1 41
4
[2660 2815 2325 1850 1555 1600 2385 2360] [2335 2380 2545 2925 3050 2975 3045 3075]
[2810 2680 2335 2030 1655 1605 1690 2205] [2245 2200 2430 2725 3090 3225 3145 3190]
[2925 2810 2395 2050 1580 1530 1635 2035] [2240 2085 2240 2430 3075 3050 3120 3145]
[2875 2780 2715 2340 1770 1435 1455 1695] [2480 2005 2155 2320 2680 3015 3235 2905]
[3055 2975 2865 2315 1800 1540 1475 1530] [2380 2140 2045 2085 2525 2940 3210 3110]
[2855 2765 2860 2670 2045 1475 1435 1500] [2400 1935 1915 2250 2470 2990 3220 3105]
[3030 2705 2800 2735 2100 1600 1365 1240] [2165 2070 2045 2075 2380 3030 3305 3335]
[3210 3160 2800 2570 1995 1535 1390 1350] [2125 2000 2130 2410 2560 3090 3325 3410]
COM3 0 42
4
[2765 2635 2445 1830 1670 1575 2035 2540] [2335 2380 2545 2925 3050 2975 3045 3075]
[2925 2895 2575 2025 1710 1560 1865 2265] [2245 2200 2430 2725 3090 3225 3145 3190]
[2705 2710 2805 2130 1675 1435 1665 2065] [2240 2085 2240 2430 3075 3050 3120 3145]
[3000 2750 2820 2330 1955 1585 1490 1875] [2480 2005 2155 2320 2680 3015 3235 2905]
[2730 2820 2925 2290 1875 1530 1530 1725] [2380 2140 2045 2085 2525 2940 3210 3110]
[2790 2695 3280 2520 2100 1890 1445 1385] [2400 1935 1915 2250 2470 2990 3220 3105]
[2830 2880 3015 2835 2175 1805 1440 1340] [2165 2070 2045 2075 2380 3030 3305 3335]
[3170 2670 2790 2645 2195 1745 1625 1430] [2125 2000 2130 2410 2560 3090 3325 3410]
COM8 1 43
4
[2765 2635 2445 1830 1670 1575 2035 2540] [2020 2320 2755 2995 3135 3175 3045 3180]
[2925 2895 2575 2025 1710 1560 1865 2265] [1940 2130 2545 2935 3010 3255 3115 2940]
[2705 2710 2805 2130 1675 1435 1665 2065] [1845 1970 2425 2815 3230 3170 3095 2995]
[3000 2750 2820 2330 1955 1585 1490 1875] [1950 2105 2330 2725 3015 3030 3165 2925]
[2730 2820 2925 2290 1875 1530 1530 1725] [1695 2035 2370 2555 3015 3225 3195 3215]
[2790 2695 3280 2520 2100 1890 1445 1385] [1725 1925 2465 2810 3105 3095 3250 3265]
[2830 2880 3015 2835 2175 1805 1440 1340] [1800 2295 2635 2965 3225 3235 3260 3295]
[3170 2670 2790 2645 2195 1745 1625 1430] [1980 2275 2750 3340 3155 3370 3350 3120]
COM3 0 44
4
[2835 2505 2725 2520 2250 1695 1665 1775] [2020 2320 2755 2995 3135 3175 3045 3180]
[2950 2835 2940 2750 2340 1880 1585 1610] [1940 2130 2545 2935 3010 3255 3115 2940]
[2925 2770 2985 2700 2455 2060 1575 1560] [1845 1970 2425 2815 3230 3170 3095 2995]
[2800 3040 2790 2840 2565 2125 1630 1485] [1950 2105 2330 2725 3015 3030 3165 2925]
[3140 2970 2880 2700 2835 2380 2175 1565] [1695 2035 2370 2555 3015 3225 3195 3215]
[2990 2940 3050 2855 2590 2570 2285 1575] [1725 1925 2465 2810 3105 3095 3250 3265]
[2695 2990 3135 3095 2905 2755 2380 1625] [1800 2295 2635 2965 3225 3235 3260 3295]
[2970 2910 2960 2965 3140 2815 2535 1850] [1980 2275 2750 3340 3155 3370 3350 3120]
COM8 1 45
4
[2835 2505 2725 2520 2250 1695 1665 1775] [2050 2430 2830 3130 3090 3175 3020 3240]
[2950 2835 2940 2750 2340 1880 1585 1610] [1860 2205 2670 2925 3120 3205 3135 3125]
[2925 2770 2985 2700 2455 2060 1575 1560] [1695 2010 2330 2960 3235 3125 3100 3095]
[2800 3040 2790 2840 2565 2125 1630 1485] [1635 1620 2245 2745 3140 3075 3065 3170]
[3140 2970 2880 2700 2835 2380 2175 1565] [1665 1760 2115 2620 3165 3220 3155 3175]
[2990 2940 3050 2855 2590 2570 2285 1575] [1455 1680 2140 2725 3020 3255 3260 3240]
[2695 2990 3135 3095 2905 2755 2380 1625] [1495 1800 2285 2810 3085 3315 3225 3315]
[2970 2910 2960 2965 3140 2815 2535 1850] [1680 1880 2425 2940 3105 3245 3310 3250]
COM3 0 46
4
[2850 2720 2655 2750 2385 2125 1840 1645] [2050 2430 2830 3130 3090 3175 3020 3240]
[2840 2910 2680 2845 2910 2595 2120 1640] [1860 2205 2670 2925 3120 3205 3135 3125]
[2685 3055 2895 2930 2865 2860 2510 1870] [1695 2010 2330 2960 3235 3125 3100 3095]
[2720 2850 2970 2910 2840 2925 2665 2160] [1635 1620 2245 2745 3140 3075 3065 3170]
[2950 2720 3040 2825 2890 2665 3175 2735] [1665 1760 2115 2620 3165 3220 3155 3175]
[2700 3160 3025 2975 2840 3080 2965 2650] [1455 1680 2140 2725 3020 3255 3260 3240]
[2875 2880 3005 3105 2775 3075 3000 2655] [1495 1800 2285 2810 3085 3315 3225 3315]
[2945 3050 2950 2745 3210 3040 2995 2690] [1680 1880 2425 2940 3105 3245 3310 3250]
COM8 1 47
4
[2850 2720 2655 2750 2385 2125 1840 1645] [1975 2265 2635 2990 3210 3170 3045 3220]
[2840 2910 2680 2845 2910 2595 2120 1640] [1970 2105 2520 2895 2910 3205 3095 3200]
[2685 3055 2895 2930 2865 2860 2510 1870] [1825 1880 2320 2745 3080 2970 3170 3065]
[2720 2850 2970 2910 2840 2925 2665 2160] [1865 1795 2230 2590 2970 3015 3160 3110]
[2950 2720 3040 2825 2890 2665 3175 2735] [1685 1865 1940 2175 2725 3120 3100 3195]
[2700 3160 3025 2975 2840 3080 2965 2650] [1665 1695 1795 2185 2295 2830 3220 3305]
[2875 2880 3005 3105 2775 3075 3000 2655] [1690 1695 1770 1665 2020 2460 3035 3175]
[2945 3050 2950 2745 3210 3040 2995 2690] [1720 1605 1600 1625 1825 2275 2990 3120]
COM3 0 48
4
[2550 2765 2735 2890 2825 2645 2500 2100] [1975 2265 2635 2990 3210 3170 3045 3220]
[2865 3075 2900 2990 2795 2625 2525 1985] [1970 2105 2520 2895 2910 3205 3095 3200]
[2700 2825 3155 2775 2765 2720 2205 2005] [1825 1880 2320 2745 3080 2970 3170 3065]
[2900 2865 3110 2850 2785 2835 2345 1845] [1865 1795 2230 2590 2970 3015 3160 3110]
[2965 2985 3010 2985 2835 2675 2755 2205] [1685 1865 1940 2175 2725 3120 3100 3195]
[3015 2835 3045 2965 2995 2805 2985 2420] [1665 1695 1795 2185 2295 2830 3220 3305]
[2760 3025 2855 2935 2945 2810 2955 2865] [1690 1695 1770 1665 2020 2460 3035 3175]
[2970 3075 2700 2815 3320 2775 2890 2820] [1720 1605 1600 1625 1825 2275 2990 3120]
COM8 1 49
4
[2550 2765 2735 2890 2825 2645 2500 2100] [2045 2330 2675 3060 3220 3210 3000 3180]
[2865 3075 2900 2990 2795 2625 2525 1985] [1980 2210 2740 2945 3010 3135 3075 3010]
[2700 2825 3155 2775 2765 2720 2205 2005] [2005 2205 2670 2985 3175 3020 3075 3150]
[2900 2865 3110 2850 2785 2835 2345 1845] [1935 2155 2565 2895 3115 3120 3100 3150]
[2965 2985 3010 2985 2835 2675 2755 2205] [1885 2275 2390 2745 3035 3395 3130 3245]
[3015 2835 3045 2965 2995 2805 2985 2420] [1605 1905 2420 2895 3100 3295 3175 3410]
[2760 3025 2855 2935 2945 2810 2955 2865] [1880 2040 2295 2810 3015 3170 3155 3460]
[2970 3075 2700 2815 3320 2775 2890 2820] [1860 1855 2045 2500 2875 2955 3095 3295]
COM3 0 50
4
[2940 2905 2990 2895 2955 2900 2955 2765] [2045 2330 2675 3060 3220 3210 3000 3180]
[2895 2920 2815 2795 2935 2970 2900 2795] [1980 2210 2740 2945 3010 3135 3075 3010]
[2835 3080 3025 2820 2960 2955 2935 3080] [2005 2205 2670 2985 3175 3020 3075 3150]
[2975 2980 3050 2925 3000 2870 3070 2795] [1935 2155 2565 2895 3115 3120 3100 3150]
[2800 2885 3190 2895 2780 3010 2860 3065] [1885 2275 2390 2745 3035 3395 3130 3245]
[2905 2945 3295 2885 2955 2925 2895 2565] [1605 1905 2420 2895 3100 3295 3175 3410]
[3200 3115 2975 2895 2875 2985 2615 2625] [1880 2040 2295 2810 3015 3170 3155 3460]
[2895 2840 3160 3165 2965 3195 2970 2575] [1860 1855 2045 2500 2875 2955 3095 3295]
COM8 1 51
4
[2940 2905 2990 2895 2955 2900 2955 2765] [2145 2555 2850 3135 3275 3205 3275 3205]
[2895 2920 2815 2795 2935 2970 2900 2795] [2135 2400 2915 3020 3130 3185 3000 3190]
[2835 3080 3025 2820 2960 2955 2935 3080] [2135 2275 2730 2985 3210 2970 3095 3160]
[2975 2980 3050 2925 3000 2870 3070 2795] [2055 2155 2800 2980 3235 3175 3180 3105]
[2800 2885 3190 2895 2780 3010 2860 3065] [2020 2140 2600 2870 3175 3340 3040 3400]
[2905 2945 3295 2885 2955 2925 2895 2565] [1800 2105 2540 3110 3175 3200 3250 3205]
[3200 3115 2975 2895 2875 2985 2615 2625] [1905 2170 2600 2920 3175 3200 3245 3660]
[2895 2840 3160 3165 2965 3195 2970 2575] [1910 2000 2420 2820 3285 3330 3170 3275]
COM3 0 52
4
[2885 2775 2580 2855 2685 2790 2970 2765] [2145 2555 2850 3135 3275 3205 3275 3205]
[2850 2955 2610 2795 2875 2955 2840 2905] [2135 2400 2915 3020 3130 3185 3000 3190]
[2925 2750 2800 2920 2835 2925 2780 2925] [2135 2275 2730 2985 3210 2970 3095 3160]
[3055 2720 2930 3075 2825 2730 2955 2965] [2055 2155 2800 2980 3235 3175 3180 3105]
[2970 2825 2925 2905 2995 2855 3015 2990] [2020 2140 2600 2870 3175 3340 3040 3400]
[2885 2740 2880 2695 2840 2985 2920 2725] [1800 2105 2540 3110 3175 3200 3250 3205]
[2780 3010 2965 3040 3095 2800 2930 2655] [1905 2170 2600 2920 3175 3200 3245 3660]
[2720 2830 2965 2810 2680 2910 2995 2600] [1910 2000 2420 2820 3285 3330 3170 3275]
COM8 1 53
4
[2885 2775 2580 2855 2685 2790 2970 2765] [2125 2440 2810 3095 3135 2995 3160 3190]
[2850 2955 2610 2795 2875 2955 2840 2905] [2155 2180 2535 2770 2965 3195 3165 3110]
[2925 2750 2800 2920 2835 2925 2780 2925] [2165 2060 2360 2815 2995 3040 3150 3170]
[3055 2720 2930 3075 2825 2730 2955 2965] [2145 2115 2130 2555 2715 3075 3140 3300]
[2970 2825 2925 2905 2995 2855 3015 2990] [2170 2085 2185 2245 2715 3035 3185 3240]
[2885 2740 2880 2695 2840 2985 2920 2725] [1955 1705 1890 2415 2850 3205 3110 3290]
[2780 3010 2965 3040 3095 2800 2930 2655] [2015 1905 1935 2170 2950 3030 3260 3215]
[2720 2830 2965 2810 2680 2910 2995 2600] [1950 1905 1860 2290 2600 2950 3310 3210]
COM3 0 54
4
[2925 2955 2915 3000 2955 2765 2910 2750] [2125 2440 2810 3095 3135 2995 3160 3190]
[2745 2730 2770 2845 2935 2945 2845 2645] [2155 2180 2535 2770 2965 3195 3165 3110]
[3020 2980 2970 2945 2885 2790 2925 2905] [2165 2060 2360 2815 2995 3040 3150 3170]
[2790 2980 2995 2785 2890 2920 2945 2885] [2145 2115 2130 2555 2715 3075 3140 3300]
[3115 3035 3040 3060 2945 2885 2970 2990] [2170 2085 2185 2245 2715 3035 3185 3240]
[2725 3050 3245 2855 2730 2985 2955 2875] [1955 1705 1890 2415 2850 3205 3110 3290]
[3205 2990 2740 3170 2780 2735 2745 3070] [2015 1905 1935 2170 2950 3030 3260 3215]
[2795 3105 2805 3075 2920 2875 3195 2885] [1950 1905 1860 2290 2600 2950 3310 3210]
COM8 1 55
4
[2925 2955 2915 3000 2955 2765 2910 2750] [2030 2205 2500 2670 2680 2840 2905 3130]
[2745 2730 2770 2845 2935 2945 2845 2645] [2065 2045 2100 2305 2405 2715 2765 3060]
[3020 2980 2970 2945 2885 2790 2925 2905] [2235 2050 1885 1955 2330 2500 2740 2995]
[2790 2980 2995 2785 2890 2920 2945 2885] [2285 1930 1765 1695 2010 2440 2970 3030]
[3115 3035 3040 3060 2945 2885 2970 2990] [2210 1805 1635 1695 1880 2480 3020 3100]
[2725 3050 3245 2855 2730 2985 2955 2875] [2070 1860 1735 1860 1975 2340 3025 3035]
[3205 2990 2740 3170 2780 2735 2745 3070] [2060 2005 1765 1665 1825 2035 2525 3085]
[2795 3105 2805 3075 2920 2875 3195 2885] [2115 1945 1820 1850 1740 1795 2140 2690]
COM3 0 56
4
[3000 2690 3005 2960 2920 2790 2895 2790] [2030 2205 2500 2670 2680 2840 2905 3130]
[3000 3015 2710 2940 2920 2855 2935 2900] [2065 2045 2100 2305 2405 2715 2765 3060]
[3005 2960 3115 2930 2745 2885 2790 2900] [2235 2050 1885 1955 2330 2500 2740 2995]
[3000 2945 2910 2980 3030 3040 2885 2775] [2285 1930 1765 1695 2010 2440 2970 3030]
[2970 2855 3040 2925 3005 2990 3015 2990] [2210 1805 1635 1695 1880 2480 3020 3100]
[2875 3025 3225 3070 2975 2985 3060 2930] [2070 1860 1735 1860 1975 2340 3025 3035]
[3245 2945 3015 2935 3105 3260 2765 2895] [2060 2005 1765 1665 1825 2035 2525 3085]
[3125 2915 2870 2895 2825 2890 3125 2845] [2115 1945 1820 1850 1740 1795 2140 2690]
COM8 1 57
4
[3000 2690 3005 2960 2920 2790 2895 2790] [1925 2005 1720 1770 2060 2330 2920 3275]
[3000 3015 2710 2940 2920 2855 2935 2900] [2145 1865 1715 1730 1925 2405 2705 2945]
[3005 2960 3115 2930 2745 2885 2790 2900] [2230 2045 1715 1595 1940 2045 2620 3010]
[3000 2945 2910 2980 3030 3040 2885 2775] [2370 1870 1955 1695 1730 1880 2255 2710]
[2970 2855 3040 2925 3005 2990 3015 2990] [2400 1955 1890 1635 1650 1755 1975 2470]
[2875 3025 3225 3070 2975 2985 3060 2930] [2235 1750 1945 1985 1740 1725 1835 2110]
[3245 2945 3015 2935 3105 3260 2765 2895] [2245 2150 2025 2000 1710 1590 1720 2045]
[3125 2915 2870 2895 2825 2890 3125 2845] [2320 1970 1865 2000 1715 1595 1650 1740]
COM3 0 58
4
[2865 2750 2735 2810 2700 2740 2870 2850] [1925 2005 1720 1770 2060 2330 2920 3275]
[3075 2885 2965 2995 2815 2840 3020 2960] [2145 1865 1715 1730 1925 2405 2705 2945]
[2835 2860 2970 2920 2825 2925 2825 2890] [2230 2045 1715 1595 1940 2045 2620 3010]
[3055 2930 3025 3000 2960 3035 2885 2955] [2370 1870 1955 1695 1730 1880 2255 2710]
[3210 3025 2810 3000 3035 2895 3015 2975] [2400 1955 1890 1635 1650 1755 1975 2470]
[2860 2860 3035 2990 2755 2970 2920 2980] [2235 1750 1945 1985 1740 1725 1835 2110]
[2845 3160 2900 3030 3035 3055 2900 2955] [2245 2150 2025 2000 1710 1590 1720 2045]
[3145 2790 2970 3160 3070 3070 3035 3215] [2320 1970 1865 2000 1715 1595 1650 1740]
COM8 1 59
4
[2865 2750 2735 2810 2700 2740 2870 2850] [2100 1950 1880 1895 2190 2450 2810 3195]
[3075 2885 2965 2995 2815 2840 3020 2960] [2375 2000 1825 1805 1845 2285 2825 2950]
[2835 2860 2970 2920 2825 2925 2825 2890] [2360 1960 1830 1680 1820 2105 2535 3015]
[3055 2930 3025 3000 2960 3035 2885 2955] [2540 1985 1835 1670 1655 1875 2295 2715]
[3210 3025 2810 3000 3035 2895 3015 2975] [2495 2130 1900 1600 1630 1715 2240 2610]
[2860 2860 3035 2990 2755 2970 2920 2980] [2540 2200 1820 1905 1670 1695 2110 2435]
[2845 3160 2900 3030 3035 3055 2900 2955] [2605 2175 1805 1755 1655 1745 2120 2670]
[3145 2790 2970 3160 3070 3070 3035 3215] [2460 2140 1720 1695 1585 1690 2220 2665]
COM3 0 60
4
[2915 2830 2715 2870 2860 2885 2955 2845] [2100 1950 1880 1895 2190 2450 2810 3195]
[2875 2680 2920 2825 2920 2955 2770 2970] [2375 2000 1825 1805 1845 2285 2825 2950]
[2740 2980 2910 2905 2780 2955 2810 2900] [2360 1960 1830 1680 1820 2105 2535 3015]
[2980 2720 2905 2845 3095 2925 3000 2915] [2540 1985 1835 1670 1655 1875 2295 2715]
[2950 3075 3005 2905 2925 2740 3120 2930] [2495 2130 1900 1600 1630 1715 2240 2610]
[2745 2950 2950 3115 2805 2890 3145 2880] [2540 2200 1820 1905 1670 1695 2110 2435]
[3160 2995 2975 2770 2935 3050 2620 3030] [2605 2175 1805 1755 1655 1745 2120 2670]
[3250 2910 3100 2980 2945 2905 2945 3005] [2460 2140 1720 1695 1585 1690 2220 2665]
COM8 1 61
4
[2915 2830 2715 2870 2860 2885 2955 2845] [2530 1935 1835 1880 2380 2850 3005 3230]
[2875 2680 2920 2825 2920 2955 2770 2970] [2565 2085 1790 1780 2065 2670 2865 3160]
[2740 2980 2910 2905 2780 2955 2810 2900] [2860 2310 1775 1600 1985 2280 2745 2910]
[2980 2720 2905 2845 3095 2925 3000 2915] [2915 2350 1860 1705 1815 2270 2655 2840]
[2950 3075 3005 2905 2925 2740 3120 2930] [2840 2250 1805 1525 1725 1960 2455 3105]
[2745 2950 2950 3115 2805 2890 3145 2880] [2700 2045 1705 1720 1785 1995 2510 3035]
[3160 2995 2975 2770 2935 3050 2620 3030] [2535 2285 1825 1605 1695 2065 2855 3210]
[3250 2910 3100 2980 2945 2905 2945 3005] [2370 1845 1645 1660 1665 2070 2765 3240]
COM3 0 62
4
[2990 2745 2895 2960 2825 2840 3125 2875] [2530 1935 1835 1880 2380 2850 3005 3230]
[3015 2770 2935 2990 2935 2710 2865 2845] [2565 2085 1790 1780 2065 2670 2865 3160]
[2910 2805 2835 2860 2850 2865 2900 2950] [2860 2310 1775 1600 1985 2280 2745 2910]
[2950 2975 2935 2995 3030 2885 2895 2965] [2915 2350 1860 1705 1815 2270 2655 2840]
[3035 2870 2965 2920 3125 2890 3015 3185] [2840 2250 1805 1525 1725 1960 2455 3105]
[2800 2995 3005 2905 2960 2910 2975 2840] [2700 2045 1705 1720 1785 1995 2510 3035]
[3025 3010 2825 3045 2940 2985 3210 2750] [2535 2285 1825 1605 1695 2065 2855 3210]
[3390 3050 2875 3220 2960 2825 2945 3085] [2370 1845 1645 1660 1665 2070 2765 3240]
COM8 1 63
4
[2990 2745 2895 2960 2825 2840 3125 2875] [2790 2240 1885 1760 2100 2370 2745 2910]
[3015 2770 2935 2990 2935 2710 2865 2845] [2905 2285 1970 1695 1795 2115 2340 2535]
[2910 2805 2835 2860 2850 2865 2900 2950] [3005 2560 1995 1695 1660 1705 2075 2145]
[2950 2975 2935 2995 3030 2885 2895 2965] [3050 2575 2085 1795 1625 1645 1790 2000]
[3035 2870 2965 2920 3125 2890 3015 3185] [3120 2405 2060 1625 1580 1675 1670 1850]
[2800 2995 3005 2905 2960 2910 2975 2840] [2790 2330 1880 1685 1640 1675 1790 1985]
[3025 3010 2825 3045 2940 2985 3210 2750] [2685 2330 1840 1660 1610 1650 1805 2225]
[3390 3050 2875 3220 2960 2825 2945 3085] [2555 2105 1835 1640 1595 1625 1845 2240]
COM3 0 64
4
[3025 2695 2815 2645 2765 2785 2930 2910] [2790 2240 1885 1760 2100 2370 2745 2910]
[3010 2945 2860 2940 2785 2845 2985 2890] [2905 2285 1970 1695 1795 2115 2340 2535]
[2875 2785 2890 2935 2930 3025 2870 2975] [3005 2560 1995 1695 1660 1705 2075 2145]
[3055 2945 2930 2950 2990 2970 2900 2660] [3050 2575 2085 1795 1625 1645 1790 2000]
[2935 3035 3150 2925 3035 2910 2940 3060] [3120 2405 2060 1625 1580 1675 1670 1850]
[2920 3170 3190 2985 2855 2870 3125 2880] [2790 2330 1880 1685 1640 1675 1790 1985]
[3000 3015 2860 2900 2935 2990 2935 2915] [2685 2330 1840 1660 1610 1650 1805 2225]
[2950 2775 2750 2845 2800 2975 3235 2825] [2555 2105 1835 1640 1595 1625 1845 2240]
COM8 1 65
4
[3025 2695 2815 2645 2765 2785 2930 2910] [2800 2350 1840 1795 2205 2500 2745 3065]
[3010 2945 2860 2940 2785 2845 2985 2890] [2935 2515 2070 1820 1840 2255 2530 2700]
[2875 2785 2890 2935 2930 3025 2870 2975] [3165 2580 2115 1780 1845 1920 2185 2390]
[3055 2945 2930 2950 2990 2970 2900 2660] [3240 2735 2255 1730 1710 1600 1965 2070]
[2935 3035 3150 2925 3035 2910 2940 3060] [3135 2840 2170 1655 1725 1625 1870 2050]
[2920 3170 3190 2985 2855 2870 3125 2880] [3100 2660 2100 1885 1720 1745 1805 1920]
[3000 3015 2860 2900 2935 2990 2935 2915] [2975 2575 2085 1820 1650 1635 1895 1905]
[2950 2775 2750 2845 2800 2975 3235 2825] [2860 2370 1970 1705 1580 1695 1860 1850]