COM3 0 6
4
[2730 2605 2660 2940 2740 2620 2640 2910] [3355 3370 3180 3235 3200 3130 3190 3285]
[2715 2625 2480 2775 2755 2765 2700 2755] [3275 3300 3310 3240 3150 3270 3305 3125]
[2375 2675 2510 2775 2885 2835 2760 2770] [3250 3305 3185 3175 3205 3135 3255 3145]
[2395 2245 2590 2630 2730 2835 2635 2565] [3285 3390 3250 3240 3255 3350 3050 3130]
[2200 2050 2475 2475 2930 2845 3010 2860] [3440 3285 3435 3170 3290 3245 3235 3290]
[1820 1825 2305 2625 2590 2810 2885 2500] [3085 3225 3120 3325 3225 3285 3240 3295]
[1960 1890 2080 2455 2510 2810 2505 2580] [3230 3345 3350 3310 3130 3200 3375 3265]
[1920 1800 1835 2270 2240 2575 2740 2870] [3455 3240 3345 3485 3320 3330 3195 3310]
COM8 1 7
4
[2730 2605 2660 2940 2740 2620 2640 2910] [2820 3120 3075 3075 3180 2880 3075 3060]
[2715 2625 2480 2775 2755 2765 2700 2755] [2990 3085 3155 3035 2975 3195 3070 3150]
[2375 2675 2510 2775 2885 2835 2760 2770] [3210 3035 3045 3020 3195 3000 2965 3150]
[2395 2245 2590 2630 2730 2835 2635 2565] [3150 3120 3010 3185 3145 2975 3105 3080]
[2200 2050 2475 2475 2930 2845 3010 2860] [2970 3210 3370 3060 3065 3050 3235 3140]
[1820 1825 2305 2625 2590 2810 2885 2500] [3150 3050 3210 3290 2955 3265 3345 3160]
[1960 1890 2080 2455 2510 2810 2505 2580] [3015 3330 3110 3115 3185 3155 3165 3190]
[1920 1800 1835 2270 2240 2575 2740 2870] [3210 3325 3190 3260 3060 3230 3145 3210]
COM3 0 8
4
[2865 2965 2725 2935 2885 2830 2950 2955] [2820 3120 3075 3075 3180 2880 3075 3060]
[2840 2960 2790 2970 2895 3015 2910 2935] [2990 3085 3155 3035 2975 3195 3070 3150]
[2870 2860 2580 2900 2605 2875 2835 3090] [3210 3035 3045 3020 3195 3000 2965 3150]
[2950 2815 2705 2680 2940 2945 3045 2985] [3150 3120 3010 3185 3145 2975 3105 3080]
[2640 2615 2655 2695 2795 2790 2935 3140] [2970 3210 3370 3060 3065 3050 3235 3140]
[2440 2320 2865 2695 2855 2870 2935 2915] [3150 3050 3210 3290 2955 3265 3345 3160]
[2215 1980 1945 2845 2825 2975 2775 2950] [3015 3330 3110 3115 3185 3155 3165 3190]
[2395 1845 2220 2445 2765 3080 2950 2920] [3210 3325 3190 3260 3060 3230 3145 3210]
COM8 1 9
4
[2865 2965 2725 2935 2885 2830 2950 2955] [3435 3285 3365 3270 3350 3180 3205 3375]
[2840 2960 2790 2970 2895 3015 2910 2935] [3320 3160 3345 3230 3275 3280 3255 3050]
[2870 2860 2580 2900 2605 2875 2835 3090] [3320 3295 3420 3260 3310 3220 3150 3215]
[2950 2815 2705 2680 2940 2945 3045 2985] [3240 3535 3285 3320 3210 3120 3280 3280]
[2640 2615 2655 2695 2795 2790 2935 3140] [3155 3370 3365 3115 3175 3235 3230 3230]
[2440 2320 2865 2695 2855 2870 2935 2915] [3165 3315 3165 3385 3325 3265 3225 3195]
[2215 1980 1945 2845 2825 2975 2775 2950] [3265 3470 3470 3350 3245 3240 3315 3125]
[2395 1845 2220 2445 2765 3080 2950 2920] [3390 3335 3345 3310 3330 3350 3435 3475]
COM3 0 10
4
[2745 2835 2785 2875 2865 2885 2855 2910] [3435 3285 3365 3270 3350 3180 3205 3375]
[3035 2930 3110 2855 2915 2970 2990 2865] [3320 3160 3345 3230 3275 3280 3255 3050]
[2820 2900 2995 2730 2760 2860 2815 2925] [3320 3295 3420 3260 3310 3220 3150 3215]
[2810 2675 2845 2660 2740 2750 2825 2805] [3240 3535 3285 3320 3210 3120 3280 3280]
[2940 2560 2450 2615 2770 2745 2795 2965] [3155 3370 3365 3115 3175 3235 3230 3230]
[2240 2350 2160 2300 2745 2675 2965 2920] [3165 3315 3165 3385 3325 3265 3225 3195]
[2360 1990 2000 2445 2505 2870 2780 3025] [3265 3470 3470 3350 3245 3240 3315 3125]
[2340 2055 1940 2055 2490 2770 2760 3005] [3390 3335 3345 3310 3330 3350 3435 3475]
COM8 1 11
4
[2745 2835 2785 2875 2865 2885 2855 2910] [3165 3150 3170 3230 3120 3040 3200 3200]
[3035 2930 3110 2855 2915 2970 2990 2865] [3050 3270 3185 3075 3135 3200 3205 3105]
[2820 2900 2995 2730 2760 2860 2815 2925] [3105 3225 3205 3240 3150 3135 3050 3095]
[2810 2675 2845 2660 2740 2750 2825 2805] [3270 3020 3070 3270 3040 3110 3270 3210]
[2940 2560 2450 2615 2770 2745 2795 2965] [3280 3270 3145 3045 3180 3160 3295 3135]
[2240 2350 2160 2300 2745 2675 2965 2920] [3145 3265 3150 3340 3140 3245 3280 3250]
[2360 1990 2000 2445 2505 2870 2780 3025] [3160 3195 3275 3015 3055 3260 3290 3365]
[2340 2055 1940 2055 2490 2770 2760 3005] [3350 3280 3455 3390 3255 3180 3350 3415]
COM3 0 12
4
[2925 2910 2770 2830 2810 2740 2970 2720] [3165 3150 3170 3230 3120 3040 3200 3200]
[2910 2780 2640 2745 2755 2845 2835 2845] [3050 3270 3185 3075 3135 3200 3205 3105]
[2640 2525 2380 2465 2590 2735 2835 2845] [3105 3225 3205 3240 3150 3135 3050 3095]
[2370 2115 2310 2295 2610 2970 2990 2985] [3270 3020 3070 3270 3040 3110 3270 3210]
[2295 2235 2125 2050 2535 2715 3230 2990] [3280 3270 3145 3045 3180 3160 3295 3135]
[2480 2205 2065 2085 2235 2595 2855 2865] [3145 3265 3150 3340 3140 3245 3280 3250]
[2370 2435 2365 2115 2240 2415 2580 2810] [3160 3195 3275 3015 3055 3260 3290 3365]
[2180 2435 2385 2135 2125 2255 2390 2825] [3350 3280 3455 3390 3255 3180 3350 3415]
COM8 1 13
4
[2925 2910 2770 2830 2810 2740 2970 2720] [2820 2840 3035 3025 3070 2995 3085 3005]
[2910 2780 2640 2745 2755 2845 2835 2845] [2985 2975 3135 2975 2920 3080 2955 2900]
[2640 2525 2380 2465 2590 2735 2835 2845] [2995 3090 3040 2995 3155 3115 3040 3000]
[2370 2115 2310 2295 2610 2970 2990 2985] [3205 3005 3135 3095 3125 2945 3005 3100]
[2295 2235 2125 2050 2535 2715 3230 2990] [3190 3260 3125 2935 3170 2980 3020 3035]
[2480 2205 2065 2085 2235 2595 2855 2865] [2975 3065 3120 3125 3145 3240 3265 3225]
[2370 2435 2365 2115 2240 2415 2580 2810] [3160 3245 3230 3375 3150 3200 3155 3275]
[2180 2435 2385 2135 2125 2255 2390 2825] [3350 3235 3200 3245 2820 3160 3080 3085]
COM3 0 14
4
[2625 2350 2225 2430 2555 2830 3135 3105] [2820 2840 3035 3025 3070 2995 3085 3005]
[2710 2380 2265 2370 2580 2840 3120 3150] [2985 2975 3135 2975 2920 3080 2955 2900]
[2605 2295 2210 2210 2575 2885 2900 2970] [2995 3090 3040 2995 3155 3115 3040 3000]
[2700 2730 2375 2350 2450 2770 3100 3130] [3205 3005 3135 3095 3125 2945 3005 3100]
[2555 2795 2475 2125 2325 2540 3010 3120] [3190 3260 3125 2935 3170 2980 3020 3035]
[2555 2680 2465 2345 1840 2290 2725 3175] [2975 3065 3120 3125 3145 3240 3265 3225]
[2440 2715 2705 2540 2045 2025 2320 2735] [3160 3245 3230 3375 3150 3200 3155 3275]
[2145 2505 2500 2235 2045 1885 2270 2745] [3350 3235 3200 3245 2820 3160 3080 3085]
COM8 1 15
4
[2625 2350 2225 2430 2555 2830 3135 3105] [3030 3125 3065 3135 3260 3150 3085 3100]
[2710 2380 2265 2370 2580 2840 3120 3150] [3095 3085 3225 3135 3130 3205 3100 3095]
[2605 2295 2210 2210 2575 2885 2900 2970] [3040 2950 3045 3000 3190 3000 3130 3045]
[2700 2730 2375 2350 2450 2770 3100 3130] [3225 2945 3065 3185 3075 3145 3200 3170]
[2555 2795 2475 2125 2325 2540 3010 3120] [3220 3015 3200 3080 3120 3255 3210 3210]
[2555 2680 2465 2345 1840 2290 2725 3175] [3090 3170 3065 3235 3045 3265 3290 3140]
[2440 2715 2705 2540 2045 2025 2320 2735] [3135 3385 3270 3195 3320 3295 3155 3235]
[2145 2505 2500 2235 2045 1885 2270 2745] [3415 3445 3160 3355 3210 3140 3170 3260]
COM3 0 16
4
[2425 2235 2220 2200 2580 2755 2900 3115] [3030 3125 3065 3135 3260 3150 3085 3100]
[2610 2340 1905 2185 2480 2715 2835 2890] [3095 3085 3225 3135 3130 3205 3100 3095]
[2180 2170 2055 2045 2425 2825 2935 3290] [3040 2950 3045 3000 3190 3000 3130 3045]
[2320 2240 2135 1995 2110 2510 2750 3135] [3225 2945 3065 3185 3075 3145 3200 3170]
[2210 2245 2180 1930 2095 2435 3070 3030] [3220 3015 3200 3080 3120 3255 3210 3210]
[1670 1995 2060 1810 1805 2300 2645 2955] [3090 3170 3065 3235 3045 3265 3290 3140]
[1375 1865 1785 1765 1645 2260 2590 2875] [3135 3385 3270 3195 3320 3295 3155 3235]
[1610 1535 1630 1685 1785 2375 3015 3065] [3415 3445 3160 3355 3210 3140 3170 3260]
COM8 1 17
4
[2425 2235 2220 2200 2580 2755 2900 3115] [2935 2990 3035 3020 3210 2995 3150 3195]
[2610 2340 1905 2185 2480 2715 2835 2890] [2900 3085 3190 2975 2910 3085 3005 2980]
[2180 2170 2055 2045 2425 2825 2935 3290] [3020 3015 3110 2970 3165 3000 3065 2970]
[2320 2240 2135 1995 2110 2510 2750 3135] [2900 3235 3105 2980 3075 3040 3105 2985]
[2210 2245 2180 1930 2095 2435 3070 3030] [3065 3115 3145 3080 3040 3100 3170 3145]
[1670 1995 2060 1810 1805 2300 2645 2955] [3285 3150 3105 3200 2965 3090 3225 3225]
[1375 1865 1785 1765 1645 2260 2590 2875] [3005 3125 3035 3100 3255 3280 2895 3190]
[1610 1535 1630 1685 1785 2375 3015 3065] [3145 3235 3320 3310 2960 3040 3085 2990]
COM3 0 18
4
[1960 2070 2175 2615 2815 3040 3025 3160] [2935 2990 3035 3020 3210 2995 3150 3195]
[1860 1975 2135 2545 2825 3040 3205 3120] [2900 3085 3190 2975 2910 3085 3005 2980]
[1545 1575 2120 2290 2760 2920 3055 3270] [3020 3015 3110 2970 3165 3000 3065 2970]
[1575 1655 1840 2045 2610 2955 3080 2980] [2900 3235 3105 2980 3075 3040 3105 2985]
[1830 1565 1755 2000 2650 2865 3250 3235] [3065 3115 3145 3080 3040 3100 3170 3145]
[1620 1900 1655 1830 2360 2890 3115 3165] [3285 3150 3105 3200 2965 3090 3225 3225]
[1865 1640 1620 1955 2320 2720 3315 3115] [3005 3125 3035 3100 3255 3280 2895 3190]
[1935 1675 1640 1675 2420 2970 3135 2920] [3145 3235 3320 3310 2960 3040 3085 2990]
COM8 1 19
4
[1960 2070 2175 2615 2815 3040 3025 3160] [3465 3365 3430 3185 3220 3180 3295 3215]
[1860 1975 2135 2545 2825 3040 3205 3120] [3500 3445 3240 3290 3220 3210 3245 3055]
[1545 1575 2120 2290 2760 2920 3055 3270] [3340 3400 3225 3205 3280 3250 3170 3265]
[1575 1655 1840 2045 2610 2955 3080 2980] [3455 3655 3325 3170 3055 3285 3305 3130]
[1830 1565 1755 2000 2650 2865 3250 3235] [3400 3345 3310 3250 3170 3145 3210 3205]
[1620 1900 1655 1830 2360 2890 3115 3165] [2910 3435 3355 3200 3300 3315 3305 3265]
[1865 1640 1620 1955 2320 2720 3315 3115] [3365 3410 3400 3320 3410 3295 3275 3415]
[1935 1675 1640 1675 2420 2970 3135 2920] [3580 3410 3425 3455 3350 3255 3275 3435]
COM3 0 20
4
[1725 1840 2000 2285 2580 2665 2885 2790] [3465 3365 3430 3185 3220 3180 3295 3215]
[1750 1650 1900 2275 2560 2775 2715 2625] [3500 3445 3240 3290 3220 3210 3245 3055]
[1650 1700 1695 2125 2355 2765 2825 2770] [3340 3400 3225 3205 3280 3250 3170 3265]
[1665 1410 1585 1880 2320 2570 2700 2725] [3455 3655 3325 3170 3055 3285 3305 3130]
[2030 1755 1600 1720 1980 2315 2725 3015] [3400 3345 3310 3250 3170 3145 3210 3205]
[2205 1685 1690 1560 1650 1960 2435 2545] [2910 3435 3355 3200 3300 3315 3305 3265]
[2460 2025 1640 1520 1470 1760 2115 2585] [3365 3410 3400 3320 3410 3295 3275 3415]
[2530 1955 1560 1505 1450 1325 1900 2195] [3580 3410 3425 3455 3350 3255 3275 3435]
COM8 1 21
4
[1725 1840 2000 2285 2580 2665 2885 2790] [3140 3250 3280 3110 3260 3140 3085 3205]
[1750 1650 1900 2275 2560 2775 2715 2625] [3210 3310 3155 3150 3180 3235 3225 3145]
[1650 1700 1695 2125 2355 2765 2825 2770] [3125 3165 3320 3255 3235 3195 3260 3045]
[1665 1410 1585 1880 2320 2570 2700 2725] [3190 3290 3285 3185 3310 3040 3270 3110]
[2030 1755 1600 1720 1980 2315 2725 3015] [3435 3145 3365 3205 3135 3300 3170 3390]
[2205 1685 1690 1560 1650 1960 2435 2545] [3165 3310 3085 3385 3185 3220 3255 3310]
[2460 2025 1640 1520 1470 1760 2115 2585] [3275 3395 3285 3390 3210 3220 3210 3335]
[2530 1955 1560 1505 1450 1325 1900 2195] [3265 3280 3155 3355 3375 3200 3275 3450]
COM3 0 22
4
[2070 1805 2040 2370 2650 2735 2685 2765] [3140 3250 3280 3110 3260 3140 3085 3205]
[2355 1880 1820 2245 2645 2820 2855 2785] [3210 3310 3155 3150 3180 3235 3225 3145]
[2020 1620 2070 2210 2600 2805 2820 2810] [3125 3165 3320 3255 3235 3195 3260 3045]
[1855 1630 1825 2115 2455 2785 2715 2680] [3190 3290 3285 3185 3310 3040 3270 3110]
[1805 1535 1760 1715 2290 2525 2770 2680] [3435 3145 3365 3205 3135 3300 3170 3390]
[1880 1735 1690 1895 2185 2600 2670 2835] [3165 3310 3085 3385 3185 3220 3255 3310]
[2275 1765 1460 1720 1805 2375 2580 2710] [3275 3395 3285 3390 3210 3220 3210 3335]
[2380 1805 1605 1560 1815 2090 2410 2675] [3265 3280 3155 3355 3375 3200 3275 3450]
COM8 1 23
4
[2070 1805 2040 2370 2650 2735 2685 2765] [2890 3010 2895 2975 2965 3085 2950 3115]
[2355 1880 1820 2245 2645 2820 2855 2785] [2825 3245 2960 2975 2915 3165 2925 2945]
[2020 1620 2070 2210 2600 2805 2820 2810] [3020 3170 3130 3065 3185 2970 3000 3045]
[1855 1630 1825 2115 2455 2785 2715 2680] [3085 3170 3185 3130 3045 3055 3180 3165]
[1805 1535 1760 1715 2290 2525 2770 2680] [3270 3260 3245 3005 3215 3070 3195 3275]
[1880 1735 1690 1895 2185 2600 2670 2835] [3050 3275 2925 3315 3075 3135 3215 3040]
[2275 1765 1460 1720 1805 2375 2580 2710] [2955 3220 3250 3015 3050 3065 3205 3355]
[2380 1805 1605 1560 1815 2090 2410 2675] [3360 3285 3225 3160 2985 3210 3235 3155]
COM3 0 24
4
[2475 2250 2245 2525 2850 3055 3060 3020] [2890 3010 2895 2975 2965 3085 2950 3115]
[2435 2445 2090 2475 2750 3015 2915 2995] [2825 3245 2960 2975 2915 3165 2925 2945]
[2335 2220 2075 2440 2780 3010 3010 3100] [3020 3170 3130 3065 3185 2970 3000 3045]
[2610 2185 2275 2330 2620 3020 3055 3245] [3085 3170 3185 3130 3045 3055 3180 3165]
[2575 2175 1900 1985 2630 2660 3155 3120] [3270 3260 3245 3005 3215 3070 3195 3275]
[2550 2325 1955 2190 2570 2985 3020 3125] [3050 3275 2925 3315 3075 3135 3215 3040]
[2815 2075 1825 2095 2355 2675 3005 3045] [2955 3220 3250 3015 3050 3065 3205 3355]
[2835 2145 1980 1985 2450 2735 3035 3120] [3360 3285 3225 3160 2985 3210 3235 3155]
COM8 1 25
4
[2475 2250 2245 2525 2850 3055 3060 3020] [3025 3010 2955 3070 3040 2945 3025 3105]
[2435 2445 2090 2475 2750 3015 2915 2995] [2965 3145 3135 2955 2865 3150 2935 3100]
[2335 2220 2075 2440 2780 3010 3010 3100] [2950 3030 3025 3060 3015 2985 3035 2990]
[2610 2185 2275 2330 2620 3020 3055 3245] [3085 2935 2980 3100 2980 2975 3100 3070]
[2575 2175 1900 1985 2630 2660 3155 3120] [3150 3010 2975 3000 3040 3115 3070 3135]
[2550 2325 1955 2190 2570 2985 3020 3125] [2990 3140 3035 3110 2890 3125 3265 3060]
[2815 2075 1825 2095 2355 2675 3005 3045] [2995 3020 3165 3170 3145 2960 3075 3115]
[2835 2145 1980 1985 2450 2735 3035 3120] [3265 3310 2990 3190 3210 2970 3125 3245]
COM3 0 26
4
[2440 2260 2090 2315 2725 2770 2955 2995] [3025 3010 2955 3070 3040 2945 3025 3105]
[2485 2390 1950 2440 2750 2950 2925 2980] [2965 3145 3135 2955 2865 3150 2935 3100]
[2465 2275 2230 2265 2555 2930 3000 3180] [2950 3030 3025 3060 3015 2985 3035 2990]
[2740 2435 2145 2150 2395 2725 2855 3055] [3085 2935 2980 3100 2980 2975 3100 3070]
[2775 2375 2165 1730 2225 2585 2935 3195] [3150 3010 2975 3000 3040 3115 3070 3135]
[2735 2455 2115 1920 1980 2650 3040 2905] [2990 3140 3035 3110 2890 3125 3265 3060]
[2775 2310 1940 1955 1840 2390 2730 3175] [2995 3020 3165 3170 3145 2960 3075 3115]
[2965 2420 1770 1550 1855 2370 2730 2920] [3265 3310 2990 3190 3210 2970 3125 3245]
COM8 1 27
4
[2440 2260 2090 2315 2725 2770 2955 2995] [2740 2760 2895 2770 3000 2920 2915 3155]
[2485 2390 1950 2440 2750 2950 2925 2980] [2955 2980 2805 2825 2925 3035 2950 2950]
[2465 2275 2230 2265 2555 2930 3000 3180] [2780 2960 2870 2900 2950 2980 2945 2940]
[2740 2435 2145 2150 2395 2725 2855 3055] [2850 2970 3075 3000 2850 2985 3050 2840]
[2775 2375 2165 1730 2225 2585 2935 3195] [3195 3015 3065 2950 2820 2970 2950 3015]
[2735 2455 2115 1920 1980 2650 3040 2905] [2785 2755 2925 3115 2835 3000 3040 2990]
[2775 2310 1940 1955 1840 2390 2730 3175] [2880 2870 3010 2965 2835 3045 3145 3035]
[2965 2420 1770 1550 1855 2370 2730 2920] [3225 3245 2910 2970 3055 2980 2920 3235]
COM3 0 28
4
[2400 2100 2080 2390 2530 2875 3135 3020] [2740 2760 2895 2770 3000 2920 2915 3155]
[2740 2490 2270 2325 2550 2850 2995 2995] [2955 2980 2805 2825 2925 3035 2950 2950]
[2545 2375 2205 2150 2395 2615 2785 2970] [2780 2960 2870 2900 2950 2980 2945 2940]
[2755 2650 2285 1975 1980 2525 2655 2985] [2850 2970 3075 3000 2850 2985 3050 2840]
[2915 2530 2320 1645 1835 2075 2655 3210] [3195 3015 3065 2950 2820 2970 2950 3015]
[2750 2680 2190 1760 1705 2060 2485 3230] [2785 2755 2925 3115 2835 3000 3040 2990]
[2935 2585 2165 1570 1475 1870 2365 2960] [2880 2870 3010 2965 2835 3045 3145 3035]
[2945 2640 2255 1820 1615 1735 2410 2690] [3225 3245 2910 2970 3055 2980 2920 3235]
COM8 1 29
4
[2400 2100 2080 2390 2530 2875 3135 3020] [3270 3070 3070 2945 3105 3045 3040 3180]
[2740 2490 2270 2325 2550 2850 2995 2995] [3110 3105 3025 3125 2995 3210 3105 3085]
[2545 2375 2205 2150 2395 2615 2785 2970] [3045 2995 3030 3110 3200 3155 3125 3030]
[2755 2650 2285 1975 1980 2525 2655 2985] [3055 3205 3155 3135 2975 3075 3220 3035]
[2915 2530 2320 1645 1835 2075 2655 3210] [3225 3270 3230 2945 3170 2970 3050 3140]
[2750 2680 2190 1760 1705 2060 2485 3230] [3190 3040 3230 3180 3015 3290 3145 3185]
[2935 2585 2165 1570 1475 1870 2365 2960] [3265 3215 3110 3155 3205 3275 3345 3330]
[2945 2640 2255 1820 1615 1735 2410 2690] [3240 3155 3205 3335 3060 3190 3300 3305]
COM3 0 30
4
[2500 2050 1905 1790 2015 2190 2265 2750] [3270 3070 3070 2945 3105 3045 3040 3180]
[2760 2415 1655 1455 1735 1860 2270 2575] [3110 3105 3025 3125 2995 3210 3105 3085]
[2860 2445 2080 1450 1390 1525 2185 2840] [3045 2995 3030 3110 3200 3155 3125 3030]
[2875 2560 2030 1475 1460 1555 1840 2560] [3055 3205 3155 3135 2975 3075 3220 3035]
[3320 2370 2205 1625 1455 1500 1795 2215] [3225 3270 3230 2945 3170 2970 3050 3140]
[2915 2560 2350 1785 1560 1465 1640 1860] [3190 3040 3230 3180 3015 3290 3145 3185]
[2930 2510 2365 1815 1490 1445 1475 1460] [3265 3215 3110 3155 3205 3275 3345 3330]
[2805 2395 2175 1850 1570 1560 1650 1460] [3240 3155 3205 3335 3060 3190 3300 3305]
COM8 1 31
4
[2500 2050 1905 1790 2015 2190 2265 2750] [3025 2955 2835 2745 2935 2905 2930 2980]
[2760 2415 1655 1455 1735 1860 2270 2575] [2895 2960 3080 2770 2865 3080 2950 2925]
[2860 2445 2080 1450 1390 1525 2185 2840] [3005 3035 3105 2935 3040 2900 2965 3040]
[2875 2560 2030 1475 1460 1555 1840 2560] [3080 3020 3070 3015 3050 2885 2900 2900]
[3320 2370 2205 1625 1455 1500 1795 2215] [3065 3195 3100 2945 3010 3120 2970 3065]
[2915 2560 2350 1785 1560 1465 1640 1860] [2990 3300 3145 3035 2890 3015 2895 3070]
[2930 2510 2365 1815 1490 1445 1475 1460] [3145 2975 3270 3010 2995 2975 3075 3115]
[2805 2395 2175 1850 1570 1560 1650 1460] [3065 3215 3165 3075 3130 3095 3095 3040]
COM3 0 32
4
[2605 2315 1665 1550 1715 1965 2485 2945] [3025 2955 2835 2745 2935 2905 2930 2980]
[2470 2385 1600 1585 1685 1910 2440 2785] [2895 2960 3080 2770 2865 3080 2950 2925]
[2525 2105 1865 1530 1590 1715 1925 2390] [3005 3035 3105 2935 3040 2900 2965 3040]
[2725 2460 2210 1645 1585 1605 1815 2105] [3080 3020 3070 3015 3050 2885 2900 2900]
[2825 2520 2190 1630 1715 1560 1755 1935] [3065 3195 3100 2945 3010 3120 2970 3065]
[2745 2625 2430 1830 1660 1650 1630 1755] [2990 3300 3145 3035 2890 3015 2895 3070]
[3015 2715 2165 2045 1555 1610 1570 1675] [3145 2975 3270 3010 2995 2975 3075 3115]
[2905 2750 2335 1870 1800 1765 1735 1590] [3065 3215 3165 3075 3130 3095 3095 3040]
COM8 1 33
4
[2605 2315 1665 1550 1715 1965 2485 2945] [3005 3115 3240 3300 3135 3085 3080 3290]
[2470 2385 1600 1585 1685 1910 2440 2785] [3095 3240 3250 3060 3100 3175 3125 3115]
[2525 2105 1865 1530 1590 1715 1925 2390] [3105 3195 3150 3185 3215 3120 3190 3160]
[2725 2460 2210 1645 1585 1605 1815 2105] [3080 3365 3155 3205 3070 3105 3175 3140]
[2825 2520 2190 1630 1715 1560 1755 1935] [3225 3280 3140 3110 3145 3115 3375 3235]
[2745 2625 2430 1830 1660 1650 1630 1755] [3130 3060 3110 3395 3075 3120 3100 3070]
[3015 2715 2165 2045 1555 1610 1570 1675] [3050 3305 3165 3180 3355 3280 3290 3250]
[2905 2750 2335 1870 1800 1765 1735 1590] [3005 3025 3320 3325 3055 3095 3260 3235]
COM3 0 34
4
[2495 2360 1920 1645 1860 2100 2770 2820] [3005 3115 3240 3300 3135 3085 3080 3290]
[2725 2540 1915 1675 1700 2110 2430 2875] [3095 3240 3250 3060 3100 3175 3125 3115]
[2810 2585 2130 1675 1525 1835 2250 2595] [3105 3195 3150 3185 3215 3120 3190 3160]
[2870 2630 2170 1725 1585 1615 1900 2335] [3080 3365 3155 3205 3070 3105 3175 3140]
[2895 2815 2515 1940 1640 1520 1915 2385] [3225 3280 3140 3110 3145 3115 3375 3235]
[2990 2915 2680 2075 1575 1480 1545 1855] [3130 3060 3110 3395 3075 3120 3100 3070]
[3000 2785 2640 2320 1540 1480 1510 1920] [3050 3305 3165 3180 3355 3280 3290 3250]
[2715 3030 2435 1870 1730 1430 1475 1920] [3005 3025 3320 3325 3055 3095 3260 3235]
COM8 1 35
4
[2495 2360 1920 1645 1860 2100 2770 2820] [3500 3390 3400 3325 3295 3325 3220 3305]
[2725 2540 1915 1675 1700 2110 2430 2875] [3335 3350 3400 3390 3185 3330 3210 3210]
[2810 2585 2130 1675 1525 1835 2250 2595] [3280 3280 3300 3335 3430 3285 3205 3215]
[2870 2630 2170 1725 1585 1615 1900 2335] [3165 3075 3275 3460 3370 3265 3270 3200]
[2895 2815 2515 1940 1640 1520 1915 2385] [3210 3385 3335 3225 3205 3340 3215 3355]
[2990 2915 2680 2075 1575 1480 1545 1855] [3105 3235 3250 3405 3325 3325 3385 3365]
[3000 2785 2640 2320 1540 1480 1510 1920] [3150 3240 3405 3315 3460 3515 3555 3180]
[2715 3030 2435 1870 1730 1430 1475 1920] [3345 3395 3160 3515 3250 3250 3315 3495]
COM3 0 36
4
[2650 2075 1575 1540 1625 1960 2385 2470] [3500 3390 3400 3325 3295 3325 3220 3305]
[2700 2340 1715 1540 1585 1725 1965 2280] [3335 3350 3400 3390 3185 3330 3210 3210]
[2720 2565 2030 1430 1285 1535 1570 1965] [3280 3280 3300 3335 3430 3285 3205 3215]
[2800 2570 1975 1565 1435 1285 1580 1590] [3165 3075 3275 3460 3370 3265 3270 3200]
[2965 2770 2400 1680 1465 1245 1465 1555] [3210 3385 3335 3225 3205 3340 3215 3355]
[2690 2605 2315 1710 1345 1450 1450 1230] [3105 3235 3250 3405 3325 3325 3385 3365]
[2910 2575 2235 1675 1410 1225 1270 1275] [3150 3240 3405 3315 3460 3515 3555 3180]
[2965 2615 2300 1625 1415 1340 1390 1390] [3345 3395 3160 3515 3250 3250 3315 3495]
COM8 1 37
4
[2650 2075 1575 1540 1625 1960 2385 2470] [3145 3145 3200 3175 3125 3130 3205 3275]
[2700 2340 1715 1540 1585 1725 1965 2280] [2810 3050 3205 3100 3075 3130 3205 3155]
[2720 2565 2030 1430 1285 1535 1570 1965] [2845 2995 3045 3120 3230 2995 3115 2995]
[2800 2570 1975 1565 1435 1285 1580 1590] [2455 2900 3175 3195 3110 3070 3115 3240]
[2965 2770 2400 1680 1465 1245 1465 1555] [2240 2720 3040 3115 3145 3165 3210 3205]
[2690 2605 2315 1710 1345 1450 1450 1230] [2030 2555 2985 3210 3140 3350 3350 3155]
[2910 2575 2235 1675 1410 1225 1270 1275] [2165 2710 3180 3010 3420 3005 3330 3275]
[2965 2615 2300 1625 1415 1340 1390 1390] [2775 2960 3285 3185 3040 3220 3115 3395]
COM3 0 38
4
[2635 2250 1860 1535 1570 1715 2055 2505] [3145 3145 3200 3175 3125 3130 3205 3275]
[2995 2405 2070 1555 1465 1665 1820 2390] [2810 3050 3205 3100 3075 3130 3205 3155]
[2770 2505 2095 1410 1345 1545 1730 2205] [2845 2995 3045 3120 3230 2995 3115 2995]
[2700 2805 2255 1665 1520 1415 1595 1690] [2455 2900 3175 3195 3110 3070 3115 3240]
[2820 2800 2255 1635 1515 1390 1585 1700] [2240 2720 3040 3115 3145 3165 3210 3205]
[2970 3020 2530 1875 1490 1310 1520 1735] [2030 2555 2985 3210 3140 3350 3350 3155]
[2935 2720 2525 1905 1610 1470 1525 1715] [2165 2710 3180 3010 3420 3005 3330 3275]
[3160 2900 2420 1905 1570 1360 1635 1870] [2775 2960 3285 3185 3040 3220 3115 3395]
COM8 1 39
4
[2635 2250 1860 1535 1570 1715 2055 2505] [3365 3310 3500 3385 3275 3215 3240 3290]
[2995 2405 2070 1555 1465 1665 1820 2390] [3280 3340 3280 3195 3265 3340 3370 3210]
[2770 2505 2095 1410 1345 1545 1730 2205] [3115 3240 3240 3280 3365 3165 3245 3185]
[2700 2805 2255 1665 1520 1415 1595 1690] [3010 3130 3440 3200 3220 3245 3350 3120]
[2820 2800 2255 1635 1515 1390 1585 1700] [2290 2900 3290 3250 3225 3230 3240 3275]
[2970 3020 2530 1875 1490 1310 1520 1735] [2045 2470 2920 3255 3250 3240 3320 3295]
[2935 2720 2525 1905 1610 1470 1525 1715] [2060 2260 2765 3010 3165 3190 3400 3370]
[3160 2900 2420 1905 1570 1360 1635 1870] [1970 2005 2400 2845 3250 3205 3490 3550]
COM3 0 40
4
[2860 2050 1860 1725 1980 2215 2420 2335] [3365 3310 3500 3385 3275 3215 3240 3290]
[2890 2485 1770 1770 1745 2015 2440 2250] [3280 3340 3280 3195 3265 3340 3370 3210]
[2885 2390 1940 1540 1600 1880 2025 2170] [3115 3240 3240 3280 3365 3165 3245 3185]
[2630 2480 2050 1635 1515 1475 1580 1575] [3010 3130 3440 3200 3220 3245 3350 3120]
[2965 2640 2140 1565 1485 1350 1620 1615] [2290 2900 3290 3250 3225 3230 3240 3275]
[2745 2585 2305 1730 1470 1315 1500 1515] [2045 2470 2920 3255 3250 3240 3320 3295]
[2920 2640 2520 1985 1480 1415 1290 1520] [2060 2260 2765 3010 3165 3190 3400 3370]
[2620 2775 2395 1915 1535 1360 1450 1455] [1970 2005 2400 2845 3250 3205 3490 3550]
COM8 1 41
4
[2860 2050 1860 1725 1980 2215 2420 2335] [2725 2955 2975 3015 3025 2945 3080 3160]
[2890 2485 1770 1770 1745 2015 2440 2250] [2745 3060 3075 3050 3100 3040 2945 3100]
[2885 2390 1940 1540 1600 1880 2025 2170] [2965 3030 3025 3075 3175 2995 3060 2925]
[2630 2480 2050 1635 1515 1475 1580 1575] [2865 3065 3135 2955 3135 2960 3045 2980]
[2965 2640 2140 1565 1485 1350 1620 1615] [2945 3145 3140 3000 3180 3095 3130 3245]
[2745 2585 2305 1730 1470 1315 1500 1515] [2440 2870 3140 3265 3190 3100 3115 3260]
[2920 2640 2520 1985 1480 1415 1290 1520] [2075 2575 3090 2985 3195 3235 3015 3180]
[2620 2775 2395 1915 1535 1360 1450 1455] [1815 2225 2625 3175 3050 3225 3165 3250]
COM3 0 42
4
[2795 2775 2320 2080 1980 1975 2580 2995] [2725 2955 2975 3015 3025 2945 3080 3160]
[3080 2795 2275 2170 1815 2145 2510 3215] [2745 3060 3075 3050 3100 3040 2945 3100]
[2860 2625 2445 1940 1775 2025 2395 2805] [2965 3030 3025 3075 3175 2995 3060 2925]
[2980 2875 2565 1855 1665 1795 2070 2735] [2865 3065 3135 2955 3135 2960 3045 2980]
[2740 2735 2525 1955 1610 1615 1975 2360] [2945 3145 3140 3000 3180 3095 3130 3245]
[2830 2780 2690 1975 1635 1555 1645 1630] [2440 2870 3140 3265 3190 3100 3115 3260]
[3020 2810 2895 2365 1655 1610 1465 1480] [2075 2575 3090 2985 3195 3235 3015 3180]
[3295 2820 3045 2200 1660 1525 1645 1440] [1815 2225 2625 3175 3050 3225 3165 3250]
COM8 1 43
4
[2795 2775 2320 2080 1980 1975 2580 2995] [3025 3235 3210 3230 3095 3095 3135 3305]
[3080 2795 2275 2170 1815 2145 2510 3215] [2850 2985 3365 3195 3205 3205 3060 3215]
[2860 2625 2445 1940 1775 2025 2395 2805] [2760 3030 3165 3075 3285 3240 3090 2995]
[2980 2875 2565 1855 1665 1795 2070 2735] [2730 3145 3185 3110 3050 3090 3200 3165]
[2740 2735 2525 1955 1610 1615 1975 2360] [2785 3230 3270 3150 3140 3120 3225 3235]
[2830 2780 2690 1975 1635 1555 1645 1630] [2535 3010 3160 3180 3205 3220 3275 3150]
[3020 2810 2895 2365 1655 1610 1465 1480] [2335 2725 3245 3165 3155 3300 3075 3305]
[3295 2820 3045 2200 1660 1525 1645 1440] [2065 2365 2700 3240 3055 3270 3240 3435]
COM3 0 44
4
[2930 2630 2440 2250 1785 1800 2125 2770] [3025 3235 3210 3230 3095 3095 3135 3305]
[2840 2835 2605 2110 1735 1720 2185 2605] [2850 2985 3365 3195 3205 3205 3060 3215]
[2925 2675 2800 2045 1690 1670 1880 2460] [2760 3030 3165 3075 3285 3240 3090 2995]
[3025 2790 2705 2225 1875 1660 1970 2275] [2730 3145 3185 3110 3050 3090 3200 3165]
[2835 2985 2700 2265 2075 1590 1840 1890] [2785 3230 3270 3150 3140 3120 3225 3235]
[2900 3045 2920 2520 2010 1675 1600 1565] [2535 3010 3160 3180 3205 3220 3275 3150]
[2630 2810 2935 2565 2050 1565 1380 1415] [2335 2725 3245 3165 3155 3300 3075 3305]
[2975 2870 2770 2505 2150 1595 1545 1510] [2065 2365 2700 3240 3055 3270 3240 3435]
COM8 1 45
4
[2930 2630 2440 2250 1785 1800 2125 2770] [3025 3165 3165 3360 3255 3190 3290 3305]
[2840 2835 2605 2110 1735 1720 2185 2605] [2605 3075 3135 3290 3165 3175 3170 3165]
[2925 2675 2800 2045 1690 1670 1880 2460] [2510 2850 3240 3265 3300 3100 3170 3170]
[3025 2790 2705 2225 1875 1660 1970 2275] [2405 3020 3230 3210 3075 3325 3270 3265]
[2835 2985 2700 2265 2075 1590 1840 1890] [2210 2925 3205 3225 3120 3250 3360 3195]
[2900 3045 2920 2520 2010 1675 1600 1565] [2080 2555 2835 3270 3255 3355 3145 3230]
[2630 2810 2935 2565 2050 1565 1380 1415] [1985 2160 2355 2985 3160 3295 3490 3275]
[2975 2870 2770 2505 2150 1595 1545 1510] [2180 2115 2305 2505 3040 2975 3335 3475]
COM3 0 46
4
[2560 2715 2305 2255 1840 1535 1995 2570] [3025 3165 3165 3360 3255 3190 3290 3305]
[2660 2835 2430 2080 1760 1700 1610 2300] [2605 3075 3135 3290 3165 3175 3170 3165]
[2745 2835 2490 2130 1590 1510 1580 1945] [2510 2850 3240 3265 3300 3100 3170 3170]
[2895 2605 2795 2290 1770 1560 1530 1690] [2405 3020 3230 3210 3075 3325 3270 3265]
[3025 2720 2665 2420 2010 1560 1540 1755] [2210 2925 3205 3225 3120 3250 3360 3195]
[2925 2830 2850 2620 2130 1705 1415 1385] [2080 2555 2835 3270 3255 3355 3145 3230]
[2595 2960 2735 2765 2065 1595 1420 1295] [1985 2160 2355 2985 3160 3295 3490 3275]
[2860 3060 2835 2570 1985 1590 1425 1315] [2180 2115 2305 2505 3040 2975 3335 3475]
COM8 1 47
4
[2560 2715 2305 2255 1840 1535 1995 2570] [2060 2310 2875 3015 3155 3105 2980 3145]
[2660 2835 2430 2080 1760 1700 1610 2300] [1965 2410 2925 3105 3040 3180 3095 2990]
[2745 2835 2490 2130 1590 1510 1580 1945] [2060 2270 2585 3015 3275 3320 3140 3105]
[2895 2605 2795 2290 1770 1560 1530 1690] [2110 2080 2405 2765 3050 3095 3050 2960]
[3025 2720 2665 2420 2010 1560 1540 1755] [2115 2010 2095 2430 2850 2975 3070 3190]
[2925 2830 2850 2620 2130 1705 1415 1385] [2300 1960 1955 2170 2615 2985 3145 3325]
[2595 2960 2735 2765 2065 1595 1420 1295] [2505 2110 1915 1940 2185 2640 3035 3305]
[2860 3060 2835 2570 1985 1590 1425 1315] [2420 2255 2145 1980 2000 2330 2875 3395]
COM3 0 48
4
[2605 2745 2545 2300 1840 1680 2195 2590] [2060 2310 2875 3015 3155 3105 2980 3145]
[2895 2735 2725 2245 1805 1640 1905 2275] [1965 2410 2925 3105 3040 3180 3095 2990]
[2680 2935 2600 2260 1815 1585 1665 2055] [2060 2270 2585 3015 3275 3320 3140 3105]
[2965 3105 2770 2245 1970 1540 1590 1845] [2110 2080 2405 2765 3050 3095 3050 2960]
[3025 3040 3015 2670 2145 1670 1630 1810] [2115 2010 2095 2430 2850 2975 3070 3190]
[2995 2810 2905 2640 2150 1695 1410 1560] [2300 1960 1955 2170 2615 2985 3145 3325]
[2775 2780 2940 2830 2230 1595 1435 1670] [2505 2110 1915 1940 2185 2640 3035 3305]
[3100 2905 2850 2585 2360 1820 1450 1555] [2420 2255 2145 1980 2000 2330 2875 3395]
COM8 1 49
4
[2605 2745 2545 2300 1840 1680 2195 2590] [2260 2095 2385 2770 3050 3130 3210 3285]
[2895 2735 2725 2245 1805 1640 1905 2275] [2165 2060 2155 2610 2970 3170 3130 3190]
[2680 2935 2600 2260 1815 1585 1665 2055] [2410 1925 1880 2125 2815 3055 3125 3010]
[2965 3105 2770 2245 1970 1540 1590 1845] [2520 1900 1880 2140 2460 2955 3205 3125]
[3025 3040 3015 2670 2145 1670 1630 1810] [2345 2115 1795 1835 2300 2845 3180 3200]
[2995 2810 2905 2640 2150 1695 1410 1560] [2600 2210 1955 2080 2280 2680 3275 3155]
[2775 2780 2940 2830 2230 1595 1435 1670] [2575 2170 1895 2020 2110 2580 3145 3215]
[3100 2905 2850 2585 2360 1820 1450 1555] [2155 1885 1965 2120 2435 2870 3200 3275]
COM3 0 50
4
[2945 3030 2745 2385 1885 1615 2085 2550] [2260 2095 2385 2770 3050 3130 3210 3285]
[2975 2755 2840 2650 2195 1635 1830 2200] [2165 2060 2155 2610 2970 3170 3130 3190]
[2790 2835 3130 2685 2295 1910 1715 2075] [2410 1925 1880 2125 2815 3055 3125 3010]
[2765 2950 3105 2740 2450 1875 1770 1755] [2520 1900 1880 2140 2460 2955 3205 3125]
[2965 2965 3100 2670 2490 2105 1780 1575] [2345 2115 1795 1835 2300 2845 3180 3200]
[3005 3260 3005 3070 2655 2260 1965 1415] [2600 2210 1955 2080 2280 2680 3275 3155]
[2935 3120 3140 3315 2915 2570 1835 1590] [2575 2170 1895 2020 2110 2580 3145 3215]
[3100 2905 3065 2845 3170 2535 2150 1595] [2155 1885 1965 2120 2435 2870 3200 3275]
COM8 1 51
4
[2945 3030 2745 2385 1885 1615 2085 2550] [2035 1955 2235 2595 3035 3210 3135 3160]
[2975 2755 2840 2650 2195 1635 1830 2200] [1935 1975 2125 2595 2970 3305 3145 2950]
[2790 2835 3130 2685 2295 1910 1715 2075] [1965 1830 1945 2415 2960 2995 3060 3160]
[2765 2950 3105 2740 2450 1875 1770 1755] [1820 1590 1960 2290 2930 2980 3210 3050]
[2965 2965 3100 2670 2490 2105 1780 1575] [1690 1860 2020 2335 2760 3165 3200 3125]
[3005 3260 3005 3070 2655 2260 1965 1415] [1485 1720 1980 2345 2820 3240 3200 3250]
[2935 3120 3140 3315 2915 2570 1835 1590] [1665 1985 1940 2465 2965 3120 3230 3450]
[3100 2905 3065 2845 3170 2535 2150 1595] [1680 1810 2225 2660 3260 3030 3335 3310]
COM3 0 52
4
[2755 2965 2875 2865 2555 2105 1605 1505] [2035 1955 2235 2595 3035 3210 3135 3160]
[2900 2995 2805 2900 2845 2350 1765 1425] [1935 1975 2125 2595 2970 3305 3145 2950]
[2710 2710 2915 2840 2805 2410 1970 1560] [1965 1830 1945 2415 2960 2995 3060 3160]
[3050 2790 2960 3015 3000 2815 2245 1695] [1820 1590 1960 2290 2930 2980 3210 3050]
[2915 2835 2860 2875 2945 2845 2520 2155] [1690 1860 2020 2335 2760 3165 3200 3125]
[3015 3020 3005 2985 2855 3090 3115 2310] [1485 1720 1980 2345 2820 3240 3200 3250]
[2800 2880 2885 2875 3015 2835 2715 2525] [1665 1985 1940 2465 2965 3120 3230 3450]
[2970 3000 3175 2815 2965 2945 2790 2505] [1680 1810 2225 2660 3260 3030 3335 3310]
COM8 1 53
4
[2755 2965 2875 2865 2555 2105 1605 1505] [1735 1700 2065 2470 2945 3210 3025 3095]
[2900 2995 2805 2900 2845 2350 1765 1425] [1535 1725 2015 2400 2790 3175 3110 3140]
[2710 2710 2915 2840 2805 2410 1970 1560] [1485 1515 1830 2100 2815 2945 3115 3170]
[3050 2790 2960 3015 3000 2815 2245 1695] [1480 1465 1775 2060 2695 3055 3045 3125]
[2915 2835 2860 2875 2945 2845 2520 2155] [1455 1345 1590 1965 2555 2960 3045 3250]
[3015 3020 3005 2985 2855 3090 3115 2310] [1370 1315 1600 2145 2555 3195 3140 3200]
[2800 2880 2885 2875 3015 2835 2715 2525] [1355 1470 1795 2235 2895 3225 3140 3455]
[2970 3000 3175 2815 2965 2945 2790 2505] [1485 1460 1900 2340 3000 3115 3395 3375]
COM3 0 54
4
[2805 2880 2835 2820 2680 2625 2325 1895] [1735 1700 2065 2470 2945 3210 3025 3095]
[3185 3005 2915 2910 3035 2930 2670 2270] [1535 1725 2015 2400 2790 3175 3110 3140]
[3010 3060 2955 3015 2810 2955 2835 2515] [1485 1515 1830 2100 2815 2945 3115 3170]
[2865 3135 2930 3010 2900 2865 2895 2595] [1480 1465 1775 2060 2695 3055 3045 3125]
[3315 3070 3140 2960 2885 2905 2865 3165] [1455 1345 1590 1965 2555 2960 3045 3250]
[3110 3170 3105 3105 2935 3035 3240 2765] [1370 1315 1600 2145 2555 3195 3140 3200]
[3020 3140 3015 3075 3135 2975 3005 2950] [1355 1470 1795 2235 2895 3225 3140 3455]
[3095 3235 3390 3195 3105 3135 2890 3235] [1485 1460 1900 2340 3000 3115 3395 3375]
COM8 1 55
4
[2805 2880 2835 2820 2680 2625 2325 1895] [2035 2060 2320 2695 2955 3100 3025 3265]
[3185 3005 2915 2910 3035 2930 2670 2270] [1930 1935 2090 2420 2710 3135 3115 2985]
[3010 3060 2955 3015 2810 2955 2835 2515] [1875 1785 2045 2245 2690 3005 3195 3095]
[2865 3135 2930 3010 2900 2865 2895 2595] [1820 1655 1855 2280 2550 2980 3210 3080]
[3315 3070 3140 2960 2885 2905 2865 3165] [1815 1755 1805 1935 2470 2905 3255 3020]
[3110 3170 3105 3105 2935 3035 3240 2765] [1805 1675 1715 1880 2215 2830 3250 3160]
[3020 3140 3015 3075 3135 2975 3005 2950] [2000 1785 1720 1670 1845 2310 3035 3400]
[3095 3235 3390 3195 3105 3135 2890 3235] [2095 1625 1610 1590 1660 2185 2740 3280]
COM3 0 56
4
[2755 2715 2630 2865 2760 2895 2920 2705] [2035 2060 2320 2695 2955 3100 3025 3265]
[2795 2880 2745 2930 2765 2815 2770 2850] [1930 1935 2090 2420 2710 3135 3115 2985]
[2760 2840 2845 2835 2760 2935 2740 2565] [1875 1785 2045 2245 2690 3005 3195 3095]
[2915 2780 2770 2780 2895 3010 2720 2570] [1820 1655 1855 2280 2550 2980 3210 3080]
[2850 2755 2770 2595 2890 2840 2840 2755] [1815 1755 1805 1935 2470 2905 3255 3020]
[2855 2860 3045 2745 2850 2890 2940 2830] [1805 1675 1715 1880 2215 2830 3250 3160]
[3020 2835 2825 2890 2730 2975 2675 2825] [2000 1785 1720 1670 1845 2310 3035 3400]
[2635 2690 2755 2725 3050 3105 3040 2820] [2095 1625 1610 1590 1660 2185 2740 3280]
COM8 1 57
4
[2755 2715 2630 2865 2760 2895 2920 2705] [2020 2140 2345 2710 3055 3165 2990 3190]
[2795 2880 2745 2930 2765 2815 2770 2850] [2005 2045 2310 2635 3040 3135 3095 3075]
[2760 2840 2845 2835 2760 2935 2740 2565] [1895 1950 2195 2505 3110 2980 3120 3195]
[2915 2780 2770 2780 2895 3010 2720 2570] [1940 1725 2085 2535 2840 3070 3015 2980]
[2850 2755 2770 2595 2890 2840 2840 2755] [1770 1840 2070 2285 2755 2930 3075 3260]
[2855 2860 3045 2745 2850 2890 2940 2830] [1715 1725 1995 2385 2840 3195 3205 3135]
[3020 2835 2825 2890 2730 2975 2675 2825] [1965 1835 2000 2255 2970 3065 3075 3235]
[2635 2690 2755 2725 3050 3105 3040 2820] [1985 1800 1940 2200 2505 3000 3110 3180]
COM3 0 58
4
[2895 2750 2680 2825 2845 2805 2950 2755] [2020 2140 2345 2710 3055 3165 2990 3190]
[3005 2815 2880 2925 2735 2900 2860 2985] [2005 2045 2310 2635 3040 3135 3095 3075]
[2730 2795 2860 2755 2805 2890 2925 2695] [1895 1950 2195 2505 3110 2980 3120 3195]
[2945 2975 3105 2910 2865 3020 2995 2945] [1940 1725 2085 2535 2840 3070 3015 2980]
[2815 2840 3155 2775 2890 2705 3015 2890] [1770 1840 2070 2285 2755 2930 3075 3260]
[2950 2750 2990 2925 2810 2795 2960 2785] [1715 1725 1995 2385 2840 3195 3205 3135]
[2745 2965 2900 2915 2780 3190 2815 2845] [1965 1835 2000 2255 2970 3065 3075 3235]
[2970 2905 2835 2635 2790 2915 3045 2920] [1985 1800 1940 2200 2505 3000 3110 3180]
COM8 1 59
4
[2895 2750 2680 2825 2845 2805 2950 2755] [2250 2290 2385 2805 3235 3135 3080 3235]
[3005 2815 2880 2925 2735 2900 2860 2985] [2270 2125 2340 2835 2990 3160 3155 3050]
[2730 2795 2860 2755 2805 2890 2925 2695] [2345 2050 2335 2580 3165 3150 3185 3225]
[2945 2975 3105 2910 2865 3020 2995 2945] [2415 1950 2220 2570 3010 3185 3045 3245]
[2815 2840 3155 2775 2890 2705 3015 2890] [2290 1955 2025 2510 2865 3175 3175 3295]
[2950 2750 2990 2925 2810 2795 2960 2785] [2055 1940 2075 2545 2810 3195 3125 3260]
[2745 2965 2900 2915 2780 3190 2815 2845] [2020 2000 1955 2435 3015 3170 3160 3350]
[2970 2905 2835 2635 2790 2915 3045 2920] [2160 1855 1930 2360 2920 2975 3095 3145]
COM3 0 60
4
[2750 2745 2660 2750 2730 2810 2875 2940] [2250 2290 2385 2805 3235 3135 3080 3235]
[2995 2900 2735 2995 2840 2970 2865 2900] [2270 2125 2340 2835 2990 3160 3155 3050]
[2850 2840 2880 3050 2905 2815 2895 2910] [2345 2050 2335 2580 3165 3150 3185 3225]
[2825 2980 3010 2895 2875 2785 2955 2985] [2415 1950 2220 2570 3010 3185 3045 3245]
[2900 2850 2970 2825 2990 3230 3180 3030] [2290 1955 2025 2510 2865 3175 3175 3295]
[3125 2990 3015 2985 2780 2785 3140 2970] [2055 1940 2075 2545 2810 3195 3125 3260]
[3200 3080 3010 2900 2895 2885 2905 2955] [2020 2000 1955 2435 3015 3170 3160 3350]
[3045 3125 2945 2705 3160 2790 2970 3030] [2160 1855 1930 2360 2920 2975 3095 3145]
COM8 1 61
4
[2750 2745 2660 2750 2730 2810 2875 2940] [2440 2205 2290 2700 3100 3085 3145 3105]
[2995 2900 2735 2995 2840 2970 2865 2900] [2530 2220 2315 2445 2815 3085 3030 2990]
[2850 2840 2880 3050 2905 2815 2895 2910] [2455 2140 2130 2270 2815 2975 2995 3000]
[2825 2980 3010 2895 2875 2785 2955 2985] [2590 2315 2090 2125 2575 2830 2970 3060]
[2900 2850 2970 2825 2990 3230 3180 3030] [2515 2035 1870 2035 2505 2825 3070 3200]
[3125 2990 3015 2985 2780 2785 3140 2970] [2425 2045 1805 2040 2460 2865 3135 3345]
[3200 3080 3010 2900 2895 2885 2905 2955] [2375 2155 1885 1950 2390 3030 3310 3340]
[3045 3125 2945 2705 3160 2790 2970 3030] [2300 2190 1840 2040 2240 2725 3145 3205]
COM3 0 62
4
[2660 2715 2990 2965 2955 2955 2885 2895] [2440 2205 2290 2700 3100 3085 3145 3105]
[2910 3015 2855 2970 2865 2855 2730 2865] [2530 2220 2315 2445 2815 3085 3030 2990]
[2680 2925 2955 2950 2995 2955 3000 2695] [2455 2140 2130 2270 2815 2975 2995 3000]
[2795 3145 2865 2870 3000 3000 3040 2830] [2590 2315 2090 2125 2575 2830 2970 3060]
[3145 2955 3035 2985 2975 2820 3080 2960] [2515 2035 1870 2035 2505 2825 3070 3200]
[3150 3150 2890 3085 2670 2815 2895 2955] [2425 2045 1805 2040 2460 2865 3135 3345]
[3020 3175 2815 3125 2840 3065 2925 2880] [2375 2155 1885 1950 2390 3030 3310 3340]
[2800 2905 3095 2870 2935 3030 2995 2920] [2300 2190 1840 2040 2240 2725 3145 3205]
COM8 1 63
4
[2660 2715 2990 2965 2955 2955 2885 2895] [2085 1925 1935 2215 2765 2695 2885 2975]
[2910 3015 2855 2970 2865 2855 2730 2865] [2200 1945 1860 2110 2200 2565 2765 2835]
[2680 2925 2955 2950 2995 2955 3000 2695] [2390 1950 1690 1705 1695 2155 2575 2875]
[2795 3145 2865 2870 3000 3000 3040 2830] [2320 1870 1580 1385 1435 2010 2580 2920]
[3145 2955 3035 2985 2975 2820 3080 2960] [2425 2080 1490 1185 1510 2055 2610 3035]
[3150 3150 2890 3085 2670 2815 2895 2955] [2210 1825 1555 1575 1635 2020 2570 3025]
[3020 3175 2815 3125 2840 3065 2925 2880] [2315 1990 1725 1410 1385 1735 2335 3010]
[2800 2905 3095 2870 2935 3030 2995 2920] [2345 2040 1660 1560 1445 1535 1940 2525]
COM3 0 64
4
[3075 2755 3070 3175 2950 2880 3020 3175] [2085 1925 1935 2215 2765 2695 2885 2975]
[3005 2925 2945 3055 2920 3180 3030 2980] [2200 1945 1860 2110 2200 2565 2765 2835]
[2920 3275 3075 2935 2930 2955 3040 3215] [2390 1950 1690 1705 1695 2155 2575 2875]
[3045 3240 3240 3005 3185 3145 3040 3125] [2320 1870 1580 1385 1435 2010 2580 2920]
[3100 3225 3245 3080 3200 3040 3270 3130] [2425 2080 1490 1185 1510 2055 2610 3035]
[3005 3105 3325 3270 3235 3210 3140 3060] [2210 1825 1555 1575 1635 2020 2570 3025]
[3020 2975 3270 3225 3110 3275 3005 3200] [2315 1990 1725 1410 1385 1735 2335 3010]
[3320 3065 3355 3115 3100 3175 3220 3265] [2345 2040 1660 1560 1445 1535 1940 2525]
COM8 1 65
4
[3075 2755 3070 3175 2950 2880 3020 3175] [2475 2205 1995 1905 1910 1985 2320 3005]
[3005 2925 2945 3055 2920 3180 3030 2980] [2530 2265 1965 1795 1740 1985 2390 2970]
[2920 3275 3075 2935 2930 2955 3040 3215] [2640 2215 1995 1860 1935 1885 2325 2875]
[3045 3240 3240 3005 3185 3145 3040 3125] [2785 2300 2065 1870 1855 1830 2100 2735]
[3100 3225 3245 3080 3200 3040 3270 3130] [2840 2470 2095 1715 1825 1755 2005 2355]
[3005 3105 3325 3270 3235 3210 3140 3060] [2805 2390 2100 2045 1820 1705 1765 2010]
[3020 2975 3270 3225 3110 3275 3005 3200] [2875 2410 2035 1990 1860 1690 1785 1940]
[3320 3065 3355 3115 3100 3175 3220 3265] [2775 2375 2040 2130 1815 1640 1635 1680]