COM8 1 6
4
[2615 2590 2610 2640 2860 2725 2740 2800] [3155 2905 3110 3010 2980 3025 3105 3175]
[2770 2785 2835 2855 2685 2835 2875 2815] [2915 3060 3100 3015 2915 3150 3205 3025]
[2825 2705 2875 2835 2690 2815 2805 2865] [3015 3055 3165 2980 3200 3070 3070 3065]
[2720 2895 3025 2890 2980 2865 2810 2605] [3145 2975 3185 3020 3040 2955 3145 3120]
[2540 2735 2975 2805 2925 2860 2805 2830] [3095 3125 3065 3060 3130 3030 3205 3140]
[2870 2920 2950 2965 2835 2795 2820 2965] [3005 3085 3185 3200 3045 3195 3240 3095]
[2995 3005 2960 2895 2890 2990 2615 2705] [3225 3225 3205 3135 3105 3020 3195 3165]
[2695 2870 2970 2810 2785 2885 2820 2765] [3295 3170 3275 3155 3090 2985 3035 3215]
COM3 0 7
4
[3205 3040 3135 3175 3010 3070 3330 3620] [3155 2905 3110 3010 2980 3025 3105 3175]
[3335 3140 3125 3170 3100 3275 3295 3385] [2915 3060 3100 3015 2915 3150 3205 3025]
[3165 3305 3175 3185 3175 3165 3410 3485] [3015 3055 3165 2980 3200 3070 3070 3065]
[3335 3295 3265 3225 3310 3315 3385 3505] [3145 2975 3185 3020 3040 2955 3145 3120]
[3195 3150 3195 3300 3345 3240 3425 3330] [3095 3125 3065 3060 3130 3030 3205 3140]
[3160 3505 3485 3450 3200 3520 3450 3340] [3005 3085 3185 3200 3045 3195 3240 3095]
[3315 3255 3240 3570 3305 3365 3290 3230] [3225 3225 3205 3135 3105 3020 3195 3165]
[3570 3435 3480 3315 3270 3575 3375 3205] [3295 3170 3275 3155 3090 2985 3035 3215]
COM8 1 8
4
[3205 3040 3135 3175 3010 3070 3330 3620] [2900 2675 2695 2790 2805 2935 2960 3065]
[3335 3140 3125 3170 3100 3275 3295 3385] [2695 2670 2820 2675 2765 3015 2995 2945]
[3165 3305 3175 3185 3175 3165 3410 3485] [2785 2845 2880 2795 2910 2860 3015 2900]
[3335 3295 3265 3225 3310 3315 3385 3505] [2845 2895 2900 2830 2770 2955 2910 2915]
[3195 3150 3195 3300 3345 3240 3425 3330] [2775 2775 2810 2900 2970 3180 3010 3010]
[3160 3505 3485 3450 3200 3520 3450 3340] [2710 3010 2860 2710 2770 2990 2860 2985]
[3315 3255 3240 3570 3305 3365 3290 3230] [2925 2880 3140 2795 3075 3085 3185 3065]
[3570 3435 3480 3315 3270 3575 3375 3205] [2940 2905 2925 3080 2975 3025 3055 2990]
COM3 0 9
4
[2705 2815 2860 2835 2820 2895 2715 2790] [2900 2675 2695 2790 2805 2935 2960 3065]
[2765 2765 2920 2765 2925 2790 2910 2925] [2695 2670 2820 2675 2765 3015 2995 2945]
[2630 2685 2850 2760 2980 3005 2675 2720] [2785 2845 2880 2795 2910 2860 3015 2900]
[2865 2930 3105 2810 2875 2955 2915 2605] [2845 2895 2900 2830 2770 2955 2910 2915]
[2860 3005 3090 2790 3035 2935 2905 2790] [2775 2775 2810 2900 2970 3180 3010 3010]
[2670 3020 3110 2935 2685 3035 2945 2745] [2710 3010 2860 2710 2770 2990 2860 2985]
[3100 3025 3005 2915 2850 2995 2885 2845] [2925 2880 3140 2795 3075 3085 3185 3065]
[2725 2895 2875 2810 2870 2850 2975 3015] [2940 2905 2925 3080 2975 3025 3055 2990]
COM8 1 10
4
[2705 2815 2860 2835 2820 2895 2715 2790] [3535 3810 3795 3575 3420 3230 3250 3350]
[2765 2765 2920 2765 2925 2790 2910 2925] [3610 3730 3680 3465 3345 3360 3270 3245]
[2630 2685 2850 2760 2980 3005 2675 2720] [3665 3685 3595 3495 3480 3380 3375 3270]
[2865 2930 3105 2810 2875 2955 2915 2605] [3725 3595 3500 3380 3470 3350 3390 3305]
[2860 3005 3090 2790 3035 2935 2905 2790] [3680 3675 3250 3280 3425 3410 3440 3445]
[2670 3020 3110 2935 2685 3035 2945 2745] [3555 3425 3455 3455 3430 3345 3390 3535]
[3100 3025 3005 2915 2850 2995 2885 2845] [3465 3585 3575 3380 3280 3175 3535 3475]
[2725 2895 2875 2810 2870 2850 2975 3015] [3900 3605 3430 3605 3285 3450 3465 3500]
COM3 0 11
4
[3000 2835 2735 2930 2895 2825 3065 2880] [3535 3810 3795 3575 3420 3230 3250 3350]
[2865 2920 2885 2975 2835 2920 2795 2975] [3610 3730 3680 3465 3345 3360 3270 3245]
[2770 2865 2920 2910 3050 3020 2815 2950] [3665 3685 3595 3495 3480 3380 3375 3270]
[2880 2960 3060 2745 2910 3070 2890 2645] [3725 3595 3500 3380 3470 3350 3390 3305]
[2970 3125 2985 2825 2970 2905 3095 2965] [3680 3675 3250 3280 3425 3410 3440 3445]
[2985 3060 2955 3035 2970 3015 2970 2875] [3555 3425 3455 3455 3430 3345 3390 3535]
[3170 2835 2820 2930 2990 3130 3020 3015] [3465 3585 3575 3380 3280 3175 3535 3475]
[3040 2965 2910 2875 3115 3025 2995 3225] [3900 3605 3430 3605 3285 3450 3465 3500]
COM8 1 12
4
[3000 2835 2735 2930 2895 2825 3065 2880] [2780 2830 2800 2815 2825 3055 3015 3095]
[2865 2920 2885 2975 2835 2920 2795 2975] [2835 2670 3110 2895 2895 3015 2920 2935]
[2770 2865 2920 2910 3050 3020 2815 2950] [2780 2875 2895 2885 3025 2850 3095 2860]
[2880 2960 3060 2745 2910 3070 2890 2645] [2995 2865 3020 2810 3040 2950 3040 3025]
[2970 3125 2985 2825 2970 2905 3095 2965] [2935 2815 2985 2950 2940 2900 3015 3080]
[2985 3060 2955 3035 2970 3015 2970 2875] [2895 2880 2930 2955 2875 3155 3085 3140]
[3170 2835 2820 2930 2990 3130 3020 3015] [3010 2985 2900 2820 3055 3155 2930 3025]
[3040 2965 2910 2875 3115 3025 2995 3225] [3085 3000 3005 3175 2940 3125 3140 3140]
COM3 0 13
4
[3080 2795 2735 2870 2890 2885 2950 3120] [2780 2830 2800 2815 2825 3055 3015 3095]
[2970 3125 2940 3065 2975 3000 2825 3060] [2835 2670 3110 2895 2895 3015 2920 2935]
[3040 2930 3115 2810 2945 2930 2925 2870] [2780 2875 2895 2885 3025 2850 3095 2860]
[3030 2895 3125 2930 2925 3010 2905 2935] [2995 2865 3020 2810 3040 2950 3040 3025]
[3055 3045 2850 3040 3195 2840 3105 3195] [2935 2815 2985 2950 2940 2900 3015 3080]
[2800 3170 3050 3040 2905 3045 3045 3095] [2895 2880 2930 2955 2875 3155 3085 3140]
[3180 3005 3060 2995 3235 3050 3035 3310] [3010 2985 2900 2820 3055 3155 2930 3025]
[3125 3175 2895 2850 3235 2800 3100 2985] [3085 3000 3005 3175 2940 3125 3140 3140]
COM8 1 14
4
[3080 2795 2735 2870 2890 2885 2950 3120] [2965 3080 3170 3025 3160 3055 3115 3130]
[2970 3125 2940 3065 2975 3000 2825 3060] [3200 2970 3140 3180 3120 3285 3030 2910]
[3040 2930 3115 2810 2945 2930 2925 2870] [3335 3260 3140 3040 3205 3020 3095 3060]
[3030 2895 3125 2930 2925 3010 2905 2935] [3300 3275 3335 3150 3070 3195 3165 3100]
[3055 3045 2850 3040 3195 2840 3105 3195] [3195 3305 3220 3265 3240 2995 3105 3105]
[2800 3170 3050 3040 2905 3045 3045 3095] [3095 3210 3045 3285 3125 3240 3255 3305]
[3180 3005 3060 2995 3235 3050 3035 3310] [3095 3240 3445 3210 3160 3175 3295 3230]
[3125 3175 2895 2850 3235 2800 3100 2985] [3470 3300 3160 3405 3160 3160 3095 3165]
COM3 0 15
4
[2775 2640 2845 2835 2870 2775 2835 2635] [2965 3080 3170 3025 3160 3055 3115 3130]
[2900 2960 2785 2905 2840 2665 2815 2740] [3200 2970 3140 3180 3120 3285 3030 2910]
[2785 2765 2780 2860 2855 2860 2785 2925] [3335 3260 3140 3040 3205 3020 3095 3060]
[2860 3050 3120 2780 3060 2920 2850 2805] [3300 3275 3335 3150 3070 3195 3165 3100]
[2970 2910 2850 2710 2935 2740 3010 2835] [3195 3305 3220 3265 3240 2995 3105 3105]
[2925 2940 2980 2940 2830 2750 3075 2800] [3095 3210 3045 3285 3125 3240 3255 3305]
[3130 3035 3265 2960 2735 2870 2740 2850] [3095 3240 3445 3210 3160 3175 3295 3230]
[3110 3000 3005 2935 2875 3055 2765 2790] [3470 3300 3160 3405 3160 3160 3095 3165]
COM8 1 16
4
[2775 2640 2845 2835 2870 2775 2835 2635] [3385 3330 3260 3250 3185 3190 3260 3255]
[2900 2960 2785 2905 2840 2665 2815 2740] [3215 3250 3285 3150 3195 3305 3080 3120]
[2785 2765 2780 2860 2855 2860 2785 2925] [3340 3280 3310 3040 3235 3200 3155 3070]
[2860 3050 3120 2780 3060 2920 2850 2805] [3305 3320 3295 3210 3225 3235 3255 3080]
[2970 2910 2850 2710 2935 2740 3010 2835] [3085 3250 3310 3180 3150 3210 3300 3130]
[2925 2940 2980 2940 2830 2750 3075 2800] [3195 3365 3160 3220 3330 3235 3135 2790]
[3130 3035 3265 2960 2735 2870 2740 2850] [3250 3245 3295 3080 3275 3305 2985 2305]
[3110 3000 3005 2935 2875 3055 2765 2790] [3295 3275 3285 3475 3165 3005 2240 1800]
COM3 0 17
4
[3225 2940 2960 2970 2990 3025 3125 3310] [3385 3330 3260 3250 3185 3190 3260 3255]
[3115 3160 3115 3010 2995 3030 3095 3275] [3215 3250 3285 3150 3195 3305 3080 3120]
[3065 3065 3140 3075 3005 3070 3190 3245] [3340 3280 3310 3040 3235 3200 3155 3070]
[3215 3100 3045 2985 3095 3285 3340 3150] [3305 3320 3295 3210 3225 3235 3255 3080]
[3255 3100 3060 3065 3120 3145 3310 3210] [3085 3250 3310 3180 3150 3210 3300 3130]
[3270 3195 3410 3235 3015 3145 3330 3300] [3195 3365 3160 3220 3330 3235 3135 2790]
[3145 2975 3290 3280 3070 3130 3230 3200] [3250 3245 3295 3080 3275 3305 2985 2305]
[3285 3000 3120 3400 3110 3220 3115 3375] [3295 3275 3285 3475 3165 3005 2240 1800]
COM8 1 18
4
[3225 2940 2960 2970 2990 3025 3125 3310] [3620 3350 3420 3270 3340 3280 3265 3265]
[3115 3160 3115 3010 2995 3030 3095 3275] [3405 3340 3505 3235 3355 3365 3225 3105]
[3065 3065 3140 3075 3005 3070 3190 3245] [3435 3435 3340 3290 3265 3190 3150 3085]
[3215 3100 3045 2985 3095 3285 3340 3150] [3610 3230 3415 3405 3185 3100 3295 2860]
[3255 3100 3060 3065 3120 3145 3310 3210] [3380 3420 3250 3310 3300 3195 3130 2420]
[3270 3195 3410 3235 3015 3145 3330 3300] [3400 3305 3245 3350 3190 3210 2685 2150]
[3145 2975 3290 3280 3070 3130 3230 3200] [3370 3345 3495 3435 3215 3280 2480 2055]
[3285 3000 3120 3400 3110 3220 3115 3375] [3420 3555 3325 3405 3360 2860 2275 1975]
COM3 0 19
4
[3065 2990 3165 3045 2975 3050 3135 3185] [3620 3350 3420 3270 3340 3280 3265 3265]
[3240 3015 2975 3140 3105 3090 3170 3035] [3405 3340 3505 3235 3355 3365 3225 3105]
[2970 3125 3090 2955 3065 3020 3050 3370] [3435 3435 3340 3290 3265 3190 3150 3085]
[3135 3130 3255 3005 3080 3145 3280 3390] [3610 3230 3415 3405 3185 3100 3295 2860]
[3125 3210 3265 3215 3345 3155 3255 3340] [3380 3420 3250 3310 3300 3195 3130 2420]
[3055 3310 3255 3130 3205 3145 3315 3140] [3400 3305 3245 3350 3190 3210 2685 2150]
[3140 3255 3090 3090 3410 3130 3060 3330] [3370 3345 3495 3435 3215 3280 2480 2055]
[3130 2990 3370 3370 3260 3130 3100 2930] [3420 3555 3325 3405 3360 2860 2275 1975]
COM8 1 20
4
[3065 2990 3165 3045 2975 3050 3135 3185] [3235 3020 3025 3090 3170 3125 3005 3155]
[3240 3015 2975 3140 3105 3090 3170 3035] [3040 3025 3240 3065 3035 3175 3120 3105]
[2970 3125 3090 2955 3065 3020 3050 3370] [3140 3215 3145 3185 3220 3090 3105 3025]
[3135 3130 3255 3005 3080 3145 3280 3390] [3210 3150 3215 3155 3100 3105 3105 2940]
[3125 3210 3265 3215 3345 3155 3255 3340] [3195 3140 3215 3165 3170 3090 3205 2930]
[3055 3310 3255 3130 3205 3145 3315 3140] [2875 3090 3200 3290 3015 3170 3160 2690]
[3140 3255 3090 3090 3410 3130 3060 3330] [3010 3245 3220 3135 3135 2990 3170 2935]
[3130 2990 3370 3370 3260 3130 3100 2930] [3550 3170 3225 3185 3150 3160 3240 2710]
COM3 0 21
4
[2740 2770 2755 2935 2790 2890 3005 2745] [3235 3020 3025 3090 3170 3125 3005 3155]
[3045 2960 2725 2955 2825 2900 2690 2845] [3040 3025 3240 3065 3035 3175 3120 3105]
[3040 2840 2950 2850 2725 2705 2900 3015] [3140 3215 3145 3185 3220 3090 3105 3025]
[2775 3130 3075 2780 2915 3010 2915 2835] [3210 3150 3215 3155 3100 3105 3105 2940]
[2935 2865 2940 2975 2810 2930 3015 3075] [3195 3140 3215 3165 3170 3090 3205 2930]
[2710 3140 2995 2935 3015 2800 3020 2680] [2875 3090 3200 3290 3015 3170 3160 2690]
[2855 2770 3025 2840 2995 2965 2640 2905] [3010 3245 3220 3135 3135 2990 3170 2935]
[2975 3060 2740 3110 3095 3080 2800 2970] [3550 3170 3225 3185 3150 3160 3240 2710]
COM8 1 22
4
[2740 2770 2755 2935 2790 2890 3005 2745] [2965 2940 2840 2885 2900 2970 3110 3210]
[3045 2960 2725 2955 2825 2900 2690 2845] [2825 2840 2795 2945 2895 3125 3030 2780]
[3040 2840 2950 2850 2725 2705 2900 3015] [3050 2890 2960 3015 3020 2965 2665 2250]
[2775 3130 3075 2780 2915 3010 2915 2835] [3190 3055 2955 3070 2910 2695 2400 2045]
[2935 2865 2940 2975 2810 2930 3015 3075] [2950 3140 3145 2885 2905 2670 2295 1760]
[2710 3140 2995 2935 3015 2800 3020 2680] [3085 2980 3140 3050 3000 2650 2275 1680]
[2855 2770 3025 2840 2995 2965 2640 2905] [2865 3185 3135 3135 2865 2695 2350 1865]
[2975 3060 2740 3110 3095 3080 2800 2970] [3045 3045 3075 3095 3165 2860 2385 1895]
COM3 0 23
4
[3140 3025 3145 2940 3030 2890 3245 3025] [2965 2940 2840 2885 2900 2970 3110 3210]
[2985 3005 3050 3010 2975 3005 3170 3135] [2825 2840 2795 2945 2895 3125 3030 2780]
[2945 3050 3165 3035 3070 3075 3190 3085] [3050 2890 2960 3015 3020 2965 2665 2250]
[2980 3215 3175 3105 3145 3070 3110 3025] [3190 3055 2955 3070 2910 2695 2400 2045]
[3220 2945 3285 3010 3125 3160 3155 3365] [2950 3140 3145 2885 2905 2670 2295 1760]
[3235 3145 3165 3265 3155 3120 3035 3045] [3085 2980 3140 3050 3000 2650 2275 1680]
[3100 3270 3040 3350 3095 3130 3155 3335] [2865 3185 3135 3135 2865 2695 2350 1865]
[3025 3060 3245 2970 3405 3265 3430 3210] [3045 3045 3075 3095 3165 2860 2385 1895]
COM8 1 24
4
[3140 3025 3145 2940 3030 2890 3245 3025] [3050 2665 2835 2840 3005 2885 2940 2970]
[2985 3005 3050 3010 2975 3005 3170 3135] [2845 2870 2770 2775 2845 3050 2955 2855]
[2945 3050 3165 3035 3070 3075 3190 3085] [2860 2925 2990 2950 2950 2800 2785 2515]
[2980 3215 3175 3105 3145 3070 3110 3025] [3040 3130 3105 2825 2650 2485 2285 2045]
[3220 2945 3285 3010 3125 3160 3155 3365] [3110 3140 2905 2500 2295 1965 1940 1780]
[3235 3145 3165 3265 3155 3120 3035 3045] [2935 2975 2575 2370 1880 1640 1680 1620]
[3100 3270 3040 3350 3095 3130 3155 3335] [2930 3085 2640 1950 1605 1445 1480 1520]
[3025 3060 3245 2970 3405 3265 3430 3210] [3015 2810 2560 2125 1460 1300 1490 1550]
COM3 0 25
4
[2905 2795 2805 2820 2950 2855 3195 2970] [3050 2665 2835 2840 3005 2885 2940 2970]
[2960 3040 2895 2900 2940 3005 2955 2980] [2845 2870 2770 2775 2845 3050 2955 2855]
[2730 3085 3120 2930 2900 3110 3090 3130] [2860 2925 2990 2950 2950 2800 2785 2515]
[2850 3095 3055 2895 3075 2980 2955 2960] [3040 3130 3105 2825 2650 2485 2285 2045]
[2860 3065 3000 3125 3060 3145 2990 3010] [3110 3140 2905 2500 2295 1965 1940 1780]
[3085 2950 3060 3115 3000 2875 3115 2720] [2935 2975 2575 2370 1880 1640 1680 1620]
[2895 3275 3100 3025 3025 2960 3070 3100] [2930 3085 2640 1950 1605 1445 1480 1520]
[3330 2990 3025 3085 2670 3005 3200 2705] [3015 2810 2560 2125 1460 1300 1490 1550]
COM8 1 26
4
[2905 2795 2805 2820 2950 2855 3195 2970] [3025 2920 3005 3035 3130 2895 2925 3100]
[2960 3040 2895 2900 2940 3005 2955 2980] [2735 2835 2960 3010 2985 3055 3005 2915]
[2730 3085 3120 2930 2900 3110 3090 3130] [2895 3140 3075 3120 2990 3020 3025 3010]
[2850 3095 3055 2895 3075 2980 2955 2960] [3010 2970 3055 2970 3035 3045 3060 2900]
[2860 3065 3000 3125 3060 3145 2990 3010] [2870 2995 3095 2985 2930 3070 2905 2645]
[3085 2950 3060 3115 3000 2875 3115 2720] [2995 3200 2930 3030 3000 3030 2820 2440]
[2895 3275 3100 3025 3025 2960 3070 3100] [3100 2995 3025 2875 2625 2555 2310 2040]
[3330 2990 3025 3085 2670 3005 3200 2705] [3120 2850 2675 2490 2350 2245 2070 1850]
COM3 0 27
4
[2900 2915 3075 2990 2905 2960 2950 3015] [3025 2920 3005 3035 3130 2895 2925 3100]
[3065 2985 2900 2925 2990 3035 2945 3045] [2735 2835 2960 3010 2985 3055 3005 2915]
[2925 2795 3095 2820 2895 2910 3010 3095] [2895 3140 3075 3120 2990 3020 3025 3010]
[2970 3080 3120 2900 3070 3025 3020 2875] [3010 2970 3055 2970 3035 3045 3060 2900]
[3105 3120 3090 3030 3015 2910 3030 3045] [2870 2995 3095 2985 2930 3070 2905 2645]
[2985 3075 3070 3040 2905 2860 2975 2970] [2995 3200 2930 3030 3000 3030 2820 2440]
[3065 2905 2935 3150 3065 3075 2835 2995] [3100 2995 3025 2875 2625 2555 2310 2040]
[3215 3010 2925 3030 3065 3130 3055 2980] [3120 2850 2675 2490 2350 2245 2070 1850]
COM8 1 28
4
[2900 2915 3075 2990 2905 2960 2950 3015] [3235 3185 3190 3145 3045 3065 3060 3145]
[3065 2985 2900 2925 2990 3035 2945 3045] [3065 3020 3145 3070 3090 3075 3130 3005]
[2925 2795 3095 2820 2895 2910 3010 3095] [3095 3150 3100 3170 3165 3100 3085 2960]
[2970 3080 3120 2900 3070 3025 3020 2875] [3190 3125 3200 2975 3010 3090 2955 2720]
[3105 3120 3090 3030 3015 2910 3030 3045] [3295 3235 3300 3070 3135 3105 2795 2425]
[2985 3075 3070 3040 2905 2860 2975 2970] [3040 3175 3150 3135 3050 3010 2815 2320]
[3065 2905 2935 3150 3065 3075 2835 2995] [3215 3195 3340 3240 3255 2965 2530 1970]
[3215 3010 2925 3030 3065 3130 3055 2980] [3095 3280 3155 3310 3120 2775 2390 1885]
COM3 0 29
4
[3260 3070 3085 3130 3055 3105 3330 3395] [3235 3185 3190 3145 3045 3065 3060 3145]
[3230 3180 3200 3215 3100 3115 3285 3480] [3065 3020 3145 3070 3090 3075 3130 3005]
[3075 3040 3185 3210 3120 3185 3195 3265] [3095 3150 3100 3170 3165 3100 3085 2960]
[3215 3130 3315 3270 3180 3305 3205 3440] [3190 3125 3200 2975 3010 3090 2955 2720]
[3225 3135 3250 3295 3390 3285 3335 3210] [3295 3235 3300 3070 3135 3105 2795 2425]
[3250 3210 3205 3195 3240 3250 3505 3265] [3040 3175 3150 3135 3050 3010 2815 2320]
[3165 3285 3165 3260 3190 3300 3160 3375] [3215 3195 3340 3240 3255 2965 2530 1970]
[3210 3340 3310 3275 3030 3370 3525 3400] [3095 3280 3155 3310 3120 2775 2390 1885]
COM8 1 30
4
[3260 3070 3085 3130 3055 3105 3330 3395] [3155 3020 3150 3005 3010 3060 2925 3100]
[3230 3180 3200 3215 3100 3115 3285 3480] [3170 3095 3185 3060 2985 3130 3070 2970]
[3075 3040 3185 3210 3120 3185 3195 3265] [3055 3125 3130 3085 3130 3100 3165 2585]
[3215 3130 3315 3270 3180 3305 3205 3440] [3080 3070 3025 2905 2815 2840 2845 2365]
[3225 3135 3250 3295 3390 3285 3335 3210] [3190 3200 3065 2755 2585 2585 2555 1965]
[3250 3210 3205 3195 3240 3250 3505 3265] [2960 3135 2905 2620 2320 2055 1945 1695]
[3165 3285 3165 3260 3190 3300 3160 3375] [3160 3240 3215 2500 2135 1835 1660 1490]
[3210 3340 3310 3275 3030 3370 3525 3400] [3120 3260 3075 2405 1935 1620 1580 1390]
COM3 0 31
4
[3085 3045 3015 2900 2985 2920 3100 3390] [3155 3020 3150 3005 3010 3060 2925 3100]
[3115 3140 3110 2995 3015 3100 3095 3135] [3170 3095 3185 3060 2985 3130 3070 2970]
[2995 3195 3160 2955 3055 3085 3010 3225] [3055 3125 3130 3085 3130 3100 3165 2585]
[2935 3055 3375 3140 3175 3055 3075 3205] [3080 3070 3025 2905 2815 2840 2845 2365]
[3290 3145 3245 3035 3305 3075 3325 3310] [3190 3200 3065 2755 2585 2585 2555 1965]
[3090 3200 3205 3120 3015 3110 3315 3225] [2960 3135 2905 2620 2320 2055 1945 1695]
[3010 3035 3285 3245 2995 3095 3060 3105] [3160 3240 3215 2500 2135 1835 1660 1490]
[3220 3235 3120 2895 2965 3125 3470 3080] [3120 3260 3075 2405 1935 1620 1580 1390]
COM8 1 32
4
[3085 3045 3015 2900 2985 2920 3100 3390] [2685 2645 2875 2845 2990 2995 2955 2710]
[3115 3140 3110 2995 3015 3100 3095 3135] [2740 2570 2675 2635 2815 3090 2870 2305]
[2995 3195 3160 2955 3055 3085 3010 3225] [2890 2470 2240 2210 2450 2530 2460 1935]
[2935 3055 3375 3140 3175 3055 3075 3205] [2905 2365 2065 1770 1790 2050 1980 1615]
[3290 3145 3245 3035 3305 3075 3325 3310] [2810 2525 1835 1500 1555 1705 1765 1505]
[3090 3200 3205 3120 3015 3110 3315 3225] [2655 2355 1775 1745 1675 1775 1670 1415]
[3010 3035 3285 3245 2995 3095 3060 3105] [2390 2105 1885 1765 1820 1815 1660 1475]
[3220 3235 3120 2895 2965 3125 3470 3080] [2075 1705 1800 2010 2115 1875 1650 1400]
COM3 0 33
4
[3035 3000 2905 3070 2900 2970 3025 2690] [2685 2645 2875 2845 2990 2995 2955 2710]
[3115 3060 2900 2985 3015 2910 2985 2905] [2740 2570 2675 2635 2815 3090 2870 2305]
[2925 3015 3065 2975 2895 2965 2920 3010] [2890 2470 2240 2210 2450 2530 2460 1935]
[2900 3120 3150 3105 3115 3030 2905 2885] [2905 2365 2065 1770 1790 2050 1980 1615]
[3205 3225 3025 3135 3145 2775 3030 3175] [2810 2525 1835 1500 1555 1705 1765 1505]
[2920 2995 3070 3030 2905 3040 3135 2985] [2655 2355 1775 1745 1675 1775 1670 1415]
[3060 3110 3050 3090 3020 3065 2750 2645] [2390 2105 1885 1765 1820 1815 1660 1475]
[3095 3065 3020 3205 3175 3045 3165 3080] [2075 1705 1800 2010 2115 1875 1650 1400]
COM8 1 34
4
[3035 3000 2905 3070 2900 2970 3025 2690] [2525 2035 1755 1770 2160 2570 2880 2740]
[3115 3060 2900 2985 3015 2910 2985 2905] [2490 2110 1770 1720 2040 2605 2695 2365]
[2925 3015 3065 2975 2895 2965 2920 3010] [2320 2010 1855 1960 2360 2690 2485 1920]
[2900 3120 3150 3105 3115 3030 2905 2885] [2255 1830 1925 2115 2545 2560 2170 1750]
[3205 3225 3025 3135 3145 2775 3030 3175] [2035 1875 1985 2230 2650 2410 2005 1680]
[2920 2995 3070 3030 2905 3040 3135 2985] [1780 1750 2145 2620 2720 2275 1890 1580]
[3060 3110 3050 3090 3020 3065 2750 2645] [1700 2105 2450 2845 2765 2140 1755 1555]
[3095 3065 3020 3205 3175 3045 3165 3080] [1765 1885 2325 2700 2565 1815 1510 1455]
COM3 0 35
4
[3125 2795 3000 2945 2780 2925 2970 3080] [2525 2035 1755 1770 2160 2570 2880 2740]
[3085 3180 3015 3020 2925 3015 2995 3080] [2490 2110 1770 1720 2040 2605 2695 2365]
[3025 2805 3060 2845 2835 2940 2995 2875] [2320 2010 1855 1960 2360 2690 2485 1920]
[3055 2930 3065 3080 3000 3005 3025 3000] [2255 1830 1925 2115 2545 2560 2170 1750]
[3235 3125 3130 3170 3080 2770 2910 3090] [2035 1875 1985 2230 2650 2410 2005 1680]
[2990 3110 3205 3115 3115 2910 3350 2670] [1780 1750 2145 2620 2720 2275 1890 1580]
[3080 3160 3280 3050 2860 3080 2945 3010] [1700 2105 2450 2845 2765 2140 1755 1555]
[3130 2950 3065 3310 2870 3085 3045 3080] [1765 1885 2325 2700 2565 1815 1510 1455]
COM8 1 36
4
[3125 2795 3000 2945 2780 2925 2970 3080] [2265 1985 1885 2075 2650 2955 2860 2525]
[3085 3180 3015 3020 2925 3015 2995 3080] [2115 1835 1970 2140 2590 2945 2725 2190]
[3025 2805 3060 2845 2835 2940 2995 2875] [2080 1790 1830 2275 2765 2740 2375 1805]
[3055 2930 3065 3080 3000 3005 3025 3000] [1920 1620 1945 2405 2720 2420 1985 1575]
[3235 3125 3130 3170 3080 2770 2910 3090] [1745 1675 2025 2410 2530 2145 1760 1545]
[2990 3110 3205 3115 3115 2910 3350 2670] [1645 1645 1885 2520 2460 1880 1695 1440]
[3080 3160 3280 3050 2860 3080 2945 3010] [1695 1735 1885 2170 2010 1780 1515 1465]
[3130 2950 3065 3310 2870 3085 3045 3080] [1910 1745 1770 1900 1785 1515 1465 1445]
COM3 0 37
4
[2775 2540 2755 2770 2790 2895 2945 2650] [2265 1985 1885 2075 2650 2955 2860 2525]
[3030 2945 2725 2775 2825 2720 2770 2765] [2115 1835 1970 2140 2590 2945 2725 2190]
[2680 2765 2865 2855 2825 2790 2835 3000] [2080 1790 1830 2275 2765 2740 2375 1805]
[2840 2855 2895 2850 2925 2745 2845 2805] [1920 1620 1945 2405 2720 2420 1985 1575]
[3020 2830 2900 2895 2915 2885 2835 2860] [1745 1675 2025 2410 2530 2145 1760 1545]
[2950 2895 2880 3020 2715 2960 2660 2650] [1645 1645 1885 2520 2460 1880 1695 1440]
[3115 2935 2810 2970 2630 2915 2725 2910] [1695 1735 1885 2170 2010 1780 1515 1465]
[3070 2910 2760 2865 2785 2750 2770 2800] [1910 1745 1770 1900 1785 1515 1465 1445]
COM8 1 38
4
[2775 2540 2755 2770 2790 2895 2945 2650] [2925 2380 2050 1870 1955 2080 1925 1830]
[3030 2945 2725 2775 2825 2720 2770 2765] [2715 2370 1920 1775 1770 1795 1655 1540]
[2680 2765 2865 2855 2825 2790 2835 3000] [2605 2220 1840 1635 1635 1480 1490 1540]
[2840 2855 2895 2850 2925 2745 2845 2805] [2390 1885 1705 1525 1450 1455 1665 1780]
[3020 2830 2900 2895 2915 2885 2835 2860] [2325 1900 1685 1485 1405 1520 1885 2075]
[2950 2895 2880 3020 2715 2960 2660 2650] [2140 1885 1545 1665 1515 1600 2015 2345]
[3115 2935 2810 2970 2630 2915 2725 2910] [2400 1970 1765 1535 1655 1690 2165 2545]
[3070 2910 2760 2865 2785 2750 2770 2800] [2480 1855 1735 1600 1570 1795 2300 2680]
COM3 0 39
4
[2550 2565 2615 2715 2615 2550 2630 2690] [2925 2380 2050 1870 1955 2080 1925 1830]
[2570 2670 2605 2600 2745 2690 2665 2625] [2715 2370 1920 1775 1770 1795 1655 1540]
[2490 2635 2560 2660 2565 2525 2660 2815] [2605 2220 1840 1635 1635 1480 1490 1540]
[2580 2680 2755 2640 2695 2830 2715 2710] [2390 1885 1705 1525 1450 1455 1665 1780]
[2795 2570 2830 2630 2825 2680 2910 2705] [2325 1900 1685 1485 1405 1520 1885 2075]
[2555 2565 2745 2775 2650 2725 3020 2890] [2140 1885 1545 1665 1515 1600 2015 2345]
[2705 2825 2690 2690 2570 2875 2740 2925] [2400 1970 1765 1535 1655 1690 2165 2545]
[2945 2810 2600 2815 2920 2995 3190 2710] [2480 1855 1735 1600 1570 1795 2300 2680]
COM8 1 40
4
[2550 2565 2615 2715 2615 2550 2630 2690] [2610 2105 1665 1425 1500 1405 1665 1810]
[2570 2670 2605 2600 2745 2690 2665 2625] [2120 1800 1445 1395 1470 1625 1830 2055]
[2490 2635 2560 2660 2565 2525 2660 2815] [1705 1545 1480 1420 1655 1775 2195 2590]
[2580 2680 2755 2640 2695 2830 2715 2710] [1475 1460 1455 1435 1795 2080 2540 2915]
[2795 2570 2830 2630 2825 2680 2910 2705] [1325 1480 1540 1630 2095 2535 3075 3170]
[2555 2565 2745 2775 2650 2725 3020 2890] [1270 1410 1670 1805 2290 2865 3285 3365]
[2705 2825 2690 2690 2570 2875 2740 2925] [1245 1480 1700 1770 2240 3045 3145 3515]
[2945 2810 2600 2815 2920 2995 3190 2710] [1430 1375 1605 1715 2295 2575 3225 3325]
COM3 0 41
4
[2545 2455 2680 2660 2530 2580 2640 2810] [2610 2105 1665 1425 1500 1405 1665 1810]
[2665 2635 2645 2580 2740 2620 2680 2635] [2120 1800 1445 1395 1470 1625 1830 2055]
[2490 2540 2660 2685 2590 2670 2660 2760] [1705 1545 1480 1420 1655 1775 2195 2590]
[2575 2730 2760 2680 2670 2605 2785 2865] [1475 1460 1455 1435 1795 2080 2540 2915]
[2610 2570 2655 2695 2705 2540 2755 2965] [1325 1480 1540 1630 2095 2535 3075 3170]
[2530 2770 2740 2845 2665 2730 2735 2630] [1270 1410 1670 1805 2290 2865 3285 3365]
[2800 2640 2735 2770 2915 2840 2605 2485] [1245 1480 1700 1770 2240 3045 3145 3515]
[2775 2940 2700 2655 2945 2885 2760 1995] [1430 1375 1605 1715 2295 2575 3225 3325]
COM8 1 42
4
[2545 2455 2680 2660 2530 2580 2640 2810] [2510 1885 1680 1595 1770 1540 1645 1870]
[2665 2635 2645 2580 2740 2620 2680 2635] [2105 1615 1515 1435 1580 1705 1880 2110]
[2490 2540 2660 2685 2590 2670 2660 2760] [1705 1490 1490 1580 1825 2075 2400 2575]
[2575 2730 2760 2680 2670 2605 2785 2865] [1475 1435 1690 1650 2105 2660 3030 2835]
[2610 2570 2655 2695 2705 2540 2755 2965] [1355 1540 1740 1985 2640 2860 3280 3170]
[2530 2770 2740 2845 2665 2730 2735 2630] [1455 1480 1865 2200 2955 3035 3200 3540]
[2800 2640 2735 2770 2915 2840 2605 2485] [1550 1560 1800 2070 2585 3005 3235 3095]
[2775 2940 2700 2655 2945 2885 2760 1995] [1560 1495 1550 1970 2485 2870 3090 3160]
COM3 0 43
4
[2825 2795 2785 2930 2795 2895 2900 2885] [2510 1885 1680 1595 1770 1540 1645 1870]
[2915 3005 2750 2875 2890 2895 2935 2965] [2105 1615 1515 1435 1580 1705 1880 2110]
[2865 2935 3090 2930 2810 2920 2860 3040] [1705 1490 1490 1580 1825 2075 2400 2575]
[2810 2820 2740 3015 2915 2960 2965 2885] [1475 1435 1690 1650 2105 2660 3030 2835]
[3015 2845 3000 2925 3065 2835 3050 3080] [1355 1540 1740 1985 2640 2860 3280 3170]
[2805 3035 2810 3025 2885 2860 2850 2745] [1455 1480 1865 2200 2955 3035 3200 3540]
[3175 2775 3050 2980 2925 2800 2885 2845] [1550 1560 1800 2070 2585 3005 3235 3095]
[3130 3060 2960 3150 2915 3025 3065 2830] [1560 1495 1550 1970 2485 2870 3090 3160]
COM8 1 44
4
[2825 2795 2785 2930 2795 2895 2900 2885] [3095 2570 2160 1920 2075 2470 2750 3240]
[2915 3005 2750 2875 2890 2895 2935 2965] [2900 2335 1985 1970 1945 2370 2910 3225]
[2865 2935 3090 2930 2810 2920 2860 3040] [2385 2095 1775 1855 2015 2100 2795 3125]
[2810 2820 2740 3015 2915 2960 2965 2885] [2210 1785 1705 1805 2070 2430 2815 2955]
[3015 2845 3000 2925 3065 2835 3050 3080] [1835 1795 1935 1905 2290 2675 3030 3010]
[2805 3035 2810 3025 2885 2860 2850 2745] [1680 1675 1840 2340 2675 3200 3305 3075]
[3175 2775 3050 2980 2925 2800 2885 2845] [1760 1920 1905 2340 2715 3050 3330 3300]
[3130 3060 2960 3150 2915 3025 3065 2830] [1925 1800 2010 2365 2820 3090 3095 3165]
COM3 0 45
4
[3030 2995 2875 2885 2965 2955 2965 2855] [3095 2570 2160 1920 2075 2470 2750 3240]
[3035 3070 3025 2980 2950 2985 2910 2950] [2900 2335 1985 1970 1945 2370 2910 3225]
[2995 2865 2870 2820 3050 2915 2985 2975] [2385 2095 1775 1855 2015 2100 2795 3125]
[2950 2885 2975 3075 3005 2870 2925 2975] [2210 1785 1705 1805 2070 2430 2815 2955]
[2945 2970 3050 3125 2980 2900 3005 3140] [1835 1795 1935 1905 2290 2675 3030 3010]
[3050 2925 3205 3015 2590 2975 3105 2900] [1680 1675 1840 2340 2675 3200 3305 3075]
[2970 3150 2990 3095 3025 2795 2835 2955] [1760 1920 1905 2340 2715 3050 3330 3300]
[2825 2955 3210 3045 3095 2840 2990 2980] [1925 1800 2010 2365 2820 3090 3095 3165]
COM8 1 46
4
[3030 2995 2875 2885 2965 2955 2965 2855] [2165 1610 1580 1855 2530 2875 2990 3105]
[3035 3070 3025 2980 2950 2985 2910 2950] [1625 1625 1520 1905 2290 2950 3000 2930]
[2995 2865 2870 2820 3050 2915 2985 2975] [1700 1465 1615 1965 2595 2955 3095 3070]
[2950 2885 2975 3075 3005 2870 2925 2975] [1495 1410 1530 1945 2560 2955 3165 3030]
[2945 2970 3050 3125 2980 2900 3005 3140] [1425 1525 1795 2075 2750 2995 3055 3245]
[3050 2925 3205 3015 2590 2975 3105 2900] [1325 1465 1870 2270 2870 3005 3210 3190]
[2970 3150 2990 3095 3025 2795 2835 2955] [1400 1545 1915 2370 2910 3005 3095 3325]
[2825 2955 3210 3045 3095 2840 2990 2980] [1350 1520 1865 2500 2790 3000 3255 3145]
COM3 0 47
4
[2895 2900 2970 2865 2935 3050 3025 3005] [2165 1610 1580 1855 2530 2875 2990 3105]
[3135 3165 2830 2990 2990 3010 2990 2710] [1625 1625 1520 1905 2290 2950 3000 2930]
[2820 3060 3000 2875 2945 3035 3005 3010] [1700 1465 1615 1965 2595 2955 3095 3070]
[3100 3195 3145 3045 3070 3090 3015 2925] [1495 1410 1530 1945 2560 2955 3165 3030]
[3055 3165 2985 2960 3250 2835 2905 3100] [1425 1525 1795 2075 2750 2995 3055 3245]
[3065 3055 3195 2715 2840 3020 2975 2630] [1325 1465 1870 2270 2870 3005 3210 3190]
[3320 2990 3120 2960 3060 3050 2885 2860] [1400 1545 1915 2370 2910 3005 3095 3325]
[3110 3035 2925 2930 3020 2980 3075 2790] [1350 1520 1865 2500 2790 3000 3255 3145]
COM8 1 48
4
[2895 2900 2970 2865 2935 3050 3025 3005] [1710 1530 1805 2215 2780 2795 3045 3200]
[3135 3165 2830 2990 2990 3010 2990 2710] [1575 1505 1805 2195 2655 3025 3145 3080]
[2820 3060 3000 2875 2945 3035 3005 3010] [1685 1490 1740 2285 2895 2905 3045 3070]
[3100 3195 3145 3045 3070 3090 3015 2925] [1575 1405 1845 2440 2965 3055 3125 3035]
[3055 3165 2985 2960 3250 2835 2905 3100] [1445 1550 1935 2405 3115 3100 3205 3135]
[3065 3055 3195 2715 2840 3020 2975 2630] [1375 1520 1940 2775 2955 3230 3220 3155]
[3320 2990 3120 2960 3060 3050 2885 2860] [1445 1690 2005 2715 3155 3170 3175 3125]
[3110 3035 2925 2930 3020 2980 3075 2790] [1425 1600 2010 2620 3155 3150 3310 3140]
COM3 0 49
4
[2850 2750 2880 2940 2875 2880 3015 2770] [1710 1530 1805 2215 2780 2795 3045 3200]
[3055 2985 2925 3035 2950 2885 2835 2850] [1575 1505 1805 2195 2655 3025 3145 3080]
[2850 3005 2835 2885 2860 2910 2655 2660] [1685 1490 1740 2285 2895 2905 3045 3070]
[3220 2980 3030 2870 2925 2610 2420 2045] [1575 1405 1845 2440 2965 3055 3125 3035]
[3025 2820 2850 2895 2910 2660 2475 2170] [1445 1550 1935 2405 3115 3100 3205 3135]
[2995 2915 3270 2985 2935 2620 2335 1440] [1375 1520 1940 2775 2955 3230 3220 3155]
[3065 2905 2965 3040 3090 2860 2165 1590] [1445 1690 2005 2715 3155 3170 3175 3125]
[2945 2895 2900 3030 2700 2780 2195 1410] [1425 1600 2010 2620 3155 3150 3310 3140]
COM8 1 50
4
[2850 2750 2880 2940 2875 2880 3015 2770] [1870 1870 2315 2850 3205 3125 3140 3210]
[3055 2985 2925 3035 2950 2885 2835 2850] [1930 1935 2410 2990 3240 3275 3275 3175]
[2850 3005 2835 2885 2860 2910 2655 2660] [1860 2055 2510 3015 3195 3330 3200 3155]
[3220 2980 3030 2870 2925 2610 2420 2045] [1805 2115 2525 3105 3105 3205 3060 3235]
[3025 2820 2850 2895 2910 2660 2475 2170] [1835 2295 2785 3070 3240 3270 3145 3250]
[2995 2915 3270 2985 2935 2620 2335 1440] [1700 2095 2760 3225 3070 3235 3305 3450]
[3065 2905 2965 3040 3090 2860 2165 1590] [1855 2220 2865 3045 3155 3170 3335 3455]
[2945 2895 2900 3030 2700 2780 2195 1410] [1875 2040 2630 3255 3160 3115 3265 3385]
COM3 0 51
4
[2875 2750 2725 2640 2510 2200 2195 1980] [1870 1870 2315 2850 3205 3125 3140 3210]
[2825 2770 2890 2735 2520 2285 1605 1605] [1930 1935 2410 2990 3240 3275 3275 3175]
[2815 2795 2895 2790 2545 2290 1665 1390] [1860 2055 2510 3015 3195 3330 3200 3155]
[2930 2855 2925 2770 2975 2280 1590 1215] [1805 2115 2525 3105 3105 3205 3060 3235]
[3020 2995 3025 2835 2705 2205 1670 1275] [1835 2295 2785 3070 3240 3270 3145 3250]
[2830 2735 2985 3080 2505 1905 1515 1105] [1700 2095 2760 3225 3070 3235 3305 3450]
[2975 2860 2875 2580 1805 1345 1205 1135] [1855 2220 2865 3045 3155 3170 3335 3455]
[2910 3065 2525 2005 1500 1285 1155 1290] [1875 2040 2630 3255 3160 3115 3265 3385]
COM8 1 52
4
[2875 2750 2725 2640 2510 2200 2195 1980] [2050 2245 2600 3145 3250 3200 3205 3190]
[2825 2770 2890 2735 2520 2285 1605 1605] [1880 2310 2815 3145 3105 3390 3205 3230]
[2815 2795 2895 2790 2545 2290 1665 1390] [2035 2380 2935 3125 3210 3085 3200 3130]
[2930 2855 2925 2770 2975 2280 1590 1215] [2030 2485 2955 3150 3175 3090 3045 3210]
[3020 2995 3025 2835 2705 2205 1670 1275] [2270 2585 3185 2995 3170 3115 3175 3175]
[2830 2735 2985 3080 2505 1905 1515 1105] [2105 2640 3040 3260 3190 3345 3315 3350]
[2975 2860 2875 2580 1805 1345 1205 1135] [2105 2770 3275 3275 2965 3140 3340 3400]
[2910 3065 2525 2005 1500 1285 1155 1290] [2115 2630 3160 3405 3160 3160 3285 3280]
COM3 0 53
4
[3025 2880 3125 2900 2635 2435 1985 1550] [2050 2245 2600 3145 3250 3200 3205 3190]
[3040 3000 2850 2955 2775 2335 1830 1605] [1880 2310 2815 3145 3105 3390 3205 3230]
[2905 3065 2860 2810 2525 2185 1690 1675] [2035 2380 2935 3125 3210 3085 3200 3130]
[2980 2895 3050 2650 2200 1800 1560 1610] [2030 2485 2955 3150 3175 3090 3045 3210]
[3115 3040 2940 2390 1940 1550 1625 1840] [2270 2585 3185 2995 3170 3115 3175 3175]
[2945 3025 2720 2145 1640 1440 1575 1820] [2105 2640 3040 3260 3190 3345 3315 3350]
[2995 2890 2300 1865 1555 1340 1540 1930] [2105 2770 3275 3275 2965 3140 3340 3400]
[2935 2660 2155 1585 1495 1435 1815 2110] [2115 2630 3160 3405 3160 3160 3285 3280]
COM8 1 54
4
[3025 2880 3125 2900 2635 2435 1985 1550] [1735 1785 2150 2710 3070 3125 3135 3270]
[3040 3000 2850 2955 2775 2335 1830 1605] [1625 1835 2465 2885 2985 3120 3205 3035]
[2905 3065 2860 2810 2525 2185 1690 1675] [1785 1975 2560 2945 3145 3105 3100 3125]
[2980 2895 3050 2650 2200 1800 1560 1610] [1800 2155 2625 3015 3085 3010 3115 3020]
[3115 3040 2940 2390 1940 1550 1625 1840] [1820 2270 2865 2950 3180 3100 3105 3215]
[2945 3025 2720 2145 1640 1440 1575 1820] [1755 2460 3040 3135 3190 3200 3150 3140]
[2995 2890 2300 1865 1555 1340 1540 1930] [1870 2640 3195 3130 3220 3045 3190 3305]
[2935 2660 2155 1585 1495 1435 1815 2110] [1920 2440 3085 3255 3120 3050 3210 3210]
COM3 0 55
4
[3000 2630 2850 2960 2745 2350 1800 1335] [1735 1785 2150 2710 3070 3125 3135 3270]
[2895 3015 2995 2785 2640 2275 1660 1305] [1625 1835 2465 2885 2985 3120 3205 3035]
[2820 2860 2960 2895 2510 2115 1655 1205] [1785 1975 2560 2945 3145 3105 3100 3125]
[2895 2895 2925 2700 2385 1780 1390 1045] [1800 2155 2625 3015 3085 3010 3115 3020]
[3135 2820 2850 2630 2060 1510 1340 1155] [1820 2270 2865 2950 3180 3100 3105 3215]
[2725 2835 2905 2570 1670 1345 1220 1085] [1755 2460 3040 3135 3190 3200 3150 3140]
[2885 2700 2710 2320 1660 1355 1075 1130] [1870 2640 3195 3130 3220 3045 3190 3305]
[2925 2855 2835 1935 1695 1370 1225 1090] [1920 2440 3085 3255 3120 3050 3210 3210]
COM8 1 56
4
[3000 2630 2850 2960 2745 2350 1800 1335] [1900 2290 2810 3145 3205 3180 3260 3270]
[2895 3015 2995 2785 2640 2275 1660 1305] [1895 2380 3015 3090 3105 3305 3235 3115]
[2820 2860 2960 2895 2510 2115 1655 1205] [2105 2570 3025 3235 3255 3170 3245 3210]
[2895 2895 2925 2700 2385 1780 1390 1045] [2380 2720 3180 3280 3240 3245 3260 3290]
[3135 2820 2850 2630 2060 1510 1340 1155] [2435 3050 3300 3210 3155 3270 3080 3395]
[2725 2835 2905 2570 1670 1345 1220 1085] [2490 3085 3285 3195 3120 3235 3305 3295]
[2885 2700 2710 2320 1660 1355 1075 1130] [2695 3200 3215 3200 3140 3305 3400 3340]
[2925 2855 2835 1935 1695 1370 1225 1090] [2670 3185 3335 3280 3265 3365 3255 3405]
COM3 0 57
4
[2795 2700 2800 2840 2590 2310 1925 1465] [1900 2290 2810 3145 3205 3180 3260 3270]
[2810 2775 2825 2835 2615 2045 1590 1420] [1895 2380 3015 3090 3105 3305 3235 3115]
[2825 2975 2700 2645 2315 1805 1555 1270] [2105 2570 3025 3235 3255 3170 3245 3210]
[2845 3000 2540 2150 1845 1545 1360 1240] [2380 2720 3180 3280 3240 3245 3260 3290]
[2925 2555 2425 1935 1605 1350 1335 1320] [2435 3050 3300 3210 3155 3270 3080 3395]
[2780 2590 2150 1745 1320 1230 1200 1315] [2490 3085 3285 3195 3120 3235 3305 3295]
[2765 2550 1905 1580 1320 1245 1200 1240] [2695 3200 3215 3200 3140 3305 3400 3340]
[3005 2525 2275 1400 1330 1260 1200 1360] [2670 3185 3335 3280 3265 3365 3255 3405]
COM8 1 58
4
[2795 2700 2800 2840 2590 2310 1925 1465] [2480 2985 3160 3135 3195 3025 3045 3175]
[2810 2775 2825 2835 2615 2045 1590 1420] [2870 3095 3275 3085 3155 3145 3070 3025]
[2825 2975 2700 2645 2315 1805 1555 1270] [3035 3100 3060 2950 3230 3045 3040 3085]
[2845 3000 2540 2150 1845 1545 1360 1240] [3125 3125 3205 3210 3030 3040 3080 3025]
[2925 2555 2425 1935 1605 1350 1335 1320] [3140 3115 3240 3040 3110 2925 3110 3150]
[2780 2590 2150 1745 1320 1230 1200 1315] [3090 3200 3035 3140 3075 3145 3205 3395]
[2765 2550 1905 1580 1320 1245 1200 1240] [3105 3195 3190 3215 3265 3130 3145 3235]
[3005 2525 2275 1400 1330 1260 1200 1360] [3325 3080 3270 3275 3155 3150 3030 3185]
COM3 0 59
4
[2785 2605 2690 2580 2545 2135 1670 1360] [2480 2985 3160 3135 3195 3025 3045 3175]
[2900 2930 2805 2705 2370 1955 1575 1300] [2870 3095 3275 3085 3155 3145 3070 3025]
[2730 2760 2750 2390 2085 1620 1445 1285] [3035 3100 3060 2950 3230 3045 3040 3085]
[2840 2655 2580 2000 1735 1430 1210 1375] [3125 3125 3205 3210 3030 3040 3080 3025]
[2810 2320 2010 1580 1455 1230 1295 1480] [3140 3115 3240 3040 3110 2925 3110 3150]
[2200 1960 1815 1490 1335 1240 1420 1455] [3090 3200 3035 3140 3075 3145 3205 3395]
[1800 1670 1505 1480 1290 1250 1290 1520] [3105 3195 3190 3215 3265 3130 3145 3235]
[1675 1405 1475 1360 1260 1330 1430 1525] [3325 3080 3270 3275 3155 3150 3030 3185]
COM8 1 60
4
[2785 2605 2690 2580 2545 2135 1670 1360] [3155 3095 3085 3145 3070 3105 3160 3210]
[2900 2930 2805 2705 2370 1955 1575 1300] [3225 3170 3085 3145 3005 3130 3130 3060]
[2730 2760 2750 2390 2085 1620 1445 1285] [3305 3235 3140 3060 3130 3065 3100 3130]
[2840 2655 2580 2000 1735 1430 1210 1375] [3265 3040 3055 3125 3245 2995 3140 3105]
[2810 2320 2010 1580 1455 1230 1295 1480] [3190 3135 3225 3025 3165 3090 3200 3155]
[2200 1960 1815 1490 1335 1240 1420 1455] [3010 3175 3100 3245 3120 3245 3160 3265]
[1800 1670 1505 1480 1290 1250 1290 1520] [3205 3240 3330 3185 3225 3105 3165 3200]
[1675 1405 1475 1360 1260 1330 1430 1525] [3290 3145 3315 3355 3155 3080 3100 3145]
COM3 0 61
4
[2775 2810 2555 2700 2530 2340 1840 1455] [3155 3095 3085 3145 3070 3105 3160 3210]
[2960 2690 2690 2765 2610 2115 1570 1445] [3225 3170 3085 3145 3005 3130 3130 3060]
[2505 2810 2815 2700 2470 2025 1630 1320] [3305 3235 3140 3060 3130 3065 3100 3130]
[2680 2665 2945 2585 2095 1765 1435 1350] [3265 3040 3055 3125 3245 2995 3140 3105]
[2780 2660 2410 2385 1990 1545 1495 1430] [3190 3135 3225 3025 3165 3090 3200 3155]
[2950 2475 2525 2035 1505 1525 1375 1390] [3010 3175 3100 3245 3120 3245 3160 3265]
[2530 2075 1825 1860 1470 1330 1290 1580] [3205 3240 3330 3185 3225 3105 3165 3200]
[2115 1875 1755 1535 1345 1395 1445 1525] [3290 3145 3315 3355 3155 3080 3100 3145]
COM8 1 62
4
[2775 2810 2555 2700 2530 2340 1840 1455] [3235 3125 3240 3010 2965 3040 3045 3130]
[2960 2690 2690 2765 2610 2115 1570 1445] [3070 3045 3145 3010 3100 3095 3070 2975]
[2505 2810 2815 2700 2470 2025 1630 1320] [3145 3260 3260 3120 3080 2980 3100 3035]
[2680 2665 2945 2585 2095 1765 1435 1350] [3180 3250 3100 2975 3085 2985 3090 3115]
[2780 2660 2410 2385 1990 1545 1495 1430] [3350 3135 3245 2970 3080 3080 3200 3115]
[2950 2475 2525 2035 1505 1525 1375 1390] [3095 3190 3265 3145 3045 3020 3210 3185]
[2530 2075 1825 1860 1470 1330 1290 1580] [3230 3340 3345 3115 3125 3275 3020 3035]
[2115 1875 1755 1535 1345 1395 1445 1525] [3340 3185 3300 3350 3110 3125 3135 3275]
COM3 0 63
4
[2840 2635 2725 2855 2610 2050 1705 1340] [3235 3125 3240 3010 2965 3040 3045 3130]
[3200 2960 2945 2925 2615 2150 1530 1275] [3070 3045 3145 3010 3100 3095 3070 2975]
[2890 2710 2745 2790 2370 1885 1455 1295] [3145 3260 3260 3120 3080 2980 3100 3035]
[2930 2795 2795 2820 2225 1625 1330 1135] [3180 3250 3100 2975 3085 2985 3090 3115]
[2770 2765 2520 2320 1880 1360 1270 1310] [3350 3135 3245 2970 3080 3080 3200 3115]
[2895 2405 2460 2045 1365 1390 1230 1195] [3095 3190 3265 3145 3045 3020 3210 3185]
[3015 2580 2365 1745 1400 1235 1130 1255] [3230 3340 3345 3115 3125 3275 3020 3035]
[2875 2725 2290 1470 1280 1235 1335 1360] [3340 3185 3300 3350 3110 3125 3135 3275]
COM8 1 64
4
[2840 2635 2725 2855 2610 2050 1705 1340] [3045 3120 3165 3205 3135 3105 3140 3210]
[3200 2960 2945 2925 2615 2150 1530 1275] [3185 3190 3190 3150 3115 3245 3115 3170]
[2890 2710 2745 2790 2370 1885 1455 1295] [3220 3095 3135 3095 3225 3120 3180 3120]
[2930 2795 2795 2820 2225 1625 1330 1135] [3290 3145 3125 3115 3155 3085 3135 2980]
[2770 2765 2520 2320 1880 1360 1270 1310] [3190 3380 3235 3040 3175 3090 3285 3235]
[2895 2405 2460 2045 1365 1390 1230 1195] [2990 3200 3165 3255 3190 3200 3235 3395]
[3015 2580 2365 1745 1400 1235 1130 1255] [3050 3395 3285 3130 3230 3120 3245 3225]
[2875 2725 2290 1470 1280 1235 1335 1360] [3235 3285 3445 3335 3255 3215 3340 3295]
COM3 0 65
4
[2795 2590 2665 2455 1930 1595 1325 1380] [3045 3120 3165 3205 3135 3105 3140 3210]
[2935 2810 2695 2520 1905 1525 1315 1485] [3185 3190 3190 3150 3115 3245 3115 3170]
[2945 2740 2745 2305 1740 1380 1265 1435] [3220 3095 3135 3095 3225 3120 3180 3120]
[3070 2780 2805 2105 1645 1345 1260 1415] [3290 3145 3125 3115 3155 3085 3135 2980]
[2775 2665 2635 1920 1445 1140 1410 1575] [3190 3380 3235 3040 3175 3090 3285 3235]
[2640 2535 2245 1745 1405 1295 1320 1495] [2990 3200 3165 3255 3190 3200 3235 3395]
[2435 2305 1435 1535 1240 1210 1195 1615] [3050 3395 3285 3130 3230 3120 3245 3225]
[2220 2005 1250 1280 1125 1235 1480 1875] [3235 3285 3445 3335 3255 3215 3340 3295]