COM8 1 6
4
[3215 3070 3105 3015 3080 3070 3185 3255] [3095 3110 3005 3005 3155 3040 3085 3200]
[3195 3190 3195 3035 3040 3140 3190 3165] [3035 3215 3130 3060 3050 3180 3115 2995]
[3150 3195 3135 3045 3005 3125 3225 3235] [3095 3035 3300 3105 3055 2925 3090 3035]
[3240 3325 3250 3100 3235 3260 3305 3375] [3115 3195 3235 3195 3240 3075 3065 3085]
[3315 3305 3200 3240 3250 3080 3325 3420] [3280 3175 3125 3035 3150 3165 3155 3115]
[3250 3140 3345 3395 3330 3305 3380 3260] [3150 3190 3025 3185 3150 3030 2965 2690]
[3355 3125 3215 3365 3300 3495 3055 3425] [3180 3310 3375 3180 3330 3115 2640 2230]
[3145 3305 3225 3195 3005 3190 3335 3465] [3290 3020 3125 3330 3200 2545 2080 1705]
COM3 0 7
4
[2990 2800 3065 3015 3015 3010 3165 3130] [3095 3110 3005 3005 3155 3040 3085 3200]
[3095 3345 3175 3065 2945 3070 3080 3225] [3035 3215 3130 3060 3050 3180 3115 2995]
[3180 3000 3130 3055 2995 3040 3015 3070] [3095 3035 3300 3105 3055 2925 3090 3035]
[3145 3185 3265 3215 3170 3230 3205 3270] [3115 3195 3235 3195 3240 3075 3065 3085]
[3165 3085 3200 3170 3075 3205 3290 3230] [3280 3175 3125 3035 3150 3165 3155 3115]
[3270 3260 3225 3265 3115 3270 3255 3305] [3150 3190 3025 3185 3150 3030 2965 2690]
[3030 2990 3355 3370 3050 3085 2885 3270] [3180 3310 3375 3180 3330 3115 2640 2230]
[3320 3135 2900 3095 3150 3205 3150 3265] [3290 3020 3125 3330 3200 2545 2080 1705]
COM8 1 8
4
[2990 2800 3065 3015 3015 3010 3165 3130] [3140 3065 3070 3010 3105 3040 3040 3040]
[3095 3345 3175 3065 2945 3070 3080 3225] [3040 2985 3175 2960 3145 3170 2975 2980]
[3180 3000 3130 3055 2995 3040 3015 3070] [3070 3085 3045 3045 3185 3005 2895 2450]
[3145 3185 3265 3215 3170 3230 3205 3270] [3090 3090 3220 3190 2960 2880 2455 1875]
[3165 3085 3200 3170 3075 3205 3290 3230] [3255 3120 3235 2995 2970 2600 1945 1620]
[3270 3260 3225 3265 3115 3270 3255 3305] [3195 3150 3185 3075 2555 2135 1735 1510]
[3030 2990 3355 3370 3050 3085 2885 3270] [3190 3410 3120 3025 2210 1680 1535 1480]
[3320 3135 2900 3095 3150 3205 3150 3265] [3015 3075 3055 2435 1835 1445 1405 1520]
COM3 0 9
4
[2930 2955 2840 3000 2845 2895 2990 3130] [3140 3065 3070 3010 3105 3040 3040 3040]
[3100 3005 2980 3020 3005 3045 2915 3110] [3040 2985 3175 2960 3145 3170 2975 2980]
[3000 2970 2995 2930 2970 2875 2935 3075] [3070 3085 3045 3045 3185 3005 2895 2450]
[2945 3040 3095 2980 3065 2985 2870 3100] [3090 3090 3220 3190 2960 2880 2455 1875]
[3225 3005 3290 3080 3010 3015 3250 3125] [3255 3120 3235 2995 2970 2600 1945 1620]
[3110 3115 3115 3205 2950 3225 3035 2965] [3195 3150 3185 3075 2555 2135 1735 1510]
[2955 3120 3085 3265 3045 3025 2910 3055] [3190 3410 3120 3025 2210 1680 1535 1480]
[3005 2995 3070 2875 2955 3080 3225 2730] [3015 3075 3055 2435 1835 1445 1405 1520]
COM8 1 10
4
[2930 2955 2840 3000 2845 2895 2990 3130] [3285 3350 3145 3180 3235 3235 2975 2505]
[3100 3005 2980 3020 3005 3045 2915 3110] [3285 3245 3170 3230 3105 3150 2750 2140]
[3000 2970 2995 2930 2970 2875 2935 3075] [3290 3420 3220 3280 3180 2985 2340 1755]
[2945 3040 3095 2980 3065 2985 2870 3100] [3195 3060 3235 3110 3170 2590 2040 1605]
[3225 3005 3290 3080 3010 3015 3250 3125] [3155 3490 3200 2955 3015 2445 1780 1680]
[3110 3115 3115 3205 2950 3225 3035 2965] [3030 3330 3025 3135 2810 2130 1805 1495]
[2955 3120 3085 3265 3045 3025 2910 3055] [3220 3345 3345 3120 2535 2085 1650 1500]
[3005 2995 3070 2875 2955 3080 3225 2730] [3210 3305 3360 3165 2560 2120 1695 1515]
COM3 0 11
4
[2975 2925 2750 2865 2865 2675 3015 2720] [3285 3350 3145 3180 3235 3235 2975 2505]
[2860 2980 2610 2765 2730 2860 2910 2650] [3285 3245 3170 3230 3105 3150 2750 2140]
[2805 2960 2670 2860 2765 2865 2900 2875] [3290 3420 3220 3280 3180 2985 2340 1755]
[2965 2815 2895 2920 2865 2750 2880 2855] [3195 3060 3235 3110 3170 2590 2040 1605]
[2960 2855 3050 2920 3120 2820 3030 2815] [3155 3490 3200 2955 3015 2445 1780 1680]
[3045 2825 3010 2750 2735 2865 3040 2790] [3030 3330 3025 3135 2810 2130 1805 1495]
[3280 2990 2950 3195 2985 2865 2655 2595] [3220 3345 3345 3120 2535 2085 1650 1500]
[2830 2900 2955 2805 2975 2965 2935 2655] [3210 3305 3360 3165 2560 2120 1695 1515]
COM8 1 12
4
[2975 2925 2750 2865 2865 2675 3015 2720] [3320 3350 3225 3065 3075 3135 2995 2775]
[2860 2980 2610 2765 2730 2860 2910 2650] [3300 3350 3225 3140 3080 3155 2970 2335]
[2805 2960 2670 2860 2765 2865 2900 2875] [3285 3250 3280 3010 3210 3105 2700 2025]
[2965 2815 2895 2920 2865 2750 2880 2855] [3250 3265 3105 3185 3090 3085 2470 1785]
[2960 2855 3050 2920 3120 2820 3030 2815] [3235 3120 3180 3040 3130 2900 2135 1840]
[3045 2825 3010 2750 2735 2865 3040 2790] [2960 3390 3120 3135 3165 2800 2190 1725]
[3280 2990 2950 3195 2985 2865 2655 2595] [3250 3340 3255 3120 3060 2890 2185 1765]
[2830 2900 2955 2805 2975 2965 2935 2655] [3480 3380 3270 3405 3225 2815 2125 1620]
COM3 0 13
4
[2630 2620 2565 2790 2850 2680 2685 2630] [3320 3350 3225 3065 3075 3135 2995 2775]
[2830 2795 2685 2865 2740 2810 2620 2720] [3300 3350 3225 3140 3080 3155 2970 2335]
[2765 2915 2810 2790 2785 2810 2780 2590] [3285 3250 3280 3010 3210 3105 2700 2025]
[2905 2880 2805 2680 2835 2820 2740 2645] [3250 3265 3105 3185 3090 3085 2470 1785]
[2970 2650 2730 2950 3120 2840 2775 2680] [3235 3120 3180 3040 3130 2900 2135 1840]
[2860 2805 2950 2735 2940 2945 2910 2410] [2960 3390 3120 3135 3165 2800 2190 1725]
[3010 2600 3105 2810 2830 2750 2770 2470] [3250 3340 3255 3120 3060 2890 2185 1765]
[2930 2695 2995 2845 2655 2800 3010 2575] [3480 3380 3270 3405 3225 2815 2125 1620]
COM8 1 14
4
[2630 2620 2565 2790 2850 2680 2685 2630] [3275 3000 3295 3125 3125 2940 2570 2200]
[2830 2795 2685 2865 2740 2810 2620 2720] [2990 3085 3130 3070 3105 2770 2330 1860]
[2765 2915 2810 2790 2785 2810 2780 2590] [3130 3050 3200 3055 2950 2220 1925 1555]
[2905 2880 2805 2680 2835 2820 2740 2645] [3160 3105 3105 3050 2540 2070 1750 1475]
[2970 2650 2730 2950 3120 2840 2775 2680] [3265 3180 3115 2960 2415 2085 1700 1525]
[2860 2805 2950 2735 2940 2945 2910 2410] [3030 3190 3025 3095 2555 1940 1640 1480]
[3010 2600 3105 2810 2830 2750 2770 2470] [3180 3290 3175 3045 2590 1920 1655 1535]
[2930 2695 2995 2845 2655 2800 3010 2575] [3110 3080 3135 3170 2850 2005 1715 1445]
COM3 0 15
4
[3285 3050 2965 3050 3065 3090 3265 3310] [3275 3000 3295 3125 3125 2940 2570 2200]
[3195 3015 2915 3025 3025 3070 3175 3235] [2990 3085 3130 3070 3105 2770 2330 1860]
[3235 3075 3135 3035 3015 3150 3165 3405] [3130 3050 3200 3055 2950 2220 1925 1555]
[3350 3435 3370 3035 3125 3210 3260 3600] [3160 3105 3105 3050 2540 2070 1750 1475]
[3200 3170 3140 3315 3235 3120 3370 3335] [3265 3180 3115 2960 2415 2085 1700 1525]
[3105 3300 3350 3305 3140 3295 3240 3375] [3030 3190 3025 3095 2555 1940 1640 1480]
[3130 3175 3210 3315 3170 3255 3105 3175] [3180 3290 3175 3045 2590 1920 1655 1535]
[3285 3255 3310 3225 3350 3325 3355 3205] [3110 3080 3135 3170 2850 2005 1715 1445]
COM8 1 16
4
[3285 3050 2965 3050 3065 3090 3265 3310] [3235 3135 3350 3095 3035 2945 2470 2120]
[3195 3015 2915 3025 3025 3070 3175 3235] [3145 3160 3155 2985 3080 2715 2170 1665]
[3235 3075 3135 3035 3015 3150 3165 3405] [3040 3135 3150 3100 2870 2335 1900 1540]
[3350 3435 3370 3035 3125 3210 3260 3600] [3260 3040 3025 2640 2400 1880 1685 1465]
[3200 3170 3140 3315 3235 3120 3370 3335] [3170 2990 2500 2270 1920 1665 1555 1470]
[3105 3300 3350 3305 3140 3295 3240 3375] [2825 2680 2215 1955 1755 1600 1570 1400]
[3130 3175 3210 3315 3170 3255 3105 3175] [3250 2810 2045 1725 1610 1490 1465 1450]
[3285 3255 3310 3225 3350 3325 3355 3205] [2965 2545 2265 1895 1590 1390 1545 1505]
COM3 0 17
4
[2700 2600 2665 2770 2765 2715 2730 2580] [3235 3135 3350 3095 3035 2945 2470 2120]
[2825 2690 2800 2725 2715 2720 2770 2620] [3145 3160 3155 2985 3080 2715 2170 1665]
[2775 3040 2825 2890 2755 2890 2685 2680] [3040 3135 3150 3100 2870 2335 1900 1540]
[2705 2810 2770 2900 3080 2800 2835 2570] [3260 3040 3025 2640 2400 1880 1685 1465]
[2805 2855 2825 2790 2870 2685 2710 2770] [3170 2990 2500 2270 1920 1665 1555 1470]
[3035 2810 3135 2955 2695 2775 2755 2870] [2825 2680 2215 1955 1755 1600 1570 1400]
[3030 2925 2535 2930 2745 2590 2670 2750] [3250 2810 2045 1725 1610 1490 1465 1450]
[3080 2680 2705 2810 2715 2795 2740 2550] [2965 2545 2265 1895 1590 1390 1545 1505]
COM8 1 18
4
[2700 2600 2665 2770 2765 2715 2730 2580] [3140 3155 3240 2990 3040 2935 3060 2385]
[2825 2690 2800 2725 2715 2720 2770 2620] [3225 2930 3080 3150 2935 3150 2745 2130]
[2775 3040 2825 2890 2755 2890 2685 2680] [3145 3140 3090 3170 3070 2875 2375 1880]
[2705 2810 2770 2900 3080 2800 2835 2570] [3255 3075 3220 3045 3065 2545 2115 1670]
[2805 2855 2825 2790 2870 2685 2710 2770] [3170 3270 3195 3005 2870 2305 1915 1700]
[3035 2810 3135 2955 2695 2775 2755 2870] [2995 3190 3015 2895 2590 2110 1865 1625]
[3030 2925 2535 2930 2745 2590 2670 2750] [3100 2965 2835 2550 2325 1945 1780 1580]
[3080 2680 2705 2810 2715 2795 2740 2550] [2595 2570 2420 2340 2135 1770 1580 1575]
COM3 0 19
4
[2990 2750 2660 2930 2930 2905 2880 2985] [3140 3155 3240 2990 3040 2935 3060 2385]
[3095 2950 2945 2875 2995 2815 2875 2955] [3225 2930 3080 3150 2935 3150 2745 2130]
[2850 2995 3030 2855 2870 3005 2845 2915] [3145 3140 3090 3170 3070 2875 2375 1880]
[2965 2810 3060 2855 2860 3035 2920 2900] [3255 3075 3220 3045 3065 2545 2115 1670]
[3185 2955 3100 2945 3145 2910 2810 3070] [3170 3270 3195 3005 2870 2305 1915 1700]
[2835 3035 3060 2775 2960 3040 3000 2865] [2995 3190 3015 2895 2590 2110 1865 1625]
[2910 3045 2850 2970 2880 2910 3005 2830] [3100 2965 2835 2550 2325 1945 1780 1580]
[2875 2815 3175 2970 3070 3160 3150 2540] [2595 2570 2420 2340 2135 1770 1580 1575]
COM8 1 20
4
[2990 2750 2660 2930 2930 2905 2880 2985] [3350 3150 3305 3260 3185 3040 2810 2255]
[3095 2950 2945 2875 2995 2815 2875 2955] [3305 3105 3265 3200 3080 3235 2640 2020]
[2850 2995 3030 2855 2870 3005 2845 2915] [3245 3205 3195 3200 3030 2925 2365 1845]
[2965 2810 3060 2855 2860 3035 2920 2900] [3180 3255 3345 3135 3025 2705 2110 1695]
[3185 2955 3100 2945 3145 2910 2810 3070] [3285 3120 3170 3005 2820 2270 1935 1695]
[2835 3035 3060 2775 2960 3040 3000 2865] [3300 3015 3115 3185 2615 2235 1765 1580]
[2910 3045 2850 2970 2880 2910 3005 2830] [3310 3375 3330 3095 2510 1980 1780 1640]
[2875 2815 3175 2970 3070 3160 3150 2540] [3165 3170 3055 3160 2350 1915 1585 1595]
COM3 0 21
4
[2845 2910 2790 2850 2910 2655 2765 2975] [3350 3150 3305 3260 3185 3040 2810 2255]
[3085 2925 2935 2875 2870 3000 2920 2745] [3305 3105 3265 3200 3080 3235 2640 2020]
[2810 2815 3005 2860 2805 3015 2940 2880] [3245 3205 3195 3200 3030 2925 2365 1845]
[2875 3020 3005 2985 2815 3065 3005 2670] [3180 3255 3345 3135 3025 2705 2110 1695]
[2780 2905 3010 2865 2945 2970 3065 2755] [3285 3120 3170 3005 2820 2270 1935 1695]
[2820 2710 2940 2900 2710 2850 2900 2805] [3300 3015 3115 3185 2615 2235 1765 1580]
[2980 2850 2710 2935 3025 2780 2850 2860] [3310 3375 3330 3095 2510 1980 1780 1640]
[3160 2830 2965 3005 3065 2905 2970 3090] [3165 3170 3055 3160 2350 1915 1585 1595]
COM8 1 22
4
[2845 2910 2790 2850 2910 2655 2765 2975] [3295 3245 3170 3130 3235 3015 2420 1960]
[3085 2925 2935 2875 2870 3000 2920 2745] [3315 2980 3170 3130 3050 2885 2145 1670]
[2810 2815 3005 2860 2805 3015 2940 2880] [3065 3205 3145 3100 3045 2465 1925 1495]
[2875 3020 3005 2985 2815 3065 3005 2670] [3280 3090 2995 2960 2790 2200 1660 1435]
[2780 2905 3010 2865 2945 2970 3065 2755] [3175 2965 2715 2365 2150 1905 1565 1450]
[2820 2710 2940 2900 2710 2850 2900 2805] [3045 2810 2330 2055 1720 1530 1460 1495]
[2980 2850 2710 2935 3025 2780 2850 2860] [3195 2925 2195 1865 1445 1395 1460 1495]
[3160 2830 2965 3005 3065 2905 2970 3090] [3100 2645 2220 1745 1515 1250 1335 1490]
COM3 0 23
4
[2570 2745 2680 2770 2855 2690 2715 2565] [3295 3245 3170 3130 3235 3015 2420 1960]
[2715 2840 2685 2705 2755 2885 2680 2605] [3315 2980 3170 3130 3050 2885 2145 1670]
[2790 2845 3030 2675 2840 2755 2625 2805] [3065 3205 3145 3100 3045 2465 1925 1495]
[2905 2700 2685 2895 2865 2850 3025 2565] [3280 3090 2995 2960 2790 2200 1660 1435]
[2845 2745 3040 2920 2875 2885 2625 2755] [3175 2965 2715 2365 2150 1905 1565 1450]
[2645 2680 3020 2900 2715 2875 2970 2830] [3045 2810 2330 2055 1720 1530 1460 1495]
[2935 2725 2755 2725 2910 3045 2630 2770] [3195 2925 2195 1865 1445 1395 1460 1495]
[2905 2675 2810 2630 2645 2820 2915 2585] [3100 2645 2220 1745 1515 1250 1335 1490]
COM8 1 24
4
[2570 2745 2680 2770 2855 2690 2715 2565] [2960 3000 3095 3070 2875 2480 2135 1775]
[2715 2840 2685 2705 2755 2885 2680 2605] [2660 2430 2815 2845 2780 2365 1820 1580]
[2790 2845 3030 2675 2840 2755 2625 2805] [2350 2195 2125 2495 2395 1910 1655 1425]
[2905 2700 2685 2895 2865 2850 3025 2565] [1990 1970 1900 2020 1795 1620 1540 1525]
[2845 2745 3040 2920 2875 2885 2625 2755] [2250 1565 1820 1645 1645 1435 1455 1800]
[2645 2680 3020 2900 2715 2875 2970 2830] [1930 1860 1900 1900 1690 1435 1520 1750]
[2935 2725 2755 2725 2910 3045 2630 2770] [2240 2095 2100 2020 1670 1445 1580 1795]
[2905 2675 2810 2630 2645 2820 2915 2585] [2085 2230 2190 2075 1580 1445 1485 1850]
COM3 0 25
4
[2530 2755 2615 2585 2670 2615 2765 2625] [2960 3000 3095 3070 2875 2480 2135 1775]
[2765 2715 2705 2725 2725 2740 2670 2725] [2660 2430 2815 2845 2780 2365 1820 1580]
[2600 2800 2680 2770 2635 2810 2665 2860] [2350 2195 2125 2495 2395 1910 1655 1425]
[2555 2670 2795 2745 2730 2730 2795 2640] [1990 1970 1900 2020 1795 1620 1540 1525]
[2770 2695 2830 2860 2845 2680 2810 2800] [2250 1565 1820 1645 1645 1435 1455 1800]
[2720 2560 2770 2975 2815 2765 2640 2805] [1930 1860 1900 1900 1690 1435 1520 1750]
[2905 2970 2545 2960 2655 2620 2780 2580] [2240 2095 2100 2020 1670 1445 1580 1795]
[2665 2630 2920 2855 2740 3000 2815 2575] [2085 2230 2190 2075 1580 1445 1485 1850]
COM8 1 26
4
[2530 2755 2615 2585 2670 2615 2765 2625] [1810 1870 2340 2595 2835 2325 1860 1775]
[2765 2715 2705 2725 2725 2740 2670 2725] [1965 2020 2370 2600 2480 2180 1635 1480]
[2600 2800 2680 2770 2635 2810 2665 2860] [1845 2205 2590 2475 2220 1700 1525 1545]
[2555 2670 2795 2745 2730 2730 2795 2640] [1940 2240 2700 2325 1880 1490 1565 1720]
[2770 2695 2830 2860 2845 2680 2810 2800] [2050 2380 2630 2000 1705 1520 1580 1895]
[2720 2560 2770 2975 2815 2765 2640 2805] [2125 2530 2440 2020 1640 1550 1675 2045]
[2905 2970 2545 2960 2655 2620 2780 2580] [2200 2910 2500 1880 1455 1520 1755 2130]
[2665 2630 2920 2855 2740 3000 2815 2575] [2120 2255 2035 1845 1490 1500 1755 2225]
COM3 0 27
4
[2805 2720 2530 2740 2695 2790 2875 2525] [1810 1870 2340 2595 2835 2325 1860 1775]
[2955 2715 2760 2760 2925 2970 2750 2800] [1965 2020 2370 2600 2480 2180 1635 1480]
[2615 2705 2805 2810 2945 2825 2700 2790] [1845 2205 2590 2475 2220 1700 1525 1545]
[2900 2905 2790 2750 2730 2920 2580 2645] [1940 2240 2700 2325 1880 1490 1565 1720]
[2805 2650 2795 2800 3060 2645 3010 2710] [2050 2380 2630 2000 1705 1520 1580 1895]
[2750 2875 2935 2775 2825 2815 2835 2505] [2125 2530 2440 2020 1640 1550 1675 2045]
[2635 2890 2680 3035 2890 2795 3035 2460] [2200 2910 2500 1880 1455 1520 1755 2130]
[2990 2785 3000 2905 2925 2980 3055 2325] [2120 2255 2035 1845 1490 1500 1755 2225]
COM8 1 28
4
[2805 2720 2530 2740 2695 2790 2875 2525] [2005 2240 2610 2915 2570 2250 1780 1775]
[2955 2715 2760 2760 2925 2970 2750 2800] [2085 2410 2840 2785 2385 2125 1670 1505]
[2615 2705 2805 2810 2945 2825 2700 2790] [1995 2185 2790 2610 2175 1650 1600 1640]
[2900 2905 2790 2750 2730 2920 2580 2645] [2140 2375 2750 2350 1780 1705 1645 1725]
[2805 2650 2795 2800 3060 2645 3010 2710] [2295 2675 2450 1940 1605 1550 1745 2095]
[2750 2875 2935 2775 2825 2815 2835 2505] [1970 2565 2245 1935 1660 1685 1865 2050]
[2635 2890 2680 3035 2890 2795 3035 2460] [1880 2210 2085 1815 1580 1660 1950 2500]
[2990 2785 3000 2905 2925 2980 3055 2325] [1845 1870 1855 1700 1545 1695 1985 2615]
COM3 0 29
4
[3065 2815 2910 3060 2915 2840 2820 2900] [2005 2240 2610 2915 2570 2250 1780 1775]
[3195 2970 3065 3020 2915 2995 2825 2905] [2085 2410 2840 2785 2385 2125 1670 1505]
[2835 2990 2925 3000 3025 3020 2750 3070] [1995 2185 2790 2610 2175 1650 1600 1640]
[2865 3035 3060 2930 3015 3010 2920 3030] [2140 2375 2750 2350 1780 1705 1645 1725]
[2960 3005 3065 2995 2945 3025 3005 3030] [2295 2675 2450 1940 1605 1550 1745 2095]
[3110 3160 3100 2880 2935 3070 2870 2830] [1970 2565 2245 1935 1660 1685 1865 2050]
[3125 3065 3035 2850 2705 3005 3000 2880] [1880 2210 2085 1815 1580 1660 1950 2500]
[3205 3110 3070 3010 3025 3140 2890 2765] [1845 1870 1855 1700 1545 1695 1985 2615]
COM8 1 30
4
[3065 2815 2910 3060 2915 2840 2820 2900] [2030 1960 2215 2345 2075 1885 1700 1830]
[3195 2970 3065 3020 2915 2995 2825 2905] [2055 2055 2290 2240 2005 1795 1605 1735]
[2835 2990 2925 3000 3025 3020 2750 3070] [1985 1980 2035 1935 1835 1525 1705 1925]
[2865 3035 3060 2930 3015 3010 2920 3030] [2005 2080 1940 1875 1695 1725 1935 2165]
[2960 3005 3065 2995 2945 3025 3005 3030] [2055 1895 1865 1610 1705 1725 2130 2490]
[3110 3160 3100 2880 2935 3070 2870 2830] [1680 1750 1680 1785 1750 1995 2305 3065]
[3125 3065 3035 2850 2705 3005 3000 2880] [1880 1805 1750 1670 1800 2150 2495 3105]
[3205 3110 3070 3010 3025 3140 2890 2765] [1765 1830 1670 1855 1920 2260 2725 3065]
COM3 0 31
4
[2875 2745 2770 2785 2740 2805 2825 2955] [2030 1960 2215 2345 2075 1885 1700 1830]
[2850 2905 2660 2920 2805 2955 2775 2945] [2055 2055 2290 2240 2005 1795 1605 1735]
[2775 2745 2815 2715 2650 2890 2845 2835] [1985 1980 2035 1935 1835 1525 1705 1925]
[2675 2750 2775 2725 2915 2955 2895 2830] [2005 2080 1940 1875 1695 1725 1935 2165]
[2875 2595 2925 2715 3040 2860 2870 3115] [2055 1895 1865 1610 1705 1725 2130 2490]
[2745 2735 3100 3085 2655 2860 2885 2950] [1680 1750 1680 1785 1750 1995 2305 3065]
[2630 2775 2755 2970 2865 2885 2815 2810] [1880 1805 1750 1670 1800 2150 2495 3105]
[2915 2790 2785 2980 2710 2855 2895 2675] [1765 1830 1670 1855 1920 2260 2725 3065]
COM8 1 32
4
[2875 2745 2770 2785 2740 2805 2825 2955] [2905 2500 2380 2305 2080 1855 1980 2405]
[2850 2905 2660 2920 2805 2955 2775 2945] [2450 2435 2100 1920 1875 1995 2305 2645]
[2775 2745 2815 2715 2650 2890 2845 2835] [2325 2135 1940 1850 2085 2095 2575 2945]
[2675 2750 2775 2725 2915 2955 2895 2830] [2370 2065 1995 1975 2230 2325 2945 3235]
[2875 2595 2925 2715 3040 2860 2870 3115] [2345 2175 2060 2195 2400 2950 3135 3290]
[2745 2735 3100 3085 2655 2860 2885 2950] [2120 1985 2215 2505 2780 3200 3290 3125]
[2630 2775 2755 2970 2865 2885 2815 2810] [2050 2025 2335 2400 3015 3115 3135 3340]
[2915 2790 2785 2980 2710 2855 2895 2675] [2160 1955 2205 2525 2995 3240 3320 3035]
COM3 0 33
4
[3005 2860 2750 2825 2855 2885 2770 2940] [2905 2500 2380 2305 2080 1855 1980 2405]
[2880 3020 2885 2925 2925 2860 2805 2825] [2450 2435 2100 1920 1875 1995 2305 2645]
[2785 3010 2865 2855 2870 2855 2900 2880] [2325 2135 1940 1850 2085 2095 2575 2945]
[3070 2990 2955 2885 2980 2980 2990 2810] [2370 2065 1995 1975 2230 2325 2945 3235]
[3075 2995 2850 3065 2935 2885 2925 2730] [2345 2175 2060 2195 2400 2950 3135 3290]
[3035 2860 3025 2820 2870 2990 2510 1795] [2120 1985 2215 2505 2780 3200 3290 3125]
[3085 3155 2680 3105 3050 2835 2115 1535] [2050 2025 2335 2400 3015 3115 3135 3340]
[3150 3160 3070 2865 2805 2650 1960 1270] [2160 1955 2205 2525 2995 3240 3320 3035]
COM8 1 34
4
[3005 2860 2750 2825 2855 2885 2770 2940] [1770 1745 1760 1810 1975 2125 2425 2940]
[2880 3020 2885 2925 2925 2860 2805 2825] [1650 1645 1755 1870 2045 2455 2820 2950]
[2785 3010 2865 2855 2870 2855 2900 2880] [1655 1820 1985 2115 2605 2820 3155 3145]
[3070 2990 2955 2885 2980 2980 2990 2810] [1740 1885 2360 2755 3130 3135 3140 3140]
[3075 2995 2850 3065 2935 2885 2925 2730] [1800 2225 2720 3030 3150 3090 3105 3300]
[3035 2860 3025 2820 2870 2990 2510 1795] [1715 2195 2825 3220 3090 3170 3240 3165]
[3085 3155 2680 3105 3050 2835 2115 1535] [1915 2220 2840 3115 3105 3140 3260 3170]
[3150 3160 3070 2865 2805 2650 1960 1270] [1860 2005 2475 3075 3230 2990 3195 3180]
COM3 0 35
4
[2995 3000 3090 3050 2900 2995 3145 2910] [1770 1745 1760 1810 1975 2125 2425 2940]
[3065 3025 2835 2985 2865 2930 3020 2940] [1650 1645 1755 1870 2045 2455 2820 2950]
[2930 3025 3135 2970 3015 2870 2935 3060] [1655 1820 1985 2115 2605 2820 3155 3145]
[3055 2965 2935 2970 3065 3110 3055 2920] [1740 1885 2360 2755 3130 3135 3140 3140]
[3040 2920 2880 3010 3015 2860 3035 3305] [1800 2225 2720 3030 3150 3090 3105 3300]
[2810 3055 3055 2905 2805 2960 2955 2830] [1715 2195 2825 3220 3090 3170 3240 3165]
[2740 3095 2735 3015 2875 2620 2715 2585] [1915 2220 2840 3115 3105 3140 3260 3170]
[2785 2735 3010 3005 2535 2525 2565 2110] [1860 2005 2475 3075 3230 2990 3195 3180]
COM8 1 36
4
[2995 3000 3090 3050 2900 2995 3145 2910] [1805 1725 2095 2510 2870 3050 3080 3240]
[3065 3025 2835 2985 2865 2930 3020 2940] [1580 1700 2070 2405 2635 3160 3050 3030]
[2930 3025 3135 2970 3015 2870 2935 3060] [1595 1675 1865 2220 2805 3000 3150 3090]
[3055 2965 2935 2970 3065 3110 3055 2920] [1550 1635 1880 2295 2795 2955 3105 3100]
[3040 2920 2880 3010 3015 2860 3035 3305] [1510 1690 2115 2330 2925 3045 3155 3155]
[2810 3055 3055 2905 2805 2960 2955 2830] [1535 1850 2300 2925 3075 3365 3240 3300]
[2740 3095 2735 3015 2875 2620 2715 2585] [1725 2145 2910 3185 3005 3110 3070 3320]
[2785 2735 3010 3005 2535 2525 2565 2110] [1800 2315 2880 3170 3140 3140 3275 3305]
COM3 0 37
4
[2645 2605 2840 2785 2820 2755 2860 2765] [1805 1725 2095 2510 2870 3050 3080 3240]
[2840 2765 2640 2845 2860 2895 2925 2850] [1580 1700 2070 2405 2635 3160 3050 3030]
[2790 2885 2970 2810 2860 2850 2795 2805] [1595 1675 1865 2220 2805 3000 3150 3090]
[2915 3005 2850 2910 2980 2870 2895 2565] [1550 1635 1880 2295 2795 2955 3105 3100]
[2690 2815 3050 2945 2900 2825 2820 2825] [1510 1690 2115 2330 2925 3045 3155 3155]
[2560 3035 2990 2880 2915 2740 2915 2705] [1535 1850 2300 2925 3075 3365 3240 3300]
[2765 2800 2745 2650 2990 2905 2745 2480] [1725 2145 2910 3185 3005 3110 3070 3320]
[2975 2700 2600 2960 2795 2910 3150 2315] [1800 2315 2880 3170 3140 3140 3275 3305]
COM8 1 38
4
[2645 2605 2840 2785 2820 2755 2860 2765] [1900 2255 2865 3315 3155 3110 3165 3315]
[2840 2765 2640 2845 2860 2895 2925 2850] [1930 2215 2810 3195 3145 3300 3190 3270]
[2790 2885 2970 2810 2860 2850 2795 2805] [1895 2250 2870 3150 3275 3375 3130 3210]
[2915 3005 2850 2910 2980 2870 2895 2565] [1915 2135 3025 3270 3110 3155 3205 3220]
[2690 2815 3050 2945 2900 2825 2820 2825] [1835 2545 3100 3175 3270 3095 3295 3240]
[2560 3035 2990 2880 2915 2740 2915 2705] [1905 2500 3020 3335 3220 3200 3240 3395]
[2765 2800 2745 2650 2990 2905 2745 2480] [2025 2555 3265 3205 3140 3305 3160 3205]
[2975 2700 2600 2960 2795 2910 3150 2315] [2075 2640 3205 3360 3260 3135 3115 3290]
COM3 0 39
4
[2850 2975 2870 2915 2915 3000 2975 2990] [1900 2255 2865 3315 3155 3110 3165 3315]
[3065 3010 2885 2990 2950 2905 2825 2825] [1930 2215 2810 3195 3145 3300 3190 3270]
[2785 2960 3100 2900 2940 2865 3085 2800] [1895 2250 2870 3150 3275 3375 3130 3210]
[3140 3070 3075 2870 2980 3080 2890 2960] [1915 2135 3025 3270 3110 3155 3205 3220]
[2870 3085 3120 3040 3145 2870 2990 3045] [1835 2545 3100 3175 3270 3095 3295 3240]
[2965 3025 2935 3015 2830 3030 2915 2670] [1905 2500 3020 3335 3220 3200 3240 3395]
[3080 2890 2745 3035 2935 3005 2600 2665] [2025 2555 3265 3205 3140 3305 3160 3205]
[3055 3090 3005 3000 2685 3075 2910 2835] [2075 2640 3205 3360 3260 3135 3115 3290]
COM8 1 40
4
[2850 2975 2870 2915 2915 3000 2975 2990] [1820 2145 2580 3015 2940 3105 3145 3250]
[3065 3010 2885 2990 2950 2905 2825 2825] [1805 2170 2815 2960 2935 3100 3055 2995]
[2785 2960 3100 2900 2940 2865 3085 2800] [1825 2160 2795 3025 3110 3105 3085 3010]
[3140 3070 3075 2870 2980 3080 2890 2960] [1855 2085 2645 3040 3085 3045 3145 3100]
[2870 3085 3120 3040 3145 2870 2990 3045] [1900 2385 2945 2985 3150 3185 3090 3150]
[2965 3025 2935 3015 2830 3030 2915 2670] [1735 2345 2880 3130 3115 3090 3110 3155]
[3080 2890 2745 3035 2935 3005 2600 2665] [1995 2560 3070 3090 3140 3070 3230 3225]
[3055 3090 3005 3000 2685 3075 2910 2835] [1945 2560 2975 3295 3235 3205 3200 3295]
COM3 0 41
4
[3000 2910 2875 2900 2750 2915 3020 2995] [1820 2145 2580 3015 2940 3105 3145 3250]
[3245 3115 2975 2935 2835 2980 2940 3055] [1805 2170 2815 2960 2935 3100 3055 2995]
[2820 3080 2860 2875 2865 2800 2720 2720] [1825 2160 2795 3025 3110 3105 3085 3010]
[3130 2830 2875 2780 2930 2645 2545 2315] [1855 2085 2645 3040 3085 3045 3145 3100]
[3075 2770 2920 2960 2790 2710 2555 2075] [1900 2385 2945 2985 3150 3185 3090 3150]
[3075 3115 3140 3015 2710 2615 2205 1500] [1735 2345 2880 3130 3115 3090 3110 3155]
[3005 3045 3010 2875 2970 2705 1885 1520] [1995 2560 3070 3090 3140 3070 3230 3225]
[2795 2945 2855 2720 2885 2690 1900 1495] [1945 2560 2975 3295 3235 3205 3200 3295]
COM8 1 42
4
[3000 2910 2875 2900 2750 2915 3020 2995] [2080 2445 3110 3270 3370 3215 3185 3195]
[3245 3115 2975 2935 2835 2980 2940 3055] [2245 2605 3100 3225 3095 3210 3135 3100]
[2820 3080 2860 2875 2865 2800 2720 2720] [2180 2605 3200 3150 3205 3240 3180 3250]
[3130 2830 2875 2780 2930 2645 2545 2315] [2320 2980 3240 3135 3110 3160 3220 3180]
[3075 2770 2920 2960 2790 2710 2555 2075] [2325 2935 3285 3200 3140 3225 3240 3195]
[3075 3115 3140 3015 2710 2615 2205 1500] [2290 2940 3310 3220 3120 3230 3285 3380]
[3005 3045 3010 2875 2970 2705 1885 1520] [2410 3190 3340 3280 3265 3155 3170 3375]
[2795 2945 2855 2720 2885 2690 1900 1495] [2335 3055 3290 3330 3145 3265 3305 3260]
COM3 0 43
4
[2810 2850 2755 2640 2385 2320 2285 2050] [2080 2445 3110 3270 3370 3215 3185 3195]
[2675 2855 2980 2785 2605 2245 1730 1780] [2245 2605 3100 3225 3095 3210 3135 3100]
[2860 2855 2810 2720 2680 2340 1635 1600] [2180 2605 3200 3150 3205 3240 3180 3250]
[3065 2910 2805 2935 2740 2100 1630 1285] [2320 2980 3240 3135 3110 3160 3220 3180]
[3145 2960 2915 2880 2535 1745 1635 1325] [2325 2935 3285 3200 3140 3225 3240 3195]
[2715 2850 2930 2585 2070 1680 1515 1195] [2290 2940 3310 3220 3120 3230 3285 3380]
[2970 2770 2440 2045 1595 1415 1370 1435] [2410 3190 3340 3280 3265 3155 3170 3375]
[3000 2475 1885 1440 1380 1445 1570 1575] [2335 3055 3290 3330 3145 3265 3305 3260]
COM8 1 44
4
[2810 2850 2755 2640 2385 2320 2285 2050] [1970 2510 3115 3060 3020 3200 3120 3200]
[2675 2855 2980 2785 2605 2245 1730 1780] [1955 2630 3170 3255 3140 3175 3200 3240]
[2860 2855 2810 2720 2680 2340 1635 1600] [2140 2835 3145 3090 3215 3105 3135 3070]
[3065 2910 2805 2935 2740 2100 1630 1285] [2390 3010 3200 3270 3165 3175 3140 3140]
[3145 2960 2915 2880 2535 1745 1635 1325] [2520 3120 3230 3035 3165 3180 3175 3300]
[2715 2850 2930 2585 2070 1680 1515 1195] [2505 3025 3225 3190 3150 3155 3315 3165]
[2970 2770 2440 2045 1595 1415 1370 1435] [2660 3160 3190 3010 3330 3310 3160 3140]
[3000 2475 1885 1440 1380 1445 1570 1575] [2720 3030 3360 3155 3055 3220 2905 3355]
COM3 0 45
4
[2775 2695 2810 2815 2570 2015 1675 1420] [1970 2510 3115 3060 3020 3200 3120 3200]
[3090 3015 3045 2935 2450 1900 1615 1635] [1955 2630 3170 3255 3140 3175 3200 3240]
[2620 2935 2865 2495 2085 1820 1685 1650] [2140 2835 3145 3090 3215 3105 3135 3070]
[3020 2820 2755 2165 1860 1570 1510 1720] [2390 3010 3200 3270 3165 3175 3140 3140]
[2935 2960 2565 1780 1570 1430 1675 1635] [2520 3120 3230 3035 3165 3180 3175 3300]
[2770 2680 2110 1695 1370 1405 1630 1655] [2505 3025 3225 3190 3150 3155 3315 3165]
[2460 2300 1750 1575 1295 1505 1700 1700] [2660 3160 3190 3010 3330 3310 3160 3140]
[2600 1905 1630 1335 1485 1610 1835 1670] [2720 3030 3360 3155 3055 3220 2905 3355]
COM8 1 46
4
[2775 2695 2810 2815 2570 2015 1675 1420] [2020 2575 3000 3055 3160 3045 2970 3195]
[3090 3015 3045 2935 2450 1900 1615 1635] [2210 2640 3160 3015 3100 3175 3100 3055]
[2620 2935 2865 2495 2085 1820 1685 1650] [2240 2755 3145 3090 3155 3105 3120 3075]
[3020 2820 2755 2165 1860 1570 1510 1720] [2500 3045 3255 3135 3255 3130 3145 3210]
[2935 2960 2565 1780 1570 1430 1675 1635] [2640 3115 3350 3050 3170 3080 3180 3130]
[2770 2680 2110 1695 1370 1405 1630 1655] [2540 3180 3085 3190 3170 3220 3240 3295]
[2460 2300 1750 1575 1295 1505 1700 1700] [2850 3090 3380 3185 3220 3255 3240 3125]
[2600 1905 1630 1335 1485 1610 1835 1670] [2930 3320 3205 3300 3040 3140 3115 3200]
COM3 0 47
4
[2560 2575 2600 2520 2170 1555 1335 1210] [2020 2575 3000 3055 3160 3045 2970 3195]
[3055 2795 2745 2590 1995 1555 1225 1185] [2210 2640 3160 3015 3100 3175 3100 3055]
[2585 2820 2630 2395 1880 1385 1205 1145] [2240 2755 3145 3090 3155 3105 3120 3075]
[2790 2890 2720 2165 1610 1265 1160 1100] [2500 3045 3255 3135 3255 3130 3145 3210]
[2840 2640 2550 1885 1555 1115 1125 1180] [2640 3115 3350 3050 3170 3080 3180 3130]
[2845 2615 2505 1690 1305 1215 1240 1040] [2540 3180 3085 3190 3170 3220 3240 3295]
[2775 2600 2120 1610 1220 1135 1105 1150] [2850 3090 3380 3185 3220 3255 3240 3125]
[2965 2570 2125 1450 1315 1220 1245 1205] [2930 3320 3205 3300 3040 3140 3115 3200]
COM8 1 48
4
[2560 2575 2600 2520 2170 1555 1335 1210] [2480 2865 3145 3020 3245 3105 3115 3255]
[3055 2795 2745 2590 1995 1555 1225 1185] [2725 3085 3175 3125 3150 3175 3195 3080]
[2585 2820 2630 2395 1880 1385 1205 1145] [2855 3185 3125 3025 3205 3020 3135 3185]
[2790 2890 2720 2165 1610 1265 1160 1100] [3095 3015 3195 3095 3090 3130 3145 3150]
[2840 2640 2550 1885 1555 1115 1125 1180] [3090 3245 3230 3045 3115 3265 3345 3320]
[2845 2615 2505 1690 1305 1215 1240 1040] [3080 3170 3010 3245 3240 3385 3290 3250]
[2775 2600 2120 1610 1220 1135 1105 1150] [3060 3425 3155 3185 3375 3045 3170 3225]
[2965 2570 2125 1450 1315 1220 1245 1205] [3155 3365 3140 3415 3355 3025 3260 3300]
COM3 0 49
4
[2820 2860 2950 2695 2510 2110 1665 1300] [2480 2865 3145 3020 3245 3105 3115 3255]
[2975 2970 2805 2770 2355 1980 1475 1255] [2725 3085 3175 3125 3150 3175 3195 3080]
[2875 2945 2770 2505 2105 1775 1450 1375] [2855 3185 3125 3025 3205 3020 3135 3185]
[2720 2875 2815 2275 1880 1425 1320 1375] [3095 3015 3195 3095 3090 3130 3145 3150]
[3060 2880 2585 1965 1585 1325 1480 1550] [3090 3245 3230 3045 3115 3265 3345 3320]
[2910 2650 2400 1910 1395 1290 1395 1710] [3080 3170 3010 3245 3240 3385 3290 3250]
[2920 2935 2120 1735 1305 1260 1280 1690] [3060 3425 3155 3185 3375 3045 3170 3225]
[3145 2925 2440 1655 1195 1275 1375 1525] [3155 3365 3140 3415 3355 3025 3260 3300]
COM8 1 50
4
[2820 2860 2950 2695 2510 2110 1665 1300] [3115 3055 3065 3185 3085 3135 3105 3255]
[2975 2970 2805 2770 2355 1980 1475 1255] [3105 3075 3215 3045 3015 3155 3185 3080]
[2875 2945 2770 2505 2105 1775 1450 1375] [3140 3225 3195 3080 3315 3205 3180 3245]
[2720 2875 2815 2275 1880 1425 1320 1375] [3115 3220 3220 3120 3165 3085 3145 3290]
[3060 2880 2585 1965 1585 1325 1480 1550] [3230 3250 3330 3115 3205 3330 3185 3180]
[2910 2650 2400 1910 1395 1290 1395 1710] [3190 3250 3170 3290 3065 3410 3350 3280]
[2920 2935 2120 1735 1305 1260 1280 1690] [3235 3345 3270 3270 3020 3070 3320 3305]
[3145 2925 2440 1655 1195 1275 1375 1525] [3265 3385 3365 3420 3110 3225 3190 3580]
COM3 0 51
4
[2865 2690 2565 2455 2035 1580 1510 1340] [3115 3055 3065 3185 3085 3135 3105 3255]
[2905 3020 2650 2415 1715 1460 1255 1430] [3105 3075 3215 3045 3015 3155 3185 3080]
[2635 2610 2255 1920 1480 1345 1280 1630] [3140 3225 3195 3080 3315 3205 3180 3245]
[2675 2575 1965 1620 1315 1225 1460 1820] [3115 3220 3220 3120 3165 3085 3145 3290]
[2430 2000 1725 1310 1380 1305 1680 2280] [3230 3250 3330 3115 3205 3330 3185 3180]
[1955 1660 1465 1335 1240 1485 1620 2275] [3190 3250 3170 3290 3065 3410 3350 3280]
[1745 1410 1245 1250 1280 1345 1555 2210] [3235 3345 3270 3270 3020 3070 3320 3305]
[1700 1315 1390 1175 1080 1310 1515 1980] [3265 3385 3365 3420 3110 3225 3190 3580]
COM8 1 52
4
[2865 2690 2565 2455 2035 1580 1510 1340] [3205 3295 3225 3090 3030 3045 3185 3270]
[2905 3020 2650 2415 1715 1460 1255 1430] [3100 3160 3215 3145 3170 3245 3145 3155]
[2635 2610 2255 1920 1480 1345 1280 1630] [3115 3125 3305 3090 3200 3105 3220 3015]
[2675 2575 1965 1620 1315 1225 1460 1820] [3140 3105 3205 3340 3140 3240 3055 3180]
[2430 2000 1725 1310 1380 1305 1680 2280] [3255 3255 3175 3050 3165 3160 3170 3365]
[1955 1660 1465 1335 1240 1485 1620 2275] [3180 3100 3020 3120 3220 3200 3280 3175]
[1745 1410 1245 1250 1280 1345 1555 2210] [3250 3355 3195 3115 3285 3150 3345 3415]
[1700 1315 1390 1175 1080 1310 1515 1980] [3325 3160 3305 3450 3295 3325 3215 3475]
COM3 0 53
4
[2930 2555 2775 2720 2115 1600 1430 1400] [3205 3295 3225 3090 3030 3045 3185 3270]
[3075 3105 2550 2625 1905 1725 1325 1450] [3100 3160 3215 3145 3170 3245 3145 3155]
[3015 2710 2540 2175 1700 1385 1225 1505] [3115 3125 3305 3090 3200 3105 3220 3015]
[2900 2905 2400 1955 1555 1305 1375 1490] [3140 3105 3205 3340 3140 3240 3055 3180]
[2810 2385 2120 1660 1480 1230 1415 1735] [3255 3255 3175 3050 3165 3160 3170 3365]
[2260 2260 1945 1555 1290 1260 1545 2105] [3180 3100 3020 3120 3220 3200 3280 3175]
[1940 1890 1620 1410 1335 1260 1525 2040] [3250 3355 3195 3115 3285 3150 3345 3415]
[1650 1605 1490 1195 1290 1310 1645 2245] [3325 3160 3305 3450 3295 3325 3215 3475]
COM8 1 54
4
[2930 2555 2775 2720 2115 1600 1430 1400] [3135 3185 3170 3275 3225 3050 3165 3275]
[3075 3105 2550 2625 1905 1725 1325 1450] [3135 3235 3245 3070 3165 3280 3230 3205]
[3015 2710 2540 2175 1700 1385 1225 1505] [3275 3315 3235 3295 3345 3190 3185 3290]
[2900 2905 2400 1955 1555 1305 1375 1490] [3365 3260 3255 3235 3275 3185 3245 3265]
[2810 2385 2120 1660 1480 1230 1415 1735] [3270 3255 3230 3205 3230 3270 3280 3345]
[2260 2260 1945 1555 1290 1260 1545 2105] [2990 3165 3225 3315 3080 3305 3365 3270]
[1940 1890 1620 1410 1335 1260 1525 2040] [3305 3390 3380 3290 3205 3220 3305 3400]
[1650 1605 1490 1195 1290 1310 1645 2245] [3325 3365 3335 3380 3275 3240 3340 3380]
COM3 0 55
4
[2705 2825 2745 2705 2410 1900 1570 1465] [3135 3185 3170 3275 3225 3050 3165 3275]
[2875 2910 2995 2640 2255 1785 1475 1325] [3135 3235 3245 3070 3165 3280 3230 3205]
[2900 2840 2865 2450 1945 1605 1330 1435] [3275 3315 3235 3295 3345 3190 3185 3290]
[2895 2755 2625 2210 1740 1335 1300 1450] [3365 3260 3255 3235 3275 3185 3245 3265]
[3075 2800 2465 2145 1660 1320 1370 1480] [3270 3255 3230 3205 3230 3270 3280 3345]
[2915 2635 2630 1805 1365 1405 1325 1540] [2990 3165 3225 3315 3080 3305 3365 3270]
[3130 2720 2260 1930 1350 1235 1155 1595] [3305 3390 3380 3290 3205 3220 3305 3400]
[2945 2390 2155 1565 1455 1290 1515 1945] [3325 3365 3335 3380 3275 3240 3340 3380]
COM8 1 56
4
[2705 2825 2745 2705 2410 1900 1570 1465] [3310 3140 3145 3110 3175 2865 3105 3200]
[2875 2910 2995 2640 2255 1785 1475 1325] [3200 3100 3110 3070 2990 3115 3045 3000]
[2900 2840 2865 2450 1945 1605 1330 1435] [3145 3245 3145 3080 3115 3160 3040 3025]
[2895 2755 2625 2210 1740 1335 1300 1450] [3080 3045 3100 3185 3000 3040 3050 3185]
[3075 2800 2465 2145 1660 1320 1370 1480] [3240 3275 3185 3000 3105 2960 3180 3235]
[2915 2635 2630 1805 1365 1405 1325 1540] [3015 3160 3020 3110 3045 3105 3180 3295]
[3130 2720 2260 1930 1350 1235 1155 1595] [3030 3285 3285 3010 3050 3000 3230 3300]
[2945 2390 2155 1565 1455 1290 1515 1945] [3305 3265 3215 3170 3200 3075 3200 3145]
COM3 0 57
4
[2990 2765 2850 2435 1985 1495 1295 1360] [3310 3140 3145 3110 3175 2865 3105 3200]
[2785 2945 2710 2565 2005 1410 1145 1380] [3200 3100 3110 3070 2990 3115 3045 3000]
[2715 2815 2675 2350 1655 1310 1210 1215] [3145 3245 3145 3080 3115 3160 3040 3025]
[2735 2630 2730 2205 1655 1310 1190 1350] [3080 3045 3100 3185 3000 3040 3050 3185]
[2615 2640 2575 2010 1500 1115 1275 1430] [3240 3275 3185 3000 3105 2960 3180 3235]
[2665 2380 2455 1685 1210 1170 1245 1400] [3015 3160 3020 3110 3045 3105 3180 3295]
[2870 2515 1880 1480 1265 1170 1290 1650] [3030 3285 3285 3010 3050 3000 3230 3300]
[2870 2035 1735 1270 1030 1095 1360 1785] [3305 3265 3215 3170 3200 3075 3200 3145]
COM8 1 58
4
[2990 2765 2850 2435 1985 1495 1295 1360] [3055 3150 3215 3100 3310 3210 3185 3235]
[2785 2945 2710 2565 2005 1410 1145 1380] [3360 3210 3300 3195 3170 3360 3135 3105]
[2715 2815 2675 2350 1655 1310 1210 1215] [3140 3195 3145 3090 3220 3155 3080 3135]
[2735 2630 2730 2205 1655 1310 1190 1350] [3250 3420 3205 3185 3165 3030 3145 3175]
[2615 2640 2575 2010 1500 1115 1275 1430] [3230 3005 3330 3145 3165 3295 3325 3225]
[2665 2380 2455 1685 1210 1170 1245 1400] [3050 3160 3215 3205 3285 3200 3285 3170]
[2870 2515 1880 1480 1265 1170 1290 1650] [3205 3190 3195 3190 3140 3150 3090 3340]
[2870 2035 1735 1270 1030 1095 1360 1785] [3250 3330 3355 3335 3270 3135 3360 3200]
COM3 0 59
4
[2865 2910 2710 2575 1895 1595 1470 1525] [3055 3150 3215 3100 3310 3210 3185 3235]
[3100 3020 2725 2550 1925 1560 1405 1715] [3360 3210 3300 3195 3170 3360 3135 3105]
[2905 2855 2735 2170 1665 1435 1345 1790] [3140 3195 3145 3090 3220 3155 3080 3135]
[2790 2935 2570 1920 1540 1355 1465 1835] [3250 3420 3205 3185 3165 3030 3145 3175]
[2945 2690 2310 1620 1470 1285 1740 2260] [3230 3005 3330 3145 3165 3295 3325 3225]
[2730 2640 2260 1570 1405 1465 1685 2230] [3050 3160 3215 3205 3285 3200 3285 3170]
[2055 2135 1665 1460 1330 1610 1655 2480] [3205 3190 3195 3190 3140 3150 3090 3340]
[1605 1390 1270 1335 1440 1555 2165 2505] [3250 3330 3355 3335 3270 3135 3360 3200]
COM8 1 60
4
[2865 2910 2710 2575 1895 1595 1470 1525] [3135 3080 3170 2995 2990 3135 2995 3125]
[3100 3020 2725 2550 1925 1560 1405 1715] [3065 3055 3025 2995 3050 3115 3025 3025]
[2905 2855 2735 2170 1665 1435 1345 1790] [3115 3115 2975 3070 3155 2970 3085 3000]
[2790 2935 2570 1920 1540 1355 1465 1835] [3190 3195 3030 3075 3000 3170 3105 3035]
[2945 2690 2310 1620 1470 1285 1740 2260] [3105 3305 3050 3010 3075 3180 3160 3040]
[2730 2640 2260 1570 1405 1465 1685 2230] [3000 3040 3190 3085 3075 3105 3150 3170]
[2055 2135 1665 1460 1330 1610 1655 2480] [3150 3115 3185 2935 2935 3110 3100 2940]
[1605 1390 1270 1335 1440 1555 2165 2505] [3335 3020 3145 3360 3220 3065 3115 3320]
COM3 0 61
4
[2865 2765 2415 1955 1530 1340 1420 1745] [3135 3080 3170 2995 2990 3135 2995 3125]
[2960 2715 2300 1895 1630 1290 1380 1900] [3065 3055 3025 2995 3050 3115 3025 3025]
[2675 2485 2050 1570 1340 1320 1640 2145] [3115 3115 2975 3070 3155 2970 3085 3000]
[2325 2100 1760 1485 1335 1470 1715 2380] [3190 3195 3030 3075 3000 3170 3105 3035]
[1730 1720 1495 1280 1325 1465 2065 2730] [3105 3305 3050 3010 3075 3180 3160 3040]
[1460 1625 1465 1410 1360 1680 2315 2630] [3000 3040 3190 3085 3075 3105 3150 3170]
[1640 1635 1285 1300 1495 1745 2480 2675] [3150 3115 3185 2935 2935 3110 3100 2940]
[1755 1545 1375 1260 1545 1795 2620 2850] [3335 3020 3145 3360 3220 3065 3115 3320]
COM8 1 62
4
[2865 2765 2415 1955 1530 1340 1420 1745] [3230 2995 3215 3035 3045 3025 3065 3190]
[2960 2715 2300 1895 1630 1290 1380 1900] [3105 3230 3145 3005 3135 3170 3150 3200]
[2675 2485 2050 1570 1340 1320 1640 2145] [3140 3120 3225 3070 3120 3155 3065 3120]
[2325 2100 1760 1485 1335 1470 1715 2380] [3100 3120 3100 3075 3065 3025 3090 3075]
[1730 1720 1495 1280 1325 1465 2065 2730] [3165 3245 3165 3135 3090 3210 3160 3110]
[1460 1625 1465 1410 1360 1680 2315 2630] [3040 3045 3170 3175 3075 3230 3280 3350]
[1640 1635 1285 1300 1495 1745 2480 2675] [3160 3120 3245 3110 3205 2975 3225 3305]
[1755 1545 1375 1260 1545 1795 2620 2850] [3310 3355 3030 3480 3070 3110 3405 3080]
COM3 0 63
4
[2885 2720 2375 1925 1615 1385 1565 1880] [3230 2995 3215 3035 3045 3025 3065 3190]
[2865 2755 2155 1830 1520 1490 1475 2135] [3105 3230 3145 3005 3135 3170 3150 3200]
[2675 2350 1955 1565 1280 1420 1735 2295] [3140 3120 3225 3070 3120 3155 3065 3120]
[2715 2075 1775 1410 1365 1555 1900 2460] [3100 3120 3100 3075 3065 3025 3090 3075]
[2435 1790 1610 1330 1455 1745 2360 3095] [3165 3245 3165 3135 3090 3210 3160 3110]
[2125 1770 1435 1385 1595 2045 2610 2670] [3040 3045 3170 3175 3075 3230 3280 3350]
[1965 1560 1435 1450 1700 2385 2765 3060] [3160 3120 3245 3110 3205 2975 3225 3305]
[1995 1440 1475 1560 1695 2325 3150 3245] [3310 3355 3030 3480 3070 3110 3405 3080]
COM8 1 64
4
[2885 2720 2375 1925 1615 1385 1565 1880] [3135 3085 3170 3130 3090 3115 3145 3270]
[2865 2755 2155 1830 1520 1490 1475 2135] [3295 3220 3150 3220 3180 3175 3135 3105]
[2675 2350 1955 1565 1280 1420 1735 2295] [3130 3190 3145 3005 3300 3000 3085 3145]
[2715 2075 1775 1410 1365 1555 1900 2460] [3190 3355 3160 3205 3115 3210 3105 3045]
[2435 1790 1610 1330 1455 1745 2360 3095] [3315 3185 3130 3105 3235 3200 3240 3195]
[2125 1770 1435 1385 1595 2045 2610 2670] [3060 3160 3125 3210 3165 3295 3145 3140]
[1965 1560 1435 1450 1700 2385 2765 3060] [3240 3135 3350 3330 3100 3140 3170 3335]
[1995 1440 1475 1560 1695 2325 3150 3245] [3215 3170 3300 3235 3140 3265 3270 3155]
COM3 0 65
4
[2810 2715 2375 1905 1520 1370 1565 1850] [3135 3085 3170 3130 3090 3115 3145 3270]
[2965 2800 2100 1710 1355 1335 1605 2115] [3295 3220 3150 3220 3180 3175 3135 3105]
[2635 2415 1870 1430 1345 1430 1865 2340] [3130 3190 3145 3005 3300 3000 3085 3145]
[2720 2155 1665 1305 1330 1445 1895 2515] [3190 3355 3160 3205 3115 3210 3105 3045]
[2445 1735 1475 1190 1380 1585 2130 2785] [3315 3185 3130 3105 3235 3200 3240 3195]
[1915 1590 1350 1360 1560 2100 2800 2970] [3060 3160 3125 3210 3165 3295 3145 3140]
[1835 1315 1240 1360 1650 2280 2555 2955] [3240 3135 3350 3330 3100 3140 3170 3335]
[1520 1245 1425 1560 2105 2725 3130 3175] [3215 3170 3300 3235 3140 3265 3270 3155]